% f evaluations | g evaluations | best noise-free fitness - Fopt (-1.694000000000e+01) + sum g_i+ | measured fitness | best measured fitness or single-digit g-values | x1 | x2...
1 0 +1.028478918e+02 +8.590789176e+01 +8.590789176e+01 -1.8609e-01 +2.1419e-01 -1.5855e-01 +2.2164e-02 -2.1580e-01
2 0 +7.292655808e+01 +5.598655808e+01 +5.598655808e+01 -4.1641e-02 -1.0647e-01 -2.7967e-02 -1.0086e-02 -7.8512e-02
8 0 +6.477344278e+01 +4.783344278e+01 +4.783344278e+01 +3.3350e-01 +4.8614e-02 -6.9469e-03 +3.8639e-01 -2.9726e-03
14 0 +6.433909763e+01 +4.739909763e+01 +4.739909763e+01 -2.9245e-02 -7.5800e-02 +4.9390e-01 +1.0786e-01 -4.1076e-02
24 0 +6.187012686e+01 +4.493012686e+01 +4.493012686e+01 +5.5458e-02 +1.3983e-01 +2.9309e-01 -1.1279e-01 -3.1160e-01
25 0 +5.317663218e+01 +3.623663218e+01 +3.623663218e+01 +2.7810e-01 -1.8248e-01 +3.5883e-01 -6.7004e-02 +1.3609e-02
30 0 +4.720388177e+01 +3.026388177e+01 +3.026388177e+01 +6.9362e-01 -2.0938e-01 +3.5603e-01 -2.6843e-02 +1.4246e-01
44 0 +3.675173371e+01 +1.981173371e+01 +1.981173371e+01 +1.1224e+00 -6.5973e-01 +5.1028e-01 -5.5641e-03 +4.3202e-01
67 0 +3.287317088e+01 +1.593317088e+01 +1.593317088e+01 +1.9086e+00 -7.3436e-01 +9.4908e-01 -2.5577e-02 +6.8065e-01
75 0 +2.868929137e+01 +1.174929137e+01 +1.174929137e+01 +1.3776e+00 -6.8863e-01 +4.7639e-01 -1.5508e-01 +7.8842e-01
106 0 +2.418012940e+01 +7.240129403e+00 +7.240129403e+00 +1.8960e+00 +6.2822e-01 +3.8805e-01 +1.7880e+00 +4.7575e-01
108 0 +1.429789414e+01 -2.642105856e+00 -2.642105856e+00 +1.5157e+00 +7.1817e-01 -1.2977e+00 +2.3207e+00 +1.3662e+00
116 0 +3.014196382e+00 -1.392580362e+01 -1.392580362e+01 +2.5619e+00 +1.4499e+00 -2.1827e+00 +2.1708e+00 +1.2183e+00
251 0 +2.841030974e+00 -1.409896903e+01 -1.409896903e+01 +2.7432e+00 +1.4495e+00 -1.8818e+00 +2.5875e+00 +9.2295e-01
293 0 +2.543738114e+00 -1.439626189e+01 -1.439626189e+01 +2.7864e+00 +1.4553e+00 -1.9419e+00 +2.4293e+00 +9.2954e-01
308 0 +2.256928547e+00 -1.468307145e+01 -1.468307145e+01 +2.8159e+00 +1.3931e+00 -2.0072e+00 +2.3620e+00 +1.0145e+00
324 0 +2.130879334e+00 -1.480912067e+01 -1.480912067e+01 +2.7677e+00 +1.4480e+00 -2.0431e+00 +2.4687e+00 +9.9889e-01
335 0 +2.047223193e+00 -1.489277681e+01 -1.489277681e+01 +2.8532e+00 +1.4199e+00 -2.0044e+00 +2.4112e+00 +1.0209e+00
345 0 +1.884155070e+00 -1.505584493e+01 -1.505584493e+01 +2.8422e+00 +1.4571e+00 -2.0034e+00 +2.4351e+00 +1.0225e+00
357 0 +1.665154006e+00 -1.527484599e+01 -1.527484599e+01 +2.8493e+00 +1.4618e+00 -2.0075e+00 +2.4255e+00 +1.0300e+00
359 0 +1.569289367e+00 -1.537071063e+01 -1.537071063e+01 +2.8285e+00 +1.4642e+00 -2.0125e+00 +2.4104e+00 +1.0285e+00
377 0 +1.351879123e+00 -1.558812088e+01 -1.558812088e+01 +2.8108e+00 +1.4817e+00 -2.0274e+00 +2.4361e+00 +1.0251e+00
382 0 +1.227801246e+00 -1.571219875e+01 -1.571219875e+01 +2.8290e+00 +1.4646e+00 -2.0214e+00 +2.4394e+00 +1.0338e+00
399 0 +1.129939633e+00 -1.581006037e+01 -1.581006037e+01 +2.8162e+00 +1.4646e+00 -2.0222e+00 +2.4351e+00 +1.0312e+00
427 0 +1.115074396e+00 -1.582492560e+01 -1.582492560e+01 +2.8143e+00 +1.4649e+00 -2.0198e+00 +2.4331e+00 +1.0330e+00
438 0 +1.043023153e+00 -1.589697685e+01 -1.589697685e+01 +2.8170e+00 +1.4645e+00 -2.0193e+00 +2.4349e+00 +1.0348e+00
504 0 +1.043023153e+00 -1.589697685e+01 -1.589697685e+01 +2.8170e+00 +1.4645e+00 -2.0193e+00 +2.4349e+00 +1.0348e+00
% f evaluations | g evaluations | best noise-free fitness - Fopt (1.881000000000e+01) + sum g_i+ | measured fitness | best measured fitness or single-digit g-values | x1 | x2...
1 0 +1.646829901e+01 +3.527829901e+01 +3.527829901e+01 +2.8529e-01 -1.1151e-01 -4.7507e-02 -1.3247e-01 -1.7097e-01
2 0 +1.439988063e+01 +3.320988063e+01 +3.320988063e+01 +1.9324e-01 -3.1460e-01 -3.7725e-01 -1.7729e-02 +5.5257e-01
8 0 +1.217052715e+01 +3.098052715e+01 +3.098052715e+01 -7.8902e-01 +2.5706e-01 -7.4680e-01 +2.7897e-01 +4.4285e-01
26 0 +1.148954364e+01 +3.029954364e+01 +3.029954364e+01 +1.3893e-02 +8.0919e-02 -5.5440e-01 -2.1661e-01 -4.4167e-02
30 0 +4.925712750e+00 +2.373571275e+01 +2.373571275e+01 -6.4064e-01 +7.2288e-02 -1.3172e+00 +5.9450e-01 +7.0629e-01
165 0 +4.695804408e+00 +2.350580441e+01 +2.350580441e+01 -7.7367e-01 +7.9073e-01 -1.1686e+00 +4.5172e-01 +4.8643e-01
173 0 +4.172322964e+00 +2.298232296e+01 +2.298232296e+01 -6.7367e-01 +7.0880e-01 -1.1490e+00 +3.9125e-01 +4.7133e-01
182 0 +4.022670749e+00 +2.283267075e+01 +2.283267075e+01 -5.6143e-01 +5.1329e-01 -1.0091e+00 +2.7320e-01 +4.1015e-01
236 0 +3.452040293e+00 +2.226204029e+01 +2.226204029e+01 -7.4595e-01 +7.4012e-01 -1.1891e+00 +5.3443e-01 +4.2795e-01
258 0 +2.805191633e+00 +2.161519163e+01 +2.161519163e+01 -7.8112e-01 +7.0834e-01 -1.1586e+00 +5.1857e-01 +4.3545e-01
290 0 +2.655106463e+00 +2.146510646e+01 +2.146510646e+01 -7.7182e-01 +7.5115e-01 -1.1554e+00 +5.1180e-01 +4.2757e-01
303 0 +2.434730609e+00 +2.124473061e+01 +2.124473061e+01 -7.7015e-01 +7.3469e-01 -1.1378e+00 +5.1013e-01 +4.4399e-01
316 0 +2.303855183e+00 +2.111385518e+01 +2.111385518e+01 -7.6333e-01 +7.2471e-01 -1.1416e+00 +5.1002e-01 +4.4560e-01
377 0 +2.284536541e+00 +2.109453654e+01 +2.109453654e+01 -7.5776e-01 +7.1710e-01 -1.1432e+00 +5.0807e-01 +4.4716e-01
389 0 +2.237510233e+00 +2.104751023e+01 +2.104751023e+01 -7.5730e-01 +7.1507e-01 -1.1461e+00 +5.0979e-01 +4.4932e-01
504 0 +2.195828870e+00 +2.100582887e+01 +2.100582887e+01 -7.5465e-01 +7.1499e-01 -1.1436e+00 +5.0981e-01 +4.4864e-01
% f evaluations | g evaluations | best noise-free fitness - Fopt (2.731500000000e+02) + sum g_i+ | measured fitness | best measured fitness or single-digit g-values | x1 | x2...
1 0 +4.822373412e+01 +3.213737341e+02 +3.213737341e+02 +3.0757e-01 -4.5105e-02 +2.5115e-01 +3.3703e-01 +1.0978e-01
2 0 +4.436699805e+01 +3.175169981e+02 +3.175169981e+02 +1.1151e-01 -2.1107e-01 +1.3695e-01 -3.3518e-01 -5.9558e-01
28 0 +3.474322344e+01 +3.078932234e+02 +3.078932234e+02 -3.9382e-01 -1.6204e-01 -4.0950e-01 -3.0167e-01 +3.5987e-01
115 0 +3.352384455e+01 +3.066738446e+02 +3.066738446e+02 -1.0633e-01 -2.5025e-01 -1.0103e+00 +6.3228e-01 +7.0612e-01
174 0 +3.217621203e+01 +3.053262120e+02 +3.053262120e+02 -4.9082e-01 -3.0609e-01 -1.1670e+00 +8.2336e-01 +1.0860e+00
193 0 +2.781617917e+01 +3.009661792e+02 +3.009661792e+02 -3.0548e-01 -3.8608e-01 -1.1816e+00 +7.7664e-01 +7.8185e-01
214 0 +2.735257253e+01 +3.005025725e+02 +3.005025725e+02 -2.1429e-01 -4.0199e-01 -1.1391e+00 +7.5741e-01 +7.7493e-01
244 0 +2.687661319e+01 +3.000266132e+02 +3.000266132e+02 -1.8700e-01 -3.8186e-01 -1.1457e+00 +7.5816e-01 +7.6144e-01
504 0 +2.647529658e+01 +2.996252966e+02 +2.996252966e+02 -1.7830e-01 -3.5805e-01 -1.1361e+00 +7.2454e-01 +7.5037e-01
% f evaluations | g evaluations | best noise-free fitness - Fopt (3.718000000000e+01) + sum g_i+ | measured fitness | best measured fitness or single-digit g-values | x1 | x2...
1 0 +1.069515983e+02 +1.441315983e+02 +1.441315983e+02 +9.2659e-02 -8.2557e-02 +1.7716e-01 -2.1057e-01 +3.3398e-01
2 0 +8.747847777e+01 +1.246584778e+02 +1.246584778e+02 -7.7693e-02 +9.9395e-01 +1.3821e-02 -1.0591e-01 +6.5097e-02
15 0 +8.293549531e+01 +1.201154953e+02 +1.201154953e+02 -3.2036e-01 +6.7707e-01 -1.2377e-02 +3.0381e-02 -2.9492e-01
16 0 +7.327690709e+01 +1.104569071e+02 +1.104569071e+02 -4.7012e-01 +3.6784e-01 -3.5074e-01 -3.3566e-02 +2.2774e-02
35 0 +6.375430017e+01 +1.009343002e+02 +1.009343002e+02 -8.7324e-01 +2.9033e-01 +6.2836e-02 -1.4202e-01 -3.4845e-01
57 0 +5.831311937e+01 +9.549311937e+01 +9.549311937e+01 -1.1083e+00 +3.7260e-01 +5.3769e-01 -2.8062e-01 -6.8867e-01
82 0 +4.839627975e+01 +8.557627975e+01 +8.557627975e+01 -7.1921e-01 -1.7664e-01 +1.0547e+00 -3.5664e-01 -6.0105e-01
121 0 +4.650138244e+01 +8.368138244e+01 +8.368138244e+01 -1.3053e+00 +1.9154e-01 +1.1146e+00 +5.2870e-03 -9.4616e-01
122 0 +2.923787483e+01 +6.641787483e+01 +6.641787483e+01 -1.1525e+00 +8.6345e-01 +1.1421e+00 +2.7321e-02 -1.0356e+00
146 0 +2.435339753e+01 +6.153339753e+01 +6.153339753e+01 -1.2431e+00 +4.6036e-01 +1.4787e+00 +1.4779e-01 -8.6391e-01
300 0 +2.238301393e+01 +5.956301393e+01 +5.956301393e+01 -1.7099e+00 +8.2249e-01 +1.6494e+00 +1.4726e-01 -1.0964e+00
308 0 +2.034621764e+01 +5.752621764e+01 +5.752621764e+01 -1.7624e+00 +8.2376e-01 +1.5696e+00 +2.6434e-01 -1.0876e+00
504 0 +2.034621764e+01 +5.752621764e+01 +5.752621764e+01 -1.7624e+00 +8.2376e-01 +1.5696e+00 +2.6434e-01 -1.0876e+00
% f evaluations | g evaluations | best noise-free fitness - Fopt (-1.479000000000e+02) + sum g_i+ | measured fitness | best measured fitness or single-digit g-values | x1 | x2...
1 0 +7.866447358e+01 -6.923552642e+01 -6.923552642e+01 -1.5208e-01 +2.7465e-01 -2.4752e-01 +2.1597e-01 +7.5693e-02
2 0 +4.395558918e+01 -1.039444108e+02 -1.039444108e+02 +3.8420e-03 +1.0999e-01 -1.0510e-01 +5.5416e-01 +3.9108e-01
4 0 +3.884740983e+01 -1.090525902e+02 -1.090525902e+02 +3.1681e-01 +2.6926e-01 -2.3308e-02 -1.1102e-01 +1.6488e-02
7 0 +2.462149900e+01 -1.232785010e+02 -1.232785010e+02 -6.2142e-01 -3.1481e-01 +6.0170e-01 +4.0188e-01 -5.6174e-01
31 0 +2.366961000e+01 -1.242303900e+02 -1.242303900e+02 +3.1196e-01 -3.5027e-02 +8.9850e-01 +4.0341e-01 -8.7028e-01
54 0 +2.249300046e+01 -1.254069995e+02 -1.254069995e+02 +4.4017e-02 -7.5599e-02 +7.6123e-01 +8.8132e-01 -8.1825e-01
56 0 +2.213804843e+01 -1.257619516e+02 -1.257619516e+02 +2.0818e-01 -3.8127e-01 +1.4105e+00 +3.1944e-01 -1.2186e+00
69 0 +2.128985568e+01 -1.266101443e+02 -1.266101443e+02 +5.9225e-01 -1.6968e-01 +1.3590e+00 -2.8493e-01 -1.5952e+00
78 0 +1.996224892e+01 -1.279377511e+02 -1.279377511e+02 +8.0466e-01 -4.9186e-01 +1.9701e+00 -8.6376e-01 -2.1078e+00
88 0 +1.916658803e+01 -1.287334120e+02 -1.287334120e+02 -2.4915e-01 -1.4898e-01 +9.4199e-01 -2.8984e-01 -1.3792e+00
110 0 +1.675202154e+01 -1.311479785e+02 -1.311479785e+02 +5.4818e-01 -2.6340e-01 +1.2650e+00 -7.9836e-01 -2.2449e+00
113 0 +1.634489936e+01 -1.315551006e+02 -1.315551006e+02 +3.0129e-02 -1.8021e-01 +9.4992e-01 -2.2677e-02 -2.0984e+00
149 0 +1.592515698e+01 -1.319748430e+02 -1.319748430e+02 +9.5990e-02 +2.0804e-01 +4.6597e-01 -5.6929e-01 -2.0733e+00
150 0 +1.530974382e+01 -1.325902562e+02 -1.325902562e+02 -1.4953e-02 +1.0692e-01 +5.8316e-01 -4.3173e-01 -1.9647e+00
166 0 +1.298699955e+01 -1.349130005e+02 -1.349130005e+02 -1.2365e-01 -1.4547e-01 +7.7985e-01 -6.4412e-01 -2.2822e+00
182 0 +1.236393499e+01 -1.355360650e+02 -1.355360650e+02 -3.9001e-01 -1.0135e-01 +1.0557e+00 -7.4939e-01 -2.3676e+00
195 0 +1.167846527e+01 -1.362215347e+02 -1.362215347e+02 -5.9860e-01 +6.6394e-02 +8.4104e-01 -5.2592e-01 -2.2886e+00
227 0 +1.022902481e+01 -1.376709752e+02 -1.376709752e+02 -2.7384e-01 +1.3671e-01 +9.7669e-01 -8.0072e-01 -2.4838e+00
504 0 +1.006271802e+01 -1.378372820e+02 -1.378372820e+02 -3.4477e-01 +1.2697e-01 +1.0009e+00 -7.3823e-01 -2.3627e+00
% f evaluations | g evaluations | best noise-free fitness - Fopt (4.817100000000e+02) + sum g_i+ | measured fitness | best measured fitness or single-digit g-values | x1 | x2...
1 0 +5.998165523e+01 +5.416916552e+02 +5.416916552e+02 -1.0409e-01 +1.9545e-01 -1.8070e-01 +3.4055e-01 +2.7219e-01
49 0 +5.341866515e+01 +5.351286652e+02 +5.351286652e+02 -6.1440e-01 +1.3938e-01 +3.9143e-01 +4.1675e-01 +4.4393e-01
87 0 +5.074659224e+01 +5.324565922e+02 +5.324565922e+02 -4.1170e-02 -2.3113e-02 +3.3349e-01 +7.8813e-01 +1.3537e-01
92 0 +4.790931457e+01 +5.296193146e+02 +5.296193146e+02 +3.2078e-01 -2.2774e-01 +2.8360e-01 +1.0608e+00 -2.2406e-01
101 0 +4.484932629e+01 +5.265593263e+02 +5.265593263e+02 +3.8391e-01 -2.2547e-01 +4.3195e-01 +8.8681e-01 +4.2967e-02
121 0 +4.392056086e+01 +5.256305609e+02 +5.256305609e+02 +6.2538e-01 -7.9075e-01 +3.6566e-01 +1.4415e+00 -4.6669e-01
140 0 +2.948753625e+01 +5.111975362e+02 +5.111975362e+02 +1.1809e+00 -1.3810e+00 -2.2183e-01 +1.5272e+00 -8.3943e-01
159 0 +2.056956038e+01 +5.022795604e+02 +5.022795604e+02 +1.3276e+00 -2.7218e+00 -9.8680e-01 +9.7129e-01 -1.6394e-01
175 0 +1.951472110e+01 +5.012247211e+02 +5.012247211e+02 +8.2708e-01 -2.3097e+00 -1.4311e+00 +9.9322e-01 -6.6670e-01
195 0 +1.920627067e+01 +5.009162707e+02 +5.009162707e+02 +8.9834e-01 -3.2214e+00 -1.5105e+00 +8.4683e-01 -4.7197e-01
197 0 +1.325562731e+01 +4.949656273e+02 +4.949656273e+02 +7.7425e-01 -2.5365e+00 -1.9649e+00 +2.0688e+00 +1.7053e-01
206 0 +8.668851264e+00 +4.903788513e+02 +4.903788513e+02 +1.2287e+00 -3.0176e+00 -2.3746e+00 +2.6161e+00 +1.6865e-01
210 0 +8.164381759e+00 +4.898743818e+02 +4.898743818e+02 +1.2820e+00 -2.9532e+00 -2.0676e+00 +2.9789e+00 -3.1165e-01
211 0 +2.872107173e+00 +4.845821072e+02 +4.845821072e+02 +1.1528e+00 -3.2866e+00 -2.7817e+00 +3.0278e+00 -2.4769e-01
286 0 +2.351702334e+00 +4.840617023e+02 +4.840617023e+02 +1.1474e+00 -3.3983e+00 -2.7034e+00 +2.8397e+00 -5.4231e-01
296 0 +2.329424575e+00 +4.840394246e+02 +4.840394246e+02 +1.0209e+00 -3.4732e+00 -2.7181e+00 +2.8337e+00 -6.1478e-01
297 0 +2.236524867e+00 +4.839465249e+02 +4.839465249e+02 +1.0066e+00 -3.2499e+00 -2.6874e+00 +2.8981e+00 -5.0962e-01
303 0 +1.787379746e+00 +4.834973797e+02 +4.834973797e+02 +9.7739e-01 -3.4137e+00 -2.6083e+00 +2.9822e+00 -5.3251e-01
322 0 +1.151246928e+00 +4.828612469e+02 +4.828612469e+02 +9.2798e-01 -3.2738e+00 -2.6391e+00 +2.9944e+00 -5.2374e-01
365 0 +1.111693826e+00 +4.828216938e+02 +4.828216938e+02 +1.0041e+00 -3.3247e+00 -2.6861e+00 +2.9156e+00 -5.2272e-01
368 0 +1.048652446e+00 +4.827586524e+02 +4.827586524e+02 +9.7309e-01 -3.3184e+00 -2.6946e+00 +3.0007e+00 -5.2831e-01
386 0 +8.185486740e-01 +4.825285487e+02 +4.825285487e+02 +9.7955e-01 -3.3100e+00 -2.6765e+00 +2.9790e+00 -5.2432e-01
388 0 +6.796595094e-01 +4.823896595e+02 +4.823896595e+02 +9.7340e-01 -3.3255e+00 -2.6886e+00 +2.9347e+00 -5.2230e-01
393 0 +5.516391297e-01 +4.822616391e+02 +4.822616391e+02 +9.7665e-01 -3.3322e+00 -2.6998e+00 +2.9435e+00 -5.1863e-01
433 0 +5.073646222e-01 +4.822173646e+02 +4.822173646e+02 +9.7889e-01 -3.3259e+00 -2.6889e+00 +2.9620e+00 -5.1777e-01
444 0 +4.704507796e-01 +4.821804508e+02 +4.821804508e+02 +9.7892e-01 -3.3294e+00 -2.6923e+00 +2.9567e+00 -5.2080e-01
458 0 +4.291340479e-01 +4.821391340e+02 +4.821391340e+02 +9.7752e-01 -3.3283e+00 -2.6891e+00 +2.9544e+00 -5.1916e-01
460 0 +4.261864396e-01 +4.821361864e+02 +4.821361864e+02 +9.7356e-01 -3.3237e+00 -2.6866e+00 +2.9596e+00 -5.1673e-01
504 0 +4.231781338e-01 +4.821331781e+02 +4.821331781e+02 +9.7759e-01 -3.3283e+00 -2.6892e+00 +2.9538e+00 -5.1938e-01
% f evaluations | g evaluations | best noise-free fitness - Fopt (-3.646000000000e+01) + sum g_i+ | measured fitness | best measured fitness or single-digit g-values | x1 | x2...
1 0 +4.283759313e+01 +6.377593131e+00 +6.377593131e+00 +3.4621e-01 +2.4015e-02 -5.0821e-01 +6.5092e-01 +1.3900e-01
2 0 +3.914430264e+01 +2.684302636e+00 +2.684302636e+00 +1.6188e-01 +1.9389e-01 +6.6127e-01 -3.3337e-01 -1.2049e-01
3 0 +3.063453813e+01 -5.825461866e+00 -5.825461866e+00 +3.7257e-01 -2.5965e-01 +1.2939e-02 -1.6342e-01 +1.1818e-01
4 0 +1.655645317e+01 -1.990354683e+01 -1.990354683e+01 -2.3711e-01 -2.6396e-01 +1.9858e-01 -4.1226e-01 +6.6695e-01
35 0 +1.319079784e+01 -2.326920216e+01 -2.326920216e+01 +2.0891e-01 -8.4294e-01 +3.4440e-01 -5.1192e-01 -1.8815e-01
46 0 +1.223863836e+01 -2.422136164e+01 -2.422136164e+01 -4.0305e-02 -1.0989e+00 +6.8852e-01 -6.0108e-01 -3.8845e-02
61 0 +9.395302157e+00 -2.706469784e+01 -2.706469784e+01 +1.0119e-01 -1.2252e+00 +5.6173e-01 -9.4590e-01 +4.4173e-01
75 0 +8.705063626e+00 -2.775493637e+01 -2.775493637e+01 -5.9435e-02 -1.1847e+00 +4.3613e-01 -8.0249e-01 +1.9215e-01
94 0 +6.802682016e+00 -2.965731798e+01 -2.965731798e+01 +3.1699e-01 -1.4440e+00 +5.6939e-01 -9.5068e-01 +4.9051e-01
159 0 +6.270869328e+00 -3.018913067e+01 -3.018913067e+01 +7.2173e-02 -1.4059e+00 +7.6154e-01 -7.4617e-01 +1.3915e-02
164 0 +5.917050658e+00 -3.054294934e+01 -3.054294934e+01 +6.6759e-02 -1.4054e+00 +7.0858e-01 -6.7132e-01 +1.7312e-01
169 0 +4.805090003e+00 -3.165491000e+01 -3.165491000e+01 +1.3792e-01 -1.4277e+00 +7.2001e-01 -7.5361e-01 +1.9813e-01
204 0 +4.601689534e+00 -3.185831047e+01 -3.185831047e+01 +8.2538e-02 -1.4492e+00 +7.1551e-01 -6.9188e-01 +1.1924e-01
224 0 +4.391237258e+00 -3.206876274e+01 -3.206876274e+01 +8.3268e-02 -1.4269e+00 +7.1653e-01 -6.6930e-01 +1.0885e-01
242 0 +4.322431977e+00 -3.213756802e+01 -3.213756802e+01 +8.5340e-02 -1.4239e+00 +7.2163e-01 -7.0716e-01 +1.2275e-01
260 0 +4.190805715e+00 -3.226919429e+01 -3.226919429e+01 +8.6385e-02 -1.4275e+00 +7.1659e-01 -6.9442e-01 +1.2213e-01
273 0 +4.156175690e+00 -3.230382431e+01 -3.230382431e+01 +8.6045e-02 -1.4225e+00 +7.1698e-01 -6.9464e-01 +1.1876e-01
309 0 +4.027775271e+00 -3.243222473e+01 -3.243222473e+01 +8.0913e-02 -1.4280e+00 +7.1518e-01 -6.9322e-01 +1.1324e-01
313 0 +3.970612021e+00 -3.248938798e+01 -3.248938798e+01 +7.9226e-02 -1.4280e+00 +7.1568e-01 -6.9315e-01 +1.1217e-01
504 0 +3.970612021e+00 -3.248938798e+01 -3.248938798e+01 +7.9226e-02 -1.4280e+00 +7.1568e-01 -6.9315e-01 +1.1217e-01
% f evaluations | g evaluations | best noise-free fitness - Fopt (3.920000000000e+01) + sum g_i+ | measured fitness | best measured fitness or single-digit g-values | x1 | x2...
1 0 +6.439700711e+01 +1.035970071e+02 +1.035970071e+02 -5.1967e-02 +1.4726e-01 -6.9003e-02 -2.5219e-01 +3.0314e-01
9 0 +4.787643516e+01 +8.707643516e+01 +8.707643516e+01 +6.6582e-02 +1.8169e-01 -5.5474e-01 -6.7679e-01 -2.1676e-01
11 0 +4.082216132e+01 +8.002216132e+01 +8.002216132e+01 +2.4851e-01 +9.0157e-02 +1.8211e-01 -9.8073e-02 +7.0421e-01
69 0 +3.286831571e+01 +7.206831571e+01 +7.206831571e+01 +7.4746e-01 +7.0067e-01 -1.0016e-02 +2.9686e-02 -7.6237e-02
73 0 +3.176360669e+01 +7.096360669e+01 +7.096360669e+01 +6.1504e-01 +3.8539e-01 +1.2293e-01 +3.6733e-01 -4.6370e-02
133 0 +3.119753736e+01 +7.039753736e+01 +7.039753736e+01 +5.1586e-01 +4.3379e-01 +2.0120e-01 +3.8534e-01 +2.7791e-03
168 0 +3.083731055e+01 +7.003731055e+01 +7.003731055e+01 +4.1814e-01 +4.9266e-01 +7.6669e-02 +4.6672e-01 +6.8057e-02
189 0 +2.989533927e+01 +6.909533927e+01 +6.909533927e+01 +4.5207e-01 +4.8829e-01 +9.3836e-02 +4.5840e-01 +4.3281e-02
224 0 +2.950583169e+01 +6.870583169e+01 +6.870583169e+01 +4.2316e-01 +5.2782e-01 +4.5213e-02 +4.4703e-01 +5.4654e-02
504 0 +2.927011591e+01 +6.847011591e+01 +6.847011591e+01 +4.4020e-01 +5.1312e-01 +2.7494e-02 +4.7037e-01 +3.4402e-02
% f evaluations | g evaluations | best noise-free fitness - Fopt (-3.225000000000e+01) + sum g_i+ | measured fitness | best measured fitness or single-digit g-values | x1 | x2...
1 0 +7.860648570e+01 +4.635648570e+01 +4.635648570e+01 -4.7828e-01 -2.4629e-01 +5.9958e-01 -2.3237e-01 -6.1501e-02
2 0 +6.559564300e+01 +3.334564300e+01 +3.334564300e+01 +1.2647e-01 -1.7854e-01 -6.8611e-01 +1.0755e-01 +4.1309e-01
12 0 +5.952441324e+01 +2.727441324e+01 +2.727441324e+01 +4.4778e-01 -4.4950e-01 -3.5852e-01 +1.1873e-01 +1.1248e-01
21 0 +4.854999939e+01 +1.629999939e+01 +1.629999939e+01 +6.6232e-01 +9.3623e-02 -5.1233e-01 -8.6344e-03 -8.9659e-02
33 0 +4.723519915e+01 +1.498519915e+01 +1.498519915e+01 +6.4593e-01 -4.3279e-01 -1.2315e-01 -9.0262e-01 -3.1490e-01
49 0 +4.038757325e+01 +8.137573252e+00 +8.137573252e+00 +5.3245e-01 -4.9376e-01 -2.4819e-01 -1.1318e+00 -3.5409e-01
93 0 +3.889730281e+01 +6.647302811e+00 +6.647302811e+00 +1.2504e+00 -3.3784e-01 -1.0073e+00 -7.5243e-01 -2.7999e-01
193 0 +3.714808411e+01 +4.898084106e+00 +4.898084106e+00 +1.5356e+00 -5.7149e-01 -1.7746e+00 -1.3768e+00 +1.1642e-01
266 0 +3.263925936e+01 +3.892593647e-01 +3.892593647e-01 +1.6674e+00 -5.5813e-01 -1.7296e+00 -1.0965e+00 +1.3002e-01
296 0 +3.146045352e+01 -7.895464767e-01 -7.895464767e-01 +1.6990e+00 -5.5658e-01 -1.6945e+00 -1.0894e+00 +9.9859e-02
323 0 +3.053817016e+01 -1.711829843e+00 -1.711829843e+00 +1.7256e+00 -5.2892e-01 -1.6894e+00 -1.0110e+00 +1.1377e-01
335 0 +3.018291031e+01 -2.067089692e+00 -2.067089692e+00 +1.7140e+00 -5.4235e-01 -1.6895e+00 -1.0456e+00 +1.0274e-01
504 0 +2.998651099e+01 -2.263489013e+00 -2.263489013e+00 +1.7039e+00 -5.5933e-01 -1.6931e+00 -1.0645e+00 +8.2991e-02
% f evaluations | g evaluations | best noise-free fitness - Fopt (3.681200000000e+02) + sum g_i+ | measured fitness | best measured fitness or single-digit g-values | x1 | x2...
1 0 +4.605373790e+01 +4.141737379e+02 +4.141737379e+02 -2.6632e-01 -4.3725e-01 -6.7767e-01 +3.0845e-02 +4.1970e-01
5 0 +4.228801741e+01 +4.104080174e+02 +4.104080174e+02 -2.9139e-01 +3.6059e-01 -1.6375e-01 +1.1790e-01 -3.5333e-01
14 0 +3.865063480e+01 +4.067706348e+02 +4.067706348e+02 +2.5720e-01 +2.7095e-01 -1.8703e-01 -1.9093e-02 -3.5723e-02
20 0 +3.281096109e+01 +4.009309611e+02 +4.009309611e+02 +2.6764e-01 +3.3692e-01 -5.4277e-02 +7.3618e-02 -4.0038e-01
24 0 +2.645661632e+01 +3.945766163e+02 +3.945766163e+02 +9.1326e-02 +1.4457e-01 -6.3326e-02 -2.2172e-01 +2.6188e-01
84 0 +2.605363133e+01 +3.941736313e+02 +3.941736313e+02 +1.3951e-02 -5.1930e-01 -8.3035e-01 -7.4782e-02 -2.1899e-01
98 0 +2.553269102e+01 +3.936526910e+02 +3.936526910e+02 -2.3639e-01 -5.2838e-01 -1.0673e+00 -2.9461e-01 -6.1474e-01
115 0 +2.464160224e+01 +3.927616022e+02 +3.927616022e+02 +1.0632e-01 -4.8915e-01 -4.3135e-01 -1.8142e-01 -7.0686e-01
128 0 +2.347354162e+01 +3.915935416e+02 +3.915935416e+02 +1.8567e-02 -9.8800e-01 -4.3955e-01 -2.0908e-01 -2.8094e-01
138 0 +2.114782912e+01 +3.892678291e+02 +3.892678291e+02 +1.3209e-01 -4.7191e-01 -5.3098e-01 -2.3863e-01 -3.6012e-01
218 0 +2.087983554e+01 +3.889998355e+02 +3.889998355e+02 +2.0635e-01 -8.1890e-01 -7.9728e-01 -3.5650e-01 -4.3066e-01
235 0 +2.015981277e+01 +3.882798128e+02 +3.882798128e+02 +1.7993e-01 -7.6212e-01 -7.4305e-01 -3.3187e-01 -4.3243e-01
504 0 +2.004004050e+01 +3.881600405e+02 +3.881600405e+02 +1.8069e-01 -7.2388e-01 -7.0740e-01 -3.1664e-01 -4.4084e-01
% f evaluations | g evaluations | best noise-free fitness - Fopt (4.739000000000e+01) + sum g_i+ | measured fitness | best measured fitness or single-digit g-values | x1 | x2...
1 0 +4.386548957e+01 +9.125548957e+01 +9.125548957e+01 -7.0886e-02 -2.3187e-01 +1.5212e-01 -3.2258e-01 +2.6967e-01
2 0 +4.224378243e+01 +8.963378243e+01 +8.963378243e+01 +2.3067e-01 -4.7706e-01 -3.4150e-01 -3.7374e-01 +3.6577e-01
3 0 +3.927723782e+01 +8.666723782e+01 +8.666723782e+01 +4.4995e-01 +5.8420e-01 -1.1743e-01 -2.4619e-01 +2.6459e-01
4 0 +3.690919570e+01 +8.429919570e+01 +8.429919570e+01 +1.9047e-01 -6.9751e-01 +1.1045e-01 -1.8892e-01 +4.5637e-01
5 0 +3.061513152e+01 +7.800513152e+01 +7.800513152e+01 -7.8517e-02 +7.6182e-02 -1.8939e-01 +1.2012e-01 -3.9984e-01
6 0 +2.428606366e+01 +7.167606366e+01 +7.167606366e+01 -1.2650e-02 +8.3008e-02 +5.5803e-01 +8.6911e-01 -3.4203e-01
7 0 +2.214689999e+01 +6.953689999e+01 +6.953689999e+01 +4.3749e-02 +7.9505e-02 -6.0872e-01 +5.3442e-01 -2.7270e-01
10 0 +2.065751885e+01 +6.804751885e+01 +6.804751885e+01 -3.5589e-01 +3.4620e-02 -3.2015e-01 +4.3662e-01 +6.9163e-02
19 0 +1.434593423e+01 +6.173593423e+01 +6.173593423e+01 -2.9387e-01 +4.6181e-02 -4.1032e-01 +4.7845e-01 +3.0644e-01
40 0 +1.328792742e+01 +6.067792742e+01 +6.067792742e+01 -9.9140e-01 +9.4050e-01 -1.0737e+00 +7.8556e-01 +6.4272e-01
44 0 +7.211219337e+00 +5.460121934e+01 +5.460121934e+01 -8.2872e-01 +6.9300e-01 -9.8954e-01 +1.2332e+00 +1.0123e+00
51 0 +6.684144591e+00 +5.407414459e+01 +5.407414459e+01 -4.8743e-01 +8.9598e-01 -1.2443e+00 +1.3295e+00 +9.8524e-01
52 0 +6.103410269e+00 +5.349341027e+01 +5.349341027e+01 -3.4995e-01 +1.2261e+00 -9.1030e-01 +8.0203e-01 +1.0881e+00
75 0 +5.550321857e+00 +5.294032186e+01 +5.294032186e+01 -2.6519e-01 +1.5276e+00 -1.7136e+00 +1.1948e+00 +7.6929e-01
102 0 +5.068555328e+00 +5.245855533e+01 +5.245855533e+01 -6.7913e-01 +1.4235e+00 -1.3148e+00 +5.1102e-01 +6.6867e-01
104 0 +3.363110061e+00 +5.075311006e+01 +5.075311006e+01 -4.5429e-01 +2.2780e+00 -9.1187e-01 +3.5464e-01 +7.6794e-01
128 0 +3.116778668e+00 +5.050677867e+01 +5.050677867e+01 -4.3084e-01 +2.0248e+00 -1.0886e+00 +4.9183e-01 +4.9485e-01
134 0 +1.451149832e+00 +4.884114983e+01 +4.884114983e+01 -6.6317e-01 +2.1035e+00 -1.1074e+00 +3.0389e-01 +6.0667e-01
258 0 +1.362785203e+00 +4.875278520e+01 +4.875278520e+01 -6.6908e-01 +2.0510e+00 -7.9703e-01 +2.2914e-01 +6.3672e-01
276 0 +1.336862190e+00 +4.872686219e+01 +4.872686219e+01 -6.6289e-01 +2.0519e+00 -7.9638e-01 +2.2986e-01 +6.2857e-01
287 0 +1.317286423e+00 +4.870728642e+01 +4.870728642e+01 -6.7248e-01 +2.0534e+00 -7.9112e-01 +2.2535e-01 +6.2347e-01
290 0 +1.229290751e+00 +4.861929075e+01 +4.861929075e+01 -6.7117e-01 +2.0549e+00 -8.0064e-01 +2.2983e-01 +6.2620e-01
300 0 +1.116157266e+00 +4.850615727e+01 +4.850615727e+01 -6.6781e-01 +2.0530e+00 -7.9796e-01 +2.3436e-01 +6.2636e-01
430 0 +1.088625793e+00 +4.847862579e+01 +4.847862579e+01 -6.7219e-01 +2.0499e+00 -8.0092e-01 +2.3291e-01 +6.2583e-01
504 0 +1.085412421e+00 +4.847541242e+01 +4.847541242e+01 -6.7223e-01 +2.0499e+00 -8.0089e-01 +2.3289e-01 +6.2578e-01
% f evaluations | g evaluations | best noise-free fitness - Fopt (-3.428900000000e+02) + sum g_i+ | measured fitness | best measured fitness or single-digit g-values | x1 | x2...
1 0 +1.391951982e+02 -2.036948018e+02 -2.036948018e+02 +1.9007e-01 -2.1485e-01 +2.3024e-01 +3.3151e-01 +1.4988e-01
4 0 +1.184478927e+02 -2.244421073e+02 -2.244421073e+02 +1.2193e-01 -5.2413e-01 +3.4943e-01 +1.2081e-01 -2.6184e-01
5 0 +9.147149877e+01 -2.514185012e+02 -2.514185012e+02 -2.9062e-01 +8.8881e-02 -8.9691e-02 +2.9403e-01 -9.1780e-02
10 0 +8.023769333e+01 -2.626523067e+02 -2.626523067e+02 -6.3361e-03 -5.3932e-01 -3.1466e-01 +5.0036e-01 -4.9902e-02
27 0 +6.573382243e+01 -2.771561776e+02 -2.771561776e+02 -1.4392e-01 -1.4477e+00 +9.0642e-02 +4.9748e-01 +1.2477e-01
29 0 +6.270737278e+01 -2.801826272e+02 -2.801826272e+02 -2.2508e-02 -6.4761e-01 -1.1867e-01 +1.3286e-01 -3.3849e-03
34 0 +5.014168280e+01 -2.927483172e+02 -2.927483172e+02 -1.5400e-01 -1.1623e+00 +2.0696e-04 +1.0427e-01 +1.2095e-01
43 0 +3.992002090e+01 -3.029699791e+02 -3.029699791e+02 -4.4826e-01 -1.6043e+00 -4.2561e-02 +1.7632e-01 +3.2448e-01
49 0 +3.808865875e+01 -3.048013413e+02 -3.048013413e+02 -2.1377e-01 -2.0954e+00 +3.5044e-01 -5.1533e-01 +1.4235e-01
50 0 +3.655118905e+01 -3.063388109e+02 -3.063388109e+02 -6.9024e-01 -1.9137e+00 +5.1339e-01 -1.0179e+00 -4.0509e-01
57 0 +2.033528497e+01 -3.225547150e+02 -3.225547150e+02 -1.2439e-01 -2.9508e+00 +7.5442e-01 -1.4875e+00 -6.6454e-02
67 0 +1.343245049e+01 -3.294575495e+02 -3.294575495e+02 +3.2121e-01 -3.3532e+00 +9.6583e-01 -1.8384e+00 +4.1085e-01
120 0 +8.812152806e+00 -3.340778472e+02 -3.340778472e+02 +1.2177e+00 -3.0168e+00 +1.8686e+00 -1.1745e+00 -1.8527e+00
140 0 +7.808739129e+00 -3.350812609e+02 -3.350812609e+02 +1.2758e+00 -2.2698e+00 +1.7306e+00 -8.7511e-01 -1.8446e+00
142 0 +7.190302050e+00 -3.356996980e+02 -3.356996980e+02 +1.4543e+00 -2.7449e+00 +2.5986e+00 -7.3522e-01 -1.7373e+00
159 0 +6.830181008e+00 -3.360598190e+02 -3.360598190e+02 +1.4050e+00 -2.6862e+00 +2.2339e+00 -1.3220e+00 -1.9984e+00
161 0 +6.559347067e+00 -3.363306529e+02 -3.363306529e+02 +1.2233e+00 -2.1407e+00 +2.6284e+00 -1.0196e+00 -2.1094e+00
169 0 +5.612353090e+00 -3.372776469e+02 -3.372776469e+02 +1.3237e+00 -2.4942e+00 +2.1749e+00 -8.4000e-01 -2.1376e+00
172 0 +5.316845134e+00 -3.375731549e+02 -3.375731549e+02 +1.2524e+00 -2.3877e+00 +1.9048e+00 -6.8486e-01 -1.9621e+00
179 0 +5.136096013e+00 -3.377539040e+02 -3.377539040e+02 +1.6413e+00 -2.2170e+00 +2.1147e+00 -6.7856e-01 -2.0907e+00
180 0 +5.032891390e+00 -3.378571086e+02 -3.378571086e+02 +1.4150e+00 -2.7509e+00 +1.9538e+00 -7.9496e-01 -2.0778e+00
183 0 +4.534852321e+00 -3.383551477e+02 -3.383551477e+02 +1.1887e+00 -2.8211e+00 +1.8932e+00 -8.5677e-01 -1.9309e+00
190 0 +4.143918493e+00 -3.387460815e+02 -3.387460815e+02 +1.0015e+00 -2.7627e+00 +1.6567e+00 -4.5290e-01 -1.7841e+00
267 0 +4.022345079e+00 -3.388676549e+02 -3.388676549e+02 +7.6504e-01 -3.0998e+00 +1.7901e+00 -6.7906e-01 -1.7856e+00
297 0 +3.762196871e+00 -3.391278031e+02 -3.391278031e+02 +7.8470e-01 -3.0850e+00 +1.7702e+00 -5.9279e-01 -1.8011e+00
307 0 +3.261136145e+00 -3.396288639e+02 -3.396288639e+02 +7.7897e-01 -3.0664e+00 +1.7822e+00 -5.8501e-01 -1.8122e+00
309 0 +3.190028599e+00 -3.396999714e+02 -3.396999714e+02 +7.8951e-01 -3.0868e+00 +1.7940e+00 -6.1430e-01 -1.7980e+00
315 0 +3.123435854e+00 -3.397665641e+02 -3.397665641e+02 +7.9873e-01 -3.1163e+00 +1.7574e+00 -5.9728e-01 -1.7785e+00
336 0 +3.023155665e+00 -3.398668443e+02 -3.398668443e+02 +8.0292e-01 -3.1201e+00 +1.7838e+00 -5.9236e-01 -1.7807e+00
337 0 +2.939492242e+00 -3.399505078e+02 -3.399505078e+02 +8.0920e-01 -3.1206e+00 +1.7827e+00 -5.8631e-01 -1.7821e+00
353 0 +2.873185720e+00 -3.400168143e+02 -3.400168143e+02 +8.0372e-01 -3.1276e+00 +1.7735e+00 -5.8701e-01 -1.7745e+00
357 0 +2.808470678e+00 -3.400815293e+02 -3.400815293e+02 +8.1228e-01 -3.1150e+00 +1.7800e+00 -5.8280e-01 -1.7878e+00
387 0 +2.704796638e+00 -3.401852034e+02 -3.401852034e+02 +8.1323e-01 -3.1117e+00 +1.7825e+00 -5.8083e-01 -1.7911e+00
400 0 +2.595485760e+00 -3.402945142e+02 -3.402945142e+02 +8.1278e-01 -3.1176e+00 +1.7787e+00 -5.8092e-01 -1.7867e+00
476 0 +2.567971690e+00 -3.403220283e+02 -3.403220283e+02 +8.1339e-01 -3.1174e+00 +1.7796e+00 -5.8082e-01 -1.7874e+00
504 0 +2.556196392e+00 -3.403338036e+02 -3.403338036e+02 +8.1328e-01 -3.1175e+00 +1.7795e+00 -5.8077e-01 -1.7874e+00
% f evaluations | g evaluations | best noise-free fitness - Fopt (9.102000000000e+01) + sum g_i+ | measured fitness | best measured fitness or single-digit g-values | x1 | x2...
1 0 +9.353950204e+01 +1.845595020e+02 +1.845595020e+02 +4.6154e-01 +3.4304e-01 -5.8762e-01 -1.9767e-01 -3.6645e-01
2 0 +7.926477044e+01 +1.702847704e+02 +1.702847704e+02 -5.0448e-02 +4.8130e-01 +5.2012e-02 +2.5287e-01 -2.3636e-02
7 0 +4.226633590e+01 +1.332863359e+02 +1.332863359e+02 +2.4914e-01 -3.1994e-01 +3.9706e-01 +7.4357e-02 -6.7077e-02
16 0 +4.148479828e+01 +1.325047983e+02 +1.325047983e+02 +1.1512e-01 -1.5872e-01 +4.6484e-01 +3.7110e-02 -1.3316e-01
88 0 +3.916903570e+01 +1.301890357e+02 +1.301890357e+02 +2.1530e-01 -3.8504e-02 +4.3088e-01 +2.0845e-01 -1.4938e-01
313 0 +3.887700669e+01 +1.298970067e+02 +1.298970067e+02 +1.5823e-01 -1.2926e-02 +4.6419e-01 +1.8741e-01 -1.4118e-01
504 0 +3.840693010e+01 +1.294269301e+02 +1.294269301e+02 +1.5986e-01 +1.6052e-02 +4.5943e-01 +1.8055e-01 -1.5704e-01
% f evaluations | g evaluations | best noise-free fitness - Fopt (7.324200000000e+02) + sum g_i+ | measured fitness | best measured fitness or single-digit g-values | x1 | x2...
1 0 +1.060771151e+02 +8.384971151e+02 +8.384971151e+02 -1.5005e-01 +1.9435e-01 +4.2859e-01 +2.3988e-01 -4.1665e-01
2 0 +1.027199042e+02 +8.351399042e+02 +8.351399042e+02 -1.5479e-01 -4.5016e-01 +2.5898e-01 -5.6832e-02 +1.5030e-01
3 0 +8.435039674e+01 +8.167703967e+02 +8.167703967e+02 +2.5064e-01 -3.3543e-03 +1.3559e-01 +6.7598e-02 +2.4286e-01
23 0 +7.329200209e+01 +8.057120021e+02 +8.057120021e+02 -1.3931e-01 -3.3792e-01 +5.7894e-02 +9.6922e-02 -1.4523e-01
24 0 +6.609322758e+01 +7.985132276e+02 +7.985132276e+02 +3.1802e-02 +1.9646e-02 +3.7996e-01 -2.6665e-02 -3.1796e-01
32 0 +5.531601081e+01 +7.877360108e+02 +7.877360108e+02 +3.4826e-01 -5.6578e-01 +6.3582e-01 -2.0768e-01 -3.3866e-01
38 0 +5.296099132e+01 +7.853809913e+02 +7.853809913e+02 -1.8201e-01 -7.2246e-01 +9.7516e-01 -1.8870e-01 -3.6339e-01
50 0 +5.224534203e+01 +7.846653420e+02 +7.846653420e+02 +1.3371e-01 -1.4409e+00 +7.2070e-01 -5.9179e-01 -4.9845e-01
52 0 +4.636278346e+01 +7.787827835e+02 +7.787827835e+02 -2.0390e-01 -1.6255e+00 +1.0399e+00 -7.2932e-01 -7.8779e-01
76 0 +4.445441134e+01 +7.768744113e+02 +7.768744113e+02 -3.8094e-01 -3.7887e-01 +1.3309e+00 -6.8109e-01 +8.3722e-02
102 0 +4.265058359e+01 +7.750705836e+02 +7.750705836e+02 -6.8101e-01 +4.3695e-02 +1.0747e+00 -5.4898e-01 -4.7414e-01
106 0 +3.562537844e+01 +7.680453784e+02 +7.680453784e+02 -1.0501e+00 -2.6209e-01 +9.9586e-01 -3.5875e-01 -7.4171e-01
173 0 +3.526966690e+01 +7.676896669e+02 +7.676896669e+02 -1.1851e+00 -3.0024e-01 +1.2424e+00 -8.8044e-01 -9.0995e-01
205 0 +3.275980232e+01 +7.651798023e+02 +7.651798023e+02 -1.1816e+00 -2.7574e-01 +1.3525e+00 -8.3672e-01 -7.9317e-01
236 0 +3.198506199e+01 +7.644050620e+02 +7.644050620e+02 -1.1633e+00 -2.7787e-01 +1.3537e+00 -7.9943e-01 -7.8973e-01
248 0 +3.148286485e+01 +7.639028649e+02 +7.639028649e+02 -1.1992e+00 -2.6483e-01 +1.3432e+00 -8.0564e-01 -7.9539e-01
326 0 +3.088861182e+01 +7.633086118e+02 +7.633086118e+02 -1.1739e+00 -2.7923e-01 +1.3261e+00 -7.9863e-01 -8.0318e-01
405 0 +3.016541556e+01 +7.625854156e+02 +7.625854156e+02 -1.1782e+00 -2.9918e-01 +1.3087e+00 -7.9830e-01 -8.1476e-01
481 0 +2.936049995e+01 +7.617804999e+02 +7.617804999e+02 -1.1866e+00 -3.3981e-01 +1.2834e+00 -8.0385e-01 -8.3448e-01
504 0 +2.896665563e+01 +7.613866556e+02 +7.613866556e+02 -1.1886e+00 -3.6077e-01 +1.2680e+00 -8.0303e-01 -8.4402e-01
% f evaluations | g evaluations | best noise-free fitness - Fopt (3.542000000000e+01) + sum g_i+ | measured fitness | best measured fitness or single-digit g-values | x1 | x2...
1 0 +1.616289323e+02 +1.970489323e+02 +1.970489323e+02 +3.0250e-02 -1.2297e-01 +2.5031e-01 -9.2524e-02 -7.8743e-01
2 0 +1.394131754e+02 +1.748331754e+02 +1.748331754e+02 -1.8814e-01 +5.5428e-01 -1.5684e-01 -8.3055e-01 +1.1802e-02
3 0 +8.951728662e+01 +1.249372866e+02 +1.249372866e+02 -1.5504e-01 +6.4038e-01 +4.8227e-02 +3.4660e-01 +1.0356e+00
11 0 +8.125158811e+01 +1.166715881e+02 +1.166715881e+02 -3.2200e-01 +5.7884e-01 -2.1290e-01 -4.1218e-01 +1.0726e+00
12 0 +6.253663691e+01 +9.795663691e+01 +9.795663691e+01 +1.7333e-01 +4.4958e-01 -6.3279e-01 +2.6457e-01 +6.8144e-01
41 0 +3.329760623e+01 +6.871760623e+01 +6.871760623e+01 +4.2778e-01 +1.1193e+00 -2.2833e+00 +6.8942e-01 +1.2387e+00
46 0 +2.460679673e+01 +6.002679673e+01 +6.002679673e+01 -6.6977e-02 -5.3854e-01 -1.6179e+00 +6.5168e-01 +1.1570e+00
52 0 +1.690018640e+01 +5.232018640e+01 +5.232018640e+01 +4.1792e-01 -6.8997e-01 -2.2460e+00 +5.1228e-01 +9.6112e-01
58 0 +1.061569500e+01 +4.603569500e+01 +4.603569500e+01 +2.0196e+00 -1.2674e+00 -1.6162e+00 -3.6685e-01 +1.2597e+00
121 0 +7.011294040e+00 +4.243129404e+01 +4.243129404e+01 +2.2400e+00 -3.1125e-01 -2.2528e+00 +8.7127e-01 +5.4273e-01
128 0 +6.850839077e+00 +4.227083908e+01 +4.227083908e+01 +1.6821e+00 -5.2886e-01 -2.3930e+00 +1.0150e+00 +1.0014e+00
145 0 +5.374524407e+00 +4.079452441e+01 +4.079452441e+01 +2.5671e+00 -7.4420e-01 -1.9419e+00 +1.8284e-01 +8.3582e-01
148 0 +4.433455633e+00 +3.985345563e+01 +3.985345563e+01 +2.2852e+00 -7.0008e-01 -2.0414e+00 +4.8484e-01 +1.0599e+00
153 0 +3.376742861e+00 +3.879674286e+01 +3.879674286e+01 +2.0406e+00 -4.9191e-01 -2.2719e+00 +7.1576e-01 +9.9386e-01
173 0 +3.202657017e+00 +3.862265702e+01 +3.862265702e+01 +2.7471e+00 -6.4775e-01 -2.4553e+00 +6.3117e-01 +9.0047e-01
189 0 +3.005293885e+00 +3.842529389e+01 +3.842529389e+01 +2.7099e+00 -5.9618e-01 -2.5822e+00 +6.5059e-01 +7.9528e-01
199 0 +2.281520061e+00 +3.770152006e+01 +3.770152006e+01 +2.3447e+00 -3.6239e-01 -2.4857e+00 +7.1214e-01 +6.4514e-01
204 0 +1.920277526e+00 +3.734027753e+01 +3.734027753e+01 +2.4645e+00 -4.6226e-01 -2.6409e+00 +7.9898e-01 +6.1069e-01
215 0 +1.053843049e+00 +3.647384305e+01 +3.647384305e+01 +2.4543e+00 -5.0471e-01 -2.6171e+00 +7.2745e-01 +6.0258e-01
267 0 +9.125522772e-01 +3.633255228e+01 +3.633255228e+01 +2.4195e+00 -5.1950e-01 -2.5366e+00 +7.3630e-01 +7.2037e-01
271 0 +8.613921823e-01 +3.628139218e+01 +3.628139218e+01 +2.3658e+00 -5.2736e-01 -2.5134e+00 +7.3678e-01 +7.1880e-01
275 0 +7.877254678e-01 +3.620772547e+01 +3.620772547e+01 +2.4190e+00 -5.3644e-01 -2.5326e+00 +7.2070e-01 +7.1110e-01
282 0 +7.237219796e-01 +3.614372198e+01 +3.614372198e+01 +2.4162e+00 -5.3403e-01 -2.5398e+00 +7.2444e-01 +7.1503e-01
294 0 +6.461870211e-01 +3.606618702e+01 +3.606618702e+01 +2.4095e+00 -5.2550e-01 -2.5445e+00 +7.2144e-01 +6.9735e-01
368 0 +6.223984468e-01 +3.604239845e+01 +3.604239845e+01 +2.4214e+00 -5.3270e-01 -2.5410e+00 +7.1741e-01 +7.0418e-01
381 0 +6.050120122e-01 +3.602501201e+01 +3.602501201e+01 +2.4195e+00 -5.3204e-01 -2.5417e+00 +7.1806e-01 +7.0322e-01
384 0 +5.961522508e-01 +3.601615225e+01 +3.601615225e+01 +2.4208e+00 -5.3270e-01 -2.5412e+00 +7.1761e-01 +7.0399e-01
402 0 +5.803287246e-01 +3.600032872e+01 +3.600032872e+01 +2.4196e+00 -5.3252e-01 -2.5417e+00 +7.1833e-01 +7.0426e-01
446 0 +5.747264472e-01 +3.599472645e+01 +3.599472645e+01 +2.4200e+00 -5.3260e-01 -2.5416e+00 +7.1806e-01 +7.0399e-01
504 0 +5.672210547e-01 +3.598722105e+01 +3.598722105e+01 +2.4201e+00 -5.3258e-01 -2.5417e+00 +7.1810e-01 +7.0405e-01
