% f evaluations | g evaluations | best noise-free fitness - Fopt (9.294000000000e+01) + sum g_i+ | measured fitness | best measured fitness or single-digit g-values | x1 | x2...
1 0 +7.765050110e+02 +8.694450110e+02 +8.694450110e+02 +5.0716e-01 -1.3978e-01 +9.8461e-03 +1.2226e-01 -2.3668e-01 +6.1969e-04 -2.6712e-04 -5.2644e-01 +3.0531e-01 +1.8016e-01
3 0 +7.619596086e+02 +8.548996086e+02 +8.548996086e+02 +4.9521e-01 +4.6301e-02 -1.1614e-01 +6.0873e-01 -1.3616e-02 -4.3521e-01 -1.2157e-01 -6.8652e-01 +3.1483e-01 -1.2495e-01
6 0 +7.148707662e+02 +8.078107662e+02 +8.078107662e+02 +5.7361e-01 +7.1191e-02 +3.0430e-02 +7.5774e-02 -3.9714e-02 -9.2845e-02 -4.3050e-01 +1.5049e-01 -2.8434e-02 +3.5794e-01
7 0 +6.966683714e+02 +7.896083714e+02 +7.896083714e+02 -1.1065e-01 -5.7191e-01 -2.9883e-02 +5.0987e-01 -1.1503e-01 -2.6696e-01 -3.5809e-01 -3.1502e-01 -9.0062e-02 -3.5401e-01
8 0 +5.846798255e+02 +6.776198255e+02 +6.776198255e+02 +4.4929e-01 -8.4791e-02 +3.2595e-02 +4.3148e-01 +4.5100e-01 -6.3821e-02 +9.9595e-02 +2.2052e-01 -5.7859e-02 -5.3343e-01
21 0 +4.691510233e+02 +5.620910233e+02 +5.620910233e+02 +1.1214e-01 +1.4632e-01 +2.1619e-01 +3.4985e-01 +6.2739e-01 +2.5953e-01 -2.8939e-01 +8.4488e-02 +7.2367e-01 -4.0639e-01
31 0 +4.290472507e+02 +5.219872507e+02 +5.219872507e+02 +3.3303e-01 +7.5514e-01 +5.7602e-01 +6.3332e-01 +5.3497e-01 +1.8901e-01 -2.5228e-01 +6.8277e-01 +5.1356e-01 -8.9775e-01
41 0 +3.896573763e+02 +4.825973763e+02 +4.825973763e+02 +6.9086e-01 -5.5469e-02 +2.1994e-01 +4.0075e-01 +1.0432e+00 +4.0620e-01 -3.0685e-01 +4.2265e-01 +9.0498e-01 -9.2702e-01
42 0 +3.639393036e+02 +4.568793036e+02 +4.568793036e+02 +7.1508e-01 +4.0879e-01 +1.0927e+00 +5.2095e-01 +6.5051e-01 +4.2414e-01 -6.7162e-01 +1.1250e+00 +8.4963e-01 -1.8065e+00
45 0 +2.839670074e+02 +3.769070074e+02 +3.769070074e+02 +2.3041e-01 +1.8329e-01 +1.0328e+00 +1.1858e+00 +1.1989e+00 +1.0356e-01 -2.1522e-01 +7.1045e-01 +6.7410e-01 -1.9302e+00
52 0 +2.194524129e+02 +3.123924129e+02 +3.123924129e+02 +3.1248e-01 +8.7334e-02 +1.2232e+00 +1.5353e+00 +1.2615e+00 +4.3146e-01 -9.9562e-01 -2.1741e-01 +4.5582e-01 -1.7018e+00
63 0 +1.868435492e+02 +2.797835492e+02 +2.797835492e+02 +1.3025e+00 +2.1316e-01 +1.0600e+00 +1.7474e+00 +1.8881e+00 +1.4431e-01 -4.2873e-01 +2.3218e-01 +8.1573e-01 -2.4800e+00
64 0 +1.633939432e+02 +2.563339432e+02 +2.563339432e+02 +5.3874e-01 +6.8029e-01 +7.8258e-01 +1.6324e+00 +1.7449e+00 +4.3345e-01 -1.2967e+00 -2.0230e-01 +1.1995e+00 -2.0524e+00
72 0 +1.092218788e+02 +2.021618788e+02 +2.021618788e+02 +1.1270e+00 +2.0667e+00 +1.0833e+00 +2.2814e+00 +2.3829e+00 +1.1410e-01 -1.4562e+00 +5.6435e-01 +9.6210e-01 -2.5207e+00
74 0 +1.034282211e+02 +1.963682211e+02 +1.963682211e+02 +9.2311e-01 +3.2229e-01 +9.7149e-01 +2.6566e+00 +1.9793e+00 +3.1920e-01 -1.5449e+00 +2.8936e-01 +8.8678e-01 -1.4351e+00
82 0 +9.772882643e+01 +1.906688264e+02 +1.906688264e+02 +8.5645e-01 +9.6299e-01 +9.5642e-01 +2.7642e+00 +1.7634e+00 +2.9972e-01 -1.7937e+00 -3.8098e-01 +9.7947e-01 -2.5860e+00
94 0 +9.614064250e+01 +1.890806425e+02 +1.890806425e+02 -4.4713e-01 +3.6698e-01 +1.3229e+00 +2.6596e+00 +2.7107e+00 +7.2268e-01 -2.0377e+00 +2.5672e-01 +1.7069e+00 -1.5669e+00
108 0 +6.975306305e+01 +1.626930631e+02 +1.626930631e+02 +6.3724e-01 +1.8089e-01 +1.1217e+00 +4.4831e+00 +3.8796e+00 -4.0760e-01 -1.5002e+00 +7.0328e-01 +1.5271e+00 -1.7465e+00
115 0 +4.869580681e+01 +1.416358068e+02 +1.416358068e+02 -3.6491e-01 +4.4285e-02 +1.2239e+00 +4.0565e+00 +2.9514e+00 +1.2621e+00 -5.6939e-01 -1.7221e-02 +2.1490e+00 -1.2470e+00
131 0 +4.504368947e+01 +1.379836895e+02 +1.379836895e+02 +6.6736e-01 +7.8478e-01 +1.0567e+00 +3.5972e+00 +2.5668e+00 +1.1662e+00 -9.3342e-01 -3.2411e-01 +1.9437e+00 -1.4729e+00
161 0 +3.553759356e+01 +1.284775936e+02 +1.284775936e+02 +1.3062e-01 -2.4743e-01 +1.3339e+00 +4.9188e+00 +2.8156e+00 +6.6847e-01 -3.7351e-01 -1.1480e+00 +1.9518e+00 -5.5050e-01
174 0 +3.295089167e+01 +1.258908917e+02 +1.258908917e+02 +1.4498e+00 +4.7334e-01 +2.2284e+00 +4.8050e+00 +2.9794e+00 -2.4571e-02 +6.1813e-01 -2.4083e-01 +8.8624e-01 -8.2646e-01
191 0 +2.848289519e+01 +1.214228952e+02 +1.214228952e+02 +1.5787e+00 +6.6817e-01 +2.6814e+00 +5.5925e+00 +3.2174e+00 +2.5389e-01 +2.1122e-01 +2.1798e-01 +1.5922e+00 -1.9121e-01
234 0 +2.386548701e+01 +1.168054870e+02 +1.168054870e+02 +7.5357e-01 -2.2131e-01 +1.5666e+00 +4.2953e+00 +2.4311e+00 +1.4240e+00 -4.4715e-01 -4.7073e-01 +1.8947e+00 -5.5449e-01
265 0 +2.202322370e+01 +1.149632237e+02 +1.149632237e+02 +7.8487e-01 +5.3523e-01 +1.7736e+00 +4.7053e+00 +2.3426e+00 +8.0587e-01 -3.9677e-01 -6.5549e-01 +1.7312e+00 -9.5378e-01
286 0 +1.995686405e+01 +1.128968641e+02 +1.128968641e+02 +5.4056e-01 +6.6148e-01 +2.0729e+00 +5.1155e+00 +2.4993e+00 +1.0550e+00 -1.7871e-01 -5.9299e-01 +1.8101e+00 -6.6735e-01
292 0 +1.840930220e+01 +1.113493022e+02 +1.113493022e+02 +1.0922e+00 +1.3308e+00 +2.0078e+00 +4.8677e+00 +2.3987e+00 +7.7939e-01 -3.5808e-01 -5.7646e-01 +1.9557e+00 +2.4240e-01
296 0 +1.505348321e+01 +1.079934832e+02 +1.079934832e+02 +6.6356e-01 +5.1681e-01 +1.8660e+00 +4.7832e+00 +2.6872e+00 +1.0583e+00 -3.8038e-01 -2.7056e-01 +1.8226e+00 +8.7551e-02
332 0 +1.306125611e+01 +1.060012561e+02 +1.060012561e+02 +6.8593e-01 +5.8498e-01 +1.4786e+00 +4.5797e+00 +2.5074e+00 +7.5572e-01 +6.2706e-02 -3.4269e-01 +2.3207e+00 +9.3448e-02
355 0 +9.618529296e+00 +1.025585293e+02 +1.025585293e+02 +1.0835e+00 +1.3575e+00 +1.6833e+00 +4.8982e+00 +2.4660e+00 +8.2541e-01 +3.4990e-01 -2.7586e-01 +2.3422e+00 -1.7844e-02
373 0 +9.342964029e+00 +1.022829640e+02 +1.022829640e+02 +9.3880e-01 +1.3140e+00 +1.6710e+00 +4.5518e+00 +2.2846e+00 +1.0665e+00 -4.0809e-02 -1.0356e-01 +2.5569e+00 +4.8849e-01
391 0 +9.086577693e+00 +1.020265777e+02 +1.020265777e+02 +1.1430e+00 +1.3176e+00 +1.2873e+00 +4.7859e+00 +2.3995e+00 +1.1184e+00 +1.1624e-01 -6.2252e-01 +2.5041e+00 +6.7321e-01
393 0 +8.676398580e+00 +1.016163986e+02 +1.016163986e+02 +8.0753e-01 +8.7858e-01 +1.5037e+00 +4.4068e+00 +2.3872e+00 +1.5179e+00 +2.1177e-01 -7.1243e-01 +2.5828e+00 +1.4664e-03
418 0 +5.974232792e+00 +9.891423279e+01 +9.891423279e+01 +9.2182e-01 +1.0677e+00 +1.3865e+00 +4.4486e+00 +2.4307e+00 +1.9092e+00 +2.1712e-01 -6.8119e-01 +2.9959e+00 +7.0375e-01
550 0 +5.244754798e+00 +9.818475480e+01 +9.818475480e+01 +7.4177e-01 +7.6006e-01 +8.8395e-01 +4.4814e+00 +2.1381e+00 +1.8848e+00 +5.5248e-01 -8.2527e-01 +2.8046e+00 +9.1480e-01
580 0 +4.842039762e+00 +9.778203976e+01 +9.778203976e+01 +5.7341e-01 +8.2301e-01 +6.2264e-01 +4.3754e+00 +1.6815e+00 +2.2722e+00 +3.7909e-01 -1.1172e+00 +2.9758e+00 +8.0521e-01
611 0 +4.557511696e+00 +9.749751170e+01 +9.749751170e+01 +8.8116e-01 +6.1968e-01 +5.6414e-01 +4.6036e+00 +1.9309e+00 +2.0874e+00 +5.3559e-01 -1.3132e+00 +3.0832e+00 +8.4164e-01
656 0 +4.329638612e+00 +9.726963861e+01 +9.726963861e+01 +1.1096e+00 +7.9442e-01 +5.6827e-01 +4.3374e+00 +1.8767e+00 +2.1548e+00 +7.8438e-01 -1.2310e+00 +3.0702e+00 +6.8625e-01
687 0 +4.250787253e+00 +9.719078725e+01 +9.719078725e+01 +1.0661e+00 +7.3504e-01 +5.0160e-01 +4.5313e+00 +1.8517e+00 +2.0437e+00 +4.5146e-01 -1.0873e+00 +2.7642e+00 +7.2515e-01
899 0 +4.167485050e+00 +9.710748505e+01 +9.710748505e+01 +1.0596e+00 +7.3912e-01 +7.0419e-01 +4.4533e+00 +2.0567e+00 +2.0803e+00 +5.9588e-01 -1.1507e+00 +2.8837e+00 +6.5677e-01
1010 0 +4.167485050e+00 +9.710748505e+01 +9.710748505e+01 +1.0596e+00 +7.3912e-01 +7.0419e-01 +4.4533e+00 +2.0567e+00 +2.0803e+00 +5.9588e-01 -1.1507e+00 +2.8837e+00 +6.5677e-01
% f evaluations | g evaluations | best noise-free fitness - Fopt (3.535000000000e+01) + sum g_i+ | measured fitness | best measured fitness or single-digit g-values | x1 | x2...
1 0 +3.990057211e+02 +4.343557211e+02 +4.343557211e+02 +5.0716e-01 -1.3978e-01 +9.8461e-03 +1.2226e-01 -2.3668e-01 +6.1969e-04 -2.6712e-04 -5.2644e-01 +3.0531e-01 +1.8016e-01
2 0 +3.883818346e+02 +4.237318346e+02 +4.237318346e+02 -1.8763e-01 -5.1465e-02 +1.5159e-01 -7.8408e-02 -7.2826e-02 -4.3598e-01 +1.6638e-01 +3.7166e-02 +8.2341e-02 -4.5798e-01
3 0 +2.565965577e+02 +2.919465577e+02 +2.919465577e+02 +4.9521e-01 +4.6301e-02 -1.1614e-01 +6.0873e-01 -1.3616e-02 -4.3521e-01 -1.2157e-01 -6.8652e-01 +3.1483e-01 -1.2495e-01
15 0 +2.367584028e+02 +2.721084028e+02 +2.721084028e+02 +3.1809e-01 -4.0140e-01 +1.0110e-01 +7.8138e-01 +2.3569e-01 -5.6338e-01 -1.1183e-01 -4.8740e-01 +4.0271e-01 -4.4893e-01
22 0 +2.266147105e+02 +2.619647105e+02 +2.619647105e+02 +9.5001e-03 -5.5767e-02 -1.9140e-01 +6.5141e-01 +2.6856e-01 -6.1590e-01 +3.9729e-02 -4.6243e-02 +5.3431e-01 -5.6010e-01
26 0 +2.107084912e+02 +2.460584912e+02 +2.460584912e+02 +1.7360e-01 -3.9233e-01 -3.1326e-02 +8.8981e-01 -8.0738e-02 -6.2897e-01 +1.6447e-02 -9.3800e-02 +3.0577e-01 -2.4450e-01
28 0 +1.705173476e+02 +2.058673476e+02 +2.058673476e+02 +6.1321e-01 -6.2826e-02 +9.0563e-02 +8.2223e-01 -2.6956e-01 -6.5332e-01 -1.4032e-01 +3.5165e-01 +5.8287e-01 -7.5166e-01
37 0 +1.193818227e+02 +1.547318227e+02 +1.547318227e+02 +2.8459e-01 -5.5465e-01 +1.4286e-01 +1.5495e+00 +4.4365e-02 -9.4137e-01 -2.2026e-01 -6.5780e-02 +6.6235e-01 -9.8682e-01
42 0 +8.235149544e+01 +1.177014954e+02 +1.177014954e+02 -1.0390e-01 -9.8126e-01 +7.3941e-02 +2.6016e+00 +5.7666e-01 -1.2024e+00 +5.2179e-02 +1.8277e-01 +8.9424e-01 -1.1467e+00
54 0 +5.925372119e+01 +9.460372119e+01 +9.460372119e+01 +3.7173e-01 -4.8317e-01 +9.8628e-01 +2.3908e+00 -2.1193e-01 -1.5886e+00 +2.0287e-01 -1.2719e-01 +1.2306e+00 -1.1310e+00
83 0 +4.799633865e+01 +8.334633865e+01 +8.334633865e+01 +7.7554e-03 -1.1718e-01 +8.1901e-01 +2.1766e+00 -3.5683e-01 -1.8204e+00 -3.2022e-01 +5.8570e-01 +1.8007e+00 -1.1888e+00
98 0 +4.656009652e+01 +8.191009652e+01 +8.191009652e+01 +9.2991e-01 -6.6157e-01 +3.6424e-01 +1.4977e+00 -2.5607e-01 -1.8116e+00 -1.6631e-01 +8.0671e-01 +1.6993e+00 -9.6732e-01
120 0 +3.388747349e+01 +6.923747349e+01 +6.923747349e+01 +1.1898e+00 +5.9443e-01 +3.0564e-01 +2.7910e+00 -1.4119e+00 -2.2405e+00 +3.5270e-01 +4.2003e-01 +2.5379e+00 -1.1447e+00
123 0 +2.873041568e+01 +6.408041568e+01 +6.408041568e+01 +1.0901e+00 +1.0487e+00 +3.3227e-01 +2.5410e+00 -1.2012e+00 -1.9910e+00 -3.9752e-01 +3.8525e-01 +2.0524e+00 -9.5174e-01
151 0 +2.786355397e+01 +6.321355397e+01 +6.321355397e+01 +2.9619e-01 +6.1593e-01 +8.5800e-01 +2.8647e+00 -1.0333e+00 -1.6057e+00 -1.0160e-01 +9.7809e-01 +1.1866e+00 -8.4659e-01
152 0 +1.451682327e+01 +4.986682327e+01 +4.986682327e+01 +1.4440e+00 +1.1647e+00 +1.3769e+00 +2.3967e+00 -1.1780e+00 -1.8703e+00 +1.2142e+00 +5.4795e-01 +1.7163e+00 -1.3808e+00
177 0 +1.297865355e+01 +4.832865355e+01 +4.832865355e+01 +1.0760e+00 +1.0237e+00 +1.7319e+00 +2.4033e+00 -9.8661e-01 -1.4736e+00 +1.3133e+00 +3.5999e-01 +1.5711e+00 -1.6637e+00
214 0 +1.142026566e+01 +4.677026566e+01 +4.677026566e+01 +1.3609e+00 +1.3351e+00 +1.1864e+00 +2.3306e+00 -1.3671e+00 -1.1060e+00 +5.4356e-01 +1.1914e+00 +1.3254e+00 -1.4929e+00
223 0 +1.063339367e+01 +4.598339367e+01 +4.598339367e+01 +1.1443e+00 +1.6256e+00 +1.1113e+00 +2.6247e+00 -1.2686e+00 -1.0969e+00 +7.6688e-01 +1.2824e+00 +1.1089e+00 -5.9399e-01
240 0 +1.046725254e+01 +4.581725254e+01 +4.581725254e+01 +1.3154e+00 +1.7079e+00 +1.4542e+00 +2.6841e+00 -2.0935e+00 -1.0527e+00 -7.7603e-02 +1.0299e+00 +1.3212e+00 -4.4399e-01
255 0 +8.146920488e+00 +4.349692049e+01 +4.349692049e+01 +1.6757e+00 +2.2366e+00 +1.7937e+00 +2.5829e+00 -1.8088e+00 -1.0625e+00 +8.4882e-01 +7.4684e-01 +1.8672e+00 -1.0637e+00
258 0 +4.090812975e+00 +3.944081297e+01 +3.944081297e+01 +1.6722e+00 +2.2239e+00 +2.0431e+00 +2.1517e+00 -1.9324e+00 -9.4748e-01 +5.2173e-01 +1.2598e+00 +2.0148e+00 -1.0532e+00
408 0 +3.510313211e+00 +3.886031321e+01 +3.886031321e+01 +2.0912e+00 +2.0912e+00 +2.7542e+00 +1.7888e+00 -1.7534e+00 -1.0532e+00 +1.1947e+00 +7.7072e-01 +1.6205e+00 -1.2356e+00
434 0 +3.029951040e+00 +3.837995104e+01 +3.837995104e+01 +2.2100e+00 +2.5217e+00 +2.5998e+00 +1.8531e+00 -1.6878e+00 -8.5971e-01 +1.0758e+00 +1.2100e+00 +1.8907e+00 -1.2066e+00
465 0 +2.948780330e+00 +3.829878033e+01 +3.829878033e+01 +2.2982e+00 +2.6091e+00 +3.1203e+00 +1.8615e+00 -1.7545e+00 -5.1818e-01 +1.5915e+00 +1.1935e+00 +1.6744e+00 -1.3714e+00
476 0 +2.740753238e+00 +3.809075324e+01 +3.809075324e+01 +2.0958e+00 +2.6165e+00 +2.9741e+00 +1.8085e+00 -1.6408e+00 -4.0219e-01 +1.3390e+00 +1.4167e+00 +1.5996e+00 -1.2145e+00
481 0 +2.503535257e+00 +3.785353526e+01 +3.785353526e+01 +2.0443e+00 +2.3778e+00 +2.9241e+00 +1.8639e+00 -1.8223e+00 -6.8822e-01 +2.1083e+00 +9.7178e-01 +1.3874e+00 -1.6524e+00
493 0 +2.191472370e+00 +3.754147237e+01 +3.754147237e+01 +2.2500e+00 +2.5190e+00 +2.9752e+00 +1.5865e+00 -1.7476e+00 -7.2270e-01 +2.0079e+00 +1.1739e+00 +1.5041e+00 -1.6880e+00
503 0 +2.103102697e+00 +3.745310270e+01 +3.745310270e+01 +2.3448e+00 +2.6417e+00 +3.1718e+00 +1.7940e+00 -1.6464e+00 -6.3713e-01 +2.0896e+00 +1.0590e+00 +1.7611e+00 -1.4840e+00
518 0 +1.744222069e+00 +3.709422207e+01 +3.709422207e+01 +2.3496e+00 +2.5880e+00 +3.2125e+00 +1.7896e+00 -1.5595e+00 -4.0178e-01 +2.2866e+00 +1.1241e+00 +1.3797e+00 -1.6063e+00
551 0 +1.671931358e+00 +3.702193136e+01 +3.702193136e+01 +2.1687e+00 +2.5859e+00 +2.9467e+00 +1.9399e+00 -1.6557e+00 -5.2857e-01 +1.8405e+00 +1.1253e+00 +1.6863e+00 -1.4606e+00
565 0 +1.652247550e+00 +3.700224755e+01 +3.700224755e+01 +2.3470e+00 +2.7103e+00 +3.0845e+00 +1.8241e+00 -1.7843e+00 -7.1173e-01 +1.8089e+00 +1.0988e+00 +1.6213e+00 -1.4460e+00
570 0 +1.354704591e+00 +3.670470459e+01 +3.670470459e+01 +2.1855e+00 +2.7009e+00 +2.9465e+00 +1.8819e+00 -1.8169e+00 -6.8385e-01 +1.7601e+00 +9.9728e-01 +1.6176e+00 -1.3794e+00
598 0 +1.228988845e+00 +3.657898884e+01 +3.657898884e+01 +2.1960e+00 +2.5060e+00 +2.9317e+00 +1.9389e+00 -1.7205e+00 -6.3204e-01 +1.8521e+00 +1.1133e+00 +1.4874e+00 -1.4994e+00
636 0 +1.201959607e+00 +3.655195961e+01 +3.655195961e+01 +2.1893e+00 +2.6211e+00 +3.0331e+00 +1.8656e+00 -1.8622e+00 -6.1937e-01 +1.9061e+00 +1.1151e+00 +1.4440e+00 -1.5257e+00
657 0 +1.085702013e+00 +3.643570201e+01 +3.643570201e+01 +2.1512e+00 +2.5942e+00 +2.9849e+00 +1.9110e+00 -1.9911e+00 -5.7908e-01 +1.9775e+00 +1.1518e+00 +1.3028e+00 -1.4503e+00
734 0 +1.061687188e+00 +3.641168719e+01 +3.641168719e+01 +2.2293e+00 +2.7818e+00 +2.8365e+00 +2.0690e+00 -2.0768e+00 -5.4776e-01 +1.9431e+00 +1.0566e+00 +1.3695e+00 -1.3968e+00
1010 0 +1.051287583e+00 +3.640128758e+01 +3.640128758e+01 +2.2327e+00 +2.7572e+00 +2.8743e+00 +2.0141e+00 -2.0796e+00 -5.7070e-01 +2.0111e+00 +1.0413e+00 +1.3688e+00 -1.4553e+00
% f evaluations | g evaluations | best noise-free fitness - Fopt (3.820000000000e+00) + sum g_i+ | measured fitness | best measured fitness or single-digit g-values | x1 | x2...
1 0 +1.734430198e+02 +1.772630198e+02 +1.772630198e+02 +5.0716e-01 -1.3978e-01 +9.8461e-03 +1.2226e-01 -2.3668e-01 +6.1969e-04 -2.6712e-04 -5.2644e-01 +3.0531e-01 +1.8016e-01
3 0 +1.683570586e+02 +1.721770586e+02 +1.721770586e+02 +4.9521e-01 +4.6301e-02 -1.1614e-01 +6.0873e-01 -1.3616e-02 -4.3521e-01 -1.2157e-01 -6.8652e-01 +3.1483e-01 -1.2495e-01
15 0 +1.489654090e+02 +1.527854090e+02 +1.527854090e+02 +1.1380e+00 -3.7871e-01 -1.9185e-01 +5.2372e-01 -2.4379e-01 -1.7538e-01 -3.3514e-02 -6.6591e-01 +6.2767e-02 +6.6701e-02
24 0 +1.321753537e+02 +1.359953537e+02 +1.359953537e+02 +9.9110e-01 -3.8209e-01 +2.3940e-01 +3.9382e-01 -1.8785e-02 +1.6904e-01 +2.5731e-02 -3.7104e-01 +2.6341e-01 +6.0393e-01
25 0 +1.073007965e+02 +1.111207965e+02 +1.111207965e+02 +1.5653e+00 -2.8886e-02 -3.5612e-01 +7.9731e-01 +1.1918e-01 +7.3069e-02 -8.4313e-02 -8.0240e-01 -9.7289e-02 +7.5792e-01
31 0 +8.721960041e+01 +9.103960041e+01 +9.103960041e+01 +1.9604e+00 -2.0757e-01 -5.3274e-01 +1.0726e+00 +2.0666e-01 +2.2694e-01 -2.4118e-01 -6.8314e-01 +3.9046e-01 +1.4111e+00
35 0 +6.766552915e+01 +7.148552915e+01 +7.148552915e+01 +1.7326e+00 +2.1009e-01 -5.1530e-02 +2.4374e-01 +4.7282e-01 +4.3636e-01 -1.0030e-01 -1.3850e+00 +2.8461e-01 +4.7716e-01
41 0 +6.594935624e+01 +6.976935624e+01 +6.976935624e+01 +2.3478e+00 -6.8684e-02 +1.0153e-01 -1.8579e-01 +2.9163e-01 +3.5224e-01 -4.3678e-01 -9.3205e-01 +6.6807e-01 +1.5791e+00
42 0 +6.335394619e+01 +6.717394619e+01 +6.717394619e+01 +3.2126e+00 +5.1034e-01 -1.8387e-01 +1.6464e+00 +2.3276e-01 -1.4054e-02 -5.8378e-01 -1.5089e+00 +9.2884e-01 +1.2953e+00
48 0 +5.895606106e+01 +6.277606106e+01 +6.277606106e+01 +2.3583e+00 +4.0827e-01 +1.5202e-01 +9.3892e-01 +1.6949e-01 +3.2114e-01 +2.5484e-01 -9.3333e-01 +4.8316e-01 +1.7695e+00
51 0 +5.793812677e+01 +6.175812677e+01 +6.175812677e+01 +2.4469e+00 -6.0990e-01 +9.7206e-01 +7.6680e-01 +4.2085e-01 -3.7574e-01 +5.0546e-01 -1.3489e+00 +9.8800e-01 +7.7044e-01
55 0 +5.366041334e+01 +5.748041334e+01 +5.748041334e+01 +3.0148e+00 +3.9826e-01 +9.9026e-01 +1.1346e+00 +3.5910e-01 -1.4211e-01 -5.0928e-01 -1.0550e+00 +9.5685e-02 +8.4701e-01
67 0 +4.479855113e+01 +4.861855113e+01 +4.861855113e+01 +4.3899e+00 +6.0798e-01 +4.9793e-01 +1.2028e+00 +4.1217e-01 -8.0650e-01 -4.0763e-01 -8.6806e-01 +7.4906e-01 +1.1158e+00
75 0 +3.363645147e+01 +3.745645147e+01 +3.745645147e+01 +5.2533e+00 +1.5596e+00 +1.1248e+00 +4.1910e-01 -3.8554e-01 +9.5509e-01 -1.5240e+00 -1.5481e+00 +1.5329e+00 +4.0501e-01
82 0 +2.233355375e+01 +2.615355375e+01 +2.615355375e+01 +4.4287e+00 +7.3109e-01 +1.8622e+00 -2.3168e-01 -1.6102e-01 +7.9473e-01 -1.5457e+00 -1.8957e+00 +1.1515e+00 +4.2889e-01
142 0 +1.333101289e+01 +1.715101289e+01 +1.715101289e+01 +2.7495e+00 +1.1677e+00 +1.3060e+00 -5.7487e-01 +3.6914e-01 -1.5710e-01 +5.2047e-01 -2.4801e+00 +1.2057e+00 +6.3593e-01
169 0 +1.200375847e+01 +1.582375847e+01 +1.582375847e+01 +3.9578e+00 +7.0006e-01 +2.5588e+00 -8.2187e-01 +8.8299e-01 -4.6974e-02 -4.1913e-01 -2.5572e+00 +2.0617e+00 -4.4458e-01
190 0 +1.174313567e+01 +1.556313567e+01 +1.556313567e+01 +4.8680e+00 +1.5902e+00 +8.8942e-01 -1.7883e+00 +7.5266e-01 +3.7608e-01 +4.2546e-01 -2.1907e+00 +1.7118e+00 -8.7330e-01
227 0 +1.000077341e+01 +1.382077341e+01 +1.382077341e+01 +4.6592e+00 +5.6862e-01 +8.8925e-01 -6.3407e-01 +8.4636e-01 -1.7887e+00 +5.2775e-01 -2.8982e+00 +1.8720e+00 -4.0901e-01
267 0 +9.596010105e+00 +1.341601011e+01 +1.341601011e+01 +4.0374e+00 +7.4429e-01 +1.3782e+00 -4.9003e-01 +3.7706e-01 -1.0702e+00 +8.3229e-02 -2.4239e+00 +1.8048e+00 +8.8051e-02
278 0 +8.925247609e+00 +1.274524761e+01 +1.274524761e+01 +4.4937e+00 +5.1518e-01 +1.5646e+00 -8.8780e-01 +5.5075e-01 -1.8739e+00 +1.1476e-01 -2.7345e+00 +1.4922e+00 -1.1956e-01
297 0 +6.420696079e+00 +1.024069608e+01 +1.024069608e+01 +3.5018e+00 +3.1294e-01 +2.0453e+00 -1.1263e+00 +6.5324e-01 -9.5066e-01 +2.5792e-01 -2.7255e+00 +9.7255e-01 -1.3709e-03
324 0 +5.346551924e+00 +9.166551924e+00 +9.166551924e+00 +4.7136e+00 +9.5783e-01 +2.3571e+00 -1.4225e+00 +9.2515e-01 -1.2124e+00 +4.5370e-01 -3.2741e+00 +1.2610e+00 -3.4136e-01
330 0 +2.078660818e+00 +5.898660818e+00 +5.898660818e+00 +3.5557e+00 +1.1778e-01 +2.4513e+00 -1.5804e+00 +5.6468e-01 -5.4296e-01 -4.1924e-01 -2.8013e+00 +1.0660e+00 +1.7720e-01
379 0 +1.690567166e+00 +5.510567166e+00 +5.510567166e+00 +4.3290e+00 +4.7802e-01 +2.4758e+00 -1.4864e+00 +9.2659e-01 -6.3742e-01 -3.3796e-02 -2.9821e+00 +1.1441e+00 -5.1987e-01
572 0 +1.212418738e+00 +5.032418738e+00 +5.032418738e+00 +4.3978e+00 +9.2774e-01 +1.8727e+00 -2.0250e+00 +1.0246e+00 -8.6860e-01 +8.0789e-01 -3.0917e+00 +9.8386e-01 -5.7303e-01
597 0 +7.717806675e-01 +4.591780667e+00 +4.591780667e+00 +4.1674e+00 +8.4273e-01 +1.6723e+00 -2.0124e+00 +1.1428e+00 -7.9918e-01 +9.1479e-01 -2.9953e+00 +8.5551e-01 -5.3889e-01
644 0 +6.570697060e-01 +4.477069706e+00 +4.477069706e+00 +4.4537e+00 +9.7982e-01 +1.8240e+00 -2.1755e+00 +1.0649e+00 -6.3902e-01 +7.8593e-01 -3.1461e+00 +8.0615e-01 -7.9796e-01
687 0 +5.862478977e-01 +4.406247898e+00 +4.406247898e+00 +4.3328e+00 +8.8707e-01 +1.7762e+00 -1.9154e+00 +1.0122e+00 -7.8280e-01 +7.6555e-01 -3.0795e+00 +8.3934e-01 -5.7466e-01
706 0 +5.305666646e-01 +4.350566665e+00 +4.350566665e+00 +4.3591e+00 +8.6607e-01 +1.9264e+00 -2.0503e+00 +1.0380e+00 -7.0187e-01 +7.2386e-01 -3.0616e+00 +8.3021e-01 -5.7350e-01
740 0 +5.060041216e-01 +4.326004122e+00 +4.326004122e+00 +4.3058e+00 +9.1204e-01 +1.9914e+00 -2.1715e+00 +1.0975e+00 -6.6156e-01 +8.3891e-01 -3.1471e+00 +8.1864e-01 -6.4039e-01
1010 0 +5.060041216e-01 +4.326004122e+00 +4.326004122e+00 +4.3058e+00 +9.1204e-01 +1.9914e+00 -2.1715e+00 +1.0975e+00 -6.6156e-01 +8.3891e-01 -3.1471e+00 +8.1864e-01 -6.4039e-01
% f evaluations | g evaluations | best noise-free fitness - Fopt (2.175000000000e+01) + sum g_i+ | measured fitness | best measured fitness or single-digit g-values | x1 | x2...
1 0 +2.703362815e+02 +2.920862815e+02 +2.920862815e+02 +5.0716e-01 -1.3978e-01 +9.8461e-03 +1.2226e-01 -2.3668e-01 +6.1969e-04 -2.6712e-04 -5.2644e-01 +3.0531e-01 +1.8016e-01
3 0 +2.694899735e+02 +2.912399735e+02 +2.912399735e+02 +4.9521e-01 +4.6301e-02 -1.1614e-01 +6.0873e-01 -1.3616e-02 -4.3521e-01 -1.2157e-01 -6.8652e-01 +3.1483e-01 -1.2495e-01
4 0 +2.632497444e+02 +2.849997444e+02 +2.849997444e+02 -2.2277e-01 +3.2174e-01 -4.9533e-01 +1.6063e-01 -6.1934e-01 -1.9865e-01 -3.6128e-01 +4.3861e-01 +5.2987e-01 -9.8829e-02
13 0 +2.447948158e+02 +2.665448158e+02 +2.665448158e+02 +1.2218e-02 +2.2326e-01 -2.1141e-01 +5.2703e-01 -2.4202e-01 +8.8832e-02 -1.2699e-01 +2.0844e-01 +3.1064e-01 -1.5746e-01
23 0 +2.376370970e+02 +2.593870970e+02 +2.593870970e+02 -2.9287e-02 -4.8300e-02 -3.3471e-01 +4.7754e-01 -4.7756e-01 -1.1810e-01 -1.1794e-01 +2.4462e-01 +6.9190e-01 +3.9764e-01
24 0 +2.307459495e+02 +2.524959495e+02 +2.524959495e+02 +9.8099e-02 +3.7951e-01 +1.2871e-01 +6.2226e-01 -2.1475e-01 -9.6764e-02 -2.1925e-01 +4.7279e-01 +5.5895e-01 -8.8896e-02
28 0 +2.255962319e+02 +2.473462319e+02 +2.473462319e+02 -5.3852e-01 +5.4937e-01 -4.1660e-01 +5.5280e-01 -4.3426e-01 -3.3523e-01 -5.9859e-02 +5.7888e-01 +4.5595e-01 +6.6110e-02
40 0 +2.082354723e+02 +2.299854723e+02 +2.299854723e+02 -2.6273e-01 +6.2433e-01 -2.8083e-01 +6.6569e-01 -4.7884e-01 -7.2759e-01 -3.1132e-01 -9.8219e-02 +9.8627e-01 +1.4047e-01
50 0 +1.976080455e+02 +2.193580455e+02 +2.193580455e+02 -6.5542e-01 +5.5278e-01 -5.7443e-01 +6.7949e-01 -4.3617e-01 -1.4561e-02 +2.3431e-01 +3.3078e-01 +6.8964e-01 +7.3858e-02
67 0 +1.701063922e+02 +1.918563922e+02 +1.918563922e+02 -8.1777e-01 +9.9558e-01 -3.5029e-01 +7.4763e-01 +3.9719e-02 -3.0046e-01 +4.3987e-01 +3.3350e-01 +1.1241e+00 +3.0786e-01
75 0 +1.596076240e+02 +1.813576240e+02 +1.813576240e+02 -2.5671e-01 -7.8215e-03 -6.4164e-02 +1.1180e+00 +9.9415e-02 -3.8492e-01 +5.3138e-01 -1.4252e-01 +9.9637e-01 +8.4032e-01
84 0 +1.428094765e+02 +1.645594765e+02 +1.645594765e+02 -1.1326e+00 +6.4902e-01 -3.1388e-01 +1.2836e+00 +6.6286e-02 -4.6193e-01 +8.2008e-01 +1.8230e-01 +1.2638e+00 +6.8442e-01
85 0 +1.284022156e+02 +1.501522156e+02 +1.501522156e+02 -1.3658e+00 +4.3898e-01 -1.2240e-01 +1.2337e+00 -4.0229e-01 -5.6637e-01 +1.0607e+00 +2.2133e-01 +1.3341e+00 +1.2108e+00
98 0 +1.190906245e+02 +1.408406245e+02 +1.408406245e+02 -1.3782e+00 +3.4916e-01 -2.4569e-01 +1.5231e+00 -1.2489e-01 -1.1007e+00 +1.1737e+00 +1.9869e-01 +1.5097e+00 +1.2234e+00
107 0 +1.163045810e+02 +1.380545810e+02 +1.380545810e+02 -3.8848e-01 +1.6406e+00 -5.1100e-01 +1.5370e+00 -4.8096e-01 -1.0718e+00 +5.7090e-01 +2.0167e-01 +1.6750e+00 +7.2553e-01
110 0 +9.575734118e+01 +1.175073412e+02 +1.175073412e+02 -1.7942e+00 +1.3297e+00 -5.5940e-02 +1.5447e+00 +1.1349e-02 -1.3683e+00 +6.7215e-01 +8.7167e-01 +1.8744e+00 +1.4441e+00
114 0 +9.128824649e+01 +1.130382465e+02 +1.130382465e+02 -4.9866e-01 +1.0936e+00 -6.1123e-01 +1.9803e+00 -7.4291e-01 -1.7462e+00 +1.1789e+00 +6.2893e-01 +1.5064e+00 +9.3851e-01
121 0 +8.968488982e+01 +1.114348898e+02 +1.114348898e+02 -9.2912e-01 +1.8605e+00 -5.8161e-01 +2.5087e+00 -5.5341e-01 -2.0372e+00 +8.8235e-01 +8.3396e-01 +1.8930e+00 +1.2952e+00
122 0 +6.261600695e+01 +8.436600695e+01 +8.436600695e+01 -2.8257e-01 +1.0979e+00 -2.4501e-01 +2.3089e+00 -1.3056e+00 -1.4696e+00 +1.3779e+00 +5.2465e-01 +1.7193e+00 +1.5292e+00
149 0 +5.864893197e+01 +8.039893197e+01 +8.039893197e+01 -5.5815e-01 +1.7471e+00 -6.1666e-01 +2.5353e+00 -8.7196e-01 -2.0390e+00 +1.5866e+00 +1.8475e+00 +3.1983e+00 +2.9462e+00
158 0 +5.671954534e+01 +7.846954534e+01 +7.846954534e+01 -7.4268e-01 +2.2016e+00 -1.2420e+00 +3.1067e+00 -8.4329e-01 -2.5496e+00 +8.6897e-01 +1.2536e+00 +2.0865e+00 +2.9293e+00
161 0 +4.534008880e+01 +6.709008880e+01 +6.709008880e+01 -1.2779e+00 +2.7563e+00 -8.3540e-01 +2.0820e+00 -1.5743e+00 -3.4413e+00 +2.6610e+00 +1.2283e+00 +1.1513e+00 +2.9667e+00
184 0 +4.407007555e+01 +6.582007555e+01 +6.582007555e+01 -8.9131e-01 +2.1263e+00 -1.3203e+00 +2.6648e+00 -3.0347e+00 -2.0589e+00 +1.7976e+00 +5.3979e-01 +1.5106e+00 +2.3747e+00
189 0 +4.176691915e+01 +6.351691915e+01 +6.351691915e+01 -1.6349e+00 +1.4864e+00 -9.3926e-01 +2.8703e+00 -8.9957e-01 -3.5679e+00 +2.3349e+00 +1.9000e+00 +1.6975e+00 +3.4240e+00
190 0 +3.910843572e+01 +6.085843572e+01 +6.085843572e+01 +9.8170e-01 +1.9188e+00 -5.6419e-01 +3.7254e+00 -2.4933e+00 -1.8897e+00 +1.6195e+00 +1.1607e+00 +2.1287e+00 +2.8523e+00
201 0 +2.258845263e+01 +4.433845263e+01 +4.433845263e+01 +5.6298e-01 +2.5319e+00 -4.0152e-01 +2.6961e+00 -2.8100e+00 -4.3158e+00 +2.1795e+00 +1.6061e+00 +1.3574e+00 +3.9174e+00
210 0 +2.001302454e+01 +4.176302454e+01 +4.176302454e+01 +6.4587e-01 +1.3445e+00 -9.4121e-01 +2.7914e+00 -1.4526e+00 -2.6623e+00 +1.3412e+00 +1.8254e+00 +1.7354e+00 +3.1901e+00
226 0 +1.821239887e+01 +3.996239887e+01 +3.996239887e+01 +1.8090e+00 +2.0922e+00 -1.0946e+00 +2.2368e+00 -2.3763e+00 -3.4135e+00 +2.1336e+00 +2.8564e+00 +2.2662e+00 +3.9469e+00
258 0 +1.380576220e+01 +3.555576220e+01 +3.555576220e+01 +9.3822e-01 +2.1646e+00 -1.0314e+00 +1.6848e+00 -1.6169e+00 -2.8183e+00 +2.1366e+00 +1.7899e+00 +1.9283e+00 +4.1823e+00
293 0 +1.247246817e+01 +3.422246817e+01 +3.422246817e+01 +1.3188e+00 +1.4402e+00 -1.4017e+00 +2.2084e+00 -1.8069e+00 -3.2237e+00 +2.8825e+00 +3.2122e+00 +2.3503e+00 +4.8219e+00
304 0 +1.110915359e+01 +3.285915359e+01 +3.285915359e+01 +1.3262e+00 +1.3870e+00 -5.4196e-01 +1.8741e+00 -2.4768e+00 -3.6439e+00 +3.2233e+00 +2.9871e+00 +1.6888e+00 +4.3658e+00
306 0 +5.431558258e+00 +2.718155826e+01 +2.718155826e+01 +1.3214e+00 +1.4343e+00 -4.0126e-01 +2.4741e+00 -2.2038e+00 -3.5402e+00 +3.2717e+00 +2.9261e+00 +1.3949e+00 +4.1619e+00
355 0 +3.113286199e+00 +2.486328620e+01 +2.486328620e+01 +2.0859e+00 +9.0242e-01 -6.6574e-01 +2.3772e+00 -1.2422e+00 -3.7927e+00 +3.1299e+00 +3.2669e+00 +1.7409e+00 +4.5815e+00
791 0 +2.765678468e+00 +2.451567847e+01 +2.451567847e+01 +1.8178e+00 +1.0406e+00 -3.0662e-01 +2.1615e+00 -1.4143e+00 -3.3878e+00 +2.7649e+00 +2.7399e+00 +1.8057e+00 +4.0306e+00
1010 0 +2.765678468e+00 +2.451567847e+01 +2.451567847e+01 +1.8178e+00 +1.0406e+00 -3.0662e-01 +2.1615e+00 -1.4143e+00 -3.3878e+00 +2.7649e+00 +2.7399e+00 +1.8057e+00 +4.0306e+00
% f evaluations | g evaluations | best noise-free fitness - Fopt (6.479000000000e+01) + sum g_i+ | measured fitness | best measured fitness or single-digit g-values | x1 | x2...
1 0 +3.992010491e+02 +4.639910491e+02 +4.639910491e+02 +5.0716e-01 -1.3978e-01 +9.8461e-03 +1.2226e-01 -2.3668e-01 +6.1969e-04 -2.6712e-04 -5.2644e-01 +3.0531e-01 +1.8016e-01
3 0 +3.704844298e+02 +4.352744298e+02 +4.352744298e+02 +4.9521e-01 +4.6301e-02 -1.1614e-01 +6.0873e-01 -1.3616e-02 -4.3521e-01 -1.2157e-01 -6.8652e-01 +3.1483e-01 -1.2495e-01
6 0 +3.587866827e+02 +4.235766827e+02 +4.235766827e+02 +5.7361e-01 +7.1191e-02 +3.0430e-02 +7.5774e-02 -3.9714e-02 -9.2845e-02 -4.3050e-01 +1.5049e-01 -2.8434e-02 +3.5794e-01
7 0 +3.287383366e+02 +3.935283366e+02 +3.935283366e+02 -1.1065e-01 -5.7191e-01 -2.9883e-02 +5.0987e-01 -1.1503e-01 -2.6696e-01 -3.5809e-01 -3.1502e-01 -9.0062e-02 -3.5401e-01
12 0 +3.185723312e+02 +3.833623312e+02 +3.833623312e+02 -1.5153e-01 -1.3078e-01 +7.3683e-02 +3.0929e-01 -8.3276e-02 -5.9434e-04 -1.6249e-01 +2.0495e-01 +2.0293e-01 +2.7802e-01
15 0 +2.893433069e+02 +3.541333069e+02 +3.541333069e+02 +1.0155e-01 -5.5542e-01 +3.4737e-01 +8.4796e-01 +1.5819e-01 -1.1409e-01 -3.7617e-01 -3.9725e-01 +2.3929e-01 -5.1943e-01
32 0 +2.625686310e+02 +3.273586310e+02 +3.273586310e+02 +3.7873e-01 +2.1568e-02 +2.5752e-01 +1.1478e+00 -4.7114e-01 +1.5404e-01 -8.5143e-01 -4.9485e-02 -1.5222e-01 -1.3600e-01
51 0 +2.286154323e+02 +2.934054323e+02 +2.934054323e+02 -2.8652e-01 -4.7866e-02 +6.1083e-01 +1.0081e+00 +5.8387e-01 -1.6911e-01 -1.0252e-01 -1.3882e-01 -5.0718e-01 -1.3874e-01
61 0 +2.011748813e+02 +2.659648813e+02 +2.659648813e+02 +3.6097e-02 -1.4273e-01 +8.4940e-01 +1.5293e+00 +3.9888e-01 -2.9905e-02 -9.0387e-01 -8.7027e-01 -2.2194e-01 +1.6197e-01
74 0 +1.983768701e+02 +2.631668701e+02 +2.631668701e+02 -4.7320e-02 -1.7010e-01 +2.0099e-01 +1.6044e+00 -6.4721e-02 -5.7254e-01 -5.9924e-01 -3.6722e-01 -6.3403e-01 +2.2910e-01
77 0 +1.906436332e+02 +2.554336332e+02 +2.554336332e+02 -7.0688e-01 +2.1144e-02 +1.0538e+00 +1.4515e+00 +4.9680e-01 -1.0182e-01 -8.9067e-01 -8.5278e-01 -3.8874e-01 +1.0073e-01
83 0 +1.768356278e+02 +2.416256278e+02 +2.416256278e+02 +7.6000e-02 -7.9601e-02 +6.0211e-01 +2.1368e+00 +5.3777e-01 +2.9775e-02 -1.1925e+00 -8.0211e-01 -3.9817e-01 +1.8126e-01
85 0 +1.730798977e+02 +2.378698977e+02 +2.378698977e+02 +2.5458e-01 -3.9699e-01 +1.0279e-01 +1.0048e+00 +8.2604e-01 -5.8285e-01 -6.8567e-01 +1.1618e-01 -7.3158e-01 +3.2951e-01
93 0 +1.518804451e+02 +2.166704451e+02 +2.166704451e+02 +4.2725e-03 -2.8653e-01 +6.2101e-01 +1.5815e+00 +2.9670e-01 -2.6458e-01 -6.6345e-01 -1.8799e-01 -9.3877e-01 +8.6562e-01
101 0 +1.494025717e+02 +2.141925717e+02 +2.141925717e+02 -1.8543e-01 -3.4860e-01 +4.8892e-01 +2.0407e+00 +4.5171e-01 -3.3315e-01 -1.0891e+00 -1.0676e-01 -1.4862e+00 +2.8921e-01
105 0 +1.171756935e+02 +1.819656935e+02 +1.819656935e+02 +5.2589e-01 -4.5238e-01 +3.2996e-01 +1.7533e+00 +9.9641e-01 -4.1816e-01 -1.4941e+00 -2.6212e-01 -6.6699e-01 +8.6398e-01
114 0 +1.070880594e+02 +1.718780594e+02 +1.718780594e+02 +1.7244e-01 -7.4232e-03 +7.2175e-01 +1.3506e+00 +1.3206e+00 -6.7578e-01 -1.6127e+00 +4.1988e-01 -1.2061e+00 +3.9100e-01
116 0 +9.991779191e+01 +1.647077919e+02 +1.647077919e+02 +1.0503e+00 -1.1775e+00 +3.2321e-01 +1.9998e+00 +8.3614e-01 -3.3875e-01 -2.0307e+00 -5.3647e-01 -4.8818e-01 +9.4240e-01
119 0 +9.146346838e+01 +1.562534684e+02 +1.562534684e+02 -1.0865e-01 -7.4471e-01 +6.4465e-01 +2.1694e+00 -7.9367e-02 -4.9353e-01 -1.9645e+00 +3.7257e-01 -1.4213e+00 +3.2442e-01
126 0 +8.765888969e+01 +1.524488897e+02 +1.524488897e+02 +2.7022e-01 -1.5252e+00 +6.0978e-01 +1.9000e+00 +8.7113e-01 -3.8047e-01 -1.8237e+00 +4.2733e-01 -1.3745e+00 +3.9728e-01
136 0 +6.133662178e+01 +1.261266218e+02 +1.261266218e+02 +6.8012e-01 -1.7419e+00 +6.7970e-01 +2.2811e+00 +3.5969e-01 -7.8572e-01 -1.9597e+00 +1.8928e-01 -1.5863e+00 +9.5711e-01
152 0 +5.929473701e+01 +1.240847370e+02 +1.240847370e+02 +9.1977e-01 -1.3946e+00 +8.3775e-01 +2.7061e+00 +1.6117e-01 -1.8370e+00 -1.8324e+00 +9.2758e-01 -2.2792e+00 +1.5570e+00
165 0 +4.159818537e+01 +1.063881854e+02 +1.063881854e+02 +6.6224e-01 -1.6559e+00 +4.7226e-02 +1.9274e+00 +7.2891e-01 -1.3002e+00 -2.6180e+00 +2.8671e-01 -1.7668e+00 +1.2002e+00
181 0 +2.702617202e+01 +9.181617202e+01 +9.181617202e+01 +7.5484e-01 -1.7082e+00 +1.1914e+00 +2.1544e+00 +7.7332e-01 -2.1449e+00 -2.7230e+00 +1.2559e+00 -2.0565e+00 +1.5691e+00
246 0 +2.623456272e+01 +9.102456272e+01 +9.102456272e+01 +1.3598e+00 -2.3314e-01 +1.1648e+00 +2.4148e+00 -8.1538e-02 -2.3836e+00 -2.2833e+00 +9.1381e-01 -2.6484e+00 +1.8312e+00
255 0 +2.519046347e+01 +8.998046347e+01 +8.998046347e+01 +9.8051e-01 -1.5457e-01 +1.4487e+00 +2.8116e+00 -1.1931e-01 -2.1258e+00 -2.5925e+00 +1.4310e+00 -2.7581e+00 +1.3317e+00
262 0 +2.337392490e+01 +8.816392490e+01 +8.816392490e+01 +1.7625e+00 -6.4787e-01 +1.3908e+00 +3.3785e+00 -1.3833e-01 -2.7439e+00 -3.0524e+00 +1.4693e+00 -3.5001e+00 +1.8865e+00
263 0 +2.263851589e+01 +8.742851589e+01 +8.742851589e+01 +7.5845e-01 +3.4448e-01 +1.6148e+00 +2.6897e+00 -7.6651e-01 -2.1419e+00 -3.0028e+00 +1.1966e+00 -3.0610e+00 +1.5393e+00
344 0 +2.162607318e+01 +8.641607318e+01 +8.641607318e+01 +2.0035e+00 +2.4807e-01 +2.3787e+00 +3.4895e+00 -7.1199e-01 -3.4798e+00 -2.4796e+00 +1.5998e+00 -5.4997e+00 +1.6830e+00
349 0 +1.770817958e+01 +8.249817958e+01 +8.249817958e+01 +1.0840e+00 -2.5685e-01 +2.0834e+00 +3.1614e+00 -9.3563e-01 -3.2428e+00 -3.0480e+00 +1.5846e+00 -4.5830e+00 +1.5865e+00
350 0 +1.526338279e+01 +8.005338279e+01 +8.005338279e+01 +9.8088e-01 +4.9305e-01 +1.6302e+00 +3.2258e+00 -4.4154e-01 -3.3353e+00 -2.9134e+00 +1.0300e+00 -4.5277e+00 +2.4160e+00
394 0 +1.452963272e+01 +7.931963272e+01 +7.931963272e+01 +1.0375e-01 -5.8506e-01 +2.4651e+00 +2.9901e+00 -8.9251e-01 -3.2303e+00 -2.9305e+00 +2.1261e+00 -4.0280e+00 +1.6141e+00
401 0 +1.433538683e+01 +7.912538683e+01 +7.912538683e+01 -5.8124e-02 -5.2030e-02 +1.9229e+00 +2.7944e+00 -4.6987e-01 -2.4121e+00 -3.0455e+00 +2.0592e+00 -3.6895e+00 +1.5556e+00
409 0 +1.044889913e+01 +7.523889913e+01 +7.523889913e+01 -2.5580e-01 -3.8815e-01 +2.1192e+00 +2.6985e+00 -1.0785e+00 -3.0229e+00 -2.8841e+00 +1.2410e+00 -3.7054e+00 +1.9310e+00
522 0 +8.745812697e+00 +7.353581270e+01 +7.353581270e+01 +3.0748e-01 +2.1333e-02 +9.0030e-01 +3.0293e+00 -1.3442e+00 -3.9824e+00 -2.7999e+00 -1.3755e-01 -5.2421e+00 +3.6659e+00
530 0 +8.590207011e+00 +7.338020701e+01 +7.338020701e+01 -3.7408e-01 -5.4944e-01 +1.4059e+00 +3.4220e+00 -1.4836e+00 -3.8680e+00 -3.2104e+00 -1.0540e-01 -4.6473e+00 +3.0278e+00
534 0 +6.869505804e+00 +7.165950580e+01 +7.165950580e+01 -4.5104e-01 -4.9505e-01 +1.7794e+00 +3.1545e+00 -1.4735e+00 -3.7367e+00 -3.0736e+00 +1.5958e-01 -4.7203e+00 +2.5470e+00
537 0 +6.341962062e+00 +7.113196206e+01 +7.113196206e+01 -4.8237e-01 -3.6028e-01 +1.6825e+00 +3.1549e+00 -1.0868e+00 -3.1527e+00 -2.7228e+00 +3.9348e-01 -4.6485e+00 +2.8812e+00
550 0 +4.952092390e+00 +6.974209239e+01 +6.974209239e+01 -3.5697e-01 -1.8608e-01 +1.3569e+00 +2.6322e+00 -7.8074e-01 -3.7025e+00 -2.5830e+00 -9.7319e-02 -5.0271e+00 +3.0078e+00
552 0 +4.458010351e+00 +6.924801035e+01 +6.924801035e+01 -2.6334e-01 -4.4012e-01 +8.6028e-01 +2.6978e+00 -6.9082e-01 -3.4970e+00 -2.9594e+00 -1.0468e-02 -4.1396e+00 +3.3895e+00
635 0 +3.657458164e+00 +6.844745816e+01 +6.844745816e+01 -7.1527e-01 -8.6190e-01 +7.7507e-01 +2.7573e+00 -1.0979e+00 -3.7677e+00 -3.2548e+00 -3.8721e-01 -4.2438e+00 +3.5868e+00
703 0 +3.187383247e+00 +6.797738325e+01 +6.797738325e+01 -5.7623e-01 -1.3612e+00 +6.1080e-01 +2.7043e+00 -7.8650e-01 -3.6260e+00 -3.2018e+00 -3.9463e-01 -4.1773e+00 +3.5038e+00
711 0 +3.115436942e+00 +6.790543694e+01 +6.790543694e+01 -5.5101e-01 -1.2760e+00 +7.6934e-01 +2.7195e+00 -7.0028e-01 -3.6843e+00 -3.2470e+00 -3.0444e-01 -4.3019e+00 +3.4069e+00
718 0 +3.069088129e+00 +6.785908813e+01 +6.785908813e+01 -6.9548e-01 -1.3821e+00 +7.3386e-01 +2.6093e+00 -5.9926e-01 -3.4390e+00 -3.2039e+00 -2.5695e-01 -4.1136e+00 +3.3357e+00
731 0 +2.957730921e+00 +6.774773092e+01 +6.774773092e+01 -9.7593e-01 -1.3319e+00 +3.3562e-01 +2.3029e+00 -6.7359e-01 -3.5953e+00 -3.2585e+00 -3.8733e-01 -3.8326e+00 +3.4915e+00
741 0 +2.916432778e+00 +6.770643278e+01 +6.770643278e+01 -9.6936e-01 -1.1523e+00 +6.5447e-01 +2.3537e+00 -8.1451e-01 -3.6183e+00 -3.3564e+00 -8.1498e-02 -3.9087e+00 +3.2309e+00
754 0 +2.290548801e+00 +6.708054880e+01 +6.708054880e+01 -8.2661e-01 -1.1995e+00 +7.8233e-01 +2.5448e+00 -6.8292e-01 -3.3460e+00 -3.1551e+00 -1.9583e-01 -3.7600e+00 +3.3199e+00
772 0 +2.144986102e+00 +6.693498610e+01 +6.693498610e+01 -1.1899e+00 -1.1473e+00 +9.0828e-01 +2.4057e+00 -8.0347e-01 -3.2814e+00 -3.3089e+00 +1.3103e-02 -3.7111e+00 +3.0444e+00
795 0 +2.081206308e+00 +6.687120631e+01 +6.687120631e+01 -1.4791e+00 -1.1621e+00 +2.7540e-01 +2.1887e+00 -5.0070e-01 -3.3306e+00 -3.4066e+00 -6.0009e-01 -3.3069e+00 +3.4474e+00
810 0 +1.768736531e+00 +6.655873653e+01 +6.655873653e+01 -1.9084e+00 -1.3165e+00 +5.8291e-01 +1.9809e+00 -4.8332e-01 -3.1822e+00 -3.4371e+00 -2.0676e-01 -3.2727e+00 +3.1074e+00
828 0 +1.652745094e+00 +6.644274509e+01 +6.644274509e+01 -1.7919e+00 -1.2534e+00 +4.6193e-01 +2.1560e+00 -5.7449e-01 -3.3028e+00 -3.4061e+00 -5.2202e-01 -3.4575e+00 +3.3761e+00
829 0 +1.420686767e+00 +6.621068677e+01 +6.621068677e+01 -1.7368e+00 -1.3683e+00 +4.2226e-01 +2.0981e+00 -5.4490e-01 -3.2005e+00 -3.4183e+00 -3.7289e-01 -3.3559e+00 +3.2213e+00
836 0 +1.317649046e+00 +6.610764905e+01 +6.610764905e+01 -1.8219e+00 -1.2077e+00 +5.0060e-01 +2.1206e+00 -5.9112e-01 -3.3482e+00 -3.4620e+00 -6.2256e-01 -3.4480e+00 +3.3748e+00
895 0 +1.192240883e+00 +6.598224088e+01 +6.598224088e+01 -1.4210e+00 -1.0867e+00 +4.5436e-01 +2.1068e+00 -6.9020e-01 -3.3546e+00 -3.4265e+00 -2.8610e-01 -3.8185e+00 +3.3665e+00
929 0 +1.132798474e+00 +6.592279847e+01 +6.592279847e+01 -1.4985e+00 -1.2335e+00 +4.1265e-01 +1.9951e+00 -5.4033e-01 -3.2995e+00 -3.4876e+00 -2.6844e-01 -3.7206e+00 +3.2017e+00
950 0 +1.119626700e+00 +6.590962670e+01 +6.590962670e+01 -1.5468e+00 -1.1957e+00 +4.8393e-01 +2.0630e+00 -5.9789e-01 -3.2058e+00 -3.4623e+00 -3.9293e-01 -3.7634e+00 +3.2618e+00
1010 0 +1.103263878e+00 +6.589326388e+01 +6.589326388e+01 -1.8127e+00 -1.2844e+00 +3.0397e-01 +1.9811e+00 -6.9164e-01 -3.2614e+00 -3.6068e+00 -3.6124e-01 -3.7125e+00 +3.2534e+00
% f evaluations | g evaluations | best noise-free fitness - Fopt (-1.000000000000e+03) + sum g_i+ | measured fitness | best measured fitness or single-digit g-values | x1 | x2...
1 0 +2.622648446e+02 -7.377351554e+02 -7.377351554e+02 +5.0716e-01 -1.3978e-01 +9.8461e-03 +1.2226e-01 -2.3668e-01 +6.1969e-04 -2.6712e-04 -5.2644e-01 +3.0531e-01 +1.8016e-01
2 0 +2.521729107e+02 -7.478270893e+02 -7.478270893e+02 -1.8763e-01 -5.1465e-02 +1.5159e-01 -7.8408e-02 -7.2826e-02 -4.3598e-01 +1.6638e-01 +3.7166e-02 +8.2341e-02 -4.5798e-01
3 0 +2.435004443e+02 -7.564995557e+02 -7.564995557e+02 +4.9521e-01 +4.6301e-02 -1.1614e-01 +6.0873e-01 -1.3616e-02 -4.3521e-01 -1.2157e-01 -6.8652e-01 +3.1483e-01 -1.2495e-01
4 0 +1.783578270e+02 -8.216421730e+02 -8.216421730e+02 -2.2277e-01 +3.2174e-01 -4.9533e-01 +1.6063e-01 -6.1934e-01 -1.9865e-01 -3.6128e-01 +4.3861e-01 +5.2987e-01 -9.8829e-02
40 0 +1.647630627e+02 -8.352369373e+02 -8.352369373e+02 -2.7952e-01 -2.9146e-01 -2.4942e-01 +3.7720e-01 -8.4700e-01 -1.0001e-01 -1.1846e-01 +2.3979e-01 +3.8124e-01 -6.3004e-01
44 0 +1.587408980e+02 -8.412591020e+02 -8.412591020e+02 +3.8876e-03 -1.0274e-01 -2.7330e-01 +2.4155e-01 -6.9839e-01 +3.0273e-01 +3.4283e-01 +2.0055e-01 +4.3981e-01 -3.1557e-01
52 0 +1.278444982e+02 -8.721555018e+02 -8.721555018e+02 +2.5803e-02 -1.0883e-01 -3.7514e-01 +1.6466e-01 -1.3241e+00 +1.5829e-01 -1.1469e-01 -4.0624e-01 +5.5131e-01 -1.3930e-01
66 0 +1.106850009e+02 -8.893149991e+02 -8.893149991e+02 -4.3786e-02 -3.1853e-01 -8.7619e-01 +3.1628e-01 -1.4631e+00 +5.1648e-01 +2.0398e-01 -6.0667e-01 +7.1293e-01 -4.1736e-01
71 0 +1.051233128e+02 -8.948766872e+02 -8.948766872e+02 +7.6927e-02 -4.0290e-01 -2.8664e-01 +3.6886e-01 -1.9171e+00 +7.2163e-01 -3.0658e-01 -5.0068e-01 +5.6090e-01 -4.6103e-01
84 0 +9.116730798e+01 -9.088326920e+02 -9.088326920e+02 +3.0664e-01 -1.7699e-01 -7.4538e-01 +5.2268e-01 -2.3206e+00 +1.1809e+00 -2.4420e-01 -6.1451e-01 +5.3550e-01 -4.3049e-01
85 0 +8.305689079e+01 -9.169431092e+02 -9.169431092e+02 +7.1207e-02 +7.4473e-03 -3.5255e-01 +4.5527e-01 -2.9758e+00 +1.1481e+00 -2.6270e-01 -7.4544e-01 +3.3995e-01 -1.3252e-01
93 0 +8.096441746e+01 -9.190355825e+02 -9.190355825e+02 -1.0799e-01 +7.4651e-02 -7.3891e-01 +4.8891e-01 -2.6686e+00 +1.2639e+00 +1.5771e-01 -4.6461e-01 +6.8448e-01 +4.7442e-01
96 0 +6.515695724e+01 -9.348430428e+02 -9.348430428e+02 -5.7420e-01 -2.3537e-01 -9.3513e-02 +5.5205e-02 -2.5337e+00 +5.9247e-01 -6.2256e-01 -3.0673e-01 +8.9955e-01 -6.0201e-01
97 0 +6.443240440e+01 -9.355675956e+02 -9.355675956e+02 +1.8177e-01 -3.8407e-01 +1.6329e-02 +4.9820e-01 -3.1619e+00 +1.3554e+00 -7.5912e-02 -4.4600e-01 +7.6813e-01 -5.4021e-01
103 0 +5.908072562e+01 -9.409192744e+02 -9.409192744e+02 -1.9897e-01 -9.7984e-01 -8.6167e-01 +2.3014e-01 -3.2216e+00 +1.0218e+00 -3.9419e-01 -5.0103e-01 +9.9184e-01 -6.0694e-01
112 0 +5.291794454e+01 -9.470820555e+02 -9.470820555e+02 +3.0338e-01 -2.8517e-01 -7.6699e-01 +4.5490e-01 -3.3326e+00 +1.3043e+00 -5.5305e-01 -2.3860e-01 +1.3468e+00 -7.9078e-01
124 0 +3.800751203e+01 -9.619924880e+02 -9.619924880e+02 -2.3400e-01 -6.5025e-01 +5.0565e-01 +8.9347e-01 -4.4030e+00 +1.9836e+00 -4.1709e-01 -9.8219e-02 +1.3991e+00 -3.5896e-01
125 0 +3.577083595e+01 -9.642291640e+02 -9.642291640e+02 -3.5766e-01 -9.0266e-01 -3.5701e-01 +6.3123e-01 -4.3382e+00 +1.5551e+00 -1.5599e-01 -1.1031e+00 +2.1206e+00 -4.3323e-01
139 0 +3.524314010e+01 -9.647568599e+02 -9.647568599e+02 -1.6936e-02 -1.4058e-01 -8.8443e-02 +1.3406e+00 -4.2602e+00 +1.8978e+00 -4.1078e-01 -1.6078e+00 +2.0052e+00 +6.8358e-01
177 0 +2.853830825e+01 -9.714616917e+02 -9.714616917e+02 -5.6285e-02 +1.5599e-01 +1.8444e-01 +4.7296e-01 -4.9763e+00 +3.8081e+00 -1.8704e+00 -6.7924e-01 +3.6679e+00 -1.9713e-01
193 0 +2.442847360e+01 -9.755715264e+02 -9.755715264e+02 -3.4556e-01 -4.4150e-02 -1.4066e+00 +1.7834e+00 -4.8752e+00 +3.7646e+00 -1.9535e+00 +8.5581e-02 +2.1164e+00 +7.8842e-01
215 0 +1.789505472e+01 -9.821049453e+02 -9.821049453e+02 -1.7418e+00 -1.0422e+00 -8.0411e-01 +9.9654e-01 -3.9769e+00 +1.2921e+00 -8.9151e-01 +3.2659e-02 +2.5898e+00 -2.0157e+00
249 0 +1.522409449e+01 -9.847759055e+02 -9.847759055e+02 -1.8901e+00 -1.0929e+00 -3.3158e-01 +1.4842e-01 -3.6878e+00 +1.1483e+00 -2.2033e+00 +4.5329e-01 +2.4592e+00 -1.8044e+00
255 0 +1.010848690e+01 -9.898915131e+02 -9.898915131e+02 -2.3129e+00 -4.0106e-01 -8.7504e-01 +7.7934e-01 -3.5870e+00 +1.5059e+00 -1.7107e+00 +3.7221e-01 +3.2274e+00 -1.9639e+00
374 0 +8.420937484e+00 -9.915790625e+02 -9.915790625e+02 -2.7926e+00 -4.5180e-01 -9.5818e-01 +8.6308e-01 -4.3447e+00 +1.5263e+00 -2.3207e+00 -1.8124e-01 +2.6277e+00 -1.6469e+00
511 0 +8.087999796e+00 -9.919120002e+02 -9.919120002e+02 -2.6678e+00 -6.3506e-01 -1.0629e+00 +1.0374e+00 -4.1990e+00 +1.7618e+00 -2.8723e+00 -1.1468e+00 +3.4235e+00 -6.9855e-01
519 0 +6.214387221e+00 -9.937856128e+02 -9.937856128e+02 -2.6010e+00 -3.0803e-01 -9.2832e-01 +1.1555e+00 -3.7764e+00 +1.4929e+00 -2.2420e+00 -7.1131e-01 +3.1762e+00 -5.6865e-01
537 0 +5.879006484e+00 -9.941209935e+02 -9.941209935e+02 -2.7018e+00 -7.4220e-01 -1.0730e+00 +1.0365e+00 -3.4778e+00 +1.9073e+00 -2.3803e+00 +2.6718e-02 +3.3625e+00 -1.0349e+00
542 0 +4.823841058e+00 -9.951761589e+02 -9.951761589e+02 -3.0036e+00 -7.7829e-01 -1.4341e+00 +1.0706e+00 -3.8084e+00 +1.4061e+00 -2.1539e+00 -1.0251e-01 +3.1275e+00 -1.1130e+00
584 0 +4.532580092e+00 -9.954674199e+02 -9.954674199e+02 -2.7975e+00 -7.7025e-01 -1.0878e+00 +7.2625e-01 -3.9906e+00 +1.5438e+00 -2.3171e+00 -3.8667e-01 +3.1155e+00 -8.4505e-01
601 0 +3.722525192e+00 -9.962774748e+02 -9.962774748e+02 -2.9736e+00 -8.0299e-01 -1.2742e+00 +5.7304e-01 -3.3796e+00 +1.5508e+00 -1.9224e+00 +4.6299e-02 +3.0896e+00 -1.0135e+00
621 0 +3.557993175e+00 -9.964420068e+02 -9.964420068e+02 -2.8321e+00 -7.2897e-01 -1.3992e+00 +5.6869e-01 -3.5654e+00 +1.8922e+00 -2.1508e+00 +2.0071e-01 +2.9634e+00 -6.3923e-01
757 0 +3.528449956e+00 -9.964715500e+02 -9.964715500e+02 -2.9266e+00 -9.5238e-01 -1.4432e+00 +3.4467e-01 -3.3660e+00 +1.8283e+00 -2.1040e+00 -7.6112e-03 +3.2127e+00 -8.4052e-01
1010 0 +3.528449956e+00 -9.964715500e+02 -9.964715500e+02 -2.9266e+00 -9.5238e-01 -1.4432e+00 +3.4467e-01 -3.3660e+00 +1.8283e+00 -2.1040e+00 -7.6112e-03 +3.2127e+00 -8.4052e-01
% f evaluations | g evaluations | best noise-free fitness - Fopt (1.640700000000e+02) + sum g_i+ | measured fitness | best measured fitness or single-digit g-values | x1 | x2...
1 0 +8.977445751e+02 +1.061814575e+03 +1.061814575e+03 +5.0716e-01 -1.3978e-01 +9.8461e-03 +1.2226e-01 -2.3668e-01 +6.1969e-04 -2.6712e-04 -5.2644e-01 +3.0531e-01 +1.8016e-01
2 0 +6.521113870e+02 +8.161813870e+02 +8.161813870e+02 -1.8763e-01 -5.1465e-02 +1.5159e-01 -7.8408e-02 -7.2826e-02 -4.3598e-01 +1.6638e-01 +3.7166e-02 +8.2341e-02 -4.5798e-01
11 0 +6.409418720e+02 +8.050118720e+02 +8.050118720e+02 -3.4886e-01 +1.8330e-01 -2.1199e-01 -7.0202e-02 -8.7254e-01 -4.0962e-02 +1.0602e-01 +1.5397e-02 +1.2462e-01 -3.3581e-01
13 0 +6.090928856e+02 +7.731628856e+02 +7.731628856e+02 -3.2080e-01 +8.2176e-02 -2.5276e-01 -2.1796e-01 -1.6498e-01 -2.4447e-01 -3.1963e-02 +1.9482e-01 +2.5555e-01 -1.4568e-01
15 0 +5.855075659e+02 +7.495775659e+02 +7.495775659e+02 -1.7273e-01 -2.7582e-01 -2.4112e-01 +5.2758e-01 -5.3731e-01 -4.7339e-01 +2.2431e-01 +3.3977e-01 +7.2288e-02 -6.1219e-01
18 0 +5.635102247e+02 +7.275802247e+02 +7.275802247e+02 -3.1425e-01 -2.9717e-03 +1.4226e-01 +1.0114e-01 +1.1585e-01 -6.5001e-01 +2.2515e-01 -1.1187e-01 -9.4839e-02 -2.7077e-01
22 0 +5.052186968e+02 +6.692886968e+02 +6.692886968e+02 -3.0392e-01 -1.1203e-01 +9.7634e-02 +3.4995e-01 -2.6787e-01 -4.1108e-01 +1.6339e-01 -1.9550e-01 +2.0579e-01 -6.3714e-01
25 0 +4.760021618e+02 +6.400721618e+02 +6.400721618e+02 -5.8210e-01 +1.8231e-01 -1.4496e-01 -1.9310e-01 -2.9918e-02 -1.1680e-01 +4.7708e-01 -3.7611e-01 +4.8224e-02 -2.6926e-01
36 0 +4.211064639e+02 +5.851764639e+02 +5.851764639e+02 -3.2111e-01 +7.4283e-01 +1.8584e-01 +1.9804e-01 +1.2213e-02 -6.9763e-01 +1.5658e-01 -8.7865e-01 -2.3201e-01 -1.8986e-01
45 0 +4.145216104e+02 +5.785916104e+02 +5.785916104e+02 -2.8310e-01 +8.1883e-01 -1.1504e-01 +1.0632e-01 +1.7680e-01 -7.1800e-01 +1.5364e-01 -1.6076e+00 -6.2747e-01 -2.9979e-01
52 0 +3.522461621e+02 +5.163161621e+02 +5.163161621e+02 -4.9628e-01 +6.1841e-01 -1.0218e+00 +2.4942e-01 +3.9268e-01 -1.1495e+00 +7.4035e-01 -7.2019e-01 -3.6827e-01 -6.4189e-01
56 0 +2.969298047e+02 +4.609998047e+02 +4.609998047e+02 -7.3643e-01 +6.3346e-01 -3.7048e-01 -1.8722e-01 -7.7339e-02 -6.9105e-01 +1.2578e-01 -1.3313e+00 -4.6422e-01 -1.1423e+00
65 0 +2.817723446e+02 +4.458423446e+02 +4.458423446e+02 -6.1532e-01 +6.9417e-01 -9.8083e-01 +3.6287e-01 +9.1395e-02 -8.7984e-01 +5.9224e-01 -1.2162e+00 -6.3596e-01 -1.0445e+00
66 0 +2.350181098e+02 +3.990881098e+02 +3.990881098e+02 -8.6552e-01 +1.2956e+00 -2.8493e-01 -1.0157e-02 +3.2894e-02 -1.7092e+00 +8.7798e-01 -1.9656e+00 -3.4289e-01 -1.4302e+00
69 0 +2.191396586e+02 +3.832096586e+02 +3.832096586e+02 -1.3174e+00 +1.2501e+00 -3.6648e-01 -1.5530e-01 -7.0721e-01 -9.7817e-01 -6.1360e-01 -9.7726e-01 -2.6553e-01 -9.5409e-01
74 0 +2.103004112e+02 +3.743704112e+02 +3.743704112e+02 -1.2885e-01 +1.3547e+00 -3.9070e-01 -3.2204e-01 -6.0588e-01 -1.3543e+00 -4.9194e-01 -1.4313e+00 -5.6479e-02 -1.8870e+00
76 0 +1.881053116e+02 +3.521753116e+02 +3.521753116e+02 -1.3224e+00 +1.1203e+00 -4.3354e-01 -1.5093e-01 -1.9874e-01 -8.9617e-01 +7.6139e-02 -2.5152e+00 -1.3788e+00 -1.4018e+00
81 0 +1.752064462e+02 +3.392764462e+02 +3.392764462e+02 -4.3683e-01 +1.7032e+00 -1.0953e+00 -2.5182e-02 -4.4404e-01 -1.2732e+00 +5.8875e-01 -2.1093e+00 -1.1140e+00 -1.4765e+00
91 0 +1.534566364e+02 +3.175266364e+02 +3.175266364e+02 -1.4684e+00 +1.5819e+00 -9.6472e-01 -1.2937e-01 -1.9309e-01 -2.0002e+00 +9.6202e-02 -2.7774e+00 -6.6853e-01 -2.3425e+00
99 0 +1.294015240e+02 +2.934715240e+02 +2.934715240e+02 -1.1443e+00 +1.3255e+00 -1.8508e+00 -1.3250e+00 -8.8837e-01 +7.0517e-01 -4.7429e-01 -2.1131e+00 -7.3010e-01 -2.3335e+00
111 0 +9.702331369e+01 +2.610933137e+02 +2.610933137e+02 -2.1184e+00 +1.5919e+00 -2.0708e+00 +1.3906e+00 +3.1917e-01 -1.5529e-01 -2.4918e-01 -6.6110e-01 -4.0567e-01 -3.3047e+00
123 0 +8.651135073e+01 +2.505813507e+02 +2.505813507e+02 -1.9916e+00 +1.7833e+00 -2.9132e+00 +6.8356e-01 -1.0830e+00 +2.9255e-01 +8.3176e-02 -8.2030e-01 -2.9603e-01 -2.1332e+00
154 0 +7.263395538e+01 +2.367039554e+02 +2.367039554e+02 -1.6456e+00 +2.9450e+00 -1.6083e+00 +6.6345e-01 -3.0125e-01 +2.0270e+00 +1.9670e-01 +2.6381e+00 -9.5663e-02 -3.0919e+00
175 0 +5.241843547e+01 +2.164884355e+02 +2.164884355e+02 -1.1259e+00 +2.6356e+00 -1.1521e+00 +4.7818e-01 -3.7969e-01 +1.9671e+00 +3.3424e-01 +2.6678e+00 +5.8922e-01 -3.5250e+00
188 0 +4.692445999e+01 +2.109944600e+02 +2.109944600e+02 +8.4403e-01 +3.4257e+00 -2.2185e+00 -4.8828e-01 -1.3967e+00 +1.2964e+00 +9.9353e-01 +3.9015e+00 +2.6285e+00 -6.1584e+00
196 0 +3.967150488e+01 +2.037415049e+02 +2.037415049e+02 -2.3730e-01 +3.8857e+00 -1.4882e+00 +7.0962e-02 -1.1869e+00 +2.2473e+00 -1.8953e-01 +3.3529e+00 +1.2118e+00 -5.2330e+00
200 0 +3.383781541e+01 +1.979078154e+02 +1.979078154e+02 -1.0211e+00 +1.3160e+00 -2.7658e+00 -2.2538e-01 -9.4042e-01 +1.1755e+00 +1.7835e-01 +2.5926e+00 +1.6441e+00 -5.6385e+00
237 0 +2.890924642e+01 +1.929792464e+02 +1.929792464e+02 -1.3532e+00 +3.6071e+00 -1.5768e+00 -6.5515e-01 -2.5813e+00 +3.5356e+00 -5.1531e-01 +4.7554e+00 +2.8833e+00 -4.9732e+00
251 0 +2.001261617e+01 +1.840826162e+02 +1.840826162e+02 -3.6647e+00 +2.6758e+00 -1.3912e+00 -1.3939e+00 -1.3906e+00 +2.3679e+00 -6.6855e-01 +4.0859e+00 +2.5964e+00 -3.7964e+00
321 0 +1.873655182e+01 +1.828065518e+02 +1.828065518e+02 -2.0469e+00 +3.6609e+00 -1.7780e+00 -2.5076e-01 -2.1338e+00 +3.3194e+00 +1.4354e-01 +3.8629e+00 +1.9619e+00 -4.2888e+00
327 0 +1.772863212e+01 +1.817986321e+02 +1.817986321e+02 -1.8184e+00 +3.0480e+00 -2.4335e+00 -5.6309e-02 -1.7961e+00 +3.6231e+00 +3.8103e-01 +2.7182e+00 +1.9937e+00 -4.1004e+00
342 0 +9.984332560e+00 +1.740543326e+02 +1.740543326e+02 -2.3132e+00 +3.5625e+00 -2.2164e+00 -1.6980e+00 -2.3454e+00 +3.0730e+00 +1.6104e-01 +4.4178e+00 +2.8569e+00 -4.3147e+00
361 0 +9.483993437e+00 +1.735539934e+02 +1.735539934e+02 -2.1568e+00 +4.5778e+00 -1.0527e+00 -2.1382e+00 -1.8194e+00 +3.4509e+00 +8.7033e-01 +4.9710e+00 +2.8451e+00 -3.7372e+00
384 0 +6.679517969e+00 +1.707495180e+02 +1.707495180e+02 -2.4718e+00 +3.5311e+00 -1.1206e+00 -2.0179e+00 -1.9334e+00 +2.1900e+00 +1.2159e+00 +4.1942e+00 +2.4660e+00 -3.4687e+00
437 0 +5.954112239e+00 +1.700241122e+02 +1.700241122e+02 -2.3338e+00 +4.0120e+00 -1.6992e+00 -2.0956e+00 -2.0712e+00 +3.6738e+00 +2.1933e+00 +4.4863e+00 +2.9775e+00 -3.6006e+00
489 0 +4.499518269e+00 +1.685695183e+02 +1.685695183e+02 -2.0895e+00 +4.3272e+00 -1.5196e+00 -2.3930e+00 -2.2986e+00 +3.6762e+00 +2.3812e+00 +3.7297e+00 +2.3091e+00 -3.1431e+00
518 0 +2.695812916e+00 +1.667658129e+02 +1.667658129e+02 -2.1784e+00 +4.3607e+00 -1.8678e+00 -2.4237e+00 -2.1298e+00 +3.7243e+00 +1.7057e+00 +3.6544e+00 +2.5047e+00 -3.3422e+00
548 0 +2.542001328e+00 +1.666120013e+02 +1.666120013e+02 -1.9032e+00 +4.8359e+00 -2.0303e+00 -2.4322e+00 -2.2702e+00 +3.7942e+00 +1.6951e+00 +3.8631e+00 +2.7800e+00 -3.6790e+00
574 0 +2.283023674e+00 +1.663530237e+02 +1.663530237e+02 -1.9524e+00 +4.8723e+00 -1.7656e+00 -2.6379e+00 -2.3067e+00 +3.9267e+00 +1.7759e+00 +3.9902e+00 +2.7862e+00 -3.3210e+00
599 0 +2.168358058e+00 +1.662383581e+02 +1.662383581e+02 -1.9584e+00 +4.6645e+00 -1.9615e+00 -2.4800e+00 -2.2479e+00 +3.6305e+00 +1.7866e+00 +4.0692e+00 +2.8345e+00 -3.4826e+00
673 0 +2.072478079e+00 +1.661424781e+02 +1.661424781e+02 -2.0955e+00 +4.6065e+00 -1.9235e+00 -2.4007e+00 -2.1976e+00 +3.8258e+00 +1.9629e+00 +3.8983e+00 +2.8371e+00 -3.4141e+00
798 0 +1.726084754e+00 +1.657960848e+02 +1.657960848e+02 -2.0862e+00 +4.4881e+00 -1.8890e+00 -2.4838e+00 -2.0734e+00 +3.3999e+00 +1.6807e+00 +3.8600e+00 +2.7068e+00 -3.3814e+00
823 0 +1.573208104e+00 +1.656432081e+02 +1.656432081e+02 -2.0112e+00 +4.4007e+00 -1.8683e+00 -2.4636e+00 -2.0310e+00 +3.1264e+00 +1.5402e+00 +3.8191e+00 +2.6648e+00 -3.4715e+00
828 0 +1.543004851e+00 +1.656130049e+02 +1.656130049e+02 -1.9795e+00 +4.4792e+00 -1.8941e+00 -2.4765e+00 -2.0878e+00 +3.4010e+00 +1.6324e+00 +3.8785e+00 +2.6882e+00 -3.4956e+00
853 0 +1.479432594e+00 +1.655494326e+02 +1.655494326e+02 -2.0583e+00 +4.2348e+00 -1.9133e+00 -2.3603e+00 -1.9198e+00 +3.0777e+00 +1.5011e+00 +3.7847e+00 +2.6485e+00 -3.4346e+00
870 0 +1.407262404e+00 +1.654772624e+02 +1.654772624e+02 -2.0912e+00 +4.2286e+00 -2.0206e+00 -2.3622e+00 -2.0405e+00 +3.2007e+00 +1.6829e+00 +3.7477e+00 +2.6521e+00 -3.4581e+00
902 0 +1.359500448e+00 +1.654295004e+02 +1.654295004e+02 -2.1670e+00 +4.2789e+00 -2.0078e+00 -2.4343e+00 -2.0771e+00 +3.3618e+00 +1.6621e+00 +3.7844e+00 +2.6733e+00 -3.4621e+00
928 0 +1.337979899e+00 +1.654079799e+02 +1.654079799e+02 -2.1099e+00 +4.2747e+00 -1.9961e+00 -2.3798e+00 -2.0493e+00 +3.2479e+00 +1.5153e+00 +3.7942e+00 +2.6262e+00 -3.4829e+00
1010 0 +1.337979899e+00 +1.654079799e+02 +1.654079799e+02 -2.1099e+00 +4.2747e+00 -1.9961e+00 -2.3798e+00 -2.0493e+00 +3.2479e+00 +1.5153e+00 +3.7942e+00 +2.6262e+00 -3.4829e+00
% f evaluations | g evaluations | best noise-free fitness - Fopt (-1.656800000000e+02) + sum g_i+ | measured fitness | best measured fitness or single-digit g-values | x1 | x2...
1 0 +1.352603960e+02 -3.041960400e+01 -3.041960400e+01 +5.0716e-01 -1.3978e-01 +9.8461e-03 +1.2226e-01 -2.3668e-01 +6.1969e-04 -2.6712e-04 -5.2644e-01 +3.0531e-01 +1.8016e-01
2 0 +1.045544867e+02 -6.112551332e+01 -6.112551332e+01 -1.8763e-01 -5.1465e-02 +1.5159e-01 -7.8408e-02 -7.2826e-02 -4.3598e-01 +1.6638e-01 +3.7166e-02 +8.2341e-02 -4.5798e-01
4 0 +7.427633389e+01 -9.140366611e+01 -9.140366611e+01 -2.2277e-01 +3.2174e-01 -4.9533e-01 +1.6063e-01 -6.1934e-01 -1.9865e-01 -3.6128e-01 +4.3861e-01 +5.2987e-01 -9.8829e-02
20 0 +4.687129632e+01 -1.188087037e+02 -1.188087037e+02 +9.8504e-02 +6.5474e-01 -1.4981e-02 +9.0751e-01 +8.1997e-02 -9.7601e-02 +2.1683e-01 +5.7278e-01 +7.2947e-02 +3.2445e-01
22 0 +4.327573665e+01 -1.224042634e+02 -1.224042634e+02 -4.5617e-02 +5.4554e-01 -3.9329e-01 +6.8610e-01 -8.4881e-02 -4.2607e-01 -6.1910e-02 +7.0410e-01 +1.5806e-02 +1.4723e-01
40 0 +3.416258982e+01 -1.315174102e+02 -1.315174102e+02 -1.5430e-01 +6.1171e-01 +1.0992e-01 +1.3240e+00 -5.0435e-02 -2.6971e-02 +9.3017e-02 +8.9881e-01 -2.2578e-01 +1.8828e-01
41 0 +3.307402863e+01 -1.326059714e+02 -1.326059714e+02 -6.2691e-02 +6.6295e-01 -2.8346e-01 +6.8690e-01 -4.9280e-01 -9.6915e-01 -1.2111e-01 +1.1932e+00 -4.1932e-01 +1.7153e-02
54 0 +3.137657241e+01 -1.343034276e+02 -1.343034276e+02 -1.6043e-01 +4.3736e-01 -4.8880e-01 +1.4510e+00 -1.0484e-01 -5.5444e-01 +2.1655e-01 +1.2231e+00 -2.5646e-01 -3.8265e-01
69 0 +2.969422454e+01 -1.359857755e+02 -1.359857755e+02 +2.6326e-01 +8.5524e-01 +1.5849e-01 +1.6434e+00 +5.6882e-01 -1.1638e+00 +3.1792e-02 +1.3699e+00 +3.6336e-02 +2.0690e-01
79 0 +2.384849752e+01 -1.418315025e+02 -1.418315025e+02 +9.8612e-02 +5.0368e-01 -2.1924e-01 +9.8054e-01 +1.1944e-02 -1.4995e+00 -1.7916e-01 +1.0603e+00 -5.6400e-01 -2.8036e-01
101 0 +2.079607700e+01 -1.448839230e+02 -1.448839230e+02 +4.7932e-02 +1.1065e+00 -4.0037e-01 +1.2040e+00 +4.4872e-01 -1.6063e+00 +1.0284e-01 +1.7026e+00 -4.4310e-01 +8.0377e-02
111 0 +1.442197782e+01 -1.512580222e+02 -1.512580222e+02 -6.9703e-01 +4.5011e-01 -1.0972e-01 +1.3254e+00 +7.2344e-01 -1.6497e+00 +2.9783e-01 +1.8545e+00 -1.4293e-01 -1.0763e-01
126 0 +1.329685064e+01 -1.523831494e+02 -1.523831494e+02 -1.1048e+00 +6.5944e-01 +9.0844e-02 +1.1930e+00 +6.7144e-01 -1.6388e+00 +3.7992e-01 +1.9646e+00 -2.0147e-01 -2.0664e-01
131 0 +9.664690080e+00 -1.560153099e+02 -1.560153099e+02 -9.0024e-01 +3.7258e-01 +3.4994e-01 +1.6202e+00 +6.1274e-01 -1.3455e+00 -1.8572e-02 +1.6921e+00 -2.0920e-01 -3.9120e-01
137 0 +8.096111142e+00 -1.575838889e+02 -1.575838889e+02 -6.7577e-01 +5.9465e-01 +1.8352e-01 +1.2008e+00 +1.2405e+00 -1.3420e+00 +2.7612e-01 +1.9513e+00 +3.3471e-01 -1.1800e-01
239 0 +6.973145756e+00 -1.587068542e+02 -1.587068542e+02 -8.0580e-01 +1.3536e-01 +8.9166e-01 +1.9315e+00 +1.4817e+00 -2.2192e+00 -7.7313e-01 +2.3139e+00 -6.7388e-01 +6.0967e-01
265 0 +5.625206648e+00 -1.600547934e+02 -1.600547934e+02 -1.2903e+00 -1.2160e-01 +6.7504e-01 +2.1182e+00 +1.1988e+00 -2.6539e+00 -6.9567e-01 +2.4025e+00 -6.1299e-01 +3.0852e-01
279 0 +4.583216183e+00 -1.610967838e+02 -1.610967838e+02 -1.2327e+00 -1.0890e-01 +1.1811e+00 +1.7576e+00 +1.4107e+00 -3.5593e+00 -5.6231e-01 +2.2915e+00 -5.2012e-01 -6.7918e-02
326 0 +3.245207991e+00 -1.624347920e+02 -1.624347920e+02 -1.0909e+00 +4.5876e-01 +1.2380e+00 +1.9990e+00 +1.3102e+00 -2.8989e+00 +2.3696e-01 +2.3770e+00 +4.1615e-02 +2.8015e-02
332 0 +3.132041442e+00 -1.625479586e+02 -1.625479586e+02 -8.5262e-01 +1.9128e-01 +1.2976e+00 +2.0538e+00 +1.4482e+00 -3.3749e+00 +3.3134e-01 +2.8179e+00 +4.0109e-03 -4.1507e-01
347 0 +1.697279844e+00 -1.639827202e+02 -1.639827202e+02 -1.1085e+00 -1.7758e-01 +1.5502e+00 +1.9231e+00 +1.5122e+00 -3.0590e+00 +4.2163e-01 +2.8975e+00 +3.6334e-01 -6.6057e-01
378 0 +1.606140741e+00 -1.640738593e+02 -1.640738593e+02 -1.1193e+00 +7.9959e-02 +1.1229e+00 +1.8287e+00 +1.2487e+00 -3.3512e+00 +8.3362e-02 +2.9500e+00 +1.3671e-02 -3.7617e-01
512 0 +1.475926352e+00 -1.642040736e+02 -1.642040736e+02 -1.0972e+00 -7.2775e-02 +9.0781e-01 +1.7782e+00 +1.5598e+00 -3.0428e+00 -1.4632e-01 +2.8239e+00 +1.2100e-02 -2.3373e-01
525 0 +1.434768344e+00 -1.642452317e+02 -1.642452317e+02 -1.0903e+00 -6.4119e-02 +1.0551e+00 +1.8133e+00 +1.5744e+00 -2.9758e+00 -4.1886e-02 +2.8140e+00 +5.9626e-02 -2.0807e-01
526 0 +1.399064033e+00 -1.642809360e+02 -1.642809360e+02 -1.0927e+00 -1.0023e-01 +9.4099e-01 +1.8203e+00 +1.5624e+00 -2.9355e+00 -2.3726e-01 +2.6881e+00 -1.1080e-01 +1.3407e-03
554 0 +1.364882765e+00 -1.643151172e+02 -1.643151172e+02 -1.1164e+00 -1.0798e-01 +9.0748e-01 +1.8493e+00 +1.5600e+00 -3.0123e+00 -1.7573e-01 +2.7758e+00 +5.8043e-02 -1.6749e-01
565 0 +1.346671398e+00 -1.643333286e+02 -1.643333286e+02 -1.1376e+00 -8.1162e-02 +1.0302e+00 +1.8817e+00 +1.5800e+00 -2.9292e+00 -1.4554e-01 +2.7159e+00 -3.1780e-02 -1.1542e-01
800 0 +1.318082511e+00 -1.643619175e+02 -1.643619175e+02 -1.1745e+00 -9.0252e-02 +1.0192e+00 +1.8183e+00 +1.5542e+00 -2.9212e+00 -8.6103e-02 +2.6711e+00 +1.7881e-02 -9.7114e-02
1010 0 +1.318082511e+00 -1.643619175e+02 -1.643619175e+02 -1.1745e+00 -9.0252e-02 +1.0192e+00 +1.8183e+00 +1.5542e+00 -2.9212e+00 -8.6103e-02 +2.6711e+00 +1.7881e-02 -9.7114e-02
% f evaluations | g evaluations | best noise-free fitness - Fopt (9.284000000000e+01) + sum g_i+ | measured fitness | best measured fitness or single-digit g-values | x1 | x2...
1 0 +5.599910320e+02 +6.528310320e+02 +6.528310320e+02 +5.0716e-01 -1.3978e-01 +9.8461e-03 +1.2226e-01 -2.3668e-01 +6.1969e-04 -2.6712e-04 -5.2644e-01 +3.0531e-01 +1.8016e-01
3 0 +4.673375551e+02 +5.601775551e+02 +5.601775551e+02 +4.9521e-01 +4.6301e-02 -1.1614e-01 +6.0873e-01 -1.3616e-02 -4.3521e-01 -1.2157e-01 -6.8652e-01 +3.1483e-01 -1.2495e-01
11 0 +3.987175482e+02 +4.915575482e+02 +4.915575482e+02 +1.3890e-01 -4.9104e-01 -1.4313e-02 +8.1784e-01 +4.7543e-01 -4.7596e-01 -3.4243e-01 -4.7600e-01 -1.3312e-01 -2.5393e-01
25 0 +3.595318025e+02 +4.523718025e+02 +4.523718025e+02 +4.0506e-01 -6.3423e-01 -3.5544e-01 +8.7557e-01 +3.1822e-01 -2.6047e-01 -9.7999e-01 -4.2776e-01 +7.8392e-01 -5.7731e-02
31 0 +2.794592571e+02 +3.722992571e+02 +3.722992571e+02 +8.5294e-02 -2.9259e-01 -5.9528e-02 +1.2837e+00 +8.4968e-01 -3.8528e-01 -1.0114e+00 -3.0712e-01 +1.2775e+00 -1.3155e-01
35 0 +2.548916708e+02 +3.477316708e+02 +3.477316708e+02 +4.8358e-02 -2.4875e-01 -2.7563e-01 +9.0083e-01 +3.4391e-01 +8.0327e-02 -5.3794e-01 -1.3912e+00 +9.2952e-01 -1.3569e-01
42 0 +1.427393163e+02 +2.355793163e+02 +2.355793163e+02 +6.0820e-02 -5.5327e-01 -1.1150e+00 +1.6025e+00 +8.1375e-01 -8.8983e-01 -1.8197e+00 -1.6219e+00 +1.2854e+00 -3.4625e-01
45 0 +1.242848483e+02 +2.171248483e+02 +2.171248483e+02 +5.5377e-02 -7.8396e-01 -7.1778e-01 +1.9622e+00 +3.0299e-01 +3.5531e-02 -1.1724e+00 -2.1366e+00 +1.6554e+00 -6.5211e-01
51 0 +9.590233345e+01 +1.887423334e+02 +1.887423334e+02 +5.9566e-01 -1.3836e-01 -8.5850e-01 +1.8098e+00 +4.5170e-01 +6.6797e-01 -1.2672e+00 -2.4252e+00 +8.1077e-01 +2.3274e-01
62 0 +9.354953013e+01 +1.863895301e+02 +1.863895301e+02 +3.1334e-01 -7.4593e-01 -1.3650e+00 +1.2963e+00 -3.6694e-02 +2.6167e-01 -1.5996e+00 -2.1661e+00 +7.9155e-01 +7.5100e-01
65 0 +8.434318022e+01 +1.771831802e+02 +1.771831802e+02 +3.3700e-02 -3.8007e-01 -1.8226e+00 +1.2841e+00 +6.2378e-01 +6.2163e-01 -1.2450e+00 -2.6135e+00 +1.1919e+00 +1.7285e-01
66 0 +4.905246222e+01 +1.418924622e+02 +1.418924622e+02 +4.4238e-01 +4.8178e-01 -1.5811e+00 +2.2240e+00 +1.6678e-01 -8.6158e-02 -2.5074e+00 -4.0081e+00 +2.0479e+00 -1.2393e-01
77 0 +4.808931235e+01 +1.409293124e+02 +1.409293124e+02 +1.3487e+00 -5.3471e-01 -1.5763e+00 +3.3778e+00 +1.0043e+00 +2.0609e-01 -1.9973e+00 -3.1756e+00 +2.4407e+00 -4.0892e-02
160 0 +4.330173693e+01 +1.361417369e+02 +1.361417369e+02 +8.6149e-01 -1.7511e+00 -1.5860e+00 +8.1692e-01 +1.4045e+00 -2.6208e-01 -1.5940e+00 -3.4676e+00 +1.6070e+00 +9.5741e-01
161 0 +4.005576302e+01 +1.328957630e+02 +1.328957630e+02 -5.5349e-01 -8.5810e-01 -9.2019e-01 +1.8278e+00 +5.6804e-01 -6.2007e-01 -1.1487e+00 -2.2129e+00 +2.2326e+00 +1.0021e+00
196 0 +3.817996522e+01 +1.310199652e+02 +1.310199652e+02 +6.8331e-01 -1.0278e+00 -1.9735e+00 +2.0265e+00 +1.0539e+00 -1.1918e-01 -2.1020e+00 -2.7913e+00 +1.8480e+00 +1.6796e+00
207 0 +2.846611140e+01 +1.213061114e+02 +1.213061114e+02 +8.2094e-01 -7.1426e-01 -1.8972e+00 +1.4989e+00 +9.6804e-01 +4.9986e-01 -1.9932e+00 -1.9826e+00 +2.3313e+00 +1.4215e+00
219 0 +2.487642249e+01 +1.177164225e+02 +1.177164225e+02 +7.8609e-01 -1.2330e+00 -2.6566e+00 +1.7483e+00 +6.6509e-01 +9.6897e-01 -1.5566e+00 -2.8481e+00 +1.8362e+00 +1.0512e+00
235 0 +2.198359967e+01 +1.148235997e+02 +1.148235997e+02 +1.3513e+00 -1.2123e+00 -2.4709e+00 +2.0560e+00 +1.1121e+00 +8.5720e-01 -1.7430e+00 -3.0991e+00 +1.5420e+00 +8.9510e-01
255 0 +2.061643282e+01 +1.134564328e+02 +1.134564328e+02 +1.5308e+00 -1.2345e+00 -2.6901e+00 +2.2644e+00 +8.6588e-01 +1.0574e+00 -1.5911e+00 -2.5952e+00 +1.8973e+00 +1.1417e+00
271 0 +1.737231966e+01 +1.102123197e+02 +1.102123197e+02 +2.1738e+00 -1.1558e+00 -3.2721e+00 +1.9236e+00 +1.3543e+00 +1.2209e+00 -8.1752e-01 -2.8353e+00 +2.0145e+00 +8.7080e-01
281 0 +1.604454869e+01 +1.088845487e+02 +1.088845487e+02 +2.1268e+00 -1.0447e+00 -2.8376e+00 +2.1295e+00 +1.7302e+00 +1.5322e+00 -1.0312e+00 -3.1419e+00 +2.1561e+00 +1.0049e+00
295 0 +1.307360588e+01 +1.059136059e+02 +1.059136059e+02 +2.0727e+00 -7.1047e-01 -3.8984e+00 +2.2667e+00 +1.3685e+00 +2.0102e+00 -1.2999e+00 -3.8441e+00 +1.7461e+00 +8.5341e-01
297 0 +1.251730083e+01 +1.053573008e+02 +1.053573008e+02 +1.3819e+00 -1.0774e+00 -2.2374e+00 +1.8759e+00 +6.9359e-01 +1.2311e+00 -8.0727e-01 -2.4583e+00 +2.6681e+00 +1.6749e+00
302 0 +1.069539782e+01 +1.035353978e+02 +1.035353978e+02 +1.4327e+00 -1.1693e+00 -2.6410e+00 +2.1330e+00 +1.1661e+00 +1.3864e+00 -6.4149e-01 -2.8976e+00 +2.4692e+00 +1.4309e+00
308 0 +9.472596845e+00 +1.023125968e+02 +1.023125968e+02 +2.1258e+00 -9.3161e-01 -3.1274e+00 +1.8018e+00 +1.3184e+00 +1.7842e+00 -1.0404e+00 -3.0781e+00 +2.5414e+00 +1.1685e+00
318 0 +8.557780260e+00 +1.013977803e+02 +1.013977803e+02 +2.0306e+00 -1.0238e+00 -3.1226e+00 +1.5641e+00 +1.4293e+00 +1.8312e+00 -7.2775e-01 -3.3904e+00 +2.6121e+00 +1.3032e+00
361 0 +8.349222856e+00 +1.011892229e+02 +1.011892229e+02 +1.5654e+00 -7.8378e-01 -3.4003e+00 +2.0597e+00 +7.1130e-01 +2.1643e+00 -3.1570e-01 -2.8469e+00 +3.5646e+00 +2.1540e+00
371 0 +7.073929195e+00 +9.991392919e+01 +9.991392919e+01 +1.3732e+00 -1.0937e+00 -2.4289e+00 +1.9335e+00 +9.0603e-01 +1.7805e+00 -2.7712e-01 -2.7068e+00 +2.8434e+00 +1.7984e+00
388 0 +6.504431520e+00 +9.934443152e+01 +9.934443152e+01 +1.6181e+00 -9.9887e-01 -3.0734e+00 +1.2697e+00 +7.7292e-01 +2.3549e+00 +4.4603e-01 -3.1180e+00 +3.1567e+00 +1.9282e+00
404 0 +6.211331512e+00 +9.905133151e+01 +9.905133151e+01 +1.6570e+00 -1.3742e+00 -3.0420e+00 +1.7464e+00 +5.2260e-01 +1.9901e+00 +2.9344e-01 -2.2405e+00 +3.4800e+00 +2.2852e+00
420 0 +4.317343379e+00 +9.715734338e+01 +9.715734338e+01 +1.5939e+00 -1.1672e+00 -3.2038e+00 +1.4407e+00 +3.8326e-01 +2.1416e+00 +4.5313e-01 -2.9963e+00 +2.7200e+00 +2.4217e+00
424 0 +2.820237939e+00 +9.566023794e+01 +9.566023794e+01 +1.5857e+00 -1.3821e+00 -3.3800e+00 +1.8215e+00 +2.0923e-01 +2.2103e+00 +9.7334e-01 -2.0659e+00 +3.5211e+00 +2.7808e+00
525 0 +2.745736726e+00 +9.558573673e+01 +9.558573673e+01 +1.5637e+00 -1.2585e+00 -3.6289e+00 +1.6311e+00 +9.4100e-01 +1.7749e+00 +7.2196e-01 -2.4539e+00 +2.6653e+00 +2.1016e+00
584 0 +2.676245605e+00 +9.551624561e+01 +9.551624561e+01 +1.7348e+00 -1.2632e+00 -3.7242e+00 +1.4073e+00 +8.5211e-01 +1.9102e+00 +6.0091e-01 -2.7266e+00 +2.7777e+00 +2.1091e+00
1010 0 +2.676245605e+00 +9.551624561e+01 +9.551624561e+01 +1.7348e+00 -1.2632e+00 -3.7242e+00 +1.4073e+00 +8.5211e-01 +1.9102e+00 +6.0091e-01 -2.7266e+00 +2.7777e+00 +2.1091e+00
% f evaluations | g evaluations | best noise-free fitness - Fopt (-3.679200000000e+02) + sum g_i+ | measured fitness | best measured fitness or single-digit g-values | x1 | x2...
1 0 +8.327069664e+01 -2.846493034e+02 -2.846493034e+02 +5.0716e-01 -1.3978e-01 +9.8461e-03 +1.2226e-01 -2.3668e-01 +6.1969e-04 -2.6712e-04 -5.2644e-01 +3.0531e-01 +1.8016e-01
10 0 +6.801176757e+01 -2.999082324e+02 -2.999082324e+02 +1.6462e-01 +2.0299e-01 -3.6727e-03 -2.2699e-02 -2.0210e-01 -1.6761e-02 +6.7800e-01 +2.6072e-01 -1.0264e-01 -1.4158e-01
33 0 +6.560673669e+01 -3.023132633e+02 -3.023132633e+02 +5.6937e-01 +2.8027e-02 -1.8035e-01 +6.3172e-02 +5.0719e-01 +2.2228e-01 +4.7296e-01 +4.4167e-01 +4.8425e-01 +1.5717e-01
44 0 +5.281213136e+01 -3.151078686e+02 -3.151078686e+02 +5.6426e-01 -2.7551e-01 +1.3920e-01 +8.8658e-02 +1.9967e-01 +8.8428e-02 +2.0248e-01 +3.1433e-01 +3.1837e-01 +2.8990e-01
52 0 +4.457589296e+01 -3.233441070e+02 -3.233441070e+02 +3.0325e-01 -2.7031e-01 +1.6993e-02 -3.4244e-02 +1.4986e-01 -3.3626e-02 +7.2374e-01 +6.4270e-01 -3.3186e-01 +5.2485e-01
65 0 +4.005558284e+01 -3.278644172e+02 -3.278644172e+02 +3.2127e-01 -1.0730e-01 +2.1254e-01 -1.7661e-01 +5.0992e-01 -6.2708e-02 +7.7455e-01 +3.4395e-01 -1.1324e-01 +4.8386e-01
75 0 +3.800969899e+01 -3.299103010e+02 -3.299103010e+02 +3.0916e-01 -5.1766e-01 +4.6477e-01 +2.9014e-01 +3.9216e-01 +2.9632e-01 +1.0085e+00 +8.6727e-01 -1.7972e-01 +8.7941e-01
77 0 +3.023692011e+01 -3.376830799e+02 -3.376830799e+02 +4.0178e-01 -4.5088e-01 +6.4558e-01 -4.3675e-01 +5.7926e-01 +1.0639e-01 +7.9278e-01 +5.8205e-01 -1.3048e-01 +5.1971e-01
92 0 +2.798313744e+01 -3.399368626e+02 -3.399368626e+02 +2.6786e-01 -3.4255e-01 +5.2708e-01 -3.5528e-01 +3.5680e-01 -2.3430e-01 +1.0279e+00 +7.8540e-01 -3.8621e-01 +5.8020e-01
96 0 +2.700531242e+01 -3.409146876e+02 -3.409146876e+02 +2.8619e-01 -3.8910e-01 +1.3242e+00 -8.5740e-02 +2.4116e-01 +5.4998e-02 +8.2012e-01 +5.5293e-01 -5.2066e-01 +6.3459e-01
100 0 +2.286442334e+01 -3.450555767e+02 -3.450555767e+02 +7.9984e-01 -5.3229e-01 +9.1823e-01 -4.3964e-01 +4.9112e-01 +8.6375e-02 +1.0019e+00 +5.5404e-01 -1.7979e-01 +8.5378e-01
112 0 +1.958870658e+01 -3.483312934e+02 -3.483312934e+02 +8.8029e-01 -9.6201e-01 +1.2939e+00 -2.6957e-01 +7.4467e-01 +3.2732e-01 +1.2343e+00 +8.1917e-01 -4.4817e-01 +4.4074e-01
131 0 +1.542177468e+01 -3.524982253e+02 -3.524982253e+02 +7.5133e-01 -9.5965e-01 +1.1746e+00 -4.4883e-01 +5.8845e-01 +4.6740e-02 +1.1802e+00 +8.6387e-01 -6.1401e-01 +8.6750e-01
143 0 +1.180691037e+01 -3.561130896e+02 -3.561130896e+02 +1.0512e+00 -9.9691e-01 +1.4780e+00 +5.2632e-02 +3.1462e-01 -3.2265e-01 +1.2871e+00 +3.9261e-01 -9.0650e-01 +7.0535e-01
153 0 +1.108719604e+01 -3.568328040e+02 -3.568328040e+02 +6.3519e-01 -2.5330e-01 +1.4672e+00 -2.8335e-01 +9.5058e-01 -2.3748e-02 +1.7050e+00 +3.2637e-01 -5.6878e-01 +5.0138e-01
176 0 +1.044117451e+01 -3.574788255e+02 -3.574788255e+02 +5.5489e-01 -9.1022e-01 +1.6052e+00 -2.7566e-02 +7.3884e-01 -8.6828e-02 +1.6234e+00 +8.3615e-02 -5.5750e-01 +5.5188e-01
184 0 +8.969874527e+00 -3.589501255e+02 -3.589501255e+02 +9.3882e-01 -9.9731e-01 +1.6233e+00 +3.5603e-01 +8.8457e-01 -1.0175e-01 +1.4105e+00 +1.5442e-01 -6.8837e-01 +5.5574e-02
213 0 +6.180493857e+00 -3.617395061e+02 -3.617395061e+02 +9.0422e-01 -1.3832e+00 +2.8736e+00 +8.1559e-01 +6.8262e-01 +3.7350e-01 +2.3620e+00 +3.6540e-01 -7.2427e-01 +2.3549e-01
226 0 +5.219085270e+00 -3.627009147e+02 -3.627009147e+02 +1.2577e+00 -1.6814e+00 +2.6008e+00 +6.8448e-01 +2.5218e-01 +1.4770e-01 +1.9929e+00 +7.0957e-01 -5.0465e-01 +3.2968e-01
239 0 +5.003158201e+00 -3.629168418e+02 -3.629168418e+02 +8.8285e-01 -9.1699e-01 +2.4405e+00 +9.8712e-01 -1.8445e-01 -8.4926e-02 +1.8310e+00 +5.6212e-01 -6.2011e-01 +2.7195e-01
305 0 +4.761840206e+00 -3.631581598e+02 -3.631581598e+02 +1.2439e+00 -7.5325e-01 +2.7949e+00 +7.3291e-01 +6.5209e-01 -1.0515e-01 +1.8831e+00 +5.8557e-01 +1.3436e-01 +7.6796e-01
318 0 +3.973186145e+00 -3.639468139e+02 -3.639468139e+02 +1.1776e+00 -8.4305e-01 +2.1836e+00 +4.5853e-01 +1.1655e+00 -2.0409e-01 +1.9373e+00 +4.9832e-01 -2.1146e-01 +1.9344e-01
392 0 +3.009532732e+00 -3.649104673e+02 -3.649104673e+02 +1.0726e+00 -1.2812e+00 +2.4408e+00 +7.0656e-01 +9.7715e-01 -2.7424e-01 +2.1459e+00 +3.7691e-01 -2.0849e-01 +1.9774e-01
497 0 +2.907388981e+00 -3.650126110e+02 -3.650126110e+02 +1.1683e+00 -1.7135e+00 +2.8883e+00 +1.0937e+00 +1.8476e-01 -1.2180e-01 +2.3015e+00 +3.5823e-01 -4.0567e-01 +6.9706e-02
505 0 +2.834537188e+00 -3.650854628e+02 -3.650854628e+02 +1.2351e+00 -1.7065e+00 +2.9713e+00 +1.3635e+00 -2.0211e-02 -2.9323e-01 +2.3250e+00 +3.7831e-01 -5.3323e-01 +1.7500e-01
560 0 +2.663893964e+00 -3.652561060e+02 -3.652561060e+02 +1.0400e+00 -1.7539e+00 +3.0792e+00 +1.4822e+00 -1.6171e-02 -3.2216e-01 +2.2617e+00 +4.5944e-01 -4.8786e-01 +1.3949e-01
1010 0 +2.663893964e+00 -3.652561060e+02 -3.652561060e+02 +1.0400e+00 -1.7539e+00 +3.0792e+00 +1.4822e+00 -1.6171e-02 -3.2216e-01 +2.2617e+00 +4.5944e-01 -4.8786e-01 +1.3949e-01
% f evaluations | g evaluations | best noise-free fitness - Fopt (4.950000000000e+01) + sum g_i+ | measured fitness | best measured fitness or single-digit g-values | x1 | x2...
1 0 +6.792065566e+02 +7.287065566e+02 +7.287065566e+02 +5.0716e-01 -1.3978e-01 +9.8461e-03 +1.2226e-01 -2.3668e-01 +6.1969e-04 -2.6712e-04 -5.2644e-01 +3.0531e-01 +1.8016e-01
4 0 +5.477339189e+02 +5.972339189e+02 +5.972339189e+02 -2.2277e-01 +3.2174e-01 -4.9533e-01 +1.6063e-01 -6.1934e-01 -1.9865e-01 -3.6128e-01 +4.3861e-01 +5.2987e-01 -9.8829e-02
16 0 +5.300219169e+02 +5.795219169e+02 +5.795219169e+02 -3.6644e-01 -1.3884e-01 +1.0360e-01 -6.0295e-02 -2.7687e-01 +6.6571e-01 -3.8029e-01 +1.3695e-01 +3.0979e-01 -8.3739e-02
23 0 +4.681813839e+02 +5.176813839e+02 +5.176813839e+02 +1.3215e-01 +1.0726e-01 -7.2350e-02 -8.6354e-02 -3.3143e-01 +7.2609e-01 -3.8638e-03 +1.0882e-01 +2.9746e-01 -4.6654e-02
25 0 +4.488586327e+02 +4.983586327e+02 +4.983586327e+02 -7.7165e-01 -1.5893e-01 -2.3467e-01 +1.1921e-01 -5.1461e-01 +3.8573e-01 -8.6881e-01 +2.5626e-01 +6.7703e-01 -4.5129e-01
35 0 +4.233178345e+02 +4.728178345e+02 +4.728178345e+02 -9.0844e-01 +8.1788e-03 +7.7145e-02 +5.0364e-01 -4.8676e-01 -1.9341e-02 -1.2578e-01 +1.9799e-01 +9.5720e-01 -2.2718e-01
36 0 +3.809644361e+02 +4.304644361e+02 +4.304644361e+02 -1.0668e+00 +8.3203e-02 -7.0573e-01 -1.3798e-01 +2.5902e-01 +8.2321e-01 +1.7324e-01 -9.6027e-02 +4.8943e-01 -3.4333e-01
40 0 +3.556028668e+02 +4.051028668e+02 +4.051028668e+02 -6.5983e-01 +1.6686e-01 -8.3025e-02 +3.3212e-01 -7.2249e-01 +9.5110e-01 -5.3525e-01 +2.9748e-01 +1.1912e+00 -1.3588e-01
41 0 +3.347312280e+02 +3.842312280e+02 +3.842312280e+02 -4.0693e-01 +3.7081e-01 +8.5650e-02 -1.4598e-01 +5.4017e-02 +1.1997e+00 -2.2715e-01 -4.0854e-02 +9.8519e-01 -4.6409e-01
46 0 +2.730918308e+02 +3.225918308e+02 +3.225918308e+02 -1.2061e+00 +1.1365e-01 -8.1820e-01 -6.4258e-01 +2.1562e-01 +7.9389e-01 +3.4068e-02 +4.6903e-01 +1.3530e+00 -2.4416e-01
59 0 +2.559527039e+02 +3.054527039e+02 +3.054527039e+02 -7.5069e-01 +2.8245e-01 -1.5792e+00 +1.9674e-02 +8.0584e-02 +6.4625e-01 +1.1739e-01 -1.3251e-01 +1.8243e+00 -2.0560e-01
61 0 +1.687832109e+02 +2.182832109e+02 +2.182832109e+02 -9.8408e-01 -2.3931e-01 -1.5108e+00 +1.6958e-01 -4.8006e-01 +1.8565e+00 +3.7718e-01 -3.9152e-01 +2.3508e+00 -8.4091e-01
63 0 +1.254175589e+02 +1.749175589e+02 +1.749175589e+02 -1.0174e+00 -1.7174e-01 -1.1230e+00 -1.1229e+00 -4.3960e-01 +1.7161e+00 -6.2203e-01 +1.1651e-01 +1.9876e+00 -3.1202e-02
71 0 +1.158155345e+02 +1.653155345e+02 +1.653155345e+02 -8.1662e-01 -2.5464e-01 -1.9064e+00 -1.6009e+00 +6.3424e-01 +2.2107e+00 -3.5974e-01 -5.4243e-01 +2.4765e+00 -6.1626e-01
72 0 +9.473891228e+01 +1.442389123e+02 +1.442389123e+02 -1.6789e+00 +4.9875e-02 -1.4277e+00 -6.0510e-01 -5.4932e-01 +1.3655e+00 -4.7175e-01 +8.1129e-01 +3.1617e+00 -1.2901e+00
85 0 +7.485754918e+01 +1.243575492e+02 +1.243575492e+02 -2.1650e+00 -6.6659e-01 -1.8835e+00 -2.9593e+00 +2.9678e-01 +1.8991e+00 -4.6506e-01 +1.2848e+00 +3.8984e+00 +1.1696e-01
89 0 +5.077903635e+01 +1.002790363e+02 +1.002790363e+02 -2.5323e+00 -1.2480e+00 -1.8229e+00 -9.7597e-01 -5.5992e-01 +2.3512e+00 -8.7898e-01 +9.0170e-01 +2.1646e+00 -1.3978e+00
92 0 +3.662018544e+01 +8.612018544e+01 +8.612018544e+01 -1.1114e+00 -1.3837e+00 -1.5444e+00 -2.1910e+00 -3.3553e-01 +2.4091e+00 -1.0692e+00 +1.8224e+00 +2.8625e+00 -7.6918e-01
94 0 +2.357213405e+01 +7.307213405e+01 +7.307213405e+01 -2.9823e+00 -8.9064e-01 -1.2080e+00 -2.1539e+00 +8.4196e-02 +1.7142e+00 -1.5842e+00 +1.4424e+00 +3.0465e+00 -1.8391e+00
122 0 +2.122001516e+01 +7.072001516e+01 +7.072001516e+01 -2.7329e+00 -1.2405e+00 -1.7927e+00 -2.3220e+00 -7.1953e-01 +2.1286e+00 -2.2216e+00 +2.0798e+00 +2.9756e+00 -2.6712e+00
190 0 +1.402422028e+01 +6.352422028e+01 +6.352422028e+01 -2.7770e+00 -5.8045e-01 -2.2452e+00 -2.7783e+00 +6.4368e-01 +2.3695e+00 -1.2200e+00 +3.0451e+00 +2.2816e+00 -1.0299e+00
213 0 +9.639591724e+00 +5.913959172e+01 +5.913959172e+01 -3.4184e+00 -6.3475e-01 -2.3152e+00 -2.8524e+00 -5.8401e-01 +3.0433e+00 -1.3821e+00 +2.4454e+00 +1.6525e+00 -1.6126e+00
318 0 +8.271222267e+00 +5.777122227e+01 +5.777122227e+01 -3.7694e+00 -5.1712e-01 -1.6891e+00 -2.5556e+00 +2.8775e-01 +2.6180e+00 -1.6575e+00 +3.8749e+00 +3.0818e+00 -1.2428e+00
351 0 +6.973117600e+00 +5.647311760e+01 +5.647311760e+01 -3.8184e+00 -1.2947e+00 -1.5371e+00 -2.2218e+00 +1.0717e-01 +2.6600e+00 -1.8495e+00 +4.3369e+00 +3.2870e+00 -1.3381e+00
364 0 +4.816477034e+00 +5.431647703e+01 +5.431647703e+01 -3.3492e+00 -6.0160e-01 -2.0696e+00 -2.5294e+00 +5.1950e-01 +2.9357e+00 -1.5995e+00 +4.3909e+00 +2.9945e+00 -1.4203e+00
402 0 +3.816438901e+00 +5.331643890e+01 +5.331643890e+01 -3.0465e+00 -1.4566e+00 -2.1680e+00 -9.1003e-01 -6.3635e-01 +3.1704e+00 -1.8639e+00 +3.6233e+00 +2.5520e+00 -1.9623e+00
403 0 +3.482716115e+00 +5.298271611e+01 +5.298271611e+01 -3.7921e+00 -1.0780e+00 -1.6871e+00 -2.1733e+00 -3.7683e-01 +2.6377e+00 -2.1460e+00 +4.0730e+00 +3.0439e+00 -1.7682e+00
447 0 +2.253664543e+00 +5.175366454e+01 +5.175366454e+01 -3.4319e+00 -1.1083e+00 -1.9308e+00 -2.0263e+00 -6.1116e-01 +2.7290e+00 -1.9704e+00 +3.7200e+00 +2.9154e+00 -1.7944e+00
452 0 +1.963525438e+00 +5.146352544e+01 +5.146352544e+01 -3.2828e+00 -1.6943e+00 -2.2094e+00 -1.6121e+00 -5.6422e-01 +3.0064e+00 -1.9877e+00 +3.9647e+00 +2.8893e+00 -2.1345e+00
472 0 +1.665935747e+00 +5.116593575e+01 +5.116593575e+01 -3.5019e+00 -1.2140e+00 -2.0997e+00 -1.6821e+00 -3.7678e-01 +2.7884e+00 -1.5635e+00 +4.3217e+00 +2.8673e+00 -1.4950e+00
541 0 +1.318601586e+00 +5.081860159e+01 +5.081860159e+01 -3.6181e+00 -9.9056e-01 -1.7728e+00 -1.5141e+00 -6.7729e-01 +2.9275e+00 -1.9062e+00 +3.9144e+00 +2.8152e+00 -1.8677e+00
543 0 +1.315688618e+00 +5.081568862e+01 +5.081568862e+01 -3.5646e+00 -1.2114e+00 -1.9044e+00 -1.5596e+00 -3.7620e-01 +2.9597e+00 -1.7957e+00 +3.9682e+00 +2.8876e+00 -1.9151e+00
548 0 +1.173012875e+00 +5.067301288e+01 +5.067301288e+01 -3.1892e+00 -1.0022e+00 -2.0251e+00 -1.7913e+00 -2.2999e-01 +3.0201e+00 -1.7399e+00 +4.0230e+00 +2.9035e+00 -1.6158e+00
598 0 +1.129738420e+00 +5.062973842e+01 +5.062973842e+01 -3.4238e+00 -1.1416e+00 -2.0593e+00 -1.5637e+00 -4.3906e-01 +2.7233e+00 -1.9729e+00 +3.6520e+00 +2.9166e+00 -1.8176e+00
619 0 +1.058709377e+00 +5.055870938e+01 +5.055870938e+01 -3.5179e+00 -1.2015e+00 -2.0372e+00 -1.6093e+00 -4.6675e-01 +2.6936e+00 -1.9695e+00 +3.7336e+00 +2.9539e+00 -1.7536e+00
765 0 +1.009306889e+00 +5.050930689e+01 +5.050930689e+01 -3.4537e+00 -1.1371e+00 -1.9474e+00 -1.7344e+00 -3.9090e-01 +2.8523e+00 -1.8777e+00 +3.8044e+00 +2.8335e+00 -1.7194e+00
1010 0 +1.007399401e+00 +5.050739940e+01 +5.050739940e+01 -3.4761e+00 -1.0956e+00 -2.0043e+00 -1.6568e+00 -3.1212e-01 +2.7598e+00 -1.9313e+00 +3.7810e+00 +2.9173e+00 -1.7505e+00
% f evaluations | g evaluations | best noise-free fitness - Fopt (-1.277000000000e+01) + sum g_i+ | measured fitness | best measured fitness or single-digit g-values | x1 | x2...
1 0 +3.066715786e+02 +2.939015786e+02 +2.939015786e+02 +5.0716e-01 -1.3978e-01 +9.8461e-03 +1.2226e-01 -2.3668e-01 +6.1969e-04 -2.6712e-04 -5.2644e-01 +3.0531e-01 +1.8016e-01
2 0 +2.943090626e+02 +2.815390626e+02 +2.815390626e+02 -1.8763e-01 -5.1465e-02 +1.5159e-01 -7.8408e-02 -7.2826e-02 -4.3598e-01 +1.6638e-01 +3.7166e-02 +8.2341e-02 -4.5798e-01
4 0 +2.182663071e+02 +2.054963071e+02 +2.054963071e+02 -2.2277e-01 +3.2174e-01 -4.9533e-01 +1.6063e-01 -6.1934e-01 -1.9865e-01 -3.6128e-01 +4.3861e-01 +5.2987e-01 -9.8829e-02
8 0 +1.823824740e+02 +1.696124740e+02 +1.696124740e+02 +4.4929e-01 -8.4791e-02 +3.2595e-02 +4.3148e-01 +4.5100e-01 -6.3821e-02 +9.9595e-02 +2.2052e-01 -5.7859e-02 -5.3343e-01
15 0 +1.563690363e+02 +1.435990363e+02 +1.435990363e+02 +6.1517e-01 +1.5056e-01 +1.7567e-01 +7.1018e-02 +6.5293e-02 +1.0245e-01 -1.8903e-01 +6.9961e-01 +4.8687e-01 -4.5120e-01
24 0 +1.498289691e+02 +1.370589691e+02 +1.370589691e+02 +1.1420e-01 +3.1417e-01 +9.9614e-02 +4.0101e-01 -2.8092e-01 +1.4974e-01 +1.5735e-01 +7.6267e-01 +3.6474e-01 -1.6698e-01
25 0 +1.233094870e+02 +1.105394870e+02 +1.105394870e+02 +2.7549e-01 +5.0582e-01 -2.4100e-01 +3.8628e-01 +2.0767e-01 -2.9378e-01 -6.3336e-02 +1.2717e+00 +3.9863e-01 -3.2687e-01
31 0 +1.181418018e+02 +1.053718018e+02 +1.053718018e+02 +5.1008e-01 -2.0876e-02 +5.9653e-02 +3.2088e-01 +3.8881e-01 +4.1954e-01 -3.6624e-01 +1.3089e+00 +6.4482e-01 -5.3777e-01
37 0 +1.034214111e+02 +9.065141109e+01 +9.065141109e+01 +4.4753e-01 +1.8631e-01 -1.9774e-01 +5.1359e-01 +2.7024e-01 -3.7748e-02 -4.3572e-01 +1.6911e+00 +3.1411e-01 -4.5929e-01
41 0 +9.313597332e+01 +8.036597332e+01 +8.036597332e+01 -2.9439e-01 +3.8563e-01 +3.4329e-02 +7.0445e-01 +4.8289e-01 +4.2649e-01 -8.2152e-01 +1.4157e+00 +6.2890e-01 -6.0097e-01
42 0 +5.483097101e+01 +4.206097101e+01 +4.206097101e+01 +6.5518e-01 +8.1770e-01 -1.6765e-01 +9.4334e-01 +2.3245e-01 +4.0831e-01 -5.7976e-01 +2.3925e+00 +2.6186e-01 -1.1387e+00
86 0 +5.214568690e+01 +3.937568690e+01 +3.937568690e+01 +1.0901e+00 +4.8432e-01 -3.6462e-01 +7.1010e-01 +3.7221e-01 +9.8865e-01 -4.9728e-01 +3.0333e+00 +7.9926e-02 -1.9457e+00
91 0 +4.208169712e+01 +2.931169712e+01 +2.931169712e+01 -2.8234e-01 +1.0779e+00 -6.6051e-01 +1.2903e+00 -2.1044e-01 +9.5928e-01 -4.2801e-01 +3.0285e+00 +1.5521e-01 -1.3503e+00
112 0 +2.854308567e+01 +1.577308567e+01 +1.577308567e+01 +3.1427e-01 +1.2772e+00 -5.6146e-01 +4.0827e-01 -4.8625e-01 +1.5147e+00 -7.7326e-01 +3.2251e+00 +1.4421e-01 -6.0102e-01
162 0 +2.513962998e+01 +1.236962998e+01 +1.236962998e+01 +1.5964e-01 +1.9382e+00 +3.5775e-01 +3.1842e-02 -6.2563e-01 +1.3523e+00 -8.3215e-01 +2.6219e+00 -1.8214e+00 -4.6480e-01
179 0 +1.676565482e+01 +3.995654818e+00 +3.995654818e+00 -4.6178e-02 +2.1585e+00 -5.5090e-01 +2.3278e-02 -5.0957e-01 +2.4209e+00 -5.9764e-02 +3.4744e+00 -7.0853e-01 +1.8753e-01
217 0 +1.042643374e+01 -2.343566259e+00 -2.343566259e+00 -1.1594e-01 +1.2111e+00 -3.9970e-01 -1.1246e+00 +1.2785e+00 +2.3116e+00 -4.6066e-01 +2.8159e+00 -8.1960e-01 +9.2107e-01
230 0 +9.135014908e+00 -3.634985092e+00 -3.634985092e+00 -3.2842e-01 +1.1600e+00 -5.5039e-01 -8.6673e-01 +1.7860e+00 +2.9037e+00 +3.4375e-01 +3.5786e+00 -6.9232e-01 +1.1709e+00
298 0 +8.218992907e+00 -4.551007093e+00 -4.551007093e+00 +4.6076e-02 +1.1675e+00 -3.9505e-01 -1.9400e+00 +2.0148e+00 +3.0937e+00 -5.4636e-01 +3.5583e+00 -1.3827e+00 +1.0803e+00
308 0 +7.974802436e+00 -4.795197564e+00 -4.795197564e+00 +5.7754e-02 +1.3766e+00 -1.2663e-01 -1.4586e+00 +1.8318e+00 +2.8685e+00 +7.6161e-02 +3.5044e+00 -1.3552e+00 +1.1544e+00
337 0 +6.553682432e+00 -6.216317568e+00 -6.216317568e+00 +6.8710e-01 +8.5105e-01 +9.1298e-02 -1.1909e+00 +2.1383e+00 +3.2666e+00 -1.5366e-03 +3.5423e+00 -1.1657e+00 +1.0531e+00
340 0 +5.463906351e+00 -7.306093649e+00 -7.306093649e+00 +4.7134e-01 +1.5079e+00 -2.0130e-01 -1.2311e+00 +1.4921e+00 +3.3331e+00 +4.7889e-02 +3.2257e+00 -1.5634e+00 +9.5345e-01
379 0 +3.837448979e+00 -8.932551021e+00 -8.932551021e+00 +5.4844e-01 +1.3131e+00 +9.5971e-02 -8.9548e-01 +1.9707e+00 +3.0636e+00 +2.2595e-01 +3.1257e+00 -1.5796e+00 +1.1133e+00
449 0 +3.492686849e+00 -9.277313151e+00 -9.277313151e+00 +1.0000e+00 +1.4374e+00 +4.1233e-02 -6.5939e-01 +1.6822e+00 +2.6820e+00 +8.1354e-01 +3.4812e+00 -1.4683e+00 +9.2720e-01
507 0 +2.577161439e+00 -1.019283856e+01 -1.019283856e+01 +7.1179e-01 +1.7889e+00 +1.3452e-01 -3.3256e-01 +1.3237e+00 +2.6035e+00 +9.7525e-01 +3.2690e+00 -1.3173e+00 +9.2093e-01
529 0 +2.489273865e+00 -1.028072613e+01 -1.028072613e+01 +8.1710e-01 +2.0443e+00 +1.2075e-01 -3.7010e-01 +9.0899e-01 +2.5240e+00 +1.0706e+00 +3.2765e+00 -1.5800e+00 +1.0123e+00
574 0 +2.371538308e+00 -1.039846169e+01 -1.039846169e+01 +9.1179e-01 +1.9490e+00 +1.6723e-01 -2.5492e-01 +1.1718e+00 +2.5444e+00 +1.2344e+00 +3.3994e+00 -1.4925e+00 +8.7760e-01
635 0 +2.333068942e+00 -1.043693106e+01 -1.043693106e+01 +9.6050e-01 +1.9132e+00 +3.0143e-01 -3.5196e-01 +1.2124e+00 +2.5670e+00 +1.3489e+00 +3.3438e+00 -1.5066e+00 +9.5722e-01
678 0 +2.260330687e+00 -1.050966931e+01 -1.050966931e+01 +9.8622e-01 +1.9377e+00 +3.0670e-01 -2.0953e-01 +1.0362e+00 +2.5738e+00 +1.3253e+00 +3.2918e+00 -1.4952e+00 +8.8871e-01
744 0 +2.222995425e+00 -1.054700458e+01 -1.054700458e+01 +8.0925e-01 +1.9174e+00 +1.7614e-01 -3.0651e-01 +1.1122e+00 +2.6233e+00 +1.2466e+00 +3.3389e+00 -1.4618e+00 +8.7419e-01
1000 0 +2.222995425e+00 -1.054700458e+01 -1.054700458e+01 +8.0925e-01 +1.9174e+00 +1.7614e-01 -3.0651e-01 +1.1122e+00 +2.6233e+00 +1.2466e+00 +3.3389e+00 -1.4618e+00 +8.7419e-01
% f evaluations | g evaluations | best noise-free fitness - Fopt (6.365000000000e+01) + sum g_i+ | measured fitness | best measured fitness or single-digit g-values | x1 | x2...
1 0 +4.582081520e+02 +5.218581520e+02 +5.218581520e+02 +5.0716e-01 -1.3978e-01 +9.8461e-03 +1.2226e-01 -2.3668e-01 +6.1969e-04 -2.6712e-04 -5.2644e-01 +3.0531e-01 +1.8016e-01
2 0 +4.419742331e+02 +5.056242331e+02 +5.056242331e+02 -1.8763e-01 -5.1465e-02 +1.5159e-01 -7.8408e-02 -7.2826e-02 -4.3598e-01 +1.6638e-01 +3.7166e-02 +8.2341e-02 -4.5798e-01
4 0 +3.060220772e+02 +3.696720772e+02 +3.696720772e+02 -2.2277e-01 +3.2174e-01 -4.9533e-01 +1.6063e-01 -6.1934e-01 -1.9865e-01 -3.6128e-01 +4.3861e-01 +5.2987e-01 -9.8829e-02
15 0 +2.832648812e+02 +3.469148812e+02 +3.469148812e+02 -2.1299e-02 -1.8449e-01 -2.3382e-01 +1.6802e-01 -6.0526e-01 -3.1871e-01 -4.6539e-01 +7.1157e-01 +9.2178e-01 -4.4507e-02
22 0 +2.343661158e+02 +2.980161158e+02 +2.980161158e+02 -1.6042e-01 -1.2491e-01 -4.5170e-01 -9.2661e-03 -4.6381e-01 -2.1834e-01 -6.0268e-01 +8.4519e-01 +6.2642e-01 +3.0310e-01
40 0 +1.823750105e+02 +2.460250105e+02 +2.460250105e+02 -4.5101e-01 +3.1927e-01 -2.8072e-02 -2.1272e-01 +1.6650e-02 +8.9020e-02 -8.1371e-01 +9.2044e-01 +1.3837e+00 +4.0061e-01
42 0 +1.494402419e+02 +2.130902419e+02 +2.130902419e+02 -7.7576e-01 +3.6584e-01 -4.8304e-01 +1.0523e-01 -6.1528e-01 -3.1033e-01 -8.2758e-01 +1.1760e+00 +2.1528e+00 +1.0704e+00
45 0 +1.306553233e+02 +1.943053233e+02 +1.943053233e+02 -1.1671e+00 -2.7016e-01 -5.6176e-01 -5.9653e-01 -5.3386e-01 -5.5694e-01 -1.3454e+00 +9.0868e-01 +1.9013e+00 +6.2772e-01
51 0 +8.541892981e+01 +1.490689298e+02 +1.490689298e+02 -7.7847e-01 -1.1951e-01 -4.1003e-01 -2.5762e-01 +6.6665e-01 -2.6867e-01 -1.2745e+00 +1.4836e+00 +1.9093e+00 +6.7422e-01
61 0 +4.872500459e+01 +1.123750046e+02 +1.123750046e+02 -1.4275e+00 +8.7375e-01 -6.5428e-01 -2.3231e-01 +3.1432e-01 -5.5538e-01 -1.3109e+00 +2.3742e+00 +2.9992e+00 +3.0089e-01
71 0 +3.040502744e+01 +9.405502744e+01 +9.405502744e+01 -2.0327e+00 +8.6590e-01 -4.3752e-01 -4.6183e-01 +5.6218e-01 -7.7565e-01 -1.8667e+00 +1.9238e+00 +3.5897e+00 -3.3956e-01
81 0 +2.827452961e+01 +9.192452961e+01 +9.192452961e+01 -2.1398e+00 +1.0719e+00 -5.2750e-01 -4.9806e-01 +1.0932e+00 -8.6461e-01 -1.3203e+00 +2.9908e+00 +3.0850e+00 +2.5638e-01
122 0 +1.565921414e+01 +7.930921414e+01 +7.930921414e+01 -1.2106e+00 +1.7070e+00 -3.8749e-01 -1.7282e+00 +2.1541e+00 -2.4781e-02 -1.8365e+00 +3.3272e+00 +3.5178e+00 +9.9058e-02
243 0 +5.399738541e+00 +6.904973854e+01 +6.904973854e+01 -2.1515e+00 +1.8010e+00 -4.6271e-01 -1.0298e+00 +2.0044e+00 -1.1395e+00 -2.0808e+00 +3.0059e+00 +3.9036e+00 -1.4247e+00
457 0 +4.841608432e+00 +6.849160843e+01 +6.849160843e+01 -2.2852e+00 +1.6388e+00 -8.2267e-01 -1.6230e+00 +2.6306e+00 -1.0053e+00 -1.7657e+00 +2.7470e+00 +4.3067e+00 -2.4943e+00
458 0 +4.415509720e+00 +6.806550972e+01 +6.806550972e+01 -2.3381e+00 +1.3953e+00 -3.8396e-01 -1.6754e+00 +2.3888e+00 -1.0339e+00 -2.0622e+00 +3.2015e+00 +3.9825e+00 -2.9273e+00
489 0 +3.661208255e+00 +6.731120825e+01 +6.731120825e+01 -2.6331e+00 +8.8877e-01 -8.1578e-01 -1.1558e+00 +2.2970e+00 -1.1110e+00 -2.3551e+00 +3.9719e+00 +4.1399e+00 -3.6153e+00
538 0 +3.260185236e+00 +6.691018524e+01 +6.691018524e+01 -2.8276e+00 +1.0860e+00 -4.8168e-01 -9.2289e-01 +1.8959e+00 -9.4963e-01 -2.6684e+00 +3.8668e+00 +4.1274e+00 -3.5749e+00
581 0 +2.686434398e+00 +6.633643440e+01 +6.633643440e+01 -2.4694e+00 +1.4314e+00 -8.5232e-01 -1.0684e+00 +2.1393e+00 -9.9410e-01 -2.4920e+00 +3.8489e+00 +3.8608e+00 -3.3194e+00
629 0 +2.195285457e+00 +6.584528546e+01 +6.584528546e+01 -2.1173e+00 +1.1054e+00 -7.9416e-01 -1.3002e+00 +1.6946e+00 -1.0608e+00 -2.7688e+00 +3.9177e+00 +3.6687e+00 -3.7326e+00
661 0 +2.166936438e+00 +6.581693644e+01 +6.581693644e+01 -2.3373e+00 +8.4843e-01 -7.0149e-01 -1.0581e+00 +1.6594e+00 -1.0394e+00 -2.7039e+00 +4.1182e+00 +3.8031e+00 -3.4626e+00
681 0 +1.887271391e+00 +6.553727139e+01 +6.553727139e+01 -2.1855e+00 +8.4788e-01 -7.2652e-01 -1.1121e+00 +1.7678e+00 -8.8316e-01 -2.9064e+00 +4.0618e+00 +3.7123e+00 -4.0198e+00
771 0 +1.817588732e+00 +6.546758873e+01 +6.546758873e+01 -2.1910e+00 +9.4444e-01 -7.2334e-01 -1.2446e+00 +1.6719e+00 -8.0609e-01 -2.8012e+00 +3.9974e+00 +3.6914e+00 -3.7077e+00
821 0 +1.770996589e+00 +6.542099659e+01 +6.542099659e+01 -2.2188e+00 +9.8257e-01 -6.7391e-01 -1.1237e+00 +1.6945e+00 -8.3125e-01 -2.8680e+00 +4.1514e+00 +3.7624e+00 -3.8050e+00
1010 0 +1.747643799e+00 +6.539764380e+01 +6.539764380e+01 -2.2972e+00 +9.6651e-01 -7.3719e-01 -1.1622e+00 +1.6832e+00 -8.9548e-01 -2.8237e+00 +4.1444e+00 +3.6688e+00 -3.6823e+00
% f evaluations | g evaluations | best noise-free fitness - Fopt (6.991900000000e+02) + sum g_i+ | measured fitness | best measured fitness or single-digit g-values | x1 | x2...
1 0 +6.638654661e+02 +1.363055466e+03 +1.363055466e+03 +5.0716e-01 -1.3978e-01 +9.8461e-03 +1.2226e-01 -2.3668e-01 +6.1969e-04 -2.6712e-04 -5.2644e-01 +3.0531e-01 +1.8016e-01
10 0 +6.057891698e+02 +1.304979170e+03 +1.304979170e+03 +1.6462e-01 +2.0299e-01 -3.6727e-03 -2.2699e-02 -2.0210e-01 -1.6761e-02 +6.7800e-01 +2.6072e-01 -1.0264e-01 -1.4158e-01
13 0 +5.354120871e+02 +1.234602087e+03 +1.234602087e+03 +1.0051e-01 +1.7056e-01 -5.5814e-02 +1.2759e-01 -4.6769e-01 +3.2065e-02 +2.4211e-01 +6.3868e-02 -1.6210e-02 -2.2962e-01
17 0 +4.963611383e+02 +1.195551138e+03 +1.195551138e+03 +6.6390e-01 -2.6744e-03 +9.0400e-02 +6.3753e-01 -3.9407e-01 -9.1829e-02 -6.8598e-02 -2.6332e-01 -7.3185e-02 +1.7988e-01
20 0 +4.174672087e+02 +1.116657209e+03 +1.116657209e+03 -2.1478e-01 +4.9485e-01 +3.6085e-01 +7.5357e-01 -4.4705e-01 +7.1830e-02 +3.3531e-01 -5.1695e-02 +2.0018e-02 +2.0930e-01
23 0 +3.744648759e+02 +1.073654876e+03 +1.073654876e+03 +2.0790e-01 +3.0155e-01 +4.3246e-01 +6.7293e-01 -8.7101e-01 -1.8173e-01 +5.5431e-03 -5.0705e-02 -2.9430e-01 -1.3880e-01
31 0 +2.985664425e+02 +9.977564425e+02 +9.977564425e+02 +7.1989e-01 +4.4174e-02 +3.2785e-01 +1.0545e+00 -1.2742e+00 -3.3994e-01 -2.5733e-01 -2.3347e-01 -2.0699e-01 +5.4989e-01
36 0 +2.243062424e+02 +9.234962424e+02 +9.234962424e+02 +5.2937e-01 +4.3474e-01 +6.4122e-01 +3.9173e-01 -1.7733e+00 +4.1779e-01 -2.3049e-02 -1.2692e-01 -1.0313e-01 -3.7737e-01
37 0 +2.227786784e+02 +9.219686784e+02 +9.219686784e+02 +4.8441e-01 +7.9399e-02 +8.5097e-01 +1.0997e+00 -1.4182e+00 -2.8702e-01 +1.9522e-01 -4.7529e-01 -3.2796e-01 +2.8031e-01
42 0 +1.404628073e+02 +8.396528073e+02 +8.396528073e+02 +3.4477e-01 +2.7156e-01 +1.0992e+00 +1.8428e+00 -2.6057e+00 +1.7332e-01 +3.0077e-02 -4.2341e-01 +2.4404e-01 +2.9230e-01
45 0 +1.321210695e+02 +8.313110695e+02 +8.313110695e+02 +1.6691e-01 +1.1578e-01 +1.5328e+00 +1.5449e+00 -2.4915e+00 -8.8348e-02 +3.3992e-01 -5.1611e-01 -1.0172e+00 +4.4882e-02
54 0 +1.219761024e+02 +8.211661024e+02 +8.211661024e+02 +9.9816e-01 +4.0675e-01 +1.4855e+00 +1.5973e+00 -2.5648e+00 +4.8740e-01 -5.6769e-01 -1.9483e-01 +2.6208e-01 +4.9965e-01
56 0 +9.395651223e+01 +7.931465122e+02 +7.931465122e+02 +1.1214e+00 +4.3088e-01 +8.0359e-01 +1.6174e+00 -2.0466e+00 +3.8285e-01 +9.4362e-01 -7.2677e-01 +5.5303e-01 +3.6556e-01
75 0 +8.712433120e+01 +7.863143312e+02 +7.863143312e+02 +4.6285e-01 +4.0389e-01 +1.3092e-01 +3.0697e+00 -4.3226e+00 +7.5271e-01 +1.1015e+00 -1.8115e+00 -1.5834e-01 +2.3250e-01
82 0 +8.158454621e+01 +7.807745462e+02 +7.807745462e+02 +1.7355e+00 +3.0276e-01 +4.4490e-01 +2.6559e+00 -3.8955e+00 +2.7608e-01 +7.7908e-01 -1.3416e+00 -5.2938e-03 +2.5128e-01
98 0 +6.920272377e+01 +7.683927238e+02 +7.683927238e+02 +1.3143e+00 -2.4890e-01 -5.3916e-01 +1.9963e+00 -2.9963e+00 -4.4710e-01 +1.1384e+00 -8.9171e-02 -4.8736e-01 +1.5120e-01
109 0 +6.569131248e+01 +7.648813125e+02 +7.648813125e+02 -2.5586e-01 +6.2079e-01 -6.7441e-01 +3.5488e+00 -4.2247e+00 -6.4421e-01 +1.5521e+00 +1.0997e-01 +5.1429e-01 -3.7324e-01
133 0 +4.678485685e+01 +7.459748569e+02 +7.459748569e+02 +9.8757e-01 +4.3276e-01 -1.3816e+00 +2.2632e+00 -3.9009e+00 -1.1694e+00 +1.9600e+00 -3.5377e-01 +6.7941e-02 -1.8584e+00
163 0 +3.722275122e+01 +7.364127512e+02 +7.364127512e+02 +7.3527e-01 -8.4323e-01 -1.0079e+00 +3.0332e+00 -5.0414e+00 +1.8813e+00 +1.9865e+00 -1.3385e+00 +7.2833e-01 -8.0841e-01
173 0 +3.122832606e+01 +7.304183261e+02 +7.304183261e+02 +1.1500e+00 -7.4139e-01 -1.3510e+00 +4.6332e+00 -5.2389e+00 +2.5529e+00 +1.8384e+00 -9.6069e-01 +9.1567e-01 -1.1161e+00
284 0 +2.319935175e+01 +7.223893518e+02 +7.223893518e+02 +4.3762e-01 -5.4025e-01 +3.4768e-02 +4.3129e+00 -4.6861e+00 +4.7492e+00 +1.8914e+00 -3.4169e-01 +2.6641e-01 -1.4346e-01
329 0 +2.255956952e+01 +7.217495695e+02 +7.217495695e+02 +7.1670e-02 +8.6596e-02 -2.8943e-01 +4.8574e+00 -4.4469e+00 +5.2378e+00 +1.6315e+00 +4.2309e-02 -4.7850e-02 -4.2228e-01
355 0 +1.883732205e+01 +7.180273221e+02 +7.180273221e+02 +1.1602e+00 -4.1791e-01 +1.6892e-01 +4.2978e+00 -4.4170e+00 +5.3499e+00 +1.4531e+00 -2.7794e-01 +4.6235e-01 -1.0944e+00
387 0 +1.730692837e+01 +7.164969284e+02 +7.164969284e+02 +8.5702e-01 -1.6096e-01 -2.8868e-01 +4.3788e+00 -4.6542e+00 +4.9274e+00 +1.4396e+00 -1.1667e-01 -3.2226e-02 -9.9151e-01
392 0 +1.549941334e+01 +7.146894133e+02 +7.146894133e+02 +1.0127e+00 -2.7025e-01 -1.9329e-01 +4.4664e+00 -4.5855e+00 +4.9459e+00 +1.8549e+00 -3.7074e-02 +8.5880e-02 -1.0833e+00
443 0 +1.322852131e+01 +7.124185213e+02 +7.124185213e+02 +1.8627e+00 -8.2410e-01 -7.5598e-01 +3.7062e+00 -5.0723e+00 +5.0122e+00 +1.6531e+00 +4.8549e-01 -9.6512e-02 -1.2210e+00
485 0 +1.237791776e+01 +7.115679178e+02 +7.115679178e+02 +2.1423e+00 -5.9365e-01 -7.7655e-01 +3.8607e+00 -4.5885e+00 +4.9860e+00 +1.7450e+00 +1.2230e-01 +1.9380e-01 -1.3480e+00
525 0 +1.226800157e+01 +7.114580016e+02 +7.114580016e+02 +2.4359e+00 -8.9649e-01 -6.4715e-01 +2.7508e+00 -4.7814e+00 +4.0611e+00 +1.4621e+00 +2.6487e-01 -9.1638e-02 -8.9967e-01
526 0 +1.071336899e+01 +7.099033690e+02 +7.099033690e+02 +3.2920e+00 -7.4055e-01 -9.0684e-01 +3.1307e+00 -4.6671e+00 +4.6148e+00 +1.1944e+00 -5.0097e-02 +2.5788e-01 -1.8987e+00
535 0 +1.001606928e+01 +7.092060693e+02 +7.092060693e+02 +3.1902e+00 -1.6548e-01 -1.0718e+00 +2.7351e+00 -4.7200e+00 +4.0060e+00 +1.1034e+00 +4.4761e-01 -6.7902e-02 -1.8912e+00
563 0 +9.131986993e+00 +7.083219870e+02 +7.083219870e+02 +2.3576e+00 -5.0306e-01 -1.3103e+00 +2.6729e+00 -4.6708e+00 +3.9903e+00 +1.7179e+00 +5.4189e-01 -1.1449e-01 -1.0030e+00
621 0 +8.502268189e+00 +7.076922682e+02 +7.076922682e+02 +2.6715e+00 -1.7818e-01 -1.4978e+00 +2.8992e+00 -4.6190e+00 +4.0352e+00 +1.2600e+00 +1.1453e+00 +2.4830e-01 -8.0628e-01
622 0 +7.570388654e+00 +7.067603887e+02 +7.067603887e+02 +2.5593e+00 -1.3848e-01 -1.5937e+00 +3.0481e+00 -4.7484e+00 +4.2493e+00 +1.5456e+00 +1.1077e+00 +2.2648e-01 -8.1058e-01
635 0 +6.990766505e+00 +7.061807665e+02 +7.061807665e+02 +2.9748e+00 -2.4939e-01 -1.2045e+00 +2.5684e+00 -4.3755e+00 +3.6561e+00 +1.3526e+00 +7.1364e-01 +1.0761e-01 -1.1505e+00
648 0 +5.238583754e+00 +7.044285838e+02 +7.044285838e+02 +3.0054e+00 -8.2716e-02 -1.2604e+00 +2.7230e+00 -4.6653e+00 +3.6901e+00 +1.2722e+00 +1.0571e+00 -9.9761e-02 -1.4233e+00
663 0 +4.718586289e+00 +7.039085863e+02 +7.039085863e+02 +3.3233e+00 -2.6365e-01 -1.5533e+00 +2.3651e+00 -4.5101e+00 +3.7231e+00 +1.3617e+00 +1.4562e+00 -2.0838e-01 -1.3144e+00
697 0 +4.209330242e+00 +7.033993302e+02 +7.033993302e+02 +3.2913e+00 -6.4362e-02 -1.6559e+00 +2.8891e+00 -4.7797e+00 +3.5309e+00 +1.3699e+00 +1.1249e+00 +2.4548e-01 -1.6305e+00
809 0 +4.054365058e+00 +7.032443651e+02 +7.032443651e+02 +3.1332e+00 -3.4139e-01 -1.6913e+00 +3.1109e+00 -4.6119e+00 +3.9320e+00 +1.5263e+00 +1.2964e+00 +5.3077e-02 -1.6336e+00
842 0 +3.950005030e+00 +7.031400050e+02 +7.031400050e+02 +3.1626e+00 -2.1823e-01 -1.4021e+00 +2.9907e+00 -4.3169e+00 +3.8007e+00 +1.2548e+00 +1.1795e+00 -2.2670e-02 -1.6763e+00
1010 0 +3.924084336e+00 +7.031140843e+02 +7.031140843e+02 +3.1907e+00 -3.8848e-01 -1.5171e+00 +3.0583e+00 -4.5804e+00 +3.8746e+00 +1.3984e+00 +1.1799e+00 -2.8308e-02 -1.5597e+00
% f evaluations | g evaluations | best noise-free fitness - Fopt (1.000000000000e+03) + sum g_i+ | measured fitness | best measured fitness or single-digit g-values | x1 | x2...
1 0 +1.322553090e+02 +1.132255309e+03 +1.132255309e+03 +5.0716e-01 -1.3978e-01 +9.8461e-03 +1.2226e-01 -2.3668e-01 +6.1969e-04 -2.6712e-04 -5.2644e-01 +3.0531e-01 +1.8016e-01
2 0 +1.044652206e+02 +1.104465221e+03 +1.104465221e+03 -1.8763e-01 -5.1465e-02 +1.5159e-01 -7.8408e-02 -7.2826e-02 -4.3598e-01 +1.6638e-01 +3.7166e-02 +8.2341e-02 -4.5798e-01
15 0 +9.474656813e+01 +1.094746568e+03 +1.094746568e+03 +2.5357e-01 -3.9441e-02 +4.6053e-01 +2.3017e-01 -5.1660e-01 -6.5897e-01 +3.9556e-01 -2.8882e-01 +3.4887e-01 -1.5243e-01
27 0 +8.652489950e+01 +1.086524899e+03 +1.086524899e+03 +3.9365e-01 -7.8363e-02 +4.6035e-01 -5.1170e-01 -3.0719e-03 -3.9289e-01 -8.8676e-03 -2.5809e-01 +1.9970e-01 -2.8015e-01
31 0 +7.672247913e+01 +1.076722479e+03 +1.076722479e+03 +3.4195e-01 -1.5309e-01 +1.2863e+00 -1.6636e-01 -5.9129e-02 -5.0266e-01 +3.6947e-02 -9.4789e-02 -1.5474e-02 -3.1523e-01
50 0 +7.463489055e+01 +1.074634891e+03 +1.074634891e+03 +3.0386e-01 +1.4320e-01 +1.1245e+00 -4.3213e-02 +1.9479e-01 -8.3113e-02 +2.7461e-01 -1.9002e-01 -8.7547e-02 -6.3873e-01
70 0 +6.533175769e+01 +1.065331758e+03 +1.065331758e+03 +1.4752e-02 -6.8500e-02 +1.0471e+00 -1.7055e-01 -6.8065e-02 -1.2295e+00 +3.4159e-01 -9.0223e-02 +3.4356e-02 -5.7437e-01
76 0 +5.423966136e+01 +1.054239661e+03 +1.054239661e+03 -2.3663e-01 -3.4936e-01 +1.4413e+00 -4.1298e-01 -2.5526e-02 -1.1589e+00 +7.4844e-01 +6.6402e-02 -3.9029e-01 -3.4050e-01
87 0 +4.861218103e+01 +1.048612181e+03 +1.048612181e+03 -1.3200e-01 -2.2966e-01 +1.2682e+00 -7.5918e-01 -2.5522e-01 -1.3900e+00 +1.2036e+00 -3.2166e-01 +2.7231e-01 -8.9513e-02
103 0 +4.376651396e+01 +1.043766514e+03 +1.043766514e+03 +5.1779e-02 +7.8621e-02 +1.2340e+00 -6.7180e-01 +1.0011e-01 -1.5375e+00 +1.2086e+00 -7.3183e-01 +8.9044e-02 -1.7771e-01
112 0 +3.854342542e+01 +1.038543425e+03 +1.038543425e+03 -1.7233e-01 -1.5680e-01 +1.2416e+00 -5.9586e-01 +1.8670e-01 -1.4909e+00 +1.2582e+00 -3.9564e-01 -2.7839e-01 -3.2503e-01
124 0 +2.693548270e+01 +1.026935483e+03 +1.026935483e+03 -9.0268e-01 -2.2516e-01 +1.6207e+00 -9.2310e-01 +3.6806e-02 -1.1472e+00 +1.3706e+00 -3.4685e-01 -3.4508e-01 -3.1037e-01
125 0 +2.327507579e+01 +1.023275076e+03 +1.023275076e+03 -8.1086e-01 -1.2174e-01 +1.1356e+00 -9.4367e-01 -1.2581e-02 -1.6252e+00 +1.9575e+00 -6.7983e-01 -3.1088e-01 -2.4285e-01
135 0 +2.187597087e+01 +1.021875971e+03 +1.021875971e+03 -7.9256e-01 +3.4027e-01 +1.8794e+00 -1.4748e+00 -1.2150e-02 -1.4959e+00 +1.8150e+00 -9.4268e-01 -5.4750e-01 -4.2321e-01
142 0 +1.597865864e+01 +1.015978659e+03 +1.015978659e+03 -6.7907e-01 +2.9426e-01 +1.7546e+00 -1.5102e+00 -1.8130e-01 -1.6715e+00 +2.5048e+00 -7.3238e-01 -6.9123e-01 -9.2317e-01
181 0 +1.534180381e+01 +1.015341804e+03 +1.015341804e+03 -2.7342e-01 +8.2462e-01 +1.9734e+00 -1.8154e+00 +2.1298e-01 -1.5488e+00 +1.9990e+00 +9.6778e-02 -7.2867e-01 -2.0516e-01
190 0 +1.376684530e+01 +1.013766845e+03 +1.013766845e+03 -1.0980e+00 -4.8632e-01 +2.3836e+00 -1.7882e+00 +3.9667e-01 -1.9704e+00 +2.7722e+00 +1.6176e-01 -9.0551e-01 +2.3895e-01
240 0 +1.269981394e+01 +1.012699814e+03 +1.012699814e+03 -1.6122e-01 +5.5012e-01 +1.8857e+00 -2.0287e+00 -3.9629e-01 -1.6024e+00 +2.1814e+00 -5.1313e-01 -2.5654e-01 -6.3130e-01
267 0 +1.238436321e+01 +1.012384363e+03 +1.012384363e+03 -2.3071e-01 +2.0865e-01 +2.0795e+00 -2.4061e+00 -2.0154e-01 -2.5079e+00 +2.5076e+00 -8.1810e-02 -5.9201e-01 -2.2838e-01
269 0 +1.016029145e+01 +1.010160291e+03 +1.010160291e+03 -7.0301e-01 +1.5711e-01 +1.7658e+00 -2.5726e+00 -3.2132e-01 -2.3871e+00 +2.5597e+00 -8.5458e-01 -1.9112e-01 -2.9947e-01
346 0 +7.937847505e+00 +1.007937848e+03 +1.007937848e+03 -6.9527e-01 +3.7647e-01 +1.1322e+00 -2.1323e+00 +8.1483e-02 -1.9980e+00 +2.5337e+00 -8.8108e-01 -7.0935e-02 -2.5100e-01
432 0 +7.744232849e+00 +1.007744233e+03 +1.007744233e+03 -1.0619e+00 -8.8064e-02 +1.6947e+00 -2.5429e+00 -3.9610e-01 -2.3999e+00 +2.4503e+00 -5.3788e-01 -1.9475e-01 -2.5793e-01
474 0 +7.408269130e+00 +1.007408269e+03 +1.007408269e+03 -1.0014e+00 +4.6763e-01 +1.8128e+00 -2.7444e+00 -4.6968e-01 -2.6059e+00 +1.9854e+00 -7.3938e-01 -1.7082e-01 -6.2425e-01
485 0 +7.173134037e+00 +1.007173134e+03 +1.007173134e+03 -1.2287e+00 +3.3546e-01 +1.8328e+00 -2.8675e+00 -4.7647e-01 -2.5829e+00 +2.2614e+00 -5.9596e-01 -1.1599e-01 -3.8115e-01
492 0 +6.900579993e+00 +1.006900580e+03 +1.006900580e+03 -1.0601e+00 +8.3433e-01 +1.7487e+00 -2.6955e+00 -9.0514e-01 -2.4426e+00 +2.0313e+00 -4.8072e-01 -2.0865e-01 -9.5410e-01
497 0 +6.454876589e+00 +1.006454877e+03 +1.006454877e+03 -1.1559e+00 +3.3590e-01 +1.6437e+00 -2.8147e+00 -6.3086e-01 -2.3851e+00 +1.9947e+00 -9.1966e-01 -5.3923e-02 -5.6474e-01
519 0 +5.999225103e+00 +1.005999225e+03 +1.005999225e+03 -5.9956e-01 +9.0880e-01 +1.8034e+00 -2.6375e+00 -1.1202e+00 -2.4352e+00 +2.1247e+00 -8.2819e-01 +2.7094e-02 -1.0099e+00
526 0 +5.222642968e+00 +1.005222643e+03 +1.005222643e+03 -8.4574e-01 +5.2212e-01 +1.1856e+00 -2.8331e+00 -9.3720e-01 -2.3762e+00 +1.7568e+00 -1.1839e+00 +1.2084e-01 -8.0093e-01
531 0 +4.825452810e+00 +1.004825453e+03 +1.004825453e+03 -9.4429e-01 +5.7952e-01 +1.2933e+00 -2.5855e+00 -8.1903e-01 -2.4407e+00 +1.7794e+00 -1.1972e+00 -7.9486e-02 -9.1187e-01
1010 0 +4.825452810e+00 +1.004825453e+03 +1.004825453e+03 -9.4429e-01 +5.7952e-01 +1.2933e+00 -2.5855e+00 -8.1903e-01 -2.4407e+00 +1.7794e+00 -1.1972e+00 -7.9486e-02 -9.1187e-01
