% f evaluations | g evaluations | best noise-free fitness - Fopt (-9.210000000000e+00) + sum g_i+ | measured fitness | best measured fitness or single-digit g-values | x1 | x2...
1 0 +2.000450044e+02 +1.908350044e+02 +1.908350044e+02 -3.8551e-01 -3.0144e-01 +1.9050e-01 +3.5179e-02 +5.5240e-02 -3.1159e-01 -2.7379e-01 +1.8672e-01 +5.2624e-01 -2.0344e-01
11 0 +1.944028999e+02 +1.851928999e+02 +1.851928999e+02 -1.1204e-02 -1.8592e-01 +1.6677e-01 -6.7409e-02 -2.0007e-01 +3.8308e-02 -4.3940e-03 +3.7470e-01 +2.6715e-01 -5.0744e-01
27 0 +1.875072260e+02 +1.782972260e+02 +1.782972260e+02 -1.8588e-01 +9.9922e-02 +3.9492e-01 +6.0498e-01 +2.2705e-01 -3.3546e-02 +5.7070e-01 +7.2637e-01 +2.1548e-01 -7.0156e-01
38 0 +1.833600538e+02 +1.741500538e+02 +1.741500538e+02 -5.3310e-01 +8.2830e-02 -2.5134e-02 +2.8338e-01 -1.1108e-01 +1.2745e-01 +1.7713e-01 +7.4352e-01 +6.6686e-01 -9.6353e-01
41 0 +1.781413612e+02 +1.689313612e+02 +1.689313612e+02 -5.9031e-01 +2.0445e-01 +5.3101e-01 +8.3485e-01 -1.1845e-01 -6.5911e-02 +3.4265e-01 +1.4746e+00 +3.4357e-01 -1.0665e+00
44 0 +1.751186037e+02 +1.659086037e+02 +1.659086037e+02 -2.9392e-01 +3.7674e-01 +5.5319e-01 +3.1431e-01 -5.8588e-01 -1.4521e-01 +6.2213e-01 +1.2377e+00 +3.6113e-01 -1.3224e+00
61 0 +1.620088558e+02 +1.527988558e+02 +1.527988558e+02 -4.7982e-01 -7.1778e-01 -4.0101e-01 +8.8308e-01 -2.6176e-01 -4.3914e-01 +5.2779e-01 +1.2802e+00 +2.0909e+00 -1.7049e+00
71 0 +1.542244329e+02 +1.450144329e+02 +1.450144329e+02 -7.8790e-01 +2.3916e-01 +4.1071e-01 +4.8011e-02 +1.2997e-01 +2.2232e-01 -1.7674e-01 +2.2470e+00 +1.8966e+00 -2.2042e+00
82 0 +1.400507412e+02 +1.308407412e+02 +1.308407412e+02 -1.2823e+00 -7.2543e-01 +1.3037e-01 +8.9836e-01 +1.3787e-01 -1.0766e-01 -2.2684e-01 +3.7521e+00 +1.5000e+00 -3.2080e+00
87 0 +1.379581793e+02 +1.287481793e+02 +1.287481793e+02 -1.5424e+00 -6.9405e-01 +5.3137e-01 +5.0865e-01 -5.6254e-01 -1.0183e+00 -1.3525e-01 +2.8165e+00 +2.5361e+00 -3.3048e+00
95 0 +9.946829642e+01 +9.025829642e+01 +9.025829642e+01 -3.3552e+00 -9.0789e-01 -3.5110e-01 +1.7086e+00 +1.3359e-01 +7.2458e-01 +2.2264e-01 +4.8124e+00 +3.1251e+00 -5.2591e+00
102 0 +8.168624355e+01 +7.247624355e+01 +7.247624355e+01 -1.7857e+00 -9.6974e-01 +1.8310e+00 +2.5000e+00 -3.3856e-01 +1.4098e+00 +6.2315e-01 +4.3797e+00 +4.1462e+00 -5.5881e+00
111 0 +8.116540766e+01 +7.195540766e+01 +7.195540766e+01 +1.1512e+00 +1.3490e+00 +5.1513e-01 +3.4946e+00 -1.8779e+00 +2.0135e+00 +2.3500e-01 +3.8271e+00 +3.2813e+00 -6.6228e+00
121 0 +6.404578408e+01 +5.483578408e+01 +5.483578408e+01 +1.1276e+00 +2.3406e+00 -2.4124e+00 +6.8876e+00 -1.0523e+00 +3.8421e+00 +1.3188e+00 +2.9747e+00 +6.0972e+00 -7.3131e+00
142 0 +3.577979023e+01 +2.656979023e+01 +2.656979023e+01 -2.7904e+00 +3.5006e+00 +2.3270e+00 +4.4050e+00 -2.5466e+00 +3.6736e+00 +3.5421e+00 +4.6745e+00 +6.3158e+00 -8.6371e+00
151 0 +1.956611968e+01 +1.035611968e+01 +1.035611968e+01 +3.1269e+00 +3.4322e+00 +1.3463e+00 +3.1878e+00 -3.0273e+00 +6.4252e+00 +4.9612e+00 +1.0048e+01 +1.0429e+01 -1.1478e+01
163 0 +1.139669841e+01 +2.186698413e+00 +2.186698413e+00 +4.1508e+00 +6.2757e+00 +6.4484e+00 +4.5548e+00 -5.3567e+00 +3.5944e+00 +4.0226e+00 +8.2170e+00 +1.0022e+01 -7.0662e+00
187 0 +8.671708917e+00 -5.382910833e-01 -5.382910833e-01 -1.7193e+00 +4.6077e+00 +5.4549e+00 +9.8837e+00 -5.2098e+00 +8.0782e+00 +4.6885e+00 +1.5765e+01 +1.1635e+01 -1.5424e+01
191 0 +6.256216524e+00 -2.953783476e+00 -2.953783476e+00 -1.2562e+00 +7.7654e+00 +8.1378e+00 +9.7891e+00 -7.4638e+00 +5.1258e+00 +5.0214e+00 +1.2392e+01 +1.0156e+01 -1.7955e+01
205 0 +3.423323247e+00 -5.786676753e+00 -5.786676753e+00 +1.5767e+00 +6.3317e+00 +1.0296e+01 +8.4064e+00 -6.0118e+00 +1.2566e+01 +5.1456e+00 +1.4101e+01 +1.0951e+01 -1.7836e+01
213 0 +2.960565487e-01 -8.913943451e+00 -8.913943451e+00 +4.8327e+00 +4.9003e+00 +1.3671e+01 +1.2518e+01 -1.8025e+01 +1.4950e+01 +7.3263e+00 +1.5162e+01 +1.2729e+01 -2.4831e+01
220 0 +0.000000000e+00 -9.210000000e+00 -9.210000000e+00 +6.6794e+00 +9.6548e+00 +1.1635e+01 +8.7508e+00 -6.9443e+00 +1.4754e+01 +6.9758e+00 +2.1062e+01 +1.0094e+01 -1.7932e+01
1000 0 +0.000000000e+00 -9.210000000e+00 -9.210000000e+00 +6.6794e+00 +9.6548e+00 +1.1635e+01 +8.7508e+00 -6.9443e+00 +1.4754e+01 +6.9758e+00 +2.1062e+01 +1.0094e+01 -1.7932e+01
% f evaluations | g evaluations | best noise-free fitness - Fopt (6.559900000000e+02) + sum g_i+ | measured fitness | best measured fitness or single-digit g-values | x1 | x2...
1 0 +2.059418657e+02 +8.619318657e+02 +8.619318657e+02 -1.4542e-02 +2.8435e-01 -1.6960e-01 +2.5404e-01 +2.0869e-01 +2.2576e-02 -2.0401e-01 +1.0784e-01 +1.8389e-01 +1.5504e-01
2 0 +1.968750479e+02 +8.528650479e+02 +8.528650479e+02 +3.6641e-01 +6.3666e-01 -3.2373e-01 -2.1334e-01 -5.4867e-01 -1.8345e-01 -6.9757e-01 +2.0761e-01 -3.9582e-01 +1.8850e-01
20 0 +1.901125221e+02 +8.461025221e+02 +8.461025221e+02 +1.0585e+00 +2.9489e-01 -6.1386e-01 +1.6943e-01 -5.8365e-01 +3.5305e-01 -6.9148e-01 +3.4435e-01 -5.1466e-01 -2.5545e-01
28 0 +1.838654725e+02 +8.398554725e+02 +8.398554725e+02 +1.1052e+00 +5.2328e-01 -6.4840e-02 +8.6894e-02 -9.5985e-01 -4.0436e-03 -9.4966e-01 +4.2608e-01 -4.1854e-01 -6.8692e-01
31 0 +1.796340789e+02 +8.356240789e+02 +8.356240789e+02 +1.3926e+00 +1.0352e+00 -6.2105e-01 -7.7489e-02 -1.4397e+00 +4.2398e-02 -5.0927e-01 +7.3125e-01 -9.1758e-01 -6.0831e-01
45 0 +1.766568488e+02 +8.326468488e+02 +8.326468488e+02 +9.4949e-01 +3.0448e-01 -5.1096e-02 -9.0551e-01 -1.4849e+00 +2.4719e-03 -5.5519e-01 +3.4699e-01 -1.0815e+00 -1.1846e+00
50 0 +1.707222633e+02 +8.267122633e+02 +8.267122633e+02 +1.5146e+00 -4.8514e-01 -1.0970e+00 +5.7479e-02 -1.8311e+00 -5.8918e-01 -6.7012e-01 +5.6832e-01 -1.0122e+00 -7.9635e-01
57 0 +1.624118919e+02 +8.184018919e+02 +8.184018919e+02 +2.4521e+00 +7.6542e-01 -1.9045e+00 -1.0440e+00 -2.9772e+00 -9.2253e-01 -1.0128e+00 +8.8090e-01 -6.4525e-01 -1.2967e+00
58 0 +1.581678140e+02 +8.141578140e+02 +8.141578140e+02 +1.2458e+00 -1.8272e-01 +1.7943e-02 +5.6707e-02 -2.4861e+00 -4.6042e-02 -8.0258e-01 +7.3531e-01 -2.1317e+00 -1.2884e+00
62 0 +1.407153876e+02 +7.967053876e+02 +7.967053876e+02 +6.0439e-01 -1.1358e+00 -6.8254e-01 +5.1105e-01 -3.4978e+00 -3.0420e-01 -2.1566e+00 +1.7104e+00 -2.4967e+00 -8.9008e-01
72 0 +1.317781947e+02 +7.877681947e+02 +7.877681947e+02 +5.6377e-01 +2.5521e-01 +1.0042e-01 +1.2671e+00 -4.6514e+00 -1.1926e-01 -8.8087e-01 +2.8865e+00 -2.6235e+00 -1.4696e+00
74 0 +1.083634821e+02 +7.643534821e+02 +7.643534821e+02 +8.6480e-01 +1.4499e+00 -2.3654e+00 -1.9578e+00 -1.4172e+00 -7.6814e-01 -4.2263e+00 +3.6143e+00 -3.6155e+00 -2.1282e+00
81 0 +9.012086713e+01 +7.461108671e+02 +7.461108671e+02 +2.1428e+00 +1.3727e+00 -2.3502e+00 -1.3046e+00 -4.3764e+00 +1.1134e-01 -5.2049e+00 +2.2605e+00 -4.2595e+00 -3.1231e+00
83 0 +8.780627691e+01 +7.437962769e+02 +7.437962769e+02 -5.5184e-01 -1.1238e+00 -2.0478e+00 -6.6679e-01 -4.0018e+00 -1.7208e+00 -3.9143e+00 +3.5880e+00 -4.4448e+00 -2.2250e+00
93 0 +8.148750883e+01 +7.374775088e+02 +7.374775088e+02 +1.7550e+00 +1.1561e-01 -1.9286e+00 -1.1820e+00 -2.4898e+00 -4.2858e+00 -5.9019e+00 +4.0360e+00 -6.4904e+00 -1.2137e+00
99 0 +5.892402580e+01 +7.149140258e+02 +7.149140258e+02 +1.8803e+00 -4.9399e-01 -3.0849e+00 -2.3442e+00 -6.7659e+00 -1.5260e-01 -5.9698e+00 +5.3987e+00 -5.5746e+00 -3.6453e+00
101 0 +4.109744345e+01 +6.970874434e+02 +6.970874434e+02 +4.3102e+00 +2.2841e-01 -2.6407e+00 -9.8238e-01 -7.7277e+00 -2.5711e+00 -8.5841e+00 +5.0157e+00 -8.7379e+00 -4.1898e+00
111 0 +4.011220109e+01 +6.961022011e+02 +6.961022011e+02 +3.0561e+00 -7.0099e-01 -5.3810e+00 -1.8258e+00 -3.6684e+00 -1.0474e+00 -1.5144e+01 +8.0361e+00 -9.5543e+00 -5.2157e+00
114 0 +2.947470257e+01 +6.854647026e+02 +6.854647026e+02 +2.0056e+00 +2.8632e+00 -1.9725e+00 +7.4630e-01 -1.0365e+01 -4.4129e+00 -8.5328e+00 +6.5226e+00 -1.2682e+01 -7.2879e+00
116 0 +2.564679444e+01 +6.816367944e+02 +6.816367944e+02 +2.6326e+00 -6.4453e-01 -5.7827e+00 +2.4017e+00 -1.5083e+01 -1.6453e+00 -8.9259e+00 +5.2728e+00 -1.3437e+01 -7.4527e+00
118 0 +1.672144961e+01 +6.727114496e+02 +6.727114496e+02 -6.3938e-01 -5.0816e+00 -1.5001e+00 +3.5766e+00 -5.7152e+00 -4.3941e+00 -5.6186e+00 +7.3143e+00 -1.6392e+01 -7.4002e+00
125 0 +8.032427759e+00 +6.640224278e+02 +6.640224278e+02 +1.9912e+00 -1.1104e+00 -7.0655e+00 +6.7707e+00 -1.1162e+01 -5.6856e+00 -9.8304e+00 +9.1764e+00 -1.5726e+01 -6.2071e+00
150 0 +0.000000000e+00 +6.559900000e+02 +6.559900000e+02 +1.0456e+01 -1.4753e+01 -1.3793e+01 +1.6616e+01 -1.8586e+01 -5.7778e+00 -1.6173e+01 +1.0695e+01 -2.3554e+01 -1.3917e+01
1010 0 +0.000000000e+00 +6.559900000e+02 +6.559900000e+02 +1.0456e+01 -1.4753e+01 -1.3793e+01 +1.6616e+01 -1.8586e+01 -5.7778e+00 -1.6173e+01 +1.0695e+01 -2.3554e+01 -1.3917e+01
% f evaluations | g evaluations | best noise-free fitness - Fopt (6.671000000000e+01) + sum g_i+ | measured fitness | best measured fitness or single-digit g-values | x1 | x2...
1 0 +2.087102689e+02 +2.754202689e+02 +2.754202689e+02 +4.5761e-01 -1.1868e-01 +2.6355e-01 -2.0115e-01 -8.3925e-02 -3.5403e-01 +3.9557e-01 +7.7526e-02 +7.3650e-02 +4.1595e-02
2 0 +2.034871477e+02 +2.701971477e+02 +2.701971477e+02 -5.0566e-02 -1.0002e-01 -5.8712e-01 +4.4149e-01 -4.8261e-01 +9.5028e-02 -3.8359e-01 +5.3997e-01 -4.1617e-02 +1.1554e-01
4 0 +1.979186282e+02 +2.646286282e+02 +2.646286282e+02 -2.8436e-02 +1.8388e-02 -3.5683e-01 +1.3398e-01 +4.1478e-02 -3.3344e-02 -2.6939e-01 -2.5958e-02 -3.5369e-02 -4.6435e-01
12 0 +1.929392899e+02 +2.596492899e+02 +2.596492899e+02 -1.6155e-01 -2.7539e-01 -3.3796e-01 -1.6270e-01 +1.5111e-01 +2.9372e-01 -1.4924e-01 -1.3525e-01 +1.2077e-02 -8.4458e-01
19 0 +1.867628067e+02 +2.534728067e+02 +2.534728067e+02 +1.5059e-01 -2.9702e-01 -3.5681e-01 +2.1530e-01 +3.2143e-02 +5.2543e-01 -2.1965e-01 -2.5906e-01 +7.6605e-01 -5.9902e-01
28 0 +1.808988237e+02 +2.476088237e+02 +2.476088237e+02 -4.2865e-01 -6.9724e-01 -5.2874e-01 +4.0449e-02 +3.2982e-01 +2.3138e-01 -2.1834e-02 -2.6285e-01 +6.2718e-01 -1.4704e+00
33 0 +1.771089447e+02 +2.438189447e+02 +2.438189447e+02 -2.0091e-01 -4.2897e-02 -9.4392e-01 +2.0442e-01 +4.1755e-01 +8.5335e-01 +1.9923e-01 -3.8660e-01 +5.6884e-01 -1.7265e+00
42 0 +1.656581352e+02 +2.323681352e+02 +2.323681352e+02 -3.6046e-01 -7.0354e-01 -6.4614e-01 +3.3731e-01 +1.3154e+00 +8.5741e-01 -1.2663e-01 -8.0555e-01 +1.2486e+00 -2.1110e+00
51 0 +1.599545387e+02 +2.266645387e+02 +2.266645387e+02 -7.1275e-01 -2.0774e-02 -1.8553e+00 +3.4245e-01 +1.7326e+00 +1.0150e+00 +1.3146e-01 -7.5715e-01 +2.0892e+00 -2.0889e+00
56 0 +1.549197185e+02 +2.216297185e+02 +2.216297185e+02 -1.0978e-01 -8.0596e-01 -7.4111e-01 +6.4855e-01 +1.0885e+00 +1.7330e+00 -7.2585e-01 -1.5919e+00 +9.6809e-01 -2.2036e+00
61 0 +1.521422440e+02 +2.188522440e+02 +2.188522440e+02 -6.8629e-01 -2.5328e-01 -4.8411e-01 +7.1567e-01 +9.4992e-01 +1.7106e+00 -4.4148e-01 -1.4589e+00 +1.4154e+00 -2.3584e+00
67 0 +1.509733322e+02 +2.176833322e+02 +2.176833322e+02 -3.5865e-01 -3.8669e-01 -1.4383e+00 +1.2805e+00 -1.9234e-01 +1.2805e+00 -1.9609e-01 -9.6582e-01 +2.8118e+00 -1.3750e+00
70 0 +1.456661844e+02 +2.123761844e+02 +2.123761844e+02 +1.1317e-01 -1.6094e+00 -1.5096e+00 +4.9382e-01 +1.5218e+00 +2.6372e+00 -1.0970e+00 -1.3602e+00 +2.1875e+00 -1.7707e+00
72 0 +1.420902578e+02 +2.088002578e+02 +2.088002578e+02 +7.1667e-02 -1.1283e+00 -1.2548e+00 +9.3019e-02 +1.7498e+00 +2.3121e+00 -5.8774e-01 -6.3833e-01 +2.1153e+00 -3.2205e+00
77 0 +1.280699912e+02 +1.947799912e+02 +1.947799912e+02 -9.0976e-01 -5.5362e-01 -1.2580e+00 +2.2517e+00 -5.3005e-02 +8.9049e-01 -3.9300e-01 -1.5472e+00 +3.3471e+00 -2.7341e+00
83 0 +1.104413840e+02 +1.771513840e+02 +1.771513840e+02 -1.7652e+00 -1.4756e+00 -9.6819e-01 +2.1008e+00 +1.0144e+00 +2.3691e+00 +3.5759e-01 -1.7437e+00 +3.7240e+00 -4.0776e+00
87 0 +1.068663447e+02 +1.735763447e+02 +1.735763447e+02 -1.0994e+00 -1.5219e+00 -1.2159e+00 +2.9104e+00 +1.0215e+00 +2.2044e+00 -3.2867e-02 +4.6590e-02 +4.8633e+00 -4.3510e+00
91 0 +8.603618756e+01 +1.527461876e+02 +1.527461876e+02 -9.6128e-01 -2.3341e+00 -1.3153e+00 +3.9253e+00 +1.4511e-01 +3.1428e+00 -1.2475e+00 +2.8519e-01 +5.9451e+00 -5.8807e+00
97 0 +6.417143130e+01 +1.308814313e+02 +1.308814313e+02 -2.5234e+00 -1.8302e+00 -2.4085e+00 +3.3166e+00 +5.8585e-01 +4.0211e+00 -2.4465e+00 -1.9760e+00 +4.9213e+00 -7.1340e+00
106 0 +5.558046341e+01 +1.222904634e+02 +1.222904634e+02 -1.6813e+00 +1.2799e-01 -2.4131e+00 +7.1070e+00 -1.7548e-02 +5.4093e+00 -2.8332e+00 -2.0971e+00 +6.7286e+00 -8.9107e+00
112 0 +5.289335671e+01 +1.196033567e+02 +1.196033567e+02 -1.5523e+00 -2.9707e+00 -4.6252e+00 +5.8843e+00 +1.0739e+00 +7.8921e+00 -4.1705e+00 -7.9288e-01 +4.9706e+00 -6.3976e+00
113 0 +4.945172540e+01 +1.161617254e+02 +1.161617254e+02 -2.1758e+00 +8.6506e-01 -5.2084e+00 +4.9309e+00 -2.4476e+00 +4.1526e+00 -3.1474e+00 -1.6376e+00 +7.1155e+00 -6.9983e+00
120 0 +4.699345156e+01 +1.137034516e+02 +1.137034516e+02 +1.2739e+00 -4.1569e+00 -5.7662e-01 +2.6501e+00 -7.0475e+00 +4.9134e+00 -2.1960e+00 -2.8098e+00 +4.9053e+00 -9.8352e+00
123 0 +2.082048952e+01 +8.753048952e+01 +8.753048952e+01 +2.8094e+00 -3.9065e+00 -6.2795e+00 +4.7566e+00 -1.4709e+00 +9.5775e+00 -6.3111e+00 -4.7907e+00 +6.8407e+00 -1.0744e+01
159 0 +9.982411974e+00 +7.669241197e+01 +7.669241197e+01 -9.1573e+00 -6.0056e+00 -4.6458e+00 +6.4082e-01 -1.1357e+01 +1.2214e+01 -6.0315e+00 -7.1458e+00 +6.0800e+00 -2.1981e+01
166 0 +8.583576742e+00 +7.529357674e+01 +7.529357674e+01 -3.5223e+00 -9.7138e+00 -1.0126e+01 +1.7018e+00 -8.6408e+00 +1.6683e+01 -1.3115e+01 -8.4357e+00 +1.6080e+01 -3.1263e+01
175 0 +6.044358203e+00 +7.275435820e+01 +7.275435820e+01 +1.0444e+00 -1.3902e+01 -7.4845e+00 +9.5989e+00 -9.3328e+00 +2.1932e+01 -1.3639e+01 -9.2736e+00 +1.0720e+01 -2.3695e+01
187 0 +1.061929405e+00 +6.777192941e+01 +6.777192941e+01 -3.9381e+00 -1.7855e+01 -1.1372e+01 +1.0837e+01 -1.3408e+01 +1.5008e+01 -1.3499e+01 -2.4250e+01 +7.7681e+00 -2.8431e+01
201 0 +0.000000000e+00 +6.671000000e+01 +6.671000000e+01 -8.5628e+00 -1.2733e+01 -1.6895e+01 +1.7094e+01 -1.6133e+01 +2.8915e+01 -2.2860e+01 -2.5647e+01 +1.1931e+01 -3.5544e+01
1010 0 +0.000000000e+00 +6.671000000e+01 +6.671000000e+01 -8.5628e+00 -1.2733e+01 -1.6895e+01 +1.7094e+01 -1.6133e+01 +2.8915e+01 -2.2860e+01 -2.5647e+01 +1.1931e+01 -3.5544e+01
% f evaluations | g evaluations | best noise-free fitness - Fopt (9.416700000000e+02) + sum g_i+ | measured fitness | best measured fitness or single-digit g-values | x1 | x2...
1 0 +2.026201261e+02 +1.144290126e+03 +1.144290126e+03 +1.9794e-01 +5.3738e-01 +8.6190e-01 +1.7688e-01 +4.9889e-02 +3.6272e-01 -2.2698e-01 +4.3502e-01 +5.1860e-01 +2.1798e-02
3 0 +2.010955510e+02 +1.142765551e+03 +1.142765551e+03 +2.1091e-01 -4.2835e-02 +2.8035e-01 -2.5138e-01 -2.0508e-01 -3.7626e-02 +2.3975e-01 +4.0576e-01 +6.5598e-01 -1.2420e-01
4 0 +1.952827859e+02 +1.136952786e+03 +1.136952786e+03 -2.4244e-01 +4.1323e-02 +1.4789e-01 +1.9306e-01 -2.2776e-01 -5.1760e-01 -9.3351e-02 -1.6261e-01 +3.4459e-01 -1.6431e-01
13 0 +1.948028038e+02 +1.136472804e+03 +1.136472804e+03 -7.0143e-01 -6.9687e-02 +9.0107e-02 +9.1221e-01 +1.8784e-02 -6.7334e-01 -3.1839e-01 -9.4994e-02 +7.1342e-01 +3.3008e-01
24 0 +1.883205652e+02 +1.129990565e+03 +1.129990565e+03 +3.8097e-01 +7.3558e-01 +7.2253e-01 +7.4856e-01 -4.5204e-01 -1.9432e-01 +6.4609e-02 -4.3855e-01 +6.0236e-01 -5.5909e-01
46 0 +1.827753288e+02 +1.124445329e+03 +1.124445329e+03 -6.3599e-01 +5.1140e-01 +3.8698e-01 +3.4247e-01 -1.4637e-01 -4.6356e-01 -7.0477e-01 +1.0253e-01 +8.5487e-01 -8.8647e-01
54 0 +1.701497210e+02 +1.111819721e+03 +1.111819721e+03 -3.0647e-01 +1.1590e+00 +5.1853e-01 +5.9192e-01 -7.7662e-01 -4.9353e-01 -6.2928e-01 -4.8918e-01 +1.2690e+00 -1.3635e+00
61 0 +1.684044530e+02 +1.110074453e+03 +1.110074453e+03 -5.9645e-01 +7.5768e-01 +2.3128e-01 +5.0685e-02 -1.1793e+00 -8.3277e-01 -7.8213e-01 -7.8654e-02 +1.7540e+00 -1.1873e+00
71 0 +1.381026957e+02 +1.079772696e+03 +1.079772696e+03 +1.5430e-01 +1.4319e+00 +1.3912e+00 +3.3647e-01 -1.0699e+00 -8.5228e-01 -1.2403e+00 -1.0246e+00 +2.5847e+00 -2.7252e+00
84 0 +1.315838551e+02 +1.073253855e+03 +1.073253855e+03 +8.9923e-02 +9.0985e-01 +6.5357e-01 +7.9218e-01 -1.9569e+00 -1.1711e+00 -2.1531e+00 +9.7986e-02 +2.8548e+00 -3.0067e+00
93 0 +1.126217127e+02 +1.054291713e+03 +1.054291713e+03 -3.7987e-02 +1.8701e+00 +5.1417e-01 +4.0877e-01 -1.9225e+00 -2.7652e+00 -1.6625e+00 -1.0570e+00 +2.5843e+00 -4.3015e+00
102 0 +1.069325429e+02 +1.048602543e+03 +1.048602543e+03 -7.8220e-01 +3.8204e+00 +5.9207e-01 +1.2003e+00 -2.2864e+00 +1.8144e-01 -2.4568e+00 -6.4594e-01 +3.9840e+00 -4.6161e+00
105 0 +9.529069966e+01 +1.036960700e+03 +1.036960700e+03 +9.2767e-01 +3.3373e+00 +1.1084e+00 +1.9389e+00 -2.0880e+00 -2.4888e+00 -2.4138e+00 +4.1364e-01 +4.5716e+00 -4.9394e+00
116 0 +6.595809912e+01 +1.007628099e+03 +1.007628099e+03 +8.4933e-01 +4.5335e+00 +3.0608e+00 +7.6543e-01 -3.2460e+00 -2.3377e+00 -3.7575e+00 -2.7013e+00 +4.9360e+00 -4.9053e+00
126 0 +6.125296269e+01 +1.002922963e+03 +1.002922963e+03 +8.0964e-01 +2.2112e+00 +2.8426e-01 -5.4114e-02 -6.5379e+00 -4.4101e+00 -4.9797e+00 -8.0299e-01 +6.6740e+00 -6.2459e+00
138 0 +5.190588707e+01 +9.935758871e+02 +9.935758871e+02 +1.3666e+00 +4.5228e+00 +4.5166e+00 +1.6449e+00 -8.5380e+00 -5.2618e+00 -5.9009e+00 -7.9548e-01 +6.3691e+00 -6.9133e+00
151 0 +5.114159482e+01 +9.928115948e+02 +9.928115948e+02 -1.3317e-01 +7.2847e+00 +8.2277e+00 +3.0556e+00 -1.4472e+01 -7.9278e+00 -8.8072e+00 -1.0417e+00 +4.6784e+00 -6.0137e+00
161 0 +1.681216223e+01 +9.584821622e+02 +9.584821622e+02 -2.6433e+00 +5.9114e+00 +1.3219e+01 +6.8001e+00 -1.0453e+01 -5.6855e+00 -1.7253e+01 -4.9395e+00 +1.4063e+01 -8.1704e+00
186 0 +6.359958909e+00 +9.480299589e+02 +9.480299589e+02 -1.2356e+01 -7.5715e-02 +1.1107e+01 +1.2427e+01 -7.1729e+00 -1.6968e+01 -1.8377e+01 -5.6468e+00 +1.4288e+01 -2.1453e+01
198 0 +6.091039735e+00 +9.477610397e+02 +9.477610397e+02 -1.4665e+01 -4.1652e+00 +1.2455e+01 +2.6733e+00 -1.2547e+01 -1.5180e+01 -1.5516e+01 -9.7189e+00 +1.3663e+01 -1.4063e+01
204 0 +4.986669511e+00 +9.466566695e+02 +9.466566695e+02 -1.7793e+01 -4.6944e+00 +1.4963e+01 +2.8686e+00 -9.3789e+00 -2.4331e+01 -1.5584e+01 -6.7036e+00 +1.9316e+01 -1.4938e+01
208 0 +4.802207187e+00 +9.464722072e+02 +9.464722072e+02 -1.0523e+01 -1.2818e+00 +2.3086e+01 +1.7618e+01 -1.4478e+01 -1.9117e+01 -2.0663e+01 -7.8532e+00 +6.3890e+00 -2.5303e+01
210 0 +3.951120407e+00 +9.456211204e+02 +9.456211204e+02 -1.9501e+00 -4.3022e+00 +1.8697e+01 +1.3805e+01 -7.1216e+00 -2.0428e+01 -1.9300e+01 -1.3321e+01 +1.1356e+01 -1.3446e+01
218 0 +0.000000000e+00 +9.416700000e+02 +9.416700000e+02 -8.6628e+00 -7.5317e+00 +1.7148e+01 +1.8946e+01 -5.6012e+00 -2.5053e+01 -1.9885e+01 -2.3134e+01 +8.4886e+00 -1.7472e+01
1000 0 +0.000000000e+00 +9.416700000e+02 +9.416700000e+02 -8.6628e+00 -7.5317e+00 +1.7148e+01 +1.8946e+01 -5.6012e+00 -2.5053e+01 -1.9885e+01 -2.3134e+01 +8.4886e+00 -1.7472e+01
% f evaluations | g evaluations | best noise-free fitness - Fopt (-3.745000000000e+01) + sum g_i+ | measured fitness | best measured fitness or single-digit g-values | x1 | x2...
1 0 +2.056215031e+02 +1.681715031e+02 +1.681715031e+02 +2.2451e-01 -8.7005e-02 +2.1660e-01 -4.3192e-01 +3.9104e-01 +2.3138e-01 +1.7573e-01 +3.6093e-01 +1.3862e-01 -2.1465e-01
4 0 +2.035461446e+02 +1.660961446e+02 +1.660961446e+02 -1.9914e-01 -4.3030e-01 -5.3813e-01 +1.2126e-01 +1.3165e-01 +4.5076e-01 -1.7967e-01 -9.5465e-01 -5.3937e-01 +7.4882e-02
9 0 +1.992284736e+02 +1.617784736e+02 +1.617784736e+02 +1.6985e-01 +4.5438e-01 +2.6490e-01 -3.9717e-01 -1.8143e-01 +1.9797e-01 +2.2905e-01 -1.6315e-01 +1.7828e-01 -1.5729e-01
11 0 +1.942903582e+02 +1.568403582e+02 +1.568403582e+02 +6.5301e-02 +5.4326e-01 -2.5490e-01 -3.0724e-01 -6.0445e-02 +8.6665e-01 +4.6350e-01 -1.4743e-01 +2.2040e-01 +1.0291e-01
26 0 +1.879564254e+02 +1.505064254e+02 +1.505064254e+02 +1.2773e-01 +4.5273e-01 +1.0473e-01 -3.8194e-01 -8.2971e-02 +8.1672e-02 +5.8883e-01 -3.6938e-01 +5.5462e-01 +4.9152e-01
31 0 +1.802063606e+02 +1.427563606e+02 +1.427563606e+02 +2.5102e-02 +4.9894e-01 -2.6847e-01 -8.0770e-01 -8.8938e-02 +6.7105e-01 +5.6998e-01 -3.3765e-01 +2.9145e-01 +1.2594e+00
34 0 +1.770394886e+02 +1.395894886e+02 +1.395894886e+02 +2.4471e-01 +3.0309e-01 +3.9193e-01 -3.6643e-01 -2.3143e-01 +2.7410e-01 +5.2898e-01 -7.7061e-01 +9.7352e-01 +8.9871e-01
45 0 +1.729592925e+02 +1.355092925e+02 +1.355092925e+02 +7.0284e-02 +4.6436e-01 +4.8435e-02 -8.3983e-01 -1.6892e-01 +9.9557e-01 +1.1374e+00 -9.5808e-01 +2.7280e-01 +1.1645e+00
51 0 +1.617776263e+02 +1.243276263e+02 +1.243276263e+02 -1.3265e-02 +8.9813e-01 +2.9985e-01 -7.6416e-01 -7.4365e-01 +6.8156e-01 +1.2949e+00 -1.3583e+00 +1.0878e+00 +1.2183e+00
63 0 +1.426791634e+02 +1.052291634e+02 +1.052291634e+02 +5.1802e-01 +5.2125e-01 -1.0407e+00 -6.6736e-01 -1.1159e+00 +1.0214e+00 +2.0891e+00 -1.1061e+00 +1.4268e+00 +2.6625e+00
71 0 +1.385796429e+02 +1.011296429e+02 +1.011296429e+02 +5.2092e-01 +1.3612e-01 -1.6098e-01 -1.8582e+00 -1.3576e+00 +5.4343e-01 +2.2671e+00 -1.1875e+00 +1.7039e+00 +2.4771e+00
74 0 +1.360873877e+02 +9.863738774e+01 +9.863738774e+01 -2.3903e-01 +7.5933e-01 -1.6597e-01 -1.5751e+00 -1.0892e+00 +1.0635e+00 +2.3224e+00 -2.2508e+00 +1.0841e+00 +2.4883e+00
83 0 +9.341254689e+01 +5.596254689e+01 +5.596254689e+01 -1.0369e+00 +7.1464e-01 +1.9316e-01 -3.0157e+00 -1.4145e+00 +6.5235e-01 +3.2249e+00 -2.8582e+00 +2.0466e+00 +5.8092e+00
98 0 +7.830004863e+01 +4.085004863e+01 +4.085004863e+01 -1.3081e+00 +1.7601e+00 +1.4906e+00 -3.3297e+00 -2.6261e-01 +1.5888e+00 +3.2837e+00 -3.5486e+00 +2.9016e+00 +5.3437e+00
114 0 +6.877196959e+01 +3.132196959e+01 +3.132196959e+01 -4.3721e+00 +1.9306e+00 -3.3512e+00 -3.0815e-01 -1.8118e+00 +2.6482e+00 +3.8920e+00 -4.5604e+00 +5.0827e+00 +4.3705e+00
122 0 +4.617647729e+01 +8.726477291e+00 +8.726477291e+00 +5.3395e-01 +4.1119e+00 -1.0218e+00 -3.9287e+00 -8.4310e-01 +2.6794e+00 +3.2110e+00 -6.2095e+00 +7.6427e+00 +8.8276e+00
131 0 +4.193902031e+01 +4.489020306e+00 +4.489020306e+00 -1.8817e+00 +9.1476e-01 +1.3736e-01 -6.0403e+00 -3.2484e+00 +6.9719e+00 +1.3815e+00 -5.6784e+00 +6.4107e+00 +5.6683e+00
134 0 +2.330466916e+01 -1.414533084e+01 -1.414533084e+01 +1.2004e+00 +6.6293e+00 -1.0181e+00 -6.6496e+00 -2.5130e+00 +4.2916e+00 +5.1098e+00 -6.2754e+00 +5.8795e+00 +1.1594e+01
144 0 +2.101570786e+01 -1.643429214e+01 -1.643429214e+01 +3.7259e+00 +4.5789e+00 -4.0619e+00 -6.5802e+00 -4.1139e+00 +6.6607e+00 +6.0570e+00 -4.7305e+00 +7.6847e+00 +6.4388e+00
148 0 +1.689214893e+01 -2.055785107e+01 -2.055785107e+01 -2.0961e-01 +6.5249e+00 -1.7283e+00 -4.7869e+00 -5.2534e+00 +5.3351e+00 +1.0971e+01 -6.9563e+00 +1.1388e+01 +9.7101e+00
150 0 +1.560530617e+01 -2.184469383e+01 -2.184469383e+01 +3.7838e+00 +6.9868e+00 -3.6260e+00 -7.7999e+00 -7.5845e+00 +1.0122e+01 +1.0360e+01 -7.0334e+00 +6.5047e+00 +8.3575e+00
156 0 +1.253813036e+01 -2.491186964e+01 -2.491186964e+01 +9.7395e+00 +1.0237e+01 +8.2883e-01 -6.6375e+00 -2.9946e+00 +6.0839e+00 +1.1653e+01 -6.0884e+00 +8.2370e+00 +1.1196e+01
162 0 +0.000000000e+00 -3.745000000e+01 -3.745000000e+01 +5.1000e+00 +1.8727e+01 +6.4384e+00 -1.4035e+01 -5.6373e+00 +1.3348e+01 +1.8171e+01 -5.1067e+00 +1.2970e+01 +1.2296e+01
1010 0 +0.000000000e+00 -3.745000000e+01 -3.745000000e+01 +5.1000e+00 +1.8727e+01 +6.4384e+00 -1.4035e+01 -5.6373e+00 +1.3348e+01 +1.8171e+01 -5.1067e+00 +1.2970e+01 +1.2296e+01
% f evaluations | g evaluations | best noise-free fitness - Fopt (-6.639000000000e+01) + sum g_i+ | measured fitness | best measured fitness or single-digit g-values | x1 | x2...
1 0 +1.980965251e+02 +1.317065251e+02 +1.317065251e+02 -1.5451e-01 +4.9204e-02 -3.2377e-01 -2.7261e-01 -5.4911e-01 +2.8939e-01 -2.1383e-01 -3.3548e-01 +5.2686e-01 +1.5856e-01
3 0 +1.974653186e+02 +1.310753186e+02 +1.310753186e+02 +4.2931e-01 -5.1999e-02 +3.4333e-01 +7.8942e-02 -3.3928e-01 +4.2847e-02 +5.7293e-01 -1.4115e-01 +7.9041e-01 +2.9420e-01
17 0 +1.887794954e+02 +1.223894954e+02 +1.223894954e+02 -1.0677e-01 -4.2143e-01 -6.6919e-02 +6.4955e-01 -2.4819e-01 +5.6761e-01 +2.3597e-02 -3.6218e-01 +8.7741e-01 -2.6898e-01
25 0 +1.844385882e+02 +1.180485882e+02 +1.180485882e+02 -5.1352e-02 +5.5631e-01 -3.9363e-02 +8.0776e-01 -2.9520e-01 +2.9104e-01 +2.8080e-01 -7.2976e-01 +9.1747e-01 -2.6841e-01
26 0 +1.791709695e+02 +1.127809695e+02 +1.127809695e+02 -2.7992e-02 -1.7451e-03 -3.6506e-01 +7.6891e-01 -2.0240e-01 +7.8597e-01 +8.1212e-01 -6.0743e-01 +1.3565e+00 -1.5835e-01
32 0 +1.749497702e+02 +1.085597702e+02 +1.085597702e+02 +3.5859e-01 +6.0351e-01 +3.4009e-01 +6.2832e-01 -8.1831e-01 +6.9398e-01 +3.8052e-01 -3.7108e-01 +1.8706e+00 -4.9458e-01
42 0 +1.735014357e+02 +1.071114357e+02 +1.071114357e+02 -2.0457e-02 +2.4789e-01 +1.8739e-01 +3.3119e-01 -1.7661e-01 +1.3415e+00 +7.2943e-01 -7.4771e-01 +2.0522e+00 -1.0341e-01
53 0 +1.617246971e+02 +9.533469708e+01 +9.533469708e+01 -7.4089e-01 +6.6027e-01 +4.9518e-01 -9.4900e-02 -6.2290e-01 +1.3341e+00 +8.6217e-01 -9.1782e-01 +1.5827e+00 -1.3774e+00
62 0 +1.492980599e+02 +8.290805994e+01 +8.290805994e+01 -1.1450e+00 +1.0736e+00 +8.6926e-01 +1.1370e+00 -1.4348e+00 +1.5285e+00 +9.6321e-01 -5.4495e-01 +3.0836e+00 -1.0420e+00
66 0 +1.409115042e+02 +7.452150417e+01 +7.452150417e+01 -7.5520e-01 +1.1316e+00 +8.9216e-02 +3.7240e-01 -1.3735e+00 +1.6916e+00 +6.0336e-01 -1.6565e+00 +3.4272e+00 -1.1399e+00
72 0 +1.283525479e+02 +6.196254793e+01 +6.196254793e+01 -4.1271e-01 +4.4029e-01 -7.3141e-02 +5.2480e-01 -1.5882e+00 +2.0294e+00 +1.6725e+00 -2.6773e+00 +3.7399e+00 -9.2786e-01
82 0 +1.216265428e+02 +5.523654279e+01 +5.523654279e+01 -1.3096e+00 +1.8360e+00 -1.1460e-01 +8.5118e-01 -1.7897e+00 +7.0966e-01 +6.7051e-01 -1.9601e+00 +3.3860e+00 -2.8406e+00
84 0 +1.000970940e+02 +3.370709404e+01 +3.370709404e+01 -2.1046e+00 +3.4683e-01 -6.0352e-01 +5.2374e-01 -3.2351e+00 +2.4829e+00 +1.5536e-01 -3.2083e+00 +4.6328e+00 -2.5813e+00
93 0 +7.182642365e+01 +5.436423650e+00 +5.436423650e+00 -8.3369e-01 -3.7336e-01 +1.9310e+00 -2.5292e-01 -3.2454e+00 +2.6726e+00 +1.6712e+00 -3.4747e+00 +5.6160e+00 -5.0242e+00
111 0 +6.303728427e+01 -3.352715728e+00 -3.352715728e+00 -3.2391e+00 +2.0123e+00 +1.7925e+00 +2.3032e+00 -2.3313e+00 +4.2921e+00 +2.2337e+00 -5.5242e+00 +1.0182e+01 -3.2533e+00
112 0 +5.842261371e+01 -7.967386294e+00 -7.967386294e+00 -2.2301e+00 +2.5147e+00 +1.8106e+00 +4.5176e-01 -5.2329e+00 +2.0278e+00 +2.2442e+00 -6.2757e+00 +6.7362e+00 -4.2190e+00
122 0 +5.540090919e+01 -1.098909081e+01 -1.098909081e+01 +2.4572e+00 +1.5565e+00 +2.0034e+00 +4.2653e+00 -2.7488e+00 +2.3037e+00 +1.9242e+00 -7.4041e+00 +5.4632e+00 -5.1104e+00
124 0 +4.309359366e+01 -2.329640634e+01 -2.329640634e+01 -2.3090e+00 +2.9851e+00 -1.0857e-01 +1.5336e+00 -3.6406e+00 +6.5537e+00 +1.0379e+00 -5.6661e+00 +1.1746e+01 -5.3757e+00
132 0 +2.369988349e+01 -4.269011651e+01 -4.269011651e+01 -5.4830e+00 +3.4211e+00 -2.0607e+00 +1.2629e+00 -4.3976e+00 +6.1699e+00 +3.4854e+00 -9.5673e+00 +6.0475e+00 -5.3770e+00
147 0 +1.849267688e+01 -4.789732312e+01 -4.789732312e+01 +3.7987e-01 +1.2287e+00 -4.0348e+00 +3.9019e+00 -4.1542e+00 +6.8120e+00 +4.5879e+00 -7.9655e+00 +9.2419e+00 -7.3435e+00
161 0 +1.511054109e+01 -5.127945891e+01 -5.127945891e+01 -1.6106e+00 +2.1687e+00 -1.6553e-01 +5.3303e+00 -6.6018e+00 +6.2182e+00 +6.4177e+00 -1.5131e+01 +1.3809e+01 -8.6969e+00
172 0 +9.096658103e+00 -5.729334190e+01 -5.729334190e+01 -2.2715e+00 +1.5701e+00 -4.1244e+00 +1.0974e+01 -1.3757e+01 +6.7826e+00 +9.3180e+00 -1.1828e+01 +2.2432e+01 -4.9522e+00
182 0 +4.164155244e+00 -6.222584476e+01 -6.222584476e+01 -1.6645e+00 +6.3827e+00 -4.5032e+00 +1.0030e+01 -1.0688e+01 +5.7545e+00 +7.0550e+00 -1.0690e+01 +1.1630e+01 -6.1964e+00
200 0 +1.977106105e+00 -6.441289390e+01 -6.441289390e+01 -3.0229e+00 +6.5146e+00 -6.5471e+00 +1.2018e+01 -1.0349e+01 +1.3018e+01 +1.1331e+01 -1.7487e+01 +1.5658e+01 -1.0316e+01
204 0 +0.000000000e+00 -6.639000000e+01 -6.639000000e+01 -5.0672e+00 +7.6308e+00 -1.3575e+01 +1.2059e+01 -8.6289e+00 +6.5297e+00 +1.5385e+01 -1.6221e+01 +1.2106e+01 -1.2160e+01
1010 0 +0.000000000e+00 -6.639000000e+01 -6.639000000e+01 -5.0672e+00 +7.6308e+00 -1.3575e+01 +1.2059e+01 -8.6289e+00 +6.5297e+00 +1.5385e+01 -1.6221e+01 +1.2106e+01 -1.2160e+01
% f evaluations | g evaluations | best noise-free fitness - Fopt (-2.260100000000e+02) + sum g_i+ | measured fitness | best measured fitness or single-digit g-values | x1 | x2...
1 0 +2.024637212e+02 -2.354627880e+01 -2.354627880e+01 -3.9194e-01 -1.9573e-01 +8.4199e-03 +3.6205e-01 +4.7217e-01 -4.7035e-01 +2.1680e-01 +5.0209e-01 +1.3830e-01 +2.5003e-01
2 0 +1.971941376e+02 -2.881586240e+01 -2.881586240e+01 +3.0503e-01 +1.7678e-01 +4.1044e-01 -4.8477e-01 -1.1428e-03 +1.0157e-01 +1.2600e-01 +4.3385e-01 +3.9248e-01 -2.8969e-01
12 0 +1.942579901e+02 -3.175200988e+01 -3.175200988e+01 +5.4139e-02 -4.4638e-02 -1.0054e-01 -3.1717e-01 -2.1095e-01 -2.2520e-01 +2.3462e-01 +4.7432e-01 +5.3032e-01 -3.7957e-01
24 0 +1.820929005e+02 -4.391709951e+01 -4.391709951e+01 -1.5595e-01 +1.9563e-01 +3.4176e-01 -1.9927e-01 +1.3565e-01 -2.5129e-01 -6.1252e-02 +7.5562e-01 +8.8246e-01 -9.5331e-01
32 0 +1.769692217e+02 -4.904077826e+01 -4.904077826e+01 +2.2208e-01 +4.8296e-01 -1.1942e-01 -7.5721e-01 -1.7929e-01 -1.0814e-01 -3.8704e-01 +7.9475e-01 +1.2682e+00 -1.1539e+00
49 0 +1.737134875e+02 -5.229651247e+01 -5.229651247e+01 -3.4050e-01 +1.3077e-03 -4.0036e-02 -5.4348e-01 -3.9651e-01 +1.8737e-01 -5.9633e-01 +1.0108e+00 +5.7771e-01 -1.7799e+00
51 0 +1.536565346e+02 -7.235346544e+01 -7.235346544e+01 -2.3129e-01 -2.2179e-01 +4.2435e-01 +2.7720e-01 -7.5552e-01 +3.0693e-02 -9.1331e-01 +1.4995e+00 +1.8924e+00 -1.9569e+00
73 0 +1.353674041e+02 -9.064259586e+01 -9.064259586e+01 -4.8667e-01 +4.3663e-01 +1.4699e+00 -1.0054e+00 -9.3888e-01 +1.3469e-01 -1.1189e+00 +1.2769e+00 +2.0609e+00 -3.6711e+00
83 0 +1.193906516e+02 -1.066193484e+02 -1.066193484e+02 -1.6329e+00 +1.5728e+00 +1.7070e+00 -5.5793e-02 -4.8569e-02 -3.1258e-01 -1.0699e+00 +1.6550e+00 +3.2256e+00 -3.7445e+00
88 0 +1.152928254e+02 -1.107171746e+02 -1.107171746e+02 -1.9453e+00 +2.8249e-01 +1.7928e+00 -2.6480e-01 -1.0128e+00 -2.2144e-01 -2.1676e+00 +1.0714e+00 +3.4346e+00 -3.7634e+00
91 0 +1.016695674e+02 -1.243404326e+02 -1.243404326e+02 -7.8452e-01 +1.4940e+00 +1.8797e+00 -3.0943e-01 -1.9011e-01 +3.1283e-01 -2.0156e+00 +2.5072e+00 +3.3347e+00 -4.7885e+00
97 0 +8.316583834e+01 -1.428441617e+02 -1.428441617e+02 -2.6839e+00 -1.0356e-01 +3.1547e+00 -5.8856e-01 -1.2633e+00 -1.5148e+00 -2.1212e+00 +2.0709e+00 +4.3161e+00 -6.1322e+00
102 0 +7.218999186e+01 -1.538200081e+02 -1.538200081e+02 -2.6105e+00 +8.4677e-01 +3.1023e+00 -1.3909e+00 -1.5993e+00 -4.5658e+00 -1.0072e-01 +3.7617e+00 +4.1844e+00 -5.7871e+00
113 0 +6.821573250e+01 -1.577942675e+02 -1.577942675e+02 -2.9763e+00 +3.3456e+00 +3.4090e+00 -4.1109e+00 -4.5578e-01 -3.9447e+00 +4.5831e-01 +7.1913e+00 +7.9612e+00 -8.0116e+00
114 0 +6.089207251e+01 -1.651179275e+02 -1.651179275e+02 -2.7695e+00 +1.8530e+00 +3.4596e+00 +4.6555e-01 -3.1422e+00 -2.3436e+00 -9.1685e-01 +4.3103e+00 +4.4246e+00 -8.9763e+00
121 0 +4.724405356e+01 -1.787659464e+02 -1.787659464e+02 -1.5320e+00 +4.1447e+00 +4.3722e+00 -2.4907e+00 +1.8054e+00 -3.1776e+00 -5.6743e+00 +6.8067e+00 +8.5929e+00 -8.3163e+00
133 0 +3.189902395e+01 -1.941109760e+02 -1.941109760e+02 -1.3029e+00 +3.5795e+00 +1.0225e+01 -1.4549e+00 -5.2191e-01 -1.1575e+01 -5.7159e+00 +1.3597e+01 +1.1086e+01 -1.8910e+01
142 0 +1.702419803e+01 -2.089858020e+02 -2.089858020e+02 -4.4363e+00 +1.0242e+00 +3.4222e+00 +2.9720e+00 -6.8715e+00 -1.3859e+01 -4.0683e+00 +9.3667e+00 +1.6260e+01 -1.3696e+01
156 0 +1.097850382e+01 -2.150314962e+02 -2.150314962e+02 -9.3743e+00 +3.0144e+00 +1.0054e+01 +1.0945e+00 -1.1424e+01 -8.4805e+00 -7.7211e+00 +1.3854e+01 +2.0053e+01 -2.9641e+01
168 0 +4.089397618e+00 -2.219206024e+02 -2.219206024e+02 -4.1181e+00 +2.5165e+00 +9.6666e+00 +1.4249e+01 -8.4564e+00 -2.7348e+01 -1.3356e+01 +9.6595e+00 +1.5153e+01 -1.8309e+01
178 0 +3.762319271e+00 -2.222476807e+02 -2.222476807e+02 -1.8501e+01 +1.6232e+01 +1.0607e+01 +1.1406e+01 -1.3098e+01 -8.7507e+00 -1.3860e+01 +4.3724e+00 +2.1080e+01 -2.8271e+01
188 0 +4.087872012e-01 -2.256012128e+02 -2.256012128e+02 -1.5575e+01 +7.2249e+00 +1.2589e+01 +4.8103e+00 -1.3663e+01 -8.1271e+00 -7.6399e+00 +1.6980e+01 +1.7548e+01 -1.7679e+01
191 0 +0.000000000e+00 -2.260100000e+02 -2.260100000e+02 -1.8142e+01 +1.4679e+01 +1.7401e+01 +1.1877e+01 -1.1047e+01 -9.3074e+00 -8.6213e+00 +2.0355e+01 +2.0534e+01 -3.1975e+01
1000 0 +0.000000000e+00 -2.260100000e+02 -2.260100000e+02 -1.8142e+01 +1.4679e+01 +1.7401e+01 +1.1877e+01 -1.1047e+01 -9.3074e+00 -8.6213e+00 +2.0355e+01 +2.0534e+01 -3.1975e+01
% f evaluations | g evaluations | best noise-free fitness - Fopt (1.000000000000e+03) + sum g_i+ | measured fitness | best measured fitness or single-digit g-values | x1 | x2...
1 0 +2.038021034e+02 +1.203802103e+03 +1.203802103e+03 -1.1103e-01 +2.7913e-01 +3.1654e-01 +1.9637e-01 -1.8564e-01 +1.9177e-01 -3.1649e-01 +1.8204e-01 -4.7644e-02 +7.1328e-02
2 0 +2.007066524e+02 +1.200706652e+03 +1.200706652e+03 -2.0694e-01 -1.2424e-01 -3.8237e-01 +3.3078e-01 -1.5031e-02 +1.4508e-01 +3.2278e-01 -5.3205e-01 -2.4294e-02 -2.4960e-01
6 0 +1.954660072e+02 +1.195466007e+03 +1.195466007e+03 -1.9642e-01 -2.3325e-01 +1.6971e-01 -7.1074e-02 -1.3552e-01 -1.0744e-01 -2.4196e-01 -2.7007e-01 +8.4130e-01 +1.1627e-01
18 0 +1.886589267e+02 +1.188658927e+03 +1.188658927e+03 -4.5409e-01 -9.0124e-02 -8.5391e-02 +6.8882e-01 -2.1757e-01 -2.4269e-01 -2.7706e-01 -8.0773e-01 +7.1551e-01 -8.6369e-02
24 0 +1.830931365e+02 +1.183093136e+03 +1.183093136e+03 -9.3058e-01 +1.8562e-01 -3.5002e-01 +5.6712e-01 -2.9325e-01 +2.6990e-01 -3.2473e-01 -1.2432e+00 +1.1052e+00 -2.0832e-01
31 0 +1.813269171e+02 +1.181326917e+03 +1.181326917e+03 -9.9405e-01 +4.5250e-01 +4.3100e-01 +7.2793e-01 +3.5369e-01 -2.1180e-01 -4.6495e-01 -1.8689e+00 +1.1823e+00 +3.1385e-01
37 0 +1.722666893e+02 +1.172266689e+03 +1.172266689e+03 -5.5911e-01 +2.0237e-01 -1.6559e-01 +4.1714e-01 -9.6626e-01 -7.1084e-01 -7.0863e-01 -1.7398e+00 +1.4472e+00 -4.7042e-02
41 0 +1.675932868e+02 +1.167593287e+03 +1.167593287e+03 -8.1932e-01 +3.3945e-01 -4.5456e-01 +1.0494e+00 -5.7523e-01 -2.4634e-01 -7.0045e-01 -1.8585e+00 +2.2647e+00 +4.1951e-02
43 0 +1.557814097e+02 +1.155781410e+03 +1.155781410e+03 -9.2400e-01 -4.6805e-04 +3.8747e-01 +6.9878e-01 -5.4667e-01 -1.1561e+00 -2.1990e-01 -2.4297e+00 +1.7551e+00 -1.0640e+00
50 0 +1.510315615e+02 +1.151031561e+03 +1.151031561e+03 -7.3656e-01 +8.0943e-02 -7.9375e-01 +8.8024e-01 -9.7027e-01 -5.9931e-01 -6.2504e-01 -3.4320e+00 +2.6801e+00 -2.8225e-01
55 0 +1.419980187e+02 +1.141998019e+03 +1.141998019e+03 -7.0425e-01 +2.4962e-01 -1.3363e+00 -5.5946e-01 -1.8224e+00 -1.6231e+00 -6.2472e-01 -4.1409e+00 +2.1367e+00 -9.5858e-01
62 0 +1.390932936e+02 +1.139093294e+03 +1.139093294e+03 +1.0145e-01 +1.0342e+00 -1.5614e+00 +1.7905e+00 -1.2484e+00 -1.1464e+00 -4.0448e-02 -2.0687e+00 +3.4734e+00 -1.5691e+00
63 0 +1.289648617e+02 +1.128964862e+03 +1.128964862e+03 -1.1012e+00 +1.0224e-01 -1.9012e-01 -2.9844e-01 -1.9052e+00 -1.6253e+00 -5.8049e-01 -4.3920e+00 +2.2145e+00 -1.7798e+00
73 0 +9.892614471e+01 +1.098926145e+03 +1.098926145e+03 -7.4120e-01 +1.6009e+00 -2.8532e+00 +6.5398e-01 -1.5847e+00 -8.9926e-01 -1.4793e+00 -7.5459e+00 +4.4907e+00 -2.6711e+00
82 0 +6.555721806e+01 +1.065557218e+03 +1.065557218e+03 -6.8770e-01 +3.9380e-01 -7.4076e-01 +4.7833e+00 -1.4069e+00 -2.8761e+00 -8.7567e-01 -5.6899e+00 +8.2757e+00 -4.1522e+00
91 0 +5.443361502e+01 +1.054433615e+03 +1.054433615e+03 -1.1837e+00 +4.1163e+00 +4.2152e-01 +5.8036e+00 -4.5361e+00 -1.0960e+00 -9.5026e-02 -5.1628e+00 +8.1188e+00 -4.6250e+00
93 0 +3.297955136e+01 +1.032979551e+03 +1.032979551e+03 -2.2595e+00 +7.9217e-01 +1.5694e+00 +1.6643e+00 -5.2748e+00 -3.9653e+00 -3.2627e+00 -5.0939e+00 +8.2986e+00 -4.9887e+00
102 0 +2.401485043e+01 +1.024014850e+03 +1.024014850e+03 -3.3651e+00 +4.7244e+00 +9.6081e-01 +5.1927e+00 -3.3976e+00 -7.1263e+00 -6.0179e+00 -8.2225e+00 +3.6016e+00 -5.3335e+00
118 0 +1.496388883e+01 +1.014963889e+03 +1.014963889e+03 -8.8128e+00 +1.1271e+00 +6.1892e+00 +5.1907e+00 -1.4199e+00 -7.8296e+00 -5.3103e+00 -1.2490e+01 +1.3851e+01 -6.5198e+00
119 0 +1.258617509e+01 +1.012586175e+03 +1.012586175e+03 -4.3080e+00 -3.2750e-01 +4.9255e+00 +2.7306e+00 -5.2875e+00 -6.6717e+00 -8.7813e+00 -7.0546e+00 +5.1271e+00 -1.0882e+01
194 0 +8.070843444e+00 +1.008070843e+03 +1.008070843e+03 -1.1321e+01 -1.2490e+00 +8.7748e+00 +1.0270e+01 -2.6941e+01 -2.5407e+01 -1.0166e+01 -1.5746e+01 +1.0022e+01 -6.6546e+00
201 0 +0.000000000e+00 +1.000000000e+03 +1.000000000e+03 -7.1271e+00 +6.4125e+00 +1.0343e+01 +8.9263e+00 -2.2382e+01 -2.4771e+01 -1.3314e+01 -1.8128e+01 +1.6620e+01 -1.6183e+01
1010 0 +0.000000000e+00 +1.000000000e+03 +1.000000000e+03 -7.1271e+00 +6.4125e+00 +1.0343e+01 +8.9263e+00 -2.2382e+01 -2.4771e+01 -1.3314e+01 -1.8128e+01 +1.6620e+01 -1.6183e+01
% f evaluations | g evaluations | best noise-free fitness - Fopt (-1.830200000000e+02) + sum g_i+ | measured fitness | best measured fitness or single-digit g-values | x1 | x2...
1 0 +2.014274324e+02 +1.840743236e+01 +1.840743236e+01 +1.9910e-01 -2.7937e-01 +1.9491e-02 +3.4600e-01 +1.9076e-02 +3.0092e-01 -2.1128e-01 -1.0959e-01 +3.2502e-02 +2.2050e-02
10 0 +1.992388463e+02 +1.621884629e+01 +1.621884629e+01 +9.7499e-02 -1.0001e-01 -7.3689e-02 -2.0052e-01 -3.3121e-01 +2.1551e-01 -8.3458e-02 -5.4275e-01 -8.6881e-02 -3.3734e-02
11 0 +1.941251947e+02 +1.110519466e+01 +1.110519466e+01 +2.1528e-01 +4.8501e-01 -3.9348e-01 -1.5202e-01 -6.6746e-01 +2.9206e-02 -4.4407e-01 -1.2588e-01 +1.6442e-01 +3.5987e-01
36 0 +1.883304246e+02 +5.310424649e+00 +5.310424649e+00 -1.1238e-01 +1.2307e-01 -4.2749e-02 -3.1564e-01 -7.8258e-01 +3.3641e-01 -1.5125e-01 -5.6650e-01 +7.8297e-01 +1.9903e-01
43 0 +1.823796068e+02 -6.403931596e-01 -6.403931596e-01 +2.7119e-02 -1.0862e-01 -5.0286e-01 -1.2750e-01 -9.5359e-01 +4.7145e-01 -7.1797e-01 -1.8244e-01 +6.2946e-01 +7.0395e-01
53 0 +1.792011110e+02 -3.818889002e+00 -3.818889002e+00 -3.9995e-01 +8.4074e-01 -1.3382e-01 +3.1153e-02 -1.3780e+00 +4.2240e-01 -9.6487e-01 -4.9931e-01 +1.0238e+00 +5.7253e-01
57 0 +1.770160489e+02 -6.003951095e+00 -6.003951095e+00 -8.4304e-03 +1.7251e-01 -5.9022e-01 -1.8588e-01 -1.3939e+00 +5.1689e-01 -4.8149e-01 -3.0086e-01 +8.5670e-01 +9.7700e-01
66 0 +1.641491392e+02 -1.887086085e+01 -1.887086085e+01 +8.0678e-02 +5.1042e-01 +3.1771e-02 -4.2558e-01 -1.5600e+00 +1.2523e+00 -9.9560e-01 -1.0578e+00 +1.3678e+00 +9.5191e-01
77 0 +1.555159915e+02 -2.750400853e+01 -2.750400853e+01 -9.9381e-02 -4.7506e-01 +4.4829e-01 -7.0194e-01 -7.5310e-01 +1.3380e+00 -4.4526e-01 -1.0931e+00 +1.6777e+00 +1.9039e+00
78 0 +1.485030115e+02 -3.451698854e+01 -3.451698854e+01 +5.2394e-01 +4.8621e-01 -4.2887e-01 -6.2688e-01 -2.0996e+00 +1.7925e+00 -1.7345e+00 -1.0351e+00 +1.6157e+00 +1.4832e+00
81 0 +1.471500180e+02 -3.586998197e+01 -3.586998197e+01 -2.8194e-01 -3.1421e-01 +1.1975e-01 -8.2519e-01 -1.9293e+00 +1.7259e+00 -1.5915e+00 -1.8400e+00 +1.2302e+00 +1.5982e+00
84 0 +1.303714666e+02 -5.264853338e+01 -5.264853338e+01 +3.8746e-01 +1.2449e+00 -7.0322e-02 -1.6782e-01 -2.1926e+00 +1.8853e+00 -2.0092e+00 -1.4533e+00 +2.1982e+00 +2.6783e+00
96 0 +1.199788563e+02 -6.304114370e+01 -6.304114370e+01 +5.2426e-01 +1.5757e+00 -7.3636e-01 -9.0506e-01 -2.6301e+00 +1.5400e+00 -2.1800e+00 -2.0162e+00 +2.4862e+00 +2.8393e+00
100 0 +1.146844415e+02 -6.833555850e+01 -6.833555850e+01 +1.1041e+00 +1.3409e-01 -3.7149e-01 -6.9868e-01 -3.3724e+00 +2.5819e+00 -2.3623e+00 -1.9023e+00 +2.1239e+00 +2.9132e+00
102 0 +1.019439358e+02 -8.107606420e+01 -8.107606420e+01 +1.7663e+00 +2.3712e-01 +1.5620e-01 +9.1836e-01 -2.6729e+00 +2.4958e+00 -1.5094e+00 -3.3376e+00 +2.8462e+00 +3.7725e+00
106 0 +8.400339950e+01 -9.901660050e+01 -9.901660050e+01 +1.7666e+00 +1.7017e-01 -5.4420e-01 -3.8216e-01 -4.3958e+00 +2.7556e+00 -3.2213e+00 -3.6635e+00 +2.7737e+00 +3.6542e+00
113 0 +7.451713929e+01 -1.085028607e+02 -1.085028607e+02 +2.0339e+00 +1.1598e+00 -1.3992e+00 -3.3382e+00 -4.2163e+00 +5.0047e-01 -1.1573e+00 -4.2339e+00 +3.7739e+00 +4.6265e+00
115 0 +4.930205764e+01 -1.337179424e+02 -1.337179424e+02 +1.1779e+00 -4.2000e-01 -2.1337e+00 -3.1879e+00 -5.4754e+00 +4.5984e+00 -3.7993e+00 -4.4904e+00 +3.9889e+00 +3.7020e+00
120 0 +4.127996987e+01 -1.417400301e+02 -1.417400301e+02 +1.1209e+00 +1.8968e+00 -1.9722e+00 -8.0350e-01 -4.2187e+00 +4.3015e+00 -4.0857e+00 -4.5763e+00 +5.0721e+00 +4.7067e+00
131 0 +4.039451546e+01 -1.426254845e+02 -1.426254845e+02 -1.5177e+00 +4.5276e+00 -1.0903e+01 +3.2996e+00 -8.9811e+00 +5.9160e+00 -4.8800e+00 -4.8136e+00 +8.7745e+00 +4.7984e+00
133 0 +3.276612359e+01 -1.502538764e+02 -1.502538764e+02 -1.2517e+00 +1.5801e-01 -2.2164e+00 -2.1498e+00 -2.5934e+00 +4.5614e+00 -6.4709e+00 -7.8844e+00 +1.0547e+01 +4.9204e+00
134 0 +3.016603925e+01 -1.528539607e+02 -1.528539607e+02 -1.5162e+00 +9.8918e-01 -2.7972e+00 -2.4949e+00 -1.0895e+01 +3.6612e+00 -4.6206e+00 -4.9549e+00 +7.7429e+00 +6.2935e+00
143 0 +2.920207627e+01 -1.538179237e+02 -1.538179237e+02 +8.3897e-01 -2.7686e+00 +2.1478e-01 -6.4100e+00 -5.8165e+00 +7.0710e+00 -3.2394e+00 -4.1178e+00 +5.9837e+00 +6.1406e+00
152 0 +1.457477428e+01 -1.684452257e+02 -1.684452257e+02 +1.1144e+00 -5.8208e+00 +1.4080e+00 -5.2005e+00 -1.2830e+01 +7.5021e+00 -7.0325e+00 -5.1415e+00 +9.8712e+00 +7.0926e+00
167 0 +1.219206958e+01 -1.708279304e+02 -1.708279304e+02 +5.4915e-01 -8.0860e+00 -3.5926e-01 -6.9420e+00 -7.0304e+00 +1.0786e+01 -7.5245e+00 -1.0065e+01 +1.3708e+01 +7.3600e+00
169 0 +9.533985730e+00 -1.734860143e+02 -1.734860143e+02 +4.2365e+00 -7.5341e+00 +2.5776e-01 -1.0414e+01 -6.9261e+00 +1.8576e+01 -5.6249e+00 -7.9973e+00 +1.1607e+01 +1.0284e+01
175 0 +6.156156537e+00 -1.768638435e+02 -1.768638435e+02 +5.7291e+00 -1.1579e+01 -1.3371e+00 -8.7180e+00 -4.9834e+00 +1.5533e+01 -5.9962e+00 -8.6543e+00 +9.6179e+00 +1.9603e+01
176 0 +1.141064604e+00 -1.818789354e+02 -1.818789354e+02 +3.8589e+00 -6.0322e+00 -5.1334e+00 -1.3338e+01 -9.0303e+00 +1.2007e+01 -1.2710e+01 -9.4366e+00 +1.4114e+01 +1.4663e+01
177 0 +0.000000000e+00 -1.830200000e+02 -1.830200000e+02 +7.0192e+00 -8.0223e+00 -7.5333e+00 -9.9709e+00 -1.2410e+01 +1.2181e+01 -7.0946e+00 -1.7868e+01 +2.1337e+01 +1.3775e+01
1000 0 +0.000000000e+00 -1.830200000e+02 -1.830200000e+02 +7.0192e+00 -8.0223e+00 -7.5333e+00 -9.9709e+00 -1.2410e+01 +1.2181e+01 -7.0946e+00 -1.7868e+01 +2.1337e+01 +1.3775e+01
% f evaluations | g evaluations | best noise-free fitness - Fopt (-1.026200000000e+02) + sum g_i+ | measured fitness | best measured fitness or single-digit g-values | x1 | x2...
1 0 +2.062282815e+02 +1.036082815e+02 +1.036082815e+02 -1.6345e-02 -4.7356e-01 -6.4367e-02 -6.4054e-01 -3.4435e-01 +3.5514e-01 -2.3934e-01 -4.9106e-02 -8.4818e-02 -2.8408e-01
3 0 +2.023762058e+02 +9.975620580e+01 +9.975620580e+01 +6.7743e-02 -4.6080e-01 -2.7529e-01 -3.4865e-01 -9.1086e-01 -7.1594e-02 -1.5952e-01 +2.1318e-02 +2.0780e-02 +3.7328e-01
8 0 +1.955525221e+02 +9.293252210e+01 +9.293252210e+01 -1.6889e-01 -1.8830e-01 -3.0416e-01 +2.5957e-01 -3.0542e-01 +4.7187e-02 -1.8111e-01 -4.4040e-01 +2.7141e-01 +5.2142e-01
25 0 +1.933316673e+02 +9.071166726e+01 +9.071166726e+01 +2.3100e-01 -3.1128e-01 -5.1962e-01 +1.0035e-01 +4.5563e-02 +3.9616e-01 -1.9678e-01 +4.0386e-01 +4.0358e-01 +8.8535e-01
37 0 +1.851827432e+02 +8.256274323e+01 +8.256274323e+01 -1.6542e-01 -4.9001e-01 -9.0338e-01 -5.0717e-01 -1.1134e-01 +4.2155e-01 -8.5519e-01 +6.5103e-02 +1.1117e+00 +1.0314e+00
47 0 +1.800491624e+02 +7.742916239e+01 +7.742916239e+01 +5.3036e-02 +6.3301e-02 -6.3851e-01 +2.1085e-01 -5.6681e-02 +4.6055e-01 -1.9822e-01 -6.2793e-01 +1.0934e+00 +1.1015e+00
49 0 +1.761071707e+02 +7.348717071e+01 +7.348717071e+01 -3.4383e-01 -4.8198e-01 -1.3910e+00 -7.0405e-01 -7.3000e-01 +5.7768e-01 -1.9839e-02 -1.8436e-01 +7.5465e-01 +1.6536e+00
54 0 +1.728099310e+02 +7.018993105e+01 +7.018993105e+01 -3.5244e-02 -2.4048e-01 -1.6662e+00 -9.9589e-01 -8.2891e-01 +4.3280e-01 +2.9481e-01 -1.1059e-01 +8.6913e-01 +1.8257e+00
68 0 +1.652859134e+02 +6.266591336e+01 +6.266591336e+01 +1.4853e-01 -1.2317e+00 -1.3940e+00 -1.5767e+00 -4.8584e-02 +5.1195e-01 +5.6396e-01 -5.1217e-02 +7.9692e-01 +2.1097e+00
82 0 +1.451040526e+02 +4.248405256e+01 +4.248405256e+01 +2.1621e-01 -1.3306e-01 -4.8044e-01 -7.5907e-01 +4.3254e-01 +6.3491e-01 +8.4285e-01 -5.7630e-01 +1.7487e+00 +3.2459e+00
91 0 +1.435490365e+02 +4.092903650e+01 +4.092903650e+01 -1.3013e+00 -4.4818e-01 -5.7135e-01 -1.1513e+00 -4.4257e-01 +1.4297e+00 -3.5283e-01 -7.5904e-01 +1.4605e+00 +3.7358e+00
98 0 +1.238087837e+02 +2.118878368e+01 +2.118878368e+01 -7.9212e-01 -9.6456e-01 -3.0890e-01 -1.3955e+00 +6.6667e-01 +1.7059e+00 +7.0935e-01 -1.3005e+00 +2.5671e+00 +3.6029e+00
101 0 +1.167992367e+02 +1.417923666e+01 +1.417923666e+01 -4.8645e-01 -1.0647e+00 +1.5771e-01 -2.3335e+00 +1.1314e+00 +1.5668e+00 +2.1623e+00 -1.0896e+00 +3.1238e+00 +3.1389e+00
109 0 +9.419803716e+01 -8.421962841e+00 -8.421962841e+00 -1.0141e+00 -1.4981e+00 -1.8723e+00 -2.2865e+00 +1.6134e+00 +2.0119e+00 +2.6148e+00 -1.1384e+00 +3.9121e+00 +3.8180e+00
111 0 +8.257641805e+01 -2.004358195e+01 -2.004358195e+01 -1.2102e+00 -2.5543e+00 -3.1040e+00 -3.1085e+00 +1.5990e+00 +2.2066e+00 +1.3318e+00 -3.9408e-01 +4.4511e+00 +5.6427e+00
115 0 +8.064052830e+01 -2.197947170e+01 -2.197947170e+01 -1.2239e+00 -1.6061e+00 -7.7169e-01 -1.6645e+00 +8.7672e-01 +2.9677e+00 +3.5532e+00 -6.9963e-01 +4.3150e+00 +4.8334e+00
119 0 +7.643503487e+01 -2.618496513e+01 -2.618496513e+01 -9.8994e-01 -7.7696e-01 +2.8146e-01 -5.7619e-01 +1.4389e+00 +2.4013e+00 +2.6580e+00 -2.6975e+00 +4.8048e+00 +4.6803e+00
123 0 +5.986614216e+01 -4.275385784e+01 -4.275385784e+01 -1.9964e+00 -1.1284e+00 -2.6831e+00 -7.4863e-01 +1.8051e+00 +2.2564e+00 +5.9120e+00 -3.5165e+00 +7.6485e+00 +3.8805e+00
136 0 +3.583130478e+01 -6.678869522e+01 -6.678869522e+01 -1.1827e+00 -4.1824e+00 -1.2096e+00 -6.4805e-01 +1.7556e+00 +5.5238e+00 +4.0384e+00 -4.7051e+00 +6.3358e+00 +6.4658e+00
159 0 +2.584741703e+01 -7.677258297e+01 -7.677258297e+01 -1.5677e+00 -2.9341e+00 -5.3806e+00 -3.2023e+00 +1.8276e+00 +6.3815e+00 +5.2098e+00 -3.8246e+00 +7.4881e+00 +7.6442e+00
160 0 +2.419143623e+01 -7.842856377e+01 -7.842856377e+01 -5.7656e+00 -5.5822e+00 -6.8090e+00 +2.1894e+00 +2.4990e+00 +4.5149e+00 +5.8374e+00 -6.2503e+00 +6.1750e+00 +1.2097e+01
169 0 +2.290771100e+01 -7.971228900e+01 -7.971228900e+01 -3.9727e+00 -2.9328e+00 -6.6958e+00 +4.0368e-01 +3.9113e+00 +5.4258e+00 +4.3361e+00 -4.7569e+00 +5.4876e+00 +1.5743e+01
172 0 +1.184211941e+01 -9.077788059e+01 -9.077788059e+01 -6.0460e+00 -8.1510e+00 -8.7575e+00 +4.9662e-01 +6.3394e+00 +9.4796e+00 +9.4212e+00 -5.4574e+00 +1.4401e+01 +1.5425e+01
181 0 +4.619245170e+00 -9.800075483e+01 -9.800075483e+01 -9.8300e+00 -7.9252e+00 -1.1541e+01 -2.8559e+00 +9.9802e+00 +9.8223e+00 +1.0979e+01 -6.3324e+00 +1.7992e+01 +1.6660e+01
197 0 +1.880352954e+00 -1.007396470e+02 -1.007396470e+02 -4.8474e+00 -1.4416e+01 -2.2771e+01 -4.1980e+00 +7.1478e+00 +8.7591e+00 +1.1712e+01 -1.5451e+01 +1.6323e+01 +3.1006e+01
209 0 +1.787345009e-01 -1.024412655e+02 -1.024412655e+02 -1.3095e+01 -1.0934e+01 -1.4726e+01 -4.9170e+00 +7.0249e+00 +8.4756e+00 +1.5118e+01 -1.4352e+01 +1.8443e+01 +1.3966e+01
214 0 +0.000000000e+00 -1.026200000e+02 -1.026200000e+02 -5.7190e+00 -1.6488e+01 -8.9537e+00 -7.0294e+00 +5.1408e+00 +1.3119e+01 +1.4504e+01 -1.8805e+01 +1.5383e+01 +3.8334e+01
1000 0 +0.000000000e+00 -1.026200000e+02 -1.026200000e+02 -5.7190e+00 -1.6488e+01 -8.9537e+00 -7.0294e+00 +5.1408e+00 +1.3119e+01 +1.4504e+01 -1.8805e+01 +1.5383e+01 +3.8334e+01
% f evaluations | g evaluations | best noise-free fitness - Fopt (9.953000000000e+01) + sum g_i+ | measured fitness | best measured fitness or single-digit g-values | x1 | x2...
1 0 +2.011005061e+02 +3.006305061e+02 +3.006305061e+02 +2.8087e-01 -2.1279e-02 +2.0527e-01 +5.4946e-02 -3.7963e-01 -1.6391e-01 +1.5234e-02 -1.0130e-01 -3.5909e-01 -1.9116e-01
14 0 +2.004951726e+02 +3.000251726e+02 +3.000251726e+02 +3.9813e-01 -1.9481e-02 +1.1956e-02 +6.2943e-01 -2.9072e-01 +4.5963e-01 +9.1217e-02 -1.0696e-01 -2.4268e-01 +8.9713e-02
15 0 +1.993649225e+02 +2.988949225e+02 +2.988949225e+02 -7.3162e-02 -1.9165e-01 +4.1539e-01 -2.6417e-01 -2.0483e-01 -2.3093e-01 +1.1125e-01 -5.3292e-01 -1.3981e-01 -2.5303e-01
23 0 +1.923625675e+02 +2.918925675e+02 +2.918925675e+02 +4.8588e-01 -9.6126e-03 +3.1210e-01 -3.2248e-01 +1.3557e-01 +3.6380e-01 +4.6947e-01 -6.6966e-01 -6.1315e-02 -5.3209e-01
45 0 +1.902757780e+02 +2.898057780e+02 +2.898057780e+02 +3.9913e-01 +2.7200e-01 +4.3682e-01 -8.7748e-01 +7.8535e-01 +9.7551e-01 +1.8665e-01 -7.7106e-01 -8.9951e-02 -5.5652e-01
49 0 +1.719301467e+02 +2.714601467e+02 +2.714601467e+02 +4.3474e-01 -1.0825e-02 +3.6443e-01 -1.9347e-01 +2.7033e-01 +4.4433e-01 +1.1301e+00 -1.2499e+00 -1.0022e+00 -1.1016e+00
51 0 +1.692759901e+02 +2.688059901e+02 +2.688059901e+02 +1.7284e-01 -2.4550e-01 +8.2531e-01 -1.2809e-01 +2.1253e-01 +9.7236e-01 +1.1468e+00 -1.2065e+00 -7.1548e-01 -1.4399e+00
61 0 +1.652076476e+02 +2.647376476e+02 +2.647376476e+02 +9.1618e-01 +2.1632e-01 +4.8613e-01 -5.1868e-01 -1.0794e-01 +1.0058e+00 +2.0370e+00 -1.5310e+00 -1.5778e-01 -1.9095e+00
65 0 +1.544025782e+02 +2.539325782e+02 +2.539325782e+02 +6.3633e-01 -4.5699e-01 -7.5684e-01 -1.3017e+00 +2.8007e-01 +1.1032e+00 +1.3493e+00 -2.0919e+00 -1.0762e+00 -1.9653e+00
73 0 +1.422146366e+02 +2.417446366e+02 +2.417446366e+02 +1.8465e+00 +8.1591e-02 -1.1306e+00 -5.3328e-01 +1.5805e+00 +1.3391e+00 +1.6757e+00 -1.6006e+00 -9.3762e-01 -2.9504e+00
83 0 +1.341658595e+02 +2.336958595e+02 +2.336958595e+02 +9.3296e-01 -8.2235e-01 -4.8325e-01 -1.3158e+00 +2.9010e+00 +1.0965e+00 +2.0938e+00 -2.3695e+00 -1.1734e+00 -2.7060e+00
89 0 +1.166412265e+02 +2.161712265e+02 +2.161712265e+02 +1.5674e+00 -1.3610e-01 -3.1978e-01 -2.1025e+00 +1.3106e+00 +2.7065e+00 +3.0230e+00 -2.3818e+00 -3.2185e+00 -2.6491e+00
91 0 +8.355379306e+01 +1.830837931e+02 +1.830837931e+02 +1.3099e+00 -4.2893e-01 -1.9907e-01 -3.8115e+00 +2.1276e+00 +2.7174e+00 +4.2083e+00 -2.8438e+00 -3.7780e+00 -4.7911e+00
102 0 +7.890450275e+01 +1.784345027e+02 +1.784345027e+02 +2.7736e+00 -1.3206e+00 +1.8655e+00 -7.2429e-01 +8.2265e-01 +1.3397e+00 +4.7462e+00 -5.1821e+00 -3.7242e+00 -4.3240e+00
105 0 +6.620778843e+01 +1.657377884e+02 +1.657377884e+02 +2.8288e+00 +1.0763e+00 -4.8451e-01 -4.3572e+00 +3.4607e+00 +2.7277e+00 +4.0986e+00 -4.5117e+00 -4.5766e+00 -5.7089e+00
108 0 +6.511753720e+01 +1.646475372e+02 +1.646475372e+02 -1.4409e+00 +9.5074e-01 -5.2178e-01 -2.8139e+00 +2.0460e+00 +2.2652e+00 +6.3398e+00 -4.5924e+00 -3.8277e+00 -5.2659e+00
117 0 +3.789678133e+01 +1.374267813e+02 +1.374267813e+02 +1.0815e-01 +1.2605e+00 -3.6265e+00 -1.7286e+00 +4.4312e+00 +3.2378e+00 +7.6679e+00 -1.2256e+01 -5.0683e+00 -5.3134e+00
134 0 +2.982991525e+01 +1.293599153e+02 +1.293599153e+02 -1.2614e+00 -3.1159e+00 +1.1702e+00 +4.0555e-01 +8.7770e+00 +5.5472e+00 +9.0517e+00 -4.4217e+00 -8.0859e+00 -6.9179e+00
144 0 +2.760830510e+01 +1.271383051e+02 +1.271383051e+02 +2.4177e+00 -4.6124e+00 -3.1341e+00 -2.6946e+00 +1.1829e+01 +5.2065e+00 +1.7988e+01 -1.6643e+01 -1.1289e+01 -1.2329e+01
154 0 +2.478351678e+01 +1.243135168e+02 +1.243135168e+02 -7.2514e+00 +3.4364e-01 -2.4237e+00 -1.3054e+00 +7.5451e+00 +5.1626e+00 +1.6590e+01 -6.7864e+00 -8.2094e+00 -6.9064e+00
162 0 +2.235771805e+01 +1.218877180e+02 +1.218877180e+02 -5.8189e+00 +2.3192e+00 -1.2859e+00 +1.8860e+00 +9.0854e+00 +1.1010e+01 +9.5924e+00 -7.0939e+00 -5.2623e+00 -1.6121e+01
176 0 +1.683867682e+01 +1.163686768e+02 +1.163686768e+02 -9.2460e+00 -5.3815e+00 +2.5576e+00 +4.2164e+00 +1.0683e+01 +5.6526e+00 +1.1238e+01 -4.5757e+00 -6.6521e+00 -1.1484e+01
182 0 +1.219977828e+01 +1.117297783e+02 +1.117297783e+02 -1.0646e+01 -3.3836e+00 +2.2283e-01 +4.3502e+00 +1.0139e+01 +8.8820e+00 +9.2865e+00 -7.3996e+00 -1.4278e+01 -9.6389e+00
195 0 +8.915932658e+00 +1.084459327e+02 +1.084459327e+02 -3.2976e+00 -3.4961e+00 -2.8625e+00 +4.2083e+00 +1.4238e+01 +1.1173e+01 +1.5713e+01 -1.3746e+01 -1.5003e+01 -1.1274e+01
197 0 +6.138893463e+00 +1.056688935e+02 +1.056688935e+02 -8.3776e+00 -5.7214e+00 -1.3198e+00 +5.8788e+00 +1.3900e+01 +1.4017e+01 +1.7198e+01 -7.7353e+00 -7.4608e+00 -1.1339e+01
204 0 +1.230878882e+00 +1.007608789e+02 +1.007608789e+02 -3.7691e+00 -7.0513e+00 -6.2646e+00 +8.7300e+00 +1.5737e+01 +1.7956e+01 +1.9931e+01 -1.3866e+01 -8.5665e+00 -7.1051e+00
212 0 +0.000000000e+00 +9.953000000e+01 +9.953000000e+01 -5.7332e+00 -8.6861e+00 -5.3347e+00 +6.9380e+00 +1.7763e+01 +2.5392e+01 +2.7138e+01 -1.7159e+01 -1.5511e+01 -1.3228e+01
1000 0 +0.000000000e+00 +9.953000000e+01 +9.953000000e+01 -5.7332e+00 -8.6861e+00 -5.3347e+00 +6.9380e+00 +1.7763e+01 +2.5392e+01 +2.7138e+01 -1.7159e+01 -1.5511e+01 -1.3228e+01
% f evaluations | g evaluations | best noise-free fitness - Fopt (1.495900000000e+02) + sum g_i+ | measured fitness | best measured fitness or single-digit g-values | x1 | x2...
1 0 +2.063714836e+02 +3.559614836e+02 +3.559614836e+02 +4.0705e-01 +1.7490e-01 -5.7429e-01 -3.3948e-01 -1.5253e-02 -8.1863e-02 -1.0190e-01 +4.3340e-02 -2.3717e-01 +6.2635e-02
2 0 +2.033268828e+02 +3.529168828e+02 +3.529168828e+02 -3.0714e-01 +3.7993e-01 -2.4540e-01 +3.3499e-01 +5.4478e-01 -3.2944e-01 -1.3455e-01 +4.1201e-02 -3.9703e-01 -4.1489e-01
5 0 +1.990117728e+02 +3.486017728e+02 +3.486017728e+02 -4.1842e-01 -1.6633e-01 -7.4180e-02 -5.3299e-01 -1.6243e-01 +3.9139e-01 -1.4924e-01 +4.8482e-02 +6.3146e-02 -3.4001e-01
12 0 +1.945014808e+02 +3.440914808e+02 +3.440914808e+02 -4.7435e-01 +1.3249e-01 +6.2237e-02 -6.3255e-01 -4.0310e-02 +5.7048e-01 +1.1756e-01 -9.2456e-02 -2.8650e-02 -5.1256e-01
23 0 +1.890055521e+02 +3.385955521e+02 +3.385955521e+02 -1.2457e-01 +5.0446e-01 -4.8593e-01 -6.0826e-01 +3.2727e-01 +5.2847e-01 +1.0454e-02 -5.2832e-01 -3.5026e-01 -9.1313e-01
27 0 +1.843824528e+02 +3.339724528e+02 +3.339724528e+02 -6.3124e-02 +1.2891e-01 -1.5152e-01 -7.3313e-01 -2.9456e-01 +5.4229e-01 +2.6336e-01 +7.4551e-02 +5.7901e-01 -1.1516e+00
31 0 +1.737867310e+02 +3.233767310e+02 +3.233767310e+02 -2.9757e-01 -2.0865e-01 -2.6799e-01 -6.8489e-01 +6.2900e-01 +2.3792e-01 +6.6465e-01 +5.8613e-03 +8.4817e-01 -1.6388e+00
49 0 +1.639950482e+02 +3.135850482e+02 +3.135850482e+02 -4.0620e-01 -5.5976e-01 -1.1441e+00 -8.3677e-01 +2.3357e-03 +5.3417e-02 +1.1650e+00 -5.7048e-01 +1.7522e+00 -1.4366e+00
51 0 +1.516656790e+02 +3.012556790e+02 +3.012556790e+02 -1.8188e-01 -1.2351e+00 -1.2973e+00 -1.0196e+00 +1.1862e+00 +9.5128e-01 +6.5606e-01 -7.3089e-01 +1.5691e+00 -2.3439e+00
64 0 +1.470002542e+02 +2.965902542e+02 +2.965902542e+02 -1.1237e+00 -1.3867e+00 -1.4366e+00 -1.3220e+00 -2.2584e-01 +1.1977e+00 +1.8950e+00 -1.3465e+00 +1.4271e+00 -2.1177e+00
69 0 +1.435513885e+02 +2.931413885e+02 +2.931413885e+02 +3.2004e-01 +2.0024e-02 -1.0325e+00 -1.0816e+00 +5.2618e-01 +1.3472e+00 +1.1526e+00 -1.5749e+00 +2.1809e+00 -1.9055e+00
76 0 +1.412203205e+02 +2.908103205e+02 +2.908103205e+02 -2.3782e-01 -2.3285e-01 -1.5732e+00 -3.3808e-01 +8.0125e-01 +8.9817e-01 +2.3721e+00 -2.1540e+00 +1.9471e+00 -1.5381e+00
81 0 +1.294033911e+02 +2.789933911e+02 +2.789933911e+02 -1.6371e-01 -1.3035e+00 -1.0975e+00 +3.6975e-01 +4.7455e-01 +1.6783e-02 +2.1249e+00 -2.8234e+00 +1.2864e+00 -3.7300e+00
83 0 +1.003453109e+02 +2.499353109e+02 +2.499353109e+02 -5.3972e-01 -1.7457e+00 -4.2785e+00 -1.0191e+00 -4.4487e-02 +1.9990e+00 +3.1846e+00 -2.8363e+00 +2.6630e+00 -3.6921e+00
93 0 +9.757888546e+01 +2.471688855e+02 +2.471688855e+02 +6.7207e-01 -1.0507e+00 -3.8032e+00 +7.9095e-02 -4.2692e-01 +1.3759e+00 +4.6043e+00 -2.4451e+00 +2.4102e+00 -4.4177e+00
94 0 +8.772783950e+01 +2.373178395e+02 +2.373178395e+02 -1.2208e-02 -7.6012e-01 -2.7610e+00 -3.3929e+00 +2.9195e+00 +2.1945e+00 +2.7857e+00 -3.5383e+00 +1.7334e+00 -4.2100e+00
104 0 +4.820405676e+01 +1.977940568e+02 +1.977940568e+02 +5.9285e-01 -1.0579e+00 -4.4219e+00 -3.2257e+00 +1.5142e+00 +2.0873e+00 +5.9745e+00 -3.3597e+00 +5.6041e+00 -5.6358e+00
105 0 +4.297402470e+01 +1.925640247e+02 +1.925640247e+02 +5.4669e-01 -1.0706e+00 -2.1995e+00 -2.1997e+00 +2.8115e+00 +3.8159e+00 +7.0768e+00 -5.3552e+00 +3.8974e+00 -8.6261e+00
115 0 +1.798662132e+01 +1.675766213e+02 +1.675766213e+02 -3.6647e+00 -7.7936e-01 -1.6616e+00 -6.2722e+00 +4.8541e+00 +4.1062e+00 +6.8163e+00 -8.4709e+00 +6.6866e+00 -9.3679e+00
127 0 +1.457314882e+01 +1.641631488e+02 +1.641631488e+02 -3.5425e+00 -2.4764e+00 -5.0513e+00 -5.3790e+00 +5.5239e+00 +4.0374e+00 +8.5998e+00 -5.0089e+00 +9.5154e+00 -7.0014e+00
136 0 +1.322008231e+01 +1.628100823e+02 +1.628100823e+02 +2.3058e+00 +2.3796e+00 -5.1948e+00 -4.9221e+00 +5.3393e+00 +4.3427e+00 +1.1189e+01 -5.6084e+00 +1.0785e+01 -1.1570e+01
137 0 +9.063150392e+00 +1.586531504e+02 +1.586531504e+02 -3.8154e+00 +2.0034e+00 -2.5971e+00 -8.5176e+00 +6.4835e+00 +8.6562e+00 +1.9034e+01 -1.0329e+01 +6.4799e+00 -1.6712e+01
155 0 +0.000000000e+00 +1.495900000e+02 +1.495900000e+02 -5.5640e+00 +8.3071e+00 -1.3877e+01 -6.1150e+00 +2.0845e+01 +1.0296e+01 +1.9901e+01 -1.5757e+01 +1.6355e+01 -2.5978e+01
1000 0 +0.000000000e+00 +1.495900000e+02 +1.495900000e+02 -5.5640e+00 +8.3071e+00 -1.3877e+01 -6.1150e+00 +2.0845e+01 +1.0296e+01 +1.9901e+01 -1.5757e+01 +1.6355e+01 -2.5978e+01
% f evaluations | g evaluations | best noise-free fitness - Fopt (-1.000000000000e+03) + sum g_i+ | measured fitness | best measured fitness or single-digit g-values | x1 | x2...
1 0 +2.062669234e+02 -7.937330766e+02 -7.937330766e+02 -2.1110e-02 -5.1773e-01 +2.0733e-01 +1.6683e-01 -1.0342e-01 -6.4999e-02 +1.0164e-01 +1.6664e-01 +4.7240e-01 +4.4706e-01
2 0 +2.020484835e+02 -7.979515165e+02 -7.979515165e+02 -2.7874e-01 +1.4628e-01 -5.0216e-02 +8.9969e-02 +3.3778e-02 +2.2042e-01 -1.3844e-01 -1.5224e-01 -4.1796e-02 -2.0443e-01
11 0 +1.972918516e+02 -8.027081484e+02 -8.027081484e+02 -1.8399e-01 -4.6426e-02 +1.2361e-01 +3.8134e-01 +1.2741e-01 +3.8080e-01 +5.1185e-01 +4.2641e-02 +9.0519e-02 -3.6635e-01
15 0 +1.858459888e+02 -8.141540112e+02 -8.141540112e+02 -4.2168e-01 -6.5329e-01 -2.4344e-01 +3.4986e-02 +3.0472e-01 +2.1979e-01 +5.4145e-01 -7.9633e-01 +3.5787e-01 -6.0531e-01
32 0 +1.782718187e+02 -8.217281813e+02 -8.217281813e+02 -3.2732e-01 -1.0682e+00 +4.4761e-02 -9.1191e-02 +7.7948e-01 +3.4309e-02 +9.4231e-01 -1.1236e+00 -3.6743e-01 -1.4345e+00
49 0 +1.621752934e+02 -8.378247066e+02 -8.378247066e+02 -1.3405e+00 -9.3264e-01 +6.9442e-01 -9.6130e-01 +2.8164e-01 -1.6883e-01 +2.1250e+00 -2.3748e+00 -2.3901e-01 -1.8969e+00
61 0 +1.490526271e+02 -8.509473729e+02 -8.509473729e+02 -1.8174e+00 -1.5908e+00 -1.0198e+00 -3.5516e-01 +1.7310e+00 -5.0214e-01 +2.8119e+00 -1.9751e+00 +6.6191e-02 -2.4175e+00
68 0 +1.378730535e+02 -8.621269465e+02 -8.621269465e+02 -1.1399e+00 -2.1516e+00 -1.4038e+00 -2.2011e+00 +2.0812e+00 -3.1710e-01 +1.7189e+00 -3.2221e+00 +3.3136e-01 -2.3240e+00
72 0 +1.327937242e+02 -8.672062758e+02 -8.672062758e+02 -2.6019e+00 -2.3968e+00 -9.8475e-01 -9.7037e-01 +1.9158e+00 -5.1058e-01 +2.0546e+00 -3.8753e+00 +4.8137e-03 -3.1025e+00
75 0 +1.133412800e+02 -8.866587200e+02 -8.866587200e+02 -1.9520e+00 -2.0985e+00 -6.3385e-01 -2.0851e+00 +1.3139e+00 +1.0811e+00 +1.8076e+00 -4.5411e+00 +1.7467e+00 -2.8020e+00
77 0 +9.159680235e+01 -9.084031976e+02 -9.084031976e+02 -2.1841e+00 -3.8907e+00 -4.9799e-01 -1.6295e+00 +1.8883e+00 -1.6584e-01 +3.4105e+00 -5.6059e+00 +1.5988e+00 -4.2727e+00
83 0 +7.163556957e+01 -9.283644304e+02 -9.283644304e+02 -1.3821e+00 -4.7479e+00 -1.9340e-01 -1.6875e+00 +3.1093e+00 +7.3236e-01 +3.8714e+00 -4.2566e+00 +2.4841e+00 -5.0290e+00
84 0 +6.591406533e+01 -9.340859347e+02 -9.340859347e+02 -3.7188e+00 -1.7098e+00 -2.6739e+00 -1.5650e+00 +2.5468e+00 +2.0543e+00 +4.7717e+00 -5.7201e+00 +5.1796e+00 -2.6807e+00
93 0 +3.996519115e+01 -9.600348089e+02 -9.600348089e+02 -1.4847e+00 -6.0574e+00 -2.5370e+00 -2.9862e+00 +3.6495e+00 +3.7244e+00 +5.0339e+00 -4.5876e+00 +3.5703e+00 -4.6851e+00
112 0 +3.203511344e+01 -9.679648866e+02 -9.679648866e+02 -4.1630e+00 -4.2782e+00 -6.6073e-01 -1.3935e+01 +5.3812e+00 +3.0525e+00 +5.9175e+00 -5.8532e+00 +4.2984e+00 -4.7730e+00
113 0 +3.125511630e+01 -9.687448837e+02 -9.687448837e+02 +2.5821e+00 -8.3025e+00 -4.3172e+00 -1.2158e+00 +1.4819e+00 +4.7313e+00 +4.5604e+00 -1.0531e+01 +4.1282e+00 -5.0777e+00
126 0 +2.951887593e+01 -9.704811241e+02 -9.704811241e+02 -3.4947e+00 -6.3535e+00 -1.1697e+00 -9.3284e+00 +6.1200e+00 +2.5729e+00 +7.1526e+00 -1.2427e+01 +4.2364e+00 -5.8591e+00
135 0 +2.767969536e+01 -9.723203046e+02 -9.723203046e+02 +5.3190e+00 -1.1899e+01 -1.8007e+00 -2.5324e+00 +1.0542e+01 +8.0514e+00 +2.8289e+00 -3.8408e+00 +5.8940e+00 -9.1429e+00
137 0 +2.181109254e+01 -9.781889075e+02 -9.781889075e+02 -4.3873e+00 -6.2583e+00 -1.2188e+00 -9.6661e+00 +4.2507e+00 +3.8783e+00 +6.9628e+00 -1.5698e+01 +5.6327e+00 -9.7574e+00
142 0 +3.425551368e+00 -9.965744486e+02 -9.965744486e+02 +2.7855e+00 -5.3562e+00 -9.2684e+00 -1.4625e+01 +7.2351e+00 +6.8798e+00 +4.7391e+00 -9.5078e+00 +1.0381e+01 -1.2823e+01
155 0 +2.450061550e+00 -9.975499384e+02 -9.975499384e+02 +2.5499e+00 -6.4407e+00 -5.0119e+00 -1.2792e+01 +1.4425e+01 +1.0443e+01 +1.2538e+01 -8.6563e+00 +1.0873e+01 -1.4599e+01
171 0 +0.000000000e+00 -1.000000000e+03 -1.000000000e+03 +6.3844e+00 -8.0544e+00 -6.7481e+00 -1.0229e+01 +7.7024e+00 +1.2949e+01 +8.2836e+00 -1.5441e+01 +1.0617e+01 -1.0411e+01
1000 0 +0.000000000e+00 -1.000000000e+03 -1.000000000e+03 +6.3844e+00 -8.0544e+00 -6.7481e+00 -1.0229e+01 +7.7024e+00 +1.2949e+01 +8.2836e+00 -1.5441e+01 +1.0617e+01 -1.0411e+01
% f evaluations | g evaluations | best noise-free fitness - Fopt (-2.922000000000e+01) + sum g_i+ | measured fitness | best measured fitness or single-digit g-values | x1 | x2...
1 0 +2.008648705e+02 +1.716448705e+02 +1.716448705e+02 +5.4925e-02 +4.6485e-01 +1.8597e-01 +1.4923e-01 +2.0378e-01 +3.5453e-01 +1.2567e-01 +7.4684e-01 -5.2194e-01 -3.3050e-01
8 0 +1.972514802e+02 +1.680314802e+02 +1.680314802e+02 -1.1162e-01 +6.0335e-01 +3.2648e-01 +3.5123e-01 +4.9853e-01 -9.1533e-02 -2.2990e-01 -4.3823e-01 -1.1049e-01 -1.9437e-01
13 0 +1.906136330e+02 +1.613936330e+02 +1.613936330e+02 -6.3839e-01 +6.4273e-01 +1.9418e-01 +4.6236e-01 +7.7622e-01 +2.7583e-03 -1.0968e+00 +1.0656e-01 -7.4512e-01 -8.6269e-02
21 0 +1.883227652e+02 +1.591027652e+02 +1.591027652e+02 -3.0699e-01 +8.7129e-01 +5.6313e-02 +9.5471e-03 +7.0904e-01 +3.6715e-01 -8.6796e-01 -3.2268e-01 -5.4068e-01 -3.4747e-01
22 0 +1.857160790e+02 +1.564960790e+02 +1.564960790e+02 -6.8066e-01 +8.9425e-01 +4.6276e-01 +3.0428e-01 +5.0350e-01 +1.4831e-01 -9.6920e-01 -8.1121e-01 -1.0484e+00 +1.9080e-02
31 0 +1.740682282e+02 +1.448482282e+02 +1.448482282e+02 -5.0069e-01 +7.5986e-01 +5.5744e-02 +9.1063e-01 +8.7475e-01 +5.8194e-01 -1.1553e+00 -3.9264e-01 -1.6622e+00 -3.7797e-01
42 0 +1.676852637e+02 +1.384652637e+02 +1.384652637e+02 -4.3540e-01 +7.4619e-01 +4.0499e-01 +4.0637e-01 +1.0134e+00 +8.3540e-01 -7.7576e-01 -9.0868e-01 -1.4797e+00 -1.0664e+00
55 0 +1.567560672e+02 +1.275360672e+02 +1.275360672e+02 -8.9904e-01 +1.4819e+00 -2.9729e-01 +5.5076e-01 +8.0253e-01 +6.6858e-01 -2.0477e+00 -1.4750e+00 -2.1462e+00 -7.3244e-01
61 0 +1.438773729e+02 +1.146573729e+02 +1.146573729e+02 -1.6004e+00 +1.6898e+00 +2.2477e-01 +1.1013e-01 +1.2510e+00 +7.9424e-02 -1.6700e+00 -8.8617e-01 -2.7619e+00 -2.2975e+00
74 0 +1.121289220e+02 +8.290892197e+01 +8.290892197e+01 -8.7968e-01 +3.0582e+00 -8.5040e-01 +2.5703e-01 +2.0654e+00 -9.0163e-02 -3.2546e+00 -2.2287e+00 -4.9734e+00 -2.0919e+00
83 0 +1.090398557e+02 +7.981985573e+01 +7.981985573e+01 -1.2380e+00 +2.9109e+00 +1.2916e+00 +2.5942e+00 +2.1178e+00 +8.5272e-02 -3.4353e+00 -1.2486e+00 -5.1985e+00 -2.6052e+00
85 0 +1.069658954e+02 +7.774589541e+01 +7.774589541e+01 +9.1937e-02 +2.4651e+00 +7.6396e-01 +1.9772e+00 +2.9486e+00 +1.6837e+00 -3.3887e+00 -2.9643e+00 -3.8891e+00 -1.9805e+00
93 0 +9.412379591e+01 +6.490379591e+01 +6.490379591e+01 +1.1708e+00 +1.0959e+00 +5.3461e-01 +5.4963e+00 +5.7542e+00 +3.2262e-01 -3.6906e+00 -2.1650e+00 -7.9100e+00 -1.9035e+00
99 0 +8.479865343e+01 +5.557865343e+01 +5.557865343e+01 -7.0278e-01 +1.3204e+00 -2.8144e+00 +2.7468e+00 +3.6614e+00 +1.7164e+00 -5.1938e+00 -1.6199e+00 -4.9465e+00 -2.2365e+00
106 0 +6.713735017e+01 +3.791735017e+01 +3.791735017e+01 -1.0331e+00 +1.4276e+00 -2.0854e-01 +4.7859e+00 +3.7748e+00 +2.6640e+00 -3.4606e+00 -4.9301e+00 -5.7911e+00 -2.2953e+00
113 0 +5.416838810e+01 +2.494838810e+01 +2.494838810e+01 -1.8101e+00 -7.1645e-02 -1.5477e+00 +4.4629e+00 +2.3342e+00 +2.5463e+00 -7.6953e-01 -5.2729e+00 -6.3941e+00 -4.8175e+00
123 0 +4.371238966e+01 +1.449238966e+01 +1.449238966e+01 +1.6123e+00 +1.4428e+00 +2.3957e+00 +5.7442e+00 +3.6278e+00 +5.4712e+00 -5.6436e+00 -2.8942e+00 -7.9789e+00 -5.9771e+00
132 0 +2.106872529e+01 -8.151274713e+00 -8.151274713e+00 -4.0508e-01 +1.1383e+00 -7.0741e-01 +6.8387e+00 +7.5876e+00 +4.6145e+00 -6.3206e+00 -6.4771e+00 -1.0096e+01 -8.1690e+00
162 0 +8.107657016e+00 -2.111234298e+01 -2.111234298e+01 -3.6249e+00 -1.3881e+00 -3.7605e+00 +6.8752e+00 +1.4278e+01 +7.0241e+00 -6.2875e+00 -8.2521e+00 -8.6477e+00 -1.4895e+01
195 0 +5.061198783e+00 -2.415880122e+01 -2.415880122e+01 -7.8380e+00 -1.0813e+00 -1.0071e+01 +6.8353e+00 +9.8317e+00 +1.7575e+01 -1.3024e+01 -7.2032e+00 -1.4260e+01 -1.6902e+01
211 0 +4.459676650e+00 -2.476032335e+01 -2.476032335e+01 -1.2041e+01 -1.5470e+00 -9.1819e+00 +1.0386e+01 +1.3642e+01 +1.7577e+01 -1.3531e+01 -1.2058e+01 -1.3882e+01 -1.4208e+01
216 0 +0.000000000e+00 -2.922000000e+01 -2.922000000e+01 -1.3355e+01 -8.0038e+00 -1.2140e+01 +8.4086e+00 +1.2807e+01 +1.5316e+01 -1.9156e+01 -6.7616e+00 -9.1369e+00 -8.7745e+00
1000 0 +0.000000000e+00 -2.922000000e+01 -2.922000000e+01 -1.3355e+01 -8.0038e+00 -1.2140e+01 +8.4086e+00 +1.2807e+01 +1.5316e+01 -1.9156e+01 -6.7616e+00 -9.1369e+00 -8.7745e+00
% f evaluations | g evaluations | best noise-free fitness - Fopt (-4.096000000000e+01) + sum g_i+ | measured fitness | best measured fitness or single-digit g-values | x1 | x2...
1 0 +2.016188880e+02 +1.606588880e+02 +1.606588880e+02 +1.8294e-01 +5.3900e-02 -1.4026e-01 +3.8559e-01 +3.5774e-02 +5.7909e-01 +2.2770e-01 +4.6177e-01 -1.8898e-01 -1.6981e-01
2 0 +2.004448458e+02 +1.594848458e+02 +1.594848458e+02 -3.7411e-01 +1.0212e-01 +2.4967e-01 -2.6764e-02 -4.2796e-01 -6.1134e-02 +1.1956e-01 +4.6210e-02 -1.3647e-01 -2.6003e-01
6 0 +1.917357917e+02 +1.507757917e+02 +1.507757917e+02 +1.2855e-01 +3.5476e-01 +7.7632e-02 -2.1398e-01 -1.2995e-01 -1.9914e-01 -1.3005e-03 +3.9093e-01 +2.3117e-01 -7.1519e-01
23 0 +1.894323833e+02 +1.484723833e+02 +1.484723833e+02 -9.6166e-02 +8.5482e-01 +1.5391e-01 -6.6059e-02 -2.8833e-01 -1.9258e-01 +7.5309e-02 +3.6574e-01 +5.1301e-01 -5.7845e-01
35 0 +1.855479974e+02 +1.445879974e+02 +1.445879974e+02 +4.0661e-01 +5.4141e-01 +4.8207e-01 -3.7528e-01 -6.4734e-01 -4.5552e-02 +1.7629e-01 +5.9211e-01 -1.0282e-01 -1.2161e+00
48 0 +1.799478774e+02 +1.389878774e+02 +1.389878774e+02 -9.8131e-02 +7.0895e-01 +3.9706e-01 -5.7702e-01 -9.9574e-01 -6.8672e-01 -1.9762e-01 +6.3249e-01 +5.1333e-01 -1.2075e+00
49 0 +1.767093559e+02 +1.357493559e+02 +1.357493559e+02 +2.1525e-01 +3.8628e-01 +2.1369e-01 +5.1667e-01 -1.0132e+00 -3.2483e-01 +3.2457e-02 +1.7763e+00 +4.1249e-01 -7.4751e-01
54 0 +1.706297638e+02 +1.296697638e+02 +1.296697638e+02 +6.5205e-01 +8.8665e-01 +4.0381e-01 +3.2817e-01 -9.4277e-01 -3.9937e-01 +4.6635e-01 +2.1598e+00 +8.2781e-01 -4.9598e-01
59 0 +1.636804011e+02 +1.227204011e+02 +1.227204011e+02 +1.1172e-01 +6.6260e-01 +7.7605e-01 +6.1096e-01 -1.3339e+00 -4.9512e-01 +1.0318e+00 +1.2658e+00 +1.0343e+00 -1.1212e+00
62 0 +1.578281673e+02 +1.168681673e+02 +1.168681673e+02 -1.0347e-01 +8.3312e-01 +4.7043e-01 +3.9428e-01 -1.3432e+00 -7.4901e-01 +9.5217e-01 +1.3903e+00 +1.3632e+00 -1.4174e+00
69 0 +1.544014138e+02 +1.134414138e+02 +1.134414138e+02 -7.0414e-02 +1.5506e+00 +9.3140e-01 +1.0799e+00 -2.0017e+00 -5.5581e-01 +3.0355e-01 +1.4314e+00 +1.4533e+00 -1.5324e+00
74 0 +1.509379307e+02 +1.099779307e+02 +1.099779307e+02 +7.6599e-01 +1.4257e+00 +8.4971e-01 +1.4671e+00 -1.7493e+00 -9.2197e-01 +9.0230e-01 +1.5640e+00 +1.2443e+00 -1.4845e+00
75 0 +1.428553248e+02 +1.018953248e+02 +1.018953248e+02 +1.7847e-01 +1.1907e+00 +1.6161e+00 +2.6993e-01 -2.2992e+00 -5.0462e-01 +8.0920e-01 +1.7832e+00 +1.3299e+00 -2.3545e+00
81 0 +1.374138789e+02 +9.645387890e+01 +9.645387890e+01 -4.9462e-01 +1.6381e+00 +7.7143e-01 +3.7202e-01 -3.8974e+00 -7.7122e-01 +9.1050e-01 +1.2512e+00 +2.2453e+00 -2.0496e+00
87 0 +1.246390820e+02 +8.367908196e+01 +8.367908196e+01 +2.8080e-02 +6.2255e-01 +2.1821e+00 -4.5435e-02 -3.6086e+00 -1.8493e+00 -2.3932e-01 +2.8248e+00 +2.6612e+00 -2.2219e+00
95 0 +1.083154374e+02 +6.735543739e+01 +6.735543739e+01 -6.0138e-01 +2.1241e+00 +1.9234e+00 +1.2071e+00 -3.7050e+00 -1.0088e+00 -2.3000e+00 +3.5933e+00 +2.5160e+00 -4.3801e+00
96 0 +9.682140445e+01 +5.586140445e+01 +5.586140445e+01 +5.8919e-01 +1.5406e+00 +1.1479e+00 +1.1623e-01 -2.3258e+00 -2.2298e+00 +8.1154e-01 +3.8961e+00 +2.5133e+00 -4.1714e+00
102 0 +9.079422124e+01 +4.983422124e+01 +4.983422124e+01 +9.1895e-01 +7.6387e-01 +4.8411e-01 +8.0898e-01 -3.1375e+00 -1.2984e+00 +1.1073e+00 +6.2114e+00 +1.3674e+00 -5.4577e+00
109 0 +6.708348800e+01 +2.612348800e+01 +2.612348800e+01 +1.4761e+00 +1.0756e+00 +2.2988e+00 +1.1096e+00 -3.7673e+00 -2.5791e+00 +4.6750e-01 +5.1576e+00 +4.0437e+00 -4.4969e+00
114 0 +6.480771020e+01 +2.384771020e+01 +2.384771020e+01 +3.3816e+00 +3.1687e+00 +2.0787e+00 +4.7236e-01 -4.2327e+00 -2.8332e-01 +2.2905e+00 +6.5607e+00 +3.1228e+00 -6.1700e+00
116 0 +6.109274640e+01 +2.013274640e+01 +2.013274640e+01 -2.2000e-01 +3.6914e+00 +5.2379e+00 +3.0379e-01 -5.0842e+00 -3.3770e+00 -1.9812e+00 +5.0889e+00 +4.2472e+00 -6.2887e+00
123 0 +5.513978670e+01 +1.417978670e+01 +1.417978670e+01 +1.1252e+00 +2.3168e+00 +2.4557e+00 +7.7340e-01 -8.6958e+00 -6.6518e+00 -1.0784e+00 +7.3036e+00 +5.5048e+00 -4.3764e+00
124 0 +4.379737092e+01 +2.837370916e+00 +2.837370916e+00 +1.7168e+00 +5.7117e+00 +2.1892e+00 +2.5453e+00 -8.4189e+00 -5.7973e+00 -1.5790e+00 +7.5095e+00 +6.6522e+00 -1.0566e+01
134 0 +4.133987787e+01 +3.798778743e-01 +3.798778743e-01 -3.5583e+00 +1.4705e+00 +7.0540e+00 +3.9787e+00 -5.5768e+00 -6.9620e+00 -2.2937e-01 +1.1150e+01 +4.7740e+00 -5.0515e+00
141 0 +3.056499351e+01 -1.039500649e+01 -1.039500649e+01 -1.9463e+00 +4.4782e+00 +1.9127e+00 +5.2922e+00 -5.7562e+00 -6.9388e+00 +1.6683e+00 +1.2076e+01 +4.6990e+00 -9.5457e+00
153 0 +2.495964639e+01 -1.600035361e+01 -1.600035361e+01 +2.9766e+00 +9.1992e+00 +5.2159e+00 +2.8689e+00 -1.2515e+01 -6.1535e+00 +1.0477e+00 +1.1909e+01 +1.0981e+01 -1.1301e+01
159 0 +2.288374531e+01 -1.807625469e+01 -1.807625469e+01 +2.9123e+00 +3.9883e+00 +5.2363e+00 +6.2749e+00 -4.6315e+00 -5.2877e+00 +1.0221e+00 +1.0418e+01 +6.9335e+00 -6.4334e+00
161 0 +4.378700034e+00 -3.658129997e+01 -3.658129997e+01 +6.2130e-01 +1.3050e+01 +6.0659e+00 +8.5561e+00 -8.0206e+00 -9.1830e+00 +7.8010e+00 +1.5497e+01 +1.2944e+01 -1.3641e+01
177 0 +3.348301930e+00 -3.761169807e+01 -3.761169807e+01 +1.7962e+00 +1.3510e+01 +1.0042e+01 +4.9329e+00 -9.0663e+00 -1.6424e+01 +1.1378e+01 +1.6176e+01 +6.4242e+00 -1.9116e+01
191 0 +1.694495730e+00 -3.926550427e+01 -3.926550427e+01 +4.1127e+00 +9.9139e+00 +1.0510e+01 +7.6981e+00 -1.8639e+01 -5.1503e+00 +4.8261e+00 +2.1017e+01 +1.7011e+01 -2.6296e+01
192 0 +3.817118308e-01 -4.057828817e+01 -4.057828817e+01 +1.0242e+01 +1.1729e+01 +1.1198e+01 +9.8008e+00 -8.5584e+00 -4.8938e+00 +8.1866e+00 +2.5587e+01 +1.9843e+01 -2.5769e+01
199 0 +0.000000000e+00 -4.096000000e+01 -4.096000000e+01 +7.3358e+00 +6.6332e+00 +5.5652e+00 +6.7838e+00 -1.6361e+01 -1.3350e+01 +6.8698e+00 +1.4630e+01 +9.7672e+00 -1.6423e+01
1000 0 +0.000000000e+00 -4.096000000e+01 -4.096000000e+01 +7.3358e+00 +6.6332e+00 +5.5652e+00 +6.7838e+00 -1.6361e+01 -1.3350e+01 +6.8698e+00 +1.4630e+01 +9.7672e+00 -1.6423e+01
