% f evaluations | g evaluations | best noise-free fitness - Fopt (7.627000000000e+01) + sum g_i+ | measured fitness | best measured fitness or single-digit g-values | x1 | x2...
1 0 +1.203278870e+05 +1.204041570e+05 +1.204041570e+05 -9.3535e-02 +2.1870e-01 +6.5347e-02 -2.6973e-01 -7.4604e-01 +2.7398e-01 +3.3812e-01 -4.5424e-01 +4.9180e-01 -1.2897e-01 +7.8940e-01 +1.8055e-01 -1.0077e-01 +3.7133e-01 +3.3340e-02 +3.8747e-02 +2.2839e-02 -4.6540e-02 +1.9028e-01 +2.4321e-01
8 0 +9.721962292e+02 +1.048466229e+03 +1.048466229e+03 +1.9718e-01 -1.4171e-01 -1.1071e+00 +1.6015e-01 -3.6041e-01 +2.6750e-01 -2.9542e-01 -6.3189e-02 +1.9985e-01 -2.3888e-01 -2.9863e-01 -3.4239e-02 +4.1107e-01 +3.2991e-01 +4.2019e-01 +1.1542e-01 +1.4649e-01 +3.2111e-01 +1.7057e-01 -2.4150e-01
28 0 +9.094158082e+01 +1.672115808e+02 +1.672115808e+02 +6.6016e-01 +2.6731e-03 -2.1650e-01 -1.0905e-01 -1.5135e-01 +1.9531e-01 +4.3407e-01 -7.3507e-01 +2.9732e-01 +3.9762e-01 +2.7527e-01 +5.6927e-01 +1.8877e-01 +3.4061e-01 +6.6479e-02 -7.9031e-02 +9.1579e-02 -4.9088e-03 -2.6278e-02 +2.5075e-01
114 0 +8.624376631e+01 +1.625137663e+02 +1.625137663e+02 +8.0971e-01 -4.4851e-01 -2.1863e-02 -5.3332e-01 -2.7317e-01 +6.0645e-01 +2.2407e-01 +4.5022e-01 -4.6476e-02 -1.0617e+00 +1.4358e+00 -4.2935e-01 +2.8941e-02 +1.1389e+00 -3.4604e-01 -7.3585e-01 -6.2265e-01 +3.5191e-02 -7.5787e-03 +8.6915e-02
1214 0 +8.246055968e+01 +1.587305597e+02 +1.587305597e+02 +1.4245e+00 -7.8750e-02 -5.5504e-01 +4.7678e-01 +1.3511e+00 -2.0984e+00 -6.9864e-01 +2.9089e+00 -1.0537e+00 -1.2814e+00 +1.5012e+00 +6.3817e-02 -2.8708e-01 +2.4810e+00 -2.6935e-01 +8.6907e-01 +8.0461e-01 +3.5261e-01 +4.7446e-01 -1.3263e+00
1285 0 +7.987891037e+01 +1.561489104e+02 +1.561489104e+02 +1.7657e+00 -2.9009e-01 -3.4304e-01 +3.2309e-01 +9.1545e-01 -1.6517e+00 -9.3985e-01 +2.2678e+00 -1.3247e+00 +6.8569e-02 +2.8265e+00 -4.3933e-01 +1.2519e-01 +2.5745e+00 -1.4372e-01 +1.3308e+00 +1.0487e+00 +1.0093e+00 +9.5265e-01 -1.9161e+00
1627 0 +6.847990180e+01 +1.447499018e+02 +1.447499018e+02 +2.0794e+00 +1.0113e-01 -5.5535e-01 +1.8472e+00 +7.3531e-01 -2.5640e+00 -1.0728e+00 +3.0731e+00 -1.5007e+00 -7.0827e-02 +1.8161e+00 -2.4625e-01 +1.0813e-01 +2.8592e+00 -3.5583e-01 +2.1154e-01 +1.9163e+00 -6.6203e-01 +1.7295e+00 -2.2036e+00
1655 0 +6.731007152e+01 +1.435800715e+02 +1.435800715e+02 +2.1828e+00 +3.6309e-01 -1.2947e+00 +1.6820e+00 +1.1148e+00 -2.2517e+00 -1.2836e+00 +2.5483e+00 -1.8562e+00 +8.1897e-01 +1.3783e+00 -1.4104e-01 +6.4315e-02 +1.5995e+00 -5.5910e-01 -1.7006e-02 +1.3247e+00 -9.8430e-01 +1.9288e+00 -2.0331e+00
2004 0 +6.731007152e+01 +1.435800715e+02 +1.435800715e+02 +2.1828e+00 +3.6309e-01 -1.2947e+00 +1.6820e+00 +1.1148e+00 -2.2517e+00 -1.2836e+00 +2.5483e+00 -1.8562e+00 +8.1897e-01 +1.3783e+00 -1.4104e-01 +6.4315e-02 +1.5995e+00 -5.5910e-01 -1.7006e-02 +1.3247e+00 -9.8430e-01 +1.9288e+00 -2.0331e+00
% f evaluations | g evaluations | best noise-free fitness - Fopt (-2.255000000000e+01) + sum g_i+ | measured fitness | best measured fitness or single-digit g-values | x1 | x2...
1 0 +4.463008765e+04 +4.460753765e+04 +4.460753765e+04 -9.3535e-02 +2.1870e-01 +6.5347e-02 -2.6973e-01 -7.4604e-01 +2.7398e-01 +3.3812e-01 -4.5424e-01 +4.9180e-01 -1.2897e-01 +7.8940e-01 +1.8055e-01 -1.0077e-01 +3.7133e-01 +3.3340e-02 +3.8747e-02 +2.2839e-02 -4.6540e-02 +1.9028e-01 +2.4321e-01
3 0 +2.453016088e+03 +2.430466088e+03 +2.430466088e+03 +4.1551e-01 -1.5589e-01 -2.3405e-01 +2.8669e-01 -3.8021e-02 -4.1059e-01 +3.6555e-01 -2.5725e-01 -1.6844e-01 -3.1006e-01 +1.0763e-01 +3.2211e-01 -1.1265e-01 +1.1891e-01 -1.4144e-01 +7.0101e-01 +4.5085e-01 -1.7865e-01 +1.5851e-01 +2.8196e-01
4 0 +3.763451933e+02 +3.537951933e+02 +3.537951933e+02 +1.2789e-01 -2.2745e-01 -4.8710e-02 +2.1804e-01 +1.3323e-01 -2.5705e-01 +1.3408e-01 -3.0440e-01 -6.3971e-01 +5.2160e-02 +2.8537e-01 +1.3257e-01 +4.4072e-01 +5.2487e-01 +1.0606e-01 -1.9301e-01 -1.4172e-02 -4.3473e-01 -1.0857e-02 -2.7255e-02
25 0 +8.980574737e+01 +6.725574737e+01 +6.725574737e+01 +1.5126e-02 +2.6567e-01 -1.7785e-01 +2.3720e-01 -1.5594e-01 -2.1105e-01 +1.3350e-01 -1.1676e-01 +1.6356e-01 -2.2322e-01 +1.6035e-01 +1.1382e-01 +3.6356e-01 +7.7180e-01 -1.0014e-01 +6.4565e-01 +2.8565e-02 -3.7153e-01 +5.3432e-02 -5.6169e-03
2004 0 +8.980574737e+01 +6.725574737e+01 +6.725574737e+01 +1.5126e-02 +2.6567e-01 -1.7785e-01 +2.3720e-01 -1.5594e-01 -2.1105e-01 +1.3350e-01 -1.1676e-01 +1.6356e-01 -2.2322e-01 +1.6035e-01 +1.1382e-01 +3.6356e-01 +7.7180e-01 -1.0014e-01 +6.4565e-01 +2.8565e-02 -3.7153e-01 +5.3432e-02 -5.6169e-03
% f evaluations | g evaluations | best noise-free fitness - Fopt (1.366000000000e+01) + sum g_i+ | measured fitness | best measured fitness or single-digit g-values | x1 | x2...
1 0 +2.474921315e+05 +2.475057915e+05 +2.475057915e+05 -9.3535e-02 +2.1870e-01 +6.5347e-02 -2.6973e-01 -7.4604e-01 +2.7398e-01 +3.3812e-01 -4.5424e-01 +4.9180e-01 -1.2897e-01 +7.8940e-01 +1.8055e-01 -1.0077e-01 +3.7133e-01 +3.3340e-02 +3.8747e-02 +2.2839e-02 -4.6540e-02 +1.9028e-01 +2.4321e-01
2 0 +4.758478463e+04 +4.759844463e+04 +4.759844463e+04 +1.0644e-01 +5.4378e-01 -4.0694e-01 -1.3909e-01 +2.4740e-01 -3.5293e-01 +4.6935e-01 +2.1382e-01 -5.4303e-02 +1.6026e-01 -1.7599e-01 -4.4457e-01 +2.5718e-01 +2.8294e-01 +3.4334e-02 -6.5873e-03 -6.3817e-01 -2.5033e-01 -1.3966e-01 +7.0117e-02
5 0 +1.193931468e+02 +1.330531468e+02 +1.330531468e+02 +5.2887e-02 +3.2839e-01 -6.3795e-01 +2.2544e-01 -1.6218e-01 +2.3797e-01 +5.2097e-02 -3.1064e-01 +2.6229e-01 -2.2188e-01 +1.5689e-01 -1.7757e-01 -1.4325e-01 +3.3760e-02 +5.7144e-01 +2.0825e-01 -5.8746e-03 +4.9887e-01 +9.1829e-03 -8.9254e-02
248 0 +1.113385827e+02 +1.249985827e+02 +1.249985827e+02 -4.2546e-01 +8.9430e-01 -3.8394e-01 -2.5006e-01 -3.5880e-01 +2.2968e-02 +3.7298e-01 -3.2943e-01 +4.0262e-02 +2.2154e-01 -1.1625e+00 -4.4726e-01 -2.1128e-02 +5.3008e-01 +9.2507e-01 -9.0334e-03 -2.7884e-01 -2.0606e-02 +1.8026e-01 +6.5564e-01
301 0 +1.005009799e+02 +1.141609799e+02 +1.141609799e+02 -2.9777e-01 +7.4517e-01 -5.1199e-01 -5.2531e-02 -9.1739e-01 -2.7215e-01 +6.3631e-01 -9.2632e-01 +2.2365e-01 -2.7441e-01 -1.1413e+00 -4.5063e-01 +9.1347e-04 +4.0099e-01 +7.9216e-01 -3.8568e-01 +4.1125e-02 -6.4963e-01 +7.6697e-01 +4.2541e-01
406 0 +9.783315281e+01 +1.114931528e+02 +1.114931528e+02 -2.7461e-01 +1.0828e+00 -4.5577e-01 -3.4835e-01 -7.5134e-01 -4.9041e-01 +7.2587e-01 -5.6723e-01 +2.1785e-01 -5.5298e-01 -1.2397e+00 -3.2395e-01 -2.7153e-01 +3.9272e-01 +9.3648e-01 -1.9736e-01 -7.1016e-02 -3.8866e-01 +1.1906e+00 +2.6491e-01
1960 0 +9.740657698e+01 +1.110665770e+02 +1.110665770e+02 +2.8327e-01 +1.6868e+00 -3.1768e-01 -4.9768e-01 -2.3024e+00 -7.2732e-01 +1.2492e+00 -8.4976e-02 +4.6208e-01 -5.6586e-01 -4.3335e-01 -6.4825e-02 -3.9584e-01 +6.2725e-01 +2.9788e-01 -9.4718e-02 +2.7333e-01 -3.5958e-01 +1.0649e+00 -8.7484e-01
2004 0 +9.601858979e+01 +1.096785898e+02 +1.096785898e+02 +3.2193e-01 +1.6756e+00 -3.3991e-01 -4.0795e-01 -2.3822e+00 -6.7911e-01 +1.1720e+00 -9.6759e-02 +5.5227e-01 -6.1250e-01 -4.3380e-01 +6.7353e-03 -4.2595e-01 +6.8387e-01 +3.5736e-01 -1.2136e-01 +2.8083e-01 -4.2970e-01 +1.0946e+00 -8.8445e-01
% f evaluations | g evaluations | best noise-free fitness - Fopt (9.378400000000e+02) + sum g_i+ | measured fitness | best measured fitness or single-digit g-values | x1 | x2...
1 0 +3.044595377e+06 +3.045533217e+06 +3.045533217e+06 -9.3535e-02 +2.1870e-01 +6.5347e-02 -2.6973e-01 -7.4604e-01 +2.7398e-01 +3.3812e-01 -4.5424e-01 +4.9180e-01 -1.2897e-01 +7.8940e-01 +1.8055e-01 -1.0077e-01 +3.7133e-01 +3.3340e-02 +3.8747e-02 +2.2839e-02 -4.6540e-02 +1.9028e-01 +2.4321e-01
2 0 +1.707341194e+06 +1.708279034e+06 +1.708279034e+06 +1.0644e-01 +5.4378e-01 -4.0694e-01 -1.3909e-01 +2.4740e-01 -3.5293e-01 +4.6935e-01 +2.1382e-01 -5.4303e-02 +1.6026e-01 -1.7599e-01 -4.4457e-01 +2.5718e-01 +2.8294e-01 +3.4334e-02 -6.5873e-03 -6.3817e-01 -2.5033e-01 -1.3966e-01 +7.0117e-02
15 0 +1.000797041e+06 +1.001734881e+06 +1.001734881e+06 -3.7894e-01 +2.6370e-01 -3.0186e-01 -2.0425e-01 +5.6402e-01 -2.6058e-01 +1.7413e-01 -1.3628e-01 -2.3070e-01 +1.1603e-01 +3.1200e-01 -1.1854e-01 +8.9012e-02 -7.5930e-03 +4.3911e-01 -8.9073e-02 -1.5728e-01 -1.7747e-01 +2.8086e-01 -1.8222e-01
16 0 +9.104845847e+05 +9.114224247e+05 +9.114224247e+05 -1.4058e-01 +7.7129e-01 +3.3348e-02 -1.2409e-01 -2.9091e-01 -6.0538e-02 +1.7437e-01 +1.8486e-02 +1.8090e-01 -4.4654e-02 -4.5533e-01 -4.9392e-02 -1.3036e-01 -2.3081e-01 +7.7391e-02 -1.2618e-01 -2.5464e-01 -9.2268e-02 +1.5654e-01 +3.0487e-01
17 0 +2.514086023e+05 +2.523464423e+05 +2.523464423e+05 -4.8518e-01 +7.9491e-01 +1.4984e-01 -1.2873e-01 +2.7752e-02 +1.3673e-01 -1.4587e-01 +1.1984e-01 -1.5969e-01 +1.8929e-01 -2.7807e-01 -1.9809e-01 -5.0504e-02 +3.4565e-02 +3.5272e-01 +2.5960e-01 -7.8150e-01 -4.3503e-01 +2.3622e-01 +1.6029e-01
30 0 +2.005597046e+05 +2.014975446e+05 +2.014975446e+05 -5.2188e-01 +8.2851e-01 +2.4792e-01 -1.8322e-01 +1.3550e-01 -2.8277e-01 -5.9433e-02 +5.2100e-01 +4.0608e-01 -1.0545e-01 -5.9857e-01 +8.4461e-03 +2.4723e-02 -3.2444e-01 +1.9949e-01 -1.2384e-01 -7.1138e-01 -1.5923e-01 +1.0748e-01 +3.1947e-01
40 0 +1.920000100e+05 +1.929378500e+05 +1.929378500e+05 -2.9242e-01 +9.4410e-01 +6.9015e-01 -2.9726e-01 +2.4218e-01 -7.8675e-02 +2.0219e-02 +3.1928e-01 +2.9791e-01 -2.6251e-01 -6.4623e-01 -4.0842e-01 +1.4801e-02 -1.9985e-01 +2.0285e-01 -6.9519e-02 -7.7549e-01 +7.6839e-02 -8.1139e-02 -9.7490e-03
41 0 +9.616283741e+04 +9.710067741e+04 +9.710067741e+04 -4.0672e-01 +1.6625e+00 -1.5304e-02 -4.3279e-01 +1.0686e-01 -1.3860e-01 -4.2494e-02 -2.2139e-01 -2.5382e-03 +2.0041e-02 -4.2807e-01 -3.5833e-02 -1.3947e-01 -1.9713e-01 +2.2606e-01 -3.8989e-01 -2.4580e-01 +9.7947e-03 +2.5685e-01 +2.3792e-01
44 0 +1.616440523e+04 +1.710224523e+04 +1.710224523e+04 -9.7157e-01 +9.7366e-01 +4.9600e-01 -2.3347e-01 +1.4325e-01 +1.1290e-01 +4.1900e-01 -5.5913e-02 +5.3785e-02 +2.3144e-01 -4.1998e-01 -2.6576e-01 -4.6492e-02 -3.8236e-01 +7.3336e-01 -1.4599e-01 -1.1324e+00 -1.2987e-01 +4.0507e-01 -2.3350e-01
54 0 +6.066253060e+03 +7.004093060e+03 +7.004093060e+03 -3.1311e-01 +1.7478e+00 +4.5692e-01 -5.0921e-01 +3.8011e-01 -1.2810e-01 -2.4565e-01 +8.5192e-02 -1.4192e-01 +3.8423e-01 -5.9407e-01 -5.3616e-02 -2.3766e-01 -3.8371e-01 +5.2900e-01 -3.3504e-01 -1.5199e+00 +7.8054e-02 -2.7789e-01 +2.1691e-01
55 0 +3.449153377e+02 +1.282755338e+03 +1.282755338e+03 -7.9693e-01 +1.1365e+00 +3.7126e-01 -2.8758e-01 +3.9448e-01 +2.8123e-01 -1.5638e-01 -4.2438e-01 +1.7304e-01 +2.0983e-01 -2.0200e-01 -4.6999e-01 +4.3441e-01 +2.8216e-01 +4.0447e-01 +3.3972e-01 -9.9297e-01 +4.3203e-01 +7.7341e-01 +8.7149e-02
66 0 +2.266489970e+02 +1.164488997e+03 +1.164488997e+03 -7.2287e-01 +9.1514e-01 +3.0424e-01 +6.4013e-02 +1.3988e-01 +1.7269e-01 +3.2295e-01 -3.1843e-01 +8.5122e-02 -5.1613e-01 -4.4918e-01 +5.7542e-02 -5.8211e-01 +1.5862e-01 +3.2465e-01 +1.0888e-03 -1.2395e+00 +5.8281e-01 +8.4032e-01 +3.3644e-02
78 0 +1.409764883e+02 +1.078816488e+03 +1.078816488e+03 -5.9626e-01 +1.2618e+00 +1.6079e-01 -5.5820e-01 +7.8912e-01 -2.8742e-01 -1.9281e-01 -6.8647e-01 +4.6920e-01 +1.1813e-01 -3.4027e-01 +1.5926e-01 -5.8030e-02 +2.6952e-01 +2.6608e-01 -2.3440e-01 -1.5836e+00 +4.7974e-01 +3.1242e-01 -4.2091e-01
117 0 +1.239308449e+02 +1.061770845e+03 +1.061770845e+03 -4.6968e-01 +1.0697e+00 +1.6127e-02 -8.0919e-01 +6.6750e-01 +5.9708e-01 -6.1085e-01 +7.9413e-02 +9.8156e-01 -7.2664e-03 -7.8870e-01 -1.3273e-01 +8.2112e-02 -2.3546e-01 +3.0384e-01 +6.1303e-01 -1.2913e+00 +2.5862e-01 -2.6414e-01 +5.0136e-01
166 0 +1.145596597e+02 +1.052399660e+03 +1.052399660e+03 -4.8744e-01 +1.7558e+00 -1.2640e-02 -7.6186e-01 +5.7486e-01 +9.8886e-01 -1.3523e-01 +3.0120e-01 +1.6138e+00 +6.2701e-02 -3.4995e-01 -1.8113e-02 -2.3745e-01 -5.8071e-01 +8.3907e-01 -1.8995e-01 -2.0469e+00 +8.3955e-01 -2.8647e-01 +2.5993e-01
201 0 +1.071619360e+02 +1.045001936e+03 +1.045001936e+03 -2.3769e-01 +1.4840e+00 +3.2096e-01 -7.5840e-01 +7.6194e-01 +8.6827e-01 +9.8864e-02 -5.6321e-01 +1.2314e+00 +2.5902e-01 -4.1630e-01 -1.0696e-01 -6.3526e-01 -3.5398e-01 +7.7005e-01 +1.6017e-01 -2.1629e+00 +3.6279e-01 -2.1404e-01 +2.7506e-01
407 0 +1.062984142e+02 +1.044138414e+03 +1.044138414e+03 -1.3019e-01 +6.8984e-01 +9.9567e-01 -1.4697e+00 +8.1751e-01 +1.8655e+00 -4.6880e-01 +1.1507e+00 +3.6546e-02 +2.3607e-01 -1.5294e+00 +6.1369e-01 -2.9643e+00 -5.7905e-01 +9.3061e-01 -7.2242e-01 -3.7855e-01 +8.3674e-02 -8.9743e-02 -3.6676e-01
538 0 +8.663749443e+01 +1.024477494e+03 +1.024477494e+03 +1.6136e-01 +8.5405e-01 +7.8358e-01 +5.2822e-01 -9.8839e-01 +1.0380e+00 +4.7634e-01 +8.9903e-01 +9.7667e-01 -3.6135e-01 -2.1393e+00 -3.5730e-01 -4.6964e+00 -8.0837e-01 +1.7485e+00 +8.2021e-01 +9.4585e-01 -1.1638e+00 +5.5759e-01 -2.0161e-01
2004 0 +8.663749443e+01 +1.024477494e+03 +1.024477494e+03 +1.6136e-01 +8.5405e-01 +7.8358e-01 +5.2822e-01 -9.8839e-01 +1.0380e+00 +4.7634e-01 +8.9903e-01 +9.7667e-01 -3.6135e-01 -2.1393e+00 -3.5730e-01 -4.6964e+00 -8.0837e-01 +1.7485e+00 +8.2021e-01 +9.4585e-01 -1.1638e+00 +5.5759e-01 -2.0161e-01
% f evaluations | g evaluations | best noise-free fitness - Fopt (-7.872000000000e+01) + sum g_i+ | measured fitness | best measured fitness or single-digit g-values | x1 | x2...
1 0 +7.435400115e+06 +7.435321395e+06 +7.435321395e+06 -9.3535e-02 +2.1870e-01 +6.5347e-02 -2.6973e-01 -7.4604e-01 +2.7398e-01 +3.3812e-01 -4.5424e-01 +4.9180e-01 -1.2897e-01 +7.8940e-01 +1.8055e-01 -1.0077e-01 +3.7133e-01 +3.3340e-02 +3.8747e-02 +2.2839e-02 -4.6540e-02 +1.9028e-01 +2.4321e-01
2 0 +1.979669564e+06 +1.979590844e+06 +1.979590844e+06 +1.0644e-01 +5.4378e-01 -4.0694e-01 -1.3909e-01 +2.4740e-01 -3.5293e-01 +4.6935e-01 +2.1382e-01 -5.4303e-02 +1.6026e-01 -1.7599e-01 -4.4457e-01 +2.5718e-01 +2.8294e-01 +3.4334e-02 -6.5873e-03 -6.3817e-01 -2.5033e-01 -1.3966e-01 +7.0117e-02
13 0 +1.860823856e+06 +1.860745136e+06 +1.860745136e+06 +1.9523e-01 +4.7657e-01 -2.0502e-02 -3.3631e-01 +3.1105e-01 +2.3512e-01 +3.6307e-01 -3.5541e-01 -8.3151e-01 +4.3878e-01 +7.0217e-02 +5.2508e-01 +8.4387e-02 +2.2665e-01 -4.1000e-01 -1.5851e-01 -6.0133e-01 -2.9233e-01 +2.1763e-01 -4.8101e-01
17 0 +1.792498566e+06 +1.792419846e+06 +1.792419846e+06 +3.7019e-02 +7.0880e-01 -4.4619e-01 -7.7456e-02 -2.3254e-01 -8.6837e-01 +7.5350e-02 -4.9548e-01 -1.8420e-01 +6.1869e-02 -1.8950e-01 +1.6978e-01 +5.2049e-01 +6.6332e-01 -3.6274e-01 +1.7790e-01 -5.5871e-01 -9.2423e-02 +3.3941e-01 -1.3385e-01
26 0 +1.476447065e+06 +1.476368345e+06 +1.476368345e+06 -3.3017e-01 +6.8371e-01 -3.3419e-01 +1.9868e-01 +5.0560e-02 -7.3081e-01 +5.2410e-01 -3.1382e-01 -4.7546e-01 +3.6214e-01 +4.8114e-02 -7.0514e-01 +1.9214e-01 +5.9767e-01 -7.8166e-02 +6.9318e-02 -3.1062e-01 -4.0542e-01 +5.6564e-01 -7.6465e-01
39 0 +4.992163168e+05 +4.991375968e+05 +4.991375968e+05 -1.5221e-01 +7.1238e-01 -2.3411e-01 +5.3156e-02 -1.2708e-01 -6.6648e-01 +5.6482e-01 -4.7586e-01 -4.8682e-01 +5.7623e-01 -1.0662e-01 -6.1888e-01 +3.3138e-01 +2.6422e-02 +1.6024e-02 -1.4118e-01 -4.5062e-01 -6.7341e-02 +9.0641e-02 -3.0410e-01
50 0 +1.426800402e+05 +1.426013202e+05 +1.426013202e+05 +2.4030e-01 +5.9175e-01 -1.0489e-01 -3.3278e-02 +1.0663e-01 -5.9835e-01 +1.0592e+00 -5.3715e-01 -3.2876e-01 +5.3873e-01 -4.9758e-01 -8.2189e-01 +1.8375e-01 -7.2113e-01 -2.3940e-01 +2.8160e-01 -4.4527e-01 -1.8640e-01 +4.8851e-01 -5.7447e-01
61 0 +1.401287315e+05 +1.400500115e+05 +1.400500115e+05 +4.3719e-01 +8.9496e-01 -2.1779e-01 +1.6546e-01 +2.6796e-01 -7.1158e-01 +9.1240e-01 -3.5837e-01 -1.8654e-01 +1.2703e-01 -8.4439e-01 -1.2393e+00 +5.4858e-01 -5.4495e-01 -4.5902e-01 +1.4266e-01 -2.2718e-01 -7.8127e-01 +1.7196e-01 -2.2139e-01
70 0 +3.525968314e+03 +3.447248314e+03 +3.447248314e+03 +4.6348e-01 +8.1179e-01 -4.2254e-01 -2.1850e-02 -2.8949e-01 -9.8310e-01 +8.7941e-01 -9.1824e-01 -7.8647e-01 +2.6688e-01 -6.6232e-01 -6.0248e-01 +5.1562e-01 -9.0326e-02 -3.7453e-01 -4.5877e-01 -6.4239e-01 -1.5168e-01 +4.9079e-01 -6.3113e-01
73 0 +3.262007285e+03 +3.183287285e+03 +3.183287285e+03 +4.5834e-01 +1.3147e+00 -7.9325e-01 +2.7749e-01 +3.0352e-04 -1.7351e-01 +8.9157e-01 -9.6681e-01 -4.7611e-01 +1.8215e-01 -5.9941e-01 -3.6898e-01 +4.9779e-01 -7.4560e-01 -4.6205e-01 +9.4302e-02 +7.7763e-02 +6.8839e-02 +7.1456e-01 -5.1356e-01
81 0 +1.021328852e+03 +9.426088515e+02 +9.426088515e+02 +7.9286e-01 +6.1853e-01 -1.3732e-01 -3.8699e-02 -1.4324e-01 -7.7011e-01 +1.3865e+00 -9.7550e-01 -8.7450e-01 +8.7670e-01 -3.3637e-01 -8.9910e-01 +3.8858e-01 +2.4722e-01 -6.0755e-01 -5.0654e-01 -6.2133e-01 +4.3086e-01 +3.4655e-01 -4.0081e-01
85 0 +6.335433868e+02 +5.548233868e+02 +5.548233868e+02 +7.0521e-01 +6.8187e-01 -1.8183e-01 -2.5567e-01 +4.3601e-01 -5.3279e-01 +1.2297e+00 -1.1400e+00 -8.9578e-01 +5.4884e-01 -4.6495e-01 -8.9909e-01 -2.6107e-02 -8.0110e-01 +1.0726e-01 +7.1419e-02 -5.0104e-01 -1.4752e-01 +6.3385e-01 +9.6200e-02
90 0 +5.100314321e+02 +4.313114321e+02 +4.313114321e+02 +5.0008e-02 +6.0989e-01 -9.0994e-02 -2.3649e-01 +4.2681e-01 -4.9908e-01 +1.2949e+00 -9.3765e-01 -8.6574e-01 +3.7798e-01 +9.0647e-02 -1.2272e-01 +1.0478e+00 -1.1880e+00 -2.7336e-01 -1.4181e-01 -3.2958e-01 +2.9653e-01 +3.0756e-01 -1.0156e+00
91 0 +3.576037834e+02 +2.788837834e+02 +2.788837834e+02 +7.3542e-01 +1.2800e-01 -5.3382e-01 +2.9086e-01 -2.6479e-02 -4.9143e-01 +1.3329e+00 -1.4670e+00 -1.2160e+00 +8.9928e-01 -4.1017e-01 -5.8018e-01 +6.6414e-01 -3.6193e-02 -3.1794e-01 +2.1227e-01 +2.5207e-01 +9.9361e-02 +2.3472e-01 -1.1568e-01
95 0 +2.400215190e+02 +1.613015190e+02 +1.613015190e+02 +3.3989e-01 +1.1103e+00 -2.2783e-02 -6.2970e-02 -3.2054e-02 -8.5128e-01 +1.3328e+00 -8.6619e-01 -8.1322e-01 +2.7109e-01 -5.8146e-01 -1.0820e+00 +6.8122e-01 -5.5272e-01 -7.2413e-01 +3.3465e-02 +1.1596e-01 +2.3489e-01 +7.8160e-01 -6.1449e-01
116 0 +1.315006772e+02 +5.278067724e+01 +5.278067724e+01 +2.4434e-01 +1.2520e+00 -3.4556e-01 -8.4470e-02 -1.4606e-01 -1.4173e+00 +1.0601e+00 -1.7337e+00 -8.8395e-01 +6.7066e-01 -2.3390e-02 -4.3270e-01 +5.0387e-01 +4.1351e-02 -2.1498e-01 +1.6692e-01 -2.6199e-01 +3.4209e-01 +7.3271e-01 +4.0539e-01
178 0 +1.141249520e+02 +3.540495199e+01 +3.540495199e+01 -1.9684e-01 +1.0443e-01 -5.9084e-01 -2.8850e-02 +3.9687e-01 -1.6786e+00 +1.0166e+00 -1.7430e+00 -6.7859e-01 +5.6730e-01 -2.5181e-02 -3.8832e-01 +1.0497e+00 +1.8505e-01 -6.8623e-01 -3.0935e-01 -7.2005e-01 +2.4781e-01 +1.0514e+00 +3.0591e-01
2004 0 +1.141249520e+02 +3.540495199e+01 +3.540495199e+01 -1.9684e-01 +1.0443e-01 -5.9084e-01 -2.8850e-02 +3.9687e-01 -1.6786e+00 +1.0166e+00 -1.7430e+00 -6.7859e-01 +5.6730e-01 -2.5181e-02 -3.8832e-01 +1.0497e+00 +1.8505e-01 -6.8623e-01 -3.0935e-01 -7.2005e-01 +2.4781e-01 +1.0514e+00 +3.0591e-01
% f evaluations | g evaluations | best noise-free fitness - Fopt (-4.151000000000e+01) + sum g_i+ | measured fitness | best measured fitness or single-digit g-values | x1 | x2...
1 0 +1.407569474e+07 +1.407565323e+07 +1.407565323e+07 -9.3535e-02 +2.1870e-01 +6.5347e-02 -2.6973e-01 -7.4604e-01 +2.7398e-01 +3.3812e-01 -4.5424e-01 +4.9180e-01 -1.2897e-01 +7.8940e-01 +1.8055e-01 -1.0077e-01 +3.7133e-01 +3.3340e-02 +3.8747e-02 +2.2839e-02 -4.6540e-02 +1.9028e-01 +2.4321e-01
2 0 +1.253876562e+07 +1.253872411e+07 +1.253872411e+07 +1.0644e-01 +5.4378e-01 -4.0694e-01 -1.3909e-01 +2.4740e-01 -3.5293e-01 +4.6935e-01 +2.1382e-01 -5.4303e-02 +1.6026e-01 -1.7599e-01 -4.4457e-01 +2.5718e-01 +2.8294e-01 +3.4334e-02 -6.5873e-03 -6.3817e-01 -2.5033e-01 -1.3966e-01 +7.0117e-02
10 0 +1.131081916e+07 +1.131077765e+07 +1.131077765e+07 +2.0775e-01 +2.8840e-01 +9.4526e-02 -3.0440e-01 -3.6678e-01 +2.4685e-01 +2.5095e-01 -4.1344e-01 -2.8363e-01 +3.2739e-01 +2.2230e-02 +6.0924e-01 +1.5507e-01 +2.7867e-01 -2.5252e-02 -1.3457e-01 -4.3500e-01 -8.1211e-01 +3.3472e-01 +2.3824e-01
12 0 +1.107902995e+07 +1.107898844e+07 +1.107898844e+07 +1.4708e-01 -4.3366e-01 -2.2293e-01 -3.4622e-01 -7.7303e-02 +4.1305e-01 -5.3695e-02 -1.2919e-01 +1.5872e-01 +2.2001e-01 +2.9002e-01 -2.8059e-01 -2.6347e-01 -1.3672e-01 +2.2293e-01 +5.7992e-02 -2.9141e-01 +5.6909e-01 -1.6300e-01 -3.7140e-02
13 0 +8.523117986e+06 +8.523076476e+06 +8.523076476e+06 +2.5712e-01 -5.5079e-01 -1.9508e-01 -6.0007e-01 -6.2668e-02 +3.1015e-01 -2.5112e-01 -5.6950e-01 +1.7924e-02 -9.3100e-02 +2.4493e-01 +8.3522e-02 -1.0106e-01 -4.8844e-01 +5.8377e-01 -1.6305e-01 -3.8072e-01 -4.8383e-01 -1.1002e-01 +2.6026e-01
18 0 +7.970262268e+06 +7.970220758e+06 +7.970220758e+06 -4.3941e-02 -2.1056e-01 -1.5868e-01 +2.1565e-01 -6.5576e-01 +1.6191e-01 -7.5408e-01 -2.6537e-01 -2.5855e-01 +4.0175e-01 -3.7783e-01 +1.2248e-01 +3.6126e-01 -1.3235e-01 -3.4750e-01 -3.3284e-01 -4.1465e-01 -1.5197e-01 -4.6383e-01 +2.3318e-01
31 0 +7.774185144e+06 +7.774143634e+06 +7.774143634e+06 +1.5995e-01 -2.4491e-01 -2.2608e-01 +4.2760e-01 -9.2438e-01 -8.2421e-02 -5.9124e-01 -2.8819e-01 +1.1562e-01 +4.2778e-02 -1.1918e-01 +3.7774e-01 +4.6601e-01 +1.2994e-01 -3.8443e-01 -4.0364e-01 -6.9813e-01 -4.1316e-01 -3.2418e-01 +1.8362e-01
33 0 +6.472349736e+06 +6.472308226e+06 +6.472308226e+06 +2.7030e-01 -6.4836e-01 +2.8462e-02 +3.9540e-01 -3.3622e-01 +3.4744e-01 -5.7365e-01 -1.0731e-01 -1.4303e-01 -1.6444e-01 -5.3901e-01 +4.3547e-01 +6.2227e-01 -2.2837e-01 +4.2480e-01 -3.7484e-01 -4.7868e-01 -1.6135e-01 -4.1423e-01 +4.0765e-01
39 0 +5.640919936e+06 +5.640878426e+06 +5.640878426e+06 +2.0530e-01 -3.9025e-01 +1.1945e-01 -2.5029e-01 -6.1883e-01 +2.2489e-01 -5.4600e-01 -1.1227e-01 +1.5060e-01 +1.5671e-01 -2.0917e-01 +1.1128e-01 +7.1390e-01 -2.3362e-01 +2.6211e-01 -6.0413e-01 -7.3270e-01 -3.5589e-01 -5.1646e-01 +4.8657e-01
43 0 +5.505748262e+06 +5.505706752e+06 +5.505706752e+06 +1.2721e-01 -6.4566e-01 -2.0895e-01 +5.4580e-01 -5.2782e-01 +2.3770e-01 -2.8040e-01 -3.8510e-01 +1.9144e-01 -1.7131e-01 -2.6350e-01 +4.5734e-01 +4.0664e-01 -7.6094e-01 +2.9592e-01 -3.1399e-01 -8.0937e-01 +4.0239e-01 -5.6663e-01 +9.3941e-01
53 0 +5.324133639e+06 +5.324092129e+06 +5.324092129e+06 +3.3961e-01 -9.5413e-01 -2.1132e-01 +2.9736e-01 -5.1710e-01 +2.4684e-01 -3.8434e-01 -4.1226e-01 -3.7764e-03 -8.7036e-02 -2.6974e-01 +4.6192e-01 +6.7822e-01 -6.5756e-01 +2.2895e-01 -2.4534e-01 -8.4098e-01 -1.0070e-01 -9.9493e-01 +4.4507e-01
56 0 +4.399815661e+06 +4.399774151e+06 +4.399774151e+06 +4.5422e-01 -6.7521e-01 +1.6379e-01 +6.9037e-01 -7.0459e-01 +2.3950e-01 -3.9458e-01 -1.0905e-02 +1.1026e-01 -4.2832e-01 -5.9123e-01 +6.4901e-01 +4.2368e-01 -6.2000e-01 +3.4447e-01 -3.0615e-01 -9.8328e-01 +3.3075e-01 -7.4097e-01 +6.2658e-01
65 0 +4.104810811e+06 +4.104769301e+06 +4.104769301e+06 +5.0063e-01 -6.8652e-01 +4.4104e-01 -2.0186e-02 -1.1448e+00 +3.2998e-01 -7.5714e-01 +1.0025e-01 +5.6074e-02 -3.6299e-01 -1.0903e-03 +1.1589e-01 +6.4053e-01 -3.6936e-01 +3.3272e-01 -6.7359e-01 -7.9979e-01 -1.0858e-01 -1.1094e+00 +2.0313e-01
67 0 +4.040981372e+06 +4.040939862e+06 +4.040939862e+06 +7.0200e-01 -8.4143e-02 +3.4319e-01 +6.7095e-01 -7.0482e-01 +5.5842e-01 -4.3997e-01 -4.2736e-01 +3.3510e-01 -2.1108e-01 -3.8779e-01 +5.3948e-01 +3.7890e-01 -6.6855e-01 +2.7950e-01 -2.3236e-01 -9.8599e-01 +1.9787e-01 -1.2848e+00 +6.3326e-01
70 0 +3.595239284e+06 +3.595197774e+06 +3.595197774e+06 +6.0447e-01 -7.0527e-01 -2.3015e-01 +4.9170e-01 -1.1020e+00 +8.3924e-01 -7.5036e-01 -7.4615e-01 +9.8079e-02 -4.1890e-01 -4.3936e-01 +3.4251e-01 +4.0774e-01 -7.6669e-01 +2.7198e-01 -3.9699e-01 -9.4647e-01 +3.5226e-02 -1.3399e+00 +6.9859e-01
71 0 +2.636974107e+06 +2.636932597e+06 +2.636932597e+06 +9.1630e-01 -7.2709e-01 -3.4378e-01 +1.5244e-01 -8.8535e-01 +2.0326e-01 -4.8906e-01 +1.7058e-01 +5.0155e-01 +9.5720e-02 -5.9085e-02 +3.0966e-01 +7.1929e-01 -3.2713e-01 +3.9626e-01 -4.9735e-01 -1.4075e+00 +5.9437e-01 -1.4258e+00 +8.7703e-01
74 0 +1.795765650e+06 +1.795724140e+06 +1.795724140e+06 +1.2436e+00 -7.5829e-01 +3.6861e-01 +4.2075e-01 -1.6449e+00 +8.2874e-01 -5.2084e-01 -6.6359e-01 +5.6567e-01 -8.8278e-01 -5.0078e-01 +6.0811e-01 +5.9208e-01 -4.4895e-01 +4.3909e-01 -5.0437e-01 -1.5564e+00 +2.9242e-02 -1.3956e+00 +9.4865e-01
88 0 +5.378349262e+05 +5.377934162e+05 +5.377934162e+05 +8.2653e-01 -1.5008e+00 +3.6513e-01 +5.2316e-01 -1.3014e+00 +9.8950e-01 -3.6395e-01 -6.3909e-01 -1.9393e-01 -8.6304e-01 -8.2407e-01 +1.1211e-01 -3.3676e-02 -6.6855e-01 +5.2215e-01 -9.0951e-01 -1.8248e+00 +2.5162e-01 -1.8062e+00 +1.3195e+00
97 0 +3.442375963e+05 +3.441960863e+05 +3.441960863e+05 +1.2074e+00 -6.5277e-01 -1.1548e-01 +8.6777e-01 -2.0158e+00 +2.9345e-01 +7.4590e-04 -1.3758e-01 +8.7724e-02 -9.0569e-01 -9.3566e-01 +3.3003e-02 -2.3795e-01 -1.1534e+00 +6.8594e-01 -4.8844e-01 -1.3955e+00 +1.0674e-01 -1.5453e+00 +1.8768e+00
100 0 +2.194911224e+05 +2.194496124e+05 +2.194496124e+05 +1.0368e+00 -8.9591e-01 +1.9135e-01 +5.4017e-01 -1.3845e+00 +1.0746e-01 -1.2625e+00 -3.3669e-01 +2.8529e-02 -3.4575e-01 -7.9414e-01 +3.9628e-01 +1.6267e-01 -4.2019e-01 +9.6155e-01 -4.0631e-01 -1.2858e+00 -7.9783e-02 -2.0259e+00 +1.6075e+00
103 0 +2.581118739e+02 +2.166018739e+02 +2.166018739e+02 +1.1318e+00 -7.7189e-01 -4.7192e-02 +7.8929e-01 -1.6456e+00 +9.9837e-01 -5.0941e-01 -1.1578e-01 -2.3373e-01 -5.1035e-01 -7.3226e-01 +6.9796e-01 +6.3791e-01 -1.0182e+00 +9.6771e-01 -7.1050e-01 -1.6267e+00 -2.3076e-01 -2.3329e+00 +2.3311e+00
114 0 +1.029536563e+02 +6.144365635e+01 +6.144365635e+01 +1.8387e+00 -9.0526e-01 -2.5157e-01 +1.0283e+00 -1.0277e+00 +5.7175e-02 -6.7237e-01 +1.0158e-01 +7.6853e-01 -5.6103e-01 -6.5501e-01 +1.1477e+00 +6.1570e-01 -1.2146e+00 +1.4744e+00 -4.0890e-01 -1.4256e+00 +4.8375e-01 -2.6806e+00 +1.1994e+00
2004 0 +1.029536563e+02 +6.144365635e+01 +6.144365635e+01 +1.8387e+00 -9.0526e-01 -2.5157e-01 +1.0283e+00 -1.0277e+00 +5.7175e-02 -6.7237e-01 +1.0158e-01 +7.6853e-01 -5.6103e-01 -6.5501e-01 +1.1477e+00 +6.1570e-01 -1.2146e+00 +1.4744e+00 -4.0890e-01 -1.4256e+00 +4.8375e-01 -2.6806e+00 +1.1994e+00
% f evaluations | g evaluations | best noise-free fitness - Fopt (1.320700000000e+02) + sum g_i+ | measured fitness | best measured fitness or single-digit g-values | x1 | x2...
1 0 +9.313327175e+06 +9.313459245e+06 +9.313459245e+06 -9.3535e-02 +2.1870e-01 +6.5347e-02 -2.6973e-01 -7.4604e-01 +2.7398e-01 +3.3812e-01 -4.5424e-01 +4.9180e-01 -1.2897e-01 +7.8940e-01 +1.8055e-01 -1.0077e-01 +3.7133e-01 +3.3340e-02 +3.8747e-02 +2.2839e-02 -4.6540e-02 +1.9028e-01 +2.4321e-01
5 0 +7.907037223e+06 +7.907169293e+06 +7.907169293e+06 +5.2887e-02 +3.2839e-01 -6.3795e-01 +2.2544e-01 -1.6218e-01 +2.3797e-01 +5.2097e-02 -3.1064e-01 +2.6229e-01 -2.2188e-01 +1.5689e-01 -1.7757e-01 -1.4325e-01 +3.3760e-02 +5.7144e-01 +2.0825e-01 -5.8746e-03 +4.9887e-01 +9.1829e-03 -8.9254e-02
11 0 +6.265545964e+06 +6.265678034e+06 +6.265678034e+06 -1.5128e-01 +3.1575e-01 -4.4012e-01 +4.7223e-01 +1.4170e-01 +5.0309e-01 -5.0737e-01 +4.2835e-01 +2.7857e-01 +1.0184e-01 -2.6064e-01 +1.0645e-01 +7.8845e-02 -1.8272e-01 -4.1133e-01 -3.2060e-01 -1.5922e-01 +3.4110e-01 +3.5613e-01 +5.0729e-01
21 0 +5.703970177e+06 +5.704102247e+06 +5.704102247e+06 -1.2754e-01 +4.1480e-01 +1.8130e-01 +4.9805e-01 -3.6724e-01 +1.4383e-01 -1.2225e-01 -1.1014e-01 -3.7170e-01 -5.3671e-01 +3.4347e-01 -2.9615e-01 +7.5738e-02 -3.5589e-01 +4.5851e-01 -1.5946e-01 -3.5320e-03 +2.0555e-01 +6.6340e-01 -3.4340e-02
22 0 +4.475098247e+06 +4.475230317e+06 +4.475230317e+06 +1.0115e-01 +8.5719e-02 +3.0501e-01 +7.0287e-01 -1.5554e-01 +3.6182e-01 -5.3126e-01 +3.5178e-01 +1.4317e-01 +2.3095e-01 +4.6217e-01 +1.8198e-01 -4.8285e-02 -3.4526e-01 +8.0840e-02 -5.0231e-01 -2.1572e-01 +4.1814e-01 +2.8214e-01 -1.0912e-01
26 0 +4.005486822e+06 +4.005618892e+06 +4.005618892e+06 -9.2563e-02 +6.7408e-02 +1.2843e-01 +9.8416e-01 +2.9676e-02 +4.1189e-01 -6.8824e-01 -3.4750e-01 +2.1493e-01 +2.4790e-01 -1.0804e-01 -1.3321e-01 -3.9481e-01 -1.2468e-01 +4.3072e-01 +6.8147e-02 +2.5147e-01 +2.6100e-01 +9.2464e-01 -4.9737e-02
37 0 +3.432734146e+06 +3.432866216e+06 +3.432866216e+06 -5.4507e-01 +4.0244e-01 +2.8338e-01 +5.7968e-01 -2.1845e-01 +6.0202e-01 -1.6198e-01 -1.8214e-01 -1.9343e-01 +6.6982e-01 -1.0006e-02 +4.7672e-02 -2.5756e-01 -2.6746e-01 +3.2893e-01 -3.2273e-01 +4.6750e-01 +1.0463e+00 +4.2786e-01 -1.8731e-01
41 0 +3.175052583e+06 +3.175184653e+06 +3.175184653e+06 -6.8871e-01 +5.9155e-01 +4.3174e-01 +7.0888e-01 -7.2837e-02 +3.6750e-01 -4.7943e-01 +2.7510e-02 -3.3596e-02 +1.2087e-01 +6.1737e-01 -2.0576e-01 -4.6757e-01 +1.4614e-01 +1.3073e-01 -6.5582e-01 +7.6122e-01 +3.5068e-01 +1.6380e-01 -1.9110e-01
49 0 +2.786039040e+06 +2.786171110e+06 +2.786171110e+06 -5.7514e-01 +6.9408e-01 +1.3900e-02 +7.2115e-01 -7.8940e-01 +2.5493e-01 +7.9400e-02 -2.4720e-01 +5.5694e-03 +4.8232e-01 +2.4487e-01 -5.0124e-01 -6.3662e-01 -5.7080e-02 +5.9081e-01 -5.7070e-01 +4.9023e-01 +8.0974e-01 +3.9237e-01 -1.3895e-01
53 0 +2.436690542e+06 +2.436822612e+06 +2.436822612e+06 -4.7094e-01 +9.3299e-01 +3.8106e-01 +8.6169e-01 -3.0960e-01 +7.0941e-01 -8.9162e-01 -2.2809e-02 +1.4051e-01 +2.3873e-01 +2.6993e-01 -4.3942e-02 -2.7180e-01 -1.0577e-01 +1.1531e-01 -6.3725e-01 +7.7386e-01 +5.3221e-01 +6.0767e-01 -1.1447e-01
58 0 +1.746132550e+06 +1.746264620e+06 +1.746264620e+06 -8.9619e-01 +5.6061e-01 +7.9180e-01 +1.1414e+00 +9.4331e-02 -4.2721e-02 -8.0647e-01 +9.6966e-02 +1.9529e-01 +7.7969e-02 +4.2623e-01 +3.7183e-02 -4.7522e-01 -1.7567e-02 +4.1965e-02 -6.2387e-01 +2.3892e-01 +8.6089e-01 +9.7191e-02 -2.6475e-01
64 0 +1.551166461e+06 +1.551298531e+06 +1.551298531e+06 -8.0505e-01 +7.5929e-01 +7.3863e-02 +1.1314e+00 -9.0082e-02 +5.6779e-01 -8.9676e-01 -2.8589e-01 +2.0850e-01 +2.4023e-01 +8.2533e-02 +2.4321e-01 -5.5304e-01 -4.8441e-01 +6.0069e-01 -5.5372e-01 +3.0305e-02 +7.2036e-01 +8.3670e-01 +6.9028e-02
65 0 +1.331563878e+06 +1.331695948e+06 +1.331695948e+06 -6.8342e-01 +1.2391e+00 +4.6936e-01 +1.1565e+00 -4.2709e-01 +1.3037e-01 -3.6632e-01 -3.3675e-01 -1.4987e-01 -5.3872e-02 -2.2328e-01 -3.3865e-02 -6.5761e-01 -4.1833e-01 +3.5453e-01 -9.1210e-01 +3.2301e-01 +8.9432e-01 +1.4100e-01 -5.2871e-01
67 0 +5.928631088e+05 +5.929951788e+05 +5.929951788e+05 -6.6387e-01 +1.0258e+00 +4.8374e-01 +1.0357e+00 -1.5642e-01 +5.1769e-01 -9.3652e-01 +1.0686e-01 -2.2402e-01 +3.5989e-01 +1.0103e-01 -2.1485e-01 -1.1342e+00 -2.2365e-01 +3.8002e-01 -6.7309e-01 +5.9105e-01 +2.2637e-01 +5.2817e-01 +2.6922e-01
70 0 +4.770348375e+05 +4.771669075e+05 +4.771669075e+05 -6.6201e-01 +1.2014e+00 +7.9174e-01 +1.3095e+00 +6.5908e-02 +2.6319e-01 -1.3018e+00 +3.7551e-02 +8.5507e-03 -1.4080e-01 +4.0507e-01 -1.1608e-01 -9.0217e-01 -2.8697e-02 +1.9423e-01 -1.0979e+00 +7.3649e-01 +4.9153e-01 +3.6995e-01 -1.3588e-01
71 0 +4.476411814e+05 +4.477732514e+05 +4.477732514e+05 -9.8510e-01 +1.4094e+00 +4.4962e-01 +1.4895e+00 -7.9606e-02 +6.0140e-01 -3.4213e-01 +1.5573e-01 +4.3886e-02 +6.0340e-01 +3.0913e-01 +3.5581e-01 -4.5573e-01 -2.5268e-01 -3.0726e-01 -9.9598e-01 +2.3405e-01 +6.8484e-01 +7.9407e-01 +7.1914e-03
74 0 +8.653772261e+02 +9.974472261e+02 +9.974472261e+02 -5.6452e-01 +1.6622e+00 +8.5103e-01 +1.8000e+00 -1.5342e-01 +5.9777e-01 -1.4291e+00 +2.9930e-01 -3.8520e-01 +4.5143e-01 +6.7724e-01 -2.5089e-01 -1.0313e+00 +3.1229e-01 -1.7013e-01 -9.0280e-01 +1.0530e+00 +9.0668e-01 +1.7665e-01 -2.7362e-02
104 0 +1.719057225e+02 +3.039757225e+02 +3.039757225e+02 -9.8444e-01 +5.8825e-01 +9.9453e-01 +2.5224e+00 -5.0624e-01 +1.1403e+00 -1.5772e+00 -8.4422e-02 +2.9528e-02 -1.0014e-01 +1.2143e+00 -4.6159e-01 -4.2790e-01 +2.3315e-01 +5.0306e-01 -1.3019e+00 +3.5228e-01 +3.6476e-01 +1.1270e+00 +4.9716e-01
135 0 +1.187802376e+02 +2.508502376e+02 +2.508502376e+02 -1.2884e+00 +7.6399e-01 +1.8918e+00 +1.8360e+00 -9.1201e-01 +1.1910e+00 -1.4768e+00 -4.4927e-01 +1.5864e-01 +6.9068e-01 +6.3339e-01 +3.8469e-01 -1.0206e-01 -5.5137e-01 +3.1882e-01 -5.4587e-01 +3.1055e-01 +1.0735e-01 +8.7321e-01 -4.5019e-02
338 0 +1.065422197e+02 +2.386122197e+02 +2.386122197e+02 -9.5929e-01 +1.4518e+00 +8.6875e-01 +2.5497e+00 -1.5345e+00 +1.1695e+00 -1.7651e+00 +4.9557e-01 +1.6873e+00 -9.9223e-01 -3.4760e-01 +2.8397e-01 +6.1679e-01 -1.3594e+00 +7.3285e-01 +3.6799e-01 -1.8000e+00 +1.1490e+00 -1.4295e+00 -8.8595e-01
2004 0 +1.065422197e+02 +2.386122197e+02 +2.386122197e+02 -9.5929e-01 +1.4518e+00 +8.6875e-01 +2.5497e+00 -1.5345e+00 +1.1695e+00 -1.7651e+00 +4.9557e-01 +1.6873e+00 -9.9223e-01 -3.4760e-01 +2.8397e-01 +6.1679e-01 -1.3594e+00 +7.3285e-01 +3.6799e-01 -1.8000e+00 +1.1490e+00 -1.4295e+00 -8.8595e-01
% f evaluations | g evaluations | best noise-free fitness - Fopt (9.725000000000e+01) + sum g_i+ | measured fitness | best measured fitness or single-digit g-values | x1 | x2...
1 0 +7.214138136e+06 +7.214235386e+06 +7.214235386e+06 -9.3535e-02 +2.1870e-01 +6.5347e-02 -2.6973e-01 -7.4604e-01 +2.7398e-01 +3.3812e-01 -4.5424e-01 +4.9180e-01 -1.2897e-01 +7.8940e-01 +1.8055e-01 -1.0077e-01 +3.7133e-01 +3.3340e-02 +3.8747e-02 +2.2839e-02 -4.6540e-02 +1.9028e-01 +2.4321e-01
2 0 +4.031971154e+06 +4.032068404e+06 +4.032068404e+06 +1.0644e-01 +5.4378e-01 -4.0694e-01 -1.3909e-01 +2.4740e-01 -3.5293e-01 +4.6935e-01 +2.1382e-01 -5.4303e-02 +1.6026e-01 -1.7599e-01 -4.4457e-01 +2.5718e-01 +2.8294e-01 +3.4334e-02 -6.5873e-03 -6.3817e-01 -2.5033e-01 -1.3966e-01 +7.0117e-02
16 0 +3.761760600e+06 +3.761857850e+06 +3.761857850e+06 +6.6643e-02 +2.9111e-01 -1.0596e-01 -4.1805e-01 -1.1719e-01 -2.6982e-01 +1.4121e-01 -6.3539e-02 +3.8630e-02 +4.1302e-01 +1.4280e-01 -5.1029e-01 +3.8179e-01 +4.0669e-01 +1.2768e-01 +1.4661e-01 -2.8234e-01 +1.0133e-01 -6.0485e-02 -6.9287e-02
22 0 +3.362085687e+06 +3.362182937e+06 +3.362182937e+06 +7.1811e-01 +6.6211e-01 -1.0037e-01 -1.5080e-01 -2.5270e-01 -4.1109e-01 -3.4483e-02 -5.7653e-01 -5.6415e-02 +7.8919e-02 +2.1082e-01 -1.6833e-01 +7.0471e-01 +5.0356e-01 +3.2006e-01 +1.5659e-01 -2.9867e-01 +5.8851e-02 +5.6823e-03 -2.6397e-01
26 0 +1.743019141e+06 +1.743116391e+06 +1.743116391e+06 +5.2872e-01 +3.0966e-01 -2.1137e-01 -4.1333e-01 +2.2605e-01 +1.0752e-01 +4.0465e-01 -4.3988e-01 +3.3202e-01 +6.3760e-02 +9.2985e-01 -3.3783e-01 +9.7333e-01 +5.0180e-01 +8.2295e-02 +4.6145e-01 -3.9653e-01 -1.4436e-01 -4.1647e-01 -1.0357e-01
47 0 +1.713523377e+06 +1.713620627e+06 +1.713620627e+06 -1.1463e-01 +4.6323e-01 -2.7140e-01 -1.5330e-01 +5.0373e-01 -4.0673e-01 +5.4700e-01 -2.3772e-01 +2.0672e-01 -8.0885e-03 +4.4901e-01 -1.0401e+00 +6.0532e-01 +4.4573e-01 -2.0681e-01 +2.5976e-01 -2.4950e-01 +8.1176e-03 -3.2754e-01 -3.0858e-01
50 0 +4.866747113e+05 +4.867719613e+05 +4.867719613e+05 -1.0986e-01 +1.0070e-01 -3.4619e-01 -7.1541e-01 +8.0805e-01 -5.4781e-01 +4.4219e-01 -1.5197e-01 -3.1849e-01 +7.0148e-03 +7.9760e-01 -6.4961e-01 +1.3481e+00 +5.4381e-01 -4.9280e-01 +6.5562e-03 -3.5501e-01 -1.7312e-01 -2.4451e-01 -4.5794e-01
61 0 +4.085318633e+05 +4.086291133e+05 +4.086291133e+05 -4.4058e-01 +2.6421e-01 -6.4685e-01 -4.5647e-01 +1.8543e-01 -1.3662e-01 +9.7567e-01 -5.7500e-01 +3.9400e-01 +6.8049e-01 +1.1936e+00 -8.7526e-01 +9.5248e-01 +6.3428e-01 -6.7132e-01 +5.8699e-01 +7.5337e-02 +1.4583e-01 -2.4927e-01 +3.1962e-01
67 0 +2.648225847e+05 +2.649198347e+05 +2.649198347e+05 +2.6680e-01 +7.1446e-01 -5.7677e-01 -1.2801e-01 +6.1246e-01 -2.7825e-01 +3.3679e-01 -1.0301e+00 -6.9044e-02 +5.6655e-01 +1.1222e+00 -1.0826e+00 +9.2376e-01 +6.4607e-01 +3.6004e-02 +1.0670e-01 -5.5833e-01 -5.5215e-01 -3.8588e-01 -1.2090e-01
70 0 +1.134653514e+05 +1.135626014e+05 +1.135626014e+05 -2.5581e-01 +8.9235e-01 -6.8910e-01 -4.7627e-01 +6.6585e-01 -5.0911e-01 +7.8145e-01 -6.2823e-01 -1.0363e-02 +2.8761e-01 +1.1724e+00 -8.7605e-01 +1.1614e+00 +8.7944e-01 -3.5447e-01 +3.3514e-01 -8.5444e-01 -7.5984e-01 -3.0012e-01 -3.6202e-01
75 0 +1.978452145e+04 +1.988177145e+04 +1.988177145e+04 -1.9426e-01 +6.2652e-01 -9.6828e-01 -3.6013e-01 +3.6974e-01 -6.0171e-01 +5.3440e-01 -1.1421e+00 +1.7238e-01 -1.1339e-02 +1.2364e+00 -1.3062e+00 +1.6026e+00 +9.6109e-01 -2.3783e-01 +7.1455e-01 -8.3170e-01 -3.0706e-01 -1.2127e-01 +2.6370e-01
77 0 +2.046762511e+02 +3.019262511e+02 +3.019262511e+02 -2.9481e-02 +8.8004e-01 -1.2815e+00 -5.4669e-01 +2.7261e-01 +1.3869e-01 +6.9618e-01 -1.1788e+00 +1.0734e-01 +9.9733e-01 +9.4989e-01 -1.1254e+00 +1.0763e+00 +7.4302e-01 -2.7280e-01 -2.6070e-02 -1.6840e-01 -2.5932e-01 -2.5038e-01 -9.6490e-02
155 0 +1.524653005e+02 +2.497153005e+02 +2.497153005e+02 -1.9235e-01 -1.2757e-01 -1.4246e+00 -5.3698e-01 +1.2358e+00 -3.0189e-02 +8.1441e-01 -2.1042e+00 +9.1899e-01 -2.0555e-01 +6.9362e-01 -1.0601e+00 +1.3619e+00 +1.3033e+00 +6.0074e-01 +1.1811e+00 -7.9555e-01 +1.0739e+00 -7.9210e-02 -4.8563e-01
2004 0 +1.524653005e+02 +2.497153005e+02 +2.497153005e+02 -1.9235e-01 -1.2757e-01 -1.4246e+00 -5.3698e-01 +1.2358e+00 -3.0189e-02 +8.1441e-01 -2.1042e+00 +9.1899e-01 -2.0555e-01 +6.9362e-01 -1.0601e+00 +1.3619e+00 +1.3033e+00 +6.0074e-01 +1.1811e+00 -7.9555e-01 +1.0739e+00 -7.9210e-02 -4.8563e-01
% f evaluations | g evaluations | best noise-free fitness - Fopt (-2.033000000000e+01) + sum g_i+ | measured fitness | best measured fitness or single-digit g-values | x1 | x2...
1 0 +2.485892224e+06 +2.485871894e+06 +2.485871894e+06 -9.3535e-02 +2.1870e-01 +6.5347e-02 -2.6973e-01 -7.4604e-01 +2.7398e-01 +3.3812e-01 -4.5424e-01 +4.9180e-01 -1.2897e-01 +7.8940e-01 +1.8055e-01 -1.0077e-01 +3.7133e-01 +3.3340e-02 +3.8747e-02 +2.2839e-02 -4.6540e-02 +1.9028e-01 +2.4321e-01
5 0 +1.138279218e+06 +1.138258888e+06 +1.138258888e+06 +5.2887e-02 +3.2839e-01 -6.3795e-01 +2.2544e-01 -1.6218e-01 +2.3797e-01 +5.2097e-02 -3.1064e-01 +2.6229e-01 -2.2188e-01 +1.5689e-01 -1.7757e-01 -1.4325e-01 +3.3760e-02 +5.7144e-01 +2.0825e-01 -5.8746e-03 +4.9887e-01 +9.1829e-03 -8.9254e-02
11 0 +7.315288278e+05 +7.315084978e+05 +7.315084978e+05 -1.5128e-01 +3.1575e-01 -4.4012e-01 +4.7223e-01 +1.4170e-01 +5.0309e-01 -5.0737e-01 +4.2835e-01 +2.7857e-01 +1.0184e-01 -2.6064e-01 +1.0645e-01 +7.8845e-02 -1.8272e-01 -4.1133e-01 -3.2060e-01 -1.5922e-01 +3.4110e-01 +3.5613e-01 +5.0729e-01
14 0 +4.753680024e+05 +4.753476724e+05 +4.753476724e+05 -4.2986e-01 +1.5208e-01 -3.4914e-01 +9.3265e-02 -3.8571e-01 +5.8522e-01 -5.5310e-01 +1.8815e-01 +9.1337e-02 +2.5907e-01 -6.4370e-01 -2.3081e-01 -1.1832e-02 +1.1847e-02 +3.0392e-01 -3.1166e-01 +4.9993e-01 +2.1494e-01 +1.4959e-01 +3.6469e-02
15 0 +4.193380656e+05 +4.193177356e+05 +4.193177356e+05 +3.1228e-01 +1.7977e-01 -4.1296e-01 +5.3321e-01 -7.3155e-01 +3.1765e-01 -3.3288e-01 +3.4636e-01 +4.5473e-01 +1.2689e-01 +1.5521e-01 +4.9066e-02 +2.3389e-01 +1.8860e-01 -7.5208e-02 +2.7184e-01 -7.2411e-02 +4.6657e-01 -1.6574e-01 +2.0902e-01
26 0 +3.429950877e+05 +3.429747577e+05 +3.429747577e+05 -1.0221e-01 -2.5201e-01 -1.3357e-01 +3.8018e-01 -1.9628e-01 +7.2698e-01 +2.5127e-01 +3.0330e-01 +1.2602e-01 +3.7198e-01 -4.4288e-01 +5.4421e-01 +5.5403e-01 -1.5409e-02 +3.3460e-01 -5.7626e-02 -1.0422e-01 +5.1315e-01 -3.1195e-01 -1.6917e-01
31 0 +9.351487329e+04 +9.349454329e+04 +9.349454329e+04 -2.1050e-01 +9.2204e-01 -7.7730e-01 +6.1481e-01 -5.9243e-01 +8.0221e-01 -9.5402e-01 -4.1550e-02 +2.0315e-01 +1.1323e-01 -4.1755e-01 +5.1380e-02 +2.7343e-01 -2.1101e-01 -1.9949e-02 -1.6897e-01 +4.5788e-02 +1.9737e-01 +1.9113e-01 -7.6411e-02
40 0 +7.497966716e+03 +7.477636716e+03 +7.477636716e+03 -3.0792e-01 +7.7578e-01 -2.2642e-01 +5.6492e-01 -6.1232e-01 +9.4372e-01 -1.2572e-01 +9.1315e-01 +7.8919e-02 +3.2375e-01 -2.7773e-02 -8.2469e-02 +2.6460e-01 -4.3553e-01 +1.3054e-01 -1.6404e-01 +5.0909e-03 +4.4867e-01 -1.8724e-01 -1.1426e-01
43 0 +6.484349765e+03 +6.464019765e+03 +6.464019765e+03 -3.2736e-01 +4.4017e-01 -6.2424e-01 +6.5865e-01 -5.9918e-01 +7.3423e-01 -6.9361e-01 +4.4290e-01 +4.4735e-01 -2.0113e-01 -1.0922e-01 +2.7702e-02 +2.8321e-01 -5.4989e-01 -6.2488e-02 -9.6038e-01 -7.1372e-01 +6.1455e-01 +3.0873e-01 -3.9947e-02
50 0 +4.414844448e+02 +4.211544448e+02 +4.211544448e+02 -4.9791e-01 +6.8950e-01 -7.2811e-01 +8.6845e-01 -4.6793e-01 +7.7808e-01 -8.1824e-01 +6.4899e-01 +2.5096e-01 +5.7104e-02 -6.6742e-01 +4.7355e-02 +3.7216e-01 +3.7444e-01 -3.8417e-01 -6.4446e-01 +1.7227e-02 +6.2013e-01 +2.4214e-01 +3.1845e-01
55 0 +1.570938493e+02 +1.367638493e+02 +1.367638493e+02 -1.6018e-01 +6.1050e-01 -1.1771e-01 +4.2719e-01 -8.6665e-01 +1.0258e+00 -1.1599e+00 +2.5782e-01 +2.9221e-01 +1.4076e-02 -4.2641e-01 +2.5881e-01 +1.6222e-01 -8.2559e-01 -6.6445e-01 -3.7424e-01 -7.0224e-01 +6.7308e-01 -4.1857e-01 -1.3662e-01
120 0 +1.197934687e+02 +9.946346874e+01 +9.946346874e+01 -4.3486e-02 +7.0759e-01 -4.5796e-02 +7.9586e-01 -1.3664e+00 +1.0331e+00 -1.7607e+00 +2.8805e-01 +4.5615e-01 +5.5263e-02 -3.9288e-01 +1.0503e-01 +3.4479e-02 -8.1980e-01 -9.9221e-01 -1.9290e+00 +7.1808e-01 +8.3878e-01 +3.7178e-01 -1.6728e-01
2004 0 +1.197934687e+02 +9.946346874e+01 +9.946346874e+01 -4.3486e-02 +7.0759e-01 -4.5796e-02 +7.9586e-01 -1.3664e+00 +1.0331e+00 -1.7607e+00 +2.8805e-01 +4.5615e-01 +5.5263e-02 -3.9288e-01 +1.0503e-01 +3.4479e-02 -8.1980e-01 -9.9221e-01 -1.9290e+00 +7.1808e-01 +8.3878e-01 +3.7178e-01 -1.6728e-01
% f evaluations | g evaluations | best noise-free fitness - Fopt (9.431000000000e+01) + sum g_i+ | measured fitness | best measured fitness or single-digit g-values | x1 | x2...
1 0 +3.938540811e+06 +3.938635121e+06 +3.938635121e+06 -9.3535e-02 +2.1870e-01 +6.5347e-02 -2.6973e-01 -7.4604e-01 +2.7398e-01 +3.3812e-01 -4.5424e-01 +4.9180e-01 -1.2897e-01 +7.8940e-01 +1.8055e-01 -1.0077e-01 +3.7133e-01 +3.3340e-02 +3.8747e-02 +2.2839e-02 -4.6540e-02 +1.9028e-01 +2.4321e-01
3 0 +2.337891035e+06 +2.337985345e+06 +2.337985345e+06 +4.1551e-01 -1.5589e-01 -2.3405e-01 +2.8669e-01 -3.8021e-02 -4.1059e-01 +3.6555e-01 -2.5725e-01 -1.6844e-01 -3.1006e-01 +1.0763e-01 +3.2211e-01 -1.1265e-01 +1.1891e-01 -1.4144e-01 +7.0101e-01 +4.5085e-01 -1.7865e-01 +1.5851e-01 +2.8196e-01
11 0 +2.284571501e+06 +2.284665811e+06 +2.284665811e+06 -1.5128e-01 +3.1575e-01 -4.4012e-01 +4.7223e-01 +1.4170e-01 +5.0309e-01 -5.0737e-01 +4.2835e-01 +2.7857e-01 +1.0184e-01 -2.6064e-01 +1.0645e-01 +7.8845e-02 -1.8272e-01 -4.1133e-01 -3.2060e-01 -1.5922e-01 +3.4110e-01 +3.5613e-01 +5.0729e-01
12 0 +2.049306128e+06 +2.049400438e+06 +2.049400438e+06 +1.4708e-01 -4.3366e-01 -2.2293e-01 -3.4622e-01 -7.7303e-02 +4.1305e-01 -5.3695e-02 -1.2919e-01 +1.5872e-01 +2.2001e-01 +2.9002e-01 -2.8059e-01 -2.6347e-01 -1.3672e-01 +2.2293e-01 +5.7992e-02 -2.9141e-01 +5.6909e-01 -1.6300e-01 -3.7140e-02
15 0 +1.976755154e+06 +1.976849464e+06 +1.976849464e+06 +2.4715e-01 -1.1785e-01 -2.8787e-01 +4.3013e-01 -2.8952e-01 +3.5388e-01 +1.1772e-01 +3.7045e-02 +2.0840e-01 -1.3556e-01 -1.0141e-03 -1.6460e-01 +1.8352e-01 -2.6167e-02 +2.5499e-01 -4.2169e-01 -1.4091e-01 +3.8981e-01 -5.8790e-01 +3.2773e-01
25 0 +1.838840700e+06 +1.838935010e+06 +1.838935010e+06 +1.0354e-01 +8.9866e-02 +6.4615e-02 +6.8451e-01 -3.9008e-01 -5.9868e-02 +8.7558e-02 -2.7756e-02 +4.9162e-01 +8.7861e-02 +3.0671e-01 -2.9540e-01 -2.9683e-01 -9.5432e-02 -3.2541e-01 -2.6715e-01 -5.5432e-01 +2.0888e-01 -6.8326e-01 +3.7228e-01
28 0 +1.001384022e+06 +1.001478332e+06 +1.001478332e+06 -2.8653e-01 -2.6837e-01 -2.2553e-02 +7.3680e-01 -1.8978e-01 +5.1637e-01 +2.0469e-01 +2.6765e-01 -3.8757e-01 +1.3131e-01 +7.0379e-02 -1.5217e-01 +1.8565e-01 +1.2789e-01 +2.8889e-02 -7.7468e-02 -1.2998e-02 +3.8578e-02 -8.0107e-01 +7.9194e-01
35 0 +7.429174552e+05 +7.430117652e+05 +7.430117652e+05 +2.8696e-01 -7.1388e-01 -4.3820e-01 +6.4130e-01 -3.8922e-01 +2.7402e-01 -2.4175e-01 +5.0373e-01 +5.2929e-02 +1.4126e-01 +4.4118e-01 +8.6353e-02 -5.1677e-01 +1.0506e-01 -3.1388e-01 +2.0243e-02 -6.5562e-02 +3.8910e-01 -2.3583e-01 +6.7843e-01
37 0 +2.831244599e+05 +2.832187699e+05 +2.832187699e+05 +3.9628e-01 -7.7163e-02 -3.2089e-01 +5.8342e-01 -3.5083e-02 +7.8971e-01 -1.4592e-01 +7.2107e-01 +7.7037e-02 -1.2514e-01 +8.2449e-02 +6.2263e-01 -2.1746e-01 -2.1685e-01 -2.1366e-01 -1.2799e-02 -1.4710e-01 +4.4948e-01 -1.1107e+00 +2.4859e-01
52 0 +2.473258229e+05 +2.474201329e+05 +2.474201329e+05 +2.0778e-01 -5.5930e-01 -1.0414e-01 +9.2068e-01 -3.4381e-01 +3.8463e-01 -2.0032e-01 +3.8593e-01 -1.2009e-01 -3.6073e-01 +1.4049e-03 +4.5063e-01 -5.8594e-01 -1.1103e-01 +2.1836e-01 -4.9230e-02 +8.6168e-02 +5.0107e-01 -1.1904e+00 +3.5556e-01
61 0 +3.445123447e+04 +3.454554447e+04 +3.454554447e+04 +3.8269e-01 -5.6971e-01 -2.3807e-01 +9.2531e-01 -3.0320e-01 +1.0482e+00 +1.8691e-01 +6.6642e-01 +1.2838e-02 +1.4526e-01 -2.5546e-01 +4.2628e-01 -7.3455e-01 -1.8062e-01 +5.4204e-01 -1.4072e-01 +2.3623e-01 +1.2456e+00 -1.3864e+00 +2.7074e-01
69 0 +1.927810449e+04 +1.937241449e+04 +1.937241449e+04 +2.1224e-02 -6.0685e-01 +3.7719e-01 +1.1510e+00 -1.4842e-01 +1.5767e-01 -9.0974e-02 +4.4650e-01 -2.1835e-01 -5.4119e-01 +4.5999e-01 +4.3786e-01 -8.9788e-01 -1.6919e-01 -5.9731e-02 -3.7747e-01 -4.6312e-01 +8.6058e-01 -1.4393e+00 +4.1282e-01
76 0 +1.404386104e+04 +1.413817104e+04 +1.413817104e+04 +3.8611e-01 -7.7613e-01 +8.6833e-03 +1.5591e+00 -6.0954e-01 +3.7770e-01 +1.9674e-01 +9.5841e-01 -5.4847e-01 -3.0110e-01 +4.4702e-01 +1.1299e+00 -1.3578e-01 -3.4483e-01 -6.6820e-02 -2.7448e-01 -2.6994e-01 +9.8550e-01 -5.4624e-01 +3.2757e-01
105 0 +8.470224541e+03 +8.564534541e+03 +8.564534541e+03 -7.0297e-02 -1.5543e-01 +2.1393e-01 +1.1777e+00 +3.9400e-02 +5.8600e-01 +8.0916e-01 +4.7570e-01 -8.0546e-01 -7.7709e-01 +6.5475e-01 +1.1429e+00 -8.0108e-01 -2.4828e-01 +4.7897e-01 +1.6133e-02 -4.2430e-01 +1.4194e+00 -8.2930e-01 +2.9394e-01
115 0 +1.062941256e+03 +1.157251256e+03 +1.157251256e+03 +1.3592e-01 -2.6811e-01 +1.9786e-01 +1.3430e+00 +2.5817e-01 +7.6425e-01 +1.0827e-01 +1.1555e+00 -1.2253e+00 -1.1053e+00 +6.5936e-01 +1.1324e+00 -9.5927e-01 -3.4449e-01 +6.6582e-02 -3.7184e-01 -6.9466e-01 +8.7513e-01 -1.0641e+00 +5.1873e-01
117 0 +2.053740801e+02 +2.996840801e+02 +2.996840801e+02 -3.2852e-01 -7.7063e-02 -4.1336e-01 +1.5047e+00 -5.1244e-01 +7.0163e-01 -2.7781e-01 +1.0613e+00 -1.4870e+00 +2.9541e-01 +1.2327e+00 +1.1569e+00 -5.0882e-01 -4.7291e-02 +1.0633e-01 -3.2118e-01 -4.1600e-01 +9.8555e-01 -6.4537e-01 +6.3906e-02
138 0 +1.912459935e+02 +2.855559935e+02 +2.855559935e+02 +1.7169e-01 -3.3861e-01 -9.6875e-01 +1.8169e+00 -5.1099e-01 +6.3028e-01 +3.3466e-01 +1.0076e+00 -1.3027e+00 -2.9842e-01 +5.7684e-01 +1.7514e+00 -9.0749e-01 +8.4228e-02 -1.3318e-01 -5.1143e-01 -8.8845e-01 +1.0896e+00 -9.3331e-01 +1.0132e+00
187 0 +1.824575461e+02 +2.767675461e+02 +2.767675461e+02 -4.8095e-02 -4.0592e-01 -6.8056e-01 +1.9882e+00 -1.5265e-01 -9.0049e-03 +5.0933e-01 +9.1544e-01 -1.9349e+00 -4.2271e-02 +8.4058e-01 +1.4866e+00 -2.2984e-01 -6.8723e-01 +2.2392e-02 +1.5485e-01 -6.4434e-01 +8.2374e-01 -9.4110e-01 +6.0091e-01
196 0 +1.424350955e+02 +2.367450955e+02 +2.367450955e+02 -2.0083e-01 -1.2686e-02 -2.2960e-01 +2.1448e+00 -2.0285e-01 -1.2965e-01 +3.0034e-01 +8.2937e-01 -6.9864e-01 -5.7988e-01 +1.0528e+00 +9.4302e-01 -2.8742e-01 -6.9934e-01 -4.0520e-01 +1.8492e-01 -5.1200e-02 +5.1752e-01 -9.3302e-01 +1.8021e-01
2004 0 +1.424350955e+02 +2.367450955e+02 +2.367450955e+02 -2.0083e-01 -1.2686e-02 -2.2960e-01 +2.1448e+00 -2.0285e-01 -1.2965e-01 +3.0034e-01 +8.2937e-01 -6.9864e-01 -5.7988e-01 +1.0528e+00 +9.4302e-01 -2.8742e-01 -6.9934e-01 -4.0520e-01 +1.8492e-01 -5.1200e-02 +5.1752e-01 -9.3302e-01 +1.8021e-01
% f evaluations | g evaluations | best noise-free fitness - Fopt (-1.436900000000e+02) + sum g_i+ | measured fitness | best measured fitness or single-digit g-values | x1 | x2...
1 0 +1.659752888e+05 +1.658315988e+05 +1.658315988e+05 -9.3535e-02 +2.1870e-01 +6.5347e-02 -2.6973e-01 -7.4604e-01 +2.7398e-01 +3.3812e-01 -4.5424e-01 +4.9180e-01 -1.2897e-01 +7.8940e-01 +1.8055e-01 -1.0077e-01 +3.7133e-01 +3.3340e-02 +3.8747e-02 +2.2839e-02 -4.6540e-02 +1.9028e-01 +2.4321e-01
2 0 +2.488422289e+03 +2.344732289e+03 +2.344732289e+03 +1.0644e-01 +5.4378e-01 -4.0694e-01 -1.3909e-01 +2.4740e-01 -3.5293e-01 +4.6935e-01 +2.1382e-01 -5.4303e-02 +1.6026e-01 -1.7599e-01 -4.4457e-01 +2.5718e-01 +2.8294e-01 +3.4334e-02 -6.5873e-03 -6.3817e-01 -2.5033e-01 -1.3966e-01 +7.0117e-02
11 0 +5.913617954e+02 +4.476717954e+02 +4.476717954e+02 -1.5128e-01 +3.1575e-01 -4.4012e-01 +4.7223e-01 +1.4170e-01 +5.0309e-01 -5.0737e-01 +4.2835e-01 +2.7857e-01 +1.0184e-01 -2.6064e-01 +1.0645e-01 +7.8845e-02 -1.8272e-01 -4.1133e-01 -3.2060e-01 -1.5922e-01 +3.4110e-01 +3.5613e-01 +5.0729e-01
12 0 +2.999746921e+02 +1.562846921e+02 +1.562846921e+02 +1.4708e-01 -4.3366e-01 -2.2293e-01 -3.4622e-01 -7.7303e-02 +4.1305e-01 -5.3695e-02 -1.2919e-01 +1.5872e-01 +2.2001e-01 +2.9002e-01 -2.8059e-01 -2.6347e-01 -1.3672e-01 +2.2293e-01 +5.7992e-02 -2.9141e-01 +5.6909e-01 -1.6300e-01 -3.7140e-02
23 0 +1.271579549e+02 -1.653204511e+01 -1.653204511e+01 +2.4006e-01 +2.6409e-01 -3.0770e-01 +2.5475e-01 -2.7972e-01 +6.0537e-02 -7.3630e-02 -1.8261e-01 +1.6876e-01 +6.2447e-02 +1.0692e-01 -5.5353e-01 +9.2824e-02 +7.6699e-02 +3.1742e-01 +2.6061e-02 -8.6601e-01 +2.1148e-01 +2.9398e-01 +1.3464e-01
88 0 +1.257472954e+02 -1.794270458e+01 -1.794270458e+01 -1.7199e-02 -3.9011e-01 -3.2901e-01 +5.0658e-01 -3.8679e-01 +2.3994e-01 +1.0249e-01 -8.8310e-02 +3.1819e-01 -2.8265e-02 -1.9016e-02 -1.1806e-01 -2.5050e-01 -3.8714e-02 -1.6594e-01 -2.6033e-01 -1.4008e+00 +2.5157e-01 +7.6987e-01 +2.1080e-01
330 0 +1.195985637e+02 -2.409143630e+01 -2.409143630e+01 -1.2532e-02 -2.1388e-01 -7.0043e-02 +8.3392e-01 +3.5763e-01 +3.3267e-01 +7.3123e-02 -2.8044e-01 -1.5456e-01 -1.4484e-01 +3.6163e-01 -6.7702e-01 -7.8543e-03 +1.8925e-01 -4.1623e-01 +7.9972e-02 -4.2053e-01 +5.1123e-01 +2.3504e-01 -2.6711e-01
517 0 +1.128076296e+02 -3.088237043e+01 -3.088237043e+01 +1.6265e-01 -1.4292e-01 -2.3893e-01 +8.8803e-01 +2.4549e-01 +4.4952e-02 -3.2365e-01 -3.9769e-01 -1.0400e-01 -2.3249e-01 +3.6343e-01 -1.2827e-02 +8.7761e-03 +1.1015e-01 -3.7131e-01 +4.0238e-01 -4.6335e-01 +5.1534e-01 -1.5931e-01 -1.5529e-01
555 0 +1.088204886e+02 -3.486951140e+01 -3.486951140e+01 +9.3310e-02 +9.1507e-02 -2.0056e-01 +7.0595e-01 +3.4642e-01 -3.9590e-01 -1.3123e-01 -3.8683e-01 -7.9403e-02 -3.0413e-01 +3.8950e-01 -1.7592e-02 -1.2346e-01 +1.2654e-01 -5.3026e-01 +4.0025e-01 -3.1750e-01 +6.9519e-01 -1.8250e-01 -2.2332e-01
1720 0 +1.067865285e+02 -3.690347149e+01 -3.690347149e+01 -2.8825e-01 +5.6787e-01 -3.8194e-01 +1.7726e-01 -3.9374e-02 +2.9197e-02 +6.4519e-01 -1.0445e+00 +2.5015e-01 +6.9103e-02 -3.0122e-01 -1.3577e-01 +2.6577e-01 +1.8920e-01 +3.3066e-01 +4.9685e-01 -2.7328e-01 +4.1995e-01 -4.3873e-01 +1.2878e-01
1738 0 +1.045032354e+02 -3.918676457e+01 -3.918676457e+01 -1.8651e-01 +5.5729e-01 -3.1263e-01 +1.6592e-01 -2.2961e-01 -1.5084e-02 +5.1343e-01 -8.7939e-01 +3.4878e-01 +5.6280e-02 -2.4009e-01 +1.3088e-01 +7.5853e-02 -4.6450e-02 +3.7643e-01 +3.3743e-01 -2.1355e-01 +4.6602e-01 -4.1037e-01 +1.4518e-01
1815 0 +9.712720536e+01 -4.656279464e+01 -4.656279464e+01 +1.0624e-01 +3.2896e-01 -1.4901e-01 -9.3423e-02 +1.0126e-01 -2.6312e-01 +3.4680e-01 -1.0717e+00 +4.0080e-01 -3.4821e-01 -4.8567e-01 -5.8241e-02 +3.7301e-01 +1.2409e-01 +6.4540e-01 +4.2426e-01 -4.4470e-01 +6.8267e-01 -9.0114e-01 -1.3310e-01
2004 0 +9.671937043e+01 -4.697062957e+01 -4.697062957e+01 -2.6896e-02 +8.4487e-01 -3.1172e-01 -3.9673e-02 +4.6024e-01 -9.5763e-01 +1.8910e-01 -8.6720e-01 +8.9060e-01 -7.5435e-01 -4.2671e-01 -2.0654e-01 +3.8390e-02 +2.8275e-01 +9.3313e-01 +1.1094e+00 -8.7073e-01 +8.5422e-01 -4.5358e-01 -7.1529e-01
% f evaluations | g evaluations | best noise-free fitness - Fopt (-3.533800000000e+02) + sum g_i+ | measured fitness | best measured fitness or single-digit g-values | x1 | x2...
1 0 +7.448271802e+06 +7.447918422e+06 +7.447918422e+06 -9.3535e-02 +2.1870e-01 +6.5347e-02 -2.6973e-01 -7.4604e-01 +2.7398e-01 +3.3812e-01 -4.5424e-01 +4.9180e-01 -1.2897e-01 +7.8940e-01 +1.8055e-01 -1.0077e-01 +3.7133e-01 +3.3340e-02 +3.8747e-02 +2.2839e-02 -4.6540e-02 +1.9028e-01 +2.4321e-01
2 0 +5.218945797e+06 +5.218592417e+06 +5.218592417e+06 +1.0644e-01 +5.4378e-01 -4.0694e-01 -1.3909e-01 +2.4740e-01 -3.5293e-01 +4.6935e-01 +2.1382e-01 -5.4303e-02 +1.6026e-01 -1.7599e-01 -4.4457e-01 +2.5718e-01 +2.8294e-01 +3.4334e-02 -6.5873e-03 -6.3817e-01 -2.5033e-01 -1.3966e-01 +7.0117e-02
3 0 +4.389095288e+06 +4.388741908e+06 +4.388741908e+06 +4.1551e-01 -1.5589e-01 -2.3405e-01 +2.8669e-01 -3.8021e-02 -4.1059e-01 +3.6555e-01 -2.5725e-01 -1.6844e-01 -3.1006e-01 +1.0763e-01 +3.2211e-01 -1.1265e-01 +1.1891e-01 -1.4144e-01 +7.0101e-01 +4.5085e-01 -1.7865e-01 +1.5851e-01 +2.8196e-01
4 0 +2.446556215e+06 +2.446202835e+06 +2.446202835e+06 +1.2789e-01 -2.2745e-01 -4.8710e-02 +2.1804e-01 +1.3323e-01 -2.5705e-01 +1.3408e-01 -3.0440e-01 -6.3971e-01 +5.2160e-02 +2.8537e-01 +1.3257e-01 +4.4072e-01 +5.2487e-01 +1.0606e-01 -1.9301e-01 -1.4172e-02 -4.3473e-01 -1.0857e-02 -2.7255e-02
18 0 +2.098643780e+06 +2.098290400e+06 +2.098290400e+06 +5.7648e-01 -1.5300e-01 +1.4332e-02 -1.5329e-01 +5.4014e-02 -3.2546e-01 -2.7019e-01 -1.0560e+00 -3.4577e-01 +1.1039e-01 +4.2980e-01 +4.7512e-01 +1.5341e-01 +8.7045e-01 -5.3957e-02 +1.5465e-01 -1.0126e-02 -1.2575e-01 -6.2650e-01 -1.9911e-01
25 0 +2.040089551e+06 +2.039736171e+06 +2.039736171e+06 +4.7548e-01 -5.6762e-01 -1.8544e-01 -2.0259e-01 +9.8310e-01 -2.3054e-01 -5.7658e-01 -4.5458e-01 -4.2988e-01 -2.0020e-01 +2.9510e-01 -7.4291e-02 +3.8617e-01 +4.9934e-01 -2.6944e-02 -3.4039e-02 +2.9483e-01 +2.6170e-01 -2.3210e-01 +8.5336e-02
28 0 +1.944781718e+06 +1.944428338e+06 +1.944428338e+06 +4.7633e-01 -1.1878e-01 -1.1809e-01 +7.8085e-02 -3.5467e-02 +1.7574e-02 -1.8536e-01 -7.4051e-01 -4.7854e-01 +1.3123e-01 -4.5323e-01 +3.6137e-01 +4.5259e-01 +1.2363e-01 +2.2984e-01 +2.4229e-01 +3.5195e-01 +3.1196e-01 -6.6123e-01 +1.5376e-01
41 0 +1.663634424e+06 +1.663281044e+06 +1.663281044e+06 +7.4432e-02 +1.7292e-01 -5.2775e-01 -3.0098e-01 +1.8628e-01 -5.7832e-02 -3.3391e-01 -9.5311e-01 -7.5423e-01 -1.1197e-01 -2.5815e-01 -2.2770e-01 +3.3944e-01 +5.2296e-01 -4.6798e-01 +1.4509e-01 +2.4849e-01 +2.7649e-01 -3.3293e-01 +1.8919e-01
50 0 +9.277965565e+05 +9.274431765e+05 +9.274431765e+05 +8.7875e-01 -4.4016e-02 -1.9466e-01 -2.7239e-01 +6.3419e-01 -1.0544e-01 +2.3794e-01 -7.2974e-01 -7.9664e-01 +1.3212e-01 +1.4791e-01 -2.1220e-01 +1.1213e+00 +8.8066e-01 -4.3477e-01 +2.1078e-01 -1.4217e-01 +1.2536e-01 -3.5601e-01 -4.1140e-01
59 0 +6.623246632e+05 +6.619712832e+05 +6.619712832e+05 -1.2676e-01 -9.5825e-02 -8.8078e-02 +2.4568e-01 +5.1702e-01 -1.5835e-01 -3.8972e-01 -4.1918e-01 -6.6212e-01 +1.3965e-01 -2.2186e-01 -2.1520e-01 +4.5631e-01 +9.3856e-01 -6.3615e-01 +6.8680e-02 -1.2607e-01 +3.8952e-01 -1.1362e+00 -9.0601e-02
62 0 +5.081327991e+05 +5.077794191e+05 +5.077794191e+05 +2.2928e-01 -3.1685e-03 -1.1679e-01 -2.9455e-01 +7.4392e-01 -8.7912e-02 -6.1357e-01 -4.0059e-01 -8.1957e-01 +1.6596e-01 -3.7077e-01 +1.2483e-01 +5.2455e-01 +1.1174e+00 -9.8896e-01 +7.1912e-01 -2.5469e-01 +5.0677e-01 -8.3666e-01 -1.3458e-01
66 0 +4.873683631e+05 +4.870149831e+05 +4.870149831e+05 +5.4701e-02 -1.0934e-01 -2.8616e-01 +2.3131e-01 +1.0166e+00 -4.7089e-01 +1.0945e-01 -8.6390e-01 -8.9006e-01 -8.9001e-03 +4.7690e-01 -2.9188e-01 +4.3829e-01 +9.0571e-01 -8.1922e-02 +2.3190e-01 -4.5979e-01 +9.7143e-01 -9.5647e-01 -1.7975e-01
75 0 +6.054614192e+04 +6.019276192e+04 +6.019276192e+04 +2.5459e-01 -4.6342e-01 -2.6292e-01 +2.1678e-01 +7.8655e-01 -5.9565e-02 +4.7181e-02 -6.4105e-01 -1.2345e+00 +6.6698e-01 -6.4337e-01 -4.4678e-02 +7.3554e-01 +6.4510e-01 -8.8373e-01 +5.2666e-02 -2.8453e-01 +1.2519e+00 -1.0568e+00 +1.6542e-02
88 0 +1.760586023e+04 +1.725248023e+04 +1.725248023e+04 +5.3586e-01 -5.9561e-01 -1.1471e-02 +5.6708e-01 +1.6541e-01 +2.5315e-01 -4.9787e-02 -7.3255e-01 -8.5683e-01 +1.4484e-01 -8.1368e-01 -1.5313e-01 +1.1104e+00 +1.5589e+00 -1.0827e+00 +4.1098e-01 -1.4301e-01 +1.5281e+00 -1.2204e+00 -1.8778e-01
90 0 +1.067418579e+02 -2.466381421e+02 -2.466381421e+02 +2.1296e-01 -2.1823e-01 -2.0801e-01 +1.2201e+00 +5.8715e-01 +3.9111e-01 +1.4963e-01 +3.1781e-01 -9.5274e-01 +1.7732e-01 -7.3289e-01 +3.9519e-01 +8.0981e-01 +5.2947e-01 -6.3667e-01 +5.2169e-01 +8.8372e-02 +1.2313e+00 -1.4991e+00 +6.5453e-01
312 0 +9.771608251e+01 -2.556639175e+02 -2.556639175e+02 -7.5734e-01 -8.8794e-01 +1.3108e-01 +5.7541e-01 +6.4991e-01 +1.2025e-02 +1.1469e+00 +2.5829e-01 -1.4203e+00 +7.4940e-01 -1.3560e+00 +8.3918e-02 +7.6158e-01 +2.0218e+00 -3.4498e-01 +1.1182e-01 -1.2902e+00 +4.6265e-01 -3.7234e-01 +1.1486e-01
652 0 +9.190716268e+01 -2.614728373e+02 -2.614728373e+02 -1.1385e+00 -2.1222e+00 +1.7168e+00 +1.0469e+00 +1.9021e+00 +1.1373e+00 -5.1256e-02 -2.3113e-01 -1.2711e+00 +1.6577e+00 -4.1326e-02 +3.1781e-01 +1.8128e+00 +1.4973e+00 -1.4387e+00 -1.5608e-01 +2.5251e-01 +7.8225e-01 -1.7704e-01 -5.1166e-01
667 0 +8.441431531e+01 -2.689656847e+02 -2.689656847e+02 -1.1137e+00 -1.8563e+00 +8.8732e-01 +6.4926e-01 +2.7519e+00 +8.5009e-01 +2.5342e-01 +7.5058e-01 -1.4213e+00 +1.5994e+00 +7.1544e-01 +9.7375e-02 +1.5795e+00 +1.6101e+00 -4.0739e-01 +2.3285e-01 -1.5429e-02 +8.9567e-01 -7.4034e-01 -2.7269e-01
2004 0 +8.441431531e+01 -2.689656847e+02 -2.689656847e+02 -1.1137e+00 -1.8563e+00 +8.8732e-01 +6.4926e-01 +2.7519e+00 +8.5009e-01 +2.5342e-01 +7.5058e-01 -1.4213e+00 +1.5994e+00 +7.1544e-01 +9.7375e-02 +1.5795e+00 +1.6101e+00 -4.0739e-01 +2.3285e-01 -1.5429e-02 +8.9567e-01 -7.4034e-01 -2.7269e-01
% f evaluations | g evaluations | best noise-free fitness - Fopt (-2.910000000000e+00) + sum g_i+ | measured fitness | best measured fitness or single-digit g-values | x1 | x2...
1 0 +6.260092554e+05 +6.260063454e+05 +6.260063454e+05 -9.3535e-02 +2.1870e-01 +6.5347e-02 -2.6973e-01 -7.4604e-01 +2.7398e-01 +3.3812e-01 -4.5424e-01 +4.9180e-01 -1.2897e-01 +7.8940e-01 +1.8055e-01 -1.0077e-01 +3.7133e-01 +3.3340e-02 +3.8747e-02 +2.2839e-02 -4.6540e-02 +1.9028e-01 +2.4321e-01
5 0 +5.803919004e+05 +5.803889904e+05 +5.803889904e+05 +5.2887e-02 +3.2839e-01 -6.3795e-01 +2.2544e-01 -1.6218e-01 +2.3797e-01 +5.2097e-02 -3.1064e-01 +2.6229e-01 -2.2188e-01 +1.5689e-01 -1.7757e-01 -1.4325e-01 +3.3760e-02 +5.7144e-01 +2.0825e-01 -5.8746e-03 +4.9887e-01 +9.1829e-03 -8.9254e-02
6 0 +4.961995743e+05 +4.961966643e+05 +4.961966643e+05 -2.9044e-01 +5.0120e-02 +3.4981e-02 -2.0468e-01 -5.7421e-01 -4.1971e-02 +3.4478e-02 -1.1850e-01 -2.8600e-01 -3.2186e-01 -1.4534e-01 +4.0889e-01 +4.5808e-02 -4.8980e-01 +1.9300e-01 -1.3437e-01 +7.0174e-01 -9.4001e-02 -1.7886e-02 +5.8253e-02
7 0 +4.614002974e+05 +4.613973874e+05 +4.613973874e+05 +8.6064e-02 +1.5558e-02 +1.5465e-02 -6.5877e-02 -1.6598e-01 -1.1217e-01 -3.5533e-01 -1.5845e-01 -1.9906e-01 -1.3012e-01 -1.3358e-01 -4.2589e-02 +1.3572e-01 -9.2842e-02 +2.7240e-02 +8.1083e-02 -9.4351e-02 -4.3495e-02 +1.0662e-01 -5.0970e-01
16 0 +4.134302248e+05 +4.134273148e+05 +4.134273148e+05 -8.9858e-02 -1.0496e-01 -4.6668e-01 -3.9498e-01 -1.7806e-01 +5.3988e-01 -8.5694e-02 -5.5154e-03 +1.8633e-01 +4.4409e-02 -2.3148e-01 -2.3737e-02 +3.5589e-01 -2.6273e-01 +1.7261e-01 -2.7910e-01 +2.2946e-02 +7.4771e-02 -1.2795e-01 -2.2631e-01
18 0 +3.164640489e+03 +3.161730489e+03 +3.161730489e+03 +2.1423e-01 -2.8801e-01 -3.1396e-01 -2.1261e-04 -6.1777e-01 +4.0596e-02 -4.0665e-02 -5.7646e-01 -5.1464e-01 -3.3246e-01 -2.9607e-01 -2.5219e-01 +3.0111e-01 -1.6540e-01 +3.5176e-01 +7.3482e-01 -4.2147e-01 +1.7099e-01 -7.4778e-01 -3.4101e-01
25 0 +2.546019967e+02 +2.516919967e+02 +2.516919967e+02 -8.0933e-02 -5.0773e-01 -2.5830e-01 -2.3124e-02 -3.6969e-01 +5.9933e-01 +4.7251e-01 -3.9625e-01 -4.6806e-01 -1.5018e-01 -1.8963e-01 -3.6904e-01 +3.1420e-01 -5.7166e-01 +5.4837e-02 +2.5582e-01 +4.6477e-01 +2.3033e-01 -6.5985e-01 -3.6711e-01
30 0 +2.010913288e+02 +1.981813288e+02 +1.981813288e+02 -9.1347e-02 -1.0877e-01 -5.4555e-01 -5.6594e-01 -5.9066e-01 +9.0515e-01 -2.3090e-01 -7.5496e-01 -1.1864e-01 -1.0398e-01 -1.9968e-01 -3.0605e-01 +6.1471e-01 -2.4091e-01 -6.4636e-02 +9.2946e-02 -4.5807e-01 +2.4484e-01 -1.0983e-01 -2.8441e-01
50 0 +1.550876551e+02 +1.521776551e+02 +1.521776551e+02 -9.7678e-02 -3.2555e-01 -4.7951e-01 -1.2564e-01 -1.5366e-01 +4.3671e-01 -4.2172e-01 -6.1000e-01 +4.4518e-01 -6.5786e-01 +2.7869e-02 -4.9926e-01 +6.5365e-01 -1.2887e-01 +4.0460e-02 -3.1743e-02 +2.2362e-01 +1.3595e-01 -2.1987e-01 -5.4620e-01
79 0 +1.547000939e+02 +1.517900939e+02 +1.517900939e+02 -3.3298e-02 -4.6163e-01 -5.5861e-01 -5.9625e-01 -3.8397e-02 +4.0592e-01 -5.3086e-01 -6.4193e-01 +1.0675e-03 -1.8016e-01 -7.1583e-02 -2.4177e-02 +6.8735e-01 -8.0438e-01 -7.2081e-02 +1.7117e-01 +6.9159e-01 +5.4634e-01 +2.4001e-01 -2.5227e-01
357 0 +1.457407380e+02 +1.428307380e+02 +1.428307380e+02 -2.7253e-01 -3.4020e-01 -1.3233e-02 -5.5360e-01 +4.6922e-01 +2.0384e+00 +6.9239e-01 -9.8323e-01 +2.6382e+00 -1.4641e+00 -1.1054e-01 +3.2181e-01 -4.4233e-01 -1.3690e+00 -1.4112e+00 +1.3335e+00 +6.0349e-01 +1.8101e+00 +1.0131e+00 -1.7075e-01
2004 0 +1.457407380e+02 +1.428307380e+02 +1.428307380e+02 -2.7253e-01 -3.4020e-01 -1.3233e-02 -5.5360e-01 +4.6922e-01 +2.0384e+00 +6.9239e-01 -9.8323e-01 +2.6382e+00 -1.4641e+00 -1.1054e-01 +3.2181e-01 -4.4233e-01 -1.3690e+00 -1.4112e+00 +1.3335e+00 +6.0349e-01 +1.8101e+00 +1.0131e+00 -1.7075e-01
% f evaluations | g evaluations | best noise-free fitness - Fopt (-2.970000000000e+00) + sum g_i+ | measured fitness | best measured fitness or single-digit g-values | x1 | x2...
1 0 +6.549520589e+06 +6.549517619e+06 +6.549517619e+06 -9.3535e-02 +2.1870e-01 +6.5347e-02 -2.6973e-01 -7.4604e-01 +2.7398e-01 +3.3812e-01 -4.5424e-01 +4.9180e-01 -1.2897e-01 +7.8940e-01 +1.8055e-01 -1.0077e-01 +3.7133e-01 +3.3340e-02 +3.8747e-02 +2.2839e-02 -4.6540e-02 +1.9028e-01 +2.4321e-01
2 0 +3.300037814e+06 +3.300034844e+06 +3.300034844e+06 +1.0644e-01 +5.4378e-01 -4.0694e-01 -1.3909e-01 +2.4740e-01 -3.5293e-01 +4.6935e-01 +2.1382e-01 -5.4303e-02 +1.6026e-01 -1.7599e-01 -4.4457e-01 +2.5718e-01 +2.8294e-01 +3.4334e-02 -6.5873e-03 -6.3817e-01 -2.5033e-01 -1.3966e-01 +7.0117e-02
3 0 +2.836737923e+06 +2.836734953e+06 +2.836734953e+06 +4.1551e-01 -1.5589e-01 -2.3405e-01 +2.8669e-01 -3.8021e-02 -4.1059e-01 +3.6555e-01 -2.5725e-01 -1.6844e-01 -3.1006e-01 +1.0763e-01 +3.2211e-01 -1.1265e-01 +1.1891e-01 -1.4144e-01 +7.0101e-01 +4.5085e-01 -1.7865e-01 +1.5851e-01 +2.8196e-01
14 0 +1.900910897e+06 +1.900907927e+06 +1.900907927e+06 -3.6494e-03 +2.9843e-01 -1.9673e-01 +1.2796e-01 +1.2785e-01 -1.1018e-01 +4.1676e-01 -1.5060e-01 -5.8953e-01 -4.5122e-01 -1.8705e-01 +5.7722e-01 +5.7053e-01 -2.5842e-01 +2.3891e-01 -3.3970e-01 +7.9167e-02 -3.4980e-01 +2.6607e-01 +1.3639e-01
31 0 +1.359142767e+06 +1.359139797e+06 +1.359139797e+06 +6.7012e-03 -1.5859e-01 -3.7145e-01 +4.3889e-02 -2.9073e-01 -3.8286e-01 +4.0554e-01 -5.0615e-01 -9.5327e-01 -3.4679e-01 +1.0578e-01 +9.4157e-02 +3.1173e-01 +9.6811e-01 +1.0956e-01 -1.3382e-02 +7.9325e-02 -4.4413e-01 -3.2952e-01 +2.5349e-01
33 0 +6.521499076e+05 +6.521469376e+05 +6.521469376e+05 +3.5436e-01 -9.7257e-02 -2.1498e-01 +3.2006e-03 -6.9897e-02 -6.4000e-01 -1.6344e-01 -6.3049e-01 -7.6636e-01 -4.9235e-01 -1.8308e-01 +9.7211e-02 +4.9737e-01 +2.0254e-01 +4.0562e-01 -4.4170e-02 -1.8165e-01 -7.1417e-01 +3.9694e-01 +1.0851e-01
39 0 +5.263064797e+05 +5.263035097e+05 +5.263035097e+05 +3.6951e-01 -2.7079e-01 -4.5154e-01 -1.1338e-01 +3.1169e-01 -4.1356e-01 -1.7601e-02 -4.7397e-01 -8.6804e-01 -3.2304e-01 -4.1714e-01 -1.1466e-01 +3.4934e-01 +2.4790e-01 +3.8344e-01 -3.2248e-01 -6.5243e-02 -6.6517e-01 +1.9661e-01 +3.3551e-01
51 0 +3.571001736e+05 +3.570972036e+05 +3.570972036e+05 +4.5005e-01 -2.8759e-01 +1.1979e-01 +6.8591e-01 +1.5777e-01 -8.8671e-01 -8.4107e-02 -6.1821e-01 -6.8772e-01 -6.4766e-01 -6.9811e-01 +1.2850e-01 +1.4438e-01 +6.8247e-01 -7.5288e-02 -4.5680e-01 -1.2097e-01 -6.8031e-01 +5.5448e-01 +4.9963e-01
53 0 +2.965974832e+05 +2.965945132e+05 +2.965945132e+05 +7.6123e-02 -1.7957e-01 -4.8046e-01 -1.0150e-01 +2.1856e-01 -7.3751e-01 -7.7947e-04 -5.5408e-01 -5.9978e-01 -6.8436e-01 -5.0828e-01 -3.9302e-01 +7.7787e-01 +5.2363e-01 +1.1294e-01 -2.9594e-01 -1.9042e-01 -1.0508e+00 +5.7307e-01 +2.8457e-01
58 0 +2.218713301e+05 +2.218683601e+05 +2.218683601e+05 +2.3077e-01 -1.3794e-01 -2.5476e-01 +3.3902e-01 +3.6929e-01 -8.1367e-01 -2.1302e-01 -2.5154e-01 -8.8272e-01 +7.0415e-02 -3.0182e-01 -7.8870e-02 +2.1252e-01 +7.4513e-01 +5.7974e-01 -3.9978e-01 -3.8378e-01 -9.2061e-01 +6.7005e-01 +5.9158e-01
62 0 +1.816173354e+05 +1.816143654e+05 +1.816143654e+05 +6.3276e-01 -8.5735e-02 -2.7692e-01 +4.5204e-01 +4.9357e-01 -7.2808e-01 -2.5368e-01 -6.2378e-01 -6.5140e-01 +1.0657e-01 -1.1892e+00 -4.1548e-02 +7.6763e-01 +6.8761e-01 +1.7720e-01 -5.0912e-01 -6.2216e-01 -9.5389e-01 +4.8960e-01 +1.1784e-01
63 0 +5.395809791e+04 +5.395512791e+04 +5.395512791e+04 +1.5023e-01 -2.5510e-01 -5.3029e-01 +3.1126e-01 +2.6065e-01 -5.6845e-01 -3.3385e-01 -5.5617e-01 -1.3808e+00 -5.6686e-02 -2.0162e-01 -4.6857e-01 +1.4198e-01 +7.2275e-01 +5.3571e-01 +1.0673e-01 -1.3270e-01 -4.9877e-01 +8.6512e-01 +1.0069e+00
68 0 +3.738005387e+04 +3.737708387e+04 +3.737708387e+04 -9.3663e-02 -2.0398e-01 -6.8666e-01 +2.1722e-01 +7.8938e-02 -1.0373e+00 -5.6855e-01 -7.5909e-01 -1.0621e+00 -3.7855e-01 -9.8589e-01 -4.9886e-01 +5.2868e-02 +9.6969e-01 +3.4138e-01 -7.7852e-01 -2.6738e-01 -7.6240e-01 +2.7145e-01 +1.9277e-01
72 0 +3.387487506e+04 +3.387190506e+04 +3.387190506e+04 -1.5930e-01 +6.0340e-01 -6.0590e-01 -4.1176e-02 +1.6679e-01 -1.1982e+00 -2.5032e-01 -5.8153e-01 -9.5663e-01 -9.0721e-02 -5.0258e-01 -8.5204e-01 +4.0411e-02 +3.0843e-01 +1.6155e-02 -7.1113e-01 -4.7188e-02 -1.0900e+00 +5.6983e-01 +6.0614e-01
76 0 +1.447540762e+04 +1.447243762e+04 +1.447243762e+04 -8.4572e-02 -1.5022e-01 -6.1096e-01 -1.2184e-01 -3.8752e-01 -4.8307e-01 +1.8927e-01 -5.0602e-01 -1.2670e+00 -3.6174e-01 -8.8935e-01 -1.1351e+00 +3.5595e-01 +9.4207e-01 +2.0111e-01 -3.2981e-01 -8.3008e-02 -8.2357e-01 +8.8936e-02 +8.6645e-01
78 0 +1.657383922e+03 +1.654413922e+03 +1.654413922e+03 +4.2766e-01 -1.2954e-01 -6.8331e-01 +1.9884e-01 -6.7406e-02 -9.4013e-01 +2.8772e-01 -2.5661e-01 -1.0688e+00 +2.0691e-01 -7.4699e-01 -9.8987e-01 +1.0911e-01 +5.5280e-01 +2.4215e-01 -7.5242e-01 -7.5526e-01 -1.0644e+00 +9.9289e-01 +5.4859e-01
86 0 +3.055388082e+02 +3.025688082e+02 +3.025688082e+02 -5.7298e-02 +5.6851e-04 -9.5930e-01 -1.0162e-01 -2.0004e-01 -7.3051e-01 +1.4335e-01 -5.5323e-01 -1.1278e+00 +1.2339e-01 -6.4558e-01 -1.4456e+00 -2.8656e-01 +6.5861e-01 +5.8763e-01 -7.3032e-01 -1.8648e-01 -8.3153e-01 +1.1605e+00 +4.6518e-01
149 0 +1.026913503e+02 +9.972135029e+01 +9.972135029e+01 -3.7283e-01 +5.0894e-01 -1.3842e+00 -1.5563e-01 +4.1916e-02 -7.5276e-01 -6.3926e-02 -1.2654e+00 -8.8173e-01 +2.9257e-01 -5.8655e-01 -9.8775e-01 +3.7336e-01 +6.2756e-01 +6.9804e-01 -1.0766e+00 +2.4520e-01 -6.3230e-01 +6.1008e-01 +8.7743e-01
477 0 +9.295657089e+01 +8.998657089e+01 +8.998657089e+01 +2.5866e-01 +8.7754e-01 -1.8354e+00 +6.1476e-01 +1.0283e+00 -3.8876e-01 -7.0463e-01 -1.7139e+00 +2.3051e-01 -4.7665e-02 -1.0920e+00 -7.7926e-01 +7.7085e-01 +2.9063e-01 +1.2808e+00 -3.2734e-01 +4.2681e-01 -1.4366e+00 +9.8189e-01 -1.0970e-01
2004 0 +9.295657089e+01 +8.998657089e+01 +8.998657089e+01 +2.5866e-01 +8.7754e-01 -1.8354e+00 +6.1476e-01 +1.0283e+00 -3.8876e-01 -7.0463e-01 -1.7139e+00 +2.3051e-01 -4.7665e-02 -1.0920e+00 -7.7926e-01 +7.7085e-01 +2.9063e-01 +1.2808e+00 -3.2734e-01 +4.2681e-01 -1.4366e+00 +9.8189e-01 -1.0970e-01
% f evaluations | g evaluations | best noise-free fitness - Fopt (2.996300000000e+02) + sum g_i+ | measured fitness | best measured fitness or single-digit g-values | x1 | x2...
1 0 +1.259113248e+06 +1.259412878e+06 +1.259412878e+06 -9.3535e-02 +2.1870e-01 +6.5347e-02 -2.6973e-01 -7.4604e-01 +2.7398e-01 +3.3812e-01 -4.5424e-01 +4.9180e-01 -1.2897e-01 +7.8940e-01 +1.8055e-01 -1.0077e-01 +3.7133e-01 +3.3340e-02 +3.8747e-02 +2.2839e-02 -4.6540e-02 +1.9028e-01 +2.4321e-01
5 0 +5.005668060e+05 +5.008664360e+05 +5.008664360e+05 +5.2887e-02 +3.2839e-01 -6.3795e-01 +2.2544e-01 -1.6218e-01 +2.3797e-01 +5.2097e-02 -3.1064e-01 +2.6229e-01 -2.2188e-01 +1.5689e-01 -1.7757e-01 -1.4325e-01 +3.3760e-02 +5.7144e-01 +2.0825e-01 -5.8746e-03 +4.9887e-01 +9.1829e-03 -8.9254e-02
18 0 +1.491715359e+05 +1.494711659e+05 +1.494711659e+05 -1.0257e-01 +1.5554e-01 -2.2976e-02 +5.1693e-01 -9.2461e-01 +5.7309e-01 +7.2471e-03 -6.5036e-01 +3.0437e-01 -6.0569e-01 +1.4639e-01 +2.8730e-01 -4.0612e-01 -1.0079e-01 -3.5229e-01 +4.6868e-01 +2.5311e-01 +5.2318e-01 -3.6768e-01 -7.2895e-02
30 0 +9.828165348e+04 +9.858128348e+04 +9.858128348e+04 -2.0919e-02 +1.7052e-01 +1.0030e-01 +2.1774e-01 -6.2370e-01 +7.2578e-01 +2.9226e-01 -6.3989e-01 +1.1431e-01 -7.8734e-01 -2.5218e-01 +1.1599e-01 -1.0060e-01 +1.0439e-01 +4.7113e-01 +1.3820e-02 +1.8114e-01 +6.5947e-01 -4.4093e-01 -3.4846e-01
31 0 +9.782637548e+03 +1.008226755e+04 +1.008226755e+04 -3.0586e-01 +8.5849e-01 -5.0077e-01 +1.1597e-01 -7.4458e-01 +5.1705e-01 -1.2730e-01 -6.7705e-01 +5.1254e-01 -5.8256e-01 +3.5380e-02 +3.9938e-01 +3.6758e-01 -3.0915e-02 +4.7534e-01 +5.6843e-01 +3.3114e-01 +6.7816e-01 -3.8303e-01 +2.7576e-02
40 0 +6.845530466e+02 +9.841830466e+02 +9.841830466e+02 -2.1378e-01 +1.3626e+00 -3.3446e-01 +9.6758e-02 -4.4795e-01 +3.7293e-01 -6.1776e-02 -3.1477e-01 +3.4440e-01 -8.9595e-01 +2.7511e-01 +6.0051e-02 -1.3952e-02 -6.2696e-02 -1.8123e-01 +4.9570e-01 +1.9069e-01 +6.8999e-01 -1.2613e-01 +2.1897e-01
58 0 +2.267938875e+02 +5.264238875e+02 +5.264238875e+02 -3.9533e-01 +6.9909e-01 +1.1279e-01 -1.0863e-01 -5.0642e-01 +6.0467e-01 -1.6619e-02 -4.6549e-01 +3.2003e-01 -1.9317e-01 +6.4001e-01 +5.6473e-01 -5.8568e-01 +1.2183e-01 -2.3786e-01 +6.0978e-01 +1.5483e-01 +3.1911e-01 -6.7338e-01 +1.7277e-01
60 0 +1.678408510e+02 +4.674708510e+02 +4.674708510e+02 -2.4144e-01 +8.9229e-01 -7.5454e-01 -1.4355e-01 -8.2654e-01 +9.0172e-01 +2.1802e-01 +1.5441e-01 +3.3235e-01 -4.7908e-01 +1.1600e-02 +2.1284e-01 -4.5597e-01 +1.5203e-01 +1.1160e-01 +5.2320e-01 +3.9175e-01 +9.0270e-01 -6.0322e-02 -1.1555e-01
85 0 +1.168582727e+02 +4.164882727e+02 +4.164882727e+02 +1.3434e-01 +1.1301e+00 -8.7163e-01 +4.6047e-01 -2.3541e-01 +8.4131e-01 +3.1889e-01 +5.8187e-01 -1.1722e-01 -1.5478e-01 +1.9630e-01 +2.0595e-01 -8.5953e-01 -5.7589e-01 -2.2639e-02 +8.7677e-01 +3.5061e-01 +1.1792e+00 -2.8377e-01 +9.8617e-01
188 0 +1.118994169e+02 +4.115294169e+02 +4.115294169e+02 +1.5365e-01 +1.3875e+00 -1.4159e+00 +1.5388e-01 -9.3039e-01 +5.3078e-01 -1.5191e-01 +3.5348e-01 +1.3639e-02 -6.5492e-01 -8.9746e-01 +3.4503e-01 +1.6754e-01 +5.5491e-01 +8.1011e-01 +7.2383e-01 +9.5251e-01 +1.2727e+00 -2.5416e-01 +6.6003e-01
221 0 +1.035164451e+02 +4.031464451e+02 +4.031464451e+02 +2.7749e-01 +9.4160e-01 -1.7695e+00 +2.5447e-01 -1.9173e-01 +7.5050e-01 -4.5514e-01 +7.1655e-01 +3.8065e-01 -1.1705e-01 -3.7874e-01 +4.6649e-01 -4.8087e-01 +6.9195e-01 +1.1461e+00 +3.2888e-01 +4.1751e-01 +1.8798e+00 +1.6682e-01 -1.5052e-01
2004 0 +1.035164451e+02 +4.031464451e+02 +4.031464451e+02 +2.7749e-01 +9.4160e-01 -1.7695e+00 +2.5447e-01 -1.9173e-01 +7.5050e-01 -4.5514e-01 +7.1655e-01 +3.8065e-01 -1.1705e-01 -3.7874e-01 +4.6649e-01 -4.8087e-01 +6.9195e-01 +1.1461e+00 +3.2888e-01 +4.1751e-01 +1.8798e+00 +1.6682e-01 -1.5052e-01
