% f evaluations | g evaluations | best noise-free fitness - Fopt (3.590000000000e+01) + sum g_i+ | measured fitness | best measured fitness or single-digit g-values | x1 | x2...
1 0 +6.170233766e+04 +6.173823766e+04 +6.173823766e+04 +1.3237e-01 -9.9262e-02 +7.2925e-01 -7.5630e-02 +3.2884e-02
2 0 +5.720946805e+04 +5.724536805e+04 +5.724536805e+04 +4.7474e-01 -2.7277e-01 -1.7749e-01 +5.6283e-02 -9.8965e-02
3 0 +3.373693705e+04 +3.377283705e+04 +3.377283705e+04 -3.5783e-01 -6.1464e-02 -1.0765e-01 +1.8105e-01 -4.9946e-01
25 0 +2.377997819e+04 +2.381587819e+04 +2.381587819e+04 -4.0906e-01 +1.6529e-01 -2.1082e-02 +7.8825e-01 -7.0150e-01
41 0 +1.694554083e+04 +1.698144083e+04 +1.698144083e+04 -5.1440e-01 -5.2683e-02 +3.9773e-01 +5.9343e-01 -1.3177e+00
49 0 +1.604741936e+04 +1.608331936e+04 +1.608331936e+04 -4.5373e-01 +7.7791e-02 +3.1072e-01 +9.3508e-01 -1.1758e+00
51 0 +1.296907902e+04 +1.300497902e+04 +1.300497902e+04 +2.1822e-02 -3.9343e-01 +6.1849e-01 +3.9892e-01 -1.6294e+00
59 0 +1.103888455e+04 +1.107478455e+04 +1.107478455e+04 -1.9513e-01 +6.3220e-02 +2.3480e-01 +1.3843e+00 -1.2129e+00
64 0 +6.069806283e+03 +6.105706283e+03 +6.105706283e+03 +1.7701e-02 +2.7296e-01 +5.9379e-01 +4.4219e-01 -2.1905e+00
66 0 +5.928995756e+03 +5.964895756e+03 +5.964895756e+03 -3.9410e-01 +2.9337e-01 +1.0385e+00 +7.4611e-01 -2.1068e+00
68 0 +2.581087589e+02 +2.940087589e+02 +2.940087589e+02 -1.8349e-01 +2.6184e-01 +6.4126e-01 +8.9042e-01 -2.5515e+00
76 0 +5.521642647e+01 +9.111642647e+01 +9.111642647e+01 -1.0923e+00 +2.8508e-01 +1.0179e+00 +5.8927e-01 -3.2502e+00
78 0 +4.671124792e+01 +8.261124792e+01 +8.261124792e+01 -2.4808e-01 +1.0164e+00 +2.7616e-01 +1.3413e+00 -2.7728e+00
88 0 +3.947902408e+01 +7.537902408e+01 +7.537902408e+01 -1.3650e-01 +1.5941e+00 +1.1771e+00 +1.6712e+00 -2.3356e+00
91 0 +2.249235030e+01 +5.839235030e+01 +5.839235030e+01 +3.7496e-01 +1.3824e+00 +1.6456e+00 +2.1844e+00 -2.3099e+00
101 0 +1.258380321e+01 +4.848380321e+01 +4.848380321e+01 +1.2191e+00 +1.8871e+00 +1.8112e+00 +2.3419e+00 -2.5321e+00
190 0 +4.199713464e+00 +4.009971346e+01 +4.009971346e+01 +2.0143e+00 +1.1694e+00 +2.1458e+00 +3.1957e+00 -2.0156e+00
252 0 +4.145863348e+00 +4.004586335e+01 +4.004586335e+01 +2.2047e+00 +1.4913e+00 +2.0849e+00 +3.4832e+00 -2.1303e+00
262 0 +3.401976358e+00 +3.930197636e+01 +3.930197636e+01 +2.4729e+00 +1.0918e+00 +2.0727e+00 +3.5523e+00 -2.0145e+00
263 0 +1.660754686e+00 +3.756075469e+01 +3.756075469e+01 +2.3006e+00 +1.1638e+00 +2.3745e+00 +3.4048e+00 -1.7482e+00
285 0 +1.337883683e+00 +3.723788368e+01 +3.723788368e+01 +2.3314e+00 +1.3510e+00 +2.6632e+00 +3.1963e+00 -1.7909e+00
301 0 +1.162946388e+00 +3.706294639e+01 +3.706294639e+01 +2.6261e+00 +1.0423e+00 +2.8003e+00 +3.5754e+00 -1.9714e+00
397 0 +8.813296975e-01 +3.678132970e+01 +3.678132970e+01 +2.3579e+00 +1.1721e+00 +2.7442e+00 +3.3098e+00 -1.6753e+00
404 0 +7.346015738e-01 +3.663460157e+01 +3.663460157e+01 +2.4437e+00 +9.8469e-01 +2.6556e+00 +3.3268e+00 -1.7177e+00
414 0 +7.227854021e-01 +3.662278540e+01 +3.662278540e+01 +2.4625e+00 +9.2241e-01 +2.6382e+00 +3.3064e+00 -1.6802e+00
418 0 +6.186611540e-01 +3.651866115e+01 +3.651866115e+01 +2.5619e+00 +8.1921e-01 +2.6829e+00 +3.1609e+00 -1.7603e+00
421 0 +4.134190892e-01 +3.631341909e+01 +3.631341909e+01 +2.5867e+00 +9.7029e-01 +2.6890e+00 +3.3133e+00 -1.7284e+00
468 0 +4.036257819e-01 +3.630362578e+01 +3.630362578e+01 +2.6002e+00 +9.7009e-01 +2.6520e+00 +3.3101e+00 -1.7251e+00
476 0 +2.994872370e-01 +3.619948724e+01 +3.619948724e+01 +2.6568e+00 +1.0565e+00 +2.5440e+00 +3.4318e+00 -1.6288e+00
485 0 +2.202249540e-01 +3.612022495e+01 +3.612022495e+01 +2.6374e+00 +9.9748e-01 +2.5645e+00 +3.3311e+00 -1.5715e+00
490 0 +1.544470084e-01 +3.605444701e+01 +3.605444701e+01 +2.6136e+00 +1.1428e+00 +2.5625e+00 +3.3230e+00 -1.5151e+00
502 0 +1.377581009e-01 +3.603775810e+01 +3.603775810e+01 +2.7092e+00 +1.1695e+00 +2.5060e+00 +3.4723e+00 -1.5088e+00
504 0 +1.377581009e-01 +3.603775810e+01 +3.603775810e+01 +2.7092e+00 +1.1695e+00 +2.5060e+00 +3.4723e+00 -1.5088e+00
% f evaluations | g evaluations | best noise-free fitness - Fopt (3.137000000000e+01) + sum g_i+ | measured fitness | best measured fitness or single-digit g-values | x1 | x2...
1 0 +7.736943160e+04 +7.740080160e+04 +7.740080160e+04 +1.3237e-01 -9.9262e-02 +7.2925e-01 -7.5630e-02 +3.2884e-02
2 0 +5.875773761e+04 +5.878910761e+04 +5.878910761e+04 +4.7474e-01 -2.7277e-01 -1.7749e-01 +5.6283e-02 -9.8965e-02
3 0 +3.197209806e+04 +3.200346806e+04 +3.200346806e+04 -3.5783e-01 -6.1464e-02 -1.0765e-01 +1.8105e-01 -4.9946e-01
5 0 +2.043591885e+04 +2.046728885e+04 +2.046728885e+04 -2.9418e-01 -2.5706e-01 -2.6157e-01 -1.2676e-01 +2.9894e-01
13 0 +1.705355335e+04 +1.708492335e+04 +1.708492335e+04 -3.0871e-01 -7.7742e-02 -4.2376e-01 -2.7796e-01 +1.4892e-01
17 0 +3.691288528e+03 +3.722658528e+03 +3.722658528e+03 -3.3691e-01 -4.6351e-01 -1.0144e+00 -2.9701e-01 +2.8627e-01
27 0 +3.356959897e+03 +3.388329897e+03 +3.388329897e+03 -1.9740e-01 -1.9136e-01 -1.3841e+00 -4.3744e-01 +4.5358e-01
28 0 +9.498228529e+01 +1.263522853e+02 +1.263522853e+02 -1.1317e+00 -4.1549e-01 -8.8936e-01 -1.1453e+00 +4.4557e-01
35 0 +8.171791007e+01 +1.130879101e+02 +1.130879101e+02 -9.2178e-01 +6.6799e-02 -1.2866e+00 -1.2804e+00 +1.6770e-01
50 0 +7.993105121e+01 +1.113010512e+02 +1.113010512e+02 -1.3098e+00 -3.9259e-01 -1.7159e+00 -1.2255e+00 -6.4897e-02
57 0 +5.287971237e+01 +8.424971237e+01 +8.424971237e+01 -8.7543e-01 +3.6945e-02 -1.4822e+00 +1.3137e-01 -3.6186e-01
76 0 +4.588871349e+01 +7.725871349e+01 +7.725871349e+01 -1.2288e+00 -5.3704e-01 -1.7171e+00 +4.4272e-01 -9.3956e-01
87 0 +3.596452765e+01 +6.733452765e+01 +6.733452765e+01 -9.8340e-01 +2.5772e-01 -2.1997e+00 +4.6851e-01 -1.2936e+00
111 0 +3.523652006e+01 +6.660652006e+01 +6.660652006e+01 -1.4545e+00 +3.8131e-01 -2.6731e+00 +5.3343e-01 -3.2900e+00
143 0 +2.925194206e+01 +6.062194206e+01 +6.062194206e+01 -1.5959e+00 +7.5559e-01 -2.6330e+00 +6.5818e-01 -1.7343e+00
145 0 +2.841671194e+01 +5.978671194e+01 +5.978671194e+01 -1.2087e+00 +8.0436e-01 -2.3057e+00 +7.1799e-01 -1.1580e+00
153 0 +1.667356180e+01 +4.804356180e+01 +4.804356180e+01 -1.2988e+00 +8.5731e-01 -3.3044e+00 +1.6901e+00 -2.0997e+00
179 0 +1.616820118e+01 +4.753820118e+01 +4.753820118e+01 -1.4351e+00 +6.5546e-01 -3.0797e+00 +2.0645e+00 -1.4568e+00
190 0 +1.289858383e+01 +4.426858383e+01 +4.426858383e+01 -1.3202e+00 +1.1677e+00 -3.5784e+00 +2.0700e+00 -2.2340e+00
216 0 +1.251179363e+01 +4.388179363e+01 +4.388179363e+01 -1.2071e+00 +1.0387e+00 -2.8318e+00 +2.0917e+00 -1.4889e+00
218 0 +9.958274909e+00 +4.132827491e+01 +4.132827491e+01 -9.2879e-01 +1.3915e+00 -3.2859e+00 +2.4733e+00 -1.4515e+00
226 0 +9.750751356e+00 +4.112075136e+01 +4.112075136e+01 -1.0856e+00 +1.1042e+00 -3.5480e+00 +2.3791e+00 -1.9781e+00
230 0 +6.769715232e+00 +3.813971523e+01 +3.813971523e+01 -5.6577e-01 +1.4696e+00 -3.7292e+00 +2.3141e+00 -1.7097e+00
233 0 +6.611735668e+00 +3.798173567e+01 +3.798173567e+01 -6.7047e-01 +1.0500e+00 -3.7855e+00 +2.6568e+00 -1.7572e+00
238 0 +5.836047384e+00 +3.720604738e+01 +3.720604738e+01 -4.4320e-01 +1.4883e+00 -3.7714e+00 +2.4493e+00 -1.6915e+00
239 0 +4.688293654e+00 +3.605829365e+01 +3.605829365e+01 -7.8527e-01 +1.2235e+00 -3.4770e+00 +2.7676e+00 -1.9280e+00
249 0 +4.173539367e+00 +3.554353937e+01 +3.554353937e+01 -6.2681e-01 +1.6046e+00 -3.9771e+00 +3.0139e+00 -2.4631e+00
250 0 +2.203929290e+00 +3.357392929e+01 +3.357392929e+01 -2.6147e-01 +1.8028e+00 -4.3273e+00 +3.2004e+00 -2.0043e+00
251 0 +1.419546787e+00 +3.278954679e+01 +3.278954679e+01 -3.1185e-01 +1.6826e+00 -3.7403e+00 +3.0679e+00 -1.9056e+00
265 0 +1.394889663e+00 +3.276488966e+01 +3.276488966e+01 -5.5489e-03 +2.0314e+00 -4.2546e+00 +3.1029e+00 -1.6457e+00
314 0 +1.366908158e+00 +3.273690816e+01 +3.273690816e+01 -1.7446e-03 +1.8985e+00 -4.3717e+00 +3.2076e+00 -1.8090e+00
315 0 +8.173461310e-01 +3.218734613e+01 +3.218734613e+01 -1.2719e-01 +1.7762e+00 -4.1093e+00 +3.3349e+00 -1.7028e+00
322 0 +7.387745300e-01 +3.210877453e+01 +3.210877453e+01 -2.3120e-01 +1.7222e+00 -4.1222e+00 +3.4333e+00 -1.8123e+00
337 0 +4.126882240e-01 +3.178268822e+01 +3.178268822e+01 -8.7885e-02 +1.7087e+00 -4.1866e+00 +3.5780e+00 -1.9047e+00
338 0 +3.902237150e-01 +3.176022371e+01 +3.176022371e+01 -2.6088e-01 +1.7800e+00 -3.9788e+00 +3.4613e+00 -1.9575e+00
350 0 +1.497334302e-01 +3.151973343e+01 +3.151973343e+01 -2.1024e-01 +1.7822e+00 -3.9509e+00 +3.5886e+00 -1.8862e+00
413 0 +1.339626766e-01 +3.150396268e+01 +3.150396268e+01 -1.5993e-01 +1.8852e+00 -3.9703e+00 +3.5680e+00 -1.8729e+00
421 0 +8.121841325e-02 +3.145121841e+01 +3.145121841e+01 -1.6902e-01 +1.8527e+00 -3.9584e+00 +3.6113e+00 -1.9273e+00
468 0 +6.549176153e-02 +3.143549176e+01 +3.143549176e+01 -2.3085e-01 +1.7934e+00 -3.9469e+00 +3.6747e+00 -1.9353e+00
479 0 +4.814265973e-02 +3.141814266e+01 +3.141814266e+01 -2.1224e-01 +1.8418e+00 -3.9685e+00 +3.6774e+00 -1.9052e+00
504 0 +4.814265973e-02 +3.141814266e+01 +3.141814266e+01 -2.1224e-01 +1.8418e+00 -3.9685e+00 +3.6774e+00 -1.9052e+00
% f evaluations | g evaluations | best noise-free fitness - Fopt (-1.000000000000e+03) + sum g_i+ | measured fitness | best measured fitness or single-digit g-values | x1 | x2...
1 0 +1.336789574e+05 +1.326789574e+05 +1.326789574e+05 +1.3237e-01 -9.9262e-02 +7.2925e-01 -7.5630e-02 +3.2884e-02
10 0 +1.320418496e+05 +1.310418496e+05 +1.310418496e+05 +2.3800e-01 -4.6981e-01 +5.1991e-01 -2.1011e-01 +3.1997e-01
11 0 +1.219177991e+05 +1.209177991e+05 +1.209177991e+05 +4.4238e-01 -1.9600e-01 +8.2619e-01 +2.9441e-01 +1.6727e-01
14 0 +1.142217886e+05 +1.132217886e+05 +1.132217886e+05 -1.1793e-01 -4.6491e-01 +2.0995e-01 +5.0523e-01 +7.9885e-01
17 0 +9.808946362e+04 +9.708946362e+04 +9.708946362e+04 -9.2644e-02 -1.0496e+00 +1.0474e+00 -5.6591e-01 +1.0198e+00
21 0 +9.587469524e+04 +9.487469524e+04 +9.487469524e+04 +1.1426e-01 -2.6685e-01 +9.0941e-01 +2.3504e-01 +1.2799e+00
26 0 +8.958582858e+04 +8.858582858e+04 +8.858582858e+04 +4.1041e-01 -1.9684e-01 +7.6459e-01 +9.0531e-01 +2.1177e+00
27 0 +6.355455678e+04 +6.255455678e+04 +6.255455678e+04 +9.9206e-02 -7.5489e-01 +1.3407e+00 +2.2645e-01 +1.7409e+00
34 0 +6.054940935e+04 +5.954940935e+04 +5.954940935e+04 +5.7378e-01 -1.0995e+00 +1.4802e+00 +3.3510e-01 +2.5167e+00
43 0 +3.383230100e+04 +3.283230100e+04 +3.283230100e+04 -1.2452e-02 -1.5819e+00 +1.9790e+00 +3.1352e-01 +1.6634e+00
52 0 +3.291311982e+04 +3.191311982e+04 +3.191311982e+04 -1.3400e-01 -2.6755e+00 +2.1301e+00 -3.3059e-01 +1.7148e+00
60 0 +2.545236806e+04 +2.445236806e+04 +2.445236806e+04 +1.6195e-01 -1.8539e+00 +2.5473e+00 +9.8260e-02 +2.7785e+00
66 0 +1.396815378e+04 +1.296815378e+04 +1.296815378e+04 -2.5243e-01 -3.2052e+00 +2.9891e+00 +4.2755e-01 +3.1936e+00
100 0 +1.046759434e+04 +9.467594340e+03 +9.467594340e+03 -1.5929e+00 -1.8225e+00 +2.6659e+00 -1.2414e+00 +3.1280e+00
106 0 +6.530913575e+03 +5.530913575e+03 +5.530913575e+03 -1.3343e+00 -3.1451e+00 +3.4341e+00 -6.7784e-01 +4.7019e+00
113 0 +5.519045732e+03 +4.519045732e+03 +4.519045732e+03 -1.2108e+00 -2.6572e+00 +2.7119e+00 -9.4802e-01 +3.0946e+00
117 0 +6.169800200e+02 -3.830199800e+02 -3.830199800e+02 -1.9033e+00 -2.4960e+00 +2.9999e+00 +5.1991e-02 +2.0405e+00
129 0 +1.451595187e+02 -8.548404813e+02 -8.548404813e+02 -1.8992e+00 -2.6334e+00 +3.2345e+00 -7.2655e-02 +2.1760e+00
149 0 +6.569527812e+01 -9.343047219e+02 -9.343047219e+02 -1.8660e+00 -2.6014e+00 +3.4357e+00 -7.8022e-01 +3.1496e+00
154 0 +5.078420288e+01 -9.492157971e+02 -9.492157971e+02 -2.5231e+00 -2.4655e+00 +3.6931e+00 -8.5142e-02 +2.2908e+00
162 0 +4.334553943e+01 -9.566544606e+02 -9.566544606e+02 -2.5330e+00 -2.7006e+00 +4.0547e+00 -1.0349e-02 +1.9222e+00
198 0 +4.012506130e+01 -9.598749387e+02 -9.598749387e+02 -3.2311e+00 -1.9848e+00 +3.9283e+00 +5.6544e-01 +7.9750e-01
205 0 +2.001632421e+01 -9.799836758e+02 -9.799836758e+02 -2.5180e+00 -2.5106e+00 +4.6541e+00 +2.2252e+00 -5.9498e-02
224 0 +1.624816105e+01 -9.837518389e+02 -9.837518389e+02 -1.5513e+00 -1.7496e+00 +4.5644e+00 +4.5844e+00 -8.4591e-01
227 0 +8.769944421e+00 -9.912300556e+02 -9.912300556e+02 -1.9748e+00 -2.5252e+00 +4.0497e+00 +3.7508e+00 -1.0727e+00
290 0 +7.163287228e+00 -9.928367128e+02 -9.928367128e+02 -1.6113e+00 -2.4427e+00 +4.0450e+00 +4.0959e+00 -1.3058e+00
296 0 +6.538264163e+00 -9.934617358e+02 -9.934617358e+02 -1.7456e+00 -2.5405e+00 +3.8188e+00 +3.2554e+00 -1.0226e+00
301 0 +5.387083400e+00 -9.946129166e+02 -9.946129166e+02 -1.3315e+00 -3.0655e+00 +3.9208e+00 +3.9382e+00 -8.7633e-01
304 0 +3.399229551e+00 -9.966007704e+02 -9.966007704e+02 -9.4205e-01 -2.8401e+00 +3.6611e+00 +3.8694e+00 -8.8332e-01
305 0 +1.749249963e+00 -9.982507500e+02 -9.982507500e+02 -9.3598e-01 -3.3265e+00 +3.4170e+00 +3.1860e+00 -6.6612e-01
393 0 +1.196132474e+00 -9.988038675e+02 -9.988038675e+02 -8.5327e-01 -3.2966e+00 +3.1335e+00 +3.1848e+00 -7.2364e-01
421 0 +9.993418908e-01 -9.990006581e+02 -9.990006581e+02 -8.4372e-01 -3.2479e+00 +3.0587e+00 +3.2369e+00 -8.0355e-01
429 0 +8.206073765e-01 -9.991793926e+02 -9.991793926e+02 -7.9802e-01 -3.2461e+00 +3.0098e+00 +3.2014e+00 -8.0062e-01
430 0 +7.283760696e-01 -9.992716239e+02 -9.992716239e+02 -7.6609e-01 -3.3924e+00 +3.1311e+00 +3.3320e+00 -9.5448e-01
437 0 +6.583882921e-01 -9.993416117e+02 -9.993416117e+02 -6.7858e-01 -3.4231e+00 +3.1267e+00 +3.2366e+00 -9.1746e-01
441 0 +5.345760458e-01 -9.994654240e+02 -9.994654240e+02 -5.8796e-01 -3.2959e+00 +3.1093e+00 +3.5714e+00 -8.4867e-01
456 0 +5.044998033e-01 -9.994955002e+02 -9.994955002e+02 -5.6177e-01 -3.2196e+00 +3.1465e+00 +3.4916e+00 -9.6421e-01
489 0 +4.095811888e-01 -9.995904188e+02 -9.995904188e+02 -5.0097e-01 -3.2702e+00 +3.1261e+00 +3.4116e+00 -8.8145e-01
499 0 +3.439748911e-01 -9.996560251e+02 -9.996560251e+02 -4.7662e-01 -3.2216e+00 +3.0568e+00 +3.5424e+00 -8.6127e-01
504 0 +3.439748911e-01 -9.996560251e+02 -9.996560251e+02 -4.7662e-01 -3.2216e+00 +3.0568e+00 +3.5424e+00 -8.6127e-01
% f evaluations | g evaluations | best noise-free fitness - Fopt (1.319200000000e+02) + sum g_i+ | measured fitness | best measured fitness or single-digit g-values | x1 | x2...
1 0 +6.436046968e+05 +6.437366168e+05 +6.437366168e+05 +1.3237e-01 -9.9262e-02 +7.2925e-01 -7.5630e-02 +3.2884e-02
2 0 +5.915784097e+05 +5.917103297e+05 +5.917103297e+05 +4.7474e-01 -2.7277e-01 -1.7749e-01 +5.6283e-02 -9.8965e-02
3 0 +5.685112064e+05 +5.686431264e+05 +5.686431264e+05 -3.5783e-01 -6.1464e-02 -1.0765e-01 +1.8105e-01 -4.9946e-01
5 0 +5.506343491e+05 +5.507662691e+05 +5.507662691e+05 -2.9418e-01 -2.5706e-01 -2.6157e-01 -1.2676e-01 +2.9894e-01
11 0 +5.464346461e+05 +5.465665661e+05 +5.465665661e+05 -3.1929e-01 -3.4408e-01 -4.3238e-01 -2.0119e-01 -3.7493e-01
22 0 +5.079437065e+05 +5.080756265e+05 +5.080756265e+05 -7.4021e-01 -2.9230e-01 -3.2960e-01 +5.7416e-01 -2.2041e-01
24 0 +4.483451520e+05 +4.484770720e+05 +4.484770720e+05 -5.0296e-01 +7.8615e-02 -7.3490e-01 +5.1366e-01 -1.0646e-01
28 0 +3.321826569e+05 +3.323145769e+05 +3.323145769e+05 -9.1125e-01 -4.4088e-01 -1.3522e+00 +3.5425e-01 -3.9753e-01
35 0 +3.281012529e+05 +3.282331729e+05 +3.282331729e+05 -8.0976e-01 -6.2486e-01 -1.5660e+00 +3.2463e-01 -7.3236e-02
41 0 +2.950915030e+05 +2.952234230e+05 +2.952234230e+05 -1.5125e+00 +1.8238e-01 -1.2353e+00 +4.0899e-01 -6.8259e-01
51 0 +1.924752478e+05 +1.926071678e+05 +1.926071678e+05 -2.0940e+00 +2.5739e-01 -2.4118e+00 +1.4997e+00 -4.8379e-01
58 0 +1.736233897e+05 +1.737553097e+05 +1.737553097e+05 -2.8427e+00 +6.7662e-01 -2.6824e+00 +2.7273e+00 -1.8087e+00
59 0 +1.467244821e+05 +1.468564021e+05 +1.468564021e+05 -2.2989e+00 +1.9318e-01 -3.8745e+00 +1.8489e+00 -1.3302e+00
62 0 +1.181312353e+05 +1.182631553e+05 +1.182631553e+05 -4.0297e+00 -1.8703e-01 -4.1457e+00 +2.2147e+00 -1.4430e+00
68 0 +1.161463310e+05 +1.162782510e+05 +1.162782510e+05 -2.7486e+00 +7.9928e-01 -2.2620e+00 +4.3088e-01 -1.5241e+00
69 0 +2.789867227e+04 +2.803059227e+04 +2.803059227e+04 -3.9558e+00 +1.2358e+00 -2.9505e+00 +5.7805e-01 -1.3400e+00
81 0 +1.662465214e+04 +1.675657214e+04 +1.675657214e+04 -6.7202e+00 +3.2137e+00 -4.9517e+00 +1.4882e+00 -1.2603e+00
87 0 +1.099792277e+04 +1.112984277e+04 +1.112984277e+04 -4.6000e+00 +4.0307e+00 -3.0055e+00 +9.0795e-01 -2.6692e+00
89 0 +1.437361883e+03 +1.569281883e+03 +1.569281883e+03 -8.8721e+00 +5.1421e+00 -3.8717e+00 +1.4730e+00 -3.6945e+00
99 0 +3.895736211e+02 +5.214936211e+02 +5.214936211e+02 -1.3974e+01 +8.0508e+00 -4.8007e+00 +2.0365e+00 -7.2955e-01
105 0 +1.199500008e+02 +2.518700008e+02 +2.518700008e+02 -9.8296e+00 +6.4640e+00 -2.5059e+00 -6.4275e-01 -3.4152e+00
161 0 +1.144659750e+02 +2.463859750e+02 +2.463859750e+02 -8.4763e+00 +6.3329e+00 -4.3088e+00 -6.1243e-01 -7.6224e-01
168 0 +7.364494744e+01 +2.055649474e+02 +2.055649474e+02 -1.0049e+01 +1.8563e+00 -1.7704e+00 +1.5780e-01 +1.4587e+00
186 0 +7.167388693e+01 +2.035938869e+02 +2.035938869e+02 -8.5369e+00 +3.3532e+00 -3.7507e+00 -1.3846e+00 -9.2463e-01
214 0 +6.834966420e+01 +2.002696642e+02 +2.002696642e+02 -9.9999e+00 +3.2242e+00 -1.0680e+00 -3.6669e-01 -4.0983e-01
226 0 +5.111719510e+01 +1.830371951e+02 +1.830371951e+02 -8.6019e+00 +4.0144e+00 -1.9877e+00 +1.8587e-02 -7.3997e-01
234 0 +4.955673404e+01 +1.814767340e+02 +1.814767340e+02 -8.2284e+00 +4.6651e+00 -1.5089e+00 -2.8665e-01 -8.2776e-01
241 0 +4.007220351e+01 +1.719922035e+02 +1.719922035e+02 -7.7368e+00 +3.6160e+00 -2.3958e+00 -8.1638e-01 -6.2713e-01
248 0 +2.295742783e+01 +1.548774278e+02 +1.548774278e+02 -6.9378e+00 +2.5906e+00 -1.5873e+00 +8.6018e-01 -9.2748e-01
285 0 +2.235328223e+01 +1.542732822e+02 +1.542732822e+02 -6.8645e+00 +2.7158e+00 -1.6694e+00 +5.0875e-01 -1.3237e+00
293 0 +2.118235503e+01 +1.531023550e+02 +1.531023550e+02 -6.4924e+00 +3.4026e+00 -2.2146e+00 +1.0395e+00 -1.0135e+00
350 0 +1.900933198e+01 +1.509293320e+02 +1.509293320e+02 -6.8288e+00 +2.2050e+00 -2.1014e+00 +4.6437e-01 -1.1462e+00
353 0 +1.586606642e+01 +1.477860664e+02 +1.477860664e+02 -6.4940e+00 +2.5427e+00 -2.6450e+00 +5.9908e-01 -1.1215e+00
364 0 +1.260223045e+01 +1.445222304e+02 +1.445222304e+02 -6.1836e+00 +2.7567e+00 -2.6333e+00 +4.5353e-01 -1.1876e+00
371 0 +1.245795244e+01 +1.443779524e+02 +1.443779524e+02 -6.0078e+00 +2.5333e+00 -2.5376e+00 +6.9260e-01 -1.3204e+00
384 0 +7.776221325e+00 +1.396962213e+02 +1.396962213e+02 -5.6581e+00 +2.7310e+00 -2.3008e+00 -3.3756e-02 -8.6719e-01
387 0 +5.327332197e+00 +1.372473322e+02 +1.372473322e+02 -5.1344e+00 +2.5973e+00 -3.2712e+00 +1.1825e-01 -1.0399e+00
416 0 +4.276447756e+00 +1.361964478e+02 +1.361964478e+02 -4.9621e+00 +2.3135e+00 -3.3707e+00 +2.8402e-01 -1.5769e+00
421 0 +3.771373851e+00 +1.356913739e+02 +1.356913739e+02 -4.8805e+00 +2.4962e+00 -3.1654e+00 +2.7086e-01 -1.5374e+00
433 0 +1.979882137e+00 +1.338998821e+02 +1.338998821e+02 -4.4890e+00 +2.4766e+00 -3.6158e+00 -3.8409e-01 -1.2680e+00
448 0 +1.565164400e+00 +1.334851644e+02 +1.334851644e+02 -4.4657e+00 +2.4454e+00 -3.5011e+00 -5.2720e-01 -1.3720e+00
458 0 +1.282460854e+00 +1.332024609e+02 +1.332024609e+02 -4.5554e+00 +2.1992e+00 -3.3542e+00 -4.6030e-01 -1.2745e+00
494 0 +1.171834731e+00 +1.330918347e+02 +1.330918347e+02 -4.1836e+00 +2.5239e+00 -3.6841e+00 -1.5611e-01 -1.6921e+00
504 0 +1.171834731e+00 +1.330918347e+02 +1.330918347e+02 -4.1836e+00 +2.5239e+00 -3.6841e+00 -1.5611e-01 -1.6921e+00
% f evaluations | g evaluations | best noise-free fitness - Fopt (5.908400000000e+02) + sum g_i+ | measured fitness | best measured fitness or single-digit g-values | x1 | x2...
1 0 +5.222817633e+05 +5.228726033e+05 +5.228726033e+05 +1.3237e-01 -9.9262e-02 +7.2925e-01 -7.5630e-02 +3.2884e-02
2 0 +3.651248327e+05 +3.657156727e+05 +3.657156727e+05 +4.7474e-01 -2.7277e-01 -1.7749e-01 +5.6283e-02 -9.8965e-02
10 0 +3.346981413e+05 +3.352889813e+05 +3.352889813e+05 -2.6904e-02 -1.1633e-01 -5.6183e-01 -2.1419e-01 -1.0670e-01
11 0 +3.078065694e+05 +3.083974094e+05 +3.083974094e+05 -6.1060e-03 -6.2039e-01 -3.9909e-01 -7.4479e-02 -2.5809e-01
18 0 +2.954062729e+05 +2.959971129e+05 +2.959971129e+05 +5.1983e-03 -7.1424e-01 -6.4391e-01 +4.4954e-02 -2.0269e-01
23 0 +2.176730673e+05 +2.182639073e+05 +2.182639073e+05 +2.5684e-02 -1.0106e+00 -7.6992e-01 -4.7266e-01 -5.1522e-01
25 0 +1.698263950e+05 +1.704172350e+05 +1.704172350e+05 +3.9970e-01 -1.1921e+00 -9.0049e-01 -1.1211e+00 -7.7388e-01
29 0 +1.606440624e+05 +1.612349024e+05 +1.612349024e+05 -2.5655e-01 -1.1945e+00 -9.1734e-01 -1.0542e+00 -1.0224e+00
40 0 +1.548151772e+05 +1.554060172e+05 +1.554060172e+05 +4.4338e-01 -9.8459e-01 -1.0549e+00 -1.1335e+00 -1.5260e+00
43 0 +1.167245602e+05 +1.173154002e+05 +1.173154002e+05 +3.0197e-01 -1.4096e+00 -1.5217e+00 -5.3828e-01 -1.7439e+00
45 0 +7.530271949e+04 +7.589355949e+04 +7.589355949e+04 +1.2066e-01 -1.9311e+00 -1.5809e+00 -9.0613e-01 -1.2946e+00
53 0 +6.920696115e+04 +6.979780115e+04 +6.979780115e+04 -8.5508e-02 -1.4527e+00 -1.8770e+00 -1.5551e+00 -2.0230e+00
56 0 +5.081788399e+04 +5.140872399e+04 +5.140872399e+04 +8.0977e-01 -2.5852e+00 -2.0461e+00 -4.8301e-01 -1.0340e+00
57 0 +2.444792370e+04 +2.503876370e+04 +2.503876370e+04 +8.2144e-01 -2.5083e+00 -2.3742e+00 -1.4449e+00 -3.2709e+00
66 0 +7.199621250e+02 +1.310802125e+03 +1.310802125e+03 +7.6528e-01 -3.1033e+00 -3.4418e+00 -1.1885e+00 -1.5614e+00
73 0 +4.139057548e+00 +5.949790575e+02 +5.949790575e+02 +7.0799e-01 -3.4614e+00 -3.6554e+00 -1.7085e+00 -5.9756e-01
219 0 +3.588560398e+00 +5.944285604e+02 +5.944285604e+02 +9.9941e-01 -3.1654e+00 -3.1581e+00 -2.2472e+00 -1.0931e+00
241 0 +2.803887770e+00 +5.936438878e+02 +5.936438878e+02 +1.1993e+00 -3.1356e+00 -3.4834e+00 -2.1195e+00 -8.1411e-01
262 0 +2.501193584e+00 +5.933411936e+02 +5.933411936e+02 +1.0790e+00 -3.2030e+00 -3.2215e+00 -2.0743e+00 -8.2481e-01
273 0 +2.392824896e+00 +5.932328249e+02 +5.932328249e+02 +1.1254e+00 -3.2378e+00 -3.4668e+00 -1.9389e+00 -6.7861e-01
278 0 +2.196017045e+00 +5.930360170e+02 +5.930360170e+02 +1.1654e+00 -3.2628e+00 -3.2567e+00 -1.9108e+00 -9.5029e-01
281 0 +1.555047092e+00 +5.923950471e+02 +5.923950471e+02 +1.3125e+00 -3.2390e+00 -3.1728e+00 -1.9155e+00 -9.6039e-01
297 0 +1.355097869e+00 +5.921950979e+02 +5.921950979e+02 +1.4902e+00 -3.2000e+00 -3.3849e+00 -1.7814e+00 -9.2174e-01
331 0 +9.801579317e-01 +5.918201579e+02 +5.918201579e+02 +1.6336e+00 -3.2501e+00 -3.3043e+00 -1.8489e+00 -7.1228e-01
373 0 +9.021444711e-01 +5.917421445e+02 +5.917421445e+02 +1.5801e+00 -3.2542e+00 -3.3180e+00 -1.7220e+00 -8.2577e-01
377 0 +7.801478131e-01 +5.916201478e+02 +5.916201478e+02 +1.5534e+00 -3.2910e+00 -3.2890e+00 -1.6534e+00 -8.0565e-01
387 0 +7.496291900e-01 +5.915896292e+02 +5.915896292e+02 +1.7089e+00 -3.3431e+00 -3.4437e+00 -1.6277e+00 -6.5006e-01
390 0 +6.733832668e-01 +5.915133833e+02 +5.915133833e+02 +1.6906e+00 -3.2838e+00 -3.3634e+00 -1.6539e+00 -6.2702e-01
391 0 +5.200824519e-01 +5.913600825e+02 +5.913600825e+02 +1.5630e+00 -3.3165e+00 -3.2161e+00 -1.6225e+00 -5.7764e-01
466 0 +4.798980475e-01 +5.913198980e+02 +5.913198980e+02 +1.5741e+00 -3.3332e+00 -3.2815e+00 -1.5920e+00 -5.9718e-01
474 0 +4.556164172e-01 +5.912956164e+02 +5.912956164e+02 +1.6033e+00 -3.3132e+00 -3.2646e+00 -1.6320e+00 -5.4528e-01
475 0 +4.038104403e-01 +5.912438104e+02 +5.912438104e+02 +1.4970e+00 -3.3227e+00 -3.3049e+00 -1.5600e+00 -5.6378e-01
485 0 +3.758260249e-01 +5.912158260e+02 +5.912158260e+02 +1.5270e+00 -3.3338e+00 -3.2976e+00 -1.5687e+00 -4.7965e-01
488 0 +3.535424729e-01 +5.911935425e+02 +5.911935425e+02 +1.4946e+00 -3.3110e+00 -3.3190e+00 -1.5658e+00 -4.4339e-01
491 0 +3.458162800e-01 +5.911858163e+02 +5.911858163e+02 +1.5157e+00 -3.3200e+00 -3.2881e+00 -1.5598e+00 -4.4393e-01
497 0 +2.580838508e-01 +5.910980839e+02 +5.910980839e+02 +1.4295e+00 -3.3079e+00 -3.4059e+00 -1.4353e+00 -5.1203e-01
502 0 +2.525587208e-01 +5.910925587e+02 +5.910925587e+02 +1.4014e+00 -3.3426e+00 -3.4233e+00 -1.4161e+00 -4.4423e-01
504 0 +2.525587208e-01 +5.910925587e+02 +5.910925587e+02 +1.4014e+00 -3.3426e+00 -3.4233e+00 -1.4161e+00 -4.4423e-01
% f evaluations | g evaluations | best noise-free fitness - Fopt (6.749000000000e+01) + sum g_i+ | measured fitness | best measured fitness or single-digit g-values | x1 | x2...
1 0 +6.489388277e+04 +6.496137277e+04 +6.496137277e+04 +1.3237e-01 -9.9262e-02 +7.2925e-01 -7.5630e-02 +3.2884e-02
2 0 +4.732569275e+04 +4.739318275e+04 +4.739318275e+04 +4.7474e-01 -2.7277e-01 -1.7749e-01 +5.6283e-02 -9.8965e-02
10 0 +3.862396502e+04 +3.869145502e+04 +3.869145502e+04 +4.3296e-02 -4.7240e-01 -1.2264e-01 +2.3989e-01 -2.2250e-01
12 0 +1.891784129e+04 +1.898533129e+04 +1.898533129e+04 +4.1188e-01 -3.4218e-01 -9.5671e-02 +6.9571e-01 +6.0614e-02
17 0 +1.713083798e+04 +1.719832798e+04 +1.719832798e+04 +4.0095e-01 -9.9629e-01 +2.5725e-01 +3.1651e-01 +2.8454e-01
22 0 +1.074442453e+04 +1.081191453e+04 +1.081191453e+04 -1.5161e-01 -6.8076e-01 -5.8876e-02 +6.1284e-01 +8.5070e-01
25 0 +3.711645097e+01 +1.046064510e+02 +1.046064510e+02 -5.5269e-01 -1.2285e+00 +3.4169e-02 +1.3526e+00 +8.0326e-01
49 0 +2.354203322e+01 +9.103203322e+01 +9.103203322e+01 -8.7529e-01 -1.7052e+00 -2.1146e-01 +1.3715e+00 +1.7139e+00
58 0 +2.235191135e+01 +8.984191135e+01 +8.984191135e+01 -8.1979e-01 -3.4902e+00 -3.1841e-01 +5.6364e-01 +2.5360e+00
64 0 +1.584577774e+01 +8.333577774e+01 +8.333577774e+01 -3.4577e-01 -1.2804e+00 +9.5774e-01 +9.2365e-01 +1.6400e+00
101 0 +1.249487914e+01 +7.998487914e+01 +7.998487914e+01 -1.2604e+00 -1.7038e+00 -6.0011e-01 +7.8362e-01 +2.7304e+00
124 0 +7.073009161e+00 +7.456300916e+01 +7.456300916e+01 -9.4142e-01 -1.8903e+00 -9.8922e-02 +5.1122e-01 +2.8274e+00
201 0 +6.845511411e+00 +7.433551141e+01 +7.433551141e+01 -1.1731e+00 -1.7011e+00 -6.0459e-02 +3.5958e-01 +2.7752e+00
210 0 +3.766182348e+00 +7.125618235e+01 +7.125618235e+01 -1.1916e+00 -1.3205e+00 +3.3399e-01 +5.9222e-01 +2.9734e+00
221 0 +3.323824866e+00 +7.081382487e+01 +7.081382487e+01 -7.5678e-01 -1.4226e+00 +1.5910e-01 +4.3935e-01 +3.0924e+00
222 0 +3.081126478e+00 +7.057112648e+01 +7.057112648e+01 -1.2888e+00 -9.8074e-01 +2.2159e-01 +6.3962e-01 +3.1772e+00
230 0 +1.068797214e+00 +6.855879721e+01 +6.855879721e+01 -8.8281e-01 -9.5232e-01 +6.3592e-01 +6.5658e-01 +3.3118e+00
312 0 +8.049623502e-01 +6.829496235e+01 +6.829496235e+01 -7.7867e-01 -7.7794e-01 +6.3212e-01 +6.4666e-01 +3.3627e+00
356 0 +6.867973814e-01 +6.817679738e+01 +6.817679738e+01 -7.7122e-01 -6.3550e-01 +6.9689e-01 +6.1914e-01 +3.4258e+00
376 0 +6.460948860e-01 +6.813609489e+01 +6.813609489e+01 -8.1305e-01 -9.3120e-01 +6.5778e-01 +5.3264e-01 +3.3591e+00
380 0 +6.052203262e-01 +6.809522033e+01 +6.809522033e+01 -8.9673e-01 -7.8839e-01 +7.3759e-01 +5.8294e-01 +3.3436e+00
385 0 +5.297082014e-01 +6.801970820e+01 +6.801970820e+01 -9.5549e-01 -8.4663e-01 +6.2841e-01 +5.4453e-01 +3.4262e+00
386 0 +4.670187319e-01 +6.795701873e+01 +6.795701873e+01 -9.9814e-01 -1.1270e+00 +6.6494e-01 +4.7841e-01 +3.4443e+00
388 0 +4.035598676e-01 +6.789355987e+01 +6.789355987e+01 -8.8197e-01 -8.3055e-01 +6.6807e-01 +5.4762e-01 +3.4484e+00
408 0 +2.932350619e-01 +6.778323506e+01 +6.778323506e+01 -7.5613e-01 -8.4609e-01 +7.9741e-01 +4.8328e-01 +3.4049e+00
410 0 +1.496467153e-01 +6.763964672e+01 +6.763964672e+01 -7.9133e-01 -9.2199e-01 +6.4677e-01 +3.6938e-01 +3.5195e+00
451 0 +1.132718816e-01 +6.760327188e+01 +6.760327188e+01 -8.7677e-01 -9.5324e-01 +6.4508e-01 +3.9478e-01 +3.5813e+00
490 0 +8.159928629e-02 +6.757159929e+01 +6.757159929e+01 -8.1746e-01 -9.7442e-01 +7.9024e-01 +4.3433e-01 +3.5549e+00
504 0 +8.159928629e-02 +6.757159929e+01 +6.757159929e+01 -8.1746e-01 -9.7442e-01 +7.9024e-01 +4.3433e-01 +3.5549e+00
% f evaluations | g evaluations | best noise-free fitness - Fopt (3.085000000000e+01) + sum g_i+ | measured fitness | best measured fitness or single-digit g-values | x1 | x2...
1 0 +1.070599641e+05 +1.070908141e+05 +1.070908141e+05 +1.3237e-01 -9.9262e-02 +7.2925e-01 -7.5630e-02 +3.2884e-02
2 0 +9.242387104e+04 +9.245472104e+04 +9.245472104e+04 +4.7474e-01 -2.7277e-01 -1.7749e-01 +5.6283e-02 -9.8965e-02
10 0 +8.866924751e+04 +8.870009751e+04 +8.870009751e+04 +1.1310e-01 -4.9409e-02 +1.5095e-01 -2.6900e-01 +6.0641e-01
11 0 +7.132668550e+04 +7.135753550e+04 +7.135753550e+04 +5.3321e-01 +2.2714e-01 +2.3706e-01 -1.3426e-02 +5.8724e-01
15 0 +6.911024794e+04 +6.914109794e+04 +6.914109794e+04 -2.5624e-01 -7.0557e-01 +2.5302e-01 +3.0514e-01 +4.7215e-01
17 0 +6.216626942e+04 +6.219711942e+04 +6.219711942e+04 -1.4409e-01 -4.4324e-01 -3.9896e-02 +8.2884e-01 +7.0617e-01
25 0 +1.880807315e+04 +1.883892315e+04 +1.883892315e+04 +5.2135e-01 -9.4532e-01 +2.1950e-01 +1.3764e+00 +1.0847e+00
33 0 +1.731117695e+04 +1.734202695e+04 +1.734202695e+04 +8.5777e-02 -8.0911e-01 +2.7369e-01 +1.6541e+00 +1.4714e+00
34 0 +7.196268210e+03 +7.227118210e+03 +7.227118210e+03 +6.1687e-01 -1.0328e+00 +5.1573e-01 +2.2311e+00 +1.1910e+00
37 0 +6.002542194e+03 +6.033392194e+03 +6.033392194e+03 +8.2278e-01 -1.1601e+00 +1.8819e-01 +2.1640e+00 +1.1178e+00
45 0 +6.739779408e+01 +9.824779408e+01 +9.824779408e+01 +1.5302e+00 -9.6695e-01 +1.2865e+00 +2.2092e+00 +1.5328e+00
54 0 +5.984287345e+01 +9.069287345e+01 +9.069287345e+01 +1.8478e+00 -1.1002e+00 +7.3467e-01 +1.2563e+00 +1.8764e+00
66 0 +5.687186964e+01 +8.772186964e+01 +8.772186964e+01 +3.0967e+00 -1.2904e+00 +1.2797e+00 +3.3360e+00 +2.0906e+00
71 0 +4.216801904e+01 +7.301801904e+01 +7.301801904e+01 +3.3437e+00 -2.4332e+00 -5.3432e-02 +3.0260e+00 +2.3058e+00
86 0 +2.232795664e+01 +5.317795664e+01 +5.317795664e+01 +4.3934e+00 -3.4375e+00 -1.4111e+00 +1.2662e+00 +1.6105e+00
97 0 +1.055794092e+01 +4.140794092e+01 +4.140794092e+01 +4.0751e+00 -3.3407e+00 +4.1218e-01 +7.1983e-02 +8.0942e-01
143 0 +3.696310680e+00 +3.454631068e+01 +3.454631068e+01 +3.5149e+00 -3.3490e+00 -2.4761e-01 -9.0899e-01 +1.8017e+00
338 0 +3.298009503e+00 +3.414800950e+01 +3.414800950e+01 +3.4221e+00 -3.1267e+00 +4.3759e-01 -1.3653e+00 +1.5291e+00
350 0 +2.980292646e+00 +3.383029265e+01 +3.383029265e+01 +3.5383e+00 -3.5309e+00 +1.5457e-01 -1.0037e+00 +1.3098e+00
353 0 +2.852419722e+00 +3.370241972e+01 +3.370241972e+01 +3.5401e+00 -3.4216e+00 -3.6720e-01 -1.2513e+00 +1.8251e+00
378 0 +2.160705999e+00 +3.301070600e+01 +3.301070600e+01 +3.3545e+00 -3.3232e+00 +1.9794e-01 -1.3736e+00 +1.8731e+00
384 0 +1.547747537e+00 +3.239774754e+01 +3.239774754e+01 +3.1196e+00 -3.1754e+00 -4.7660e-02 -1.7547e+00 +2.0018e+00
385 0 +1.439462849e+00 +3.228946285e+01 +3.228946285e+01 +3.2613e+00 -3.2293e+00 +1.9021e-01 -1.8832e+00 +1.8251e+00
388 0 +1.367042105e+00 +3.221704210e+01 +3.221704210e+01 +3.2342e+00 -3.3318e+00 +1.0279e-01 -1.7237e+00 +1.7053e+00
398 0 +9.096226060e-01 +3.175962261e+01 +3.175962261e+01 +3.1546e+00 -3.4031e+00 +2.1062e-02 -1.6683e+00 +1.9205e+00
434 0 +7.488962338e-01 +3.159889623e+01 +3.159889623e+01 +3.0790e+00 -3.5629e+00 +6.4890e-02 -1.5170e+00 +1.8351e+00
439 0 +7.367513515e-01 +3.158675135e+01 +3.158675135e+01 +3.0813e+00 -3.6497e+00 -3.0524e-01 -1.5098e+00 +1.8031e+00
448 0 +7.086681795e-01 +3.155866818e+01 +3.155866818e+01 +3.1165e+00 -3.5374e+00 +1.9246e-02 -1.6734e+00 +1.9225e+00
453 0 +4.359639217e-01 +3.128596392e+01 +3.128596392e+01 +2.9608e+00 -3.6195e+00 -1.3374e-01 -1.6555e+00 +1.8550e+00
475 0 +3.353500269e-01 +3.118535003e+01 +3.118535003e+01 +3.0804e+00 -3.5983e+00 -2.0547e-01 -1.8727e+00 +1.8605e+00
484 0 +2.831003486e-01 +3.113310035e+01 +3.113310035e+01 +3.0928e+00 -3.7241e+00 -2.1386e-01 -1.7773e+00 +1.7046e+00
493 0 +2.382484693e-01 +3.108824847e+01 +3.108824847e+01 +3.0429e+00 -3.5931e+00 -1.2839e-01 -1.8991e+00 +1.8503e+00
496 0 +8.744677903e-02 +3.093744678e+01 +3.093744678e+01 +3.0070e+00 -3.6802e+00 -2.0266e-01 -1.9819e+00 +1.8264e+00
501 0 +7.938241798e-02 +3.092938242e+01 +3.092938242e+01 +2.9624e+00 -3.6501e+00 -4.0381e-02 -2.0185e+00 +1.8103e+00
504 0 +7.938241798e-02 +3.092938242e+01 +3.092938242e+01 +2.9624e+00 -3.6501e+00 -4.0381e-02 -2.0185e+00 +1.8103e+00
% f evaluations | g evaluations | best noise-free fitness - Fopt (-1.255000000000e+01) + sum g_i+ | measured fitness | best measured fitness or single-digit g-values | x1 | x2...
1 0 +2.937889124e+05 +2.937763624e+05 +2.937763624e+05 +1.3237e-01 -9.9262e-02 +7.2925e-01 -7.5630e-02 +3.2884e-02
4 0 +2.828109895e+05 +2.827984395e+05 +2.827984395e+05 -2.1005e-01 +3.4542e-01 +5.5721e-01 -4.5337e-01 +1.9346e-01
8 0 +2.720990033e+05 +2.720864533e+05 +2.720864533e+05 +7.4765e-02 +5.9299e-02 +4.0046e-01 -2.6063e-02 +4.6848e-01
9 0 +2.659186003e+05 +2.659060503e+05 +2.659060503e+05 -1.4448e-02 +1.9511e-01 +6.3533e-01 -1.2770e-02 +2.7949e-01
12 0 +2.145778307e+05 +2.145652807e+05 +2.145652807e+05 +4.1719e-01 +6.4505e-01 +3.2758e-01 +6.4029e-02 +7.0519e-01
18 0 +2.067129243e+05 +2.067003743e+05 +2.067003743e+05 +4.5816e-01 +3.5996e-01 +9.1740e-01 -1.6252e-01 +5.0327e-01
23 0 +1.256244677e+05 +1.256119177e+05 +1.256119177e+05 +3.6512e-01 +6.6819e-01 +1.2286e+00 +3.2163e-02 +1.2354e+00
27 0 +1.170166567e+05 +1.170041067e+05 +1.170041067e+05 +6.1885e-01 +1.1746e+00 +1.1842e+00 -5.1953e-03 +1.1619e+00
28 0 +1.089375218e+05 +1.089249718e+05 +1.089249718e+05 +7.2628e-01 -1.3073e-01 +1.6665e+00 -2.0647e-01 +1.9361e+00
35 0 +9.375587945e+04 +9.374332945e+04 +9.374332945e+04 +7.7321e-01 +1.3376e-01 +8.6669e-01 +3.4656e-01 +2.3873e+00
40 0 +8.229158279e+04 +8.227903279e+04 +8.227903279e+04 +1.2751e+00 +7.9870e-01 +1.1437e+00 +4.7457e-02 +1.8779e+00
43 0 +5.833464887e+04 +5.832209887e+04 +5.832209887e+04 +9.1385e-01 +7.5253e-01 +1.9985e+00 +4.1093e-01 +1.9443e+00
44 0 +4.650014617e+04 +4.648759617e+04 +4.648759617e+04 +1.0197e+00 +6.4259e-01 +9.0313e-01 +1.1917e+00 +2.8398e+00
48 0 +3.607608881e+04 +3.606353881e+04 +3.606353881e+04 +1.4560e+00 +1.1058e+00 +8.6271e-01 +1.6454e+00 +2.6518e+00
50 0 +1.174075933e+04 +1.172820933e+04 +1.172820933e+04 +1.2708e+00 +7.4930e-01 +2.4946e+00 +1.8355e+00 +2.8660e+00
55 0 +6.672969275e+03 +6.660419275e+03 +6.660419275e+03 +1.5935e+00 +2.3620e-01 +9.3449e-01 +1.7058e+00 +4.3073e+00
63 0 +6.464317272e+03 +6.451767272e+03 +6.451767272e+03 +1.5713e+00 -5.8215e-01 +1.8508e+00 +1.2549e+00 +4.7862e+00
81 0 +5.963627583e+03 +5.951077583e+03 +5.951077583e+03 +1.6923e+00 +8.0728e-01 +1.0121e+00 +1.9533e+00 +4.4636e+00
89 0 +7.207513136e+02 +7.082013136e+02 +7.082013136e+02 +1.4371e+00 -7.0702e-01 +2.7465e+00 +1.5933e+00 +5.9191e+00
97 0 +1.083718728e+02 +9.582187279e+01 +9.582187279e+01 +1.3669e+00 -6.4485e-01 +2.3356e+00 +1.9318e+00 +4.9488e+00
114 0 +4.252853253e+01 +2.997853253e+01 +2.997853253e+01 +1.1268e+00 -9.7906e-01 +3.9669e+00 +1.8800e+00 +4.5446e+00
115 0 +3.397250792e+01 +2.142250792e+01 +2.142250792e+01 +1.5668e+00 -2.4885e-01 +3.7610e+00 +1.7804e+00 +4.6923e+00
135 0 +3.017621311e+01 +1.762621311e+01 +1.762621311e+01 +9.1465e-01 +3.8031e-02 +3.4498e+00 +2.1342e+00 +4.3869e+00
149 0 +2.801892336e+01 +1.546892336e+01 +1.546892336e+01 +1.1007e+00 +6.8308e-01 +4.4119e+00 +1.7963e+00 +3.5166e+00
153 0 +1.237365130e+01 -1.763487045e-01 -1.763487045e-01 +2.1677e+00 +1.4637e+00 +3.7006e+00 +1.2495e+00 +3.1655e+00
171 0 +8.349732164e+00 -4.200267836e+00 -4.200267836e+00 +1.9936e+00 +2.6529e+00 +3.5506e+00 +1.6461e+00 +2.5864e+00
234 0 +8.124654392e+00 -4.425345608e+00 -4.425345608e+00 +1.8217e+00 +1.7236e+00 +2.7219e+00 +1.2854e+00 +3.2696e+00
241 0 +7.046474306e+00 -5.503525694e+00 -5.503525694e+00 +2.2739e+00 +1.4788e+00 +2.6091e+00 +1.4019e+00 +3.3279e+00
244 0 +3.258928916e+00 -9.291071084e+00 -9.291071084e+00 +2.1281e+00 +2.5961e+00 +3.2048e+00 +1.2729e+00 +2.1560e+00
324 0 +2.812664309e+00 -9.737335691e+00 -9.737335691e+00 +2.7163e+00 +2.1028e+00 +2.7801e+00 +1.2746e+00 +2.6965e+00
364 0 +2.344762702e+00 -1.020523730e+01 -1.020523730e+01 +2.5600e+00 +2.1592e+00 +2.6899e+00 +1.4510e+00 +2.4189e+00
368 0 +1.614953619e+00 -1.093504638e+01 -1.093504638e+01 +2.5255e+00 +2.5351e+00 +2.7628e+00 +1.1786e+00 +2.2357e+00
377 0 +1.387114706e+00 -1.116288529e+01 -1.116288529e+01 +2.7304e+00 +2.3338e+00 +2.7427e+00 +1.3037e+00 +2.3119e+00
410 0 +1.036712759e+00 -1.151328724e+01 -1.151328724e+01 +2.6643e+00 +2.5386e+00 +2.7809e+00 +1.3289e+00 +2.0140e+00
419 0 +8.345171638e-01 -1.171548284e+01 -1.171548284e+01 +2.7467e+00 +2.5981e+00 +3.0313e+00 +1.2977e+00 +1.8084e+00
426 0 +7.458259013e-01 -1.180417410e+01 -1.180417410e+01 +2.8264e+00 +2.5045e+00 +2.9959e+00 +1.3015e+00 +1.8659e+00
445 0 +7.366147070e-01 -1.181338529e+01 -1.181338529e+01 +2.7708e+00 +2.6200e+00 +2.9608e+00 +1.3274e+00 +1.8114e+00
458 0 +4.953871467e-01 -1.205461285e+01 -1.205461285e+01 +2.9721e+00 +2.5153e+00 +2.9052e+00 +1.4153e+00 +1.9833e+00
459 0 +4.299749599e-01 -1.212002504e+01 -1.212002504e+01 +2.9105e+00 +2.6629e+00 +2.9384e+00 +1.3244e+00 +1.7960e+00
466 0 +1.971129557e-01 -1.235288704e+01 -1.235288704e+01 +3.1636e+00 +2.5122e+00 +2.9115e+00 +1.4876e+00 +1.8261e+00
504 0 +1.971129557e-01 -1.235288704e+01 -1.235288704e+01 +3.1636e+00 +2.5122e+00 +2.9115e+00 +1.4876e+00 +1.8261e+00
% f evaluations | g evaluations | best noise-free fitness - Fopt (5.383900000000e+02) + sum g_i+ | measured fitness | best measured fitness or single-digit g-values | x1 | x2...
1 0 +3.053059956e+05 +3.058443856e+05 +3.058443856e+05 +1.3237e-01 -9.9262e-02 +7.2925e-01 -7.5630e-02 +3.2884e-02
2 0 +2.724086055e+05 +2.729469955e+05 +2.729469955e+05 +4.7474e-01 -2.7277e-01 -1.7749e-01 +5.6283e-02 -9.8965e-02
10 0 +2.427428952e+05 +2.432812852e+05 +2.432812852e+05 +1.9889e-01 +5.9521e-02 -4.7881e-01 +7.1075e-02 -2.4673e-01
13 0 +2.269802174e+05 +2.275186074e+05 +2.275186074e+05 +5.0017e-01 +2.8380e-02 -1.3436e-01 -1.4329e-01 -2.9589e-01
14 0 +1.899026722e+05 +1.904410622e+05 +1.904410622e+05 +6.0467e-01 +3.1055e-01 -3.6978e-01 -5.6123e-01 -2.8918e-01
18 0 +1.763380608e+05 +1.768764508e+05 +1.768764508e+05 +6.5205e-01 +6.9504e-01 +1.4018e-01 -3.7543e-01 -3.8173e-01
23 0 +1.321047160e+05 +1.326431060e+05 +1.326431060e+05 +9.4783e-01 +8.9687e-01 -3.1883e-01 -9.3201e-01 -4.1705e-01
25 0 +6.345580819e+04 +6.399419819e+04 +6.399419819e+04 +1.1968e+00 +1.9734e+00 -4.5737e-01 -8.1913e-01 -6.9019e-01
33 0 +6.264144668e+04 +6.317983668e+04 +6.317983668e+04 +1.4203e+00 +2.3607e+00 -3.8606e-01 -1.0773e+00 -2.2194e-01
34 0 +3.537617609e+04 +3.591456609e+04 +3.591456609e+04 +1.4620e+00 +2.4006e+00 -8.8768e-01 -1.6923e+00 -8.8975e-01
36 0 +1.612585818e+04 +1.666424818e+04 +1.666424818e+04 +1.8325e+00 +2.9303e+00 -2.7926e-01 +1.1097e-01 -1.2441e+00
44 0 +7.311220046e+02 +1.269512005e+03 +1.269512005e+03 +1.2960e+00 +4.5769e+00 -1.8773e-01 -1.6210e+00 -7.7222e-01
48 0 +4.893050029e+01 +5.873205003e+02 +5.873205003e+02 +9.7352e-01 +5.2110e+00 +1.5365e-01 -1.2243e+00 -1.4683e+00
114 0 +3.817566750e+01 +5.765656675e+02 +5.765656675e+02 +1.7395e+00 +4.6547e+00 +2.4233e-01 -3.4940e-01 -2.4289e+00
140 0 +3.088546210e+01 +5.692754621e+02 +5.692754621e+02 +1.7321e+00 +3.9016e+00 -8.2150e-02 -2.4272e-01 -2.3636e+00
146 0 +2.429667579e+01 +5.626866758e+02 +5.626866758e+02 +1.8442e+00 +4.2377e+00 +7.1878e-01 +3.9062e-01 -2.8407e+00
196 0 +2.362915948e+01 +5.620191595e+02 +5.620191595e+02 +2.1419e+00 +4.4335e+00 +3.5008e-01 +2.8564e-01 -1.7451e+00
197 0 +2.102532384e+01 +5.594153238e+02 +5.594153238e+02 +2.5993e+00 +3.8520e+00 -8.4296e-01 +8.5240e-01 -1.8022e+00
212 0 +1.921532828e+01 +5.576053283e+02 +5.576053283e+02 +2.8324e+00 +4.1284e+00 -7.2617e-01 +1.0928e+00 -1.4141e+00
216 0 +1.336119508e+01 +5.517511951e+02 +5.517511951e+02 +2.7212e+00 +4.5575e+00 +4.3057e-01 +1.2918e+00 -1.9528e+00
223 0 +9.014337632e+00 +5.474043376e+02 +5.474043376e+02 +3.5628e+00 +3.9301e+00 +3.0198e-02 +2.2145e+00 -1.7725e+00
232 0 +6.796094180e+00 +5.451860942e+02 +5.451860942e+02 +3.0980e+00 +3.2750e+00 +2.2224e-02 +2.1288e+00 -3.1503e+00
292 0 +6.750956759e+00 +5.451409568e+02 +5.451409568e+02 +3.6097e+00 +3.1340e+00 -7.0060e-02 +2.6310e+00 -3.5293e+00
295 0 +5.455433615e+00 +5.438454336e+02 +5.438454336e+02 +3.4171e+00 +3.0036e+00 +3.0692e-01 +2.6528e+00 -3.7178e+00
303 0 +3.948932772e+00 +5.423389328e+02 +5.423389328e+02 +3.7256e+00 +3.1792e+00 +2.6449e-01 +2.9950e+00 -3.3758e+00
359 0 +3.511415444e+00 +5.419014154e+02 +5.419014154e+02 +3.5483e+00 +3.2857e+00 +8.7068e-01 +2.8320e+00 -3.3155e+00
362 0 +3.364715830e+00 +5.417547158e+02 +5.417547158e+02 +3.8958e+00 +2.9552e+00 +6.0206e-01 +3.2249e+00 -3.5762e+00
364 0 +3.264137018e+00 +5.416541370e+02 +5.416541370e+02 +3.3013e+00 +3.6288e+00 +6.3020e-01 +2.7199e+00 -2.9133e+00
371 0 +2.352487397e+00 +5.407424874e+02 +5.407424874e+02 +3.5089e+00 +3.4035e+00 +4.5181e-01 +3.0202e+00 -3.0002e+00
377 0 +2.197918569e+00 +5.405879186e+02 +5.405879186e+02 +3.3995e+00 +3.1434e+00 +4.7103e-01 +2.8712e+00 -3.1776e+00
381 0 +2.031865882e+00 +5.404218659e+02 +5.404218659e+02 +3.4920e+00 +3.3168e+00 +3.0248e-01 +2.9944e+00 -2.8423e+00
385 0 +1.542598794e+00 +5.399325988e+02 +5.399325988e+02 +3.5913e+00 +3.3091e+00 +5.9851e-01 +3.1515e+00 -3.0423e+00
398 0 +1.389574150e+00 +5.397795741e+02 +5.397795741e+02 +3.4038e+00 +3.3441e+00 +5.1120e-01 +3.1188e+00 -3.0281e+00
414 0 +1.356528163e+00 +5.397465282e+02 +5.397465282e+02 +3.4723e+00 +3.4157e+00 +9.5114e-01 +3.2858e+00 -3.0365e+00
418 0 +1.272435677e+00 +5.396624357e+02 +5.396624357e+02 +3.5449e+00 +3.4119e+00 +6.7608e-01 +3.4610e+00 -2.9778e+00
429 0 +1.253676890e+00 +5.396436769e+02 +5.396436769e+02 +3.4829e+00 +3.3862e+00 +6.7816e-01 +3.2838e+00 -2.9938e+00
443 0 +1.074914836e+00 +5.394649148e+02 +5.394649148e+02 +3.4535e+00 +3.3200e+00 +7.4029e-01 +3.3245e+00 -3.1220e+00
445 0 +9.689631982e-01 +5.393589632e+02 +5.393589632e+02 +3.4277e+00 +3.3346e+00 +7.6281e-01 +3.3003e+00 -3.0721e+00
463 0 +7.701746207e-01 +5.391601746e+02 +5.391601746e+02 +3.3156e+00 +3.2403e+00 +6.1781e-01 +3.1514e+00 -2.9969e+00
465 0 +7.161802299e-01 +5.391061802e+02 +5.391061802e+02 +3.4232e+00 +3.2618e+00 +6.4666e-01 +3.3285e+00 -2.9688e+00
469 0 +6.910720585e-01 +5.390810721e+02 +5.390810721e+02 +3.3962e+00 +3.2490e+00 +6.6714e-01 +3.2374e+00 -2.8937e+00
483 0 +6.296287936e-01 +5.390196288e+02 +5.390196288e+02 +3.3368e+00 +3.1985e+00 +6.6763e-01 +3.2569e+00 -3.0042e+00
491 0 +5.969176534e-01 +5.389869177e+02 +5.389869177e+02 +3.3927e+00 +3.1797e+00 +7.0594e-01 +3.2646e+00 -3.0374e+00
492 0 +5.457782849e-01 +5.389357783e+02 +5.389357783e+02 +3.3488e+00 +3.1380e+00 +6.6664e-01 +3.2563e+00 -3.0740e+00
501 0 +5.277280531e-01 +5.389177281e+02 +5.389177281e+02 +3.3648e+00 +3.1334e+00 +6.3101e-01 +3.1829e+00 -2.9645e+00
504 0 +5.277280531e-01 +5.389177281e+02 +5.389177281e+02 +3.3648e+00 +3.1334e+00 +6.3101e-01 +3.1829e+00 -2.9645e+00
% f evaluations | g evaluations | best noise-free fitness - Fopt (-1.055600000000e+02) + sum g_i+ | measured fitness | best measured fitness or single-digit g-values | x1 | x2...
1 0 +9.239533836e+04 +9.228977836e+04 +9.228977836e+04 +1.3237e-01 -9.9262e-02 +7.2925e-01 -7.5630e-02 +3.2884e-02
12 0 +7.314298285e+04 +7.303742285e+04 +7.303742285e+04 +1.4135e-01 -1.2397e-01 +7.1366e-01 -5.3538e-01 -6.0337e-01
17 0 +6.345114783e+04 +6.334558783e+04 +6.334558783e+04 +7.2764e-01 +7.6655e-02 +1.2904e+00 -4.7095e-01 -1.8441e-02
22 0 +6.297950397e+04 +6.287394397e+04 +6.287394397e+04 +2.2678e-01 +1.8511e-01 +1.0643e+00 -1.0784e+00 -8.5712e-01
26 0 +6.012003283e+04 +6.001447283e+04 +6.001447283e+04 +1.8327e-01 -5.9380e-01 +8.3317e-01 -8.3813e-01 -1.7129e+00
27 0 +4.366186644e+04 +4.355630644e+04 +4.355630644e+04 +1.9208e-01 -2.2663e-01 +1.6247e+00 -7.3156e-01 -1.0264e+00
28 0 +4.137620782e+04 +4.127064782e+04 +4.127064782e+04 +1.5113e+00 +1.8505e-01 +1.8337e+00 -1.2873e+00 -1.4156e-01
34 0 +1.771369520e+04 +1.760813520e+04 +1.760813520e+04 +1.2054e+00 -1.0347e-01 +2.5749e+00 -9.0799e-01 -9.2283e-01
37 0 +1.673440233e+04 +1.662884233e+04 +1.662884233e+04 +1.3926e+00 +2.2152e-01 +2.3639e+00 -1.0815e+00 -1.1466e+00
41 0 +7.500468624e+03 +7.394908624e+03 +7.394908624e+03 +8.3565e-01 +4.2084e-01 +2.0683e+00 -8.4627e-01 -2.7161e+00
44 0 +1.031119959e+03 +9.255599587e+02 +9.255599587e+02 +9.5960e-01 -7.1681e-01 +3.7665e+00 -2.5227e-01 -1.6699e+00
48 0 +4.554199678e+01 -6.001800322e+01 -6.001800322e+01 +8.3567e-01 -4.1268e-01 +3.9180e+00 -2.7448e-01 -2.6189e+00
49 0 +4.430075878e+01 -6.125924122e+01 -6.125924122e+01 +3.6528e-01 -6.5563e-01 +3.9048e+00 -1.7860e-01 -3.0789e+00
56 0 +3.466864925e+01 -7.089135075e+01 -7.089135075e+01 +1.4164e+00 -1.1735e+00 +4.4226e+00 -1.8525e+00 -1.8421e+00
60 0 +2.118349005e+01 -8.437650995e+01 -8.437650995e+01 +1.3797e+00 -1.8900e+00 +4.3754e+00 -1.6528e+00 -2.1293e+00
64 0 +2.878760874e+00 -1.026812391e+02 -1.026812391e+02 +1.2086e+00 -3.3182e+00 +4.1181e+00 -5.6554e-01 -3.1166e+00
297 0 +2.627051869e+00 -1.029329481e+02 -1.029329481e+02 +1.2097e+00 -3.1439e+00 +4.1777e+00 -1.1587e+00 -2.8717e+00
326 0 +2.534002659e+00 -1.030259973e+02 -1.030259973e+02 +1.6102e+00 -3.1999e+00 +4.2843e+00 -7.8941e-01 -2.9028e+00
338 0 +2.483433232e+00 -1.030765668e+02 -1.030765668e+02 +1.2366e+00 -3.5887e+00 +4.4801e+00 -7.9734e-01 -2.9987e+00
348 0 +2.293549043e+00 -1.032664510e+02 -1.032664510e+02 +1.7391e+00 -3.0508e+00 +4.0834e+00 -8.1812e-01 -2.8574e+00
352 0 +1.884496226e+00 -1.036755038e+02 -1.036755038e+02 +1.1990e+00 -3.7676e+00 +4.6542e+00 -1.0954e+00 -2.9371e+00
367 0 +1.696447574e+00 -1.038635524e+02 -1.038635524e+02 +1.2992e+00 -3.8438e+00 +4.7319e+00 -1.2267e+00 -2.7575e+00
371 0 +9.413372446e-01 -1.046186628e+02 -1.046186628e+02 +1.3060e+00 -3.8286e+00 +4.4957e+00 -1.0683e+00 -2.8108e+00
380 0 +7.262478424e-01 -1.048337522e+02 -1.048337522e+02 +1.1363e+00 -3.7648e+00 +4.2684e+00 -1.0499e+00 -2.9924e+00
418 0 +7.085517775e-01 -1.048514482e+02 -1.048514482e+02 +1.1209e+00 -3.6672e+00 +4.1194e+00 -9.7878e-01 -2.8103e+00
421 0 +5.729563005e-01 -1.049870437e+02 -1.049870437e+02 +1.3372e+00 -3.4971e+00 +4.0746e+00 -1.0220e+00 -2.8627e+00
448 0 +5.385658294e-01 -1.050214342e+02 -1.050214342e+02 +1.2484e+00 -3.5683e+00 +4.0232e+00 -8.9027e-01 -2.9657e+00
453 0 +3.938774105e-01 -1.051661226e+02 -1.051661226e+02 +1.3144e+00 -3.7016e+00 +4.1684e+00 -9.4459e-01 -2.8863e+00
490 0 +1.464811555e-01 -1.054135188e+02 -1.054135188e+02 +1.2793e+00 -3.6750e+00 +4.0052e+00 -9.8577e-01 -2.8984e+00
504 0 +1.464811555e-01 -1.054135188e+02 -1.054135188e+02 +1.2793e+00 -3.6750e+00 +4.0052e+00 -9.8577e-01 -2.8984e+00
% f evaluations | g evaluations | best noise-free fitness - Fopt (9.803000000000e+01) + sum g_i+ | measured fitness | best measured fitness or single-digit g-values | x1 | x2...
1 0 +7.804240935e+04 +7.814043935e+04 +7.814043935e+04 +1.3237e-01 -9.9262e-02 +7.2925e-01 -7.5630e-02 +3.2884e-02
2 0 +7.279456380e+04 +7.289259380e+04 +7.289259380e+04 +4.7474e-01 -2.7277e-01 -1.7749e-01 +5.6283e-02 -9.8965e-02
4 0 +6.757598944e+04 +6.767401944e+04 +6.767401944e+04 -2.1005e-01 +3.4542e-01 +5.5721e-01 -4.5337e-01 +1.9346e-01
9 0 +6.445421633e+04 +6.455224633e+04 +6.455224633e+04 +1.1665e-01 +1.1098e-01 +2.8973e-01 -3.3600e-01 -7.3567e-02
24 0 +5.941943578e+04 +5.951746578e+04 +5.951746578e+04 +4.8678e-01 +3.6348e-02 -4.2835e-02 -6.9055e-01 +6.9479e-03
41 0 +5.379402648e+04 +5.389205648e+04 +5.389205648e+04 +3.1093e-01 +2.6441e-01 -2.4136e-01 -9.5998e-01 +1.3402e-01
48 0 +5.221741437e+04 +5.231544437e+04 +5.231544437e+04 +4.1283e-02 +1.5541e-01 -2.0762e-01 -1.5893e+00 +6.1349e-01
49 0 +4.146593793e+04 +4.156396793e+04 +4.156396793e+04 -4.5382e-02 +3.9535e-01 +1.3246e-01 -1.5604e+00 +4.4296e-01
50 0 +4.008874194e+04 +4.018677194e+04 +4.018677194e+04 -4.5711e-01 +3.3076e-01 -3.2556e-02 -1.3289e+00 +3.8985e-02
58 0 +3.884038675e+04 +3.893841675e+04 +3.893841675e+04 -5.7064e-01 +5.9570e-01 +1.1915e+00 -1.3561e+00 -1.1468e-01
61 0 +3.277954035e+04 +3.287757035e+04 +3.287757035e+04 -2.9201e-01 +7.5357e-01 -6.9999e-01 -1.6630e+00 -1.1765e-01
66 0 +2.882788892e+04 +2.892591892e+04 +2.892591892e+04 -1.0268e-01 +9.8925e-01 -2.9031e-02 -2.1048e+00 +1.9102e-01
76 0 +1.793021031e+04 +1.802824031e+04 +1.802824031e+04 -1.2242e+00 +1.3111e+00 -2.2816e-01 -2.7975e+00 +3.9044e-03
91 0 +1.293238424e+04 +1.303041424e+04 +1.303041424e+04 -1.4793e+00 +1.0338e+00 -6.0722e-01 -2.9372e+00 -1.2346e+00
105 0 +1.269572726e+04 +1.279375726e+04 +1.279375726e+04 -1.3410e+00 +1.0182e+00 +3.0818e-01 -2.3348e+00 -8.5176e-01
117 0 +1.127362311e+04 +1.137165311e+04 +1.137165311e+04 -8.9708e-01 +7.6655e-01 -7.7971e-01 -3.1581e+00 -7.5310e-01
132 0 +1.095300771e+04 +1.105103771e+04 +1.105103771e+04 -1.3297e+00 +9.5698e-01 +2.7189e-01 -2.2459e+00 -1.0989e+00
139 0 +8.122567478e+03 +8.220597478e+03 +8.220597478e+03 -9.1420e-01 +2.4905e-01 -1.2673e+00 -1.8472e+00 -1.5426e+00
144 0 +7.036100211e+03 +7.134130211e+03 +7.134130211e+03 -1.3136e+00 +2.4159e-01 -1.2973e-01 -2.9984e+00 -1.1729e+00
145 0 +6.603254681e+03 +6.701284681e+03 +6.701284681e+03 -1.2496e+00 -8.6697e-02 -1.7872e-01 -3.0882e+00 -1.2506e+00
170 0 +3.042877680e+03 +3.140907680e+03 +3.140907680e+03 -8.0529e-01 -1.7540e-01 -8.7163e-01 -3.1425e+00 -1.9762e+00
181 0 +1.086061653e+03 +1.184091653e+03 +1.184091653e+03 -1.0374e+00 -4.0728e-01 -9.3453e-01 -2.1547e+00 -2.6348e+00
183 0 +9.468126176e+02 +1.044842618e+03 +1.044842618e+03 -4.3601e-01 -1.6203e-01 -6.0712e-01 -2.5450e+00 -2.0237e+00
186 0 +5.478526601e+02 +6.458826601e+02 +6.458826601e+02 -3.9751e-01 +2.8211e-01 -6.1486e-01 -2.3055e+00 -2.2567e+00
188 0 +6.149553992e+01 +1.595255399e+02 +1.595255399e+02 -6.2538e-01 -1.0130e+00 -5.7631e-01 -3.2651e+00 -2.6616e+00
218 0 +5.622710460e+01 +1.542571046e+02 +1.542571046e+02 -4.3936e-01 -2.7643e-01 +3.0709e-01 -2.7295e+00 -2.4432e+00
221 0 +5.128557575e+01 +1.493155757e+02 +1.493155757e+02 -1.9205e-01 -8.9426e-01 -1.1049e-01 -2.8174e+00 -2.4255e+00
230 0 +3.999797274e+01 +1.380279727e+02 +1.380279727e+02 -1.9650e-01 -1.2686e+00 -2.7981e-01 -2.5536e+00 -3.1812e+00
256 0 +2.548789548e+01 +1.235178955e+02 +1.235178955e+02 +5.3763e-02 -6.5807e-01 -5.7465e-01 -2.3559e+00 -3.2055e+00
271 0 +2.411141978e+01 +1.221414198e+02 +1.221414198e+02 +6.8200e-02 -1.2428e+00 -7.8086e-01 -2.4260e+00 -3.5095e+00
276 0 +2.132645859e+01 +1.193564586e+02 +1.193564586e+02 +1.4859e-01 -1.2723e+00 -1.0711e+00 -1.9931e+00 -3.1750e+00
277 0 +8.930816161e+00 +1.069608162e+02 +1.069608162e+02 -1.0297e-01 -1.3427e+00 -1.6871e+00 -1.9018e+00 -4.0926e+00
287 0 +7.803287510e+00 +1.058332875e+02 +1.058332875e+02 +7.1891e-02 -3.1719e+00 -2.4443e+00 -1.2834e+00 -5.0508e+00
393 0 +4.239171529e+00 +1.022691715e+02 +1.022691715e+02 -4.8533e-01 -1.8331e+00 -2.6138e+00 -1.8216e+00 -4.7642e+00
399 0 +3.399493393e+00 +1.014294934e+02 +1.014294934e+02 -1.3353e-01 -1.9326e+00 -2.4542e+00 -1.5779e+00 -4.9213e+00
496 0 +2.780170676e+00 +1.008101707e+02 +1.008101707e+02 -5.2726e-01 -1.9838e+00 -2.3993e+00 -1.2404e+00 -4.8290e+00
503 0 +2.682648221e+00 +1.007126482e+02 +1.007126482e+02 -6.6054e-01 -1.7606e+00 -2.3194e+00 -1.1074e+00 -4.7634e+00
504 0 +2.682648221e+00 +1.007126482e+02 +1.007126482e+02 -6.6054e-01 -1.7606e+00 -2.3194e+00 -1.1074e+00 -4.7634e+00
% f evaluations | g evaluations | best noise-free fitness - Fopt (1.000000000000e+03) + sum g_i+ | measured fitness | best measured fitness or single-digit g-values | x1 | x2...
1 0 +4.394716558e+04 +4.494716558e+04 +4.494716558e+04 +1.3237e-01 -9.9262e-02 +7.2925e-01 -7.5630e-02 +3.2884e-02
9 0 +4.076648253e+04 +4.176648253e+04 +4.176648253e+04 -1.3316e-01 +8.2243e-02 +6.7011e-01 -2.9396e-01 +2.4254e-01
11 0 +3.862221972e+04 +3.962221972e+04 +3.962221972e+04 +5.5334e-01 -3.0055e-01 +3.4461e-01 -2.5858e-01 +2.2398e-02
18 0 +3.686757235e+04 +3.786757235e+04 +3.786757235e+04 +6.5538e-01 -1.6947e-01 +8.4574e-01 -9.0888e-02 +2.9235e-01
19 0 +3.521091806e+04 +3.621091806e+04 +3.621091806e+04 +6.4331e-01 -1.9003e-01 +7.8221e-01 -1.5667e-01 +2.9080e-01
23 0 +2.243869158e+04 +2.343869158e+04 +2.343869158e+04 +5.7391e-01 -1.4793e-01 +1.5134e+00 -4.5236e-01 -1.6270e-02
29 0 +4.657885107e+03 +5.657885107e+03 +5.657885107e+03 +1.1403e+00 -6.0658e-01 +1.7186e+00 -1.2380e+00 +2.8307e-01
35 0 +3.188822901e+03 +4.188822901e+03 +4.188822901e+03 +4.7044e-01 -1.4378e+00 +1.1085e+00 -1.1744e+00 +2.7771e-01
37 0 +3.020659925e+03 +4.020659925e+03 +4.020659925e+03 +9.7140e-01 -8.2155e-01 +2.4200e+00 -1.3141e+00 -4.8078e-02
43 0 +2.337414811e+03 +3.337414811e+03 +3.337414811e+03 +1.3065e+00 -1.0390e+00 +2.2331e+00 -1.6064e+00 -8.5806e-01
44 0 +8.862496453e+02 +1.886249645e+03 +1.886249645e+03 +5.5730e-02 -1.3181e+00 +2.8722e+00 -2.3917e+00 -1.2231e-01
48 0 +3.340083008e+01 +1.033400830e+03 +1.033400830e+03 -8.9808e-02 -5.6521e-01 +3.1091e+00 -2.6546e+00 -2.2005e-01
49 0 +2.455603140e+01 +1.024556031e+03 +1.024556031e+03 -4.7131e-01 -6.3548e-01 +2.4641e+00 -2.2510e+00 -5.5594e-01
83 0 +2.365603916e+01 +1.023656039e+03 +1.023656039e+03 -2.7506e-01 -1.2434e+00 +2.8736e+00 -2.1780e+00 +1.1214e+00
97 0 +1.663892821e+01 +1.016638928e+03 +1.016638928e+03 -9.2587e-01 -1.2426e+00 +2.8231e+00 -1.9955e+00 +1.1589e+00
107 0 +1.599274177e+01 +1.015992742e+03 +1.015992742e+03 -2.1245e+00 -1.0660e+00 +3.5285e+00 -2.5210e+00 +7.6694e-01
142 0 +1.258778053e+01 +1.012587781e+03 +1.012587781e+03 -2.6580e+00 -3.6135e-01 +3.3153e+00 -2.3251e+00 +9.2264e-01
144 0 +8.889408300e+00 +1.008889408e+03 +1.008889408e+03 -2.1310e+00 -5.6658e-01 +2.9948e+00 -1.7674e+00 +7.9889e-01
165 0 +7.043218315e+00 +1.007043218e+03 +1.007043218e+03 -1.9855e+00 -1.0681e+00 +3.8378e+00 -1.5712e+00 -8.7828e-02
198 0 +5.909531952e+00 +1.005909532e+03 +1.005909532e+03 -2.4851e+00 -9.0713e-01 +3.3618e+00 -1.6272e+00 +1.9848e-01
210 0 +4.513316183e+00 +1.004513316e+03 +1.004513316e+03 -1.6942e+00 -1.0608e+00 +3.1988e+00 -1.1606e+00 +1.8679e-01
217 0 +1.704279374e+00 +1.001704279e+03 +1.001704279e+03 -2.5148e+00 -1.1413e+00 +3.7552e+00 -1.0611e+00 +1.0970e-02
261 0 +9.933658785e-01 +1.000993366e+03 +1.000993366e+03 -2.7218e+00 -1.0721e+00 +3.7557e+00 -9.3817e-01 -4.9687e-02
298 0 +8.631054961e-01 +1.000863105e+03 +1.000863105e+03 -2.6255e+00 -1.3241e+00 +3.8824e+00 -8.7149e-01 +1.6655e-01
338 0 +7.476202118e-01 +1.000747620e+03 +1.000747620e+03 -2.6826e+00 -1.3147e+00 +3.5974e+00 -9.4046e-01 +3.0692e-01
371 0 +7.409893117e-01 +1.000740989e+03 +1.000740989e+03 -2.8795e+00 -1.1954e+00 +3.7354e+00 -9.7236e-01 +3.1342e-01
381 0 +6.985614775e-01 +1.000698561e+03 +1.000698561e+03 -2.9099e+00 -1.1751e+00 +3.8222e+00 -8.9770e-01 +2.8352e-01
391 0 +5.133533093e-01 +1.000513353e+03 +1.000513353e+03 -2.7254e+00 -1.2263e+00 +3.6066e+00 -8.5571e-01 +2.0035e-01
398 0 +4.013943017e-01 +1.000401394e+03 +1.000401394e+03 -2.7667e+00 -1.2344e+00 +3.6930e+00 -8.1339e-01 +2.4249e-01
401 0 +3.590098847e-01 +1.000359010e+03 +1.000359010e+03 -2.7682e+00 -1.4438e+00 +3.7091e+00 -8.0708e-01 +2.4249e-01
411 0 +2.700385885e-01 +1.000270039e+03 +1.000270039e+03 -2.8746e+00 -1.2665e+00 +3.6329e+00 -7.8533e-01 +2.5149e-01
424 0 +1.823934482e-01 +1.000182393e+03 +1.000182393e+03 -3.0335e+00 -1.4678e+00 +3.7431e+00 -7.8308e-01 +2.4901e-01
464 0 +1.485213553e-01 +1.000148521e+03 +1.000148521e+03 -2.8940e+00 -1.3506e+00 +3.7195e+00 -7.5638e-01 +1.5854e-01
473 0 +1.110499687e-01 +1.000111050e+03 +1.000111050e+03 -2.9587e+00 -1.4021e+00 +3.7884e+00 -7.2915e-01 +1.5358e-01
483 0 +7.498266223e-02 +1.000074983e+03 +1.000074983e+03 -2.9442e+00 -1.3736e+00 +3.7501e+00 -7.1144e-01 +1.7157e-01
504 0 +7.498266223e-02 +1.000074983e+03 +1.000074983e+03 -2.9442e+00 -1.3736e+00 +3.7501e+00 -7.1144e-01 +1.7157e-01
% f evaluations | g evaluations | best noise-free fitness - Fopt (1.490000000000e+00) + sum g_i+ | measured fitness | best measured fitness or single-digit g-values | x1 | x2...
1 0 +2.236674797e+02 +2.251574797e+02 +2.251574797e+02 +1.3237e-01 -9.9262e-02 +7.2925e-01 -7.5630e-02 +3.2884e-02
2 0 +2.118199809e+02 +2.133099809e+02 +2.133099809e+02 +4.7474e-01 -2.7277e-01 -1.7749e-01 +5.6283e-02 -9.8965e-02
15 0 +2.081129260e+02 +2.096029260e+02 +2.096029260e+02 -5.3673e-01 -5.2690e-01 -5.2660e-01 -2.9966e-01 -2.7383e-01
17 0 +1.932582929e+02 +1.947482929e+02 +1.947482929e+02 +1.0228e-01 -7.4021e-02 -7.5133e-01 -1.3646e-02 +2.3431e-01
26 0 +1.900179815e+02 +1.915079815e+02 +1.915079815e+02 +3.8516e-01 +2.1470e-01 -9.3400e-01 -7.7389e-01 -5.1206e-01
27 0 +1.824913687e+02 +1.839813687e+02 +1.839813687e+02 +5.7028e-02 -3.4473e-01 -7.6226e-01 -7.0611e-01 -2.7330e-01
31 0 +1.742093144e+02 +1.756993144e+02 +1.756993144e+02 +1.0379e-01 -2.6803e-01 -1.1515e+00 -3.2542e-02 -1.4456e-01
33 0 +1.479345149e+02 +1.494245149e+02 +1.494245149e+02 +3.4770e-01 -3.5175e-01 -1.2333e+00 -4.8354e-01 -2.0269e-01
39 0 +1.362317516e+02 +1.377217516e+02 +1.377217516e+02 +2.7759e-01 -6.6033e-01 -1.4516e+00 -3.0497e-01 -3.0530e-01
57 0 +1.150296886e+02 +1.165196886e+02 +1.165196886e+02 +9.1045e-01 -6.0668e-01 -1.9205e+00 -1.2601e-01 +1.2594e-01
66 0 +1.115454733e+02 +1.130354733e+02 +1.130354733e+02 +6.8413e-01 -7.3407e-01 -1.9643e+00 -2.7629e-01 +4.4282e-01
76 0 +9.504405976e+01 +9.653405976e+01 +9.653405976e+01 +6.5590e-01 -1.8372e+00 -2.1871e+00 +9.0855e-02 +4.5179e-01
84 0 +7.952308644e+01 +8.101308644e+01 +8.101308644e+01 +9.8786e-01 -2.2717e+00 -2.6418e+00 +6.1222e-01 +3.7287e-01
96 0 +6.707386914e+01 +6.856386914e+01 +6.856386914e+01 +1.3483e+00 -1.3977e+00 -3.0437e+00 +6.9957e-01 +1.0967e+00
98 0 +5.891860892e+01 +6.040860892e+01 +6.040860892e+01 +1.5081e+00 -3.1382e+00 -3.1288e+00 +8.6570e-01 +7.0256e-01
102 0 +4.320277434e+01 +4.469277434e+01 +4.469277434e+01 +2.6505e+00 -2.2360e+00 -3.3057e+00 +7.2272e-01 +1.4452e+00
179 0 +3.998343242e+01 +4.147343242e+01 +4.147343242e+01 +2.3087e+00 -2.4581e+00 -4.0445e+00 +1.4655e+00 +2.3573e+00
202 0 +3.485555446e+01 +3.634555446e+01 +3.634555446e+01 +2.5671e+00 -2.5028e+00 -3.1767e+00 +3.1406e-01 +1.9328e+00
203 0 +2.769889213e+01 +2.918889213e+01 +2.918889213e+01 +2.6101e+00 -1.8173e+00 -3.6455e+00 +1.4771e-01 +1.8982e+00
218 0 +2.070845751e+01 +2.219845751e+01 +2.219845751e+01 +3.3848e+00 -2.5415e+00 -3.2750e+00 -7.8537e-01 +1.9242e+00
243 0 +1.694522927e+01 +1.843522927e+01 +1.843522927e+01 +3.1787e+00 -1.8620e+00 -3.4772e+00 -7.8790e-01 +2.2120e+00
245 0 +1.315080578e+01 +1.464080578e+01 +1.464080578e+01 +3.3368e+00 -1.2717e+00 -3.7301e+00 -1.1494e+00 +2.2312e+00
263 0 +6.714898776e+00 +8.204898776e+00 +8.204898776e+00 +3.8140e+00 -2.2502e+00 -3.1219e+00 -2.4832e+00 +2.3334e+00
326 0 +3.886706387e+00 +5.376706387e+00 +5.376706387e+00 +3.6217e+00 -2.4282e+00 -2.8664e+00 -2.7055e+00 +3.1593e+00
354 0 +3.703683524e+00 +5.193683524e+00 +5.193683524e+00 +3.6647e+00 -2.4580e+00 -2.7744e+00 -3.1143e+00 +3.1024e+00
370 0 +2.952143841e+00 +4.442143841e+00 +4.442143841e+00 +3.9265e+00 -2.0586e+00 -2.8773e+00 -3.0696e+00 +3.0764e+00
378 0 +2.626063089e+00 +4.116063089e+00 +4.116063089e+00 +3.7721e+00 -2.1653e+00 -2.9985e+00 -2.7969e+00 +3.1494e+00
379 0 +2.555646221e+00 +4.045646221e+00 +4.045646221e+00 +4.0983e+00 -1.9236e+00 -3.0835e+00 -2.6822e+00 +3.3229e+00
385 0 +2.128670242e+00 +3.618670242e+00 +3.618670242e+00 +3.9362e+00 -2.0595e+00 -2.9101e+00 -3.0920e+00 +3.3242e+00
417 0 +1.612517940e+00 +3.102517940e+00 +3.102517940e+00 +3.9118e+00 -2.0584e+00 -2.9954e+00 -3.1463e+00 +3.2025e+00
418 0 +1.144759526e+00 +2.634759526e+00 +2.634759526e+00 +4.0717e+00 -1.8203e+00 -3.1657e+00 -3.1156e+00 +3.2800e+00
480 0 +7.326574174e-01 +2.222657417e+00 +2.222657417e+00 +3.8458e+00 -1.7870e+00 -3.3855e+00 -3.1483e+00 +2.9264e+00
504 0 +7.326574174e-01 +2.222657417e+00 +2.222657417e+00 +3.8458e+00 -1.7870e+00 -3.3855e+00 -3.1483e+00 +2.9264e+00
% f evaluations | g evaluations | best noise-free fitness - Fopt (5.963500000000e+02) + sum g_i+ | measured fitness | best measured fitness or single-digit g-values | x1 | x2...
1 0 +1.337850807e+05 +1.343814307e+05 +1.343814307e+05 +1.3237e-01 -9.9262e-02 +7.2925e-01 -7.5630e-02 +3.2884e-02
4 0 +1.137931161e+05 +1.143894661e+05 +1.143894661e+05 -2.1005e-01 +3.4542e-01 +5.5721e-01 -4.5337e-01 +1.9346e-01
9 0 +1.108490993e+05 +1.114454493e+05 +1.114454493e+05 -8.4109e-02 +3.2790e-01 +6.6480e-01 -1.4144e-01 +2.6717e-01
12 0 +1.071269568e+05 +1.077233068e+05 +1.077233068e+05 +5.0676e-01 +4.9005e-01 +3.4549e-01 -1.2234e-01 +7.5403e-01
23 0 +7.022103354e+04 +7.081738354e+04 +7.081738354e+04 +3.4993e-01 +5.6927e-01 +1.2762e+00 -3.0945e-01 +1.1651e+00
33 0 +6.365143586e+04 +6.424778586e+04 +6.424778586e+04 +5.3406e-01 +5.6232e-01 +2.1789e+00 -4.6487e-01 +1.0348e+00
43 0 +5.423389051e+04 +5.483024051e+04 +5.483024051e+04 +1.1469e+00 +1.1763e+00 +1.8252e+00 -1.3675e-01 +6.9125e-01
49 0 +4.998894064e+04 +5.058529064e+04 +5.058529064e+04 +1.6670e+00 +1.3697e+00 +1.9465e+00 -1.4792e-01 +1.3712e+00
52 0 +3.285904702e+04 +3.345539702e+04 +3.345539702e+04 +1.6865e+00 +2.0066e+00 +1.7496e+00 -1.2658e-01 +6.8986e-01
57 0 +1.041914496e+04 +1.101549496e+04 +1.101549496e+04 +3.2971e+00 +2.5766e+00 +3.3250e+00 +7.0074e-01 +1.2023e+00
69 0 +3.904141439e+02 +9.867641439e+02 +9.867641439e+02 +3.1406e+00 +3.3100e+00 +2.4432e+00 +1.7047e+00 +8.3243e-01
73 0 +8.087764629e+01 +6.772276463e+02 +6.772276463e+02 +3.4878e+00 +3.5368e+00 +2.8019e+00 +1.3042e+00 -1.6437e-02
82 0 +7.508125289e+01 +6.714312529e+02 +6.714312529e+02 +3.7031e+00 +3.2507e+00 +4.5841e+00 +1.1293e+00 -2.1458e-02
94 0 +5.850138389e+01 +6.548513839e+02 +6.548513839e+02 +3.3508e+00 +2.8724e+00 +3.5162e+00 +3.8390e+00 +1.7918e+00
106 0 +5.396762405e+01 +6.503176240e+02 +6.503176240e+02 +1.6267e+00 +2.9935e+00 +2.9096e+00 +1.4147e+00 +7.0396e-01
129 0 +4.656866569e+01 +6.429186657e+02 +6.429186657e+02 +1.3958e+00 +2.8832e+00 +3.4916e+00 +2.7260e+00 +7.4301e-01
133 0 +3.839744836e+01 +6.347474484e+02 +6.347474484e+02 +1.1836e+00 +2.3346e+00 +3.1740e+00 +2.5872e+00 +1.4959e+00
146 0 +2.384259876e+01 +6.201925988e+02 +6.201925988e+02 +2.1015e-01 +1.7012e+00 +4.1400e+00 +2.5707e+00 +1.7165e+00
257 0 +2.339537353e+01 +6.197453735e+02 +6.197453735e+02 +4.8198e-01 +1.5572e+00 +3.7881e+00 +3.0180e+00 +2.0922e+00
295 0 +2.286426822e+01 +6.192142682e+02 +6.192142682e+02 -2.2835e-01 +1.4073e+00 +3.7712e+00 +2.9195e+00 +1.7665e+00
299 0 +1.929358996e+01 +6.156435900e+02 +6.156435900e+02 -1.5685e-01 +1.5076e+00 +3.5099e+00 +3.0154e+00 +2.3289e+00
309 0 +1.820427593e+01 +6.145542759e+02 +6.145542759e+02 -5.3060e-01 +1.3123e+00 +3.5287e+00 +3.0864e+00 +2.0898e+00
321 0 +1.257816032e+01 +6.089281603e+02 +6.089281603e+02 -1.1763e+00 +1.1608e+00 +3.6627e+00 +3.3506e+00 +2.3270e+00
329 0 +1.220233575e+01 +6.085523358e+02 +6.085523358e+02 -1.3448e+00 +9.0550e-01 +3.4922e+00 +3.9220e+00 +2.7625e+00
338 0 +1.075256993e+01 +6.071025699e+02 +6.071025699e+02 -9.3298e-01 +7.4467e-01 +3.5717e+00 +3.7235e+00 +3.0328e+00
362 0 +7.827295408e+00 +6.041772954e+02 +6.041772954e+02 -2.0644e+00 +9.0265e-01 +3.8975e+00 +3.3647e+00 +2.4900e+00
367 0 +6.576925050e+00 +6.029269251e+02 +6.029269251e+02 -1.7953e+00 +7.3759e-01 +3.6266e+00 +3.3465e+00 +2.9165e+00
376 0 +5.786921338e+00 +6.021369213e+02 +6.021369213e+02 -2.4248e+00 +7.3377e-01 +3.9154e+00 +3.2735e+00 +2.7691e+00
384 0 +2.595380453e+00 +5.989453805e+02 +5.989453805e+02 -2.7573e+00 +5.6124e-01 +3.3804e+00 +3.4741e+00 +3.3781e+00
385 0 +2.508405091e+00 +5.988584051e+02 +5.988584051e+02 -2.8428e+00 +4.5690e-01 +3.6200e+00 +3.4014e+00 +3.2315e+00
426 0 +1.920685105e+00 +5.982706851e+02 +5.982706851e+02 -3.6757e+00 +4.6362e-01 +3.5228e+00 +3.3401e+00 +3.1822e+00
429 0 +1.606807254e+00 +5.979568073e+02 +5.979568073e+02 -3.2077e+00 +4.6619e-01 +3.5333e+00 +3.6190e+00 +3.4798e+00
437 0 +1.367962191e+00 +5.977179622e+02 +5.977179622e+02 -3.1729e+00 +3.8183e-01 +3.4552e+00 +3.5178e+00 +3.4988e+00
442 0 +1.331670400e+00 +5.976816704e+02 +5.976816704e+02 -3.5610e+00 +3.8417e-01 +3.3279e+00 +3.2228e+00 +3.4310e+00
451 0 +6.216946623e-01 +5.969716947e+02 +5.969716947e+02 -3.6966e+00 +1.8875e-01 +3.2288e+00 +3.4176e+00 +3.6502e+00
478 0 +4.155936920e-01 +5.967655937e+02 +5.967655937e+02 -3.5119e+00 +3.7207e-02 +3.4423e+00 +3.4106e+00 +3.6368e+00
501 0 +2.885095940e-01 +5.966385096e+02 +5.966385096e+02 -3.5666e+00 +7.7638e-02 +3.4310e+00 +3.4116e+00 +3.7287e+00
504 0 +2.885095940e-01 +5.966385096e+02 +5.966385096e+02 -3.5666e+00 +7.7638e-02 +3.4310e+00 +3.4116e+00 +3.7287e+00
% f evaluations | g evaluations | best noise-free fitness - Fopt (-1.189700000000e+02) + sum g_i+ | measured fitness | best measured fitness or single-digit g-values | x1 | x2...
1 0 +2.282136299e+05 +2.280946599e+05 +2.280946599e+05 +1.3237e-01 -9.9262e-02 +7.2925e-01 -7.5630e-02 +3.2884e-02
2 0 +1.915967946e+05 +1.914778246e+05 +1.914778246e+05 +4.7474e-01 -2.7277e-01 -1.7749e-01 +5.6283e-02 -9.8965e-02
3 0 +1.681401850e+05 +1.680212150e+05 +1.680212150e+05 -3.5783e-01 -6.1464e-02 -1.0765e-01 +1.8105e-01 -4.9946e-01
14 0 +1.604748812e+05 +1.603559112e+05 +1.603559112e+05 -6.8537e-02 +6.1577e-01 -1.0293e-01 +2.5964e-01 -7.3824e-01
15 0 +1.424474411e+05 +1.423284711e+05 +1.423284711e+05 -1.2071e-01 +3.4460e-01 -6.3392e-01 +4.2295e-01 +1.8460e-01
18 0 +1.215835063e+05 +1.214645363e+05 +1.214645363e+05 -1.7608e-01 +4.2921e-01 -5.6002e-01 +7.6352e-01 -4.0772e-01
23 0 +1.126948052e+05 +1.125758352e+05 +1.125758352e+05 -3.5233e-01 +1.0708e+00 -9.4245e-01 +7.8179e-01 -1.9208e-01
27 0 +1.117030548e+05 +1.115840848e+05 +1.115840848e+05 +6.6639e-02 +1.2816e+00 -9.1610e-01 +9.2922e-01 +4.3049e-02
28 0 +6.317561066e+04 +6.305664066e+04 +6.305664066e+04 -8.6717e-01 +8.7590e-01 -1.8744e+00 +1.2178e+00 -6.4797e-01
34 0 +3.966341149e+04 +3.954444149e+04 +3.954444149e+04 -2.9513e-01 +1.3963e+00 -1.9898e+00 +1.8112e+00 -5.2240e-01
43 0 +3.388416852e+04 +3.376519852e+04 +3.376519852e+04 -7.5235e-01 +9.1925e-01 -3.2361e+00 +1.3597e+00 -5.1541e-01
45 0 +1.980551254e+04 +1.968654254e+04 +1.968654254e+04 -1.1017e+00 +1.2430e+00 -3.0302e+00 +1.7570e+00 -1.2074e+00
49 0 +1.214688970e+04 +1.202791970e+04 +1.202791970e+04 -1.4433e+00 +1.4584e+00 -3.5757e+00 +1.8210e+00 -1.2513e+00
57 0 +2.378631994e+03 +2.259661994e+03 +2.259661994e+03 -1.2465e+00 +2.3837e+00 -4.7206e+00 +4.0094e+00 -2.9870e+00
70 0 +3.945709883e+02 +2.756009883e+02 +2.756009883e+02 -2.9346e+00 +2.4961e+00 -7.1174e+00 +2.9573e+00 -9.9843e-01
81 0 +2.942893944e+01 -8.954106056e+01 -8.954106056e+01 -3.1077e+00 +2.6906e+00 -4.4367e+00 +3.6680e+00 -1.0267e+00
139 0 +2.449604640e+01 -9.447395360e+01 -9.447395360e+01 -2.5924e+00 +1.8596e+00 -5.1142e+00 +3.8409e+00 -2.7197e+00
158 0 +2.345732726e+01 -9.551267274e+01 -9.551267274e+01 -1.6576e+00 +2.4715e+00 -5.0955e+00 +4.5626e+00 -2.5041e+00
202 0 +2.311619273e+01 -9.585380727e+01 -9.585380727e+01 -9.0863e-01 +1.9165e+00 -3.9299e+00 +4.6091e+00 -6.3608e-01
205 0 +1.185106439e+01 -1.071189356e+02 -1.071189356e+02 -1.5414e+00 +3.2543e+00 -3.7353e+00 +4.5033e+00 -2.0520e+00
256 0 +7.324367310e+00 -1.116456327e+02 -1.116456327e+02 -9.7745e-01 +2.9952e+00 -3.4566e+00 +4.3267e+00 -2.1526e+00
263 0 +6.778341554e+00 -1.121916584e+02 -1.121916584e+02 -1.5982e+00 +2.9469e+00 -3.2065e+00 +3.7858e+00 -1.8963e+00
297 0 +4.516181581e+00 -1.144538184e+02 -1.144538184e+02 -1.1637e+00 +3.5895e+00 -3.3021e+00 +4.0219e+00 -2.5522e+00
322 0 +4.048420175e+00 -1.149215798e+02 -1.149215798e+02 -7.4127e-01 +3.5778e+00 -3.0625e+00 +4.2133e+00 -2.0148e+00
323 0 +3.517321110e+00 -1.154526789e+02 -1.154526789e+02 -1.1449e+00 +3.6614e+00 -3.0656e+00 +3.9269e+00 -1.8147e+00
330 0 +1.315066697e+00 -1.176549333e+02 -1.176549333e+02 -1.1284e+00 +3.7311e+00 -2.7967e+00 +3.6477e+00 -2.2330e+00
364 0 +8.697856322e-01 -1.181002144e+02 -1.181002144e+02 -1.1408e+00 +3.7640e+00 -2.7554e+00 +3.5663e+00 -2.1975e+00
389 0 +4.253451144e-01 -1.185446549e+02 -1.185446549e+02 -1.2318e+00 +3.6334e+00 -2.7084e+00 +3.2650e+00 -2.2149e+00
424 0 +3.745192859e-01 -1.185954807e+02 -1.185954807e+02 -1.3705e+00 +3.6606e+00 -2.6423e+00 +3.1508e+00 -2.2345e+00
442 0 +2.565976879e-01 -1.187134023e+02 -1.187134023e+02 -1.2864e+00 +3.8258e+00 -2.5347e+00 +3.3148e+00 -2.2392e+00
459 0 +2.408870017e-01 -1.187291130e+02 -1.187291130e+02 -1.2191e+00 +3.8439e+00 -2.4719e+00 +3.3408e+00 -2.2645e+00
469 0 +1.176641373e-01 -1.188523359e+02 -1.188523359e+02 -1.0933e+00 +3.7740e+00 -2.4623e+00 +3.2844e+00 -2.1553e+00
504 0 +1.176641373e-01 -1.188523359e+02 -1.188523359e+02 -1.0933e+00 +3.7740e+00 -2.4623e+00 +3.2844e+00 -2.1553e+00
