% f evaluations | g evaluations | best noise-free fitness - Fopt (-5.494000000000e+01) + sum g_i+ | measured fitness | best measured fitness or single-digit g-values | x1 | x2...
1 0 +2.796077537e+06 +2.796022597e+06 +2.796022597e+06 -5.4357e-01 +6.2290e-02 -1.8685e-01 +1.8090e-01 +1.3626e-01
9 0 +1.540193402e+06 +1.540138462e+06 +1.540138462e+06 -8.1183e-01 +1.4825e-02 -5.0278e-01 +2.8856e-01 +9.7722e-01
17 0 +4.051240376e+05 +4.050690976e+05 +4.050690976e+05 -1.6040e+00 -8.6347e-02 -7.3257e-01 +5.0509e-02 +1.0268e+00
28 0 +1.635811841e+05 +1.635262441e+05 +1.635262441e+05 -1.5134e+00 +5.8508e-01 -9.4904e-01 +4.9714e-01 +1.3815e+00
58 0 +1.334533671e+05 +1.333984271e+05 +1.333984271e+05 -1.0772e+00 +2.4456e+00 -1.1015e+00 +6.9025e-01 +1.2672e+00
72 0 +7.279720507e+04 +7.274226507e+04 +7.274226507e+04 -9.7081e-01 +1.6699e+00 -1.2619e+00 +1.1947e+00 +1.0888e+00
90 0 +5.637745207e+04 +5.632251207e+04 +5.632251207e+04 -4.8376e-01 +1.4180e+00 -1.5853e+00 +1.0646e+00 +2.5773e+00
97 0 +2.640730973e+04 +2.635236973e+04 +2.635236973e+04 -5.9305e-01 +1.0944e+00 -1.5052e+00 +1.2314e+00 +2.3332e+00
101 0 +2.592485127e+04 +2.586991127e+04 +2.586991127e+04 -4.7620e-01 +2.2668e+00 -1.1611e+00 +1.3934e+00 +2.2112e+00
107 0 +1.455508338e+04 +1.450014338e+04 +1.450014338e+04 -8.2498e-01 +1.3478e+00 -1.7131e+00 +2.2373e+00 +1.8664e+00
219 0 +1.435084604e+04 +1.429590604e+04 +1.429590604e+04 -9.2889e-01 +1.9790e+00 -7.6252e-01 +2.0819e+00 +1.9802e+00
224 0 +1.304180338e+04 +1.298686338e+04 +1.298686338e+04 -9.6196e-01 +1.8974e+00 -6.8506e-01 +2.1662e+00 +2.0537e+00
237 0 +1.175722429e+04 +1.170228429e+04 +1.170228429e+04 -1.0250e+00 +1.7746e+00 -6.4247e-01 +2.2956e+00 +2.0807e+00
248 0 +1.035632279e+04 +1.030138279e+04 +1.030138279e+04 -9.4233e-01 +1.5963e+00 -7.1025e-01 +2.2613e+00 +2.2870e+00
266 0 +8.726429427e+03 +8.671489427e+03 +8.671489427e+03 -1.0575e+00 +1.3966e+00 -6.9459e-01 +2.3555e+00 +2.3126e+00
278 0 +7.593482952e+03 +7.538542952e+03 +7.538542952e+03 -1.0827e+00 +1.2306e+00 -7.2739e-01 +2.4607e+00 +2.3780e+00
295 0 +7.363377631e+03 +7.308437631e+03 +7.308437631e+03 -1.1898e+00 +1.1020e+00 -7.1133e-01 +2.5932e+00 +2.3680e+00
298 0 +7.164796807e+03 +7.109856807e+03 +7.109856807e+03 -1.3390e+00 +6.7759e-01 -7.7329e-01 +2.7114e+00 +2.4419e+00
299 0 +6.627979326e+03 +6.573039326e+03 +6.573039326e+03 -1.2453e+00 +9.7959e-01 -7.9477e-01 +2.6747e+00 +2.2686e+00
306 0 +6.421742899e+03 +6.366802899e+03 +6.366802899e+03 -1.1672e+00 +7.6677e-01 -7.1773e-01 +2.6764e+00 +2.5333e+00
315 0 +5.481517336e+03 +5.426577336e+03 +5.426577336e+03 -1.2393e+00 +7.9771e-01 -7.1734e-01 +2.5297e+00 +2.4565e+00
324 0 +4.563584880e+03 +4.508644880e+03 +4.508644880e+03 -1.3569e+00 +4.5920e-01 -7.8014e-01 +2.8462e+00 +2.4395e+00
337 0 +4.419985143e+03 +4.365045143e+03 +4.365045143e+03 -1.4722e+00 -1.0803e-02 -8.6243e-01 +2.8356e+00 +2.6533e+00
367 0 +3.517785654e+03 +3.462845654e+03 +3.462845654e+03 -1.3584e+00 +2.8101e-01 -7.5499e-01 +2.8385e+00 +2.6453e+00
370 0 +3.426858865e+03 +3.371918865e+03 +3.371918865e+03 -1.4553e+00 -3.6550e-02 -7.1683e-01 +2.9584e+00 +2.6946e+00
377 0 +3.222175059e+03 +3.167235059e+03 +3.167235059e+03 -1.4645e+00 -1.3006e-01 -7.8587e-01 +2.9224e+00 +2.6720e+00
378 0 +2.856095555e+03 +2.801155555e+03 +2.801155555e+03 -1.5035e+00 -2.8462e-01 -7.4128e-01 +3.1168e+00 +2.8008e+00
383 0 +2.585815677e+03 +2.530875677e+03 +2.530875677e+03 -1.4626e+00 +1.7431e-02 -7.3911e-01 +2.8999e+00 +2.6979e+00
385 0 +2.057739692e+03 +2.002799692e+03 +2.002799692e+03 -1.5055e+00 -1.7518e-01 -7.7795e-01 +2.9338e+00 +2.7621e+00
390 0 +1.790736010e+03 +1.735796010e+03 +1.735796010e+03 -1.5653e+00 -2.9919e-01 -7.8038e-01 +3.1388e+00 +2.7800e+00
392 0 +5.780260317e+02 +5.230860317e+02 +5.230860317e+02 -1.6267e+00 -5.7633e-01 -7.4329e-01 +3.1416e+00 +2.8883e+00
394 0 +2.798112794e+02 +2.248712794e+02 +2.248712794e+02 -1.8185e+00 -1.2268e+00 -8.2337e-01 +3.4653e+00 +3.0303e+00
473 0 +9.263991265e+01 +3.769991265e+01 +3.769991265e+01 -1.8871e+00 -1.1629e+00 -9.0595e-01 +3.4133e+00 +2.7515e+00
481 0 +8.075298906e+01 +2.581298906e+01 +2.581298906e+01 -1.9034e+00 -1.1912e+00 -9.0663e-01 +3.4374e+00 +2.7497e+00
488 0 +5.040987521e+01 -4.530124793e+00 -4.530124793e+00 -1.9272e+00 -1.2095e+00 -9.2489e-01 +3.4555e+00 +2.7169e+00
492 0 +2.744998575e+01 -2.749001425e+01 -2.749001425e+01 -1.9655e+00 -1.3559e+00 -9.2392e-01 +3.4857e+00 +2.7591e+00
504 0 +2.744998575e+01 -2.749001425e+01 -2.749001425e+01 -1.9655e+00 -1.3559e+00 -9.2392e-01 +3.4857e+00 +2.7591e+00
% f evaluations | g evaluations | best noise-free fitness - Fopt (5.913000000000e+01) + sum g_i+ | measured fitness | best measured fitness or single-digit g-values | x1 | x2...
1 0 +6.167745054e+06 +6.167804184e+06 +6.167804184e+06 +2.0477e-02 -3.0876e-01 +2.4381e-01 +5.9191e-01 -3.1071e-01
6 0 +2.884176890e+06 +2.884236020e+06 +2.884236020e+06 +5.0322e-02 +7.4710e-01 +2.0440e-01 +2.0224e-01 -3.7603e-01
9 0 +2.837455747e+06 +2.837514877e+06 +2.837514877e+06 +6.7181e-01 +4.6213e-01 +5.1117e-02 +7.2747e-01 -1.8428e-01
12 0 +2.551486258e+06 +2.551545388e+06 +2.551545388e+06 -4.6130e-02 +3.5080e-01 -3.2922e-01 +4.9540e-01 -9.9309e-01
19 0 +1.546808920e+06 +1.546868050e+06 +1.546868050e+06 -4.1558e-01 +1.0969e+00 +3.3158e-01 +4.0402e-01 -1.1788e+00
20 0 +9.104073218e+05 +9.104664518e+05 +9.104664518e+05 +5.2260e-01 +6.3912e-01 -5.2454e-01 +7.5633e-01 -1.5790e+00
27 0 +3.868359172e+05 +3.868950472e+05 +3.868950472e+05 +1.3487e-01 +1.0527e+00 +6.8825e-01 +8.3650e-01 -1.9614e+00
28 0 +3.179598943e+05 +3.180190243e+05 +3.180190243e+05 +6.3692e-01 +1.5148e+00 -4.1098e-01 +9.7642e-01 -1.4866e+00
40 0 +1.868447684e+05 +1.869038984e+05 +1.869038984e+05 +7.5504e-02 +1.0838e+00 -2.6130e-01 +9.8107e-01 -2.5880e+00
55 0 +1.801517358e+05 +1.802108658e+05 +1.802108658e+05 +1.3026e+00 +3.2548e+00 +4.5226e-01 -6.2846e-01 -6.8694e-01
63 0 +3.430791058e+04 +3.436704058e+04 +3.436704058e+04 +8.5509e-01 +3.6427e+00 -6.4808e-01 -1.4831e+00 -1.1153e+00
92 0 +2.980062030e+04 +2.985975030e+04 +2.985975030e+04 +3.0854e-01 +4.5472e+00 -9.7954e-01 -6.8087e-01 -4.9948e-01
105 0 +2.281155967e+04 +2.287068967e+04 +2.287068967e+04 -6.2467e-01 +4.0724e+00 -4.4996e-01 -9.3355e-01 -1.1475e+00
119 0 +1.991274934e+04 +1.997187934e+04 +1.997187934e+04 -5.3808e-01 +4.0588e+00 -6.5956e-01 -8.6097e-01 -1.1388e+00
121 0 +1.061733697e+04 +1.067646697e+04 +1.067646697e+04 -6.0521e-01 +4.4293e+00 -1.3735e+00 -7.7169e-01 -1.2884e+00
154 0 +9.349512884e+03 +9.408642884e+03 +9.408642884e+03 +3.5324e-01 +4.5435e+00 -9.3082e-01 -1.5366e+00 -7.2030e-01
157 0 +6.357496258e+03 +6.416626258e+03 +6.416626258e+03 +3.2494e-01 +4.8803e+00 -9.0127e-01 -1.5218e+00 -4.6684e-01
171 0 +4.520661751e+03 +4.579791751e+03 +4.579791751e+03 +4.4652e-01 +4.8587e+00 -1.2847e+00 -1.3502e+00 -5.6736e-01
197 0 +4.176634483e+03 +4.235764483e+03 +4.235764483e+03 +6.2208e-01 +4.9490e+00 -1.4044e+00 -1.5571e+00 -3.9760e-01
201 0 +1.833857599e+03 +1.892987599e+03 +1.892987599e+03 +6.4947e-01 +4.9574e+00 -1.4297e+00 -1.4482e+00 -3.7485e-01
210 0 +1.402571505e+03 +1.461701505e+03 +1.461701505e+03 +5.3218e-01 +4.8522e+00 -1.4642e+00 -1.3221e+00 -5.0731e-01
218 0 +1.335209087e+03 +1.394339087e+03 +1.394339087e+03 +6.2981e-01 +5.0296e+00 -1.3882e+00 -1.4829e+00 -3.4782e-01
227 0 +5.451678725e+02 +6.042978725e+02 +6.042978725e+02 +4.2613e-01 +5.0281e+00 -1.4237e+00 -1.4796e+00 -4.5696e-01
271 0 +5.138853568e+02 +5.730153568e+02 +5.730153568e+02 +5.9359e-01 +5.1013e+00 -1.4968e+00 -1.5182e+00 -3.5436e-01
276 0 +4.718033712e+02 +5.309333712e+02 +5.309333712e+02 +5.0629e-01 +5.0513e+00 -1.4675e+00 -1.5065e+00 -4.4703e-01
281 0 +4.444848188e+02 +5.036148188e+02 +5.036148188e+02 +5.0856e-01 +5.0628e+00 -1.4774e+00 -1.5245e+00 -4.3121e-01
316 0 +4.310589000e+02 +4.901889000e+02 +4.901889000e+02 +5.0122e-01 +5.0999e+00 -1.4725e+00 -1.5422e+00 -4.1991e-01
339 0 +4.218180091e+02 +4.809480091e+02 +4.809480091e+02 +5.0706e-01 +5.0921e+00 -1.4712e+00 -1.5391e+00 -4.1921e-01
504 0 +4.180563575e+02 +4.771863575e+02 +4.771863575e+02 +5.0342e-01 +5.0896e+00 -1.4741e+00 -1.5407e+00 -4.2363e-01
% f evaluations | g evaluations | best noise-free fitness - Fopt (-4.915300000000e+02) + sum g_i+ | measured fitness | best measured fitness or single-digit g-values | x1 | x2...
1 0 +2.032565281e+04 +1.983412281e+04 +1.983412281e+04 +8.8922e-02 -4.9303e-01 -3.2494e-02 +1.4355e-01 +4.8017e-01
4 0 +8.563833035e+03 +8.072303035e+03 +8.072303035e+03 +2.8858e-01 +2.9726e-01 -3.0037e-01 +3.1947e-01 +2.6208e-01
14 0 +6.172881443e+03 +5.681351443e+03 +5.681351443e+03 +1.3080e-01 +1.6745e-01 -1.1741e-01 -4.0823e-01 +3.7269e-01
31 0 +3.690778928e+03 +3.199248928e+03 +3.199248928e+03 +3.6804e-01 +1.0512e+00 -2.9535e-01 -9.5292e-02 +7.2695e-02
74 0 +2.607264169e+03 +2.115734169e+03 +2.115734169e+03 +3.9227e-01 +1.0151e+00 -6.3569e-01 +1.6461e-01 -3.7238e-01
75 0 +9.450200923e+02 +4.534900923e+02 +4.534900923e+02 +7.1865e-01 +1.3194e+00 -7.1894e-01 +8.2376e-01 +1.5739e-01
111 0 +5.515250751e+02 +5.999507512e+01 +5.999507512e+01 +8.3879e-01 +1.2808e+00 -6.6727e-01 +1.2888e+00 +4.0262e-01
245 0 +5.227340091e+02 +3.120400912e+01 +3.120400912e+01 +8.6067e-01 +1.3950e+00 -4.9910e-01 +1.3461e+00 +4.2952e-01
279 0 +4.892389505e+02 -2.291049499e+00 -2.291049499e+00 +7.3873e-01 +1.5045e+00 -5.4139e-01 +8.7350e-01 +1.3016e-01
281 0 +3.319722129e+02 -1.595577871e+02 -1.595577871e+02 +8.0291e-01 +1.5749e+00 -6.0082e-01 +1.0708e+00 +1.5568e-01
288 0 +2.147373940e+02 -2.767926060e+02 -2.767926060e+02 +8.6403e-01 +1.8217e+00 -6.8766e-01 +1.1703e+00 +4.5265e-02
308 0 +1.581283497e+02 -3.334016503e+02 -3.334016503e+02 +8.5388e-01 +1.7057e+00 -6.6117e-01 +1.2342e+00 +9.7537e-02
324 0 +8.468419293e+01 -4.068458071e+02 -4.068458071e+02 +9.0491e-01 +1.8735e+00 -7.1286e-01 +1.3572e+00 +3.5693e-02
331 0 +6.975100236e+01 -4.217789976e+02 -4.217789976e+02 +8.6749e-01 +1.8926e+00 -6.9830e-01 +1.2254e+00 -5.5059e-02
347 0 +6.135077561e+01 -4.301792244e+02 -4.301792244e+02 +8.8495e-01 +1.9159e+00 -7.3857e-01 +1.2880e+00 -5.5106e-02
348 0 +5.704912778e+01 -4.344808722e+02 -4.344808722e+02 +8.8899e-01 +1.9773e+00 -7.3161e-01 +1.2539e+00 -1.0810e-01
371 0 +4.785427279e+01 -4.436757272e+02 -4.436757272e+02 +9.0907e-01 +1.9410e+00 -7.3025e-01 +1.3328e+00 -2.4966e-02
376 0 +3.962940645e+01 -4.519005936e+02 -4.519005936e+02 +8.9760e-01 +1.9874e+00 -7.3954e-01 +1.3010e+00 -1.1257e-01
397 0 +3.651510258e+01 -4.550148974e+02 -4.550148974e+02 +9.0781e-01 +2.0132e+00 -7.5503e-01 +1.3300e+00 -1.1513e-01
416 0 +3.437022746e+01 -4.571597725e+02 -4.571597725e+02 +9.2365e-01 +2.0197e+00 -7.6523e-01 +1.3770e+00 -9.7093e-02
443 0 +3.308601699e+01 -4.584439830e+02 -4.584439830e+02 +9.2903e-01 +2.0303e+00 -7.7458e-01 +1.3835e+00 -9.7700e-02
504 0 +3.245097213e+01 -4.590790279e+02 -4.590790279e+02 +9.3878e-01 +2.0190e+00 -7.7423e-01 +1.4132e+00 -6.7298e-02
% f evaluations | g evaluations | best noise-free fitness - Fopt (-1.702000000000e+02) + sum g_i+ | measured fitness | best measured fitness or single-digit g-values | x1 | x2...
1 0 +1.650592273e+07 +1.650575253e+07 +1.650575253e+07 -2.7342e-01 -2.8323e-01 -2.8920e-02 +2.8570e-01 -2.2565e-01
4 0 +1.469624718e+07 +1.469607698e+07 +1.469607698e+07 -3.0524e-01 -9.9861e-02 -4.9206e-01 +3.0568e-01 -3.0356e-01
8 0 +1.341969508e+07 +1.341952488e+07 +1.341952488e+07 +1.3310e-01 +1.2350e-01 -1.8331e-01 +3.8073e-01 +1.2156e-01
10 0 +1.206221974e+07 +1.206204954e+07 +1.206204954e+07 +6.1731e-02 +1.7189e-01 -5.9172e-01 +3.4106e-01 +1.3014e-01
17 0 +9.917634513e+06 +9.917464313e+06 +9.917464313e+06 +2.4071e-01 -1.0128e-01 -4.9648e-01 +8.1951e-01 +9.5012e-02
25 0 +6.360261722e+06 +6.360091522e+06 +6.360091522e+06 +4.1582e-02 +2.4155e-01 -1.0670e+00 +1.2625e+00 +1.3106e-01
34 0 +6.200736126e+06 +6.200565926e+06 +6.200565926e+06 +5.8292e-02 +9.3194e-02 -8.4145e-01 +1.4097e+00 +2.4046e-01
35 0 +4.523205272e+06 +4.523035072e+06 +4.523035072e+06 +3.2482e-01 +3.8791e-02 -4.9136e-01 +2.0190e+00 +5.8377e-01
39 0 +3.707966147e+06 +3.707795947e+06 +3.707795947e+06 +2.3676e-01 +5.3581e-01 -1.6215e+00 +1.7096e+00 +4.7728e-01
46 0 +5.525116396e+05 +5.523414396e+05 +5.523414396e+05 +1.7036e-01 +1.4410e+00 -1.0724e+00 +3.1005e+00 +1.1931e+00
53 0 +2.664236011e+05 +2.662534011e+05 +2.662534011e+05 +3.9545e-01 +1.0296e+00 -1.3530e+00 +4.2579e+00 +1.3416e+00
68 0 +5.320554202e+04 +5.303534202e+04 +5.303534202e+04 -2.4896e+00 +2.1412e+00 -2.5178e+00 +4.0434e+00 +6.5486e-01
116 0 +2.811599655e+04 +2.794579655e+04 +2.794579655e+04 -3.0998e+00 +4.0129e+00 -1.8624e+00 +4.1698e+00 +8.3332e-01
149 0 +2.688384052e+04 +2.671364052e+04 +2.671364052e+04 -2.6923e+00 +3.1921e+00 -2.1631e+00 +3.8843e+00 +1.0191e+00
159 0 +2.352700585e+04 +2.335680585e+04 +2.335680585e+04 -2.9855e+00 +3.2011e+00 -2.0917e+00 +4.0514e+00 +8.4738e-01
204 0 +2.117925803e+04 +2.100905803e+04 +2.100905803e+04 -2.6794e+00 +2.9373e+00 -1.9683e+00 +4.1682e+00 +7.9083e-01
209 0 +2.016755925e+04 +1.999735925e+04 +1.999735925e+04 -2.6343e+00 +2.9553e+00 -1.9547e+00 +4.2840e+00 +7.7821e-01
213 0 +1.978283297e+04 +1.961263297e+04 +1.961263297e+04 -2.6403e+00 +3.0268e+00 -1.9530e+00 +4.2492e+00 +7.8581e-01
218 0 +1.935422123e+04 +1.918402123e+04 +1.918402123e+04 -2.6860e+00 +3.0065e+00 -1.9271e+00 +4.2343e+00 +7.4549e-01
231 0 +1.767072252e+04 +1.750052252e+04 +1.750052252e+04 -2.6731e+00 +2.9454e+00 -1.8697e+00 +4.2304e+00 +8.4080e-01
242 0 +1.595960215e+04 +1.578940215e+04 +1.578940215e+04 -2.7276e+00 +3.0651e+00 -1.8419e+00 +4.3093e+00 +8.0435e-01
249 0 +1.504419772e+04 +1.487399772e+04 +1.487399772e+04 -2.7528e+00 +3.0295e+00 -1.8012e+00 +4.3463e+00 +7.8784e-01
258 0 +1.479069343e+04 +1.462049343e+04 +1.462049343e+04 -2.8212e+00 +3.0098e+00 -1.8234e+00 +4.3454e+00 +7.7928e-01
276 0 +1.404979365e+04 +1.387959365e+04 +1.387959365e+04 -2.8256e+00 +3.0600e+00 -1.7523e+00 +4.4113e+00 +7.8333e-01
299 0 +1.378984114e+04 +1.361964114e+04 +1.361964114e+04 -2.8581e+00 +3.0499e+00 -1.7130e+00 +4.4844e+00 +7.5548e-01
305 0 +1.339293784e+04 +1.322273784e+04 +1.322273784e+04 -2.8599e+00 +3.0009e+00 -1.7313e+00 +4.4465e+00 +7.7724e-01
344 0 +1.315765283e+04 +1.298745283e+04 +1.298745283e+04 -2.8756e+00 +2.9865e+00 -1.6681e+00 +4.5042e+00 +7.6988e-01
388 0 +1.285699433e+04 +1.268679433e+04 +1.268679433e+04 -2.8452e+00 +2.9496e+00 -1.6567e+00 +4.4899e+00 +7.9997e-01
425 0 +1.254848261e+04 +1.237828261e+04 +1.237828261e+04 -2.8265e+00 +2.9109e+00 -1.6274e+00 +4.5006e+00 +8.1344e-01
460 0 +1.226195127e+04 +1.209175127e+04 +1.209175127e+04 -2.8074e+00 +2.8714e+00 -1.5993e+00 +4.5037e+00 +8.3397e-01
481 0 +1.195379502e+04 +1.178359502e+04 +1.178359502e+04 -2.7839e+00 +2.8322e+00 -1.5722e+00 +4.5098e+00 +8.5431e-01
491 0 +1.160190394e+04 +1.143170394e+04 +1.143170394e+04 -2.7638e+00 +2.7801e+00 -1.5308e+00 +4.5189e+00 +8.8046e-01
497 0 +1.146106778e+04 +1.129086778e+04 +1.129086778e+04 -2.7379e+00 +2.7634e+00 -1.5243e+00 +4.5145e+00 +8.8625e-01
504 0 +1.136292886e+04 +1.119272886e+04 +1.119272886e+04 -2.7432e+00 +2.7528e+00 -1.5166e+00 +4.5227e+00 +8.9201e-01
% f evaluations | g evaluations | best noise-free fitness - Fopt (-4.697500000000e+02) + sum g_i+ | measured fitness | best measured fitness or single-digit g-values | x1 | x2...
1 0 +1.123448796e+07 +1.123401821e+07 +1.123401821e+07 -7.3543e-02 -3.4849e-01 +5.2785e-02 +3.7037e-01 +2.6936e-01
10 0 +1.086534397e+07 +1.086487422e+07 +1.086487422e+07 -2.2118e-02 +1.3545e-01 +4.4245e-01 +2.0875e-01 -1.4218e-02
12 0 +7.200704359e+06 +7.200234609e+06 +7.200234609e+06 +2.9661e-01 -5.3427e-01 +4.9132e-01 +9.0254e-01 +3.9312e-03
19 0 +4.768853807e+06 +4.768384057e+06 +4.768384057e+06 +3.5078e-01 -6.1456e-01 +9.4871e-01 +1.5913e+00 +2.9996e-01
27 0 +3.799084509e+06 +3.798614759e+06 +3.798614759e+06 +8.3666e-01 -8.6213e-01 +9.2009e-01 +1.4939e+00 +2.7621e-01
29 0 +2.507601040e+06 +2.507131290e+06 +2.507131290e+06 +3.2179e-01 -1.5936e+00 +1.6615e+00 +1.8738e+00 +1.9732e-01
33 0 +6.203427592e+05 +6.198730092e+05 +6.198730092e+05 -4.4243e-03 -1.5096e+00 +3.0856e+00 +1.8995e+00 -3.2414e-01
37 0 +6.045393344e+05 +6.040695844e+05 +6.040695844e+05 +6.5935e-01 -1.5287e+00 +2.3784e+00 +2.0181e+00 -5.6064e-02
38 0 +2.742741142e+05 +2.738043642e+05 +2.738043642e+05 +2.3491e+00 -1.9410e+00 +1.4903e+00 +3.2820e+00 -8.0308e-01
51 0 +1.339299994e+05 +1.334602494e+05 +1.334602494e+05 +3.4686e+00 -2.1250e+00 +1.1234e+00 +9.6426e-01 -3.4968e-01
113 0 +4.350789918e+04 +4.303814918e+04 +4.303814918e+04 +4.9825e+00 -1.5736e+00 +6.0038e-01 -1.3399e+00 -4.7281e-01
127 0 +3.243858346e+04 +3.196883346e+04 +3.196883346e+04 +4.5516e+00 -1.6805e+00 +1.1873e+00 -2.2619e+00 -2.2192e-01
130 0 +2.924028096e+04 +2.877053096e+04 +2.877053096e+04 +4.6087e+00 -1.3247e+00 +1.1402e+00 -1.5142e+00 -6.7563e-01
136 0 +2.176091737e+04 +2.129116737e+04 +2.129116737e+04 +4.0965e+00 -1.0992e+00 +1.5278e+00 -1.0549e+00 -3.7523e-01
165 0 +1.629783554e+04 +1.582808554e+04 +1.582808554e+04 +4.0972e+00 -9.0936e-01 +1.7240e+00 -8.2661e-01 -7.9521e-01
173 0 +1.454753764e+04 +1.407778764e+04 +1.407778764e+04 +3.2847e+00 -7.2551e-01 +2.1391e+00 +2.8843e-01 -4.7902e-01
188 0 +1.137506231e+04 +1.090531231e+04 +1.090531231e+04 +3.3936e+00 -3.6798e-01 +2.1936e+00 +7.4960e-02 -2.2422e-01
212 0 +8.126432557e+03 +7.656682557e+03 +7.656682557e+03 +3.2813e+00 -1.9957e-01 +2.4262e+00 +3.6857e-01 -6.3664e-01
222 0 +6.674647537e+03 +6.204897537e+03 +6.204897537e+03 +3.0636e+00 -2.5120e-01 +2.5657e+00 +4.2811e-01 -6.1083e-01
314 0 +6.077120580e+03 +5.607370580e+03 +5.607370580e+03 +3.0305e+00 +7.8174e-02 +2.6419e+00 +6.4593e-01 -5.1038e-01
315 0 +4.913552203e+03 +4.443802203e+03 +4.443802203e+03 +2.9163e+00 +5.8956e-02 +2.7573e+00 +7.3159e-01 -5.3540e-01
330 0 +3.475568823e+03 +3.005818823e+03 +3.005818823e+03 +2.6300e+00 +1.6833e-01 +2.9596e+00 +1.1352e+00 -5.9495e-01
339 0 +3.453379535e+03 +2.983629535e+03 +2.983629535e+03 +2.7868e+00 +1.2174e-01 +2.8717e+00 +8.2750e-01 -6.5396e-01
350 0 +2.932504485e+03 +2.462754485e+03 +2.462754485e+03 +2.7322e+00 +1.7970e-01 +2.9407e+00 +9.8811e-01 -6.6117e-01
354 0 +2.824739617e+03 +2.354989617e+03 +2.354989617e+03 +2.7123e+00 +2.5179e-01 +2.9572e+00 +1.0625e+00 -6.5370e-01
365 0 +2.560552679e+03 +2.090802679e+03 +2.090802679e+03 +2.5059e+00 +3.2641e-01 +3.1184e+00 +1.3257e+00 -6.9242e-01
474 0 +2.099722991e+03 +1.629972991e+03 +1.629972991e+03 +2.3946e+00 +4.3357e-01 +3.1981e+00 +1.4308e+00 -6.1648e-01
481 0 +2.060595733e+03 +1.590845733e+03 +1.590845733e+03 +2.3386e+00 +4.3711e-01 +3.2331e+00 +1.5325e+00 -6.1995e-01
482 0 +1.842008756e+03 +1.372258756e+03 +1.372258756e+03 +2.2278e+00 +5.0620e-01 +3.3420e+00 +1.6948e+00 -6.5535e-01
484 0 +1.757488028e+03 +1.287738028e+03 +1.287738028e+03 +2.3013e+00 +4.5917e-01 +3.2782e+00 +1.5730e+00 -6.3631e-01
490 0 +1.559993031e+03 +1.090243031e+03 +1.090243031e+03 +2.3267e+00 +4.5626e-01 +3.2636e+00 +1.5083e+00 -6.4173e-01
504 0 +1.559993031e+03 +1.090243031e+03 +1.090243031e+03 +2.3267e+00 +4.5626e-01 +3.2636e+00 +1.5083e+00 -6.4173e-01
% f evaluations | g evaluations | best noise-free fitness - Fopt (-5.191000000000e+01) + sum g_i+ | measured fitness | best measured fitness or single-digit g-values | x1 | x2...
1 0 +1.593352064e+06 +1.593300154e+06 +1.593300154e+06 +1.6762e-01 +1.3815e-01 -1.0956e-01 -3.0493e-01 +1.3215e-01
2 0 +7.971733071e+05 +7.971213971e+05 +7.971213971e+05 -4.3833e-01 +3.4022e-01 -3.3518e-01 +1.6033e-01 -1.7753e-01
11 0 +6.646809423e+05 +6.646290323e+05 +6.646290323e+05 -2.3163e-01 +2.3957e-01 -3.3178e-01 +6.0004e-01 -7.5840e-02
12 0 +3.899055471e+05 +3.898536371e+05 +3.898536371e+05 -8.3732e-01 -1.1252e-01 -7.2164e-01 -5.9934e-02 -4.3288e-01
14 0 +4.313071701e+04 +4.307880701e+04 +4.307880701e+04 -9.0371e-02 +6.8910e-01 -1.1082e+00 +6.5190e-02 -3.2288e-01
36 0 +3.439764388e+04 +3.434573388e+04 +3.434573388e+04 -6.8222e-01 +4.8469e-01 -1.3611e+00 -3.9182e-01 -5.4013e-01
40 0 +2.997747975e+04 +2.992556975e+04 +2.992556975e+04 -3.0171e-02 +2.1364e-01 -1.0284e+00 -2.5755e-01 -9.0687e-01
50 0 +1.447538699e+04 +1.442347699e+04 +1.442347699e+04 -4.2386e-02 +9.3666e-01 -1.0954e+00 -1.8589e-01 -1.5854e+00
60 0 +6.156251573e+03 +6.104341573e+03 +6.104341573e+03 +6.0749e-01 +7.1837e-01 -8.6490e-01 -1.2555e-01 -1.2680e+00
87 0 +2.446191244e+03 +2.394281244e+03 +2.394281244e+03 +2.2580e-01 +8.9800e-01 -1.0132e+00 -2.9265e-01 -1.3158e+00
102 0 +1.082490083e+03 +1.030580083e+03 +1.030580083e+03 +3.3388e-01 +1.1569e+00 -1.0357e+00 +6.5251e-02 -1.1330e+00
117 0 +9.237059955e+02 +8.717959955e+02 +8.717959955e+02 +1.4580e-01 +1.2836e+00 -1.0857e+00 -1.9818e-01 -1.3805e+00
137 0 +8.308065124e+02 +7.788965124e+02 +7.788965124e+02 +2.3462e-01 +1.1384e+00 -1.0030e+00 -2.2969e-01 -1.5059e+00
151 0 +7.365460369e+02 +6.846360369e+02 +6.846360369e+02 +1.7554e-01 +1.1786e+00 -9.4098e-01 -4.8967e-02 -1.6799e+00
155 0 +6.025662621e+02 +5.506562621e+02 +5.506562621e+02 +1.3218e-01 +1.2261e+00 -1.0016e+00 -2.3285e-01 -1.6079e+00
224 0 +5.946350198e+02 +5.427250198e+02 +5.427250198e+02 +1.7248e-01 +1.2041e+00 -1.0030e+00 -1.8632e-01 -1.5216e+00
256 0 +5.866777816e+02 +5.347677816e+02 +5.347677816e+02 +1.4370e-01 +1.2080e+00 -1.0028e+00 -2.0807e-01 -1.5491e+00
333 0 +5.752094743e+02 +5.232994743e+02 +5.232994743e+02 +1.4851e-01 +1.2144e+00 -1.0027e+00 -2.0782e-01 -1.5587e+00
385 0 +5.610988728e+02 +5.091888728e+02 +5.091888728e+02 +1.3596e-01 +1.2278e+00 -1.0058e+00 -2.0877e-01 -1.5647e+00
425 0 +5.461820252e+02 +4.942720252e+02 +4.942720252e+02 +1.1033e-01 +1.2537e+00 -1.0106e+00 -2.1267e-01 -1.5770e+00
457 0 +5.360660673e+02 +4.841560673e+02 +4.841560673e+02 +7.9484e-02 +1.2774e+00 -1.0172e+00 -2.1513e-01 -1.5871e+00
491 0 +5.234285729e+02 +4.715185729e+02 +4.715185729e+02 +5.4864e-02 +1.2967e+00 -1.0236e+00 -2.1310e-01 -1.5876e+00
504 0 +5.156576200e+02 +4.637476200e+02 +4.637476200e+02 +1.4703e-02 +1.3373e+00 -1.0359e+00 -2.2159e-01 -1.6015e+00
% f evaluations | g evaluations | best noise-free fitness - Fopt (4.808000000000e+01) + sum g_i+ | measured fitness | best measured fitness or single-digit g-values | x1 | x2...
1 0 +2.121089678e+06 +2.121137758e+06 +2.121137758e+06 -2.7535e-01 -3.0958e-01 -1.8866e-01 +1.5485e-02 +2.6239e-01
2 0 +1.956025043e+06 +1.956073123e+06 +1.956073123e+06 -2.4880e-01 +1.4942e-01 -3.4686e-01 -2.0233e-01 -8.2361e-02
9 0 +1.814395836e+06 +1.814443916e+06 +1.814443916e+06 -8.5458e-01 -6.9414e-02 +7.3134e-03 -4.9095e-02 +2.7292e-01
21 0 +1.773494933e+06 +1.773543013e+06 +1.773543013e+06 -5.9620e-01 -5.2586e-02 -1.7814e-01 -7.4499e-01 +1.0492e-01
23 0 +7.275285279e+05 +7.275766079e+05 +7.275766079e+05 -1.1067e+00 -9.2056e-02 -2.0376e-01 -4.4322e-01 +3.6687e-01
25 0 +1.526727140e+05 +1.527207940e+05 +1.527207940e+05 -1.2809e+00 +3.5277e-01 -7.9549e-01 -4.7018e-01 +5.7368e-01
33 0 +1.289856183e+05 +1.290336983e+05 +1.290336983e+05 -1.4504e+00 -4.4289e-01 -8.1488e-01 -1.2339e-01 +1.0086e+00
36 0 +3.560482073e+04 +3.565290073e+04 +3.565290073e+04 -1.5113e+00 -2.1363e-01 -1.1334e+00 -8.3426e-01 +1.1464e+00
76 0 +3.134080603e+04 +3.138888603e+04 +3.138888603e+04 -2.3437e+00 +1.2720e+00 -4.0617e-01 -1.3463e+00 +1.1466e+00
95 0 +2.476960383e+04 +2.481768383e+04 +2.481768383e+04 -1.9579e+00 -1.5367e-01 -7.1803e-01 -1.1361e+00 +1.4595e+00
220 0 +2.395421277e+04 +2.400229277e+04 +2.400229277e+04 -2.1447e+00 +1.0173e+00 -5.3539e-01 -1.3479e+00 +1.3927e+00
257 0 +2.334204792e+04 +2.339012792e+04 +2.339012792e+04 -2.1354e+00 +1.0099e+00 -5.5477e-01 -1.3797e+00 +1.4443e+00
293 0 +2.275190021e+04 +2.279998021e+04 +2.279998021e+04 -2.0874e+00 +9.4146e-01 -5.7917e-01 -1.3380e+00 +1.4503e+00
335 0 +2.231056576e+04 +2.235864576e+04 +2.235864576e+04 -2.0685e+00 +8.7830e-01 -6.0184e-01 -1.3468e+00 +1.4601e+00
356 0 +2.183028541e+04 +2.187836541e+04 +2.187836541e+04 -2.0500e+00 +8.2873e-01 -6.1786e-01 -1.3460e+00 +1.4819e+00
370 0 +2.116569293e+04 +2.121377293e+04 +2.121377293e+04 -2.0332e+00 +7.7025e-01 -6.2763e-01 -1.3517e+00 +1.5252e+00
377 0 +2.063678975e+04 +2.068486975e+04 +2.068486975e+04 -2.0036e+00 +6.7333e-01 -6.5835e-01 -1.3190e+00 +1.5385e+00
378 0 +1.985708240e+04 +1.990516240e+04 +1.990516240e+04 -1.9541e+00 +5.7803e-01 -6.9100e-01 -1.3191e+00 +1.5739e+00
387 0 +1.838597959e+04 +1.843405959e+04 +1.843405959e+04 -1.9943e+00 +4.9359e-01 -6.8735e-01 -1.3590e+00 +1.6844e+00
397 0 +1.585048157e+04 +1.589856157e+04 +1.589856157e+04 -1.8813e+00 +1.7995e-01 -7.6990e-01 -1.3322e+00 +1.7959e+00
401 0 +1.528706816e+04 +1.533514816e+04 +1.533514816e+04 -1.8418e+00 -8.5589e-03 -8.0476e-01 -1.3587e+00 +1.7764e+00
402 0 +1.311779771e+04 +1.316587771e+04 +1.316587771e+04 -1.7750e+00 -2.0698e-01 -8.7001e-01 -1.3552e+00 +1.8954e+00
416 0 +1.226723529e+04 +1.231531529e+04 +1.231531529e+04 -1.7941e+00 -3.8117e-01 -8.5231e-01 -1.3508e+00 +2.0434e+00
420 0 +9.120539549e+03 +9.168619549e+03 +9.168619549e+03 -1.6238e+00 -1.0456e+00 -1.0486e+00 -1.3738e+00 +2.2639e+00
422 0 +8.709501827e+03 +8.757581827e+03 +8.757581827e+03 -1.4080e+00 -1.1296e+00 -1.2603e+00 -1.2109e+00 +2.2516e+00
433 0 +3.668346078e+03 +3.716426078e+03 +3.716426078e+03 -1.3633e+00 -1.7679e+00 -1.3170e+00 -1.3811e+00 +2.6253e+00
444 0 +3.418584841e+03 +3.466664841e+03 +3.466664841e+03 -1.7578e+00 -1.7189e+00 -1.0233e+00 -1.4132e+00 +3.1247e+00
452 0 +2.924665699e+03 +2.972745699e+03 +2.972745699e+03 -1.4544e+00 -1.6606e+00 -1.2924e+00 -1.3244e+00 +2.9050e+00
455 0 +1.203662219e+03 +1.251742219e+03 +1.251742219e+03 -1.3810e+00 -2.2539e+00 -1.3787e+00 -1.3019e+00 +3.2951e+00
481 0 +7.443405972e+02 +7.924205972e+02 +7.924205972e+02 -1.2352e+00 -2.6444e+00 -1.4960e+00 -1.0299e+00 +3.5529e+00
504 0 +7.443405972e+02 +7.924205972e+02 +7.924205972e+02 -1.2352e+00 -2.6444e+00 -1.4960e+00 -1.0299e+00 +3.5529e+00
% f evaluations | g evaluations | best noise-free fitness - Fopt (3.058000000000e+01) + sum g_i+ | measured fitness | best measured fitness or single-digit g-values | x1 | x2...
1 0 +3.134052845e+06 +3.134083425e+06 +3.134083425e+06 -6.5331e-01 -2.6547e-01 +2.0277e-01 -1.0090e-01 -7.3246e-02
10 0 +2.660259956e+06 +2.660290536e+06 +2.660290536e+06 -3.5044e-01 -4.4956e-01 +4.3066e-01 -4.3346e-01 +1.1200e-01
21 0 +1.057527108e+06 +1.057557688e+06 +1.057557688e+06 -7.2579e-01 -4.5706e-01 +9.1945e-01 -9.7068e-01 +2.4045e-01
25 0 +6.101011732e+05 +6.101317532e+05 +6.101317532e+05 +4.3509e-02 -1.1015e+00 +9.7624e-01 -1.4723e+00 +7.2521e-01
26 0 +5.782487377e+05 +5.782793177e+05 +5.782793177e+05 -7.3424e-01 -4.2204e-01 +1.4490e+00 -1.6062e+00 +1.6331e-01
27 0 +1.536141932e+05 +1.536447732e+05 +1.536447732e+05 -2.0137e+00 -7.1141e-01 +1.1088e+00 -9.3136e-01 +5.7988e-02
42 0 +1.035150701e+05 +1.035456501e+05 +1.035456501e+05 -2.3130e+00 -8.2345e-01 +7.3947e-01 -1.3262e+00 +7.0809e-01
45 0 +5.627072445e+04 +5.630130445e+04 +5.630130445e+04 -1.8980e+00 -1.0419e+00 +7.5646e-01 +5.5921e-01 +1.5364e+00
62 0 +4.686477178e+04 +4.689535178e+04 +4.689535178e+04 -3.3292e+00 +2.5299e-01 +1.4640e+00 -6.4207e-01 +1.5018e+00
63 0 +2.657420618e+04 +2.660478618e+04 +2.660478618e+04 -3.1198e+00 -3.5882e-01 +6.1034e-01 +3.5384e-01 +8.7894e-01
98 0 +1.917145298e+04 +1.920203298e+04 +1.920203298e+04 -2.4943e+00 +1.8222e-01 +2.1585e+00 -6.2558e-01 +9.1552e-01
118 0 +5.532955780e+03 +5.563535780e+03 +5.563535780e+03 -2.1888e+00 +3.4711e-01 +2.3310e+00 -1.1054e+00 +1.6477e+00
124 0 +4.930508832e+03 +4.961088832e+03 +4.961088832e+03 -2.2536e+00 +3.3017e-01 +2.0804e+00 -1.2390e+00 +1.9800e+00
126 0 +4.144125588e+03 +4.174705588e+03 +4.174705588e+03 -2.1294e+00 +3.3006e-01 +2.1350e+00 -1.1201e+00 +1.6560e+00
137 0 +2.353247605e+03 +2.383827605e+03 +2.383827605e+03 -2.3471e+00 +5.5625e-01 +2.3871e+00 -7.6693e-01 +1.8464e+00
149 0 +1.525961994e+03 +1.556541994e+03 +1.556541994e+03 -2.2826e+00 +7.8255e-01 +2.8679e+00 -1.3906e+00 +1.3949e+00
231 0 +1.170968617e+03 +1.201548617e+03 +1.201548617e+03 -2.5336e+00 +7.4230e-01 +2.6166e+00 -7.0689e-01 +1.4205e+00
248 0 +1.105662942e+03 +1.136242942e+03 +1.136242942e+03 -2.4861e+00 +6.9786e-01 +2.5826e+00 -7.5755e-01 +1.4486e+00
315 0 +1.095450890e+03 +1.126030890e+03 +1.126030890e+03 -2.5369e+00 +7.0733e-01 +2.5653e+00 -7.5875e-01 +1.4064e+00
504 0 +1.090317966e+03 +1.120897966e+03 +1.120897966e+03 -2.5417e+00 +7.0875e-01 +2.5585e+00 -7.5216e-01 +1.4126e+00
% f evaluations | g evaluations | best noise-free fitness - Fopt (1.000000000000e+03) + sum g_i+ | measured fitness | best measured fitness or single-digit g-values | x1 | x2...
1 0 +2.045042776e+06 +2.046042776e+06 +2.046042776e+06 +1.0074e-02 +1.0609e-01 +4.3667e-01 -2.5169e-01 -3.0038e-01
2 0 +1.000113345e+06 +1.001113345e+06 +1.001113345e+06 -1.7370e-01 -5.6024e-02 -3.9142e-01 -7.8634e-02 +5.3684e-02
4 0 +6.846740157e+05 +6.856740157e+05 +6.856740157e+05 -1.6962e-02 +1.7899e-02 -6.8263e-01 +2.2551e-02 +2.6468e-01
9 0 +6.127634095e+05 +6.137634095e+05 +6.137634095e+05 -1.7963e-01 +2.6226e-01 -6.4282e-01 -2.5469e-01 +3.6009e-01
13 0 +4.632938364e+05 +4.642938364e+05 +4.642938364e+05 -5.0125e-01 -3.9338e-01 -6.2134e-01 -3.6642e-01 -9.1763e-02
15 0 +2.775514415e+05 +2.785514415e+05 +2.785514415e+05 +2.1719e-01 +4.7618e-02 -4.4232e-01 -6.8193e-01 -5.1016e-01
17 0 +2.646715068e+04 +2.746715068e+04 +2.746715068e+04 -2.2465e-02 -5.2222e-01 -8.9922e-01 -8.3892e-01 -2.3256e-01
25 0 +2.395835273e+04 +2.495835273e+04 +2.495835273e+04 +2.1760e-01 -3.2845e-01 -4.7118e-01 -1.2905e+00 -7.4704e-01
35 0 +1.783961649e+04 +1.883961649e+04 +1.883961649e+04 -5.5182e-01 +3.2391e-01 -8.0278e-01 -1.4281e+00 -8.8775e-01
40 0 +1.372292623e+04 +1.472292623e+04 +1.472292623e+04 +1.8823e-01 -5.8651e-01 -1.8897e-01 -1.2364e+00 -1.0777e+00
57 0 +5.439550623e+03 +6.439550623e+03 +6.439550623e+03 -4.8050e-01 -6.8393e-01 -5.4045e-01 -1.1646e+00 -7.5171e-01
170 0 +5.111250444e+03 +6.111250444e+03 +6.111250444e+03 -5.6568e-01 -4.1584e-01 -8.4669e-01 -1.0964e+00 -9.1023e-01
181 0 +4.433639056e+03 +5.433639056e+03 +5.433639056e+03 -5.5947e-01 -4.4972e-01 -7.4247e-01 -1.1500e+00 -9.2165e-01
190 0 +3.870037174e+03 +4.870037174e+03 +4.870037174e+03 -5.9259e-01 -4.5944e-01 -7.6987e-01 -1.1481e+00 -9.5981e-01
197 0 +3.653496079e+03 +4.653496079e+03 +4.653496079e+03 -5.8888e-01 -4.8126e-01 -7.7972e-01 -1.1456e+00 -1.0095e+00
208 0 +3.277430335e+03 +4.277430335e+03 +4.277430335e+03 -5.9830e-01 -4.8164e-01 -7.5099e-01 -1.1591e+00 -1.0112e+00
211 0 +3.131941680e+03 +4.131941680e+03 +4.131941680e+03 -6.0053e-01 -4.8053e-01 -7.6195e-01 -1.1536e+00 -1.0675e+00
217 0 +2.829532716e+03 +3.829532716e+03 +3.829532716e+03 -6.2408e-01 -4.8748e-01 -7.0982e-01 -1.1790e+00 -1.1136e+00
234 0 +2.720372736e+03 +3.720372736e+03 +3.720372736e+03 -6.3505e-01 -5.2221e-01 -7.3348e-01 -1.1676e+00 -1.0973e+00
237 0 +2.595500594e+03 +3.595500594e+03 +3.595500594e+03 -6.7005e-01 -4.9973e-01 -6.7781e-01 -1.2245e+00 -1.1731e+00
265 0 +2.407013585e+03 +3.407013585e+03 +3.407013585e+03 -7.1930e-01 -5.0260e-01 -6.8584e-01 -1.2332e+00 -1.1519e+00
273 0 +2.360468322e+03 +3.360468322e+03 +3.360468322e+03 -7.2349e-01 -4.6724e-01 -7.3764e-01 -1.2029e+00 -1.1411e+00
286 0 +2.318420481e+03 +3.318420481e+03 +3.318420481e+03 -7.4481e-01 -4.7087e-01 -7.5439e-01 -1.2025e+00 -1.1487e+00
330 0 +2.275378830e+03 +3.275378830e+03 +3.275378830e+03 -7.5926e-01 -4.8000e-01 -7.4415e-01 -1.2073e+00 -1.1533e+00
368 0 +2.235126419e+03 +3.235126419e+03 +3.235126419e+03 -7.6890e-01 -4.7254e-01 -7.5341e-01 -1.2044e+00 -1.1506e+00
411 0 +2.182045763e+03 +3.182045763e+03 +3.182045763e+03 -7.7484e-01 -4.6310e-01 -7.6912e-01 -1.1966e+00 -1.1287e+00
456 0 +2.132582616e+03 +3.132582616e+03 +3.132582616e+03 -7.8840e-01 -4.5175e-01 -7.8642e-01 -1.1921e+00 -1.1110e+00
504 0 +2.095548883e+03 +3.095548883e+03 +3.095548883e+03 -8.0335e-01 -4.4326e-01 -7.9853e-01 -1.1908e+00 -1.1033e+00
% f evaluations | g evaluations | best noise-free fitness - Fopt (-4.236000000000e+01) + sum g_i+ | measured fitness | best measured fitness or single-digit g-values | x1 | x2...
1 0 +2.097073565e+05 +2.096649965e+05 +2.096649965e+05 -4.4797e-01 +4.3876e-01 +2.4530e-01 +2.0680e-01 +6.5764e-02
2 0 +4.449287795e+04 +4.445051795e+04 +4.445051795e+04 -1.5322e-01 +4.1057e-01 +7.4132e-01 +2.2720e-04 +3.9035e-01
4 0 +1.887477242e+04 +1.883241242e+04 +1.883241242e+04 +7.5882e-02 -2.8334e-02 -5.3507e-01 -2.4146e-01 -2.0795e-01
20 0 +1.217751176e+04 +1.213515176e+04 +1.213515176e+04 +4.7772e-01 -1.2854e-02 -2.4919e-01 -1.8125e-01 +3.1677e-01
69 0 +1.181379193e+04 +1.177143193e+04 +1.177143193e+04 -1.2248e-01 -2.7776e-01 -1.8366e-01 -3.1126e-01 -4.6521e-01
93 0 +1.146498650e+04 +1.142262650e+04 +1.142262650e+04 -1.5135e-01 -4.8702e-01 -1.8481e-01 -3.7615e-01 -4.7941e-01
101 0 +1.115486236e+04 +1.111250236e+04 +1.111250236e+04 -2.9299e-01 -2.5833e-01 -3.1933e-02 -3.8438e-01 -2.9084e-01
106 0 +1.058330854e+04 +1.054094854e+04 +1.054094854e+04 -2.2637e-01 -2.2212e-01 -3.8327e-02 -3.9387e-01 -2.5121e-01
128 0 +9.755986861e+03 +9.713626861e+03 +9.713626861e+03 -3.2329e-01 -2.5986e-01 +1.0231e-01 -4.4561e-01 -1.8989e-01
131 0 +8.992440152e+03 +8.950080152e+03 +8.950080152e+03 -3.4173e-01 -3.6906e-01 -3.7300e-03 -5.4060e-01 -1.9107e-01
164 0 +8.676971868e+03 +8.634611868e+03 +8.634611868e+03 -1.9993e-01 -3.4909e-01 +5.5396e-02 -5.1081e-01 +1.0436e-01
176 0 +8.505287973e+03 +8.462927973e+03 +8.462927973e+03 -2.6307e-01 -3.5183e-01 +7.1000e-02 -5.1555e-01 -1.4882e-02
201 0 +8.298326820e+03 +8.255966820e+03 +8.255966820e+03 -2.1855e-01 -3.3136e-01 +1.0490e-01 -5.5598e-01 +1.3236e-01
202 0 +8.071426763e+03 +8.029066763e+03 +8.029066763e+03 -2.2525e-01 -3.4637e-01 +1.5491e-01 -5.4364e-01 +1.4790e-01
213 0 +7.740804494e+03 +7.698444494e+03 +7.698444494e+03 -1.7777e-01 -3.1235e-01 +2.2277e-01 -5.3901e-01 +3.0326e-01
222 0 +7.518114955e+03 +7.475754955e+03 +7.475754955e+03 -1.8062e-01 -3.3414e-01 +2.3016e-01 -5.5427e-01 +3.4122e-01
230 0 +5.908825194e+03 +5.866465194e+03 +5.866465194e+03 -1.1737e-01 -2.6696e-01 +5.1936e-01 -5.8451e-01 +8.2761e-01
256 0 +5.838715491e+03 +5.796355491e+03 +5.796355491e+03 -4.0209e-02 -2.7718e-01 +5.3579e-01 -5.3899e-01 +8.7468e-01
261 0 +5.267820643e+03 +5.225460643e+03 +5.225460643e+03 -7.8752e-02 -2.4912e-01 +6.5408e-01 -6.1081e-01 +1.1510e+00
266 0 +3.528663582e+03 +3.486303582e+03 +3.486303582e+03 -2.4963e-01 -3.4322e-01 +6.1342e-01 -7.8613e-01 +1.1181e+00
276 0 +2.704218036e+03 +2.661858036e+03 +2.661858036e+03 -1.7618e-01 -2.7179e-01 +7.1383e-01 -8.9606e-01 +1.4811e+00
285 0 +2.624951435e+03 +2.582591435e+03 +2.582591435e+03 -1.0069e-01 -3.1055e-01 +6.9099e-01 -8.7734e-01 +1.6206e+00
286 0 +2.546450467e+03 +2.504090467e+03 +2.504090467e+03 -2.3359e-01 -2.3792e-01 +9.2257e-01 -1.0079e+00 +1.8501e+00
295 0 +9.137188888e+02 +8.713588888e+02 +8.713588888e+02 -3.1710e-01 -3.3777e-01 +1.0702e+00 -1.3400e+00 +2.5603e+00
298 0 +3.870516033e+02 +3.446916033e+02 +3.446916033e+02 -4.6387e-01 -3.2355e-01 +1.2557e+00 -1.5169e+00 +2.8535e+00
390 0 +2.193278948e+02 +1.769678948e+02 +1.769678948e+02 -1.2222e+00 -3.8933e-01 +1.4390e+00 -1.8140e+00 +2.3612e+00
425 0 +1.907424595e+02 +1.483824595e+02 +1.483824595e+02 -1.0982e+00 -4.1500e-01 +1.4621e+00 -1.7799e+00 +2.4993e+00
504 0 +1.907424595e+02 +1.483824595e+02 +1.483824595e+02 -1.0982e+00 -4.1500e-01 +1.4621e+00 -1.7799e+00 +2.4993e+00
% f evaluations | g evaluations | best noise-free fitness - Fopt (-7.187000000000e+01) + sum g_i+ | measured fitness | best measured fitness or single-digit g-values | x1 | x2...
1 0 +5.136913493e+05 +5.136194793e+05 +5.136194793e+05 +4.3976e-01 +4.2536e-01 +1.7339e-01 +1.9632e-01 -1.4877e-01
2 0 +3.010350091e+05 +3.009631391e+05 +3.009631391e+05 -3.1858e-02 +1.3482e-01 -1.9436e-01 -2.8308e-01 +9.5218e-02
3 0 +1.756522746e+05 +1.755804046e+05 +1.755804046e+05 -3.9379e-01 +1.6866e-01 -3.5686e-03 -4.9382e-01 -5.9034e-01
10 0 +1.506930661e+05 +1.506211961e+05 +1.506211961e+05 -1.8920e-01 +5.6239e-01 -7.3769e-01 -4.2262e-01 -3.8181e-01
19 0 +1.265828989e+05 +1.265110289e+05 +1.265110289e+05 -2.5792e-01 +1.0857e+00 -7.9468e-01 -5.2990e-01 -8.1606e-01
30 0 +5.302660183e+04 +5.295473183e+04 +5.295473183e+04 -3.1503e-01 +1.2428e+00 -1.7809e+00 -6.9105e-01 -1.1172e+00
40 0 +4.797770677e+04 +4.790583677e+04 +4.790583677e+04 -1.0388e+00 +1.4009e+00 -2.0323e+00 -1.5847e+00 -2.0150e+00
54 0 +1.776932773e+04 +1.769745773e+04 +1.769745773e+04 -1.0031e+00 +2.3675e+00 -1.1888e+00 -1.2512e+00 -1.6520e+00
70 0 +1.509939692e+04 +1.502752692e+04 +1.502752692e+04 -1.1261e+00 -4.3264e-02 -1.3290e+00 -1.4832e+00 -2.5263e+00
79 0 +7.376506925e+03 +7.304636925e+03 +7.304636925e+03 -3.0364e-01 -7.5459e-01 -5.2020e-01 -1.8765e+00 -2.4908e+00
147 0 +7.235392388e+03 +7.163522388e+03 +7.163522388e+03 -5.0070e-01 -2.9754e-02 -1.1848e+00 -1.5975e+00 -2.2579e+00
148 0 +5.136676038e+03 +5.064806038e+03 +5.064806038e+03 -1.9200e-01 -3.4323e-01 -1.0497e+00 -1.7667e+00 -2.3598e+00
177 0 +3.811330818e+03 +3.739460818e+03 +3.739460818e+03 -4.1854e-01 -1.8384e-01 -1.2175e+00 -1.9036e+00 -2.5434e+00
182 0 +2.241369148e+03 +2.169499148e+03 +2.169499148e+03 -2.7621e-01 -4.8675e-01 -1.0202e+00 -1.9267e+00 -2.5456e+00
193 0 +2.048358927e+03 +1.976488927e+03 +1.976488927e+03 -2.6880e-01 -4.7301e-01 -8.2482e-01 -2.0446e+00 -2.6688e+00
197 0 +1.625232204e+03 +1.553362204e+03 +1.553362204e+03 -1.8759e-01 -7.7168e-01 -7.5980e-01 -2.0546e+00 -2.6989e+00
210 0 +8.020059773e+02 +7.301359773e+02 +7.301359773e+02 +3.4559e-03 -1.1566e+00 -5.5948e-01 -2.2416e+00 -2.8707e+00
233 0 +5.475779931e+02 +4.757079931e+02 +4.757079931e+02 -2.2486e-01 -1.4487e+00 -2.0663e-01 -2.3857e+00 -3.1306e+00
246 0 +4.767018900e+02 +4.048318900e+02 +4.048318900e+02 -1.2263e-01 -1.8699e+00 -9.8259e-02 -2.5138e+00 -3.3255e+00
286 0 +3.087026907e+02 +2.368326907e+02 +2.368326907e+02 -2.3425e-01 -1.4727e+00 -2.2717e-01 -2.4091e+00 -3.1721e+00
299 0 +2.203008393e+02 +1.484308393e+02 +1.484308393e+02 -2.7932e-01 -1.3295e+00 -3.7000e-01 -2.3426e+00 -3.1371e+00
303 0 +2.149868607e+02 +1.431168607e+02 +1.431168607e+02 -2.3346e-01 -1.4405e+00 -3.5998e-01 -2.3841e+00 -3.1533e+00
313 0 +1.144452754e+02 +4.257527543e+01 +4.257527543e+01 -2.2726e-01 -1.4244e+00 -3.2291e-01 -2.3889e+00 -3.1643e+00
329 0 +1.091084364e+02 +3.723843637e+01 +3.723843637e+01 -2.2810e-01 -1.4571e+00 -3.1592e-01 -2.4040e+00 -3.1928e+00
351 0 +1.030790142e+02 +3.120901424e+01 +3.120901424e+01 -2.1780e-01 -1.4709e+00 -3.2550e-01 -2.4019e+00 -3.1860e+00
459 0 +1.023111553e+02 +3.044115531e+01 +3.044115531e+01 -2.1317e-01 -1.4825e+00 -3.2285e-01 -2.4046e+00 -3.1880e+00
504 0 +1.022138660e+02 +3.034386597e+01 +3.034386597e+01 -2.1324e-01 -1.4830e+00 -3.2241e-01 -2.4056e+00 -3.1891e+00
% f evaluations | g evaluations | best noise-free fitness - Fopt (-1.650000000000e+01) + sum g_i+ | measured fitness | best measured fitness or single-digit g-values | x1 | x2...
1 0 +9.391391419e+06 +9.391374919e+06 +9.391374919e+06 -1.9708e-01 -4.7555e-01 -6.2366e-01 -7.9783e-02 +1.5268e-01
2 0 +7.606437473e+06 +7.606420973e+06 +7.606420973e+06 -1.7821e-01 -4.5724e-01 +4.9032e-01 -5.5784e-02 +3.5269e-01
5 0 +7.490056559e+06 +7.490040059e+06 +7.490040059e+06 -2.6629e-01 +3.8487e-02 -3.7132e-01 +1.0437e-03 +3.9937e-01
6 0 +5.354570025e+06 +5.354553525e+06 +5.354553525e+06 +5.9503e-01 +5.2133e-03 -1.9758e-01 -1.1214e-01 +2.4242e-02
12 0 +4.833965409e+06 +4.833948909e+06 +4.833948909e+06 +4.5086e-01 +3.5293e-01 -4.0377e-01 +2.7459e-01 +2.2561e-01
18 0 +4.680574717e+06 +4.680558217e+06 +4.680558217e+06 +7.3201e-01 -1.4579e-01 -2.2575e-01 +6.0345e-01 +5.8124e-02
26 0 +2.144443084e+06 +2.144426584e+06 +2.144426584e+06 +1.2460e+00 +7.8368e-02 +3.4667e-01 +9.9489e-01 +1.4507e-01
41 0 +2.104828097e+06 +2.104811597e+06 +2.104811597e+06 +7.1008e-01 +1.5322e-01 +6.5040e-01 +1.6502e+00 +6.3913e-01
49 0 +1.626754902e+06 +1.626738402e+06 +1.626738402e+06 +1.6798e+00 +5.6068e-02 +2.6206e-01 +9.5548e-01 +7.0326e-01
54 0 +1.225537626e+06 +1.225521126e+06 +1.225521126e+06 +1.6322e+00 +6.2959e-01 +5.0594e-01 +1.7043e+00 +2.3059e-01
61 0 +9.532747907e+05 +9.532582907e+05 +9.532582907e+05 +1.6128e+00 +1.3507e+00 +9.0829e-01 +1.5415e+00 +7.2004e-02
62 0 +8.434738172e+05 +8.434573172e+05 +8.434573172e+05 +2.0490e+00 +9.8369e-01 +1.0411e+00 +8.5076e-01 +2.5562e-01
67 0 +7.427791229e+05 +7.427626229e+05 +7.427626229e+05 +1.8837e+00 +1.3044e+00 +1.5216e+00 +1.2416e+00 -6.5783e-01
77 0 +7.362684079e+05 +7.362519079e+05 +7.362519079e+05 +1.7563e+00 +2.5228e-01 +2.4751e+00 +1.4203e+00 +5.2042e-01
86 0 +6.511976995e+05 +6.511811995e+05 +6.511811995e+05 +8.2213e-01 +1.5639e+00 +2.0659e+00 +7.9956e-01 +4.4930e-01
97 0 +5.526722078e+05 +5.526557078e+05 +5.526557078e+05 +1.5701e+00 +1.1637e+00 +2.1166e+00 +9.7479e-01 -5.7880e-01
105 0 +2.864764915e+05 +2.864599915e+05 +2.864599915e+05 +1.8044e+00 +1.3304e+00 +3.0521e+00 +3.1307e-01 -8.4495e-01
122 0 +1.554495338e+05 +1.554330338e+05 +1.554330338e+05 +2.0649e+00 +1.4219e+00 +3.4978e+00 -6.6682e-01 -1.8667e+00
154 0 +9.330466663e+04 +9.328816663e+04 +9.328816663e+04 +2.8818e+00 +1.4744e+00 +4.0927e+00 -8.1418e-01 -3.1603e+00
164 0 +4.758032474e+04 +4.756382474e+04 +4.756382474e+04 +2.2529e+00 +1.5040e+00 +4.2457e+00 -5.5792e-01 -3.0492e+00
199 0 +3.747591863e+04 +3.745941863e+04 +3.745941863e+04 +1.9098e+00 +1.3234e+00 +4.9626e+00 -3.9101e-01 -2.1556e+00
201 0 +3.459381842e+04 +3.457731842e+04 +3.457731842e+04 +1.9427e+00 +1.3770e+00 +5.1260e+00 -5.6082e-01 -2.5675e+00
206 0 +2.920935913e+04 +2.919285913e+04 +2.919285913e+04 +1.9122e+00 +1.5810e+00 +4.7675e+00 -3.3664e-01 -2.4861e+00
210 0 +2.038399305e+04 +2.036749305e+04 +2.036749305e+04 +1.9606e+00 +1.4527e+00 +5.2174e+00 -5.9670e-01 -2.7597e+00
214 0 +1.126065726e+04 +1.124415726e+04 +1.124415726e+04 +1.9654e+00 +1.8531e+00 +5.1675e+00 -6.7087e-01 -2.7011e+00
227 0 +1.065617078e+04 +1.063967078e+04 +1.063967078e+04 +1.9952e+00 +1.4621e+00 +5.4075e+00 -5.3565e-01 -2.9425e+00
233 0 +8.932247774e+03 +8.915747774e+03 +8.915747774e+03 +1.9533e+00 +1.6157e+00 +5.3312e+00 -7.1469e-01 -2.6115e+00
247 0 +5.648128106e+03 +5.631628106e+03 +5.631628106e+03 +2.0040e+00 +1.6047e+00 +5.5217e+00 -7.2591e-01 -2.8278e+00
301 0 +4.996028335e+03 +4.979528335e+03 +4.979528335e+03 +1.9983e+00 +1.6664e+00 +5.4499e+00 -7.3362e-01 -2.8979e+00
307 0 +4.553109306e+03 +4.536609306e+03 +4.536609306e+03 +2.0424e+00 +1.6498e+00 +5.5579e+00 -7.8061e-01 -3.0114e+00
330 0 +4.463173574e+03 +4.446673574e+03 +4.446673574e+03 +2.0306e+00 +1.6696e+00 +5.5336e+00 -7.8554e-01 -3.0277e+00
342 0 +4.346139053e+03 +4.329639053e+03 +4.329639053e+03 +2.0195e+00 +1.7041e+00 +5.5100e+00 -7.6239e-01 -3.0091e+00
366 0 +4.259048398e+03 +4.242548398e+03 +4.242548398e+03 +2.0320e+00 +1.6965e+00 +5.5088e+00 -7.7059e-01 -3.0247e+00
473 0 +4.165333010e+03 +4.148833010e+03 +4.148833010e+03 +2.0215e+00 +1.7082e+00 +5.4991e+00 -7.7960e-01 -3.0188e+00
504 0 +4.129033683e+03 +4.112533683e+03 +4.112533683e+03 +2.0221e+00 +1.7101e+00 +5.4915e+00 -7.8021e-01 -3.0179e+00
% f evaluations | g evaluations | best noise-free fitness - Fopt (1.000000000000e+03) + sum g_i+ | measured fitness | best measured fitness or single-digit g-values | x1 | x2...
1 0 +6.835917116e+06 +6.836917116e+06 +6.836917116e+06 +2.3573e-01 +5.5105e-01 -5.0429e-01 -3.4011e-01 -2.0944e-01
8 0 +6.604415847e+06 +6.605415847e+06 +6.605415847e+06 -4.2010e-01 +2.6272e-01 +1.5658e-01 -2.7710e-01 -2.4517e-01
9 0 +5.773973263e+06 +5.774973263e+06 +5.774973263e+06 -9.0795e-01 +4.4652e-01 -3.1631e-01 -3.1289e-01 -1.9654e-01
16 0 +4.945668959e+06 +4.946668959e+06 +4.946668959e+06 -4.7370e-01 +2.1378e-01 -4.2261e-02 -7.3904e-01 -2.2416e-01
17 0 +4.835051773e+06 +4.836051773e+06 +4.836051773e+06 -1.0629e+00 +1.8027e-02 +1.2319e-02 -7.0708e-01 -3.2323e-01
25 0 +3.381570721e+06 +3.382570721e+06 +3.382570721e+06 -1.4623e+00 +3.8720e-01 -3.2359e-01 -1.1276e+00 -7.6806e-01
34 0 +1.748441279e+06 +1.749441279e+06 +1.749441279e+06 -1.5959e+00 +1.2555e+00 -1.7216e-01 -1.1632e+00 +3.0963e-01
38 0 +1.156350788e+06 +1.157350788e+06 +1.157350788e+06 -2.0684e+00 +3.4183e-01 -9.8636e-01 -1.8193e+00 -7.6805e-01
42 0 +6.577797186e+05 +6.587797186e+05 +6.587797186e+05 -1.9987e+00 +2.8079e-01 -6.6683e-01 -2.0931e+00 -1.6627e-01
50 0 +3.302154544e+05 +3.312154544e+05 +3.312154544e+05 -2.8364e+00 +1.0437e+00 -2.3428e-01 -2.1123e+00 +2.5303e-01
67 0 +3.102171389e+05 +3.112171389e+05 +3.112171389e+05 -1.4232e+00 -5.2212e-01 +7.4682e-01 -2.5875e+00 +1.0236e+00
80 0 +1.507836630e+05 +1.517836630e+05 +1.517836630e+05 -2.3041e+00 -2.4726e-01 +6.3831e-01 -2.5319e+00 +1.5399e+00
98 0 +1.369073156e+05 +1.379073156e+05 +1.379073156e+05 -2.3751e+00 +5.5819e-01 +8.9765e-01 -2.2372e+00 +1.5741e+00
106 0 +9.064053064e+04 +9.164053064e+04 +9.164053064e+04 -2.8276e+00 -3.3895e-02 +1.4732e+00 -2.4167e+00 +2.7285e+00
116 0 +2.313145550e+04 +2.413145550e+04 +2.413145550e+04 -1.7443e+00 +2.6620e-01 +1.4139e+00 -2.3931e+00 +2.7648e+00
133 0 +2.005887352e+04 +2.105887352e+04 +2.105887352e+04 -1.3457e+00 -1.2137e-01 +1.3731e+00 -2.5102e+00 +4.0225e+00
134 0 +1.032376052e+04 +1.132376052e+04 +1.132376052e+04 -1.9296e+00 +4.2188e-02 +1.7652e+00 -2.4510e+00 +3.3977e+00
177 0 +7.456197928e+03 +8.456197928e+03 +8.456197928e+03 -1.3413e+00 -2.2473e-01 +1.5253e+00 -2.6549e+00 +3.4382e+00
182 0 +6.666761413e+03 +7.666761413e+03 +7.666761413e+03 -1.5567e+00 -1.3534e-01 +1.6582e+00 -2.5935e+00 +3.4983e+00
204 0 +6.379202725e+03 +7.379202725e+03 +7.379202725e+03 -1.5138e+00 -9.9371e-03 +1.6682e+00 -2.5454e+00 +3.4532e+00
441 0 +6.306561896e+03 +7.306561896e+03 +7.306561896e+03 -1.5513e+00 -1.9734e-01 +1.5959e+00 -2.6038e+00 +3.5403e+00
504 0 +6.287051857e+03 +7.287051857e+03 +7.287051857e+03 -1.5543e+00 -1.9454e-01 +1.5849e+00 -2.6042e+00 +3.5326e+00
% f evaluations | g evaluations | best noise-free fitness - Fopt (-1.000000000000e+03) + sum g_i+ | measured fitness | best measured fitness or single-digit g-values | x1 | x2...
1 0 +6.110310751e+05 +6.100310751e+05 +6.100310751e+05 +5.9861e-01 +9.3058e-02 -5.2873e-01 -3.3321e-01 +5.5821e-01
2 0 +3.341774375e+05 +3.331774375e+05 +3.331774375e+05 +3.2352e-02 -4.2994e-01 +1.7377e-01 +5.1203e-01 +1.2749e-01
3 0 +2.330284709e+05 +2.320284709e+05 +2.320284709e+05 -5.3385e-02 -1.8209e-01 -1.2389e-01 -2.7306e-01 -8.3559e-02
5 0 +2.269083703e+05 +2.259083703e+05 +2.259083703e+05 +1.3965e-01 +2.5226e-01 +1.6379e-02 -1.7877e-01 +7.1231e-02
9 0 +1.948929648e+05 +1.938929648e+05 +1.938929648e+05 -4.4397e-01 +4.1917e-01 -3.3455e-01 -5.3283e-01 -3.6845e-01
29 0 +1.852499925e+05 +1.842499925e+05 +1.842499925e+05 -5.4539e-01 +7.4358e-01 -2.3121e-01 +1.1357e-01 -3.7385e-01
54 0 +1.683801567e+05 +1.673801567e+05 +1.673801567e+05 -4.4524e-01 +9.6027e-02 +1.8927e-01 -5.4285e-02 +1.9028e-01
61 0 +1.587642095e+05 +1.577642095e+05 +1.577642095e+05 -6.1247e-01 +1.7004e-01 -1.9352e-01 -2.1669e-01 +1.7957e-01
63 0 +1.577912322e+05 +1.567912322e+05 +1.567912322e+05 -8.9752e-01 +4.5053e-01 +4.9440e-01 +2.1531e-01 +2.0239e-01
65 0 +1.306748675e+05 +1.296748675e+05 +1.296748675e+05 -1.0134e+00 +2.3745e-01 +3.7633e-01 -1.2496e-01 +3.8400e-01
74 0 +1.141606508e+05 +1.131606508e+05 +1.131606508e+05 -1.4638e+00 +3.0004e-01 +3.6173e-01 -2.2385e-01 +2.8602e-01
76 0 +1.119402606e+05 +1.109402606e+05 +1.109402606e+05 -1.5197e+00 +4.6048e-01 +3.2356e-01 -1.4027e-02 +1.6985e-01
86 0 +8.544558839e+04 +8.444558839e+04 +8.444558839e+04 -1.8041e+00 +3.5971e-01 +2.7247e-01 -6.4815e-02 +3.4882e-01
105 0 +7.199706542e+04 +7.099706542e+04 +7.099706542e+04 -1.7705e+00 +7.9699e-02 +3.6474e-01 +2.5762e-02 +4.6207e-01
113 0 +6.603805352e+04 +6.503805352e+04 +6.503805352e+04 -1.9257e+00 +9.7307e-02 +7.1923e-01 +1.1308e-01 +7.3240e-01
120 0 +5.479357876e+04 +5.379357876e+04 +5.379357876e+04 -2.4126e+00 +4.8730e-01 +5.8019e-01 +4.2615e-02 +3.8121e-01
127 0 +4.067270147e+04 +3.967270147e+04 +3.967270147e+04 -4.1432e+00 +5.8895e-01 +1.0023e+00 +1.9899e-01 +5.8756e-01
128 0 +1.925672154e+04 +1.825672154e+04 +1.825672154e+04 -3.0293e+00 +5.5626e-01 +7.1361e-01 +2.4947e-01 +5.6499e-01
147 0 +1.781620052e+04 +1.681620052e+04 +1.681620052e+04 -4.1841e+00 +8.9335e-01 +1.8881e+00 +1.2354e+00 +1.3593e+00
155 0 +1.091240231e+04 +9.912402312e+03 +9.912402312e+03 -3.6283e+00 +4.6727e-01 +5.6171e-01 +7.4106e-01 +6.8785e-01
200 0 +9.028051003e+03 +8.028051003e+03 +8.028051003e+03 -3.2812e+00 +3.1135e-01 +1.2320e+00 +1.6326e+00 +1.2770e+00
232 0 +7.465418705e+03 +6.465418705e+03 +6.465418705e+03 -2.7886e+00 -1.3682e-01 +1.1611e+00 +1.4325e+00 +1.5772e+00
242 0 +6.180576162e+03 +5.180576162e+03 +5.180576162e+03 -2.6354e+00 -9.3106e-02 +9.8130e-01 +1.5521e+00 +1.3680e+00
252 0 +5.982532827e+03 +4.982532827e+03 +4.982532827e+03 -2.6146e+00 -8.9877e-02 +8.2405e-01 +1.4178e+00 +1.2397e+00
255 0 +5.551465256e+03 +4.551465256e+03 +4.551465256e+03 -2.2486e+00 -2.0074e-01 +6.0757e-01 +1.6279e+00 +1.1397e+00
267 0 +5.412489706e+03 +4.412489706e+03 +4.412489706e+03 -2.4866e+00 -1.9223e-01 +8.9376e-01 +1.7219e+00 +1.3885e+00
281 0 +4.777039549e+03 +3.777039549e+03 +3.777039549e+03 -2.4489e+00 -2.6041e-01 +6.8835e-01 +1.6945e+00 +1.2695e+00
289 0 +4.348655670e+03 +3.348655670e+03 +3.348655670e+03 -2.1277e+00 -4.2643e-01 +5.5662e-01 +1.6680e+00 +1.2661e+00
312 0 +4.085079782e+03 +3.085079782e+03 +3.085079782e+03 -1.8763e+00 -5.6940e-01 +4.3907e-01 +1.7076e+00 +1.2856e+00
313 0 +3.858427419e+03 +2.858427419e+03 +2.858427419e+03 -2.2158e+00 -4.3975e-01 +4.8115e-01 +1.7672e+00 +1.2371e+00
314 0 +3.753217321e+03 +2.753217321e+03 +2.753217321e+03 -2.0072e+00 -5.1932e-01 +4.4775e-01 +1.7220e+00 +1.2414e+00
326 0 +3.672217011e+03 +2.672217011e+03 +2.672217011e+03 -1.9656e+00 -4.8302e-01 +3.4352e-01 +1.7155e+00 +1.1496e+00
328 0 +3.330501109e+03 +2.330501109e+03 +2.330501109e+03 -1.8036e+00 -6.7419e-01 +2.9816e-01 +1.7426e+00 +1.2135e+00
331 0 +3.012610201e+03 +2.012610201e+03 +2.012610201e+03 -1.9386e+00 -5.7238e-01 +2.3656e-01 +1.7245e+00 +1.1419e+00
373 0 +2.754219832e+03 +1.754219832e+03 +1.754219832e+03 -1.7452e+00 -7.4336e-01 +1.1057e-01 +1.6177e+00 +1.1543e+00
381 0 +2.614565572e+03 +1.614565572e+03 +1.614565572e+03 -1.9704e+00 -7.1581e-01 +1.6204e-01 +1.6106e+00 +1.1559e+00
388 0 +2.416014157e+03 +1.416014157e+03 +1.416014157e+03 -1.4474e+00 -9.2309e-01 -1.0641e-01 +1.6160e+00 +1.0704e+00
390 0 +1.903256901e+03 +9.032569012e+02 +9.032569012e+02 -1.6265e+00 -8.5479e-01 -1.7851e-03 +1.6592e+00 +1.1135e+00
394 0 +1.812793726e+03 +8.127937260e+02 +8.127937260e+02 -1.6532e+00 -8.7525e-01 -4.1223e-02 +1.6851e+00 +1.0871e+00
407 0 +1.762026726e+03 +7.620267256e+02 +7.620267256e+02 -1.5246e+00 -9.3024e-01 -8.7208e-02 +1.6832e+00 +1.1229e+00
414 0 +1.591157317e+03 +5.911573168e+02 +5.911573168e+02 -1.5831e+00 -9.2130e-01 -6.2285e-02 +1.6828e+00 +1.1265e+00
443 0 +1.528004683e+03 +5.280046829e+02 +5.280046829e+02 -1.2208e+00 -1.1351e+00 -3.3871e-01 +1.7276e+00 +1.0402e+00
447 0 +1.445445184e+03 +4.454451844e+02 +4.454451844e+02 -1.5319e+00 -9.6747e-01 -1.1306e-01 +1.7012e+00 +1.1136e+00
452 0 +1.435027663e+03 +4.350276626e+02 +4.350276626e+02 -1.5465e+00 -9.4908e-01 -1.0858e-01 +1.7360e+00 +1.1114e+00
459 0 +1.395428041e+03 +3.954280410e+02 +3.954280410e+02 -1.5889e+00 -9.7958e-01 -1.1812e-01 +1.6962e+00 +1.1251e+00
461 0 +1.299870274e+03 +2.998702735e+02 +2.998702735e+02 -1.4556e+00 -1.0337e+00 -2.0143e-01 +1.7103e+00 +1.0878e+00
471 0 +1.256696480e+03 +2.566964801e+02 +2.566964801e+02 -1.4068e+00 -1.0870e+00 -2.4045e-01 +1.7059e+00 +1.0893e+00
474 0 +1.216291760e+03 +2.162917603e+02 +2.162917603e+02 -1.3797e+00 -1.1115e+00 -2.5160e-01 +1.7039e+00 +1.1048e+00
480 0 +1.181306016e+03 +1.813060164e+02 +1.813060164e+02 -1.2942e+00 -1.1713e+00 -3.1874e-01 +1.7231e+00 +1.0824e+00
486 0 +1.172958600e+03 +1.729586004e+02 +1.729586004e+02 -1.2867e+00 -1.1734e+00 -3.1738e-01 +1.7185e+00 +1.1018e+00
487 0 +1.123143036e+03 +1.231430362e+02 +1.231430362e+02 -1.2666e+00 -1.1955e+00 -3.4426e-01 +1.7065e+00 +1.0842e+00
491 0 +1.109741816e+03 +1.097418164e+02 +1.097418164e+02 -1.1432e+00 -1.2785e+00 -4.0564e-01 +1.6881e+00 +1.0910e+00
504 0 +1.109741816e+03 +1.097418164e+02 +1.097418164e+02 -1.1432e+00 -1.2785e+00 -4.0564e-01 +1.6881e+00 +1.0910e+00
% f evaluations | g evaluations | best noise-free fitness - Fopt (-1.527400000000e+02) + sum g_i+ | measured fitness | best measured fitness or single-digit g-values | x1 | x2...
1 0 +7.214379873e+06 +7.214227133e+06 +7.214227133e+06 -3.6265e-01 +9.1202e-02 +2.6296e-01 -4.9807e-01 -5.1994e-01
8 0 +7.033487346e+06 +7.033334606e+06 +7.033334606e+06 +2.7208e-01 -2.3293e-01 +3.6984e-01 -4.5022e-01 +4.7102e-02
10 0 +5.993313567e+06 +5.993160827e+06 +5.993160827e+06 -2.1891e-01 -5.2704e-01 +3.0100e-02 -5.8209e-01 -1.1940e-01
16 0 +4.604359756e+06 +4.604207016e+06 +4.604207016e+06 -1.3494e-01 -4.5744e-01 +1.4067e-01 -7.5039e-01 +7.8866e-02
21 0 +3.179110318e+06 +3.178957578e+06 +3.178957578e+06 -1.2583e-01 -2.3100e-01 +1.9906e-01 -9.5824e-01 +2.5230e-01
24 0 +2.608930941e+06 +2.608778201e+06 +2.608778201e+06 -5.5015e-01 -8.3504e-01 -5.7494e-01 -1.2205e+00 +2.6727e-03
25 0 +2.551042607e+06 +2.550889867e+06 +2.550889867e+06 -1.0189e+00 -4.9026e-01 +1.4053e-01 -1.0053e+00 +3.0198e-01
36 0 +2.242838698e+06 +2.242685958e+06 +2.242685958e+06 -8.1935e-01 -2.1189e-01 -4.6406e-01 -8.1627e-01 +9.0072e-01
38 0 +1.621415317e+06 +1.621262577e+06 +1.621262577e+06 -7.1917e-01 -7.2645e-01 -2.1638e-01 -1.4765e+00 +5.0531e-01
40 0 +1.274267029e+06 +1.274114289e+06 +1.274114289e+06 -1.9808e+00 -2.8632e-01 -3.8967e-01 -1.2903e+00 +6.5625e-02
43 0 +1.024457255e+06 +1.024304515e+06 +1.024304515e+06 -1.9683e+00 -1.4657e+00 -3.7254e-01 -1.4887e+00 +5.2635e-01
48 0 +7.295604849e+05 +7.294077449e+05 +7.294077449e+05 -1.1182e+00 -1.2545e+00 -4.0742e-01 -1.5642e+00 +1.2604e+00
63 0 +6.026596288e+05 +6.025068888e+05 +6.025068888e+05 -1.5923e+00 -1.1241e+00 -1.4279e+00 -1.6014e+00 +2.3952e+00
65 0 +4.230663147e+05 +4.229135747e+05 +4.229135747e+05 -1.3909e+00 -1.0371e+00 -1.1659e+00 -1.9660e+00 +1.4167e+00
69 0 +3.679510838e+05 +3.677983438e+05 +3.677983438e+05 -1.7866e+00 -1.3310e+00 -1.9183e+00 -1.1185e+00 +2.1629e+00
77 0 +3.603114801e+05 +3.601587401e+05 +3.601587401e+05 -1.9615e+00 -1.8918e+00 -2.8684e+00 -1.0035e+00 +2.4482e+00
81 0 +3.515035900e+05 +3.513508500e+05 +3.513508500e+05 -1.7408e+00 -1.6278e+00 -2.9317e+00 -7.2941e-01 +3.0924e+00
82 0 +3.449719825e+05 +3.448192425e+05 +3.448192425e+05 -1.8614e+00 -5.1787e-01 -1.4558e+00 -5.9655e-01 +3.0097e+00
90 0 +2.713248254e+05 +2.711720854e+05 +2.711720854e+05 -1.2444e+00 -1.4438e-01 -2.7146e+00 -2.3164e-01 +2.9059e+00
92 0 +2.650671134e+05 +2.649143734e+05 +2.649143734e+05 -1.4398e+00 -7.9241e-01 -2.3919e+00 -8.2150e-01 +2.5351e+00
103 0 +2.365901695e+05 +2.364374295e+05 +2.364374295e+05 -1.6178e+00 -1.4416e+00 -3.3339e+00 -1.1315e+00 +2.2070e+00
107 0 +1.487883537e+05 +1.486356137e+05 +1.486356137e+05 -1.7062e+00 -2.4783e-01 -4.0857e+00 +7.0421e-02 +3.2038e+00
117 0 +3.052106748e+04 +3.036832748e+04 +3.036832748e+04 -1.3222e+00 -8.6446e-01 -5.7543e+00 -7.3794e-01 +3.0969e+00
153 0 +1.671221700e+04 +1.655947700e+04 +1.655947700e+04 -3.9811e-01 -1.8541e+00 -7.0990e+00 +2.2413e-01 +4.8221e+00
263 0 +1.149652407e+04 +1.134378407e+04 +1.134378407e+04 -1.2552e+00 -1.1979e+00 -7.1976e+00 +1.6329e-01 +4.1103e+00
281 0 +1.118168011e+04 +1.102894011e+04 +1.102894011e+04 -1.1072e+00 -1.2024e+00 -6.8445e+00 +1.3560e-01 +4.1339e+00
282 0 +1.054623931e+04 +1.039349931e+04 +1.039349931e+04 -1.2409e+00 -1.2451e+00 -6.9953e+00 +1.6575e-01 +4.1449e+00
302 0 +1.011375064e+04 +9.961010639e+03 +9.961010639e+03 -1.2245e+00 -1.2916e+00 -6.9893e+00 +1.2258e-01 +4.0998e+00
303 0 +9.429026663e+03 +9.276286663e+03 +9.276286663e+03 -1.2224e+00 -1.3746e+00 -6.9524e+00 +8.0712e-02 +4.0306e+00
504 0 +9.344347762e+03 +9.191607762e+03 +9.191607762e+03 -1.2860e+00 -1.2876e+00 -6.8775e+00 +7.8377e-02 +3.9788e+00
