% f evaluations | g evaluations | best noise-free fitness - Fopt (-4.620900000000e+02) + sum g_i+ | measured fitness | best measured fitness or single-digit g-values | x1 | x2...
1 0 +1.381880292e+02 -3.239019708e+02 -3.239019708e+02 -5.0274e-01 -3.4137e-01 -9.8900e-02 -3.2621e-02 +2.8959e-01
2 0 +1.280715218e+02 -3.340184782e+02 -3.340184782e+02 -1.4834e-01 +1.9502e-02 +6.1178e-02 +1.2478e-01 -5.2738e-02
10 0 +1.098240608e+02 -3.522659392e+02 -3.522659392e+02 -4.6258e-01 +3.7945e-01 -1.3646e-01 +5.9400e-02 +4.8718e-01
11 0 +9.045990819e+01 -3.716300918e+02 -3.716300918e+02 -2.9650e-01 +1.6548e-01 -7.9461e-02 +2.3135e-01 +8.6434e-02
49 0 +8.449916777e+01 -3.775908322e+02 -3.775908322e+02 -3.2935e-01 +1.5630e-01 -3.4050e-02 +4.4567e-01 +4.8083e-01
101 0 +8.255762529e+01 -3.795323747e+02 -3.795323747e+02 -3.3892e-01 -3.1382e-02 -5.8413e-02 +3.1659e-01 +1.1430e-01
132 0 +8.072105915e+01 -3.813689409e+02 -3.813689409e+02 -3.6469e-01 -3.9766e-02 -2.2497e-02 +3.2176e-01 +4.5880e-02
152 0 +7.904603243e+01 -3.830439676e+02 -3.830439676e+02 -3.3830e-01 -1.6531e-02 -7.7971e-02 +3.1227e-01 +6.8341e-02
504 0 +7.860063520e+01 -3.834893648e+02 -3.834893648e+02 -3.3985e-01 +1.2833e-02 -7.3207e-02 +3.2110e-01 +5.6813e-02
% f evaluations | g evaluations | best noise-free fitness - Fopt (7.766000000000e+01) + sum g_i+ | measured fitness | best measured fitness or single-digit g-values | x1 | x2...
1 0 +2.994485709e+02 +3.771085709e+02 +3.771085709e+02 +3.6044e-01 +3.3609e-02 +9.8765e-02 -3.0474e-02 +5.4781e-01
2 0 +2.475866958e+02 +3.252466958e+02 +3.252466958e+02 +7.1151e-02 +9.9831e-02 -1.8947e-01 -2.1518e-01 -1.0839e-02
4 0 +2.329168361e+02 +3.105768361e+02 +3.105768361e+02 +1.4690e-01 +5.0528e-01 +1.4617e-01 -1.0168e-01 -1.3304e-01
6 0 +1.945394390e+02 +2.721994390e+02 +2.721994390e+02 +7.5597e-02 -3.6536e-01 -6.1102e-02 +3.2762e-01 -3.3871e-01
11 0 +1.795270597e+02 +2.571870597e+02 +2.571870597e+02 +2.3085e-01 -8.2249e-02 +1.8656e-01 +1.9099e-01 -3.2239e-01
13 0 +1.536972909e+02 +2.313572909e+02 +2.313572909e+02 +5.3045e-01 -2.0288e-01 +1.1906e-01 +1.8401e-01 -5.7050e-01
28 0 +1.189029756e+02 +1.965629756e+02 +1.965629756e+02 +6.7389e-01 +2.4313e-02 -1.8590e-01 +4.8546e-01 -7.0730e-01
44 0 +1.159690681e+02 +1.936290681e+02 +1.936290681e+02 +7.9052e-01 -2.0514e-02 +3.6264e-01 +5.1322e-01 -9.2111e-01
67 0 +1.120951623e+02 +1.897551623e+02 +1.897551623e+02 +7.8149e-01 +5.7195e-02 -1.1846e-01 +5.4629e-01 -1.5245e+00
68 0 +9.864827289e+01 +1.763082729e+02 +1.763082729e+02 +5.1616e-01 -1.1969e-02 +7.0500e-01 +2.8854e-01 -1.6036e+00
72 0 +9.311416463e+01 +1.707741646e+02 +1.707741646e+02 +1.3590e+00 -5.4010e-01 +3.0782e-01 +3.2246e-01 -1.7822e+00
74 0 +7.229470530e+01 +1.499547053e+02 +1.499547053e+02 +1.4793e+00 -8.6540e-01 +4.6696e-01 +3.2360e-01 -1.8977e+00
75 0 +7.075477041e+01 +1.484147704e+02 +1.484147704e+02 +1.3381e+00 +9.7492e-03 +4.5755e-01 +2.5570e-01 -1.8206e+00
91 0 +5.620631372e+01 +1.338663137e+02 +1.338663137e+02 +1.3953e+00 -2.9667e-01 +3.4119e-01 +1.1864e+00 -1.7783e+00
217 0 +4.747161208e+01 +1.251316121e+02 +1.251316121e+02 +1.4206e+00 -2.5840e-01 +4.9370e-01 +1.1772e+00 -3.1424e+00
224 0 +4.569524313e+01 +1.233552431e+02 +1.233552431e+02 +1.4052e+00 -2.6146e-01 +4.2407e-01 +1.2314e+00 -3.1198e+00
258 0 +4.414414989e+01 +1.218041499e+02 +1.218041499e+02 +1.4378e+00 -2.2136e-01 +4.6156e-01 +1.2307e+00 -3.1165e+00
268 0 +4.290664578e+01 +1.205666458e+02 +1.205666458e+02 +1.4551e+00 -2.1765e-01 +4.5609e-01 +1.2275e+00 -3.1470e+00
271 0 +4.199748757e+01 +1.196574876e+02 +1.196574876e+02 +1.4231e+00 -2.0952e-01 +4.5497e-01 +1.2118e+00 -3.1371e+00
322 0 +4.164866007e+01 +1.193086601e+02 +1.193086601e+02 +1.4211e+00 -2.0288e-01 +4.4919e-01 +1.2252e+00 -3.1409e+00
504 0 +4.133947782e+01 +1.189994778e+02 +1.189994778e+02 +1.4173e+00 -1.9698e-01 +4.4343e-01 +1.2206e+00 -3.1478e+00
% f evaluations | g evaluations | best noise-free fitness - Fopt (1.156800000000e+02) + sum g_i+ | measured fitness | best measured fitness or single-digit g-values | x1 | x2...
1 0 +3.705601817e+02 +4.862401817e+02 +4.862401817e+02 -3.9837e-02 -1.9578e-02 +2.6672e-02 -1.9433e-01 -2.4793e-01
4 0 +2.716573365e+02 +3.873373365e+02 +3.873373365e+02 +2.3209e-01 +5.3331e-02 -2.1193e-01 +5.8144e-01 -6.9487e-01
10 0 +2.456725838e+02 +3.613525838e+02 +3.613525838e+02 +4.7425e-01 +5.2138e-01 +3.3696e-01 +5.5841e-02 -8.8614e-01
17 0 +1.408438124e+02 +2.565238124e+02 +2.565238124e+02 +5.9912e-01 +8.3299e-01 +3.1919e-01 +3.4090e-01 -1.7790e+00
22 0 +1.304762914e+02 +2.461562914e+02 +2.461562914e+02 +9.0748e-01 +1.0107e+00 +3.8118e-01 +4.9038e-01 -1.7515e+00
26 0 +1.152662028e+02 +2.309462028e+02 +2.309462028e+02 +4.0193e-01 -1.3393e-01 -3.7027e-02 +1.0372e+00 -1.9383e+00
29 0 +9.350620169e+01 +2.091862017e+02 +2.091862017e+02 +1.7256e+00 +1.0790e+00 -2.6194e-02 +1.2374e+00 -2.9069e+00
39 0 +5.426395642e+01 +1.699439564e+02 +1.699439564e+02 +8.2620e-01 +1.1446e+00 +9.2133e-01 +1.6064e+00 -3.1742e+00
78 0 +4.998336238e+01 +1.656633624e+02 +1.656633624e+02 +8.9006e-01 -3.6179e-01 +1.9119e+00 +3.1140e+00 -2.1535e+00
115 0 +4.838819652e+01 +1.640681965e+02 +1.640681965e+02 +3.5234e-01 -1.6327e+00 -7.7103e-01 +3.0378e+00 -2.9024e+00
135 0 +3.231115552e+01 +1.479911555e+02 +1.479911555e+02 -2.3278e-01 -2.1616e-01 -8.6068e-01 +3.5617e+00 -2.4685e+00
223 0 +2.987442248e+01 +1.455544225e+02 +1.455544225e+02 +4.9528e-01 +3.3175e-01 -3.3050e-01 +2.6293e+00 -3.8892e+00
250 0 +2.814248611e+01 +1.438224861e+02 +1.438224861e+02 +4.9856e-01 +5.2044e-01 -2.8122e-01 +3.0310e+00 -3.9205e+00
261 0 +2.452711391e+01 +1.402071139e+02 +1.402071139e+02 +5.7228e-01 +4.5336e-01 -3.7223e-01 +3.1370e+00 -3.9304e+00
295 0 +1.919232210e+01 +1.348723221e+02 +1.348723221e+02 +7.0120e-01 +4.3677e-01 -2.9687e-01 +3.1102e+00 -3.9072e+00
364 0 +1.904744155e+01 +1.347274415e+02 +1.347274415e+02 +6.5820e-01 +4.5113e-01 -3.6654e-01 +3.0961e+00 -3.9213e+00
444 0 +1.860932820e+01 +1.342893282e+02 +1.342893282e+02 +6.6719e-01 +4.5800e-01 -3.5614e-01 +3.0817e+00 -3.9177e+00
504 0 +1.851861083e+01 +1.341986108e+02 +1.341986108e+02 +6.6944e-01 +4.5605e-01 -3.5500e-01 +3.0849e+00 -3.9170e+00
% f evaluations | g evaluations | best noise-free fitness - Fopt (-3.710000000000e+00) + sum g_i+ | measured fitness | best measured fitness or single-digit g-values | x1 | x2...
1 0 +2.750196402e+02 +2.713096402e+02 +2.713096402e+02 +3.4164e-01 +1.6190e-01 -1.6022e-01 +2.8726e-01 +1.1613e-02
2 0 +2.454194295e+02 +2.417094295e+02 +2.417094295e+02 +3.2214e-02 -4.8681e-01 +2.5761e-02 +1.0706e-01 +6.6106e-02
14 0 +2.343892858e+02 +2.306792858e+02 +2.306792858e+02 -2.6743e-01 -9.1457e-02 +1.3361e-01 +5.4334e-01 +2.0866e-02
16 0 +2.162011769e+02 +2.124911769e+02 +2.124911769e+02 +4.2655e-01 -7.7217e-01 +1.6603e-01 +6.1618e-01 +1.2020e-01
18 0 +2.073462336e+02 +2.036362336e+02 +2.036362336e+02 -7.5925e-02 -3.0133e-01 -1.4948e-01 +5.4256e-01 +2.4837e-01
19 0 +1.483872637e+02 +1.446772637e+02 +1.446772637e+02 +5.8381e-02 -7.7423e-01 +1.7260e-01 +1.1759e+00 +6.4621e-01
43 0 +1.334034352e+02 +1.296934352e+02 +1.296934352e+02 +1.1920e+00 -3.4806e+00 -1.8235e-01 +1.9207e+00 +9.3126e-01
44 0 +1.244900127e+02 +1.207800127e+02 +1.207800127e+02 +1.1405e+00 -2.7440e+00 +6.0298e-01 +2.1003e+00 +1.4823e+00
45 0 +1.085447687e+02 +1.048347687e+02 +1.048347687e+02 +1.4543e+00 -3.2326e+00 +1.0655e+00 +4.0191e+00 +4.8385e-01
54 0 +6.810061798e+01 +6.439061798e+01 +6.439061798e+01 +1.6402e+00 -4.3127e+00 +1.4330e+00 +3.9033e+00 +2.5533e+00
70 0 +6.300777524e+01 +5.929777524e+01 +5.929777524e+01 +2.0332e+00 -4.7497e+00 +2.7650e+00 +5.5287e+00 +3.9012e+00
110 0 +5.231520663e+01 +4.860520663e+01 +4.860520663e+01 +3.8518e+00 -2.9146e+00 +2.3902e+00 +3.0769e+00 +2.2474e+00
118 0 +4.278516218e+01 +3.907516218e+01 +3.907516218e+01 +5.3210e+00 -5.3440e+00 +2.8392e+00 +4.3778e+00 +2.8726e+00
158 0 +4.006555571e+01 +3.635555571e+01 +3.635555571e+01 +5.2428e+00 -4.6104e+00 +1.2188e+00 +4.7848e+00 +3.9425e+00
173 0 +2.560921493e+01 +2.189921493e+01 +2.189921493e+01 +5.0783e+00 -3.0704e+00 +1.9328e+00 +3.4946e+00 +4.1277e+00
242 0 +2.423015198e+01 +2.052015198e+01 +2.052015198e+01 +5.0714e+00 -3.6171e+00 +1.2868e+00 +3.8879e+00 +3.9357e+00
243 0 +2.129924511e+01 +1.758924511e+01 +1.758924511e+01 +5.0197e+00 -3.6623e+00 +1.1446e+00 +3.9340e+00 +3.8634e+00
258 0 +2.015985804e+01 +1.644985804e+01 +1.644985804e+01 +5.0875e+00 -3.6212e+00 +1.1630e+00 +3.8298e+00 +3.7607e+00
262 0 +1.815404520e+01 +1.444404520e+01 +1.444404520e+01 +5.0685e+00 -3.6738e+00 +1.2386e+00 +3.8901e+00 +3.8665e+00
273 0 +1.520684512e+01 +1.149684512e+01 +1.149684512e+01 +5.1068e+00 -3.6594e+00 +1.1393e+00 +3.9176e+00 +3.8239e+00
299 0 +1.444523107e+01 +1.073523107e+01 +1.073523107e+01 +5.1285e+00 -3.6564e+00 +1.1572e+00 +3.9462e+00 +3.7891e+00
305 0 +1.410821838e+01 +1.039821838e+01 +1.039821838e+01 +5.1193e+00 -3.6539e+00 +1.1541e+00 +3.9380e+00 +3.7704e+00
307 0 +1.357992299e+01 +9.869922987e+00 +9.869922987e+00 +5.1006e+00 -3.6529e+00 +1.1925e+00 +3.9309e+00 +3.7769e+00
314 0 +1.338999801e+01 +9.679998013e+00 +9.679998013e+00 +5.1230e+00 -3.6553e+00 +1.1655e+00 +3.9272e+00 +3.7808e+00
321 0 +1.303472711e+01 +9.324727108e+00 +9.324727108e+00 +5.1079e+00 -3.6598e+00 +1.1875e+00 +3.9136e+00 +3.7746e+00
504 0 +1.293449957e+01 +9.224499574e+00 +9.224499574e+00 +5.1210e+00 -3.6606e+00 +1.1875e+00 +3.9104e+00 +3.7746e+00
% f evaluations | g evaluations | best noise-free fitness - Fopt (1.321800000000e+02) + sum g_i+ | measured fitness | best measured fitness or single-digit g-values | x1 | x2...
1 0 +4.074518243e+02 +5.396318243e+02 +5.396318243e+02 -4.7136e-02 +4.6993e-01 -9.7005e-02 +2.8108e-01 +8.9109e-01
2 0 +2.760144149e+02 +4.081944149e+02 +4.081944149e+02 +8.1463e-02 -4.8541e-01 -3.6291e-01 +1.1066e-01 -6.1151e-03
3 0 +2.493664135e+02 +3.815464135e+02 +3.815464135e+02 -3.2948e-01 +2.6714e-01 -3.6117e-01 -1.6279e-01 -1.7755e-01
5 0 +2.221958282e+02 +3.543758282e+02 +3.543758282e+02 +1.0825e-01 +1.3989e-01 +5.7154e-02 +9.6449e-02 -9.8982e-02
12 0 +1.851239150e+02 +3.173039150e+02 +3.173039150e+02 +4.9252e-02 +2.0645e-01 -1.2182e-01 +2.9263e-01 -6.6651e-01
17 0 +1.605140210e+02 +2.926940210e+02 +2.926940210e+02 +7.4987e-01 +2.2226e-01 -1.1776e-01 +1.0017e-01 -1.3841e+00
29 0 +1.480663690e+02 +2.802463690e+02 +2.802463690e+02 +5.8591e-01 +5.8105e-03 -1.3965e-02 -5.5223e-01 -1.1777e+00
30 0 +1.375686501e+02 +2.697486501e+02 +2.697486501e+02 +8.2381e-01 +6.2430e-01 +1.4145e-01 -1.4531e-01 -1.5504e+00
34 0 +1.108470278e+02 +2.430270278e+02 +2.430270278e+02 +7.1654e-01 +6.9866e-02 +6.1172e-01 -9.0260e-01 -1.6438e+00
43 0 +1.043702037e+02 +2.365502037e+02 +2.365502037e+02 -1.5730e-02 +7.4573e-01 +3.7392e-01 -7.7594e-01 -2.0461e+00
52 0 +8.942224273e+01 +2.216022427e+02 +2.216022427e+02 +3.5045e-01 -2.1265e-02 +5.4090e-01 -9.5032e-01 -2.5649e+00
54 0 +8.092467728e+01 +2.131046773e+02 +2.131046773e+02 -9.7523e-01 +2.1101e-01 +6.4853e-01 -7.9951e-01 -1.3835e+00
74 0 +6.455146727e+01 +1.967314673e+02 +1.967314673e+02 -3.4002e+00 +1.1791e-01 +1.5807e+00 -1.1111e+00 -2.0963e+00
86 0 +3.993258641e+01 +1.721125864e+02 +1.721125864e+02 -4.7278e+00 +9.1055e-02 +2.1763e+00 -1.4733e+00 -2.4202e+00
137 0 +3.819912909e+01 +1.703791291e+02 +1.703791291e+02 -1.8811e+00 +6.5709e-01 +1.9053e+00 -1.4735e+00 -3.0591e+00
149 0 +3.567028154e+01 +1.678502815e+02 +1.678502815e+02 -3.0564e+00 +1.3569e-01 +2.0189e+00 -2.3805e+00 -2.8269e+00
159 0 +3.280872630e+01 +1.649887263e+02 +1.649887263e+02 -5.7422e+00 -9.0409e-02 +3.4419e+00 -2.5078e+00 -2.1538e+00
178 0 +2.518325667e+01 +1.573632567e+02 +1.573632567e+02 -5.8407e+00 +7.7561e-01 +2.7661e+00 -2.4447e+00 -1.9035e+00
329 0 +2.368792869e+01 +1.558679287e+02 +1.558679287e+02 -4.7393e+00 +6.3537e-01 +1.9323e+00 -2.8133e+00 -3.1435e+00
337 0 +2.039457031e+01 +1.525745703e+02 +1.525745703e+02 -4.7434e+00 +6.4719e-01 +1.9273e+00 -2.8341e+00 -3.1978e+00
404 0 +1.977194876e+01 +1.519519488e+02 +1.519519488e+02 -4.7747e+00 +6.5202e-01 +1.9412e+00 -2.8408e+00 -3.1800e+00
444 0 +1.947005253e+01 +1.516500525e+02 +1.516500525e+02 -4.7652e+00 +6.5377e-01 +1.9312e+00 -2.8423e+00 -3.1867e+00
504 0 +1.932056401e+01 +1.515005640e+02 +1.515005640e+02 -4.7622e+00 +6.5539e-01 +1.9290e+00 -2.8440e+00 -3.1846e+00
% f evaluations | g evaluations | best noise-free fitness - Fopt (-3.930000000000e+01) + sum g_i+ | measured fitness | best measured fitness or single-digit g-values | x1 | x2...
1 0 +1.278152564e+02 +8.851525635e+01 +8.851525635e+01 -1.1555e-01 +2.4250e-01 -5.1894e-01 -9.0207e-02 +6.7855e-01
17 0 +9.416494994e+01 +5.486494994e+01 +5.486494994e+01 -5.0122e-01 -3.7902e-01 +2.0198e-01 +3.9663e-01 +8.6919e-02
63 0 +6.253226929e+01 +2.323226929e+01 +2.323226929e+01 -9.9742e-01 -3.9790e-01 +1.1800e+00 +1.2646e+00 +3.5329e-01
70 0 +3.212538293e+01 -7.174617071e+00 -7.174617071e+00 -1.4837e+00 -4.4509e-01 +1.7525e+00 +1.2384e+00 +7.0870e-01
103 0 +2.793602284e+01 -1.136397716e+01 -1.136397716e+01 -2.7788e+00 -4.3173e-01 +1.8076e+00 +2.2055e+00 +1.6022e+00
107 0 +2.192487757e+01 -1.737512243e+01 -1.737512243e+01 -3.4633e+00 -5.6547e-01 +2.8767e+00 +2.5840e+00 +1.3598e+00
170 0 +2.088059516e+01 -1.841940484e+01 -1.841940484e+01 -3.5807e+00 -1.1252e+00 +2.3441e+00 +2.1997e+00 +1.5958e+00
322 0 +1.962598297e+01 -1.967401703e+01 -1.967401703e+01 -3.5164e+00 -4.7732e-01 +2.3270e+00 +1.8254e+00 +1.3677e+00
362 0 +1.949599267e+01 -1.980400733e+01 -1.980400733e+01 -3.5285e+00 -4.6106e-01 +2.3362e+00 +1.8116e+00 +1.3669e+00
504 0 +1.937590545e+01 -1.992409455e+01 -1.992409455e+01 -3.5277e+00 -4.5946e-01 +2.3310e+00 +1.8196e+00 +1.3649e+00
% f evaluations | g evaluations | best noise-free fitness - Fopt (4.296000000000e+01) + sum g_i+ | measured fitness | best measured fitness or single-digit g-values | x1 | x2...
1 0 +1.204894291e+02 +1.634494291e+02 +1.634494291e+02 -3.5524e-01 -6.4571e-02 -1.4809e-01 -2.7733e-01 -2.6873e-01
4 0 +1.122165490e+02 +1.551765490e+02 +1.551765490e+02 +3.7101e-01 -2.5617e-01 +3.4724e-01 +1.0394e-01 -1.0624e-01
5 0 +9.702362803e+01 +1.399836280e+02 +1.399836280e+02 -1.7350e-02 -5.4223e-01 -2.0588e-01 +2.4436e-01 +1.8724e-01
6 0 +9.362259860e+01 +1.365825986e+02 +1.365825986e+02 +6.6646e-01 -1.3506e-02 -5.9242e-01 -1.2958e-01 -6.1040e-02
9 0 +8.576950999e+01 +1.287295100e+02 +1.287295100e+02 +4.6744e-01 -4.6362e-01 -1.7282e-01 +3.5819e-01 +1.8243e-01
12 0 +6.584226624e+01 +1.088022662e+02 +1.088022662e+02 +3.8556e-01 +1.1329e-01 -1.0338e+00 +4.3723e-01 +1.2240e-01
19 0 +5.533217727e+01 +9.829217727e+01 +9.829217727e+01 +5.8666e-01 +2.1286e-01 -1.3553e+00 +6.1282e-01 +6.8464e-01
25 0 +3.828424341e+01 +8.124424341e+01 +8.124424341e+01 +4.4439e-01 +2.5047e-01 -1.1929e+00 +9.8173e-01 +2.4454e-01
58 0 +3.322042424e+01 +7.618042424e+01 +7.618042424e+01 +9.6417e-01 +8.3657e-01 -3.4878e+00 +1.4978e+00 +8.9942e-01
80 0 +2.233238352e+01 +6.529238352e+01 +6.529238352e+01 +1.2428e+00 +3.2518e-01 -2.2342e+00 +5.6167e-01 +5.6521e-01
176 0 +1.665294982e+01 +5.961294982e+01 +5.961294982e+01 +4.9643e-01 +3.7077e-01 -2.2508e+00 +1.0724e+00 +1.5969e+00
231 0 +1.545444481e+01 +5.841444481e+01 +5.841444481e+01 +5.9044e-01 +4.3236e-01 -2.7984e+00 +1.4649e+00 +1.5046e+00
247 0 +1.240884852e+01 +5.536884852e+01 +5.536884852e+01 +5.1822e-01 +4.2914e-01 -2.7489e+00 +1.4810e+00 +1.5365e+00
257 0 +1.211477675e+01 +5.507477675e+01 +5.507477675e+01 +5.1428e-01 +4.3437e-01 -2.7715e+00 +1.4845e+00 +1.5286e+00
261 0 +1.115640687e+01 +5.411640687e+01 +5.411640687e+01 +5.0333e-01 +4.0027e-01 -2.7510e+00 +1.4951e+00 +1.5368e+00
263 0 +1.055666600e+01 +5.351666600e+01 +5.351666600e+01 +4.8209e-01 +3.7599e-01 -2.7769e+00 +1.4933e+00 +1.5212e+00
277 0 +1.019123893e+01 +5.315123893e+01 +5.315123893e+01 +5.2183e-01 +3.8832e-01 -2.7682e+00 +1.4856e+00 +1.5212e+00
411 0 +9.999989940e+00 +5.295998994e+01 +5.295998994e+01 +5.2064e-01 +3.6970e-01 -2.7712e+00 +1.4899e+00 +1.5197e+00
504 0 +9.976279082e+00 +5.293627908e+01 +5.293627908e+01 +5.1928e-01 +3.6985e-01 -2.7693e+00 +1.4894e+00 +1.5181e+00
% f evaluations | g evaluations | best noise-free fitness - Fopt (2.842200000000e+02) + sum g_i+ | measured fitness | best measured fitness or single-digit g-values | x1 | x2...
1 0 +1.315481114e+02 +4.157681114e+02 +4.157681114e+02 +1.0863e-01 +3.5236e-01 -4.3085e-01 -4.1804e-01 -1.9045e-01
4 0 +1.031996889e+02 +3.874196889e+02 +3.874196889e+02 -2.2963e-01 -2.9019e-01 -1.5469e-01 +6.0268e-01 +1.7079e-01
12 0 +7.028445282e+01 +3.545044528e+02 +3.545044528e+02 -9.8365e-03 -1.7705e-01 -3.9737e-01 +6.1791e-01 +3.2567e-01
29 0 +5.720345488e+01 +3.414234549e+02 +3.414234549e+02 -1.0070e-01 -3.2506e-01 -3.0396e-01 +1.4932e+00 +8.2931e-01
46 0 +5.136140695e+01 +3.355814070e+02 +3.355814070e+02 +2.9021e-02 -2.3158e-01 +4.0716e-01 +2.2333e+00 +1.2847e+00
48 0 +3.844389595e+01 +3.226638960e+02 +3.226638960e+02 -9.7072e-02 -3.8619e-01 +1.1796e-01 +2.1699e+00 +1.8559e+00
50 0 +3.270329972e+01 +3.169232997e+02 +3.169232997e+02 -1.2076e-01 -2.1674e-01 +4.4741e-01 +2.1485e+00 +1.8749e+00
53 0 +2.894230295e+01 +3.131623030e+02 +3.131623030e+02 -6.4020e-04 -9.3367e-01 +6.7531e-01 +2.2464e+00 +1.1105e+00
124 0 +1.775259317e+01 +3.019725932e+02 +3.019725932e+02 +7.8249e-01 -1.9059e-01 -4.4603e-01 +2.2254e+00 +2.1684e+00
195 0 +1.670162849e+01 +3.009216285e+02 +3.009216285e+02 +8.9204e-01 -2.2095e-01 -5.1563e-01 +1.7835e+00 +2.4549e+00
221 0 +1.573155716e+01 +2.999515572e+02 +2.999515572e+02 +9.1101e-01 -2.0004e-01 -4.9572e-01 +1.7975e+00 +2.4660e+00
251 0 +1.530004331e+01 +2.995200433e+02 +2.995200433e+02 +9.3474e-01 -2.4815e-01 -4.9925e-01 +1.8184e+00 +2.4638e+00
275 0 +1.509631108e+01 +2.993163111e+02 +2.993163111e+02 +9.5679e-01 -2.3109e-01 -5.0516e-01 +1.8113e+00 +2.4672e+00
504 0 +1.492456864e+01 +2.991445686e+02 +2.991445686e+02 +9.4285e-01 -2.1845e-01 -5.0411e-01 +1.8202e+00 +2.4635e+00
% f evaluations | g evaluations | best noise-free fitness - Fopt (-3.217000000000e+01) + sum g_i+ | measured fitness | best measured fitness or single-digit g-values | x1 | x2...
1 0 +3.818936544e+02 +3.497236544e+02 +3.497236544e+02 -2.4145e-01 +5.2557e-01 -7.0518e-02 -1.9843e-01 -1.5138e-02
3 0 +3.277411290e+02 +2.955711290e+02 +2.955711290e+02 +9.0463e-02 -1.1949e-01 +2.2982e-01 +2.4107e-01 -3.9422e-01
11 0 +3.022968345e+02 +2.701268345e+02 +2.701268345e+02 +2.7239e-01 -4.7084e-01 +3.7132e-02 -4.7885e-02 -3.0147e-01
13 0 +2.666226454e+02 +2.344526454e+02 +2.344526454e+02 -2.3114e-01 -1.6135e-01 +7.7771e-01 +1.8369e-01 -6.9336e-01
17 0 +2.545471529e+02 +2.223771529e+02 +2.223771529e+02 +1.4176e-01 -8.7915e-01 -2.4711e-02 +1.0139e-01 -9.2367e-01
20 0 +2.000402922e+02 +1.678702922e+02 +1.678702922e+02 -3.3710e-01 -3.7538e-01 +4.0193e-01 -6.8270e-02 -7.8399e-01
28 0 +1.894658460e+02 +1.572958460e+02 +1.572958460e+02 -6.1618e-01 -3.9166e-01 +9.3695e-01 +1.6598e-01 -1.1522e+00
31 0 +1.381203670e+02 +1.059503670e+02 +1.059503670e+02 -3.1491e-01 -3.7337e-01 +3.2079e-01 +5.0954e-01 -1.6153e+00
37 0 +7.722686250e+01 +4.505686250e+01 +4.505686250e+01 +3.6426e-02 -4.4020e-01 +3.6552e-01 +6.8933e-01 -2.1375e+00
50 0 +7.266122472e+01 +4.049122472e+01 +4.049122472e+01 -2.0999e-01 -1.7428e+00 +1.0299e+00 +4.4889e-01 -3.1187e+00
57 0 +7.153130679e+01 +3.936130679e+01 +3.936130679e+01 -8.7269e-01 -9.0294e-02 +1.0140e+00 +6.0686e-01 -3.4360e+00
66 0 +6.664958737e+01 +3.447958737e+01 +3.447958737e+01 -1.8406e+00 -3.8781e-01 +1.3184e+00 +6.8806e-01 -3.0850e+00
76 0 +5.639078724e+01 +2.422078724e+01 +2.422078724e+01 -5.1190e-01 -1.8028e-01 +1.3953e+00 +7.4073e-01 -3.0553e+00
84 0 +5.585998062e+01 +2.368998062e+01 +2.368998062e+01 -1.0238e+00 -1.1990e+00 +1.4882e+00 +7.2904e-01 -4.0111e+00
86 0 +3.575640981e+01 +3.586409808e+00 +3.586409808e+00 -2.7805e-01 -6.7603e-01 +1.0037e+00 +3.5542e-01 -3.3112e+00
102 0 +2.738464711e+01 -4.785352891e+00 -4.785352891e+00 -1.5027e+00 -3.5152e-01 +1.0265e+00 -1.8907e-01 -3.3668e+00
119 0 +2.614266820e+01 -6.027331796e+00 -6.027331796e+00 -1.5824e+00 -4.6892e-01 +1.0333e+00 -6.2078e-02 -3.7295e+00
301 0 +2.556416918e+01 -6.605830816e+00 -6.605830816e+00 -1.5540e+00 -4.6450e-01 +1.5262e+00 -1.7411e-01 -4.0176e+00
315 0 +2.495053532e+01 -7.219464677e+00 -7.219464677e+00 -1.5447e+00 -4.4812e-01 +1.5219e+00 -1.6687e-01 -4.0011e+00
331 0 +2.426565579e+01 -7.904344213e+00 -7.904344213e+00 -1.5668e+00 -4.4629e-01 +1.5273e+00 -1.6492e-01 -4.0104e+00
334 0 +2.394779222e+01 -8.222207785e+00 -8.222207785e+00 -1.5685e+00 -4.5315e-01 +1.5223e+00 -1.6229e-01 -4.0110e+00
349 0 +2.343422683e+01 -8.735773172e+00 -8.735773172e+00 -1.5795e+00 -4.3784e-01 +1.5210e+00 -1.5592e-01 -4.0075e+00
504 0 +2.295623033e+01 -9.213769668e+00 -9.213769668e+00 -1.5943e+00 -4.3402e-01 +1.5182e+00 -1.4476e-01 -4.0113e+00
% f evaluations | g evaluations | best noise-free fitness - Fopt (-5.858000000000e+01) + sum g_i+ | measured fitness | best measured fitness or single-digit g-values | x1 | x2...
1 0 +3.553386113e+02 +2.967586113e+02 +2.967586113e+02 +5.8379e-01 -2.6333e-01 +2.9270e-01 -2.8752e-01 -8.0334e-02
4 0 +3.539616812e+02 +2.953816812e+02 +2.953816812e+02 +4.4040e-01 -2.9096e-01 -1.0278e-01 -1.9832e-02 -1.7159e-01
5 0 +3.376176409e+02 +2.790376409e+02 +2.790376409e+02 +2.2453e-01 +3.2458e-01 -2.9484e-01 -4.8216e-01 -3.4634e-01
7 0 +3.225021146e+02 +2.639221146e+02 +2.639221146e+02 +1.6003e-01 +4.5472e-01 +8.2226e-03 +2.1985e-01 -3.9560e-01
10 0 +2.929489438e+02 +2.343689438e+02 +2.343689438e+02 -1.1600e-01 +4.8994e-01 -1.0234e-01 +1.4955e-01 -4.8717e-01
11 0 +2.664251018e+02 +2.078451018e+02 +2.078451018e+02 +2.2967e-01 +5.8427e-01 -1.7633e-01 -1.4660e-01 -6.9682e-01
12 0 +2.448401455e+02 +1.862601455e+02 +1.862601455e+02 +2.5154e-01 -1.0411e-01 -1.0081e-01 +4.3833e-01 -7.1622e-01
26 0 +1.217926168e+02 +6.321261683e+01 +6.321261683e+01 +8.7702e-01 -2.5535e-01 -5.3268e-01 +8.5147e-01 -1.6696e+00
33 0 +1.046294238e+02 +4.604942376e+01 +4.604942376e+01 +3.1173e-01 +3.6209e-02 -1.3395e+00 +4.5677e-01 -2.1873e+00
37 0 +8.848990804e+01 +2.990990804e+01 +2.990990804e+01 +4.3030e-01 +2.3408e-01 -3.4768e-01 +9.4272e-01 -2.2601e+00
41 0 +6.949273108e+01 +1.091273108e+01 +1.091273108e+01 +8.2219e-01 -8.1343e-01 -9.8503e-01 +2.7452e-01 -3.1621e+00
53 0 +5.669691712e+01 -1.883082882e+00 -1.883082882e+00 +1.5369e+00 -7.1640e-01 -1.6111e-01 +1.4970e+00 -4.4380e+00
61 0 +5.179485291e+01 -6.785147089e+00 -6.785147089e+00 +1.1203e+00 -7.4005e-01 +9.7104e-01 +1.2795e+00 -3.5746e+00
62 0 +5.114543273e+01 -7.434567267e+00 -7.434567267e+00 -4.4776e-01 -3.5916e-01 +4.7571e-01 +7.5302e-01 -3.8439e+00
63 0 +4.428661525e+01 -1.429338475e+01 -1.429338475e+01 +3.1975e-01 -1.8241e+00 +1.8020e-01 +1.3764e+00 -3.8387e+00
73 0 +4.275218777e+01 -1.582781223e+01 -1.582781223e+01 +5.8373e-01 -3.1290e+00 +1.0453e+00 +2.9391e+00 -4.5383e+00
80 0 +3.747901326e+01 -2.110098674e+01 -2.110098674e+01 -8.5549e-01 -9.1983e-01 +4.0503e-01 +1.8350e+00 -3.6026e+00
110 0 +2.852404586e+01 -3.005595414e+01 -3.005595414e+01 -1.4345e+00 -1.9167e+00 +9.7912e-01 +1.8735e+00 -2.8713e+00
160 0 +2.155531848e+01 -3.702468152e+01 -3.702468152e+01 -3.5824e-01 -1.2451e+00 +3.7715e-01 +1.8857e+00 -3.1881e+00
181 0 +1.866835906e+01 -3.991164094e+01 -3.991164094e+01 -5.2840e-01 -9.4608e-01 +3.8163e-01 +1.8621e+00 -3.2817e+00
191 0 +1.775184600e+01 -4.082815400e+01 -4.082815400e+01 -5.1301e-01 -8.9759e-01 +3.4255e-01 +1.9072e+00 -3.2339e+00
218 0 +1.695850134e+01 -4.162149866e+01 -4.162149866e+01 -5.2724e-01 -1.0561e+00 +3.6789e-01 +1.8896e+00 -3.2226e+00
229 0 +1.572301269e+01 -4.285698731e+01 -4.285698731e+01 -4.9028e-01 -1.0484e+00 +3.7908e-01 +1.8580e+00 -3.2429e+00
253 0 +1.545879873e+01 -4.312120127e+01 -4.312120127e+01 -4.7262e-01 -1.0480e+00 +3.7422e-01 +1.8591e+00 -3.2160e+00
274 0 +1.509497561e+01 -4.348502439e+01 -4.348502439e+01 -4.6564e-01 -1.0011e+00 +3.7141e-01 +1.8706e+00 -3.2264e+00
504 0 +1.494488197e+01 -4.363511803e+01 -4.363511803e+01 -4.6402e-01 -9.6578e-01 +3.7170e-01 +1.8671e+00 -3.2273e+00
% f evaluations | g evaluations | best noise-free fitness - Fopt (-6.049200000000e+02) + sum g_i+ | measured fitness | best measured fitness or single-digit g-values | x1 | x2...
1 0 +7.840002292e+01 -5.265199771e+02 -5.265199771e+02 -3.4277e-01 +1.8330e-01 -1.7252e-01 -4.8479e-02 +4.8823e-02
4 0 +6.996742379e+01 -5.349525762e+02 -5.349525762e+02 +4.5317e-01 +2.1354e-01 -1.5419e-01 +4.2315e-01 +6.4113e-02
31 0 +6.695123588e+01 -5.379687641e+02 -5.379687641e+02 +2.0735e-01 +2.4856e-01 -1.7331e-01 -2.2077e-01 +3.0692e-02
34 0 +5.619364460e+01 -5.487263554e+02 -5.487263554e+02 +3.3987e-02 +4.5984e-01 -8.5599e-02 -1.4827e-01 +4.0797e-02
129 0 +5.328722844e+01 -5.516327716e+02 -5.516327716e+02 -1.1586e-02 -1.1456e-01 -2.4441e-01 -1.3730e-01 -3.4324e-01
139 0 +4.990732738e+01 -5.550126726e+02 -5.550126726e+02 -2.4643e-02 -1.8925e-01 -2.7852e-01 -1.8245e-01 -3.1117e-01
168 0 +4.881490227e+01 -5.561050977e+02 -5.561050977e+02 -2.6486e-02 -1.9826e-01 -2.6836e-01 -2.0966e-01 -3.1115e-01
187 0 +4.785931402e+01 -5.570606860e+02 -5.570606860e+02 -1.3224e-02 -2.0644e-01 -2.3646e-01 -2.2687e-01 -3.0338e-01
266 0 +4.677165068e+01 -5.581483493e+02 -5.581483493e+02 -1.5745e-03 -1.8042e-01 -2.1626e-01 -2.1611e-01 -3.2426e-01
504 0 +4.676271607e+01 -5.581572839e+02 -5.581572839e+02 -1.0958e-03 -1.8398e-01 -2.1329e-01 -2.1757e-01 -3.2486e-01
% f evaluations | g evaluations | best noise-free fitness - Fopt (1.337000000000e+02) + sum g_i+ | measured fitness | best measured fitness or single-digit g-values | x1 | x2...
1 0 +4.521141751e+02 +5.858141751e+02 +5.858141751e+02 +1.1889e-01 -2.6209e-01 -1.3220e-01 +4.2784e-02 -5.1582e-03
2 0 +4.502937002e+02 +5.839937002e+02 +5.839937002e+02 +4.2407e-01 -4.2720e-01 -3.8039e-01 +2.7012e-01 +1.4478e-01
3 0 +3.834641061e+02 +5.171641061e+02 +5.171641061e+02 +4.5193e-02 +1.0680e-01 +2.8314e-01 -2.4920e-01 -7.8657e-02
11 0 +3.046726416e+02 +4.383726416e+02 +4.383726416e+02 -1.1268e-02 -1.5307e-01 +5.9238e-01 +3.3101e-01 -4.5129e-01
21 0 +2.682961573e+02 +4.019961573e+02 +4.019961573e+02 +2.7470e-01 -2.1381e-01 +5.1675e-01 +4.6475e-01 -6.1153e-01
29 0 +2.490785490e+02 +3.827785490e+02 +3.827785490e+02 +9.5424e-02 -2.9681e-01 +2.0574e-01 +7.0166e-02 -9.2651e-01
35 0 +1.820887754e+02 +3.157887754e+02 +3.157887754e+02 +5.7497e-01 +2.8972e-02 +4.0295e-01 +6.1727e-02 -1.3728e+00
41 0 +1.447706229e+02 +2.784706229e+02 +2.784706229e+02 +2.9497e-01 +8.8839e-02 +6.7910e-01 +1.0236e-01 -1.5134e+00
44 0 +1.398724990e+02 +2.735724990e+02 +2.735724990e+02 +3.4805e-01 -1.0803e+00 +1.2933e+00 +1.2021e+00 -1.5307e+00
49 0 +1.281771255e+02 +2.618771255e+02 +2.618771255e+02 +8.1115e-01 -1.0298e+00 +6.6179e-01 +8.6412e-01 -1.6577e+00
50 0 +8.794730789e+01 +2.216473079e+02 +2.216473079e+02 +1.6951e-01 -1.5553e+00 +1.1921e+00 +7.2488e-01 -2.1998e+00
55 0 +6.451926357e+01 +1.982192636e+02 +1.982192636e+02 +5.0684e-01 -5.0993e-01 +1.5864e+00 +1.4615e+00 -2.2698e+00
67 0 +5.107545888e+01 +1.847754589e+02 +1.847754589e+02 +1.0755e+00 -6.5399e-01 +1.3176e+00 +1.8977e+00 -3.6772e+00
78 0 +4.886397267e+01 +1.825639727e+02 +1.825639727e+02 +2.4418e+00 -7.5678e-01 +1.3164e+00 +1.8724e+00 -3.4271e+00
105 0 +4.080215585e+01 +1.745021558e+02 +1.745021558e+02 +2.4510e+00 -1.3064e+00 +1.4545e+00 +1.4242e+00 -3.3583e+00
129 0 +3.364134823e+01 +1.673413482e+02 +1.673413482e+02 +2.3488e+00 -3.1000e-01 +3.0324e-01 +1.0063e+00 -4.0502e+00
156 0 +3.246552781e+01 +1.661655278e+02 +1.661655278e+02 +2.3652e+00 +2.5369e-01 +1.7761e-01 +1.1033e+00 -3.9063e+00
165 0 +2.796186940e+01 +1.616618694e+02 +1.616618694e+02 +2.2281e+00 +1.3278e-01 +2.4486e-01 +1.0534e+00 -3.2490e+00
202 0 +1.758455812e+01 +1.512845581e+02 +1.512845581e+02 +2.3783e+00 +9.3817e-02 +2.2004e-01 +1.8774e+00 -4.4235e+00
246 0 +1.614641839e+01 +1.498464184e+02 +1.498464184e+02 +2.4698e+00 +3.0319e-01 +1.5309e-01 +1.4898e+00 -4.3365e+00
249 0 +1.404176310e+01 +1.477417631e+02 +1.477417631e+02 +2.4494e+00 +2.3756e-01 +2.0262e-01 +1.5388e+00 -4.3364e+00
261 0 +1.186350257e+01 +1.455635026e+02 +1.455635026e+02 +2.4775e+00 +1.8151e-01 +2.0049e-01 +1.5461e+00 -4.3379e+00
267 0 +9.869240788e+00 +1.435692408e+02 +1.435692408e+02 +2.4585e+00 +2.2223e-01 +1.9298e-01 +1.4984e+00 -4.3742e+00
281 0 +9.153000940e+00 +1.428530009e+02 +1.428530009e+02 +2.4663e+00 +2.1860e-01 +1.7429e-01 +1.5071e+00 -4.3587e+00
312 0 +8.939759801e+00 +1.426397598e+02 +1.426397598e+02 +2.4587e+00 +2.0823e-01 +1.8478e-01 +1.5093e+00 -4.3614e+00
330 0 +8.800976529e+00 +1.425009765e+02 +1.425009765e+02 +2.4575e+00 +2.0930e-01 +1.8572e-01 +1.5106e+00 -4.3750e+00
338 0 +8.699489293e+00 +1.423994893e+02 +1.423994893e+02 +2.4572e+00 +2.0700e-01 +1.7963e-01 +1.5114e+00 -4.3619e+00
362 0 +8.470420141e+00 +1.421704201e+02 +1.421704201e+02 +2.4568e+00 +2.0411e-01 +1.8054e-01 +1.5086e+00 -4.3669e+00
395 0 +8.237604898e+00 +1.419376049e+02 +1.419376049e+02 +2.4587e+00 +1.9964e-01 +1.8027e-01 +1.5093e+00 -4.3692e+00
441 0 +8.119029550e+00 +1.418190296e+02 +1.418190296e+02 +2.4591e+00 +1.9761e-01 +1.7889e-01 +1.5093e+00 -4.3692e+00
504 0 +8.069807650e+00 +1.417698076e+02 +1.417698076e+02 +2.4595e+00 +1.9688e-01 +1.7821e-01 +1.5096e+00 -4.3694e+00
% f evaluations | g evaluations | best noise-free fitness - Fopt (-2.098000000000e+01) + sum g_i+ | measured fitness | best measured fitness or single-digit g-values | x1 | x2...
1 0 +1.122734634e+02 +9.129346341e+01 +9.129346341e+01 +1.5900e-01 +3.3121e-02 +8.2525e-01 +6.0159e-02 -1.5677e-02
3 0 +9.635264815e+01 +7.537264815e+01 +7.537264815e+01 +8.3439e-02 -2.4063e-01 +3.2884e-01 -2.0582e-01 +1.3943e-01
18 0 +7.768037655e+01 +5.670037655e+01 +5.670037655e+01 +2.3453e-01 +6.9792e-01 +2.5824e-01 -7.7402e-01 +2.6578e-01
53 0 +6.038585568e+01 +3.940585568e+01 +3.940585568e+01 -5.4119e-02 -2.8996e-01 -2.2643e-01 -5.2499e-02 +6.3483e-01
109 0 +5.550989550e+01 +3.452989550e+01 +3.452989550e+01 -3.7018e-01 -2.5728e-01 -1.2251e+00 +5.0093e-02 +2.2217e+00
130 0 +5.461092891e+01 +3.363092891e+01 +3.363092891e+01 +9.5391e-02 +1.1753e+00 -1.2345e+00 -1.0320e+00 +2.7610e+00
132 0 +3.215435630e+01 +1.117435630e+01 +1.117435630e+01 +1.2348e-01 +9.0192e-01 -8.3061e-01 -7.4341e-03 +3.0987e+00
199 0 +3.151431637e+01 +1.053431637e+01 +1.053431637e+01 -1.3359e-02 +1.1372e+00 -5.6904e-01 +3.1603e-01 +2.8728e+00
245 0 +2.222884668e+01 +1.248846683e+00 +1.248846683e+00 +1.5565e-01 +1.1001e+00 -8.9674e-01 +2.8095e-02 +2.8968e+00
269 0 +2.115757294e+01 +1.775729419e-01 +1.775729419e-01 +5.1916e-02 +1.2039e+00 -8.5901e-01 -2.9550e-02 +2.9261e+00
380 0 +2.001480146e+01 -9.651985385e-01 -9.651985385e-01 -8.6708e-02 +1.1720e+00 -7.9284e-01 -2.0183e-02 +2.7921e+00
406 0 +1.956996952e+01 -1.410030479e+00 -1.410030479e+00 -3.8295e-02 +1.2000e+00 -7.6735e-01 -4.2736e-02 +2.8288e+00
414 0 +1.860721516e+01 -2.372784841e+00 -2.372784841e+00 -3.9953e-02 +1.1973e+00 -7.7145e-01 -8.1690e-03 +2.8328e+00
476 0 +1.650726723e+01 -4.472732772e+00 -4.472732772e+00 -7.7153e-02 +1.1262e+00 -7.8762e-01 +9.1780e-03 +2.8453e+00
504 0 +1.650726723e+01 -4.472732772e+00 -4.472732772e+00 -7.7153e-02 +1.1262e+00 -7.8762e-01 +9.1780e-03 +2.8453e+00
% f evaluations | g evaluations | best noise-free fitness - Fopt (1.353300000000e+02) + sum g_i+ | measured fitness | best measured fitness or single-digit g-values | x1 | x2...
1 0 +2.901546317e+02 +4.254846317e+02 +4.254846317e+02 +3.6989e-01 -2.6282e-01 -3.2345e-01 +4.4674e-01 -1.8214e-01
2 0 +2.126651505e+02 +3.479951505e+02 +3.479951505e+02 -4.9357e-03 +1.5699e-01 -1.2297e-01 -2.0362e-01 +5.5632e-02
8 0 +2.017755484e+02 +3.371055484e+02 +3.371055484e+02 -1.4898e-01 -5.5379e-01 -4.2905e-02 +2.8558e-01 +4.5812e-01
9 0 +1.787870344e+02 +3.141170344e+02 +3.141170344e+02 -1.6557e-02 -3.9701e-01 -7.2824e-02 -5.3234e-01 +1.6815e-01
13 0 +1.495401788e+02 +2.848701788e+02 +2.848701788e+02 -4.2565e-01 +6.6708e-02 -1.5487e-01 -3.0454e-01 +4.6517e-01
25 0 +1.329326602e+02 +2.682626602e+02 +2.682626602e+02 -3.4821e-01 -5.3887e-01 -5.4021e-01 -5.9417e-01 +1.1871e+00
26 0 +1.297403132e+02 +2.650703132e+02 +2.650703132e+02 +2.3470e-02 -7.3435e-01 +5.0298e-01 -5.4752e-01 +8.0779e-01
29 0 +1.186559024e+02 +2.539859024e+02 +2.539859024e+02 -4.9752e-01 -5.1434e-01 +2.9216e-01 -6.1094e-01 +9.3815e-01
34 0 +1.011375636e+02 +2.364675636e+02 +2.364675636e+02 -5.6304e-01 -7.4224e-01 +8.5040e-01 -1.0926e+00 +1.0307e+00
41 0 +7.083242110e+01 +2.061624211e+02 +2.061624211e+02 +6.3317e-01 -4.4504e-02 +4.0669e-01 -9.0858e-01 +9.2540e-01
69 0 +4.550544107e+01 +1.808354411e+02 +1.808354411e+02 -5.0425e-01 -1.0506e-02 +9.5896e-01 -2.0310e+00 +2.0346e+00
80 0 +1.834950838e+01 +1.536795084e+02 +1.536795084e+02 -5.4376e-01 +4.3003e-02 +1.4630e+00 -2.5786e+00 +2.9097e+00
107 0 +1.674614431e+01 +1.520761443e+02 +1.520761443e+02 +7.2337e-01 +8.7718e-01 +4.6370e-01 -2.6121e+00 +2.5380e+00
197 0 +1.168423794e+01 +1.470142379e+02 +1.470142379e+02 +1.4931e+00 +1.3387e+00 +3.7971e-01 -3.0320e+00 +3.2121e+00
241 0 +9.133615186e+00 +1.444636152e+02 +1.444636152e+02 +1.5114e+00 +1.4073e+00 +4.3123e-01 -3.0274e+00 +3.1772e+00
263 0 +8.532974366e+00 +1.438629744e+02 +1.438629744e+02 +1.5392e+00 +1.4085e+00 +4.0680e-01 -3.0169e+00 +3.1917e+00
271 0 +8.194543674e+00 +1.435245437e+02 +1.435245437e+02 +1.5435e+00 +1.3962e+00 +4.0542e-01 -3.0177e+00 +3.1760e+00
295 0 +8.061647821e+00 +1.433916478e+02 +1.433916478e+02 +1.5559e+00 +1.4166e+00 +4.0443e-01 -3.0343e+00 +3.1737e+00
340 0 +7.921023905e+00 +1.432510239e+02 +1.432510239e+02 +1.5478e+00 +1.4193e+00 +4.0272e-01 -3.0312e+00 +3.1720e+00
480 0 +7.761559724e+00 +1.430915597e+02 +1.430915597e+02 +1.5463e+00 +1.4304e+00 +3.9775e-01 -3.0300e+00 +3.1731e+00
504 0 +7.753228035e+00 +1.430832280e+02 +1.430832280e+02 +1.5460e+00 +1.4310e+00 +3.9747e-01 -3.0300e+00 +3.1731e+00
% f evaluations | g evaluations | best noise-free fitness - Fopt (4.066000000000e+01) + sum g_i+ | measured fitness | best measured fitness or single-digit g-values | x1 | x2...
1 0 +1.855309165e+02 +2.261909165e+02 +2.261909165e+02 +3.8286e-01 -9.4976e-02 +3.2955e-01 -2.3304e-01 +6.2691e-01
7 0 +1.809216418e+02 +2.215816418e+02 +2.215816418e+02 +4.8063e-01 -1.8178e-01 -1.5018e-01 -9.1190e-01 +1.1536e-01
10 0 +1.471137862e+02 +1.877737862e+02 +1.877737862e+02 +6.3347e-02 -1.1749e-01 -1.6528e-01 -7.2522e-01 +8.6825e-01
12 0 +1.445407473e+02 +1.852007473e+02 +1.852007473e+02 +4.7450e-01 -2.6792e-01 +4.4452e-02 -1.2236e+00 +2.5364e-01
17 0 +1.049813486e+02 +1.456413486e+02 +1.456413486e+02 +7.7853e-02 -8.0928e-02 +4.7789e-01 -1.4509e+00 +9.2473e-01
29 0 +7.848010433e+01 +1.191401043e+02 +1.191401043e+02 +8.1919e-01 +3.9101e-01 +5.4813e-01 -3.7591e+00 +1.6882e+00
73 0 +7.742843513e+01 +1.180884351e+02 +1.180884351e+02 +3.1543e+00 -1.6094e-01 +2.2164e+00 -1.7333e+00 +4.2833e-01
78 0 +7.394437805e+01 +1.146043780e+02 +1.146043780e+02 +1.3255e+00 +1.4443e+00 +1.8194e+00 -3.7517e+00 +1.6875e+00
86 0 +6.090408081e+01 +1.015640808e+02 +1.015640808e+02 +2.7404e+00 +1.6820e+00 +2.8483e+00 -3.8461e+00 +7.9178e-01
107 0 +4.251994330e+01 +8.317994330e+01 +8.317994330e+01 +1.1669e+00 +2.8226e+00 +2.8055e+00 -4.1559e+00 +1.0747e+00
153 0 +4.082699109e+01 +8.148699109e+01 +8.148699109e+01 +1.1330e+00 +2.6045e+00 +2.4147e+00 -3.2946e+00 +1.0768e+00
195 0 +3.029345375e+01 +7.095345375e+01 +7.095345375e+01 +1.1063e+00 +2.5673e+00 +2.8354e+00 -3.0561e+00 +8.0160e-01
200 0 +2.854912153e+01 +6.920912153e+01 +6.920912153e+01 +1.1699e+00 +2.7364e+00 +2.9128e+00 -3.1046e+00 +7.6202e-01
342 0 +2.807446387e+01 +6.873446387e+01 +6.873446387e+01 +1.0189e+00 +2.5877e+00 +2.8833e+00 -2.6434e+00 +7.7264e-01
386 0 +2.754228141e+01 +6.820228141e+01 +6.820228141e+01 +1.0237e+00 +2.5845e+00 +2.8776e+00 -2.6460e+00 +7.7518e-01
417 0 +2.660670282e+01 +6.726670282e+01 +6.726670282e+01 +1.0240e+00 +2.5847e+00 +2.8760e+00 -2.6555e+00 +7.7882e-01
426 0 +2.625901364e+01 +6.691901364e+01 +6.691901364e+01 +1.0255e+00 +2.5854e+00 +2.8741e+00 -2.6568e+00 +7.7925e-01
446 0 +2.569007041e+01 +6.635007041e+01 +6.635007041e+01 +1.0278e+00 +2.5821e+00 +2.8723e+00 -2.6657e+00 +7.8283e-01
504 0 +2.551211490e+01 +6.617211490e+01 +6.617211490e+01 +1.0278e+00 +2.5831e+00 +2.8719e+00 -2.6648e+00 +7.8129e-01
