% f evaluations | g evaluations | best noise-free fitness - Fopt (-1.694000000000e+01) + sum g_i+ | measured fitness | best measured fitness or single-digit g-values | x1 | x2...
1 0 +5.856558751e+01 +4.162558751e+01 +4.162558751e+01 +4.2584e-01 +3.7970e-01 -1.9519e-01 +5.1703e-01 -1.4803e-01
2 0 +4.810690408e+01 +3.116690408e+01 +3.116690408e+01 -5.0008e-01 +2.3235e-01 +2.9231e-01 -1.9150e-01 +2.4958e-01
33 0 +3.992858661e+01 +2.298858661e+01 +2.298858661e+01 +7.4888e-02 -7.1915e-02 +4.3052e-01 -1.2871e-01 +1.5077e-01
59 0 +3.811334997e+01 +2.117334997e+01 +2.117334997e+01 +1.0452e-02 -2.4687e-01 +3.8558e-01 +1.0952e-01 +8.2645e-02
183 0 +3.641849632e+01 +1.947849632e+01 +1.947849632e+01 +7.1318e-02 -8.1153e-01 +3.5223e-01 +4.0091e-01 +1.6777e-01
186 0 +3.449603960e+01 +1.755603960e+01 +1.755603960e+01 +7.1631e-02 -8.1507e-01 +2.7919e-01 +3.4317e-01 +2.0512e-01
243 0 +3.384947914e+01 +1.690947914e+01 +1.690947914e+01 +5.4156e-02 -8.5901e-01 +2.8976e-01 +4.0013e-01 +1.8091e-01
504 0 +3.341623877e+01 +1.647623877e+01 +1.647623877e+01 +4.4460e-02 -8.8454e-01 +2.6020e-01 +4.2420e-01 +1.8651e-01
% f evaluations | g evaluations | best noise-free fitness - Fopt (1.881000000000e+01) + sum g_i+ | measured fitness | best measured fitness or single-digit g-values | x1 | x2...
1 0 +3.525529468e+01 +5.406529468e+01 +5.406529468e+01 +2.0647e-01 -4.0709e-01 +2.8552e-01 +4.8851e-01 -3.8850e-01
3 0 +1.225117984e+01 +3.106117984e+01 +3.106117984e+01 -4.1144e-01 +2.5735e-01 -5.8476e-01 -4.3029e-01 +7.2455e-03
11 0 +1.083982515e+01 +2.964982515e+01 +2.964982515e+01 -4.5393e-02 +7.7243e-01 -4.5026e-01 -2.1307e-01 +5.6292e-01
13 0 +8.678545542e+00 +2.748854554e+01 +2.748854554e+01 -4.6479e-01 +5.6365e-01 -5.7368e-01 -7.5004e-01 +9.9866e-02
20 0 +7.437550894e+00 +2.624755089e+01 +2.624755089e+01 -1.4883e-01 +8.7841e-01 -6.4142e-01 -1.0537e+00 +6.8332e-01
28 0 +5.579601157e+00 +2.438960116e+01 +2.438960116e+01 -7.4085e-03 +9.2924e-01 -5.7058e-01 -5.2728e-01 +9.7159e-01
37 0 +4.291318924e+00 +2.310131892e+01 +2.310131892e+01 +5.6978e-02 +1.3980e+00 -6.3143e-01 -3.7001e-01 +1.7283e+00
56 0 +2.488022205e+00 +2.129802221e+01 +2.129802221e+01 -1.7262e-02 +2.0891e+00 -7.9651e-01 -1.2304e-01 +1.5341e+00
97 0 +2.388772097e+00 +2.119877210e+01 +2.119877210e+01 +9.1158e-02 +1.7408e+00 -1.0282e+00 -2.2458e-01 +1.7777e+00
105 0 +1.921473666e+00 +2.073147367e+01 +2.073147367e+01 -3.6696e-02 +2.1030e+00 -6.9699e-01 -4.5793e-01 +1.8255e+00
145 0 +1.493351366e+00 +2.030335137e+01 +2.030335137e+01 -3.3620e-03 +2.1918e+00 -7.6736e-01 -1.5179e-01 +1.9221e+00
161 0 +1.201453821e+00 +2.001145382e+01 +2.001145382e+01 +5.8565e-02 +2.2958e+00 -7.1464e-01 -2.4370e-01 +1.9326e+00
218 0 +9.315919315e-01 +1.974159193e+01 +1.974159193e+01 +5.2768e-02 +2.2608e+00 -7.3157e-01 -2.9366e-01 +1.9942e+00
344 0 +9.102207775e-01 +1.972022078e+01 +1.972022078e+01 +7.0089e-02 +2.2455e+00 -7.1976e-01 -2.7945e-01 +2.0080e+00
504 0 +9.086780634e-01 +1.971867806e+01 +1.971867806e+01 +6.9675e-02 +2.2447e+00 -7.1898e-01 -2.7862e-01 +2.0074e+00
% f evaluations | g evaluations | best noise-free fitness - Fopt (2.731500000000e+02) + sum g_i+ | measured fitness | best measured fitness or single-digit g-values | x1 | x2...
1 0 +4.276030513e+01 +3.159103051e+02 +3.159103051e+02 -2.8201e-02 -2.6490e-01 +5.7734e-02 +1.9495e-01 -1.4279e-01
11 0 +3.847059793e+01 +3.116205979e+02 +3.116205979e+02 +2.2341e-01 +8.6413e-03 -3.5291e-02 +4.9253e-01 -2.8626e-01
20 0 +3.723937856e+01 +3.103893786e+02 +3.103893786e+02 -2.2111e-01 +2.2841e-02 -2.0728e-01 -2.7788e-02 -2.4939e-01
63 0 +3.307377564e+01 +3.062237756e+02 +3.062237756e+02 -1.2485e-01 -1.3029e-02 +2.8637e-01 +2.5303e-01 -2.8574e-01
88 0 +3.179100751e+01 +3.049410075e+02 +3.049410075e+02 -2.8209e-01 +3.7954e-03 +5.0430e-01 +3.9234e-01 -2.2478e-01
94 0 +2.997769934e+01 +3.031276993e+02 +3.031276993e+02 -3.0366e-01 -6.4147e-02 +3.8641e-01 +3.9039e-01 -2.1696e-01
115 0 +2.933522181e+01 +3.024852218e+02 +3.024852218e+02 -2.9966e-01 -5.5883e-02 +4.8526e-01 +4.1907e-01 -2.2099e-01
504 0 +2.886785280e+01 +3.020178528e+02 +3.020178528e+02 -3.6026e-01 -7.6823e-02 +5.3021e-01 +4.4484e-01 -2.0078e-01
% f evaluations | g evaluations | best noise-free fitness - Fopt (3.718000000000e+01) + sum g_i+ | measured fitness | best measured fitness or single-digit g-values | x1 | x2...
1 0 +1.715410717e+02 +2.087210717e+02 +2.087210717e+02 +5.5507e-01 +1.2788e-01 -1.8028e-01 +1.7057e-01 +1.7378e-01
2 0 +1.176216577e+02 +1.548016577e+02 +1.548016577e+02 +2.5948e-01 -5.1615e-02 +7.9255e-01 +2.5977e-01 +3.9750e-01
4 0 +8.459349243e+01 +1.217734924e+02 +1.217734924e+02 -1.7828e-01 -1.6323e-02 +8.0972e-01 -2.0963e-01 -3.8647e-01
5 0 +7.570892584e+01 +1.128889258e+02 +1.128889258e+02 -1.2605e-01 +7.7156e-02 -1.8448e-01 -6.5775e-01 -7.4045e-02
7 0 +7.196852390e+01 +1.091485239e+02 +1.091485239e+02 +2.2139e-01 +1.1369e-01 +2.9097e-02 -5.1735e-01 -4.1903e-01
16 0 +6.388768158e+01 +1.010676816e+02 +1.010676816e+02 +3.0194e-01 +5.5367e-01 -1.1474e-01 -1.2057e+00 -2.9758e-01
55 0 +3.982986471e+01 +7.700986471e+01 +7.700986471e+01 -9.4685e-02 -4.0176e-01 +4.2297e-01 -3.4512e-01 -6.3928e-01
108 0 +3.351595349e+01 +7.069595349e+01 +7.069595349e+01 -7.3872e-01 +5.0395e-02 +1.3113e+00 -1.6178e-01 -1.1538e+00
114 0 +3.255444431e+01 +6.973444431e+01 +6.973444431e+01 -9.1748e-01 +6.0562e-02 +1.1758e+00 +2.9540e-02 -1.1548e+00
134 0 +2.878128554e+01 +6.596128554e+01 +6.596128554e+01 -1.2816e+00 +3.9364e-01 +1.1525e+00 +4.2990e-01 -1.4561e+00
187 0 +2.151517472e+01 +5.869517472e+01 +5.869517472e+01 -1.1858e+00 +6.5878e-01 +1.0247e+00 +2.3565e-01 -1.4477e+00
223 0 +1.832946710e+01 +5.550946710e+01 +5.550946710e+01 -1.8701e+00 +5.3357e-01 +1.2066e+00 +3.4019e-01 -2.2804e+00
365 0 +1.809260460e+01 +5.527260460e+01 +5.527260460e+01 -1.6466e+00 +6.6989e-01 +1.2315e+00 +4.5330e-01 -1.9316e+00
379 0 +1.757995927e+01 +5.475995927e+01 +5.475995927e+01 -1.6419e+00 +6.7083e-01 +1.2298e+00 +4.6457e-01 -1.9217e+00
394 0 +1.733467560e+01 +5.451467560e+01 +5.451467560e+01 -1.6333e+00 +6.8033e-01 +1.2376e+00 +4.6328e-01 -1.9178e+00
414 0 +1.694143985e+01 +5.412143985e+01 +5.412143985e+01 -1.6428e+00 +6.7584e-01 +1.2397e+00 +4.6698e-01 -1.9281e+00
504 0 +1.671914366e+01 +5.389914366e+01 +5.389914366e+01 -1.6416e+00 +6.7624e-01 +1.2393e+00 +4.7167e-01 -1.9254e+00
% f evaluations | g evaluations | best noise-free fitness - Fopt (-1.479000000000e+02) + sum g_i+ | measured fitness | best measured fitness or single-digit g-values | x1 | x2...
1 0 +5.237462391e+01 -9.552537609e+01 -9.552537609e+01 -8.4395e-02 +4.9302e-01 +6.0942e-01 +6.1789e-01 +3.8473e-01
3 0 +4.208588902e+01 -1.058141110e+02 -1.058141110e+02 -2.2716e-01 +5.6880e-01 -3.3996e-02 -2.8780e-01 +2.1625e-01
4 0 +2.865505510e+01 -1.192449449e+02 -1.192449449e+02 -4.7139e-01 +4.4656e-01 -2.5978e-01 +3.6129e-01 -2.8790e-02
23 0 +2.729086620e+01 -1.206091338e+02 -1.206091338e+02 -3.2807e-01 +8.9106e-02 -1.0812e+00 +4.4465e-01 -1.9116e-01
44 0 +2.190746780e+01 -1.259925322e+02 -1.259925322e+02 -2.3243e-01 +3.3833e-01 -2.9192e-01 +7.5590e-02 -2.3996e-01
512 0 +2.190746780e+01 -1.259925322e+02 -1.259925322e+02 -2.3243e-01 +3.3833e-01 -2.9192e-01 +7.5590e-02 -2.3996e-01
% f evaluations | g evaluations | best noise-free fitness - Fopt (4.817100000000e+02) + sum g_i+ | measured fitness | best measured fitness or single-digit g-values | x1 | x2...
1 0 +1.210790670e+02 +6.027890670e+02 +6.027890670e+02 +2.0639e-01 -1.3892e-01 +6.1447e-01 +9.2325e-02 +4.5786e-01
2 0 +1.015790553e+02 +5.832890553e+02 +5.832890553e+02 -1.2877e-02 +4.1185e-01 +2.0687e-01 +2.0339e-01 -1.1884e-01
3 0 +9.449972945e+01 +5.762097294e+02 +5.762097294e+02 -2.9946e-02 -2.7981e-01 -8.6771e-03 +1.4957e-01 +3.6943e-01
5 0 +8.660770408e+01 +5.683177041e+02 +5.683177041e+02 +1.8135e-02 -3.7672e-01 +1.5883e-01 +5.7249e-01 +1.1644e-01
6 0 +8.309020306e+01 +5.648002031e+02 +5.648002031e+02 -2.7354e-01 -4.0544e-01 +7.3208e-02 -4.7122e-01 +1.0816e-01
8 0 +7.780709014e+01 +5.595170901e+02 +5.595170901e+02 +6.9710e-02 +7.7521e-01 -4.4717e-01 +5.0127e-02 -3.3366e-01
10 0 +6.565284858e+01 +5.473628486e+02 +5.473628486e+02 -1.8730e-01 +4.9442e-01 -3.1290e-01 +2.1397e-01 -1.8894e-01
11 0 +5.484348590e+01 +5.365534859e+02 +5.365534859e+02 +3.2671e-01 +3.3073e-01 -7.8656e-02 -3.5595e-01 -1.2646e-01
12 0 +4.714546849e+01 +5.288554685e+02 +5.288554685e+02 +5.8437e-01 +4.0669e-01 +2.3467e-01 +4.9996e-01 +2.2893e-01
132 0 +4.465356683e+01 +5.263635668e+02 +5.263635668e+02 +3.9813e+00 +9.5612e-01 +2.5086e-02 +2.8634e+00 -1.2116e+00
152 0 +4.137071253e+01 +5.230807125e+02 +5.230807125e+02 +3.7718e+00 +6.6193e-01 -1.7664e-01 +2.1343e+00 -9.6571e-01
161 0 +3.903320254e+01 +5.207432025e+02 +5.207432025e+02 +3.2339e+00 +6.1981e-01 -5.1658e-01 +3.0034e+00 -8.4345e-01
179 0 +3.397893561e+01 +5.156889356e+02 +5.156889356e+02 +3.0370e+00 +8.7854e-01 -4.9188e-01 +2.5387e+00 -1.0633e+00
240 0 +3.169795827e+01 +5.134079583e+02 +5.134079583e+02 +2.6896e+00 +9.8668e-01 -1.0040e+00 +2.6247e+00 -7.6256e-01
270 0 +3.029657737e+01 +5.120065774e+02 +5.120065774e+02 +2.8103e+00 +9.8106e-01 -1.0163e+00 +2.6417e+00 -7.5911e-01
338 0 +3.017778416e+01 +5.118877842e+02 +5.118877842e+02 +2.7467e+00 +9.8126e-01 -9.9666e-01 +2.6041e+00 -7.2760e-01
504 0 +3.005963043e+01 +5.117696304e+02 +5.117696304e+02 +2.7464e+00 +9.7294e-01 -9.8526e-01 +2.6008e+00 -7.3340e-01
% f evaluations | g evaluations | best noise-free fitness - Fopt (-3.646000000000e+01) + sum g_i+ | measured fitness | best measured fitness or single-digit g-values | x1 | x2...
1 0 +3.662460206e+01 +1.646020561e-01 +1.646020561e-01 +1.7433e-01 +2.8154e-01 +2.6452e-01 -4.9480e-01 -1.7974e-01
5 0 +3.655425191e+01 +9.425190580e-02 +9.425190580e-02 +3.3173e-01 -3.3983e-01 -4.9119e-01 +4.1968e-01 +1.8513e-02
8 0 +3.427393968e+01 -2.186060316e+00 -2.186060316e+00 +3.2653e-02 +2.1651e-01 +1.4682e-01 -3.6850e-02 -5.4732e-01
9 0 +2.562095189e+01 -1.083904811e+01 -1.083904811e+01 +3.2327e-01 -3.6026e-01 +2.0306e-02 -6.2805e-02 -3.7586e-01
12 0 +1.912092524e+01 -1.733907476e+01 -1.733907476e+01 -4.5719e-01 -1.8699e-01 -5.0291e-01 -9.1876e-02 -4.5574e-01
32 0 +1.730505002e+01 -1.915494998e+01 -1.915494998e+01 -2.1242e-01 -4.6705e-01 -9.5576e-02 -1.9794e-01 -4.1303e-01
55 0 +1.667981636e+01 -1.978018364e+01 -1.978018364e+01 -2.7508e-01 -5.8716e-01 +1.8896e-01 -1.7383e-01 -1.3501e-02
63 0 +1.455941526e+01 -2.190058474e+01 -2.190058474e+01 -4.3943e-01 -6.2120e-01 -8.9643e-02 -3.6453e-01 -2.8408e-01
140 0 +1.436855021e+01 -2.209144979e+01 -2.209144979e+01 -9.4721e-02 -5.7405e-01 +2.2996e-01 -3.7429e-01 -1.4150e-01
183 0 +1.410829469e+01 -2.235170531e+01 -2.235170531e+01 -7.0474e-02 -5.7129e-01 +2.4010e-01 -3.4877e-01 -1.7073e-01
360 0 +1.379495311e+01 -2.266504689e+01 -2.266504689e+01 -8.0685e-02 -5.7234e-01 +2.2271e-01 -3.5938e-01 -1.5190e-01
425 0 +1.346156596e+01 -2.299843404e+01 -2.299843404e+01 -1.4358e-01 -5.9162e-01 +1.6178e-01 -3.5769e-01 -8.7622e-02
504 0 +1.340617069e+01 -2.305382931e+01 -2.305382931e+01 -1.6889e-01 -5.9745e-01 +1.4687e-01 -3.5905e-01 -7.3621e-02
% f evaluations | g evaluations | best noise-free fitness - Fopt (3.920000000000e+01) + sum g_i+ | measured fitness | best measured fitness or single-digit g-values | x1 | x2...
1 0 +7.737424042e+01 +1.165742404e+02 +1.165742404e+02 +9.0319e-02 +5.4471e-01 -2.1328e-01 -2.4654e-01 -5.3804e-01
9 0 +7.086615124e+01 +1.100661512e+02 +1.100661512e+02 +6.8211e-02 +3.7762e-01 -5.5099e-01 -7.6209e-02 -3.8693e-01
10 0 +6.056587108e+01 +9.976587108e+01 +9.976587108e+01 +2.5514e-01 +9.1429e-01 -4.8334e-01 -3.1770e-02 -4.6038e-01
18 0 +5.456596908e+01 +9.376596908e+01 +9.376596908e+01 -6.1314e-01 +1.0468e+00 -4.5967e-01 -6.1479e-02 -2.5278e-01
25 0 +4.443229283e+01 +8.363229283e+01 +8.363229283e+01 +5.8862e-01 +1.1895e+00 -7.8206e-01 +2.9953e-01 -7.3720e-01
29 0 +3.816803336e+01 +7.736803336e+01 +7.736803336e+01 +5.7652e-01 +6.8790e-01 -6.8263e-01 -1.6245e-01 -3.7606e-01
63 0 +3.110542180e+01 +7.030542180e+01 +7.030542180e+01 +4.4582e-01 +1.9369e+00 -3.0055e-01 -1.3314e-01 -1.1042e+00
512 0 +3.110542180e+01 +7.030542180e+01 +7.030542180e+01 +4.4582e-01 +1.9369e+00 -3.0055e-01 -1.3314e-01 -1.1042e+00
% f evaluations | g evaluations | best noise-free fitness - Fopt (-3.225000000000e+01) + sum g_i+ | measured fitness | best measured fitness or single-digit g-values | x1 | x2...
1 0 +5.781969900e+01 +2.556969900e+01 +2.556969900e+01 -2.4012e-01 +7.5726e-02 +1.7773e-01 +2.3435e-01 -3.5208e-01
26 0 +5.163895267e+01 +1.938895267e+01 +1.938895267e+01 -1.5712e-01 +1.7021e-01 +2.5628e-01 -1.4696e-01 +2.9671e-01
46 0 +3.943390934e+01 +7.183909340e+00 +7.183909340e+00 +8.1919e-01 +3.8863e-01 -4.7649e-01 -1.4761e+00 -2.7055e-01
49 0 +3.370362196e+01 +1.453621964e+00 +1.453621964e+00 +1.3403e+00 +8.1027e-01 -2.3337e-01 -2.6033e+00 +7.5818e-01
60 0 +2.836385773e+01 -3.886142267e+00 -3.886142267e+00 +8.5693e-01 +2.3529e+00 -1.6235e+00 -4.1455e+00 +9.4262e-01
63 0 +2.355777526e+01 -8.692224743e+00 -8.692224743e+00 +1.4026e+00 +1.3626e+00 -7.0217e-01 -4.0130e+00 +3.3203e-01
92 0 +2.139898362e+01 -1.085101638e+01 -1.085101638e+01 +1.2946e+00 +1.4509e+00 +2.9627e+00 -4.6544e+00 +4.8511e+00
93 0 +1.804528712e+01 -1.420471288e+01 -1.420471288e+01 +1.6082e+00 -6.9965e-01 +1.2421e+00 -3.4139e+00 +4.2444e+00
141 0 +1.167516929e+01 -2.057483071e+01 -2.057483071e+01 +2.0864e+00 +1.4376e+00 +7.4832e-01 -2.7659e+00 +4.3595e+00
146 0 +8.428349460e+00 -2.382165054e+01 -2.382165054e+01 +3.7887e+00 +1.8959e+00 -1.4557e-01 -3.3818e+00 +3.7768e+00
170 0 +7.661154007e+00 -2.458884599e+01 -2.458884599e+01 +3.1731e+00 +1.4423e+00 +5.3487e-01 -2.8473e+00 +3.9906e+00
181 0 +4.925256043e+00 -2.732474396e+01 -2.732474396e+01 +3.1356e+00 +1.3085e+00 +1.7694e-01 -2.1452e+00 +3.8562e+00
184 0 +4.583423850e+00 -2.766657615e+01 -2.766657615e+01 +3.1099e+00 +1.3910e+00 +3.0052e-02 -2.2304e+00 +4.3109e+00
208 0 +3.988067566e+00 -2.826193243e+01 -2.826193243e+01 +2.7553e+00 +1.3410e+00 +4.1602e-01 -2.9332e+00 +4.3623e+00
215 0 +3.921889548e+00 -2.832811045e+01 -2.832811045e+01 +2.7465e+00 +1.1284e+00 +6.1005e-01 -2.5933e+00 +4.0787e+00
231 0 +3.843754108e+00 -2.840624589e+01 -2.840624589e+01 +2.7268e+00 +1.2688e+00 +6.0344e-01 -2.6334e+00 +4.1476e+00
247 0 +2.318713154e+00 -2.993128685e+01 -2.993128685e+01 +2.9454e+00 +1.2896e+00 +2.0880e-01 -2.8892e+00 +4.0619e+00
302 0 +1.781858794e+00 -3.046814121e+01 -3.046814121e+01 +2.9316e+00 +1.2936e+00 +2.6434e-01 -2.8514e+00 +4.0541e+00
307 0 +1.542607801e+00 -3.070739220e+01 -3.070739220e+01 +2.9105e+00 +1.2784e+00 +2.6140e-01 -2.8248e+00 +4.0328e+00
504 0 +1.523408075e+00 -3.072659193e+01 -3.072659193e+01 +2.9054e+00 +1.2661e+00 +2.9834e-01 -2.8438e+00 +4.0058e+00
% f evaluations | g evaluations | best noise-free fitness - Fopt (3.681200000000e+02) + sum g_i+ | measured fitness | best measured fitness or single-digit g-values | x1 | x2...
1 0 +2.943050332e+01 +3.975505033e+02 +3.975505033e+02 -2.0869e-01 +7.5189e-02 +2.2860e-01 +2.0289e-01 -3.6542e-01
6 0 +2.597225760e+01 +3.940922576e+02 +3.940922576e+02 +9.9022e-02 +1.7877e-02 +5.4319e-02 +4.8823e-01 -3.1085e-01
9 0 +2.426233626e+01 +3.923823363e+02 +3.923823363e+02 +1.1157e-01 -5.6890e-01 +1.8164e-01 +1.2158e-01 -1.8745e-01
16 0 +2.072036395e+01 +3.888403640e+02 +3.888403640e+02 -2.2322e-01 +1.8840e-01 +2.0084e-01 -3.5107e-01 +2.8749e-01
124 0 +1.746764947e+01 +3.855876495e+02 +3.855876495e+02 -4.3720e-01 -7.3285e-02 +5.4305e-01 -5.4463e-01 -3.7573e-01
168 0 +1.733720094e+01 +3.854572009e+02 +3.854572009e+02 -7.2421e-01 +8.8680e-02 +7.6714e-01 -6.2071e-01 -2.9398e-01
233 0 +1.635072568e+01 +3.844707257e+02 +3.844707257e+02 -5.2777e-01 +1.4666e-01 +6.4346e-01 -5.4877e-01 -4.9573e-01
258 0 +1.621081537e+01 +3.843308154e+02 +3.843308154e+02 -5.2363e-01 +1.5094e-01 +6.4405e-01 -5.5041e-01 -4.8511e-01
274 0 +1.578415488e+01 +3.839041549e+02 +3.839041549e+02 -5.1047e-01 +1.4716e-01 +6.5541e-01 -5.2448e-01 -4.8474e-01
432 0 +1.548749522e+01 +3.836074952e+02 +3.836074952e+02 -5.0249e-01 +1.2882e-01 +6.4767e-01 -5.2736e-01 -4.6092e-01
504 0 +1.547364129e+01 +3.835936413e+02 +3.835936413e+02 -5.0013e-01 +1.2517e-01 +6.4759e-01 -5.2521e-01 -4.5410e-01
% f evaluations | g evaluations | best noise-free fitness - Fopt (4.739000000000e+01) + sum g_i+ | measured fitness | best measured fitness or single-digit g-values | x1 | x2...
1 0 +4.464772861e+01 +9.203772861e+01 +9.203772861e+01 -1.6407e-01 +1.5811e-01 +4.8525e-01 +2.9845e-01 -1.7765e-01
2 0 +3.333085598e+01 +8.072085598e+01 +8.072085598e+01 +2.4104e-01 -1.6268e-01 -3.1640e-01 +1.7312e-01 +4.8708e-01
4 0 +2.056259846e+01 +6.795259846e+01 +6.795259846e+01 +2.1299e-01 +3.2951e-01 -2.3518e-01 +4.7321e-02 +9.7770e-02
9 0 +1.919714077e+01 +6.658714077e+01 +6.658714077e+01 +5.4571e-01 +1.3367e-02 +2.3202e-03 +1.3258e-01 +2.5098e-01
13 0 +1.791712750e+01 +6.530712750e+01 +6.530712750e+01 +3.0986e-01 +6.1344e-01 -3.7019e-01 +5.6057e-01 +2.9109e-01
19 0 +1.751322857e+01 +6.490322857e+01 +6.490322857e+01 +8.9718e-01 +5.3394e-01 -2.1605e-01 +6.8147e-01 +2.9242e-01
44 0 +1.510492437e+01 +6.249492437e+01 +6.249492437e+01 +7.3333e-01 +3.4843e-01 -9.2946e-04 +1.0910e+00 +4.5225e-01
52 0 +1.213752337e+01 +5.952752337e+01 +5.952752337e+01 +5.3231e-01 +6.0563e-01 -1.0923e-01 +8.9051e-01 +2.9525e-01
72 0 +1.130079571e+01 +5.869079571e+01 +5.869079571e+01 +7.9686e-01 +7.6026e-01 +9.0609e-02 +9.4851e-01 +3.5163e-01
159 0 +7.694736497e+00 +5.508473650e+01 +5.508473650e+01 +8.4808e-01 +1.3427e+00 -1.6680e-01 +9.7757e-01 +1.5354e-01
504 0 +7.694736497e+00 +5.508473650e+01 +5.508473650e+01 +8.4808e-01 +1.3427e+00 -1.6680e-01 +9.7757e-01 +1.5354e-01
% f evaluations | g evaluations | best noise-free fitness - Fopt (-3.428900000000e+02) + sum g_i+ | measured fitness | best measured fitness or single-digit g-values | x1 | x2...
1 0 +1.972707492e+02 -1.456192508e+02 -1.456192508e+02 -4.6126e-01 -1.6391e-02 +2.9209e-02 +5.3839e-01 +2.0725e-01
2 0 +1.444654691e+02 -1.984245309e+02 -1.984245309e+02 -9.6122e-02 -2.1093e-01 -1.0530e-01 -1.9737e-01 +5.2646e-02
3 0 +1.114201837e+02 -2.314698163e+02 -2.314698163e+02 +6.5250e-01 +4.1605e-01 +1.4257e-01 -6.9966e-02 +6.3929e-02
4 0 +7.291729173e+01 -2.699727083e+02 -2.699727083e+02 -7.7729e-02 -8.9930e-02 -1.4845e-01 +1.7048e-01 -4.9689e-01
9 0 +6.458374177e+01 -2.783062582e+02 -2.783062582e+02 +1.5498e-01 -1.8839e-01 +1.9920e-01 -1.5707e-01 -3.5230e-01
22 0 +5.909489885e+01 -2.837951011e+02 -2.837951011e+02 -3.4671e-02 +8.8091e-02 -1.1177e-01 -4.4072e-01 -8.1859e-01
72 0 +4.897569942e+01 -2.939143006e+02 -2.939143006e+02 +4.0819e-02 -5.5067e-01 -1.9759e-01 -4.8105e-01 -5.3268e-01
93 0 +4.124567200e+01 -3.016443280e+02 -3.016443280e+02 -5.1399e-01 -1.2012e+00 -4.8723e-01 -3.7195e-01 -1.0691e+00
103 0 +3.897010258e+01 -3.039198974e+02 -3.039198974e+02 -3.4997e-01 -1.1534e+00 -2.7922e-01 -5.3337e-01 -4.1174e-01
104 0 +3.837209483e+01 -3.045179052e+02 -3.045179052e+02 -4.5206e-01 -1.1666e+00 -6.5536e-01 -4.9138e-01 -1.0841e+00
109 0 +3.486789462e+01 -3.080221054e+02 -3.080221054e+02 -5.1460e-01 -1.5458e+00 -7.3737e-01 -6.1498e-01 -1.1308e+00
116 0 +2.973984199e+01 -3.131501580e+02 -3.131501580e+02 -6.4328e-01 -2.1372e+00 -6.3240e-01 -5.2901e-01 -1.3510e+00
121 0 +2.233287492e+01 -3.205571251e+02 -3.205571251e+02 -6.1759e-02 -2.2113e+00 -1.9018e-01 -2.9564e-01 -6.3130e-01
122 0 +1.877472548e+01 -3.241152745e+02 -3.241152745e+02 -9.7556e-01 -3.1740e+00 -1.0519e+00 -6.1854e-01 -1.1720e+00
130 0 +1.226091430e+01 -3.306290857e+02 -3.306290857e+02 -1.0194e+00 -2.9194e+00 -7.3167e-01 -2.9678e-01 -7.5443e-01
139 0 +9.195688955e+00 -3.336943110e+02 -3.336943110e+02 -3.0739e-01 -2.6649e+00 -2.9053e-01 -6.5444e-01 -1.2456e+00
194 0 +5.890160488e+00 -3.369998395e+02 -3.369998395e+02 +3.9382e-01 -2.8591e+00 +4.1415e-01 -7.1727e-01 -1.0748e+00
276 0 +4.969456233e+00 -3.379205438e+02 -3.379205438e+02 +3.4198e-01 -2.9269e+00 +3.9302e-01 -7.2817e-01 -1.0436e+00
340 0 +4.785704787e+00 -3.381042952e+02 -3.381042952e+02 +3.7283e-01 -2.8677e+00 +4.0523e-01 -7.8008e-01 -1.0019e+00
362 0 +4.654236984e+00 -3.382357630e+02 -3.382357630e+02 +3.7482e-01 -2.8910e+00 +4.0443e-01 -7.9274e-01 -1.0032e+00
375 0 +4.436000072e+00 -3.384539999e+02 -3.384539999e+02 +3.7286e-01 -2.8887e+00 +4.0384e-01 -7.9571e-01 -1.0038e+00
403 0 +4.317979899e+00 -3.385720201e+02 -3.385720201e+02 +3.7574e-01 -2.8804e+00 +4.0506e-01 -7.9818e-01 -9.9760e-01
504 0 +4.299165008e+00 -3.385908350e+02 -3.385908350e+02 +3.7681e-01 -2.8801e+00 +4.0626e-01 -7.9959e-01 -9.9737e-01
% f evaluations | g evaluations | best noise-free fitness - Fopt (9.102000000000e+01) + sum g_i+ | measured fitness | best measured fitness or single-digit g-values | x1 | x2...
1 0 +5.883356782e+01 +1.498535678e+02 +1.498535678e+02 +4.6588e-01 -1.7041e-01 -3.4187e-01 +2.7400e-01 -5.4440e-01
6 0 +4.065516724e+01 +1.316751672e+02 +1.316751672e+02 -1.0052e-01 -2.2253e-01 +6.2499e-01 +3.2156e-01 -1.2705e-01
26 0 +3.464698355e+01 +1.256669835e+02 +1.256669835e+02 +2.5833e-01 -7.0854e-01 +9.0500e-01 -2.0935e-01 -4.4517e-02
29 0 +3.372923780e+01 +1.247492378e+02 +1.247492378e+02 +6.2510e-01 -9.2972e-01 +1.1089e+00 -2.0200e-01 -7.0323e-01
38 0 +3.216290107e+01 +1.231829011e+02 +1.231829011e+02 +7.7544e-02 -1.0263e+00 +1.7740e+00 -8.3239e-01 -3.8236e-01
41 0 +2.976108384e+01 +1.207810838e+02 +1.207810838e+02 -6.5873e-01 -6.1921e-01 +1.5516e+00 -2.0186e-01 -1.1949e-01
42 0 +2.637153451e+01 +1.173915345e+02 +1.173915345e+02 +3.6583e-01 -1.3910e+00 +2.1924e+00 -4.7519e-01 -8.9274e-01
44 0 +2.217735669e+01 +1.131973567e+02 +1.131973567e+02 -3.5076e-01 -4.9649e-01 +1.9648e+00 -8.8975e-01 -2.3234e-02
50 0 +1.871951030e+01 +1.097395103e+02 +1.097395103e+02 +2.7204e-01 -3.6589e-01 +2.3359e+00 -9.4076e-01 -6.2585e-01
66 0 +1.758607068e+01 +1.086060707e+02 +1.086060707e+02 +5.3065e-01 -3.7660e-01 +3.3582e+00 -1.5309e+00 -1.7034e+00
68 0 +1.634960757e+01 +1.073696076e+02 +1.073696076e+02 +2.8443e-01 +1.9736e-01 +2.2031e+00 -1.3027e+00 -6.0102e-01
74 0 +1.038650606e+01 +1.014065061e+02 +1.014065061e+02 +1.2131e+00 +2.1749e-01 +2.0724e+00 -1.8695e+00 -1.2147e+00
84 0 +6.096743363e+00 +9.711674336e+01 +9.711674336e+01 +1.6217e+00 -1.2875e+00 +2.7212e+00 -2.2058e+00 -1.6831e+00
101 0 +3.967085765e+00 +9.498708576e+01 +9.498708576e+01 +3.4076e-01 -2.0848e+00 +3.7942e+00 -2.9718e+00 -1.4670e+00
182 0 +3.324307727e+00 +9.434430773e+01 +9.434430773e+01 +7.6230e-01 -3.3492e-01 +3.0310e+00 -2.9913e+00 -1.9025e+00
183 0 +3.036216497e+00 +9.405621650e+01 +9.405621650e+01 +5.3553e-01 -1.0019e+00 +3.1561e+00 -2.6147e+00 -2.0564e+00
190 0 +2.901409673e+00 +9.392140967e+01 +9.392140967e+01 +3.2658e-01 -8.5254e-01 +3.0979e+00 -2.5839e+00 -1.8652e+00
194 0 +2.769717179e+00 +9.378971718e+01 +9.378971718e+01 +6.0006e-01 -1.0580e+00 +3.3177e+00 -2.4793e+00 -1.9495e+00
198 0 +2.290892950e+00 +9.331089295e+01 +9.331089295e+01 +7.2761e-01 -9.7641e-01 +3.4127e+00 -2.6122e+00 -1.8952e+00
218 0 +1.945780084e+00 +9.296578008e+01 +9.296578008e+01 +6.8356e-01 -8.8840e-01 +3.3083e+00 -2.6592e+00 -1.9912e+00
223 0 +1.650917910e+00 +9.267091791e+01 +9.267091791e+01 +6.1993e-01 -1.0400e+00 +3.4745e+00 -2.8222e+00 -1.8742e+00
236 0 +1.145199179e+00 +9.216519918e+01 +9.216519918e+01 +6.4069e-01 -9.2277e-01 +3.2957e+00 -2.7032e+00 -1.8316e+00
246 0 +6.611624014e-01 +9.168116240e+01 +9.168116240e+01 +6.5176e-01 -8.9084e-01 +3.2978e+00 -2.7314e+00 -1.8525e+00
270 0 +6.167386507e-01 +9.163673865e+01 +9.163673865e+01 +6.6300e-01 -8.5754e-01 +3.2640e+00 -2.7437e+00 -1.8391e+00
271 0 +6.026266640e-01 +9.162262666e+01 +9.162262666e+01 +6.5823e-01 -8.6954e-01 +3.2833e+00 -2.7477e+00 -1.8276e+00
282 0 +5.636913912e-01 +9.158369139e+01 +9.158369139e+01 +6.3271e-01 -8.6322e-01 +3.2900e+00 -2.7691e+00 -1.8590e+00
283 0 +4.233448097e-01 +9.144334481e+01 +9.144334481e+01 +6.3925e-01 -8.2384e-01 +3.2571e+00 -2.7727e+00 -1.8303e+00
298 0 +4.092791629e-01 +9.142927916e+01 +9.142927916e+01 +6.4335e-01 -8.2815e-01 +3.2619e+00 -2.7638e+00 -1.8227e+00
322 0 +4.055394350e-01 +9.142553944e+01 +9.142553944e+01 +6.4291e-01 -8.4328e-01 +3.2749e+00 -2.7739e+00 -1.8362e+00
330 0 +3.945110492e-01 +9.141451105e+01 +9.141451105e+01 +6.4651e-01 -8.3268e-01 +3.2770e+00 -2.7764e+00 -1.8291e+00
333 0 +3.663640726e-01 +9.138636407e+01 +9.138636407e+01 +6.3677e-01 -8.3368e-01 +3.2780e+00 -2.7702e+00 -1.8338e+00
336 0 +3.284848369e-01 +9.134848484e+01 +9.134848484e+01 +6.3830e-01 -8.3542e-01 +3.2645e+00 -2.7729e+00 -1.8371e+00
358 0 +2.802161869e-01 +9.130021619e+01 +9.130021619e+01 +6.3782e-01 -8.4715e-01 +3.2770e+00 -2.7665e+00 -1.8385e+00
361 0 +2.635555293e-01 +9.128355553e+01 +9.128355553e+01 +6.3624e-01 -8.4061e-01 +3.2738e+00 -2.7714e+00 -1.8395e+00
366 0 +2.573054794e-01 +9.127730548e+01 +9.127730548e+01 +6.4007e-01 -8.3901e-01 +3.2689e+00 -2.7720e+00 -1.8425e+00
371 0 +2.101798913e-01 +9.123017989e+01 +9.123017989e+01 +6.3727e-01 -8.3802e-01 +3.2688e+00 -2.7699e+00 -1.8436e+00
392 0 +2.026488185e-01 +9.122264882e+01 +9.122264882e+01 +6.3783e-01 -8.3726e-01 +3.2701e+00 -2.7703e+00 -1.8419e+00
448 0 +1.876707976e-01 +9.120767080e+01 +9.120767080e+01 +6.3878e-01 -8.2971e-01 +3.2649e+00 -2.7732e+00 -1.8438e+00
504 0 +1.876707976e-01 +9.120767080e+01 +9.120767080e+01 +6.3878e-01 -8.2971e-01 +3.2649e+00 -2.7732e+00 -1.8438e+00
% f evaluations | g evaluations | best noise-free fitness - Fopt (7.324200000000e+02) + sum g_i+ | measured fitness | best measured fitness or single-digit g-values | x1 | x2...
1 0 +1.295063780e+02 +8.619263780e+02 +8.619263780e+02 -2.4614e-01 -1.8599e-01 -4.5851e-01 +7.5393e-02 -4.1011e-02
2 0 +9.150115478e+01 +8.239211548e+02 +8.239211548e+02 +2.6001e-01 +2.1862e-02 -2.2750e-01 -7.3574e-02 -2.1514e-01
6 0 +8.673788308e+01 +8.191578831e+02 +8.191578831e+02 -1.5335e-01 +1.3999e-01 +1.1707e-01 -1.6427e-03 -5.8773e-01
9 0 +6.419367089e+01 +7.966136709e+02 +7.966136709e+02 -1.6741e-01 -2.6811e-01 +4.1644e-01 +2.5251e-02 -3.7670e-01
10 0 +6.186744712e+01 +7.942874471e+02 +7.942874471e+02 +1.9388e-02 -2.7875e-01 -4.3683e-01 +7.2880e-01 -7.0049e-01
17 0 +5.045454369e+01 +7.828745437e+02 +7.828745437e+02 +2.1482e-01 +6.0080e-02 +1.2745e-01 +3.3556e-01 -7.4481e-01
20 0 +4.856889459e+01 +7.809888946e+02 +7.809888946e+02 +3.7520e-01 -7.2032e-01 +4.4430e-01 +2.1125e-01 -5.9259e-01
37 0 +4.470696319e+01 +7.771269632e+02 +7.771269632e+02 +1.3619e+00 -1.2631e+00 +1.0946e-01 +9.3991e-01 -1.6720e+00
41 0 +2.189477071e+01 +7.543147707e+02 +7.543147707e+02 +1.4270e+00 -5.4198e-01 +8.6935e-01 +1.1887e+00 -1.7782e+00
68 0 +1.713799908e+01 +7.495579991e+02 +7.495579991e+02 -1.2586e+00 -2.7567e+00 +1.0544e+00 +3.8029e+00 -2.5772e+00
86 0 +5.426985611e+00 +7.378469856e+02 +7.378469856e+02 -2.0375e+00 -1.8704e+00 +1.3647e+00 +4.0685e+00 -3.2121e+00
123 0 +4.706034842e+00 +7.371260348e+02 +7.371260348e+02 -2.7026e+00 -2.1239e+00 +1.6246e+00 +3.6552e+00 -2.9967e+00
140 0 +3.181268154e+00 +7.356012682e+02 +7.356012682e+02 -2.6774e+00 -2.5313e+00 +1.9301e+00 +3.5819e+00 -2.6121e+00
162 0 +1.323547255e+00 +7.337435473e+02 +7.337435473e+02 -2.5524e+00 -2.6317e+00 +2.2376e+00 +3.4362e+00 -2.5819e+00
170 0 +1.125128575e+00 +7.335451286e+02 +7.335451286e+02 -2.6711e+00 -2.2808e+00 +2.1957e+00 +3.3706e+00 -2.5291e+00
215 0 +5.786523901e-01 +7.329986524e+02 +7.329986524e+02 -2.5959e+00 -2.3727e+00 +2.0344e+00 +3.4381e+00 -2.7482e+00
256 0 +4.945577673e-01 +7.329145578e+02 +7.329145578e+02 -2.6579e+00 -2.3021e+00 +2.0345e+00 +3.4167e+00 -2.7616e+00
302 0 +4.475896825e-01 +7.328675897e+02 +7.328675897e+02 -2.6541e+00 -2.3018e+00 +2.0465e+00 +3.4209e+00 -2.7618e+00
339 0 +4.274799002e-01 +7.328474799e+02 +7.328474799e+02 -2.6512e+00 -2.3014e+00 +2.0541e+00 +3.4274e+00 -2.7684e+00
346 0 +4.239607020e-01 +7.328439607e+02 +7.328439607e+02 -2.6503e+00 -2.3009e+00 +2.0561e+00 +3.4258e+00 -2.7677e+00
373 0 +4.160030027e-01 +7.328360030e+02 +7.328360030e+02 -2.6510e+00 -2.3004e+00 +2.0553e+00 +3.4261e+00 -2.7675e+00
504 0 +4.128364614e-01 +7.328328365e+02 +7.328328365e+02 -2.6500e+00 -2.3006e+00 +2.0557e+00 +3.4270e+00 -2.7677e+00
% f evaluations | g evaluations | best noise-free fitness - Fopt (3.542000000000e+01) + sum g_i+ | measured fitness | best measured fitness or single-digit g-values | x1 | x2...
1 0 +9.368640417e+01 +1.291064042e+02 +1.291064042e+02 +2.4301e-01 -1.4941e-01 -6.8338e-02 +2.7342e-01 +5.7446e-01
17 0 +8.327150155e+01 +1.186915015e+02 +1.186915015e+02 -2.2071e-01 -2.2252e-02 +1.5117e-01 -1.5705e-01 +4.4871e-01
29 0 +7.977137268e+01 +1.151913727e+02 +1.151913727e+02 +9.9959e-02 -3.4630e-01 +4.7882e-01 +3.8738e-02 +3.7369e-01
31 0 +7.120270103e+01 +1.066227010e+02 +1.066227010e+02 +6.0274e-01 +1.6011e-01 +1.1420e-01 +3.1068e-01 +4.6808e-01
33 0 +5.413542873e+01 +8.955542873e+01 +8.955542873e+01 +8.2310e-01 +1.5844e-02 -1.4310e-01 +5.8398e-01 +2.0789e-01
44 0 +4.703830038e+01 +8.245830038e+01 +8.245830038e+01 +1.9536e-01 -2.5046e-01 -5.4649e-01 +5.1563e-01 +1.3560e+00
59 0 +3.190779525e+01 +6.732779525e+01 +6.732779525e+01 +7.7342e-01 -6.2257e-01 -6.6025e-01 +5.7709e-01 +9.0381e-01
73 0 +2.611465387e+01 +6.153465387e+01 +6.153465387e+01 +1.1001e+00 -4.5412e-01 -7.0455e-01 +8.2241e-01 +1.4506e+00
89 0 +2.383905039e+01 +5.925905039e+01 +5.925905039e+01 +1.6816e+00 -3.8772e-01 -9.6737e-01 +8.7917e-01 +2.0351e+00
93 0 +1.194130042e+01 +4.736130042e+01 +4.736130042e+01 +1.6478e+00 -4.2416e-01 -1.1787e+00 +1.4653e+00 +1.6267e+00
99 0 +1.161476501e+01 +4.703476501e+01 +4.703476501e+01 +1.6139e+00 -5.9068e-01 -1.5546e+00 +1.2363e+00 +1.5244e+00
104 0 +9.805440159e+00 +4.522544016e+01 +4.522544016e+01 +2.9573e+00 -1.0077e+00 -2.0246e+00 +1.4495e+00 +2.1264e+00
105 0 +9.487676383e+00 +4.490767638e+01 +4.490767638e+01 +3.2592e+00 -1.5819e+00 -1.8040e+00 +1.5084e+00 +2.0725e+00
107 0 +8.224416446e+00 +4.364441645e+01 +4.364441645e+01 +3.0805e+00 -1.2909e+00 -1.8627e+00 +9.7526e-01 +1.9259e+00
151 0 +5.977798189e+00 +4.139779819e+01 +4.139779819e+01 +2.5052e+00 -1.4149e+00 -9.7834e-01 +1.7012e-01 +1.7419e+00
156 0 +4.854452916e+00 +4.027445292e+01 +4.027445292e+01 +2.8524e+00 -1.6223e+00 -1.7379e+00 -1.7230e-01 +2.1116e+00
161 0 +3.687484267e+00 +3.910748427e+01 +3.910748427e+01 +2.9263e+00 -1.5362e+00 -1.1545e+00 +4.2842e-01 +2.2331e+00
175 0 +2.123947273e+00 +3.754394727e+01 +3.754394727e+01 +2.8029e+00 -1.4318e+00 -1.3469e+00 +7.1667e-02 +2.2246e+00
204 0 +1.883289245e+00 +3.730328924e+01 +3.730328924e+01 +3.3990e+00 -1.5153e+00 -1.5905e+00 +3.4090e-01 +2.0541e+00
223 0 +8.976104509e-01 +3.631761045e+01 +3.631761045e+01 +3.3089e+00 -1.5469e+00 -1.5933e+00 +2.5252e-01 +2.0436e+00
250 0 +6.685208199e-01 +3.608852082e+01 +3.608852082e+01 +3.0863e+00 -1.4910e+00 -1.5097e+00 +1.9408e-01 +1.9846e+00
277 0 +5.642295263e-01 +3.598422953e+01 +3.598422953e+01 +3.1935e+00 -1.5090e+00 -1.5510e+00 +2.0967e-01 +2.0188e+00
318 0 +5.042393667e-01 +3.592423937e+01 +3.592423937e+01 +3.1966e+00 -1.5041e+00 -1.5721e+00 +2.1749e-01 +1.9940e+00
346 0 +4.717839598e-01 +3.589178396e+01 +3.589178396e+01 +3.1929e+00 -1.5035e+00 -1.5717e+00 +2.1514e-01 +1.9913e+00
361 0 +4.457249631e-01 +3.586572496e+01 +3.586572496e+01 +3.1934e+00 -1.5038e+00 -1.5721e+00 +2.1346e-01 +1.9935e+00
370 0 +4.188846251e-01 +3.583888463e+01 +3.583888463e+01 +3.1918e+00 -1.5030e+00 -1.5708e+00 +2.1572e-01 +1.9951e+00
385 0 +4.153306991e-01 +3.583533070e+01 +3.583533070e+01 +3.1905e+00 -1.5029e+00 -1.5693e+00 +2.1334e-01 +1.9945e+00
418 0 +3.936660682e-01 +3.581366607e+01 +3.581366607e+01 +3.1910e+00 -1.5035e+00 -1.5696e+00 +2.1323e-01 +1.9950e+00
435 0 +3.880465616e-01 +3.580804656e+01 +3.580804656e+01 +3.1903e+00 -1.5034e+00 -1.5691e+00 +2.1348e-01 +1.9951e+00
467 0 +3.791758672e-01 +3.579917587e+01 +3.579917587e+01 +3.1901e+00 -1.5034e+00 -1.5691e+00 +2.1335e-01 +1.9949e+00
504 0 +3.741233722e-01 +3.579412337e+01 +3.579412337e+01 +3.1902e+00 -1.5035e+00 -1.5693e+00 +2.1341e-01 +1.9949e+00
