% f evaluations | g evaluations | best noise-free fitness - Fopt (7.627000000000e+01) + sum g_i+ | measured fitness | best measured fitness or single-digit g-values | x1 | x2...
1 0 +1.871278992e+06 +1.871355262e+06 +1.871355262e+06 +2.8979e-02 -1.8539e-02 +4.8748e-01 +3.0562e-01 -1.1952e-01 +1.4147e-01 +3.2972e-01 -3.0042e-01 -1.9879e-01 +6.3311e-02 +1.0544e-01 -1.0162e-01 -1.4650e-01 -2.8829e-01 +1.0972e-01 +2.7273e-01 -2.3544e-01 -4.2193e-01 +2.7060e-01 -2.3250e-02
2 0 +3.266774487e+05 +3.267537187e+05 +3.267537187e+05 +4.5874e-02 +2.6533e-01 +1.5831e-01 -4.2920e-01 -1.3803e-01 -6.2014e-02 -3.7075e-01 -6.0407e-02 +1.7646e-01 -4.3281e-02 +5.7107e-01 +2.3319e-01 +3.2035e-01 +1.2395e-03 +1.9200e-01 -1.8773e-01 +5.5268e-01 -2.3124e-02 -5.0316e-01 -1.8361e-01
3 0 +2.791164456e+05 +2.791927156e+05 +2.791927156e+05 +4.1546e-02 +4.8852e-01 -4.9889e-01 -1.2181e-01 +7.8493e-02 -1.6868e-01 +6.5200e-02 -1.6762e-02 -4.1576e-02 -1.1817e-01 +2.4050e-01 -1.3052e-01 +2.0573e-01 -8.1958e-02 +1.0829e-01 -3.5844e-01 -6.9986e-02 -3.7476e-01 +1.9485e-02 +1.7959e-01
5 0 +1.583916583e+05 +1.584679283e+05 +1.584679283e+05 -1.2064e-01 -9.3653e-01 -2.5278e-01 +2.3410e-01 -1.8593e-01 +1.7392e-01 +5.9470e-01 +3.4753e-01 +5.7734e-02 +4.5820e-01 -1.7417e-02 +5.2099e-02 +2.8378e-01 -1.5948e-01 +9.4363e-02 -4.8516e-02 -4.7620e-01 +1.8660e-01 -1.0969e-01 +5.5578e-01
15 0 +1.303832762e+05 +1.304595462e+05 +1.304595462e+05 -1.1704e-01 -2.5674e-01 +1.2473e-02 -7.2528e-02 +3.1920e-02 +6.9985e-02 +3.5443e-02 +2.7697e-01 +5.2723e-02 +1.9247e-01 +3.9468e-01 +3.6192e-01 +1.4016e-01 +7.6347e-02 +1.2818e-02 -2.6456e-01 +4.1232e-01 -4.7163e-01 -1.1433e-01 -5.7408e-02
20 0 +1.465261894e+04 +1.472888894e+04 +1.472888894e+04 +1.4789e-01 -6.2755e-01 -3.8173e-01 -4.0150e-01 +8.4680e-02 +3.1508e-01 +4.4537e-01 -8.8336e-02 +9.1097e-01 -1.0199e-01 +1.2195e-01 +6.9492e-02 +2.4873e-01 -1.5183e-01 +6.0596e-01 +1.5655e-01 -4.5357e-01 +7.2651e-02 +5.8551e-02 +2.4409e-01
24 0 +8.687757010e+03 +8.764027010e+03 +8.764027010e+03 +3.5613e-02 -2.7283e-01 -1.7404e-01 -4.5794e-02 +3.0912e-01 +9.4616e-02 +3.2647e-01 +1.5230e-01 -7.5906e-02 +1.6088e-01 -8.6132e-02 +3.7221e-01 +6.9101e-01 -5.1446e-02 -8.8152e-02 -2.1410e-02 -6.8161e-02 -4.3530e-01 -1.6642e-01 +9.9381e-01
27 0 +7.549407599e+02 +8.312107599e+02 +8.312107599e+02 -2.4146e-01 -5.8214e-01 -2.3124e-01 -2.0493e-01 +2.1558e-01 -2.3925e-01 +1.3066e-01 -3.0978e-01 +1.9633e-01 -1.6851e-01 +4.1797e-01 +1.7440e-01 +4.3053e-01 +4.1989e-01 +2.1647e-01 -1.8379e-01 -1.7220e-01 -3.0154e-01 +1.4821e-01 +3.9659e-01
30 0 +3.657216160e+02 +4.419916160e+02 +4.419916160e+02 -3.6888e-01 -2.9734e-01 -3.1812e-01 +1.1840e-01 +2.2401e-01 +8.3403e-02 -2.4752e-01 +4.6502e-01 -1.3183e-01 -3.2357e-01 +3.6977e-01 +4.6143e-01 +3.9219e-01 +2.6308e-01 -5.1091e-02 +1.1373e-01 -6.7121e-02 -3.8197e-01 +1.8200e-01 +4.1893e-01
113 0 +8.372500885e+01 +1.599950089e+02 +1.599950089e+02 -4.5285e-01 -5.1552e-01 -4.6603e-01 -4.5292e-01 +3.8911e-02 +5.5196e-01 +5.4541e-01 +3.9668e-01 +1.3555e-02 +9.4831e-01 +4.3568e-01 +1.5265e-01 -3.8501e-02 +1.3209e-01 +1.0314e-01 -7.6189e-01 -6.9037e-02 -8.4695e-01 -9.8572e-01 +1.3158e+00
946 0 +8.219300469e+01 +1.584630047e+02 +1.584630047e+02 +2.2594e-01 -4.2704e-02 -6.3635e-01 +2.5770e-01 +9.1749e-01 -6.0449e-01 +5.7460e-01 +4.8029e-01 -6.2052e-01 -4.5247e-01 -8.1734e-02 +5.6414e-01 -7.6868e-01 +8.8598e-01 -9.2718e-02 -1.2916e+00 +5.7974e-02 -1.1825e+00 -5.9707e-01 +1.4921e+00
1395 0 +7.996311761e+01 +1.562331176e+02 +1.562331176e+02 +4.6617e-01 -5.3749e-01 -8.2677e-01 +3.6558e-01 +5.6787e-01 -1.8503e-01 +6.4713e-01 -1.8390e-01 -5.1666e-01 -8.1209e-01 +2.5549e-01 -7.8320e-02 -4.9767e-01 +5.2187e-01 +2.3568e-02 -1.1236e+00 -4.6896e-01 -1.7934e+00 -1.8749e-01 +1.0043e+00
1402 0 +7.504936096e+01 +1.513193610e+02 +1.513193610e+02 +2.9258e-01 -1.2048e+00 -5.5707e-01 +4.5075e-01 +1.0345e+00 -4.5995e-01 +2.6253e-01 -4.8687e-01 -4.7072e-01 -7.7159e-01 +4.4714e-01 +1.0872e-01 -5.2201e-01 +6.7272e-01 -1.0318e-01 -5.0952e-01 -7.7046e-01 -1.8210e+00 -6.1573e-01 +8.4289e-01
1539 0 +7.102111785e+01 +1.472911178e+02 +1.472911178e+02 +3.4131e-01 -9.4274e-01 -8.1317e-01 +2.2561e-01 +1.1112e+00 -1.7043e-01 +4.1795e-02 -5.0172e-01 -6.2794e-01 -8.9897e-01 +1.7597e-01 -3.6457e-01 -5.0095e-01 +1.0848e+00 -2.0562e-01 -7.1968e-01 -7.4007e-01 -2.2582e+00 -7.3087e-01 +5.2423e-01
1592 0 +6.587546551e+01 +1.421454655e+02 +1.421454655e+02 +1.4592e-01 -1.3275e+00 -7.6026e-01 +1.1010e-01 +1.0755e+00 -2.7459e-01 -3.9233e-02 -2.6753e-01 -6.1194e-01 -3.3143e-01 +2.0657e-01 -5.7423e-01 -3.5061e-01 +1.3128e+00 -4.9919e-01 -1.4776e-01 -6.7075e-01 -2.0381e+00 -9.6040e-01 +3.5201e-01
2004 0 +6.587546551e+01 +1.421454655e+02 +1.421454655e+02 +1.4592e-01 -1.3275e+00 -7.6026e-01 +1.1010e-01 +1.0755e+00 -2.7459e-01 -3.9233e-02 -2.6753e-01 -6.1194e-01 -3.3143e-01 +2.0657e-01 -5.7423e-01 -3.5061e-01 +1.3128e+00 -4.9919e-01 -1.4776e-01 -6.7075e-01 -2.0381e+00 -9.6040e-01 +3.5201e-01
% f evaluations | g evaluations | best noise-free fitness - Fopt (-2.255000000000e+01) + sum g_i+ | measured fitness | best measured fitness or single-digit g-values | x1 | x2...
1 0 +1.360454391e+05 +1.360228891e+05 +1.360228891e+05 +3.0144e-01 +1.1902e-01 -1.2623e-01 -1.2044e-01 -4.1740e-01 -1.4772e-01 +1.8850e-01 -3.6549e-01 +6.6046e-01 +2.6348e-01 +2.0071e-01 +1.7983e-01 +5.4860e-01 +9.3762e-02 +3.1224e-01 +9.1835e-02 +3.3743e-01 +6.7697e-03 +2.2329e-01 -4.4962e-01
3 0 +1.021128191e+05 +1.020902691e+05 +1.020902691e+05 +4.0770e-01 +2.1052e-02 +2.5185e-01 +3.7743e-01 -1.7791e-01 +2.5820e-01 +3.8103e-01 -1.0955e-01 +5.7842e-01 -1.6970e-02 -4.1995e-01 -3.8484e-01 +1.2297e-01 -1.0134e-01 -2.3507e-01 +3.3682e-01 +1.3760e-01 +4.4627e-01 -2.0838e-01 +2.2602e-01
5 0 +3.030693442e+04 +3.028438442e+04 +3.028438442e+04 +1.1572e-02 +3.0047e-01 +5.6717e-01 +4.8683e-02 +6.2220e-01 -1.2851e-02 -9.2632e-02 -3.3728e-01 -4.0209e-01 +5.6308e-01 +4.8079e-01 +6.9182e-02 +5.5944e-01 +1.3047e-01 +3.8501e-01 -7.7504e-01 +7.6160e-02 +2.3789e-01 +2.5649e-01 +3.1749e-01
9 0 +3.018210136e+04 +3.015955136e+04 +3.015955136e+04 -1.8520e-02 -1.0598e-01 +2.2012e-01 +1.7889e-01 -2.5629e-01 -5.0160e-02 +7.5136e-02 -5.6962e-01 -4.8887e-01 +3.7472e-01 +1.8244e-01 +1.5326e-01 +2.7388e-01 +2.8780e-01 -8.0879e-02 +3.6384e-02 +6.3945e-03 -4.7289e-01 +1.8996e-01 -1.3335e-01
13 0 +3.457980947e+03 +3.435430947e+03 +3.435430947e+03 +8.1134e-02 +1.3915e-02 +7.1373e-01 +3.2054e-01 -3.7271e-02 +2.4738e-01 -1.4538e-01 -7.7518e-01 -2.4150e-01 -9.9070e-02 -7.5457e-02 +6.1431e-02 +7.1911e-01 +6.8284e-01 -1.7203e-01 -1.5230e-01 +3.0618e-01 -2.8563e-02 +2.1909e-01 -1.2929e-01
26 0 +2.154692476e+03 +2.132142476e+03 +2.132142476e+03 +2.6151e-01 +8.3509e-02 +2.7565e-01 +1.6706e-01 +1.1571e-01 +4.8276e-01 -8.1219e-02 -4.0391e-01 -3.2991e-01 -2.3791e-01 +9.1246e-02 +4.0970e-01 +1.6451e-01 +2.8019e-01 -2.0578e-01 +7.8618e-01 +8.3891e-01 +2.4369e-02 +5.3609e-02 -4.5841e-01
28 0 +1.875567919e+03 +1.853017919e+03 +1.853017919e+03 -1.0420e-01 -3.4884e-01 +6.7037e-01 +6.4956e-01 +1.4410e-01 +3.7320e-01 -4.9638e-01 -5.9806e-01 -4.1460e-01 -5.0925e-01 +8.6675e-02 -2.7455e-01 +3.5283e-01 +4.1127e-01 -4.9961e-01 -5.3512e-01 +2.2380e-01 -3.8258e-01 -2.0385e-01 +1.6629e-01
29 0 +9.148466682e+01 +6.893466682e+01 +6.893466682e+01 -5.5491e-02 -2.9522e-01 +4.1508e-01 +2.1388e-01 +2.0158e-01 +3.0055e-01 -1.1015e-02 -6.0890e-01 -4.2406e-01 +1.4542e-01 -1.9759e-01 +2.1714e-01 +5.2362e-01 +6.6101e-01 -2.6305e-01 -2.2832e-01 +6.3250e-01 -1.0923e-01 +2.3479e-02 +4.7359e-01
61 0 +8.388490550e+01 +6.133490550e+01 +6.133490550e+01 -4.2445e-01 -7.7902e-01 +9.2274e-01 -2.4562e-01 +1.6955e-01 +2.3408e-01 -5.3305e-02 -6.7164e-01 +3.2806e-01 -3.0264e-01 +4.0497e-01 -3.5427e-01 +6.9057e-01 +7.5189e-01 +1.9769e-01 +3.2759e-01 +3.1713e-01 -5.3121e-01 -2.8026e-01 -2.8178e-02
2004 0 +8.388490550e+01 +6.133490550e+01 +6.133490550e+01 -4.2445e-01 -7.7902e-01 +9.2274e-01 -2.4562e-01 +1.6955e-01 +2.3408e-01 -5.3305e-02 -6.7164e-01 +3.2806e-01 -3.0264e-01 +4.0497e-01 -3.5427e-01 +6.9057e-01 +7.5189e-01 +1.9769e-01 +3.2759e-01 +3.1713e-01 -5.3121e-01 -2.8026e-01 -2.8178e-02
% f evaluations | g evaluations | best noise-free fitness - Fopt (1.366000000000e+01) + sum g_i+ | measured fitness | best measured fitness or single-digit g-values | x1 | x2...
1 0 +6.686078930e+04 +6.687444930e+04 +6.687444930e+04 -1.5411e-02 -2.9549e-01 +3.4148e-02 -1.6864e-01 +8.3596e-02 -2.1546e-01 -6.0954e-02 +3.2229e-02 -4.8024e-02 -4.0213e-01 +2.2394e-01 -4.6911e-01 -8.4660e-02 +2.4071e-01 +4.9190e-01 -1.7514e-01 -3.0929e-01 -1.7042e-01 +1.2580e-01 +1.4977e-01
2 0 +2.708698914e+04 +2.710064914e+04 +2.710064914e+04 -1.8389e-01 +2.2255e-01 +7.0567e-02 +6.8441e-02 -5.6187e-02 +8.3737e-02 -7.7955e-02 -5.0729e-01 +2.1367e-01 +1.6061e-01 +1.7204e-01 -1.2233e-01 -3.0435e-02 +1.4707e-01 +1.6070e-01 +1.8544e-01 -6.2830e-01 +1.1117e-01 -5.7143e-01 -6.5401e-02
3 0 +2.511760733e+04 +2.513126733e+04 +2.513126733e+04 -1.8498e-01 +3.8044e-01 -9.4491e-02 +1.0693e-01 -2.0993e-01 -5.0757e-01 +6.2985e-02 +3.8925e-03 +1.0928e-02 -1.3000e-01 -2.7252e-01 -7.8574e-01 -1.2849e-01 +1.3545e-01 +9.0291e-01 +4.0792e-01 -2.9093e-01 +1.0879e-01 -7.1948e-02 +6.2447e-02
14 0 +3.555798899e+02 +3.692398899e+02 +3.692398899e+02 +3.6861e-01 +8.7396e-01 +2.8786e-02 +2.9839e-01 -1.6294e-01 -5.1523e-01 -1.5393e-01 +5.3895e-02 +1.7212e-02 +2.9776e-01 +9.0114e-02 -3.0689e-01 +1.1101e-01 +4.2915e-01 +4.9866e-01 -2.2383e-01 -3.1469e-01 -1.6623e-01 -4.8565e-02 +4.1290e-01
29 0 +1.877486798e+02 +2.014086798e+02 +2.014086798e+02 +1.4078e-01 +3.0822e-01 +2.5786e-03 +1.5146e-01 +1.2683e-02 +4.2402e-01 +4.4438e-01 -3.6917e-01 +1.7233e-01 +3.0880e-01 +2.5854e-01 -1.1586e-01 -4.5687e-01 +4.4339e-01 +2.9273e-01 +5.2049e-01 -2.5544e-01 -6.7089e-01 -3.4459e-01 -7.0352e-02
34 0 +1.334942547e+02 +1.471542547e+02 +1.471542547e+02 +6.4214e-01 +7.7013e-01 -2.4394e-01 -1.0423e-01 +4.6935e-01 -2.0639e-01 +1.2537e-01 -2.3430e-01 -1.0112e-01 +2.8501e-01 -1.7941e-01 -2.6639e-01 -2.1490e-01 +4.1072e-01 -8.3425e-02 -2.5225e-01 -6.0418e-01 -1.2460e-01 -2.6913e-01 +3.0396e-01
96 0 +1.179954438e+02 +1.316554438e+02 +1.316554438e+02 +5.3437e-01 +4.0539e-01 -6.3067e-01 +1.2679e-01 +3.6393e-02 +2.7918e-01 +7.6665e-02 -3.1384e-01 -3.2331e-01 -3.2705e-01 +2.3645e-01 -5.0554e-01 +8.3918e-02 +3.4467e-01 +3.7554e-01 +4.1491e-02 -2.9791e-01 -7.1422e-01 -1.0058e-01 -1.4642e-01
180 0 +1.172662731e+02 +1.309262731e+02 +1.309262731e+02 +1.1982e+00 +1.0171e+00 -3.4865e-01 +3.8911e-02 +3.5133e-01 -9.9921e-03 -1.0758e-01 -2.8864e-01 -1.6180e-01 -4.0085e-01 -1.0058e-01 -1.3618e-01 +2.9957e-01 +6.0822e-01 +4.1997e-01 -1.3766e-01 -4.5687e-02 +2.3488e-01 +7.7815e-02 -7.9396e-02
2004 0 +1.166087515e+02 +1.302687515e+02 +1.302687515e+02 +1.4514e+00 +1.0341e+00 -2.1104e-01 +1.1338e-01 -4.6581e-02 -2.3973e-01 +7.0705e-02 -2.6802e-01 -1.2166e-01 -6.6654e-01 +2.3205e-01 -1.8266e-01 +2.3012e-01 +8.2588e-01 +6.0722e-01 +9.3558e-02 +4.3121e-01 -1.6164e-01 +3.4289e-01 +1.9465e-01
% f evaluations | g evaluations | best noise-free fitness - Fopt (9.378400000000e+02) + sum g_i+ | measured fitness | best measured fitness or single-digit g-values | x1 | x2...
1 0 +2.836969165e+06 +2.837907005e+06 +2.837907005e+06 -5.8865e-02 -5.2701e-02 +7.7992e-02 -1.4880e-01 +3.1471e-01 -4.7555e-01 +5.4619e-01 +4.6093e-03 +1.3047e-02 +1.6118e-01 +1.5944e-01 -4.6282e-01 -7.2178e-02 -3.6237e-01 +6.7563e-02 -6.4397e-01 +2.8148e-01 -4.0775e-01 +5.9501e-01 +3.8439e-01
4 0 +1.890436066e+06 +1.891373906e+06 +1.891373906e+06 -2.3246e-01 -3.0597e-01 +1.5747e-01 +4.3844e-01 -9.4709e-02 -3.1797e-01 -3.7602e-01 -3.5290e-01 +3.9440e-01 -3.0603e-01 -1.3951e-01 +1.5969e-01 +9.6240e-02 +2.7873e-01 +2.2999e-01 -1.5486e-01 -2.4779e-01 +1.7365e-01 -3.2554e-01 +3.4966e-01
8 0 +1.433784266e+06 +1.434722106e+06 +1.434722106e+06 +8.8282e-02 +1.2410e-01 -2.2564e-02 +6.8557e-01 +6.9935e-02 +2.0677e-01 +3.9843e-01 -1.2404e-01 -3.7333e-01 +5.3048e-02 -2.4625e-01 +5.4365e-01 -9.8368e-02 +2.3273e-01 +6.7663e-01 +3.0712e-02 -1.7492e-01 -1.4766e-02 +1.0611e-01 -3.0023e-02
16 0 +9.806390008e+05 +9.815768408e+05 +9.815768408e+05 -4.0702e-01 +2.6496e-02 -2.6909e-01 -1.0947e-01 -8.8516e-02 -7.4229e-03 -1.4037e-01 -2.6919e-01 -2.7686e-01 -7.0480e-01 +9.2797e-02 -3.4956e-01 -1.4891e-01 -3.7866e-02 +7.6649e-01 -4.1267e-01 -1.2146e-01 -5.3749e-02 -1.2547e-01 +5.8115e-01
22 0 +8.935621135e+05 +8.944999535e+05 +8.944999535e+05 -5.7426e-02 +6.2348e-01 +2.9702e-02 +1.0439e-01 +4.6360e-02 +6.1797e-01 +1.3969e-01 +1.6878e-01 +3.8329e-01 -1.0686e-01 -4.6955e-01 -3.8933e-01 -1.0937e-01 +1.0697e-01 +3.2170e-01 +7.1920e-02 +1.4860e-01 -9.7672e-02 -1.0009e-01 +1.0675e-01
25 0 +6.951773164e+05 +6.961151564e+05 +6.961151564e+05 -3.1563e-01 +4.0693e-01 +6.1020e-02 -8.4283e-02 -1.3110e-01 -1.4639e-01 -1.9356e-01 +2.5902e-01 -4.3618e-01 -4.3624e-01 -1.3632e-01 -3.3436e-01 -5.5211e-01 -3.5069e-02 +3.4445e-01 -1.1032e-01 -2.9183e-01 +1.0034e-01 +7.7193e-02 +3.4279e-02
29 0 +1.735864092e+05 +1.745242492e+05 +1.745242492e+05 -6.2013e-02 +1.1181e+00 +2.2953e-01 -7.1519e-02 +3.3577e-01 +1.1159e-01 -2.2836e-01 +6.9298e-01 -3.3948e-01 -3.0407e-01 +6.0974e-02 -1.4907e-01 +1.6453e-01 +3.8796e-01 +7.5262e-01 +4.3617e-02 -1.9791e-01 -4.8048e-02 +2.7206e-01 +4.1454e-01
39 0 +5.118733101e+04 +5.212517101e+04 +5.212517101e+04 -1.6429e-01 +1.0471e+00 +1.4655e-01 -2.8089e-01 +1.9445e-01 -4.6458e-02 -7.6194e-01 +1.0959e-01 -3.8980e-01 -7.5372e-01 +3.2549e-02 -3.1716e-01 -3.1442e-01 +3.7385e-01 +1.1321e+00 -2.5299e-01 -4.9509e-01 -5.2311e-01 -3.5732e-01 +5.3923e-01
51 0 +2.357904183e+02 +1.173630418e+03 +1.173630418e+03 -3.6627e-01 +1.3928e+00 +1.9930e-02 -3.1013e-01 +1.6586e-01 +6.2366e-01 -7.5001e-01 -3.8072e-02 +8.7570e-03 -6.3556e-01 -2.9676e-01 +3.7896e-01 -7.8061e-02 +3.0771e-01 +7.9728e-01 -2.0454e-01 -9.0175e-01 -3.5195e-01 -7.3346e-01 +7.5917e-01
84 0 +9.471018297e+01 +1.032550183e+03 +1.032550183e+03 -3.8423e-01 +1.7426e+00 +3.8327e-01 -8.2616e-01 -2.1614e-01 -3.4476e-01 -1.2599e+00 +2.2161e-02 +2.1350e-01 -3.3821e-01 -3.5500e-01 -2.0191e-01 -1.6844e-01 -9.8959e-02 +6.3652e-01 -2.1593e-01 -6.3676e-01 -7.6920e-01 -5.2545e-01 +7.0447e-01
2004 0 +9.471018297e+01 +1.032550183e+03 +1.032550183e+03 -3.8423e-01 +1.7426e+00 +3.8327e-01 -8.2616e-01 -2.1614e-01 -3.4476e-01 -1.2599e+00 +2.2161e-02 +2.1350e-01 -3.3821e-01 -3.5500e-01 -2.0191e-01 -1.6844e-01 -9.8959e-02 +6.3652e-01 -2.1593e-01 -6.3676e-01 -7.6920e-01 -5.2545e-01 +7.0447e-01
% f evaluations | g evaluations | best noise-free fitness - Fopt (-7.872000000000e+01) + sum g_i+ | measured fitness | best measured fitness or single-digit g-values | x1 | x2...
1 0 +6.311917347e+06 +6.311838627e+06 +6.311838627e+06 -3.2014e-01 +2.7762e-01 +3.8543e-01 -3.7626e-01 +2.8278e-01 +4.3399e-01 +4.0900e-01 -4.1977e-01 -1.2259e-01 -9.2506e-01 +1.0685e-01 +4.0950e-01 -2.0883e-01 -1.3352e-01 +3.0853e-01 +4.6434e-01 +3.4341e-02 -1.6614e-02 -2.6642e-01 -1.3642e-01
2 0 +2.571990827e+06 +2.571912107e+06 +2.571912107e+06 -5.5251e-02 +1.4629e-02 +4.8033e-01 -1.7582e-01 +2.5309e-01 +2.3073e-01 +2.5302e-02 -7.9904e-02 +1.9901e-01 +7.5560e-01 -1.5258e-01 -5.9151e-02 -7.6531e-02 -2.4477e-01 -1.8798e-01 +1.6654e-01 -2.2870e-01 +5.5634e-01 -1.5684e-01 -6.8735e-01
5 0 +2.200578235e+06 +2.200499515e+06 +2.200499515e+06 +1.1558e-01 +1.4775e-01 -1.0189e-01 -3.7653e-01 +1.6726e-02 -1.5835e-01 -4.2699e-02 -2.9978e-01 -1.4124e-01 +1.4678e-01 -5.2046e-01 +2.3825e-01 -5.5036e-02 -9.2443e-02 -2.2275e-01 +1.3074e-01 +4.1464e-02 -1.9861e-01 +6.1635e-02 -1.1635e-01
14 0 +2.064360922e+06 +2.064282202e+06 +2.064282202e+06 -3.1800e-01 -4.0804e-01 +1.6910e-01 -4.8292e-01 -1.2311e-01 -3.7039e-01 -9.2341e-02 -3.2752e-01 -1.7089e-01 +7.2643e-01 +6.3137e-02 +1.9837e-01 +5.3941e-01 -8.2411e-02 +7.9278e-02 -2.0271e-01 -2.3982e-01 +4.5143e-01 +1.6514e-01 -2.7178e-01
15 0 +1.863361469e+06 +1.863282749e+06 +1.863282749e+06 -1.9304e-01 -2.0755e-01 -2.9826e-01 -2.1026e-02 +5.6457e-02 -1.8787e-02 +1.5095e-01 +2.5153e-02 -4.8178e-01 +8.1980e-01 -4.2505e-01 +1.4023e-01 -2.2435e-01 -1.4688e-01 +3.1588e-01 -5.7862e-02 -3.2230e-01 -3.8624e-01 +2.3171e-02 +1.2120e-01
25 0 +1.728289027e+06 +1.728210307e+06 +1.728210307e+06 +2.4791e-01 -7.2089e-02 +2.8407e-02 -3.2219e-01 +2.2953e-01 -1.9394e-01 +6.8036e-01 +8.3317e-02 -8.3445e-01 +6.7673e-01 -4.0701e-01 -7.2079e-02 -2.7472e-01 +1.8738e-01 -1.1025e-01 +3.8004e-01 -5.7515e-01 -1.2183e-01 +4.9103e-01 +5.0207e-02
27 0 +1.168451582e+06 +1.168372862e+06 +1.168372862e+06 +1.2511e-01 -2.0773e-01 +2.7900e-01 -2.8935e-01 +7.8993e-02 -6.0029e-01 +2.7168e-01 +8.6608e-02 -1.1250e+00 +2.1847e-01 +1.1310e-01 -1.4259e-01 +2.6775e-01 -1.4271e-01 -4.1360e-02 -1.8663e-01 -7.5175e-01 +2.2168e-02 -3.6500e-02 -3.9690e-01
40 0 +9.233381666e+05 +9.232594466e+05 +9.232594466e+05 -4.0585e-01 +1.8250e-01 +6.1199e-01 -9.2088e-01 +4.5546e-02 +3.3668e-02 +3.4707e-01 +5.3115e-02 -9.8128e-01 +2.5098e-01 -5.4053e-01 +3.6632e-01 +7.2982e-01 -2.2879e-01 +1.2981e-01 -3.0506e-01 -6.1613e-01 +2.0211e-01 +5.5273e-01 -3.6397e-01
41 0 +5.074515234e+05 +5.073728034e+05 +5.073728034e+05 -6.6402e-01 -2.2127e-01 -3.6627e-01 +1.8139e-01 +1.1285e-01 -9.0109e-01 +1.8196e-01 -9.8211e-02 -8.1272e-01 +6.3288e-01 -1.3793e-01 -3.4550e-01 +5.7642e-01 +5.0887e-02 -7.3614e-02 +5.4219e-02 -7.3983e-01 -4.4738e-01 +4.9417e-01 -2.4287e-01
45 0 +3.418751743e+05 +3.417964543e+05 +3.417964543e+05 +1.2872e-01 -8.4274e-02 -3.1309e-01 +3.7554e-02 +5.2271e-01 +1.1235e-01 +4.4230e-01 -7.0838e-02 -1.1113e+00 +5.8347e-01 -1.3535e-01 +1.5332e-01 +5.5316e-01 -4.5882e-01 -3.4976e-01 -1.8940e-01 -7.1097e-01 -3.1028e-01 +7.6301e-02 -8.3494e-01
53 0 +8.969861224e+03 +8.891141224e+03 +8.891141224e+03 -3.9505e-01 +1.4436e-01 +2.3655e-01 +2.0495e-02 +1.6830e-01 -1.0147e+00 +4.8368e-01 -1.3764e-01 -1.3569e+00 +4.6454e-01 -7.7371e-01 -1.9481e-01 +7.7136e-01 -2.6674e-01 +3.4580e-02 -2.1145e-01 -7.7172e-01 -4.1788e-01 +2.0849e-01 -7.1874e-01
78 0 +1.536992488e+02 +7.497924877e+01 +7.497924877e+01 -5.3424e-01 +6.4920e-01 -2.1941e-02 -1.1253e-01 +5.0229e-01 -8.2764e-01 +1.8673e-01 -7.4002e-01 -1.6583e+00 +4.4661e-01 -7.7459e-01 +4.1999e-01 +8.0173e-01 -1.8293e-01 -2.2652e-02 -6.7572e-01 -2.1452e-01 +4.9265e-02 +1.5178e-02 +1.0355e-01
299 0 +1.090654080e+02 +3.034540804e+01 +3.034540804e+01 +3.1453e-01 -2.2684e-01 -1.1948e+00 +9.7305e-01 +8.2715e-01 -1.2021e+00 +2.3755e+00 -1.1213e-01 -1.2084e+00 -5.0482e-01 +1.3237e+00 +1.8229e+00 +1.5713e+00 +1.3227e+00 +1.3051e+00 -4.5149e+00 -9.5618e-01 +1.4945e+00 +1.6515e+00 -8.3708e-02
2004 0 +1.090654080e+02 +3.034540804e+01 +3.034540804e+01 +3.1453e-01 -2.2684e-01 -1.1948e+00 +9.7305e-01 +8.2715e-01 -1.2021e+00 +2.3755e+00 -1.1213e-01 -1.2084e+00 -5.0482e-01 +1.3237e+00 +1.8229e+00 +1.5713e+00 +1.3227e+00 +1.3051e+00 -4.5149e+00 -9.5618e-01 +1.4945e+00 +1.6515e+00 -8.3708e-02
% f evaluations | g evaluations | best noise-free fitness - Fopt (-4.151000000000e+01) + sum g_i+ | measured fitness | best measured fitness or single-digit g-values | x1 | x2...
1 0 +1.659445732e+07 +1.659441581e+07 +1.659441581e+07 -3.4834e-01 -9.3430e-02 +2.2397e-01 -4.5489e-01 +4.3580e-02 +2.8394e-01 +7.0922e-02 -3.5378e-02 -3.5018e-01 -4.1337e-01 +1.9067e-02 -2.3250e-01 +3.7392e-01 -2.5569e-01 -1.3384e-01 -1.5574e-01 +1.4436e-01 -3.7007e-02 +1.8910e-01 -1.8104e-01
2 0 +8.596704193e+06 +8.596662683e+06 +8.596662683e+06 +2.9749e-01 +1.4794e-01 -2.8832e-01 +1.4480e-02 +2.9279e-02 +8.7504e-03 -1.9024e-01 +1.8722e-01 +6.9170e-02 -2.4916e-01 +8.6926e-02 +2.6898e-02 -8.6445e-02 -2.7011e-01 +2.9887e-01 -3.2863e-01 +6.2766e-02 -7.8774e-01 -7.1973e-01 -4.8234e-02
29 0 +7.572842086e+06 +7.572800576e+06 +7.572800576e+06 +1.4319e-01 -2.5004e-01 -4.9383e-01 -3.3297e-01 +1.1192e-01 +6.0617e-01 +8.1806e-02 +5.5253e-01 +1.1785e-01 +1.9478e-01 -1.1501e-01 -5.6931e-02 -3.1029e-01 -1.7592e-01 +1.3598e-01 -8.0197e-01 -2.0040e-01 +3.1567e-02 -3.6742e-01 +8.9664e-02
30 0 +5.337706111e+06 +5.337664601e+06 +5.337664601e+06 +1.7939e-01 -5.1366e-01 -5.7432e-02 -3.5640e-01 -3.7488e-02 +1.1736e-01 -4.1651e-01 -8.0983e-02 -3.7243e-02 +1.1877e-02 +3.5672e-01 +4.4908e-01 -4.4048e-01 -6.3547e-01 +6.6227e-01 -7.9100e-01 -6.1443e-02 +3.0411e-01 -8.0398e-01 +1.6978e-01
39 0 +5.166030025e+06 +5.165988515e+06 +5.165988515e+06 +2.2953e-01 -7.1941e-01 -2.8505e-01 -3.1691e-01 +4.7758e-01 -2.7509e-01 -4.8300e-01 +3.3189e-01 +3.1125e-01 +5.6833e-01 -3.9450e-01 +4.9518e-01 -8.3404e-01 -6.1337e-01 +3.5797e-01 -7.4318e-01 -2.7931e-01 +1.4086e-03 -2.7063e-01 +2.2970e-01
47 0 +4.894683100e+06 +4.894641590e+06 +4.894641590e+06 -3.5183e-01 -4.4623e-01 +2.5089e-01 -2.9701e-01 -8.5940e-02 +4.8050e-02 -2.2390e-01 +5.0046e-01 -3.9498e-01 +3.9117e-02 -1.2667e-01 +3.1935e-01 -7.7139e-01 -8.6233e-01 +2.9366e-01 -7.1911e-01 -3.4036e-01 -1.5677e-01 -9.9530e-01 -8.4277e-02
51 0 +4.734910344e+06 +4.734868834e+06 +4.734868834e+06 +5.0690e-01 +1.0014e-01 +1.2436e-01 -5.3346e-02 -3.9919e-01 +6.8033e-01 -8.9365e-01 +5.9858e-01 -3.4903e-01 -2.3162e-01 +5.9844e-02 +1.6765e-01 -7.9864e-01 -3.8765e-01 -5.8105e-03 -8.1966e-01 -8.5952e-01 +2.6518e-01 -4.5090e-01 -1.8338e-01
58 0 +3.814506696e+06 +3.814465186e+06 +3.814465186e+06 -2.7473e-01 -6.5225e-01 +2.4816e-01 -5.1475e-01 -3.0186e-01 +7.3462e-02 -7.6823e-01 +3.8472e-03 +7.7770e-02 +2.5324e-01 +9.9017e-02 +1.2368e-01 -7.3912e-01 -1.1450e+00 +9.1930e-01 -7.2864e-01 -4.7164e-01 +2.7059e-01 -7.5395e-01 +2.1108e-01
63 0 +3.379446582e+06 +3.379405072e+06 +3.379405072e+06 +1.1148e-01 -6.8013e-01 +6.6913e-02 -4.7818e-01 -7.2594e-01 +5.5997e-01 -7.5380e-01 +2.6311e-01 -1.9009e-01 +8.2002e-01 -1.2065e-01 +4.9024e-01 -4.7344e-01 -9.7748e-01 +6.1866e-01 -3.8600e-01 -2.8330e-01 +4.7533e-01 -1.2564e+00 -7.4726e-02
65 0 +2.165251449e+06 +2.165209939e+06 +2.165209939e+06 +3.0048e-01 -9.6433e-02 -6.1354e-02 -5.1046e-01 -7.8108e-01 +3.8127e-01 -1.3944e-01 +3.6443e-01 -2.1247e-01 +1.7199e-01 -5.4867e-01 +2.2140e-01 -8.8606e-01 -7.8242e-01 +9.3836e-01 -1.0543e+00 -9.0673e-01 -1.5896e-01 -8.7884e-01 -1.2846e-02
73 0 +1.731925513e+06 +1.731884003e+06 +1.731884003e+06 +6.9285e-03 +1.1569e-01 -1.3385e-01 -5.6391e-01 -1.0276e+00 +9.9544e-01 -4.5667e-01 +3.0353e-01 -3.8506e-01 +6.7688e-01 -3.4967e-01 +5.1187e-01 -9.2207e-01 -1.5253e+00 +1.1992e+00 -3.6345e-01 -7.0228e-01 +3.6620e-01 -9.6386e-01 +2.7924e-01
81 0 +1.689056770e+06 +1.689015260e+06 +1.689015260e+06 -2.7063e-04 -3.1174e-01 +2.1412e-01 -2.2798e-01 -1.1778e+00 +2.8166e-01 +5.0966e-02 +1.0433e+00 +1.5888e-01 -1.4014e-01 -2.0237e-02 +5.7450e-01 -9.3324e-01 -8.8559e-01 +7.1771e-01 -8.8118e-01 -1.4024e+00 -1.6513e-01 -8.3729e-01 +6.3669e-03
84 0 +1.361338502e+06 +1.361296992e+06 +1.361296992e+06 +2.0212e-01 +6.7203e-01 -2.4757e-02 -7.2459e-01 -9.6128e-01 +7.1026e-01 +2.1984e-01 -3.6246e-01 -1.3090e-01 +3.8628e-01 -1.2604e+00 +1.1343e+00 -1.1675e+00 -1.0316e+00 +8.4725e-01 -1.3038e+00 -4.0145e-01 +8.7043e-02 -1.1597e+00 -1.5890e-02
85 0 +1.185238649e+06 +1.185197139e+06 +1.185197139e+06 +1.1109e-01 +5.4939e-01 +1.7200e-01 -4.4009e-01 -1.1405e+00 +6.5682e-01 +4.7195e-03 +4.2303e-01 +1.5922e-01 -1.4892e-01 -8.3138e-01 +6.1247e-01 -9.3255e-01 -1.0236e+00 +1.2547e+00 -4.0069e-01 -1.0068e+00 +5.7724e-01 -1.2274e+00 +2.5074e-01
90 0 +6.966726718e+05 +6.966311618e+05 +6.966311618e+05 +9.4962e-02 -7.4109e-02 +1.5746e-01 -8.0624e-02 -9.5874e-01 +1.4158e+00 +6.1996e-02 +9.3792e-01 +5.6375e-01 +4.0205e-01 -1.4626e-01 +1.4849e+00 -9.2684e-01 -7.9133e-01 +1.1585e+00 -1.3307e+00 -7.2671e-01 -6.1825e-01 -9.1104e-01 +1.7489e-01
93 0 +2.648754557e+05 +2.648339457e+05 +2.648339457e+05 +3.8387e-01 -4.6048e-01 -4.8170e-02 -6.1235e-01 -5.9720e-01 +6.9017e-01 -5.9858e-02 -1.6236e-02 -3.6517e-01 +6.0397e-01 -7.0375e-01 +4.7094e-01 -6.0594e-01 -1.2102e+00 +1.1361e+00 -1.6708e+00 -9.2034e-01 +3.0857e-01 -1.9899e+00 +3.3458e-01
97 0 +3.438784926e+04 +3.434633926e+04 +3.434633926e+04 +5.5301e-02 -2.3526e-01 +2.9724e-01 -1.0731e+00 -1.0721e+00 +1.0511e+00 -3.5009e-01 -6.3060e-03 -2.3334e-01 +8.8930e-01 -1.2697e+00 +1.2260e+00 -8.4803e-01 -1.1735e+00 +1.0270e+00 -1.3666e+00 -1.0859e+00 +3.8677e-01 -1.5096e+00 +7.9122e-01
98 0 +1.271296327e+04 +1.267145327e+04 +1.267145327e+04 +3.5712e-01 +1.1066e-01 +4.6014e-01 -1.0098e+00 -6.2658e-01 +1.0537e+00 -7.6066e-01 +7.9728e-01 +1.4893e-01 +4.6747e-01 -7.5053e-01 +1.5887e+00 -1.7296e+00 -1.6816e+00 +1.1298e+00 -1.4040e+00 -6.3048e-01 -2.8481e-01 -1.0472e+00 +8.1070e-01
102 0 +2.610685813e+02 +2.195585813e+02 +2.195585813e+02 +5.7254e-01 -6.3968e-01 -2.4960e-01 -7.4972e-01 -1.0330e+00 +1.2551e+00 +2.6613e-01 +5.4421e-01 +1.8353e-01 +3.9552e-01 -1.1308e+00 +9.7946e-01 -7.4288e-01 -1.6507e+00 +9.2322e-01 -2.3160e+00 -4.0527e-01 -6.4658e-01 -2.2846e+00 +1.5078e-01
138 0 +1.633274740e+02 +1.218174740e+02 +1.218174740e+02 +1.1556e+00 -1.8566e-01 +9.6474e-01 -1.4544e+00 -5.8229e-01 +1.2135e+00 +3.3172e-02 +1.0405e+00 +6.2242e-01 +7.8220e-01 -7.8941e-01 +2.7730e+00 -1.0476e+00 -7.2772e-01 +1.7626e-01 -2.6040e+00 +6.6371e-01 -1.4013e+00 -1.9643e+00 +1.0946e+00
272 0 +1.113783864e+02 +6.986838641e+01 +6.986838641e+01 +2.3270e-01 +7.6192e-01 -1.1690e-01 -4.3742e-01 -2.0344e+00 +3.0486e-01 +4.8743e-02 +4.9265e-01 -7.9475e-01 -9.2099e-01 -1.7164e+00 +3.6190e+00 -1.1361e+00 -1.0055e+00 +1.3830e-01 -4.8928e-01 -2.2332e-01 -1.4645e+00 -2.4297e+00 +9.4823e-01
629 0 +1.006193726e+02 +5.910937256e+01 +5.910937256e+01 -8.3538e-02 -7.3009e-01 -2.8409e+00 -1.0641e+00 -2.8392e+00 +3.3580e+00 -3.2157e-01 +1.2319e+00 -2.4715e+00 +1.4301e-01 +2.6716e-01 +3.7733e+00 -1.8379e+00 -2.2328e+00 -9.4782e-01 -1.3789e+00 +4.4390e-01 -6.8595e-01 -1.3097e+00 +2.3027e+00
2004 0 +1.006193726e+02 +5.910937256e+01 +5.910937256e+01 -8.3538e-02 -7.3009e-01 -2.8409e+00 -1.0641e+00 -2.8392e+00 +3.3580e+00 -3.2157e-01 +1.2319e+00 -2.4715e+00 +1.4301e-01 +2.6716e-01 +3.7733e+00 -1.8379e+00 -2.2328e+00 -9.4782e-01 -1.3789e+00 +4.4390e-01 -6.8595e-01 -1.3097e+00 +2.3027e+00
% f evaluations | g evaluations | best noise-free fitness - Fopt (1.320700000000e+02) + sum g_i+ | measured fitness | best measured fitness or single-digit g-values | x1 | x2...
1 0 +6.016079642e+06 +6.016211712e+06 +6.016211712e+06 -4.8423e-01 +4.3363e-01 -3.0321e-01 +3.5143e-02 -1.7640e-01 +3.8268e-01 -1.4397e-01 +1.6541e-01 -2.6636e-01 +6.2719e-01 +4.3444e-01 +6.6797e-01 +1.1055e-01 +1.9957e-02 -1.8570e-01 -2.6829e-02 -5.9942e-01 +3.8583e-01 -1.9825e-01 +1.2610e-01
13 0 +5.186332535e+06 +5.186464605e+06 +5.186464605e+06 -2.5594e-01 +2.6188e-01 +1.2943e-01 +2.5893e-01 +1.1655e-01 +3.2462e-01 +8.5115e-02 +7.8012e-01 +2.0466e-01 +4.3898e-01 +2.8155e-01 +3.6642e-01 -1.9198e-01 -3.6366e-01 -2.8982e-01 -3.7765e-01 -4.3356e-01 +2.7376e-01 -1.9023e-01 -5.3477e-02
24 0 +4.850418696e+06 +4.850550766e+06 +4.850550766e+06 -5.4791e-01 +6.5228e-01 -7.5546e-02 -2.7581e-01 -4.0629e-01 +3.2223e-01 -1.3542e-01 +3.7527e-01 -4.2171e-01 +6.0947e-01 +4.3240e-01 +2.6929e-01 -1.4841e-01 +3.2927e-01 +5.3606e-01 -2.2773e-01 -3.1580e-01 +3.4967e-01 -1.8864e-01 +1.4808e-01
25 0 +4.374248723e+06 +4.374380793e+06 +4.374380793e+06 -4.5038e-01 +4.7561e-01 +6.0117e-01 +1.5502e-01 -3.7042e-01 +4.5278e-01 -1.5579e-01 +3.7796e-01 +4.9329e-02 +3.4173e-01 +5.6868e-02 +1.5302e-01 -8.8456e-02 +3.7520e-01 -1.7334e-02 -3.8768e-01 -2.9993e-01 +5.5304e-01 -2.6613e-01 +1.8861e-01
29 0 +4.100020978e+06 +4.100153048e+06 +4.100153048e+06 -6.8876e-01 +6.8473e-01 +2.3576e-01 +4.6489e-01 -1.9697e-01 +4.2749e-01 -1.1508e-02 +9.1402e-01 -2.1747e-01 +6.9357e-01 -1.4815e-01 +6.2779e-01 +5.0621e-01 +4.9875e-01 -8.3665e-02 +9.7655e-03 -6.8777e-01 +7.0283e-01 -2.4219e-01 +1.4917e-01
33 0 +3.611938703e+06 +3.612070773e+06 +3.612070773e+06 -3.7430e-01 +8.3951e-01 -1.7456e-03 -3.3868e-02 -5.2010e-01 +3.5463e-01 -5.7329e-01 +8.4891e-01 -1.9385e-01 +7.1070e-01 +4.2632e-02 +5.1613e-01 -3.2084e-01 +1.5585e-01 -2.4246e-02 +3.2790e-02 -6.6293e-01 +8.2161e-01 +4.3461e-02 +2.4805e-01
42 0 +3.404160679e+06 +3.404292749e+06 +3.404292749e+06 -6.3854e-01 +3.5201e-01 +5.3021e-02 +4.5609e-01 -7.1938e-01 +4.6277e-01 -4.3799e-01 +7.3147e-01 +4.7099e-01 +1.2571e+00 +2.4400e-01 +1.7769e-01 +1.3950e-02 +4.3570e-01 -3.1043e-01 -7.6716e-01 -1.6226e-01 +2.5496e-01 +2.5169e-01 +1.3189e-01
45 0 +3.271164398e+06 +3.271296468e+06 +3.271296468e+06 -6.8886e-01 +1.0227e+00 +5.1752e-01 +1.0214e-01 -5.4179e-01 +4.0396e-01 -4.7020e-02 +4.9620e-01 -2.0730e-01 +5.1286e-01 +3.4431e-01 +1.9622e-01 -3.2523e-02 +6.0415e-01 +6.7242e-01 -2.1776e-01 -5.1617e-01 +4.1142e-01 +1.8985e-01 +2.7532e-01
49 0 +3.227264596e+06 +3.227396666e+06 +3.227396666e+06 -4.7488e-01 +1.3038e+00 +2.7320e-01 -8.6493e-02 +1.0513e-01 +5.4448e-01 -3.2484e-01 +6.8848e-01 +1.5427e-01 +9.9734e-01 +2.3187e-01 +2.1523e-01 -2.3424e-02 +4.7801e-01 -6.1399e-02 -5.1173e-01 -6.1611e-01 +1.1849e+00 +1.0485e+00 +4.1595e-01
50 0 +2.843871511e+06 +2.844003581e+06 +2.844003581e+06 -1.1184e+00 +5.9341e-01 +3.1209e-01 +2.8474e-01 -1.2398e+00 +6.1430e-01 +7.3855e-02 +4.7012e-01 -4.5691e-01 +7.3679e-01 -2.8652e-01 +4.5917e-01 -2.2262e-01 +2.2510e-01 +2.6071e-02 -2.2400e-02 +1.0664e-02 +8.7558e-01 +1.1151e-01 -3.7632e-02
51 0 +2.163770394e+06 +2.163902464e+06 +2.163902464e+06 -4.9510e-01 +8.6107e-01 +1.7330e-01 +1.8759e-01 -3.2998e-01 +5.2137e-01 -8.4249e-01 +1.3468e+00 -3.2713e-01 +1.0379e+00 +2.8089e-01 +5.8843e-01 -2.9380e-01 +8.7907e-01 -8.8937e-03 -3.3315e-01 -8.1661e-01 +8.3041e-01 +9.6856e-02 -3.3625e-01
63 0 +6.788176075e+05 +6.789496775e+05 +6.789496775e+05 -6.4264e-01 +9.2463e-01 +8.6373e-01 +4.0031e-01 -8.9014e-01 +1.1373e+00 -4.2041e-01 +8.4557e-01 +1.5093e-01 +1.1671e+00 -7.1979e-01 +7.2364e-02 -5.9029e-01 +3.5937e-01 +1.4912e-01 -3.3401e-01 -1.6563e-01 +8.4574e-01 +6.2495e-01 +1.7059e-01
80 0 +3.430517175e+04 +3.443724175e+04 +3.443724175e+04 -1.1614e+00 +1.8267e+00 +5.3434e-01 +7.4896e-01 -3.3676e-01 +1.7243e+00 -5.4789e-01 +1.3545e+00 +4.5995e-01 +1.1820e+00 -5.0555e-02 +4.0433e-01 -3.8560e-01 -1.0992e-01 +1.6277e-02 -5.3330e-01 -3.1916e-01 +1.4531e+00 +2.9429e-01 -5.6620e-02
88 0 +1.853922957e+04 +1.867129957e+04 +1.867129957e+04 -8.1098e-01 +1.3639e+00 +9.7756e-01 +5.5789e-01 +3.3403e-01 +1.2766e+00 -1.2102e+00 +1.4305e+00 -2.6123e-01 +1.4532e+00 +1.9092e-01 +7.9249e-01 -6.4021e-01 -3.1678e-01 +3.9102e-01 -6.8694e-01 -4.9514e-01 +1.6316e+00 +3.8133e-01 +5.1876e-01
91 0 +2.936134130e+03 +3.068204130e+03 +3.068204130e+03 -1.0733e+00 +2.1477e+00 +1.8718e-01 +3.6021e-01 -7.6879e-01 +1.1161e+00 -2.9078e-01 +1.4022e+00 -9.8017e-02 +2.3057e+00 +1.7402e-01 +1.2976e-01 -7.1735e-01 +1.7866e-01 +8.4848e-02 -1.5815e-01 -3.3786e-01 +1.8424e+00 +2.4181e-01 +8.9220e-02
115 0 +2.403247478e+03 +2.535317478e+03 +2.535317478e+03 -8.6278e-01 +1.3079e+00 +1.3930e+00 +4.6836e-01 -8.0690e-02 +1.3129e+00 -8.3919e-01 +1.6035e+00 +1.8653e-01 +1.4182e+00 -1.7956e-01 +4.9660e-01 -9.5035e-01 +8.9838e-01 -2.2101e-01 -4.8850e-01 -4.0866e-01 +2.0838e+00 +5.2046e-01 +2.1194e-01
123 0 +9.804034734e+02 +1.112473473e+03 +1.112473473e+03 -1.3851e+00 +1.8488e+00 +9.2449e-01 +2.9863e-01 -8.3038e-02 +4.9543e-01 -5.3542e-01 +1.5127e+00 +1.2362e-01 +1.3406e+00 -8.6425e-02 +1.1480e+00 -1.0881e+00 -1.3593e-01 +4.9322e-01 -4.1564e-01 -6.3539e-01 +1.8774e+00 +6.0137e-01 +8.0219e-01
128 0 +4.134650329e+02 +5.455350329e+02 +5.455350329e+02 -1.7890e+00 +1.3992e+00 +6.0335e-01 +5.1013e-01 +1.3965e+00 +1.1916e+00 -1.0424e+00 +2.1448e+00 -5.2489e-01 +1.4013e+00 -1.0417e-01 +1.2553e+00 -8.6923e-01 +3.0564e-02 -7.0434e-02 -1.1959e+00 -5.2592e-02 +1.7920e+00 +7.4391e-01 +2.2990e-01
177 0 +9.602162422e+01 +2.280916242e+02 +2.280916242e+02 -1.7926e+00 +9.5105e-01 +2.1478e+00 +9.5145e-01 +9.1634e-01 +1.4749e+00 -3.1309e-01 +1.1282e+00 +2.8342e-01 +1.5542e+00 -8.4137e-02 +6.2332e-01 -1.9706e-01 -8.0734e-01 +4.7778e-01 -4.3692e-02 +1.6691e-01 +7.2986e-01 +5.6414e-01 -3.2444e-01
2004 0 +9.602162422e+01 +2.280916242e+02 +2.280916242e+02 -1.7926e+00 +9.5105e-01 +2.1478e+00 +9.5145e-01 +9.1634e-01 +1.4749e+00 -3.1309e-01 +1.1282e+00 +2.8342e-01 +1.5542e+00 -8.4137e-02 +6.2332e-01 -1.9706e-01 -8.0734e-01 +4.7778e-01 -4.3692e-02 +1.6691e-01 +7.2986e-01 +5.6414e-01 -3.2444e-01
% f evaluations | g evaluations | best noise-free fitness - Fopt (9.725000000000e+01) + sum g_i+ | measured fitness | best measured fitness or single-digit g-values | x1 | x2...
1 0 +8.048578469e+06 +8.048675719e+06 +8.048675719e+06 +8.8656e-02 -8.0936e-03 +1.3627e-01 -7.9230e-02 -1.4081e-01 -4.3462e-01 -3.6738e-02 +3.3785e-01 -4.6997e-01 +2.0809e-01 -1.6624e-01 +2.0057e-02 -3.9296e-01 +8.0566e-01 +5.3334e-01 +1.4950e-01 +5.3739e-02 -1.3906e-01 +1.1308e-01 +6.0006e-03
3 0 +6.982585444e+06 +6.982682694e+06 +6.982682694e+06 -1.0169e-01 +1.2099e-01 -3.7512e-01 +4.1980e-01 -2.3797e-01 +5.1271e-01 -2.0796e-01 -3.9342e-01 -1.7925e-01 -7.3645e-01 -3.2467e-01 +2.0318e-01 +3.3855e-01 -2.0860e-01 -1.4801e-01 +3.8930e-01 -1.6391e-01 -8.4773e-02 -3.3100e-01 -1.5997e-01
5 0 +5.503446555e+06 +5.503543805e+06 +5.503543805e+06 -3.1689e-03 -1.3692e-01 -1.8310e-02 +1.1056e-01 +2.4756e-01 -3.3739e-01 +1.5201e-01 -9.0227e-03 +1.1063e-01 +5.7347e-01 +5.0747e-01 +2.6717e-01 +2.5791e-02 +3.1693e-01 -9.4809e-02 -1.4092e-01 +1.8869e-01 -2.3636e-01 -2.4167e-01 +8.1863e-02
14 0 +3.514325094e+06 +3.514422344e+06 +3.514422344e+06 +1.9963e-02 -3.9178e-01 +2.9332e-01 -2.0689e-01 -1.8759e-01 -2.9533e-01 -6.5199e-02 -9.3304e-02 +1.1496e-01 -6.1124e-02 +3.6684e-01 -5.7020e-03 +7.1806e-01 +2.5731e-01 -4.4010e-01 +1.9293e-01 +2.2599e-01 -4.1841e-01 -4.0612e-01 -5.2335e-01
27 0 +2.636558180e+06 +2.636655430e+06 +2.636655430e+06 -9.2524e-03 -3.6455e-01 -1.1960e-01 +1.1545e-01 +4.1037e-02 +2.8017e-01 -1.6709e-01 -6.2939e-02 -2.5455e-01 +1.0860e-01 +6.2368e-01 -1.6787e-01 +5.7280e-01 +4.7110e-02 -6.1078e-01 +2.4773e-01 -4.0814e-01 -3.6908e-01 -6.6702e-01 -3.2359e-01
39 0 +2.546765615e+06 +2.546862865e+06 +2.546862865e+06 +2.4586e-01 -2.9573e-01 -2.1479e-01 -2.9107e-01 +2.9735e-01 -3.5610e-02 -3.5278e-01 +2.9054e-01 +7.6713e-02 +5.4633e-01 +4.0619e-01 -1.2210e-01 +5.3430e-01 -1.4027e-02 -1.0816e-01 +3.5558e-01 -1.3451e-01 -1.4982e-01 -9.0697e-01 -1.8960e-01
41 0 +2.165375698e+06 +2.165472948e+06 +2.165472948e+06 +2.1273e-01 -5.3916e-01 -4.4284e-01 -7.4980e-01 -4.6627e-01 +7.5868e-02 -2.1278e-01 -5.5486e-01 -5.6813e-01 -3.4487e-02 +1.8132e-01 -2.1343e-01 +7.1789e-01 +4.5190e-01 -5.9181e-02 +2.4610e-01 +4.1200e-02 -4.7398e-01 -1.5014e-01 -5.0465e-01
44 0 +2.115221684e+06 +2.115318934e+06 +2.115318934e+06 -3.4457e-01 -4.5499e-01 +2.1185e-01 -3.9481e-01 +4.1703e-01 +1.6821e-01 +4.9462e-02 +2.6049e-01 -3.8380e-01 +2.7878e-01 +6.8209e-01 -2.0761e-01 +5.3657e-01 +2.5215e-01 -9.4509e-01 -1.4705e-01 +2.2126e-01 -2.0974e-01 -7.5288e-01 -7.9315e-02
49 0 +2.047395696e+06 +2.047492946e+06 +2.047492946e+06 -2.1348e-01 -8.2218e-01 -1.1330e-01 -8.8413e-02 +7.8194e-01 +2.4957e-01 +9.6816e-02 +6.1611e-01 +3.9264e-02 +5.6671e-01 +1.6957e-01 -3.4603e-01 +4.8554e-01 +7.0353e-02 -1.1058e+00 -4.2399e-02 -8.9262e-02 -5.1085e-02 -1.0963e+00 -4.3198e-01
60 0 +1.891925417e+06 +1.892022667e+06 +1.892022667e+06 +5.6979e-01 -4.7991e-01 +1.6355e-02 -5.9833e-01 +3.0974e-01 -4.9810e-02 +2.0481e-01 -2.3711e-01 -3.5225e-01 +1.4727e-01 +5.0642e-01 -2.8891e-01 +6.7161e-01 +3.9998e-01 -1.2922e+00 +2.8345e-01 -7.4089e-02 -7.5822e-01 -4.1014e-01 -3.8197e-01
65 0 +1.757193284e+06 +1.757290534e+06 +1.757290534e+06 +4.7843e-01 -6.0436e-01 -1.9086e-01 -1.2115e-01 +5.0877e-01 -3.3655e-02 +5.5841e-03 +2.6682e-01 -3.3716e-01 +7.0737e-01 +6.4101e-02 -5.4973e-01 +6.6455e-01 +1.9862e-01 -8.0080e-01 +1.5482e-01 +2.2691e-01 -5.2129e-01 -8.5203e-01 -5.4549e-01
71 0 +1.263433395e+06 +1.263530645e+06 +1.263530645e+06 +7.1907e-01 -6.4890e-01 +1.8045e-01 -5.8847e-01 +8.4527e-01 -1.2988e-01 -2.1955e-01 +6.3861e-02 -6.8161e-01 +2.2339e-01 +7.0468e-01 -5.1641e-01 +6.6672e-01 +3.0277e-01 -7.3179e-01 -5.6703e-01 +1.8548e-01 -1.1131e+00 -6.9381e-01 -5.2770e-01
73 0 +9.098189417e+05 +9.099161917e+05 +9.099161917e+05 +4.8201e-01 -2.4235e-01 -3.3944e-01 -4.3265e-01 +2.3277e-01 +1.0257e-01 +2.2867e-02 -6.3936e-01 -5.7641e-01 +2.9342e-01 +5.2784e-01 -3.5346e-01 +5.7189e-01 +1.2086e-01 -5.3239e-01 -9.4845e-02 +4.6719e-01 -6.3714e-01 -6.6455e-01 -8.7653e-01
76 0 +5.891775391e+05 +5.892747891e+05 +5.892747891e+05 +9.7722e-01 -9.1140e-01 -1.4330e-03 -9.3537e-01 +5.0283e-01 +8.8404e-02 -2.2362e-02 -3.4846e-02 -3.7220e-01 +4.7979e-01 +7.7309e-01 -2.4414e-01 +6.6067e-01 +8.2367e-01 -7.9133e-01 -1.7395e-01 +5.1450e-01 -8.0212e-01 -8.4589e-01 -4.6392e-01
81 0 +4.860604344e+05 +4.861576844e+05 +4.861576844e+05 +7.0242e-01 -7.9382e-01 -8.1543e-02 -1.0584e+00 +8.4009e-01 +4.4307e-01 +2.2394e-01 +1.1270e-01 -6.9467e-01 +9.2224e-01 +6.9428e-01 -7.4070e-01 +5.9349e-01 +3.4236e-01 -2.8304e-01 -3.5016e-01 +4.2631e-01 -2.3628e-01 -8.7671e-01 -5.3389e-01
86 0 +4.122715576e+05 +4.123688076e+05 +4.123688076e+05 +7.5693e-01 -8.3839e-01 +1.9804e-01 -9.8532e-01 +5.5903e-01 +3.4177e-02 +4.0804e-01 +2.5653e-01 -2.6142e-01 +4.1906e-01 +8.3963e-01 -1.0486e+00 +6.6342e-01 +9.3950e-01 -1.8891e-01 -9.4146e-02 +2.2488e-01 +1.0059e-01 -1.0683e+00 -8.3079e-01
89 0 +2.607727474e+05 +2.608699974e+05 +2.608699974e+05 +8.3867e-01 -8.4525e-01 -1.7038e-01 -6.8795e-01 +1.1865e-01 -4.0346e-01 +9.2715e-02 +5.0627e-02 -1.3945e+00 +6.6975e-01 +8.3521e-01 -6.1701e-01 +6.6861e-01 +6.3112e-01 -2.2520e-01 -3.7212e-01 +6.7067e-01 -8.0196e-01 -1.2686e+00 -6.5619e-01
97 0 +4.427868477e+04 +4.437593477e+04 +4.437593477e+04 +4.5897e-01 -7.4982e-01 -2.9783e-01 -1.0396e+00 +1.1049e+00 +1.3514e-01 +5.1225e-01 -2.5674e-01 -7.9119e-01 -5.8997e-02 +6.5624e-01 -5.8485e-01 +4.3366e-01 +1.1255e+00 -3.0499e-01 +2.6373e-01 +3.3072e-01 -4.2275e-01 -1.6328e+00 -7.6325e-01
99 0 +1.359272173e+02 +2.331772173e+02 +2.331772173e+02 +1.5382e+00 -8.4958e-01 -7.3852e-01 -1.0982e+00 +3.9246e-01 -4.7384e-02 +2.3143e-02 +2.1054e-01 -5.5395e-01 +6.1765e-01 +3.1587e-01 -8.8310e-01 +1.1677e+00 +1.0870e+00 -7.1150e-01 -5.5224e-01 +3.3606e-01 -1.5181e-01 -1.1338e+00 -8.8441e-01
2004 0 +1.359272173e+02 +2.331772173e+02 +2.331772173e+02 +1.5382e+00 -8.4958e-01 -7.3852e-01 -1.0982e+00 +3.9246e-01 -4.7384e-02 +2.3143e-02 +2.1054e-01 -5.5395e-01 +6.1765e-01 +3.1587e-01 -8.8310e-01 +1.1677e+00 +1.0870e+00 -7.1150e-01 -5.5224e-01 +3.3606e-01 -1.5181e-01 -1.1338e+00 -8.8441e-01
% f evaluations | g evaluations | best noise-free fitness - Fopt (-2.033000000000e+01) + sum g_i+ | measured fitness | best measured fitness or single-digit g-values | x1 | x2...
1 0 +2.914704210e+06 +2.914683880e+06 +2.914683880e+06 +1.5046e-01 -1.4765e-01 +1.6140e-01 -2.6277e-01 -2.3294e-01 -1.1057e-01 +1.7497e-01 -6.4586e-02 -1.0398e-01 -7.3576e-02 +4.6732e-01 +3.1881e-01 +2.7664e-01 -5.6656e-01 -2.6741e-01 +2.7540e-01 -6.2868e-01 +6.8635e-02 +2.4906e-01 +1.2807e-01
2 0 +1.250839644e+06 +1.250819314e+06 +1.250819314e+06 -2.5001e-01 -1.1849e-01 -1.2043e-01 +8.2212e-03 -4.2409e-01 +1.1239e-01 +7.6987e-01 +2.3598e-01 -2.1579e-01 -3.8665e-01 -6.0843e-01 +1.6789e-01 -3.0620e-01 -1.8929e-01 +1.0661e-01 +3.4241e-02 +1.0692e-01 -1.4615e-01 -4.5791e-02 -6.4954e-03
4 0 +8.126115123e+05 +8.125911823e+05 +8.125911823e+05 -3.4984e-01 -2.6655e-01 -7.5399e-02 +5.0794e-01 +1.3271e-01 +5.8238e-01 +2.1103e-01 +2.2278e-01 +1.9053e-01 -7.4086e-02 +2.2892e-01 +9.3540e-02 -1.8413e-01 +6.1879e-02 +5.6915e-02 +5.3976e-01 +4.5728e-01 +3.7397e-01 -1.5193e-01 +2.1296e-01
13 0 +2.951860401e+05 +2.951657101e+05 +2.951657101e+05 -4.0879e-01 +2.8853e-01 +1.1503e-01 +3.4929e-01 -9.3350e-01 +3.5824e-01 +4.6472e-01 +3.2416e-01 -4.7916e-02 -3.7264e-01 +5.8474e-01 +3.1674e-01 -5.1091e-01 -3.1366e-03 +3.1313e-01 +3.1323e-01 +5.7710e-01 -2.7298e-01 -3.0681e-01 -9.1556e-02
27 0 +2.168837940e+05 +2.168634640e+05 +2.168634640e+05 -5.4679e-01 -2.4836e-01 -2.6602e-01 +4.3272e-01 -7.5061e-01 +5.9008e-01 +1.6351e-01 +3.0912e-02 +2.2562e-01 -2.5359e-01 -3.6295e-04 +6.5670e-02 -7.0152e-01 +5.6524e-01 +4.0601e-02 +4.4748e-01 +5.7161e-01 +5.5942e-01 +1.8306e-01 -2.9320e-02
29 0 +1.675444637e+04 +1.673411637e+04 +1.673411637e+04 -3.4948e-01 +1.8535e-01 -3.8105e-01 +5.0405e-01 -8.4661e-01 +9.5077e-01 +2.6971e-01 +5.3706e-01 -3.9554e-01 -5.4416e-01 +5.5391e-01 -3.7073e-01 -3.4553e-01 +1.4851e-01 +3.0035e-01 +1.0787e-01 +3.9067e-01 -1.1939e-01 +2.5659e-01 -5.3260e-01
41 0 +4.124840172e+03 +4.104510172e+03 +4.104510172e+03 -4.9851e-01 +4.8412e-01 -3.2681e-01 +2.6691e-01 -1.0511e+00 +1.3080e+00 -5.3429e-01 +2.3521e-01 -4.5333e-01 -6.3048e-01 +2.6218e-01 -6.0292e-01 -6.2741e-01 +3.4161e-01 +1.3539e-01 +5.7944e-01 +5.7139e-01 +1.1270e-01 +3.9053e-01 +4.3856e-01
72 0 +3.043405971e+03 +3.023075971e+03 +3.023075971e+03 -7.3549e-01 +5.5340e-01 +4.9509e-02 -1.8643e-01 -8.5870e-01 +1.2713e+00 -5.3690e-01 +2.7453e-01 -7.3225e-01 +6.9671e-01 -4.0890e-01 +7.0549e-02 -8.1735e-02 +8.1724e-01 -4.9525e-01 -1.5497e-01 -2.8361e-02 +4.5092e-01 +5.4424e-02 +1.6738e-01
81 0 +1.096570050e+03 +1.076240050e+03 +1.076240050e+03 -3.5970e-01 +5.6018e-01 -7.1760e-03 +3.2773e-01 -5.9376e-01 +1.3689e+00 -1.9334e-01 +4.3981e-01 -5.8645e-01 -1.8898e-01 -1.1852e-01 +2.9529e-01 -2.2315e-01 +4.0804e-01 +4.9718e-01 +6.1254e-01 +5.9519e-01 +1.6581e-01 +1.9255e-01 -7.6562e-02
102 0 +2.135271553e+02 +1.931971553e+02 +1.931971553e+02 -1.3059e+00 +4.7817e-01 -5.5716e-01 +2.0324e-03 -5.7645e-01 +1.1597e+00 -7.3667e-02 -2.0074e-01 +2.7734e-01 +2.4742e-01 -1.8283e-02 +3.6194e-01 +3.2679e-01 +7.3510e-01 +4.5849e-01 +4.2250e-01 +4.6724e-01 +1.1313e+00 +4.4680e-01 +2.4967e-02
184 0 +1.605495153e+02 +1.402195153e+02 +1.402195153e+02 -1.3483e+00 +7.3017e-01 -8.5436e-01 -2.5844e-01 -6.2455e-01 +6.4861e-01 -3.0181e-01 -1.7620e-01 -2.1748e-01 -8.1523e-02 -2.2297e-01 -2.4728e-01 +4.2291e-01 +1.5816e+00 +1.8236e-01 +8.3895e-01 +9.2061e-01 +1.6440e+00 +3.6542e-01 -2.0989e-01
579 0 +1.492270779e+02 +1.288970779e+02 +1.288970779e+02 -8.0252e-01 +1.0626e+00 -3.9942e-01 +5.5158e-01 +5.2999e-01 +2.7379e-01 -2.7868e-01 +8.0565e-01 +3.0019e-01 +8.3276e-01 -6.6520e-01 +6.0698e-01 -3.6864e-01 +6.3915e-01 -3.0063e-01 +2.1726e+00 +1.3505e-01 +1.1925e+00 +4.7248e-01 -6.1405e-02
819 0 +1.422746426e+02 +1.219446426e+02 +1.219446426e+02 -9.8118e-01 +1.2349e+00 -1.6027e-01 +3.2146e-02 +5.6332e-01 +1.3458e-01 -8.8260e-01 +1.6238e+00 -5.6701e-04 +1.1602e+00 +3.0351e-01 +4.9424e-01 -3.9946e-01 +1.3232e-01 -8.7766e-01 +1.2621e+00 +6.3802e-02 +1.0954e+00 +2.9794e-01 -2.9543e-01
1474 0 +1.411224381e+02 +1.207924381e+02 +1.207924381e+02 -9.6643e-01 +1.6880e+00 -2.1502e-01 -8.8384e-03 +3.9833e-01 +1.3249e-01 -1.5615e+00 +1.8853e+00 -1.6857e-01 +1.0944e+00 +6.8423e-01 -6.3920e-01 -5.5882e-02 -4.7370e-01 -1.0175e+00 +1.5583e+00 -3.1579e-01 +3.3724e-01 +3.3644e-01 -1.7469e-01
1588 0 +1.360842266e+02 +1.157542266e+02 +1.157542266e+02 -6.3049e-01 +1.7933e+00 -1.5172e-01 -3.8474e-02 +3.2105e-01 +4.4439e-01 -1.8766e+00 +2.0378e+00 -1.2021e-01 +1.3856e+00 +8.2863e-01 -9.1343e-01 -1.1017e-01 -7.5555e-01 -9.5574e-01 +1.3624e+00 -1.7278e-01 +1.0306e-01 +4.7371e-01 -3.7724e-01
1668 0 +1.325910630e+02 +1.122610630e+02 +1.122610630e+02 -5.4594e-01 +1.8071e+00 -3.0072e-01 +2.0429e-01 +3.4679e-01 -3.5423e-02 -1.8015e+00 +2.3641e+00 +1.1418e-01 +1.0940e+00 +7.0847e-01 -1.1607e+00 +1.0808e-01 -5.4477e-01 -1.0596e+00 +1.1288e+00 -2.9619e-01 +1.4075e-01 +5.7305e-01 -5.5914e-01
1745 0 +1.282532777e+02 +1.079232777e+02 +1.079232777e+02 -8.5232e-01 +1.9311e+00 +4.0144e-02 -2.5547e-01 +1.5029e-01 +6.4857e-01 -2.0922e+00 +1.6973e+00 -5.7305e-01 +1.3196e+00 +1.4115e-01 -1.1420e+00 +8.8330e-02 -9.2784e-02 -1.1864e+00 +1.3634e+00 +2.3710e-01 +5.6720e-02 +9.1478e-01 -3.2220e-01
2004 0 +1.275774684e+02 +1.072474684e+02 +1.072474684e+02 -7.2811e-01 +2.5181e+00 +2.2137e-01 -3.2564e-01 -5.1137e-01 +8.6889e-01 -2.2269e+00 +1.9788e+00 -2.5592e-01 +1.4439e+00 +2.7242e-01 -1.4423e+00 +2.1559e-01 -1.9065e-01 -1.5159e+00 +1.0141e+00 +2.5144e-01 -8.6095e-01 +1.4878e+00 -5.0780e-02
% f evaluations | g evaluations | best noise-free fitness - Fopt (9.431000000000e+01) + sum g_i+ | measured fitness | best measured fitness or single-digit g-values | x1 | x2...
1 0 +5.002473437e+06 +5.002567747e+06 +5.002567747e+06 -3.7073e-01 -3.8438e-02 -5.1575e-02 -1.3370e-01 -8.5558e-02 -9.9622e-02 -7.6765e-02 -5.4552e-02 +3.0959e-01 +6.9313e-02 -1.9705e-01 +7.7960e-01 -1.5360e-01 -3.4323e-01 +2.4914e-01 +3.0887e-02 +3.0879e-01 -1.4785e-01 +2.9507e-01 +1.9393e-01
2 0 +2.442670021e+06 +2.442764331e+06 +2.442764331e+06 -1.0721e-01 +1.6127e-01 +1.2287e-01 -8.5053e-02 +4.4268e-01 +1.0441e-01 -4.5318e-01 +1.4297e-01 +3.1981e-02 +6.4482e-02 +2.1062e-01 +2.4737e-01 +6.5491e-02 -1.1530e-01 +2.8995e-02 -1.3566e-01 -3.1561e-01 +1.0022e-01 -2.6630e-01 -1.5220e-01
6 0 +1.931486175e+06 +1.931580485e+06 +1.931580485e+06 +3.0121e-01 -4.6868e-01 +5.1018e-02 -5.7769e-02 +2.7535e-01 -1.0359e-02 -1.1252e-02 +1.2842e-01 +2.5353e-01 -3.4735e-01 -1.7766e-01 +3.4328e-02 -4.1875e-01 -1.6505e-02 -4.5620e-01 +2.6324e-02 +3.1684e-02 +1.9232e-01 -1.2592e-01 -3.5362e-01
18 0 +6.818841946e+05 +6.819785046e+05 +6.819785046e+05 -3.3673e-01 -3.0133e-01 -1.8534e-01 -9.3546e-02 +7.8597e-01 +4.1507e-01 +3.1976e-01 +4.0464e-01 -2.1309e-01 +1.6869e-01 -4.0828e-02 +7.1056e-01 -4.7463e-02 -3.0181e-01 -2.6441e-01 +2.3940e-01 +1.7019e-01 +5.6153e-01 -5.2990e-01 +2.5778e-01
32 0 +6.715319678e+05 +6.716262778e+05 +6.716262778e+05 +7.1767e-02 -9.0432e-01 -3.6121e-01 +1.4787e-02 +1.1505e-01 +1.5086e-01 -2.9946e-01 +5.3370e-01 -4.3131e-01 -1.7112e-01 -1.0192e-01 +4.7643e-01 +2.5464e-01 -5.4093e-01 -1.4650e-01 +4.7688e-01 +1.0216e-01 +5.4134e-01 -6.7369e-01 +2.3981e-01
34 0 +4.963270405e+05 +4.964213505e+05 +4.964213505e+05 +5.9908e-02 -7.1702e-01 -3.0264e-01 +1.8723e-01 +1.0380e-01 +5.5132e-01 +1.5555e-02 +1.5625e-01 -2.4627e-01 +3.4170e-01 +1.4710e-02 +4.2250e-01 -2.7412e-01 -3.7657e-01 +2.3580e-02 +4.9235e-01 -1.4278e-01 +7.3539e-01 -6.2870e-01 +1.3674e-01
40 0 +4.220096432e+05 +4.221039532e+05 +4.221039532e+05 +5.2601e-02 -4.8328e-01 -3.0036e-02 +9.2915e-02 -3.0876e-02 +3.9603e-01 -1.9989e-01 +9.7918e-01 -2.6123e-01 +1.1235e-01 +5.3465e-02 +4.2868e-01 +1.1548e-02 -4.1982e-01 -3.9369e-01 +4.1910e-01 -4.2561e-01 +5.0308e-01 -1.0914e+00 +4.8664e-01
41 0 +1.673166432e+05 +1.674109532e+05 +1.674109532e+05 -1.6691e-01 -5.1284e-01 +2.8259e-01 +2.3154e-01 -3.2282e-01 +5.0593e-01 +2.5137e-01 +6.6354e-01 -4.6466e-01 +5.0763e-02 +3.5532e-03 +2.2699e-01 -2.2219e-01 -1.8857e-01 +1.1252e-01 +7.4300e-01 +1.2083e-01 +7.2367e-01 -6.6354e-01 -1.1151e-01
57 0 +4.006521366e+04 +4.015952366e+04 +4.015952366e+04 -4.4283e-01 -2.4080e-01 +2.5143e-01 +2.1208e-02 -1.2297e-02 +5.2041e-01 +2.4790e-01 +8.3099e-01 -6.5965e-01 -4.9314e-01 +1.8010e-01 +6.2503e-01 -6.9045e-02 -2.0548e-02 -1.0727e-01 +4.6629e-01 +1.1885e-01 +1.2003e+00 -1.0010e+00 +1.0791e-01
61 0 +4.635251416e+03 +4.729561416e+03 +4.729561416e+03 -3.2236e-01 -5.4611e-01 -5.5326e-02 +3.0183e-01 +7.2944e-01 +1.2721e+00 +1.0095e+00 +9.6029e-01 -4.4830e-01 +6.0585e-03 +1.3886e-01 +8.1179e-01 -5.9503e-01 -1.7211e-01 -3.7186e-01 +3.4618e-01 +4.3646e-02 +7.8169e-01 -7.1524e-01 -1.9892e-01
64 0 +2.594360491e+03 +2.688670491e+03 +2.688670491e+03 +1.6162e-01 -7.6255e-01 +1.2560e-01 +8.2976e-02 +7.3274e-01 +8.2917e-01 +1.8182e-01 +1.1558e+00 -2.9272e-01 -2.9917e-01 +5.4521e-02 +8.9162e-02 +3.3733e-01 -3.9486e-01 -8.4915e-02 +6.0672e-01 +8.4313e-01 +9.0560e-01 -8.9220e-01 -2.4978e-01
72 0 +3.739123532e+02 +4.682223532e+02 +4.682223532e+02 -3.8139e-01 -6.6029e-01 -3.2041e-01 +1.8281e-01 +7.9522e-01 +4.2356e-01 +6.0106e-01 +1.2096e+00 -5.1996e-01 +8.2322e-02 +1.8301e-01 +8.7603e-01 -4.2278e-01 -6.1875e-01 -1.6546e-01 +5.6282e-01 +3.7366e-01 +1.0841e+00 -8.8686e-01 +2.3351e-01
76 0 +1.747442676e+02 +2.690542676e+02 +2.690542676e+02 -1.6894e-01 -2.4677e-01 -3.4195e-01 +2.0720e-01 +8.4288e-01 +9.2680e-01 +9.5130e-01 +1.7999e+00 -5.6619e-01 -4.7990e-01 +6.4436e-02 +7.0719e-01 -1.9226e-01 -2.7154e-01 -3.2055e-01 +7.4336e-01 -7.2231e-02 +1.2044e+00 -6.2336e-01 +4.4077e-01
106 0 +1.457728880e+02 +2.400828880e+02 +2.400828880e+02 -1.2854e-01 -6.6859e-01 -1.0765e-01 +3.8090e-01 +1.5195e+00 +1.4241e+00 +1.0420e+00 +1.3029e+00 -1.3983e-01 -3.1117e-01 +9.3625e-02 +1.0142e+00 +2.6362e-01 -4.9528e-01 -6.1409e-01 +1.1425e+00 +7.6819e-02 +7.2509e-01 -3.1300e-01 -6.9602e-03
2004 0 +1.457728880e+02 +2.400828880e+02 +2.400828880e+02 -1.2854e-01 -6.6859e-01 -1.0765e-01 +3.8090e-01 +1.5195e+00 +1.4241e+00 +1.0420e+00 +1.3029e+00 -1.3983e-01 -3.1117e-01 +9.3625e-02 +1.0142e+00 +2.6362e-01 -4.9528e-01 -6.1409e-01 +1.1425e+00 +7.6819e-02 +7.2509e-01 -3.1300e-01 -6.9602e-03
% f evaluations | g evaluations | best noise-free fitness - Fopt (-1.436900000000e+02) + sum g_i+ | measured fitness | best measured fitness or single-digit g-values | x1 | x2...
1 0 +5.920482314e+03 +5.776792314e+03 +5.776792314e+03 +9.9413e-02 -1.8480e-01 -4.4306e-01 -3.9244e-01 +2.2836e-01 -2.2907e-01 +9.3004e-02 -1.1476e-01 +3.8421e-01 +1.6533e-01 -9.6209e-02 +2.2312e-01 -5.5701e-01 -4.0673e-02 -8.6505e-02 -2.1743e-01 -1.9292e-01 +1.6373e-01 +3.8460e-01 -6.3252e-02
7 0 +6.994514551e+02 +5.557614551e+02 +5.557614551e+02 -2.9993e-01 +7.2185e-01 -5.7303e-01 +4.3685e-01 -2.7135e-02 -5.7921e-01 +1.6515e-01 +2.0852e-01 -3.5509e-01 +5.8112e-02 -3.2211e-01 +1.3009e-01 -9.7670e-02 -2.6046e-01 -3.0418e-01 -1.0674e-01 -5.6528e-01 -3.2419e-01 +1.3729e-01 -5.8291e-01
12 0 +1.940757489e+02 +5.038574893e+01 +5.038574893e+01 -2.2057e-01 +4.7046e-02 +1.1867e-01 -3.3176e-01 +1.2888e-01 -2.7284e-01 +2.2778e-01 -3.1205e-01 -2.2937e-01 -1.7782e-02 +2.5722e-01 -1.0873e-02 -4.9427e-01 -1.3208e-01 -2.2541e-02 -5.0392e-01 +1.0503e-01 -3.1289e-01 +1.8077e-01 -6.8356e-02
23 0 +1.093576910e+02 -3.433230904e+01 -3.433230904e+01 -1.3206e-01 +4.4382e-01 -4.1153e-01 -1.6119e-01 +3.3580e-01 -5.8896e-01 +9.0589e-01 -2.1743e-01 -7.6667e-02 +5.6279e-02 -2.8195e-01 +1.8129e-02 -6.8387e-01 -5.9207e-01 -2.2914e-01 -4.6135e-01 +6.5677e-02 -2.4745e-02 +1.3137e-01 -2.8095e-01
2004 0 +1.077283865e+02 -3.596161354e+01 -3.596161354e+01 -2.6586e-01 +3.2653e-01 -5.1466e-01 -2.9686e-01 +1.6950e-01 -6.3171e-01 +1.2285e+00 -4.8758e-01 -1.3463e-01 +2.9598e-01 -3.4716e-02 +3.6244e-01 -3.4765e-01 -1.4746e-01 +7.5652e-02 +2.2322e-02 -3.9774e-02 +1.7524e-01 -1.2379e-01 -5.5841e-01
% f evaluations | g evaluations | best noise-free fitness - Fopt (-3.533800000000e+02) + sum g_i+ | measured fitness | best measured fitness or single-digit g-values | x1 | x2...
1 0 +3.730751453e+06 +3.730398073e+06 +3.730398073e+06 -2.0471e-01 -4.2509e-01 -5.8475e-01 +2.4914e-01 -9.8427e-02 -1.4252e-02 +3.5161e-01 -6.3604e-02 -1.9811e-01 -6.2485e-01 -5.3367e-01 +2.0739e-01 -3.1341e-02 -3.1678e-01 -2.5836e-01 +6.3724e-01 -2.6494e-01 +1.2345e-01 +3.1413e-01 +1.3018e-01
13 0 +3.268877770e+06 +3.268524390e+06 +3.268524390e+06 +2.5116e-01 +5.4721e-01 -3.7389e-01 -4.6360e-01 +2.0041e-01 -1.3366e-01 -1.7417e-01 -3.8241e-01 -1.6121e-01 -9.7725e-03 -1.9545e-01 +6.7494e-01 +4.8272e-01 +4.1649e-01 -4.6396e-01 +4.4307e-01 +4.8300e-01 -3.5667e-01 +5.0466e-01 +6.6716e-01
19 0 +2.427720390e+06 +2.427367010e+06 +2.427367010e+06 -3.7557e-01 -6.1881e-02 -4.7412e-01 +1.9649e-01 -3.4267e-02 -1.2395e-01 +2.1584e-01 -9.9965e-01 -2.1711e-01 -5.6842e-01 -2.3366e-01 -5.7776e-03 +1.8795e-01 -4.2801e-02 +2.3179e-02 +2.0822e-01 -5.3097e-01 -2.6584e-02 -1.4600e-01 -2.1281e-01
26 0 +2.369436083e+06 +2.369082703e+06 +2.369082703e+06 -4.9198e-01 +7.6221e-03 -4.6021e-01 -5.8461e-02 -1.5933e-01 +3.6008e-01 +5.3239e-01 -6.6528e-01 -3.4202e-01 -4.4567e-01 +9.5045e-02 -3.0116e-01 +2.6587e-01 -1.6343e-01 -4.8750e-01 +4.3748e-01 -1.8566e-01 -3.0824e-02 +1.2850e-01 +5.3410e-01
27 0 +2.223447163e+06 +2.223093783e+06 +2.223093783e+06 -3.7908e-02 +1.0234e-01 -8.8450e-01 -3.8467e-01 +2.3524e-02 +2.6879e-01 +3.1624e-02 -4.1974e-01 -5.4591e-02 -1.4521e-01 -7.2123e-01 -2.0278e-01 +5.0073e-01 +1.6888e-01 -6.6766e-01 +3.0031e-01 -1.8624e-01 +3.1795e-01 -3.1631e-01 -1.4150e-02
29 0 +2.051673422e+06 +2.051320042e+06 +2.051320042e+06 -3.2309e-01 +2.3863e-01 +3.0812e-02 -6.6494e-02 +2.5050e-01 -3.5285e-01 +9.4393e-02 -6.3856e-01 -1.5490e-02 -2.3543e-01 -3.1653e-01 +4.2595e-01 +1.0849e+00 +4.4337e-01 -4.3629e-01 +1.1615e-01 -8.6121e-02 -1.0877e-01 -2.5487e-01 +9.6874e-02
30 0 +1.800566760e+06 +1.800213380e+06 +1.800213380e+06 +3.0885e-01 +2.4824e-01 +1.8840e-01 +1.2069e-03 +5.5933e-01 -4.9729e-02 +2.8271e-01 -3.0764e-01 -5.7003e-01 -2.4680e-01 -2.5004e-01 +6.2756e-01 +8.7427e-01 +2.3011e-01 -3.4432e-01 +3.7369e-01 +1.2109e-01 -5.5591e-01 -2.0375e-01 +2.5247e-01
37 0 +1.584009603e+06 +1.583656223e+06 +1.583656223e+06 -9.3037e-02 -4.2818e-01 -1.5214e-01 -1.3977e-01 +7.7373e-02 -1.2502e-01 +6.2586e-01 -6.0570e-01 -6.4491e-01 -5.6219e-01 -4.2385e-01 +3.3139e-01 +7.1408e-01 -7.9754e-02 -8.3567e-01 +5.7412e-01 +2.9929e-01 -3.4733e-01 +4.3776e-03 +7.5054e-01
40 0 +1.105204054e+06 +1.104850674e+06 +1.104850674e+06 +3.9729e-03 +4.4903e-01 +2.4970e-01 -4.3537e-01 +5.3732e-01 -3.5825e-03 -1.5923e-01 -3.0746e-01 -5.3671e-01 -5.1800e-01 -1.7065e-01 +8.7957e-01 +9.7599e-01 +5.6891e-01 -6.0515e-01 +4.0443e-01 -1.5030e-01 -5.2413e-01 -7.3412e-01 -1.4112e-01
52 0 +4.974566810e+05 +4.971033010e+05 +4.971033010e+05 +4.7522e-01 -5.9252e-01 -1.2356e-01 -7.0525e-03 +3.8350e-01 +5.0211e-01 +3.6794e-01 -2.5328e-01 -7.3271e-01 -8.2253e-01 -6.9036e-01 +1.7212e-01 +8.5472e-01 +4.1780e-01 -9.3262e-01 +4.7590e-01 -1.8339e-01 +9.5112e-02 -1.3584e-01 -1.7150e-03
62 0 +3.433314605e+05 +3.429780805e+05 +3.429780805e+05 +1.1159e+00 +1.0662e-01 +3.9643e-01 +3.2460e-01 -4.4800e-02 +6.2805e-01 +5.1866e-01 -6.9724e-01 -9.0806e-01 -8.4979e-01 -5.0974e-01 +1.0371e+00 +1.1892e+00 +3.9208e-01 -1.1248e+00 +2.5226e-01 -5.8087e-01 -1.6774e-01 -6.3651e-02 -5.5262e-01
63 0 +1.590492444e+05 +1.586958644e+05 +1.586958644e+05 +6.5088e-01 +6.1971e-02 +7.5230e-01 -1.1536e-01 +1.0490e+00 -2.4227e-01 +4.9154e-01 -3.5889e-01 -1.0741e+00 -1.3590e+00 -6.3051e-01 +9.6912e-01 +6.1378e-01 +8.9556e-01 -1.0355e+00 +3.6463e-01 -2.7404e-01 -3.3719e-01 -3.3892e-02 -3.5148e-01
73 0 +7.009391488e+03 +6.656011488e+03 +6.656011488e+03 +9.0880e-01 +7.5014e-01 +5.3900e-01 +1.1082e-01 +4.7043e-01 +2.6420e-01 +2.1847e-01 -4.8905e-01 -7.0636e-01 -1.4616e+00 -8.6086e-01 +1.1301e+00 +1.9329e+00 +7.5915e-01 -1.2711e+00 +4.2830e-01 -2.7544e-01 -2.8237e-01 -3.8049e-01 -2.8224e-01
88 0 +1.366272986e+03 +1.012892986e+03 +1.012892986e+03 +1.0194e+00 +6.2745e-01 +8.6516e-01 +5.7084e-01 +1.0835e+00 +1.5626e-01 -2.2597e-01 -3.9489e-01 -8.3611e-01 -1.3827e+00 -5.7180e-01 +1.0141e+00 +1.6363e+00 +8.2440e-01 -1.3214e+00 +2.8369e-01 -6.9097e-01 +3.1417e-01 -2.0322e-01 -1.7237e-01
92 0 +9.612757370e+02 +6.078957370e+02 +6.078957370e+02 +5.0827e-02 -1.1735e-01 +4.6579e-01 -1.7431e-01 +1.6897e-01 +4.0843e-01 +1.0509e-01 -6.0341e-01 -1.3617e+00 -9.5270e-01 -6.2075e-01 +8.3464e-01 +1.3529e+00 +7.6981e-01 -6.0860e-01 +7.6482e-01 +1.2226e-01 -1.4536e-01 -4.5583e-01 +1.3357e-01
163 0 +1.415606017e+02 -2.118193983e+02 -2.118193983e+02 +1.2484e+00 -7.6612e-01 +1.7189e+00 +1.2747e-01 +9.2204e-01 +1.8142e-01 -7.8092e-01 -9.6243e-01 -2.3431e+00 -8.7655e-01 -8.4570e-01 +1.0368e+00 +1.2216e+00 -2.1465e-02 -6.2740e-01 +2.6910e-01 -1.5644e-01 -1.2517e+00 -5.5464e-01 -1.4041e+00
282 0 +1.061770291e+02 -2.472029709e+02 -2.472029709e+02 +9.4855e-02 +8.9762e-01 +1.8924e+00 +7.6447e-01 +8.1788e-01 +4.1289e-01 -7.0812e-01 -1.4406e+00 -1.2782e+00 -2.6151e+00 -8.1154e-01 -1.0657e+00 +1.7142e+00 -4.0333e-01 -1.9235e+00 +8.2088e-01 +3.7500e-01 -3.5840e-01 -1.5583e+00 -2.4977e+00
2004 0 +1.061770291e+02 -2.472029709e+02 -2.472029709e+02 +9.4855e-02 +8.9762e-01 +1.8924e+00 +7.6447e-01 +8.1788e-01 +4.1289e-01 -7.0812e-01 -1.4406e+00 -1.2782e+00 -2.6151e+00 -8.1154e-01 -1.0657e+00 +1.7142e+00 -4.0333e-01 -1.9235e+00 +8.2088e-01 +3.7500e-01 -3.5840e-01 -1.5583e+00 -2.4977e+00
% f evaluations | g evaluations | best noise-free fitness - Fopt (-2.910000000000e+00) + sum g_i+ | measured fitness | best measured fitness or single-digit g-values | x1 | x2...
1 0 +4.403430505e+05 +4.403401405e+05 +4.403401405e+05 +1.7765e-01 +2.8650e-02 +7.4028e-02 -1.1522e-01 +4.7057e-02 +5.5605e-01 -6.8504e-01 -6.5775e-01 -1.5724e-01 +1.0400e-01 +1.2075e-02 +5.4058e-02 +3.3192e-01 +5.9755e-04 +1.4477e-01 -5.4862e-02 +5.7180e-02 +6.7125e-02 -1.4117e-01 -7.5453e-02
4 0 +2.074363521e+05 +2.074334421e+05 +2.074334421e+05 -2.8761e-01 -1.1084e-02 -7.7425e-02 +1.2148e-01 -1.5789e-01 -5.0066e-01 +9.3184e-02 -2.1335e-02 +1.6770e-01 -4.3382e-02 -8.2876e-02 -2.5224e-01 -1.1178e-01 +5.3031e-01 +1.0004e-01 +1.9375e-01 +3.4451e-01 -6.4180e-02 -6.3644e-01 +2.3636e-01
14 0 +2.628972755e+04 +2.628681755e+04 +2.628681755e+04 -4.2384e-01 +1.4964e-01 +4.5290e-02 -4.5091e-01 +4.0523e-01 -2.3515e-01 -2.7913e-01 -4.4678e-01 -4.4597e-02 +2.3215e-01 -4.2738e-01 -3.0111e-01 -9.1094e-02 -2.1114e-01 -3.0766e-01 +4.4852e-01 +2.2516e-01 -4.9120e-02 -1.0137e+00 +7.7434e-01
20 0 +5.737028146e+03 +5.734118146e+03 +5.734118146e+03 -2.5644e-01 -2.2874e-01 +6.7644e-01 -2.7336e-01 +1.2372e-01 -1.6282e-01 +2.1239e-01 -1.5930e-01 +5.9085e-01 +2.7388e-01 -8.9071e-02 -4.5598e-01 +1.3752e-01 -4.4570e-01 -4.7030e-01 -8.8477e-02 +5.0712e-01 -2.5093e-01 -5.7938e-01 -1.9861e-03
27 0 +8.151073470e+02 +8.121973470e+02 +8.121973470e+02 -2.3639e-01 -2.8958e-01 +3.2358e-01 -3.4932e-01 -1.5695e-01 -2.6602e-01 -3.2994e-01 -2.8588e-01 +5.3473e-01 +5.8533e-01 -1.6572e-01 -1.1560e-01 +1.7805e-01 +2.7789e-01 +5.1700e-01 -1.8498e-01 +7.0403e-01 +4.5197e-01 -7.1951e-01 +2.2908e-01
35 0 +2.174215662e+02 +2.145115662e+02 +2.145115662e+02 -5.8213e-01 -2.1810e-01 +4.3865e-01 -3.5663e-01 +1.8629e-01 +3.4541e-01 -5.6612e-02 -4.7564e-01 +7.9159e-01 -2.9064e-02 +1.5340e-01 -2.8554e-01 -1.2126e-01 -5.6231e-01 -3.9928e-02 +4.0902e-01 +1.3873e-01 +8.3677e-02 -8.8232e-01 -1.3620e-01
118 0 +1.177232330e+02 +1.148132330e+02 +1.148132330e+02 +2.4688e-01 +9.3690e-01 -3.2783e-01 +2.9743e-01 -1.8027e-01 +4.3901e-01 +4.0572e-01 -8.5268e-01 +8.0915e-01 -4.7337e-01 -5.5919e-01 +1.2314e-01 -5.0695e-01 -4.5121e-01 +1.0276e+00 +1.3994e+00 +1.1610e+00 +4.4898e-01 -6.4794e-01 -4.6622e-01
403 0 +1.172533512e+02 +1.143433512e+02 +1.143433512e+02 +4.3532e-01 -7.0068e-02 -3.5675e-01 +8.4119e-02 -3.6232e-01 +7.9601e-01 +4.8602e-01 +8.0280e-02 +2.4362e-01 -6.9295e-01 +2.8233e-01 -9.0556e-01 -2.3993e-02 +2.4983e-02 +1.5215e+00 +2.0359e+00 +4.9766e-01 +1.3080e-01 -7.4912e-01 -9.1058e-01
1250 0 +1.112323467e+02 +1.083223467e+02 +1.083223467e+02 +2.6959e+00 -1.4965e+00 -1.1721e-01 -1.7308e+00 +4.5371e-01 -2.8951e-01 +1.0282e+00 -6.7729e-01 -4.6473e-01 -3.1705e-01 -3.7990e-01 -3.9602e-01 -7.7520e-02 +1.8429e+00 -2.7095e-01 +1.6967e+00 +1.6567e-01 -1.6938e+00 +6.6491e-02 -5.8834e-01
2004 0 +1.112323467e+02 +1.083223467e+02 +1.083223467e+02 +2.6959e+00 -1.4965e+00 -1.1721e-01 -1.7308e+00 +4.5371e-01 -2.8951e-01 +1.0282e+00 -6.7729e-01 -4.6473e-01 -3.1705e-01 -3.7990e-01 -3.9602e-01 -7.7520e-02 +1.8429e+00 -2.7095e-01 +1.6967e+00 +1.6567e-01 -1.6938e+00 +6.6491e-02 -5.8834e-01
% f evaluations | g evaluations | best noise-free fitness - Fopt (-2.970000000000e+00) + sum g_i+ | measured fitness | best measured fitness or single-digit g-values | x1 | x2...
1 0 +5.185219852e+06 +5.185216882e+06 +5.185216882e+06 -4.8963e-02 +1.7318e-01 +3.8051e-01 -1.1275e-01 -1.2969e-01 +2.8605e-01 +5.9744e-02 -2.1769e-01 +2.0005e-01 +9.5345e-03 -2.9855e-01 -4.6756e-01 -3.7300e-01 +2.9904e-01 -6.1528e-02 -2.8098e-01 +3.2010e-01 +3.1078e-01 +9.2030e-02 +1.1991e-01
2 0 +3.182500453e+06 +3.182497483e+06 +3.182497483e+06 +4.0629e-01 +2.8266e-01 -6.8264e-02 -2.4609e-01 -2.5102e-01 +4.5783e-02 -2.1109e-01 -2.4520e-01 -6.5740e-01 -2.4483e-01 +2.2731e-01 -1.2688e-01 -2.5550e-02 -1.7977e-01 +4.6205e-02 +1.5925e-01 +3.7769e-01 -7.1586e-02 +3.2655e-01 -2.7099e-02
17 0 +2.948417998e+06 +2.948415028e+06 +2.948415028e+06 +1.7088e-01 -1.0019e-03 -4.4446e-01 -1.1852e-01 +3.8520e-01 -5.5980e-01 -8.7701e-03 -8.2515e-02 -7.1789e-01 -1.7677e-01 +1.2283e-01 +1.9895e-01 +1.9327e-01 +1.5885e-01 -2.7283e-01 -6.6231e-02 +2.4525e-01 +1.0045e-01 -9.5936e-02 -3.2900e-01
19 0 +2.563244416e+06 +2.563241446e+06 +2.563241446e+06 +2.3529e-02 +8.1594e-02 -9.0560e-02 +2.2910e-01 -3.9714e-01 -6.5156e-02 +2.3363e-01 -1.9355e-01 -3.2268e-01 +2.5632e-02 -2.0177e-01 +2.4446e-01 +2.0685e-01 -2.0162e-01 +1.0989e-01 -2.4328e-01 +5.3423e-01 -3.4268e-01 +3.2555e-01 -1.5184e-01
21 0 +2.164374411e+06 +2.164371441e+06 +2.164371441e+06 +3.3057e-01 +3.3931e-01 -3.2380e-01 -4.5437e-02 -1.7754e-01 -1.6107e-01 +1.0555e-01 +5.9851e-02 -2.5354e-01 +9.9431e-02 -3.6027e-01 -2.9709e-01 +2.2115e-01 +5.1402e-02 +1.1477e-02 +4.2751e-01 +3.7196e-01 -7.9026e-01 -6.6752e-01 +1.5719e-01
25 0 +1.457512167e+06 +1.457509197e+06 +1.457509197e+06 +4.6286e-01 +9.6528e-01 -3.8147e-01 +7.1454e-01 -1.1362e-01 +3.3671e-01 +2.5892e-01 +4.4593e-01 -3.8822e-01 -5.6502e-01 -4.1650e-01 +1.6903e-01 -2.5149e-01 -1.6107e-01 +4.4926e-01 +2.8123e-01 +5.3381e-01 -7.5655e-01 -2.4532e-01 +2.2979e-01
27 0 +1.393767931e+06 +1.393764961e+06 +1.393764961e+06 +5.0066e-01 -6.0822e-02 -1.4010e-01 +6.7608e-02 -8.3563e-01 -1.0941e-01 -7.5011e-01 -4.3886e-02 -5.2543e-01 -3.5686e-01 -3.0724e-01 +1.2752e-01 +2.4359e-01 +7.2898e-02 +5.5095e-02 -5.7565e-02 +5.7153e-01 -6.4946e-01 +1.1869e-01 +3.3106e-01
38 0 +8.388768385e+05 +8.388738685e+05 +8.388738685e+05 +4.3751e-01 -2.7611e-02 +9.4493e-02 -9.2563e-02 -5.4801e-01 -5.2004e-01 -4.7690e-01 +5.6880e-01 -1.0596e+00 -1.7432e-01 -3.0118e-01 +2.6392e-01 +8.8570e-02 +4.5594e-03 +2.2785e-01 -4.3544e-02 +8.3711e-02 -5.9047e-01 -2.4614e-01 +3.4686e-01
44 0 +5.233192234e+05 +5.233162534e+05 +5.233162534e+05 +1.2795e-01 +4.2777e-01 -2.8016e-01 -3.9117e-02 -3.7200e-01 -8.2377e-01 +8.3943e-02 +6.5555e-01 -6.8899e-01 -3.4987e-01 -3.2710e-01 +5.8606e-01 +2.7689e-01 +3.4947e-01 +3.2843e-01 -6.0921e-02 +3.0655e-01 -3.7226e-01 +2.6591e-01 +7.8601e-02
52 0 +3.485508774e+05 +3.485479074e+05 +3.485479074e+05 +6.6049e-01 +2.8912e-01 -6.7812e-01 +4.9298e-01 -1.0882e+00 -5.9884e-01 +1.5450e-02 +4.0748e-01 -7.3702e-01 -2.5004e-01 +3.0566e-02 -1.3696e-01 +4.1881e-01 -1.4123e-01 +2.9526e-01 +2.0868e-01 +2.2596e-01 -8.0556e-01 +7.8966e-03 +4.6644e-01
57 0 +2.670127605e+05 +2.670097905e+05 +2.670097905e+05 +7.9780e-01 -1.2019e-02 -6.1710e-02 -2.3974e-02 -6.2352e-01 -1.0957e+00 +1.9350e-01 +3.6665e-01 -1.0053e+00 -1.3740e-01 -1.3013e-01 +4.6954e-01 -1.2919e-01 -4.8572e-02 +8.7136e-02 +4.2239e-01 +8.1706e-01 -5.3326e-01 +2.7843e-02 +5.9030e-01
61 0 +2.014812632e+05 +2.014782932e+05 +2.014782932e+05 +7.1639e-01 +2.4530e-01 -2.7090e-01 -5.2931e-01 -9.5509e-01 -1.0199e+00 +2.8431e-01 +4.5698e-01 -1.0587e+00 -2.0395e-01 -5.2609e-01 +4.2001e-01 -3.6843e-01 -1.5648e-01 -2.2603e-01 -1.7053e-01 +1.0100e+00 -9.5341e-01 -5.5494e-01 +3.7817e-01
62 0 +7.660956827e+04 +7.660659827e+04 +7.660659827e+04 +1.2912e+00 +4.7843e-01 -5.3096e-01 -2.4101e-01 -7.7689e-01 -7.4523e-01 +7.5133e-01 +7.7664e-01 -1.0004e+00 -2.5712e-01 -2.8233e-01 +3.3585e-01 -2.4223e-02 +3.0427e-01 -5.2598e-02 +3.4964e-01 +5.0665e-01 -1.1032e+00 +7.1354e-02 +4.8207e-01
74 0 +8.415483893e+03 +8.412513893e+03 +8.412513893e+03 +6.1101e-01 +1.0202e-01 -6.8473e-01 -4.6412e-01 -8.6770e-01 -7.5348e-01 -3.8005e-03 +8.1641e-01 -1.7286e+00 -3.3677e-01 -4.5135e-01 +8.9656e-01 -3.1739e-01 +4.5573e-02 +2.9414e-01 +4.5240e-01 +8.7849e-01 -4.4282e-01 -7.2898e-02 +1.9575e-01
76 0 +1.561989191e+03 +1.559019191e+03 +1.559019191e+03 +1.8669e+00 -2.0612e-01 -2.3503e-01 +1.3840e-01 -1.2491e+00 -5.2313e-01 +3.0540e-02 +7.7958e-01 -1.8037e+00 -4.9062e-01 -4.0415e-01 +5.8047e-01 -2.9278e-01 +3.9279e-01 -1.8945e-01 +1.7891e-01 +8.0864e-01 -8.1194e-01 -3.2915e-01 +1.0144e+00
102 0 +1.590635792e+02 +1.560935792e+02 +1.560935792e+02 +9.7203e-01 +2.3639e-01 -6.3882e-01 -1.7493e-01 -1.4233e+00 -4.0439e-01 +1.1112e-01 +1.3708e+00 -2.0635e+00 -7.6796e-03 +1.0510e-01 +1.3180e+00 -1.4724e+00 +1.2114e-01 +5.3756e-01 +1.7992e-01 +1.3662e+00 -9.4183e-01 +2.4092e-01 +1.1646e-01
262 0 +1.490741633e+02 +1.461041633e+02 +1.461041633e+02 +1.6758e+00 +2.0282e-01 -6.8261e-01 -6.3624e-01 -1.0027e-01 -2.0265e+00 -1.2764e+00 +9.6425e-01 -1.0663e+00 +1.4709e+00 -3.0374e-01 +4.9533e-01 -1.1739e+00 +1.4663e+00 +4.7962e-01 +8.6479e-01 +2.4584e+00 -9.8479e-01 -1.2222e+00 -4.3086e-01
2004 0 +1.490741633e+02 +1.461041633e+02 +1.461041633e+02 +1.6758e+00 +2.0282e-01 -6.8261e-01 -6.3624e-01 -1.0027e-01 -2.0265e+00 -1.2764e+00 +9.6425e-01 -1.0663e+00 +1.4709e+00 -3.0374e-01 +4.9533e-01 -1.1739e+00 +1.4663e+00 +4.7962e-01 +8.6479e-01 +2.4584e+00 -9.8479e-01 -1.2222e+00 -4.3086e-01
% f evaluations | g evaluations | best noise-free fitness - Fopt (2.996300000000e+02) + sum g_i+ | measured fitness | best measured fitness or single-digit g-values | x1 | x2...
1 0 +1.611866003e+06 +1.612165633e+06 +1.612165633e+06 +2.0249e-01 -2.3982e-01 -2.5903e-01 +1.7863e-01 -1.5520e-01 +5.3053e-01 +2.2806e-01 -1.0659e-03 -4.6214e-01 -6.7316e-02 -3.9572e-01 +6.8890e-02 -5.7279e-01 +3.6930e-01 +3.6533e-01 -3.0699e-01 -1.6473e-01 -4.1321e-01 -1.5549e-02 -4.0359e-01
2 0 +1.302004923e+06 +1.302304553e+06 +1.302304553e+06 +1.4593e-01 +3.4235e-02 -2.0573e-01 -2.3152e-03 -9.2397e-01 -1.5224e-01 -1.2345e-01 -4.3309e-02 -2.0900e-02 -1.2332e-01 +4.7220e-02 -5.8000e-01 -5.2527e-01 +4.0021e-01 -2.3295e-02 +1.4190e-01 +3.8985e-01 +8.8335e-02 -4.7240e-01 +3.4394e-01
13 0 +7.893152525e+05 +7.896148825e+05 +7.896148825e+05 -4.9320e-01 +7.8406e-02 -4.2003e-01 +1.6334e-01 -1.7008e-01 -3.3101e-01 -2.6472e-01 -9.4450e-02 -2.5700e-01 +4.2539e-01 -6.2152e-02 -3.8227e-01 -4.8331e-01 +1.5682e-02 +1.9483e-01 +3.1067e-01 +5.1029e-01 +2.3531e-01 -3.6020e-01 -8.3158e-02
20 0 +4.432278076e+05 +4.435274376e+05 +4.435274376e+05 -3.6213e-01 +4.3881e-01 -1.7126e-01 +4.9103e-01 -4.4169e-01 +6.1871e-01 +7.3245e-02 +2.4721e-03 -2.2224e-02 -9.3450e-02 +1.2807e-01 -7.1093e-01 -9.7146e-01 +4.4248e-01 -1.7946e-01 +5.0597e-02 +5.4217e-02 +3.8803e-02 +6.1641e-02 +3.1283e-01
25 0 +2.509495046e+05 +2.512491346e+05 +2.512491346e+05 -3.1688e-01 +4.8768e-01 +1.4145e-01 -9.4924e-02 -1.4409e-01 +4.6480e-01 -2.8211e-01 +2.8880e-01 -2.8101e-01 -2.5343e-01 +1.8253e-01 -5.9853e-01 -5.7201e-01 +3.9836e-01 -3.0027e-01 +2.2748e-01 -1.1022e-01 -1.8446e-01 -2.2409e-01 +6.4849e-02
29 0 +2.269929973e+05 +2.272926273e+05 +2.272926273e+05 +4.4810e-01 +8.1560e-01 +1.5400e-01 +3.4900e-01 +5.9068e-02 +3.3620e-01 -2.2732e-01 -2.8472e-01 +6.3049e-02 -3.9128e-01 -8.6934e-02 -2.1820e-01 -7.0491e-01 +2.5454e-01 -1.6606e-01 +1.7874e-01 +5.6508e-01 -1.4793e-01 -3.1835e-01 +2.5526e-01
40 0 +1.050642319e+05 +1.053638619e+05 +1.053638619e+05 -3.2392e-02 +7.4980e-01 +5.6545e-02 +9.0039e-02 -2.9814e-02 +4.6163e-01 -2.0745e-01 -2.1871e-01 +3.5066e-01 -4.6588e-01 +1.0328e-01 -7.8027e-02 -1.0965e+00 +2.6798e-01 -2.9807e-01 +1.3722e-01 +7.7870e-01 -4.6991e-01 +4.3896e-03 -4.4821e-01
45 0 +8.773995768e+04 +8.803958768e+04 +8.803958768e+04 -2.5835e-01 +8.4105e-01 +2.3864e-01 +1.7328e-02 -2.2794e-01 +4.4963e-01 -1.3011e-01 +5.5652e-01 -4.4758e-01 -5.1119e-01 -7.4453e-03 -4.6418e-01 -7.1325e-01 +4.8370e-01 -4.6318e-01 -2.8881e-01 +6.0638e-02 +8.9365e-02 -2.6716e-01 -2.6178e-01
47 0 +8.381583679e+04 +8.411546679e+04 +8.411546679e+04 +6.2815e-01 +5.6972e-01 +4.6411e-01 -2.9742e-01 +2.5175e-01 +3.9637e-01 -7.9966e-01 +3.7518e-02 -2.3347e-01 -2.3254e-01 +6.0603e-01 +2.6779e-01 -2.9975e-01 +3.5414e-01 -1.3045e-01 -3.6456e-01 +6.5783e-02 +2.2017e-01 -1.3533e-01 -4.9911e-01
53 0 +3.179060490e+04 +3.209023490e+04 +3.209023490e+04 +4.2005e-01 +1.0261e+00 -7.2435e-02 +2.9803e-02 -2.0631e-01 +5.4605e-01 -2.8161e-01 +1.1378e-01 -1.9729e-01 -4.3644e-01 +6.1924e-02 -4.4215e-02 -8.2922e-01 +7.0974e-01 -3.2625e-01 -3.8006e-01 +9.4863e-01 +1.1656e-01 -6.5117e-02 -2.3747e-01
55 0 +9.873727571e+03 +1.017335757e+04 +1.017335757e+04 -3.0577e-01 +1.0097e+00 +6.3640e-01 -2.4802e-02 -2.8026e-01 +6.3528e-01 -3.4351e-01 +3.2837e-01 -4.0012e-01 -2.1190e-01 +2.8406e-01 -2.8953e-01 -1.0095e+00 +6.2101e-01 -6.5887e-01 -1.2751e-01 +3.5669e-01 -5.9329e-02 -5.3258e-01 -2.6010e-01
64 0 +3.541106106e+02 +6.537406106e+02 +6.537406106e+02 +6.2221e-01 +5.1801e-01 +5.4402e-01 -6.5893e-01 -3.8118e-01 +4.8071e-01 -3.8531e-01 -4.9993e-02 -3.0923e-01 -9.5695e-01 -2.8030e-01 -1.3557e-01 -7.5657e-01 +8.7263e-01 -3.7613e-02 +5.7252e-02 +6.3763e-01 -4.9000e-02 -6.3845e-01 -5.5510e-01
86 0 +1.977874913e+02 +4.974174913e+02 +4.974174913e+02 -2.5913e-01 +1.0942e+00 +9.9778e-01 -5.0868e-01 -3.4735e-01 +1.7915e-01 -3.5462e-01 -5.5754e-01 +7.0351e-03 +1.7477e-01 +1.9776e-01 +4.4947e-02 -6.6228e-01 +5.5976e-01 -9.8710e-01 +6.7160e-02 +2.7694e-01 -5.3168e-01 -1.0611e+00 -1.0131e+00
94 0 +1.611273864e+02 +4.607573864e+02 +4.607573864e+02 +4.9835e-01 +1.4220e+00 +6.7000e-01 -1.2766e-01 -1.4929e-01 +8.4152e-01 -3.9588e-01 -2.7585e-01 -1.0001e-01 -2.4515e-01 -3.3845e-01 -5.9031e-01 -7.4063e-01 +3.0065e-01 +5.2550e-02 -9.7329e-02 +7.6192e-01 -1.5201e-01 -1.2416e-01 -2.2457e-01
310 0 +1.412754273e+02 +4.409054273e+02 +4.409054273e+02 +6.2224e-01 +1.0737e+00 -1.6733e-01 +6.4103e-01 -4.3351e-01 +1.5739e-01 -6.7574e-01 +3.5706e-01 -1.0798e+00 -9.5452e-03 +2.1593e-01 -4.8333e-01 -2.6971e-01 +5.2310e-01 -3.9899e-01 +2.4111e-02 +7.4143e-01 -9.9462e-02 -6.7618e-01 -5.7363e-01
672 0 +1.367371139e+02 +4.363671139e+02 +4.363671139e+02 +3.4753e-02 +7.9155e-01 +1.2342e-01 +9.6134e-02 +3.1932e-01 +2.7033e-01 -8.0777e-01 +7.9058e-01 -9.0183e-01 -2.9412e-01 -4.9958e-02 +3.5424e-01 -2.7664e-01 -1.2856e-01 -2.6592e-01 -1.1888e-01 +3.0008e-01 -5.3118e-01 -3.8057e-01 -1.4694e+00
1076 0 +1.331372517e+02 +4.327672517e+02 +4.327672517e+02 -2.0737e-01 +5.6230e-01 +4.6707e-01 +1.1979e-01 +4.1540e-01 +1.1716e-01 -4.9179e-01 +7.7817e-01 -7.6292e-01 -1.8983e-01 +5.0401e-01 -1.0408e-01 -1.6806e-01 -7.8649e-02 +6.2268e-02 -6.4873e-02 +5.4338e-01 -2.0085e-01 -1.7677e-01 -1.4546e+00
1140 0 +1.307477356e+02 +4.303777356e+02 +4.303777356e+02 -1.3212e-01 +6.5718e-01 +3.8592e-01 +1.2112e-01 +4.7200e-01 +2.0867e-01 -5.7292e-01 +8.5658e-01 -6.9039e-01 -2.1443e-01 +3.7547e-01 -1.5518e-01 -5.7073e-02 -1.7262e-01 +1.1004e-01 -1.3373e-01 +5.6668e-01 -3.0421e-01 -2.2682e-01 -1.4938e+00
1241 0 +1.282117020e+02 +4.278417020e+02 +4.278417020e+02 -4.0588e-02 +6.6510e-01 +3.1752e-01 +4.2969e-02 +7.7177e-01 +3.0501e-01 -3.6796e-01 +9.0709e-01 -4.6153e-01 -2.6204e-01 +3.5540e-01 -9.1003e-02 -7.8867e-02 +3.2840e-02 -5.3552e-02 -6.1538e-02 +8.4286e-01 -2.8656e-01 -3.0363e-01 -1.2581e+00
1490 0 +1.251924575e+02 +4.248224575e+02 +4.248224575e+02 -1.6073e-01 +6.5155e-01 +3.3268e-01 -6.1346e-02 +8.4687e-01 +2.8254e-01 -7.0059e-01 +6.9231e-01 -5.2599e-01 -2.0941e-01 +2.9087e-01 -2.1378e-01 -1.4675e-01 +3.0762e-02 +2.4599e-01 +7.9644e-02 +7.5835e-01 -2.2958e-01 +6.7561e-02 -1.1362e+00
1601 0 +1.228876266e+02 +4.225176266e+02 +4.225176266e+02 -1.3149e-01 +6.7400e-01 +4.8744e-01 -4.2117e-02 +9.4306e-01 +3.7615e-01 -7.4510e-01 +9.1958e-01 -3.5755e-01 -3.4316e-01 +1.5891e-01 -3.0328e-01 -3.0144e-01 +9.0151e-02 +1.7570e-01 -4.8911e-02 +5.4670e-01 -2.2821e-01 -2.6747e-02 -1.2041e+00
1870 0 +1.200439296e+02 +4.196739296e+02 +4.196739296e+02 -3.4313e-01 +6.9177e-01 +3.8828e-01 -7.0772e-03 +1.0875e+00 +3.9108e-01 -7.5952e-01 +1.1406e+00 -5.6358e-01 -4.6599e-01 -2.4774e-02 -9.5004e-02 -9.0095e-03 -1.5267e-01 +4.2127e-01 +2.6798e-02 +3.6679e-01 -3.3805e-01 +1.0613e-02 -1.1774e+00
1926 0 +1.174437586e+02 +4.170737586e+02 +4.170737586e+02 -1.9318e-01 +5.7874e-01 +2.3643e-01 +1.2213e-01 +1.2566e+00 +2.8198e-01 -8.8710e-01 +1.2414e+00 -7.0671e-01 -1.8589e-01 -9.0922e-02 -9.0520e-02 -2.3301e-01 -1.5768e-01 +5.0592e-01 +8.7896e-02 +5.8830e-01 -2.1144e-01 -3.7351e-02 -1.2355e+00
2004 0 +1.149142907e+02 +4.145442907e+02 +4.145442907e+02 -1.5944e-01 +5.4572e-01 +3.7904e-01 +2.7987e-01 +1.4404e+00 +4.3255e-01 -1.0300e+00 +1.4223e+00 -6.1458e-01 -2.1084e-01 -1.8749e-01 -1.4967e-01 -3.1181e-01 -1.3109e-01 +5.7250e-01 +5.2911e-02 +2.8295e-01 -4.3567e-01 -2.2819e-01 -1.2639e+00
