% f evaluations | g evaluations | best noise-free fitness - Fopt (-5.494000000000e+01) + sum g_i+ | measured fitness | best measured fitness or single-digit g-values | x1 | x2...
1 0 +3.180338293e+06 +3.180283353e+06 +3.180283353e+06 -2.5043e-01 +1.2151e-01 -3.7439e-01 -2.0798e-01 +1.4714e-01
9 0 +2.933072982e+06 +2.933018042e+06 +2.933018042e+06 -5.0782e-01 +1.3599e-01 -1.1624e-01 +2.5937e-01 +1.3502e-01
10 0 +2.743036662e+06 +2.742981722e+06 +2.742981722e+06 -4.3127e-01 +1.5589e-01 -3.1177e-01 -6.8212e-02 +1.4482e-01
11 0 +2.330226566e+06 +2.330171626e+06 +2.330171626e+06 -3.0677e-01 +2.0459e-01 -7.2696e-01 -5.5769e-01 +4.6433e-01
12 0 +2.251730561e+06 +2.251675621e+06 +2.251675621e+06 -5.5768e-01 +7.5348e-02 -6.0680e-01 -1.5205e-01 +5.2246e-01
19 0 +1.696649284e+06 +1.696594344e+06 +1.696594344e+06 -3.7691e-01 +4.9189e-01 -8.2135e-01 +3.1973e-01 +9.4817e-01
20 0 +7.868697397e+05 +7.868147997e+05 +7.868147997e+05 -1.0685e+00 +4.5360e-01 -7.4850e-01 -5.7294e-01 +7.8654e-01
25 0 +4.800879342e+05 +4.800329942e+05 +4.800329942e+05 -9.7127e-01 +3.4490e-01 -1.1904e+00 -3.5660e-01 +1.0900e+00
26 0 +2.766682719e+05 +2.766133319e+05 +2.766133319e+05 -7.9834e-01 +5.6869e-01 -2.4308e+00 -5.2836e-01 +7.3127e-01
28 0 +2.686660967e+05 +2.686111567e+05 +2.686111567e+05 -9.2208e-01 +4.1004e-01 -1.5363e+00 -3.2374e-01 +1.5311e+00
42 0 +1.601157681e+05 +1.600608281e+05 +1.600608281e+05 -1.3154e+00 -1.1580e+00 -2.0786e+00 +6.1486e-01 +2.0164e+00
47 0 +1.439853482e+05 +1.439304082e+05 +1.439304082e+05 -1.0669e+00 -1.1735e+00 -2.2788e+00 +5.2507e-01 +2.2380e+00
57 0 +1.305317122e+04 +1.299823122e+04 +1.299823122e+04 -4.5872e-01 -4.1004e-01 -2.3874e+00 +1.7106e+00 +3.1735e+00
92 0 +4.063100667e+03 +4.008160667e+03 +4.008160667e+03 +2.5405e-01 -9.6651e-01 -3.5651e+00 +1.9531e+00 +3.6671e+00
124 0 +2.764153155e+03 +2.709213155e+03 +2.709213155e+03 +2.4536e-01 -9.4010e-01 -2.9676e+00 +1.9910e+00 +4.2118e+00
172 0 +2.729471228e+03 +2.674531228e+03 +2.674531228e+03 +1.7710e-01 -6.4692e-01 -3.1823e+00 +1.8269e+00 +3.5224e+00
210 0 +2.595784718e+03 +2.540844718e+03 +2.540844718e+03 +1.1719e-01 -6.7487e-01 -3.1326e+00 +1.8814e+00 +3.5535e+00
219 0 +2.565774282e+03 +2.510834282e+03 +2.510834282e+03 +1.4011e-01 -6.8814e-01 -3.2013e+00 +1.8573e+00 +3.4804e+00
228 0 +2.288382588e+03 +2.233442588e+03 +2.233442588e+03 +8.7509e-02 -7.3333e-01 -3.1321e+00 +1.8391e+00 +3.5227e+00
258 0 +2.208778456e+03 +2.153838456e+03 +2.153838456e+03 +1.1745e-01 -7.4669e-01 -3.1468e+00 +1.8909e+00 +3.5550e+00
276 0 +2.094777606e+03 +2.039837606e+03 +2.039837606e+03 +1.0822e-01 -7.5948e-01 -3.1395e+00 +1.8742e+00 +3.5683e+00
289 0 +2.069999656e+03 +2.015059656e+03 +2.015059656e+03 +1.1284e-01 -7.7528e-01 -3.1471e+00 +1.9016e+00 +3.5907e+00
308 0 +2.037410351e+03 +1.982470351e+03 +1.982470351e+03 +1.0806e-01 -7.7896e-01 -3.1394e+00 +1.8892e+00 +3.5939e+00
327 0 +1.992048397e+03 +1.937108397e+03 +1.937108397e+03 +1.1238e-01 -7.8917e-01 -3.1385e+00 +1.9021e+00 +3.5966e+00
363 0 +1.945931689e+03 +1.890991689e+03 +1.890991689e+03 +1.0602e-01 -7.9093e-01 -3.1297e+00 +1.8866e+00 +3.5984e+00
426 0 +1.903187059e+03 +1.848247059e+03 +1.848247059e+03 +9.8208e-02 -8.0095e-01 -3.1239e+00 +1.8786e+00 +3.5997e+00
504 0 +1.869786408e+03 +1.814846408e+03 +1.814846408e+03 +9.4324e-02 -8.0863e-01 -3.1193e+00 +1.8768e+00 +3.6009e+00
% f evaluations | g evaluations | best noise-free fitness - Fopt (5.913000000000e+01) + sum g_i+ | measured fitness | best measured fitness or single-digit g-values | x1 | x2...
1 0 +6.219513956e+06 +6.219573086e+06 +6.219573086e+06 +4.0253e-01 -1.0987e-01 +8.1665e-02 +3.3255e-01 -1.1868e-01
3 0 +5.368386770e+06 +5.368445900e+06 +5.368445900e+06 +6.0285e-02 -2.7121e-03 +4.9229e-01 +8.8210e-01 +4.9945e-02
9 0 +3.218250476e+06 +3.218309606e+06 +3.218309606e+06 +6.7965e-01 +6.8690e-01 -2.0803e-01 +2.0620e-01 -1.4576e-01
11 0 +2.376541573e+06 +2.376600703e+06 +2.376600703e+06 +4.8477e-01 +5.0597e-01 -1.5209e-01 +4.0411e-01 -7.9826e-01
17 0 +2.302360582e+06 +2.302419712e+06 +2.302419712e+06 +3.0259e-01 +6.4426e-01 -5.5681e-01 +3.7209e-01 -9.1674e-01
21 0 +1.767655446e+06 +1.767714576e+06 +1.767714576e+06 +9.5067e-01 +6.8729e-01 +3.4651e-01 +3.2949e-01 -8.9653e-01
23 0 +1.175459895e+06 +1.175519025e+06 +1.175519025e+06 +6.7993e-01 +8.8988e-01 -3.2197e-01 +3.9142e-01 -1.2432e+00
24 0 +8.626259842e+05 +8.626851142e+05 +8.626851142e+05 +1.0659e+00 +9.2632e-01 +9.3911e-02 +6.3006e-01 -1.0756e+00
25 0 +3.467305025e+05 +3.467896325e+05 +3.467896325e+05 +8.8327e-01 +1.8400e+00 -3.4470e-01 +1.0498e+00 -2.0600e+00
26 0 +3.005813610e+05 +3.006404910e+05 +3.006404910e+05 +6.7972e-01 +2.2145e+00 +4.5931e-01 +6.7236e-01 -1.2908e+00
57 0 +2.888550293e+05 +2.889141593e+05 +2.889141593e+05 -7.5814e-01 +1.8078e+00 +1.1512e+00 -5.7496e-01 -2.1143e+00
58 0 +9.989508938e+04 +9.995421938e+04 +9.995421938e+04 +9.6754e-01 +1.3255e+00 -1.2424e+00 +2.6127e-01 -2.9253e+00
67 0 +5.810043817e+04 +5.815956817e+04 +5.815956817e+04 +1.2901e+00 +1.7340e+00 -1.3685e+00 -1.3828e+00 -3.5229e+00
82 0 +4.441471086e+04 +4.447384086e+04 +4.447384086e+04 -5.8428e-01 +2.1197e+00 -2.0912e+00 -1.0403e+00 -4.0367e+00
84 0 +1.715128609e+04 +1.721041609e+04 +1.721041609e+04 +1.9399e-01 +1.2609e+00 -1.1424e+00 -1.6725e+00 -4.0647e+00
124 0 +8.062722634e+03 +8.121852634e+03 +8.121852634e+03 -9.7226e-01 +1.8353e+00 -8.4793e-02 -1.6300e+00 -3.9275e+00
146 0 +5.534864522e+03 +5.593994522e+03 +5.593994522e+03 +1.0799e-01 +1.1588e+00 -9.9398e-01 -1.5862e+00 -4.3263e+00
206 0 +5.339228460e+03 +5.398358460e+03 +5.398358460e+03 +1.0527e-01 +8.7490e-01 -7.1254e-01 -1.7060e+00 -4.5194e+00
313 0 +5.105725365e+03 +5.164855365e+03 +5.164855365e+03 +9.8909e-02 +8.0248e-01 -5.4908e-01 -1.8908e+00 -4.6310e+00
324 0 +4.781122632e+03 +4.840252632e+03 +4.840252632e+03 +5.4110e-02 +8.9890e-01 -5.0942e-01 -1.8728e+00 -4.5422e+00
337 0 +4.669369904e+03 +4.728499904e+03 +4.728499904e+03 +3.4938e-02 +9.1378e-01 -5.1863e-01 -1.8752e+00 -4.5527e+00
356 0 +4.485928384e+03 +4.545058384e+03 +4.545058384e+03 +2.7800e-02 +8.5289e-01 -5.3680e-01 -1.8802e+00 -4.5930e+00
357 0 +4.098193178e+03 +4.157323178e+03 +4.157323178e+03 -2.5399e-02 +9.4342e-01 -4.7801e-01 -1.8831e+00 -4.5152e+00
366 0 +3.724795144e+03 +3.783925144e+03 +3.783925144e+03 -4.4285e-02 +1.0117e+00 -4.8315e-01 -1.8867e+00 -4.4694e+00
375 0 +3.514175629e+03 +3.573305629e+03 +3.573305629e+03 -1.4081e-01 +1.1500e+00 -4.1160e-01 -1.8791e+00 -4.3560e+00
382 0 +3.048087963e+03 +3.107217963e+03 +3.107217963e+03 -1.7488e-01 +1.1274e+00 -4.5614e-01 -1.8992e+00 -4.4378e+00
394 0 +2.649510896e+03 +2.708640896e+03 +2.708640896e+03 -1.5834e-01 +1.1320e+00 -5.1166e-01 -1.8860e+00 -4.4162e+00
441 0 +2.624282311e+03 +2.683412311e+03 +2.683412311e+03 -1.5726e-01 +1.1198e+00 -5.2295e-01 -1.9055e+00 -4.4514e+00
442 0 +2.544143488e+03 +2.603273488e+03 +2.603273488e+03 -1.7586e-01 +1.1521e+00 -5.0559e-01 -1.9002e+00 -4.4147e+00
443 0 +2.501556417e+03 +2.560686417e+03 +2.560686417e+03 -1.7716e-01 +1.1522e+00 -5.1988e-01 -1.9184e+00 -4.4349e+00
449 0 +2.452454495e+03 +2.511584495e+03 +2.511584495e+03 -1.8957e-01 +1.1681e+00 -4.9926e-01 -1.9126e+00 -4.4072e+00
466 0 +2.366546347e+03 +2.425676347e+03 +2.425676347e+03 -2.4319e-01 +1.2402e+00 -4.7401e-01 -1.9178e+00 -4.3659e+00
469 0 +2.333249265e+03 +2.392379265e+03 +2.392379265e+03 -2.6548e-01 +1.2786e+00 -4.5496e-01 -1.9188e+00 -4.3261e+00
481 0 +2.265512188e+03 +2.324642188e+03 +2.324642188e+03 -3.0691e-01 +1.3271e+00 -4.5672e-01 -1.9373e+00 -4.3190e+00
490 0 +2.211107244e+03 +2.270237244e+03 +2.270237244e+03 -3.2813e-01 +1.3486e+00 -4.3403e-01 -1.9349e+00 -4.2866e+00
504 0 +2.206830968e+03 +2.265960968e+03 +2.265960968e+03 -3.4913e-01 +1.3861e+00 -4.2764e-01 -1.9245e+00 -4.2539e+00
% f evaluations | g evaluations | best noise-free fitness - Fopt (-4.915300000000e+02) + sum g_i+ | measured fitness | best measured fitness or single-digit g-values | x1 | x2...
1 0 +4.700566811e+04 +4.651413811e+04 +4.651413811e+04 +5.0292e-03 -1.7575e-01 +2.2682e-01 +6.1605e-02 -3.9821e-01
3 0 +3.441183451e+04 +3.392030451e+04 +3.392030451e+04 -2.2575e-01 -2.2454e-01 -4.5902e-02 -3.6549e-01 -4.9748e-01
4 0 +2.259477103e+04 +2.210324103e+04 +2.210324103e+04 +2.2982e-01 -7.3245e-02 -1.5121e-02 +2.3250e-01 +1.4004e-01
16 0 +1.873032242e+04 +1.823879242e+04 +1.823879242e+04 +4.2356e-02 -3.5416e-01 -3.9583e-01 -8.6305e-02 -3.8501e-02
18 0 +8.012781062e+03 +7.521251062e+03 +7.521251062e+03 +1.9320e-02 -5.8551e-02 -4.5443e-01 -3.9389e-01 -9.8636e-02
79 0 +6.107474113e+03 +5.615944113e+03 +5.615944113e+03 +1.4904e-01 +9.6607e-02 -5.1762e-01 -1.9626e-01 +2.4828e-01
108 0 +4.930405543e+03 +4.438875543e+03 +4.438875543e+03 +7.2767e-02 -3.9965e-01 -9.0420e-01 -6.7807e-01 +3.8585e-01
145 0 +4.835827824e+03 +4.344297824e+03 +4.344297824e+03 -2.4969e-02 -5.0651e-01 -6.7283e-01 -7.1872e-01 +3.9922e-01
162 0 +4.779057672e+03 +4.287527672e+03 +4.287527672e+03 +2.0144e-02 -3.9505e-01 -6.1383e-01 -5.8182e-01 +3.4533e-01
210 0 +4.675082414e+03 +4.183552414e+03 +4.183552414e+03 +1.8315e-02 -4.3315e-01 -6.0023e-01 -6.8289e-01 +4.2654e-01
214 0 +4.564829437e+03 +4.073299437e+03 +4.073299437e+03 +1.9468e-02 -3.9787e-01 -6.1242e-01 -6.4772e-01 +3.7085e-01
225 0 +4.453485191e+03 +3.961955191e+03 +3.961955191e+03 +1.7293e-02 -3.9715e-01 -6.5201e-01 -6.9980e-01 +3.9293e-01
245 0 +4.317876969e+03 +3.826346969e+03 +3.826346969e+03 +3.6289e-02 -3.5613e-01 -6.5772e-01 -6.5003e-01 +3.7681e-01
246 0 +4.250601726e+03 +3.759071726e+03 +3.759071726e+03 +3.6797e-02 -3.7268e-01 -6.9027e-01 -6.3316e-01 +3.8027e-01
250 0 +4.160373747e+03 +3.668843747e+03 +3.668843747e+03 +4.5856e-02 -3.2046e-01 -7.0007e-01 -6.4942e-01 +3.6561e-01
269 0 +4.040580683e+03 +3.549050683e+03 +3.549050683e+03 +5.7223e-02 -2.9352e-01 -7.0281e-01 -5.9731e-01 +3.4157e-01
294 0 +3.930299072e+03 +3.438769072e+03 +3.438769072e+03 +6.8478e-02 -2.9385e-01 -7.5738e-01 -5.8109e-01 +3.3533e-01
300 0 +3.806468348e+03 +3.314938348e+03 +3.314938348e+03 +7.1205e-02 -2.6389e-01 -7.8366e-01 -5.7588e-01 +3.3395e-01
306 0 +3.697887872e+03 +3.206357872e+03 +3.206357872e+03 +8.3399e-02 -2.2608e-01 -8.0486e-01 -5.6308e-01 +3.1378e-01
319 0 +3.574098750e+03 +3.082568750e+03 +3.082568750e+03 +8.4500e-02 -2.0751e-01 -8.1428e-01 -5.2870e-01 +2.8409e-01
327 0 +3.488092453e+03 +2.996562453e+03 +2.996562453e+03 +1.1050e-01 -1.7680e-01 -8.4516e-01 -4.9366e-01 +2.7968e-01
331 0 +3.405360618e+03 +2.913830618e+03 +2.913830618e+03 +1.1664e-01 -1.7192e-01 -8.8764e-01 -4.6335e-01 +2.4066e-01
333 0 +3.344430924e+03 +2.852900924e+03 +2.852900924e+03 +1.0708e-01 -1.4562e-01 -8.6477e-01 -4.9876e-01 +2.5343e-01
334 0 +3.162102266e+03 +2.670572266e+03 +2.670572266e+03 +1.1435e-01 -1.1869e-01 -8.9635e-01 -4.6538e-01 +2.0910e-01
338 0 +2.445431041e+03 +1.953901041e+03 +1.953901041e+03 +1.6642e-01 +5.5769e-03 -1.0290e+00 -3.1898e-01 +1.1884e-01
346 0 +2.260770016e+03 +1.769240016e+03 +1.769240016e+03 +1.8576e-01 +1.7418e-01 -1.0826e+00 -1.8692e-01 +1.5254e-02
365 0 +2.077899810e+03 +1.586369810e+03 +1.586369810e+03 +1.8352e-01 +1.0281e-01 -1.0842e+00 -2.7412e-01 +8.9007e-02
377 0 +1.867760083e+03 +1.376230083e+03 +1.376230083e+03 +2.4742e-01 +3.8744e-01 -1.2959e+00 -1.3863e-01 -3.2882e-02
379 0 +8.237107018e+02 +3.321807018e+02 +3.321807018e+02 +2.8805e-01 +3.8419e-01 -1.2638e+00 -5.4992e-02 -8.1274e-02
390 0 +4.419914241e+02 -4.953857592e+01 -4.953857592e+01 +4.2478e-01 +7.8366e-01 -1.5708e+00 +3.3021e-01 -3.9802e-01
394 0 +1.082057434e+02 -3.833242566e+02 -3.833242566e+02 +5.3800e-01 +1.0549e+00 -1.7347e+00 +5.9196e-01 -4.3993e-01
452 0 +8.676805455e+01 -4.047619455e+02 -4.047619455e+02 +4.6150e-01 +9.5068e-01 -1.7115e+00 +4.4873e-01 -4.7137e-01
473 0 +7.363927324e+01 -4.178907268e+02 -4.178907268e+02 +4.6262e-01 +9.6379e-01 -1.7051e+00 +4.4041e-01 -4.7784e-01
484 0 +6.664311120e+01 -4.248868888e+02 -4.248868888e+02 +4.3916e-01 +8.9401e-01 -1.6243e+00 +3.6287e-01 -4.1088e-01
489 0 +5.624004218e+01 -4.352899578e+02 -4.352899578e+02 +4.8969e-01 +1.0551e+00 -1.7651e+00 +4.5614e-01 -5.0421e-01
491 0 +3.657939455e+01 -4.549506055e+02 -4.549506055e+02 +4.8281e-01 +1.0240e+00 -1.7141e+00 +4.5340e-01 -4.8968e-01
504 0 +3.657939455e+01 -4.549506055e+02 -4.549506055e+02 +4.8281e-01 +1.0240e+00 -1.7141e+00 +4.5340e-01 -4.8968e-01
% f evaluations | g evaluations | best noise-free fitness - Fopt (-1.702000000000e+02) + sum g_i+ | measured fitness | best measured fitness or single-digit g-values | x1 | x2...
1 0 +1.591770399e+07 +1.591753379e+07 +1.591753379e+07 -1.1083e-01 +6.4742e-02 +1.8630e-01 +2.9345e-01 +8.1976e-02
6 0 +1.343069796e+07 +1.343052776e+07 +1.343052776e+07 -1.7021e-01 +3.0292e-01 -4.0308e-01 +3.7600e-01 -4.9810e-02
10 0 +1.243483635e+07 +1.243466615e+07 +1.243466615e+07 -2.6189e-01 +6.1410e-01 -6.3746e-02 +6.5457e-01 +1.7787e-01
13 0 +1.181306800e+07 +1.181289780e+07 +1.181289780e+07 -6.3353e-01 +6.2063e-01 -6.9679e-02 +1.1072e+00 -2.6225e-01
14 0 +1.040261666e+07 +1.040244646e+07 +1.040244646e+07 -1.6953e-01 +2.2610e-01 -6.6529e-01 +6.9605e-01 +4.5138e-02
17 0 +7.360432073e+06 +7.360261873e+06 +7.360261873e+06 -4.6864e-01 +1.0112e+00 -5.2157e-01 +1.3550e+00 +2.2536e-01
25 0 +4.537435425e+06 +4.537265225e+06 +4.537265225e+06 +3.6486e-02 +1.3311e+00 -9.6222e-01 +1.7273e+00 +4.3883e-01
34 0 +3.325529644e+06 +3.325359444e+06 +3.325359444e+06 -9.8213e-01 +2.0678e+00 -4.9720e-01 +2.8911e+00 +2.6772e-01
36 0 +1.122204514e+05 +1.120502514e+05 +1.120502514e+05 -9.5422e-01 +3.1063e+00 -1.8962e+00 +3.8133e+00 +9.6191e-01
45 0 +2.359995130e+04 +2.342975130e+04 +2.342975130e+04 -1.9622e+00 +1.6599e+00 -1.6966e+00 +4.2494e+00 +1.0712e+00
143 0 +2.194169793e+04 +2.177149793e+04 +2.177149793e+04 +3.1348e-01 -4.3097e-01 +3.1894e-01 +5.1769e+00 +1.0404e+00
151 0 +1.355154328e+04 +1.338134328e+04 +1.338134328e+04 -5.0169e-02 +2.0753e-01 -7.6035e-02 +5.2739e+00 +7.0067e-01
169 0 +5.422661352e+03 +5.252461352e+03 +5.252461352e+03 +3.2374e-01 +5.6388e-01 +6.7539e-01 +5.4409e+00 +1.2103e+00
177 0 +1.738140044e+03 +1.567940044e+03 +1.567940044e+03 -4.3304e-01 +6.0589e-01 +3.4754e-01 +5.3295e+00 +1.1868e+00
233 0 +1.372175717e+03 +1.201975717e+03 +1.201975717e+03 -3.6440e-01 +4.0697e-01 +4.6554e-01 +5.6638e+00 +8.4097e-01
238 0 +8.003425805e+02 +6.301425805e+02 +6.301425805e+02 -2.6231e-01 +2.4456e-01 +4.5097e-01 +5.5643e+00 +8.9476e-01
276 0 +7.869242493e+02 +6.167242493e+02 +6.167242493e+02 -3.8946e-01 +3.4876e-01 +4.3600e-01 +5.5719e+00 +9.0775e-01
302 0 +7.527048722e+02 +5.825048722e+02 +5.825048722e+02 -3.5387e-01 +3.2401e-01 +4.0578e-01 +5.5463e+00 +9.2159e-01
309 0 +6.737887738e+02 +5.035887738e+02 +5.035887738e+02 -3.5154e-01 +3.2242e-01 +4.4134e-01 +5.5802e+00 +9.0853e-01
322 0 +6.525349489e+02 +4.823349489e+02 +4.823349489e+02 -3.6905e-01 +3.1174e-01 +4.5433e-01 +5.5922e+00 +9.1203e-01
343 0 +6.294644165e+02 +4.592644165e+02 +4.592644165e+02 -3.5542e-01 +2.9972e-01 +4.4715e-01 +5.5777e+00 +9.2612e-01
369 0 +6.153604624e+02 +4.451604624e+02 +4.451604624e+02 -3.5178e-01 +2.9281e-01 +4.5386e-01 +5.5810e+00 +9.2492e-01
393 0 +6.007337686e+02 +4.305337686e+02 +4.305337686e+02 -3.4864e-01 +2.8333e-01 +4.5178e-01 +5.5799e+00 +9.2400e-01
451 0 +5.887456049e+02 +4.185456049e+02 +4.185456049e+02 -3.4627e-01 +2.7730e-01 +4.5472e-01 +5.5840e+00 +9.2206e-01
504 0 +5.785423582e+02 +4.083423582e+02 +4.083423582e+02 -3.4148e-01 +2.7043e-01 +4.5569e-01 +5.5842e+00 +9.2164e-01
% f evaluations | g evaluations | best noise-free fitness - Fopt (-4.697500000000e+02) + sum g_i+ | measured fitness | best measured fitness or single-digit g-values | x1 | x2...
1 0 +1.438632895e+07 +1.438585920e+07 +1.438585920e+07 -1.5186e-01 +3.2423e-01 -2.0157e-01 +2.2319e-01 +4.2355e-01
2 0 +1.241255088e+07 +1.241208113e+07 +1.241208113e+07 -1.9434e-02 -1.0693e-01 +7.1844e-02 +6.6535e-03 +1.7791e-02
7 0 +1.202221193e+07 +1.202174218e+07 +1.202174218e+07 +1.9426e-01 -4.9589e-02 -2.9513e-02 +4.7382e-02 -9.7896e-03
9 0 +1.166528749e+07 +1.166481774e+07 +1.166481774e+07 -7.2878e-02 -5.5159e-01 +1.5533e-01 -2.9210e-01 +4.3817e-02
10 0 +1.094525047e+07 +1.094478072e+07 +1.094478072e+07 +3.5934e-01 -1.5572e-01 -4.0908e-02 -4.8936e-02 +1.4700e-01
11 0 +1.043689241e+07 +1.043642266e+07 +1.043642266e+07 +3.0958e-01 -4.1046e-01 -5.4778e-02 -8.5295e-02 +3.3159e-01
16 0 +9.430848261e+06 +9.430378511e+06 +9.430378511e+06 +5.1851e-01 -6.4243e-01 -7.1878e-02 +3.8358e-01 -2.4374e-01
17 0 +8.343253213e+06 +8.342783463e+06 +8.342783463e+06 +6.4406e-01 -1.1563e+00 -3.9911e-02 +2.0385e-01 -4.3760e-01
33 0 +7.281689670e+06 +7.281219920e+06 +7.281219920e+06 +8.4731e-01 -1.2702e+00 -9.0297e-02 -1.5798e-01 +1.0793e-01
41 0 +7.162249568e+06 +7.161779818e+06 +7.161779818e+06 +7.5558e-01 -8.4385e-01 -1.9182e-02 +4.0593e-01 +3.0094e-01
42 0 +5.641484627e+06 +5.641014877e+06 +5.641014877e+06 +9.6536e-01 -1.0440e+00 +3.5407e-01 +5.0215e-01 -2.8320e-01
49 0 +5.314551721e+06 +5.314081971e+06 +5.314081971e+06 +1.0053e+00 -7.7723e-01 +7.7492e-01 +1.6383e-01 -6.4020e-01
52 0 +5.006969855e+06 +5.006500105e+06 +5.006500105e+06 +1.0227e+00 -4.7312e-02 +8.1351e-01 +1.0054e+00 -2.2885e-01
54 0 +4.568438118e+06 +4.567968368e+06 +4.567968368e+06 +7.3535e-01 -1.5287e+00 +7.4113e-01 +3.1861e-01 +3.8450e-02
57 0 +2.258182881e+06 +2.257713131e+06 +2.257713131e+06 +1.4605e+00 -1.2957e+00 +1.3305e+00 +4.7387e-01 -6.4238e-02
62 0 +4.305429293e+05 +4.300731793e+05 +4.300731793e+05 +1.8881e+00 -1.5427e+00 +1.8162e+00 +3.4412e-01 +1.0007e-01
66 0 +3.057404397e+05 +3.052706897e+05 +3.052706897e+05 +1.4770e+00 -2.3207e+00 +2.0850e+00 +2.1414e-01 +1.6382e-01
72 0 +7.600998192e+04 +7.554023192e+04 +7.554023192e+04 +2.3961e+00 -1.9805e+00 +2.2093e+00 +8.4684e-01 +2.2767e-01
77 0 +6.041577086e+04 +5.994602086e+04 +5.994602086e+04 +1.6418e+00 -3.6337e+00 +2.5920e+00 -4.6389e-01 +5.3720e-01
79 0 +4.004611465e+04 +3.957636465e+04 +3.957636465e+04 +1.7698e+00 -1.7399e+00 +2.6497e+00 +1.5030e+00 -3.0170e-01
131 0 +2.990960306e+04 +2.943985306e+04 +2.943985306e+04 +5.4721e-01 -3.7521e+00 +2.8097e+00 -1.0250e+00 +1.6893e+00
134 0 +1.398189568e+04 +1.351214568e+04 +1.351214568e+04 +9.0699e-01 -2.8407e+00 +2.9760e+00 -1.5000e-01 +1.4242e+00
151 0 +3.900961300e+03 +3.431211300e+03 +3.431211300e+03 +6.7586e-01 -2.9258e+00 +3.2257e+00 -8.5445e-03 +8.9212e-01
212 0 +2.962022141e+03 +2.492272141e+03 +2.492272141e+03 +2.5193e-01 -3.1411e+00 +3.4638e+00 -3.5751e-01 +1.4839e+00
222 0 +2.375034480e+03 +1.905284480e+03 +1.905284480e+03 +1.1919e-01 -3.2421e+00 +3.5060e+00 -2.4476e-01 +1.4501e+00
271 0 +2.212694221e+03 +1.742944221e+03 +1.742944221e+03 +1.3287e-02 -3.2684e+00 +3.5719e+00 -3.0892e-01 +1.5423e+00
390 0 +2.186529333e+03 +1.716779333e+03 +1.716779333e+03 +5.2016e-02 -3.1882e+00 +3.5800e+00 -2.8563e-01 +1.4982e+00
504 0 +2.167739977e+03 +1.697989977e+03 +1.697989977e+03 +3.8600e-02 -3.1838e+00 +3.5920e+00 -2.7830e-01 +1.4998e+00
% f evaluations | g evaluations | best noise-free fitness - Fopt (-5.191000000000e+01) + sum g_i+ | measured fitness | best measured fitness or single-digit g-values | x1 | x2...
1 0 +1.811761147e+06 +1.811709237e+06 +1.811709237e+06 -5.5457e-02 +3.7220e-01 -1.2675e-01 -6.1272e-02 +3.0218e-01
2 0 +1.663941240e+06 +1.663889330e+06 +1.663889330e+06 +9.4621e-02 -1.2375e-01 -4.7502e-02 -2.2444e-01 +9.6670e-02
3 0 +6.171169109e+05 +6.170650009e+05 +6.170650009e+05 -6.0440e-01 -1.7974e-01 -5.5658e-01 +2.1992e-01 +8.5303e-02
19 0 +5.892804578e+05 +5.892285478e+05 +5.892285478e+05 -3.2194e-01 -1.8871e-01 -4.3944e-01 -3.5241e-01 -3.4780e-01
20 0 +1.617903808e+05 +1.617384708e+05 +1.617384708e+05 +1.8475e-01 -3.9600e-02 -7.1437e-01 +2.3026e-01 -5.0958e-01
25 0 +7.688164233e+04 +7.682973233e+04 +7.682973233e+04 +2.5047e-01 +3.8809e-02 -8.2725e-01 +1.0116e-01 -6.5694e-01
28 0 +5.664208399e+04 +5.659017399e+04 +5.659017399e+04 +2.8635e-01 -3.1016e-03 -9.9485e-01 +3.4107e-01 -4.9089e-01
34 0 +2.445059428e+04 +2.439868428e+04 +2.439868428e+04 +6.1117e-01 +5.0406e-01 -1.1017e+00 +1.0034e-01 -8.4269e-01
51 0 +1.182860569e+04 +1.177669569e+04 +1.177669569e+04 +4.5323e-01 +5.1005e-01 -1.0604e+00 -5.9865e-01 -7.0317e-01
68 0 +1.139210502e+04 +1.134019502e+04 +1.134019502e+04 +6.5832e-01 +1.3167e-01 -8.5403e-01 -4.9386e-01 -1.3213e+00
78 0 +3.002581434e+03 +2.950671434e+03 +2.950671434e+03 +1.0913e+00 +5.0876e-01 -6.0663e-01 -5.3155e-01 -2.0639e+00
469 0 +2.916651207e+03 +2.864741207e+03 +2.864741207e+03 +1.1993e+00 +4.4010e-01 -5.5246e-01 -1.7433e-01 -2.0185e+00
478 0 +2.879627927e+03 +2.827717927e+03 +2.827717927e+03 +1.2136e+00 +4.3986e-01 -5.4828e-01 -1.8233e-01 -2.0306e+00
504 0 +2.833369881e+03 +2.781459881e+03 +2.781459881e+03 +1.2039e+00 +4.5795e-01 -5.5529e-01 -1.7306e-01 -2.0293e+00
% f evaluations | g evaluations | best noise-free fitness - Fopt (4.808000000000e+01) + sum g_i+ | measured fitness | best measured fitness or single-digit g-values | x1 | x2...
1 0 +3.546642481e+06 +3.546690561e+06 +3.546690561e+06 -4.1141e-02 -5.0241e-01 +3.1147e-01 -2.6964e-02 +2.9538e-02
2 0 +2.679948995e+06 +2.679997075e+06 +2.679997075e+06 -3.9018e-01 -1.3597e-01 +3.6440e-01 -4.0060e-01 +7.6438e-02
3 0 +2.492353599e+06 +2.492401679e+06 +2.492401679e+06 +2.0540e-01 -5.1334e-02 -1.3563e-01 -2.3805e-01 -4.0144e-01
4 0 +2.182324598e+06 +2.182372678e+06 +2.182372678e+06 -1.0022e-01 -2.2432e-01 -2.0547e-01 +8.2246e-02 -2.0904e-01
6 0 +2.032630510e+06 +2.032678590e+06 +2.032678590e+06 -3.2486e-01 +1.7824e-01 -2.3991e-01 -9.0863e-02 +3.4152e-01
11 0 +6.812329834e+05 +6.812810634e+05 +6.812810634e+05 -6.2459e-01 +3.2245e-01 -5.8040e-01 -1.0063e-01 -2.8425e-01
20 0 +1.770611224e+05 +1.771092024e+05 +1.771092024e+05 -1.3177e+00 +3.7732e-01 -8.6122e-01 -6.3537e-02 -4.4321e-01
41 0 +6.965090711e+04 +6.969898711e+04 +6.969898711e+04 -1.4077e+00 +1.4599e+00 -1.2130e+00 -3.8142e-01 +3.6594e-01
56 0 +4.825027962e+04 +4.829835962e+04 +4.829835962e+04 -1.3727e+00 +1.6443e+00 -8.9431e-01 -8.3395e-01 +5.7321e-01
62 0 +4.482209963e+04 +4.487017963e+04 +4.487017963e+04 -1.0750e+00 +1.1515e+00 -1.2341e+00 -8.0488e-01 +1.3630e-01
83 0 +4.462987726e+04 +4.467795726e+04 +4.467795726e+04 -1.2224e+00 +1.8653e+00 -1.2787e+00 -1.0921e+00 +3.9891e-01
91 0 +3.294749043e+04 +3.299557043e+04 +3.299557043e+04 -1.5744e+00 +1.8047e+00 -9.4802e-01 -1.4792e+00 +7.2747e-01
108 0 +3.092683491e+04 +3.097491491e+04 +3.097491491e+04 -1.1934e+00 +1.6809e+00 -1.1305e+00 -8.8027e-01 +6.4032e-01
176 0 +2.827626041e+04 +2.832434041e+04 +2.832434041e+04 -1.1117e+00 +1.6773e+00 -1.2269e+00 -1.0613e+00 +6.0196e-01
180 0 +2.649770296e+04 +2.654578296e+04 +2.654578296e+04 -1.0632e+00 +1.5831e+00 -1.2682e+00 -1.1551e+00 +6.7747e-01
242 0 +2.572728624e+04 +2.577536624e+04 +2.577536624e+04 -1.0914e+00 +1.5704e+00 -1.2771e+00 -1.1241e+00 +7.4273e-01
253 0 +2.564769187e+04 +2.569577187e+04 +2.569577187e+04 -1.0675e+00 +1.5266e+00 -1.2698e+00 -1.1489e+00 +7.5308e-01
268 0 +2.511324611e+04 +2.516132611e+04 +2.516132611e+04 -1.1089e+00 +1.5109e+00 -1.2680e+00 -1.1765e+00 +7.9809e-01
273 0 +2.413489909e+04 +2.418297909e+04 +2.418297909e+04 -1.0928e+00 +1.4145e+00 -1.2857e+00 -1.2266e+00 +8.5166e-01
282 0 +2.361850088e+04 +2.366658088e+04 +2.366658088e+04 -1.0865e+00 +1.3418e+00 -1.2831e+00 -1.2473e+00 +8.7895e-01
291 0 +2.233111885e+04 +2.237919885e+04 +2.237919885e+04 -1.0579e+00 +1.2162e+00 -1.3203e+00 -1.2579e+00 +9.4150e-01
305 0 +2.073915593e+04 +2.078723593e+04 +2.078723593e+04 -1.0726e+00 +1.0296e+00 -1.3337e+00 -1.3734e+00 +1.0858e+00
307 0 +2.037491944e+04 +2.042299944e+04 +2.042299944e+04 -1.0569e+00 +9.8529e-01 -1.3597e+00 -1.3439e+00 +1.1049e+00
325 0 +1.659394504e+04 +1.664202504e+04 +1.664202504e+04 -1.0667e+00 +5.2981e-01 -1.3710e+00 -1.5370e+00 +1.3999e+00
360 0 +1.430691791e+04 +1.435499791e+04 +1.435499791e+04 -1.0477e+00 +3.2347e-01 -1.4151e+00 -1.4402e+00 +1.4835e+00
361 0 +1.302644435e+04 +1.307452435e+04 +1.307452435e+04 -1.0500e+00 +1.5738e-01 -1.4298e+00 -1.5155e+00 +1.5911e+00
362 0 +1.287488664e+04 +1.292296664e+04 +1.292296664e+04 -1.0515e+00 -1.8622e-02 -1.4648e+00 -1.4819e+00 +1.6098e+00
363 0 +1.125004255e+04 +1.129812255e+04 +1.129812255e+04 -1.0138e+00 -2.1258e-01 -1.4169e+00 -1.6042e+00 +1.7150e+00
373 0 +1.108256646e+04 +1.113064646e+04 +1.113064646e+04 -1.0215e+00 -1.6322e-01 -1.4861e+00 -1.6104e+00 +1.7889e+00
375 0 +1.065607656e+04 +1.070415656e+04 +1.070415656e+04 -1.0089e+00 -2.4552e-01 -1.5030e+00 -1.5942e+00 +1.7495e+00
377 0 +9.385740860e+03 +9.433820860e+03 +9.433820860e+03 -1.0010e+00 -5.0372e-01 -1.5264e+00 -1.6032e+00 +1.8602e+00
386 0 +8.585152039e+03 +8.633232039e+03 +8.633232039e+03 -9.7096e-01 -8.9465e-01 -1.4964e+00 -1.5718e+00 +1.9396e+00
387 0 +6.642963368e+03 +6.691043368e+03 +6.691043368e+03 -9.6127e-01 -1.0284e+00 -1.5699e+00 -1.6894e+00 +2.1247e+00
395 0 +5.088066436e+03 +5.136146436e+03 +5.136146436e+03 -8.6965e-01 -1.6589e+00 -1.6105e+00 -1.7393e+00 +2.3574e+00
411 0 +3.380841428e+03 +3.428921428e+03 +3.428921428e+03 -9.0815e-01 -2.0918e+00 -1.7029e+00 -1.7405e+00 +2.5229e+00
423 0 +1.250858252e+03 +1.298938252e+03 +1.298938252e+03 -8.6763e-01 -2.3655e+00 -1.7184e+00 -1.7519e+00 +2.7205e+00
441 0 +1.135539081e+03 +1.183619081e+03 +1.183619081e+03 -8.5397e-01 -2.9369e+00 -1.7675e+00 -1.9844e+00 +2.8549e+00
444 0 +6.220276805e+02 +6.701076805e+02 +6.701076805e+02 -8.9095e-01 -2.7341e+00 -1.7190e+00 -2.0135e+00 +2.9520e+00
460 0 +3.703232835e+02 +4.184032835e+02 +4.184032835e+02 -9.2053e-01 -3.6967e+00 -1.7509e+00 -2.2326e+00 +3.4130e+00
466 0 +9.612342663e+01 +1.442034266e+02 +1.442034266e+02 -9.0523e-01 -3.3178e+00 -1.7447e+00 -2.2254e+00 +3.1865e+00
504 0 +9.612342663e+01 +1.442034266e+02 +1.442034266e+02 -9.0523e-01 -3.3178e+00 -1.7447e+00 -2.2254e+00 +3.1865e+00
% f evaluations | g evaluations | best noise-free fitness - Fopt (3.058000000000e+01) + sum g_i+ | measured fitness | best measured fitness or single-digit g-values | x1 | x2...
1 0 +4.662066694e+06 +4.662097274e+06 +4.662097274e+06 -1.0208e-01 +5.7731e-02 +1.6202e-01 +2.3313e-01 -4.5032e-02
2 0 +4.152520217e+06 +4.152550797e+06 +4.152550797e+06 -5.3407e-01 +5.7214e-02 -2.2055e-01 -1.7402e-01 +4.2975e-01
5 0 +3.712769521e+06 +3.712800101e+06 +3.712800101e+06 -3.1083e-01 -1.8437e-01 +8.8831e-02 -2.8707e-01 +1.8472e-01
6 0 +3.401528528e+06 +3.401559108e+06 +3.401559108e+06 -2.9807e-01 -2.0773e-01 +2.2926e-01 +3.4566e-01 +5.9957e-01
10 0 +3.267108779e+06 +3.267139359e+06 +3.267139359e+06 -1.4366e-01 -2.9054e-01 +5.0286e-01 +2.2175e-01 +2.7056e-01
11 0 +2.029500541e+06 +2.029531121e+06 +2.029531121e+06 -3.3096e-01 -6.2895e-01 +5.7807e-01 +1.2338e-01 +3.1410e-01
17 0 +4.207272420e+05 +4.207578220e+05 +4.207578220e+05 -5.8014e-01 -1.2049e+00 +8.4651e-01 +5.5506e-02 +7.5080e-01
25 0 +2.662322930e+05 +2.662628730e+05 +2.662628730e+05 -7.1619e-01 -1.3685e+00 +6.1341e-01 -2.0411e-01 +1.1316e+00
26 0 +2.264455260e+05 +2.264761060e+05 +2.264761060e+05 -7.3184e-01 -1.7026e+00 +5.3671e-01 +5.9511e-01 +9.6574e-01
41 0 +1.347713326e+05 +1.348019126e+05 +1.348019126e+05 -1.4314e+00 -8.9629e-01 +8.4266e-01 +4.3882e-01 +1.3936e+00
72 0 +1.294893698e+05 +1.295199498e+05 +1.295199498e+05 -1.3975e+00 -7.7083e-01 +1.7610e+00 +1.0047e+00 +6.5453e-01
74 0 +1.157414455e+05 +1.157720255e+05 +1.157720255e+05 -1.7698e+00 -1.2941e+00 +7.7561e-01 +5.6440e-01 +1.1516e+00
77 0 +1.051363099e+05 +1.051668899e+05 +1.051668899e+05 -1.4992e+00 -9.5179e-01 +1.3243e+00 -8.4781e-02 +9.2992e-01
82 0 +9.283103867e+04 +9.286161867e+04 +9.286161867e+04 -1.7038e+00 -6.9963e-01 +1.9016e+00 +5.5662e-01 +1.0794e+00
84 0 +7.305213772e+04 +7.308271772e+04 +7.308271772e+04 -2.1678e+00 -8.3591e-01 +1.0640e+00 +2.8545e-01 +1.6959e+00
85 0 +6.955074385e+04 +6.958132385e+04 +6.958132385e+04 -1.6084e+00 -8.2929e-01 +1.5723e+00 +3.1349e-01 +1.7411e+00
89 0 +6.437231481e+04 +6.440289481e+04 +6.440289481e+04 -2.2480e+00 -2.0963e-01 +6.0401e-01 -4.9501e-01 +2.1478e+00
91 0 +1.735527034e+04 +1.738585034e+04 +1.738585034e+04 -2.4274e+00 -6.6989e-01 +6.7314e-01 +1.2250e-01 +1.7460e+00
104 0 +1.296513685e+03 +1.327093685e+03 +1.327093685e+03 -2.5197e+00 -2.6341e-01 +9.4693e-01 +2.8887e-01 +2.1259e+00
181 0 +1.014408283e+03 +1.044988283e+03 +1.044988283e+03 -2.4213e+00 -2.2875e-01 +1.0179e+00 +2.2425e-01 +2.2816e+00
260 0 +9.936314957e+02 +1.024211496e+03 +1.024211496e+03 -2.3440e+00 -2.9705e-01 +9.5765e-01 +2.2635e-01 +2.3599e+00
504 0 +9.856197670e+02 +1.016199767e+03 +1.016199767e+03 -2.3427e+00 -3.0153e-01 +9.4415e-01 +2.0171e-01 +2.3655e+00
% f evaluations | g evaluations | best noise-free fitness - Fopt (1.000000000000e+03) + sum g_i+ | measured fitness | best measured fitness or single-digit g-values | x1 | x2...
1 0 +2.231986764e+06 +2.232986764e+06 +2.232986764e+06 -5.5515e-01 -2.5324e-01 +2.4546e-01 +2.1439e-01 -3.0230e-01
2 0 +2.177318924e+06 +2.178318924e+06 +2.178318924e+06 -1.3062e-01 +2.1610e-02 +2.1616e-01 +1.8582e-01 -2.1965e-01
4 0 +1.475951366e+06 +1.476951366e+06 +1.476951366e+06 -2.9619e-01 +7.5169e-02 +1.3271e-01 -4.4904e-01 +1.8057e-01
5 0 +6.310563393e+05 +6.320563393e+05 +6.320563393e+05 +8.1273e-02 -4.2818e-02 +3.0172e-01 -8.2604e-01 +9.1299e-02
15 0 +6.043898761e+05 +6.053898761e+05 +6.053898761e+05 +1.2134e-01 +2.9634e-01 +2.7081e-01 -9.8064e-01 +1.5813e-01
17 0 +1.095150028e+05 +1.105150028e+05 +1.105150028e+05 +1.0460e-01 -4.5960e-01 +1.8779e-01 -1.3618e+00 -2.0872e-02
27 0 +9.409123811e+04 +9.509123811e+04 +9.509123811e+04 +4.4715e-02 -3.4571e-01 +2.3681e-01 -1.5976e+00 +6.5393e-01
32 0 +6.445102369e+04 +6.545102369e+04 +6.545102369e+04 +8.7866e-01 -6.1711e-01 -1.2432e-02 -1.2167e+00 -7.9679e-02
36 0 +5.051483938e+04 +5.151483938e+04 +5.151483938e+04 +3.3705e-01 -1.2175e+00 +3.9796e-01 -1.8130e+00 -5.7913e-01
42 0 +9.163825528e+03 +1.016382553e+04 +1.016382553e+04 +1.1467e-01 -9.7425e-01 -3.3541e-02 -1.2614e+00 -8.9665e-01
92 0 +2.268158205e+03 +3.268158205e+03 +3.268158205e+03 -1.3020e+00 -1.6141e+00 +3.5665e-02 -1.4912e+00 +3.9470e-02
157 0 +2.195699020e+03 +3.195699020e+03 +3.195699020e+03 -8.9230e-01 -1.2631e+00 -3.4083e-01 -1.2450e+00 -5.4191e-01
170 0 +2.049094907e+03 +3.049094907e+03 +3.049094907e+03 -9.9333e-01 -1.2119e+00 -6.0425e-02 -1.5288e+00 -3.1139e-01
187 0 +2.034606063e+03 +3.034606063e+03 +3.034606063e+03 -1.0349e+00 -1.2757e+00 -4.8738e-02 -1.5339e+00 -4.2290e-01
203 0 +1.900473740e+03 +2.900473740e+03 +2.900473740e+03 -1.0354e+00 -1.2568e+00 -5.9394e-02 -1.5277e+00 -3.6249e-01
226 0 +1.861225656e+03 +2.861225656e+03 +2.861225656e+03 -1.0342e+00 -1.1836e+00 -1.4272e-01 -1.4898e+00 -4.2877e-01
319 0 +1.819478504e+03 +2.819478504e+03 +2.819478504e+03 -1.0390e+00 -1.1505e+00 -1.9228e-01 -1.4536e+00 -4.4686e-01
353 0 +1.775122333e+03 +2.775122333e+03 +2.775122333e+03 -1.0466e+00 -1.1085e+00 -2.6292e-01 -1.4166e+00 -4.8353e-01
391 0 +1.734906161e+03 +2.734906161e+03 +2.734906161e+03 -1.0457e+00 -1.0337e+00 -3.6776e-01 -1.3642e+00 -5.2183e-01
404 0 +1.690698251e+03 +2.690698251e+03 +2.690698251e+03 -1.0646e+00 -1.0087e+00 -4.2975e-01 -1.3218e+00 -5.3702e-01
412 0 +1.601715530e+03 +2.601715530e+03 +2.601715530e+03 -1.1014e+00 -9.2894e-01 -5.6099e-01 -1.2594e+00 -5.8883e-01
426 0 +1.580386909e+03 +2.580386909e+03 +2.580386909e+03 -1.0939e+00 -8.8905e-01 -6.5571e-01 -1.1967e+00 -6.6637e-01
436 0 +1.503010408e+03 +2.503010408e+03 +2.503010408e+03 -1.0995e+00 -7.3284e-01 -9.0678e-01 -1.0421e+00 -7.9497e-01
449 0 +1.442454432e+03 +2.442454432e+03 +2.442454432e+03 -1.0922e+00 -5.5242e-01 -1.1329e+00 -9.3259e-01 -8.9728e-01
494 0 +1.392143155e+03 +2.392143155e+03 +2.392143155e+03 -1.1354e+00 -5.9823e-01 -1.0164e+00 -1.0274e+00 -8.4997e-01
504 0 +1.392143155e+03 +2.392143155e+03 +2.392143155e+03 -1.1354e+00 -5.9823e-01 -1.0164e+00 -1.0274e+00 -8.4997e-01
% f evaluations | g evaluations | best noise-free fitness - Fopt (-4.236000000000e+01) + sum g_i+ | measured fitness | best measured fitness or single-digit g-values | x1 | x2...
1 0 +4.129369577e+04 +4.125133577e+04 +4.125133577e+04 -7.2029e-02 +4.4752e-01 +2.0712e-01 +2.4927e-02 -3.8777e-01
2 0 +9.249305665e+03 +9.206945665e+03 +9.206945665e+03 +4.7324e-01 -3.2119e-01 +5.0962e-01 +3.8705e-02 +4.5290e-01
32 0 +9.016909252e+03 +8.974549252e+03 +8.974549252e+03 +3.3847e-01 -3.7609e-01 +7.3701e-02 -1.4635e-01 +1.8141e-01
50 0 +8.647592369e+03 +8.605232369e+03 +8.605232369e+03 +4.8087e-01 -2.9745e-01 +2.3232e-01 -1.4068e-01 +6.2590e-01
59 0 +8.406009568e+03 +8.363649568e+03 +8.363649568e+03 +4.7119e-01 -3.3153e-01 +2.9153e-01 -2.3850e-01 +6.9014e-01
94 0 +7.923714624e+03 +7.881354624e+03 +7.881354624e+03 +4.6673e-01 -3.5218e-01 +1.8886e-01 -2.4227e-01 +6.2979e-01
133 0 +7.514731256e+03 +7.472371256e+03 +7.472371256e+03 +4.5764e-01 -4.0367e-01 +3.9803e-01 -2.5123e-01 +7.6803e-01
137 0 +6.894060172e+03 +6.851700172e+03 +6.851700172e+03 +4.1397e-01 -4.3032e-01 +3.7091e-01 -3.0722e-01 +8.0152e-01
153 0 +6.487827890e+03 +6.445467890e+03 +6.445467890e+03 +4.9218e-01 -4.1170e-01 +5.3583e-01 -1.5455e-01 +8.5366e-01
169 0 +6.243319366e+03 +6.200959366e+03 +6.200959366e+03 +4.6000e-01 -4.4058e-01 +5.2134e-01 -2.2451e-01 +8.5747e-01
181 0 +6.151004397e+03 +6.108644397e+03 +6.108644397e+03 +4.0772e-01 -4.1076e-01 +5.6534e-01 -2.1711e-01 +8.3858e-01
187 0 +5.903062047e+03 +5.860702047e+03 +5.860702047e+03 +3.9371e-01 -4.4486e-01 +4.6075e-01 -3.7795e-01 +9.8263e-01
188 0 +5.644334149e+03 +5.601974149e+03 +5.601974149e+03 +4.1504e-01 -4.7819e-01 +5.8605e-01 -2.6000e-01 +8.9451e-01
194 0 +5.215294408e+03 +5.172934408e+03 +5.172934408e+03 +4.4527e-01 -4.7053e-01 +5.9264e-01 -2.7637e-01 +9.9455e-01
205 0 +4.876579603e+03 +4.834219603e+03 +4.834219603e+03 +4.2753e-01 -4.9890e-01 +5.9555e-01 -3.1386e-01 +1.0814e+00
209 0 +3.930475022e+03 +3.888115022e+03 +3.888115022e+03 +4.5349e-01 -5.6855e-01 +6.9309e-01 -3.3550e-01 +1.1883e+00
230 0 +3.615781959e+03 +3.573421959e+03 +3.573421959e+03 +4.3374e-01 -6.1885e-01 +7.4713e-01 -3.9320e-01 +1.3200e+00
237 0 +3.479370696e+03 +3.437010696e+03 +3.437010696e+03 +4.3936e-01 -5.3720e-01 +7.1376e-01 -3.8497e-01 +1.2748e+00
240 0 +2.841698991e+03 +2.799338991e+03 +2.799338991e+03 +4.4127e-01 -6.0263e-01 +9.0252e-01 -4.8061e-01 +1.5748e+00
245 0 +2.315535314e+03 +2.273175314e+03 +2.273175314e+03 +4.2485e-01 -5.9438e-01 +9.3115e-01 -4.1782e-01 +1.5043e+00
258 0 +2.024108372e+03 +1.981748372e+03 +1.981748372e+03 +3.5581e-01 -6.3927e-01 +1.2145e+00 -4.5024e-01 +1.7507e+00
267 0 +1.696829414e+03 +1.654469414e+03 +1.654469414e+03 +3.8190e-01 -7.0555e-01 +1.2455e+00 -5.6059e-01 +1.9766e+00
277 0 +1.033103179e+03 +9.907431790e+02 +9.907431790e+02 +3.1935e-01 -7.4592e-01 +1.5058e+00 -6.1259e-01 +2.2172e+00
313 0 +7.851270182e+02 +7.427670182e+02 +7.427670182e+02 +3.8766e-01 -6.4553e-01 +1.4840e+00 -4.6317e-01 +2.0780e+00
317 0 +6.726807388e+02 +6.303207388e+02 +6.303207388e+02 +5.2026e-01 -7.7806e-01 +1.7500e+00 -4.3081e-01 +2.2985e+00
322 0 +3.290395570e+02 +2.866795570e+02 +2.866795570e+02 +4.4685e-01 -7.4858e-01 +1.7467e+00 -5.0821e-01 +2.3783e+00
323 0 +3.082517703e+02 +2.658917703e+02 +2.658917703e+02 +4.5120e-01 -7.0312e-01 +1.6597e+00 -5.8772e-01 +2.5025e+00
353 0 +6.829546286e+00 -3.553045371e+01 -3.553045371e+01 +5.1276e-01 -7.8796e-01 +2.1230e+00 -4.7985e-01 +2.7861e+00
403 0 +4.477890776e+00 -3.788210922e+01 -3.788210922e+01 +4.5944e-01 -7.7960e-01 +2.0573e+00 -5.0957e-01 +2.6999e+00
425 0 +3.504933033e+00 -3.885506697e+01 -3.885506697e+01 +4.4386e-01 -7.9670e-01 +2.1008e+00 -4.9603e-01 +2.6856e+00
457 0 +1.693897611e+00 -4.066610239e+01 -4.066610239e+01 +4.4592e-01 -7.9075e-01 +2.0844e+00 -5.0829e-01 +2.6974e+00
471 0 +1.622732971e+00 -4.073726703e+01 -4.073726703e+01 +4.4984e-01 -7.9133e-01 +2.0917e+00 -5.0887e-01 +2.7097e+00
472 0 +1.245732576e+00 -4.111426742e+01 -4.111426742e+01 +4.4890e-01 -7.9722e-01 +2.1123e+00 -5.1411e-01 +2.7352e+00
482 0 +1.119194082e+00 -4.124080592e+01 -4.124080592e+01 +4.4838e-01 -7.9209e-01 +2.1003e+00 -5.1181e-01 +2.7237e+00
484 0 +1.061990935e+00 -4.129800906e+01 -4.129800906e+01 +4.4413e-01 -7.9088e-01 +2.0943e+00 -5.1848e-01 +2.7263e+00
489 0 +1.024623305e+00 -4.133537669e+01 -4.133537669e+01 +4.4454e-01 -7.8996e-01 +2.0934e+00 -5.1708e-01 +2.7215e+00
492 0 +1.019628389e+00 -4.134037161e+01 -4.134037161e+01 +4.4231e-01 -7.8789e-01 +2.0866e+00 -5.2009e-01 +2.7207e+00
497 0 +9.200662189e-01 -4.143993378e+01 -4.143993378e+01 +4.4567e-01 -7.9015e-01 +2.0932e+00 -5.1582e-01 +2.7210e+00
501 0 +8.528276973e-01 -4.150717230e+01 -4.150717230e+01 +4.4553e-01 -7.9036e-01 +2.0923e+00 -5.1950e-01 +2.7286e+00
504 0 +8.528276973e-01 -4.150717230e+01 -4.150717230e+01 +4.4553e-01 -7.9036e-01 +2.0923e+00 -5.1950e-01 +2.7286e+00
% f evaluations | g evaluations | best noise-free fitness - Fopt (-7.187000000000e+01) + sum g_i+ | measured fitness | best measured fitness or single-digit g-values | x1 | x2...
1 0 +5.800311425e+05 +5.799592725e+05 +5.799592725e+05 +3.6275e-01 -2.3253e-02 +1.8284e-01 +3.6384e-01 -9.9551e-02
2 0 +3.438761717e+05 +3.438043017e+05 +3.438043017e+05 -2.9174e-01 +9.4572e-02 -1.8121e-01 +3.5015e-01 +4.6880e-02
3 0 +3.264226560e+05 +3.263507860e+05 +3.263507860e+05 -3.5554e-01 +8.7979e-02 -2.0428e-01 +3.4065e-01 +1.1420e-01
6 0 +2.715943568e+05 +2.715224868e+05 +2.715224868e+05 -4.3270e-01 -3.2179e-02 -1.8496e-01 -3.1592e-01 -1.4897e-01
12 0 +2.115000116e+05 +2.114281416e+05 +2.114281416e+05 -3.7758e-03 -5.5657e-02 -5.8217e-01 -8.0844e-02 -2.3348e-01
13 0 +1.766098652e+05 +1.765379952e+05 +1.765379952e+05 -2.3544e-01 -4.0754e-01 -9.3939e-01 -9.4947e-02 -3.8356e-01
23 0 +1.627431237e+05 +1.626712537e+05 +1.626712537e+05 -3.8254e-01 -6.4395e-01 -1.2129e+00 -6.9505e-02 -6.1945e-01
29 0 +1.319607522e+05 +1.318888822e+05 +1.318888822e+05 -3.0889e-01 -7.2248e-01 -1.5112e+00 -1.9063e-01 -6.1187e-01
54 0 +1.021056726e+05 +1.020338026e+05 +1.020338026e+05 -1.4486e-01 +1.8087e-01 -2.1459e+00 -2.0509e-01 -6.6381e-01
55 0 +3.253286390e+04 +3.246099390e+04 +3.246099390e+04 -7.2313e-01 -1.0967e+00 -2.7132e+00 -5.2729e-01 -1.5732e+00
83 0 +2.396691279e+04 +2.389504279e+04 +2.389504279e+04 -1.5234e+00 -1.1938e+00 -2.4902e+00 -1.1960e+00 -2.3080e+00
89 0 +1.155924107e+04 +1.148737107e+04 +1.148737107e+04 -3.0922e+00 -2.0702e+00 -2.7372e+00 -3.9652e-01 -2.3276e+00
93 0 +7.086866485e+03 +7.014996485e+03 +7.014996485e+03 -2.5803e+00 -2.5096e+00 -2.3986e+00 -1.0229e+00 -2.9110e+00
512 0 +7.086866485e+03 +7.014996485e+03 +7.014996485e+03 -2.5803e+00 -2.5096e+00 -2.3986e+00 -1.0229e+00 -2.9110e+00
% f evaluations | g evaluations | best noise-free fitness - Fopt (-1.650000000000e+01) + sum g_i+ | measured fitness | best measured fitness or single-digit g-values | x1 | x2...
1 0 +7.566595893e+06 +7.566579393e+06 +7.566579393e+06 -1.5017e-01 -3.3658e-01 -9.4111e-02 +2.9589e-01 -1.3228e-01
2 0 +6.214131748e+06 +6.214115248e+06 +6.214115248e+06 -2.1509e-01 +2.6006e-01 +2.3480e-01 +1.1748e-01 +3.2492e-02
3 0 +4.201799884e+06 +4.201783384e+06 +4.201783384e+06 +8.1267e-01 +1.1387e-01 +6.9541e-02 +3.4523e-01 -2.4017e-01
17 0 +2.622517136e+06 +2.622500636e+06 +2.622500636e+06 +1.2376e+00 +3.6880e-01 +2.6171e-01 +4.8128e-01 -6.3715e-01
20 0 +2.086445865e+06 +2.086429365e+06 +2.086429365e+06 +9.5986e-01 +7.8720e-01 -1.0816e-01 +1.1292e+00 -5.6504e-01
25 0 +1.233718904e+06 +1.233702404e+06 +1.233702404e+06 +1.9557e+00 +1.6227e+00 -5.5353e-01 +1.4187e+00 -6.2722e-01
27 0 +1.047815252e+06 +1.047798752e+06 +1.047798752e+06 +1.6820e+00 +8.0968e-01 +5.0311e-01 +1.7848e+00 -1.1996e+00
67 0 +9.266530779e+05 +9.266365779e+05 +9.266365779e+05 +1.5749e+00 +1.6392e+00 +1.1510e+00 +2.0003e+00 -1.0107e+00
69 0 +5.754014468e+05 +5.753849468e+05 +5.753849468e+05 +6.1935e-01 +2.0794e+00 +1.8867e+00 +2.1544e+00 -1.5063e+00
95 0 +3.907895244e+05 +3.907730244e+05 +3.907730244e+05 -3.7508e-01 +1.9509e+00 +3.5825e+00 +3.0570e+00 -1.8428e+00
103 0 +3.441120528e+05 +3.440955528e+05 +3.440955528e+05 -5.8993e-01 +1.7731e+00 +5.5595e+00 +4.2650e+00 -2.6799e+00
106 0 +3.135270958e+04 +3.133620958e+04 +3.133620958e+04 -1.9887e+00 +3.4247e+00 +7.3159e+00 +3.7150e+00 -3.6546e+00
277 0 +2.920771133e+04 +2.919121133e+04 +2.919121133e+04 -1.9484e-01 +1.6824e+00 +6.7733e+00 +4.1086e+00 -6.6370e+00
286 0 +2.800894388e+04 +2.799244388e+04 +2.799244388e+04 -2.9387e-01 +1.4754e+00 +7.1169e+00 +4.3794e+00 -6.8814e+00
289 0 +2.573856007e+04 +2.572206007e+04 +2.572206007e+04 -5.4322e-01 +1.6562e+00 +7.5106e+00 +4.5062e+00 -7.1316e+00
304 0 +2.456363934e+04 +2.454713934e+04 +2.454713934e+04 -3.3979e-01 +1.5724e+00 +7.4469e+00 +4.4521e+00 -7.2786e+00
318 0 +2.419795728e+04 +2.418145728e+04 +2.418145728e+04 -3.0037e-01 +1.5483e+00 +7.3697e+00 +4.3852e+00 -7.1706e+00
370 0 +2.397481925e+04 +2.395831925e+04 +2.395831925e+04 -2.5289e-01 +1.4631e+00 +7.4028e+00 +4.4452e+00 -7.3643e+00
425 0 +2.344153012e+04 +2.342503012e+04 +2.342503012e+04 -2.1792e-01 +1.4726e+00 +7.3406e+00 +4.3941e+00 -7.3538e+00
475 0 +2.288709585e+04 +2.287059585e+04 +2.287059585e+04 -1.6442e-01 +1.4687e+00 +7.2536e+00 +4.3096e+00 -7.3241e+00
497 0 +2.238041634e+04 +2.236391634e+04 +2.236391634e+04 -9.9006e-02 +1.4815e+00 +7.1521e+00 +4.2213e+00 -7.2839e+00
504 0 +2.224924328e+04 +2.223274328e+04 +2.223274328e+04 -9.4754e-02 +1.4768e+00 +7.1498e+00 +4.2134e+00 -7.2936e+00
% f evaluations | g evaluations | best noise-free fitness - Fopt (1.000000000000e+03) + sum g_i+ | measured fitness | best measured fitness or single-digit g-values | x1 | x2...
1 0 +9.908765862e+06 +9.909765862e+06 +9.909765862e+06 +2.1074e-01 +1.9637e-01 +2.2896e-01 +2.0178e-01 +3.6697e-01
2 0 +7.626202949e+06 +7.627202949e+06 +7.627202949e+06 +3.7210e-02 -1.1638e-01 +6.2284e-02 -2.7114e-01 +3.3028e-01
4 0 +6.491884075e+06 +6.492884075e+06 +6.492884075e+06 +1.8315e-01 +9.6918e-01 -3.6101e-02 -2.1523e-01 -1.4110e-01
5 0 +6.431129955e+06 +6.432129955e+06 +6.432129955e+06 -4.5890e-01 +5.8088e-02 -1.7976e-02 -3.9557e-01 -2.8108e-01
7 0 +5.906170725e+06 +5.907170725e+06 +5.907170725e+06 +1.9252e-01 +3.3878e-01 +1.8015e-01 -5.4641e-01 +7.9020e-02
12 0 +5.534718086e+06 +5.535718086e+06 +5.535718086e+06 +1.8562e-01 +5.5940e-01 +6.6604e-01 -5.5906e-01 -1.8142e-01
14 0 +3.697814597e+06 +3.698814597e+06 +3.698814597e+06 -5.3422e-01 +7.5595e-01 +1.8893e-01 -9.2745e-01 +2.0387e-01
19 0 +3.298386157e+06 +3.299386157e+06 +3.299386157e+06 -6.1403e-01 +1.1150e+00 +5.8694e-01 -9.1191e-01 +1.9313e-01
22 0 +5.391961089e+05 +5.401961089e+05 +5.401961089e+05 -4.5911e-01 +1.2621e+00 +7.1965e-01 -1.8374e+00 +1.0840e+00
27 0 +1.984250073e+05 +1.994250073e+05 +1.994250073e+05 -1.0534e+00 +2.1266e+00 +5.3208e-01 -1.8244e+00 +1.1699e+00
36 0 +1.305958866e+05 +1.315958866e+05 +1.315958866e+05 -1.8129e+00 +3.0082e+00 +8.8446e-01 -1.8196e+00 +1.2483e+00
37 0 +1.172841259e+05 +1.182841259e+05 +1.182841259e+05 -2.3666e-01 +1.4852e+00 +1.4878e+00 -2.3200e+00 +1.1800e+00
44 0 +3.285935082e+04 +3.385935082e+04 +3.385935082e+04 -1.0734e+00 +3.2395e+00 +2.4736e+00 -1.5639e+00 +1.7350e+00
51 0 +1.465187525e+04 +1.565187525e+04 +1.565187525e+04 +3.9609e-01 +2.4657e+00 +3.1866e+00 -2.1557e+00 +2.5834e+00
89 0 +1.356135557e+04 +1.456135557e+04 +1.456135557e+04 -4.8772e-01 +3.6459e+00 +2.8172e+00 -1.5260e+00 +1.9704e+00
96 0 +1.255099878e+04 +1.355099878e+04 +1.355099878e+04 -5.1966e-01 +2.4461e+00 +3.6146e+00 -1.8316e+00 +2.6264e+00
119 0 +6.718857875e+03 +7.718857875e+03 +7.718857875e+03 -1.3623e+00 +3.7169e+00 +2.1884e+00 -1.2247e+00 +2.6895e+00
120 0 +5.339114400e+03 +6.339114400e+03 +6.339114400e+03 -8.2882e-01 +3.6666e+00 +3.2363e+00 -1.4435e+00 +2.5587e+00
140 0 +4.695548883e+03 +5.695548883e+03 +5.695548883e+03 -1.6603e+00 +3.9031e+00 +2.5700e+00 -1.1610e+00 +2.7025e+00
172 0 +4.044745504e+03 +5.044745504e+03 +5.044745504e+03 -1.3545e+00 +3.9980e+00 +3.0552e+00 -1.1564e+00 +2.6310e+00
182 0 +3.603246297e+03 +4.603246297e+03 +4.603246297e+03 -1.4826e+00 +4.0536e+00 +3.0540e+00 -1.1061e+00 +2.7103e+00
201 0 +3.396552963e+03 +4.396552963e+03 +4.396552963e+03 -1.2557e+00 +4.0716e+00 +3.1849e+00 -1.1120e+00 +2.7647e+00
204 0 +2.902399354e+03 +3.902399354e+03 +3.902399354e+03 -1.2614e+00 +4.1167e+00 +3.1123e+00 -1.1030e+00 +2.7791e+00
219 0 +2.601099551e+03 +3.601099551e+03 +3.601099551e+03 -1.2888e+00 +4.1249e+00 +3.1834e+00 -1.1058e+00 +2.8093e+00
237 0 +2.564928577e+03 +3.564928577e+03 +3.564928577e+03 -1.2357e+00 +4.1712e+00 +3.1487e+00 -1.1146e+00 +2.7627e+00
291 0 +2.458072186e+03 +3.458072186e+03 +3.458072186e+03 -1.2665e+00 +4.1114e+00 +3.0899e+00 -1.1261e+00 +2.7897e+00
298 0 +2.440089838e+03 +3.440089838e+03 +3.440089838e+03 -1.2650e+00 +4.1100e+00 +3.0886e+00 -1.1271e+00 +2.8044e+00
314 0 +2.397248446e+03 +3.397248446e+03 +3.397248446e+03 -1.2704e+00 +4.1266e+00 +3.0842e+00 -1.1198e+00 +2.7949e+00
339 0 +2.331684367e+03 +3.331684367e+03 +3.331684367e+03 -1.2804e+00 +4.1322e+00 +3.0685e+00 -1.1166e+00 +2.7973e+00
356 0 +2.288472781e+03 +3.288472781e+03 +3.288472781e+03 -1.2865e+00 +4.1398e+00 +3.0625e+00 -1.1115e+00 +2.7989e+00
380 0 +2.224460313e+03 +3.224460313e+03 +3.224460313e+03 -1.2965e+00 +4.1523e+00 +3.0554e+00 -1.1025e+00 +2.8038e+00
401 0 +2.176077694e+03 +3.176077694e+03 +3.176077694e+03 -1.3021e+00 +4.1601e+00 +3.0437e+00 -1.0982e+00 +2.8022e+00
410 0 +2.101946948e+03 +3.101946948e+03 +3.101946948e+03 -1.3118e+00 +4.1729e+00 +3.0333e+00 -1.0942e+00 +2.8058e+00
415 0 +2.086141926e+03 +3.086141926e+03 +3.086141926e+03 -1.3141e+00 +4.1751e+00 +3.0303e+00 -1.0932e+00 +2.8065e+00
419 0 +2.021416575e+03 +3.021416575e+03 +3.021416575e+03 -1.3245e+00 +4.1868e+00 +3.0199e+00 -1.0875e+00 +2.8082e+00
425 0 +1.921673980e+03 +2.921673980e+03 +2.921673980e+03 -1.3373e+00 +4.2048e+00 +3.0031e+00 -1.0774e+00 +2.8099e+00
436 0 +1.800079433e+03 +2.800079433e+03 +2.800079433e+03 -1.3548e+00 +4.2240e+00 +2.9824e+00 -1.0637e+00 +2.8193e+00
444 0 +1.739122779e+03 +2.739122779e+03 +2.739122779e+03 -1.3636e+00 +4.2375e+00 +2.9747e+00 -1.0579e+00 +2.8208e+00
445 0 +1.543191898e+03 +2.543191898e+03 +2.543191898e+03 -1.3885e+00 +4.2758e+00 +2.9389e+00 -1.0392e+00 +2.8291e+00
450 0 +1.443937129e+03 +2.443937129e+03 +2.443937129e+03 -1.3983e+00 +4.2936e+00 +2.9121e+00 -1.0355e+00 +2.8297e+00
453 0 +1.253164680e+03 +2.253164680e+03 +2.253164680e+03 -1.4358e+00 +4.3412e+00 +2.8832e+00 -1.0083e+00 +2.8439e+00
459 0 +1.169740526e+03 +2.169740526e+03 +2.169740526e+03 -1.4701e+00 +4.3854e+00 +2.8259e+00 -9.7307e-01 +2.8537e+00
464 0 +7.506791668e+02 +1.750679167e+03 +1.750679167e+03 -1.5770e+00 +4.5311e+00 +2.7031e+00 -9.1298e-01 +2.8753e+00
472 0 +6.642199753e+02 +1.664219975e+03 +1.664219975e+03 -1.6381e+00 +4.6015e+00 +2.6080e+00 -8.7668e-01 +2.8760e+00
500 0 +6.001176977e+02 +1.600117698e+03 +1.600117698e+03 -1.8747e+00 +5.0115e+00 +2.2748e+00 -6.9859e-01 +2.9393e+00
504 0 +6.001176977e+02 +1.600117698e+03 +1.600117698e+03 -1.8747e+00 +5.0115e+00 +2.2748e+00 -6.9859e-01 +2.9393e+00
% f evaluations | g evaluations | best noise-free fitness - Fopt (-1.000000000000e+03) + sum g_i+ | measured fitness | best measured fitness or single-digit g-values | x1 | x2...
1 0 +3.056382881e+05 +3.046382881e+05 +3.046382881e+05 -2.3598e-01 -1.7222e-01 -1.6146e-01 -2.0164e-01 -2.9853e-01
2 0 +1.967914353e+05 +1.957914353e+05 +1.957914353e+05 -3.2974e-01 +3.3465e-01 +4.3478e-02 +2.6032e-01 +3.7068e-01
3 0 +1.856442211e+05 +1.846442211e+05 +1.846442211e+05 -2.3543e-01 +1.9218e-02 +3.4562e-01 -3.5653e-01 +4.1566e-01
10 0 +1.523187726e+05 +1.513187726e+05 +1.513187726e+05 -5.3173e-01 +6.4519e-03 +3.0049e-01 -9.4524e-02 +6.6744e-01
33 0 +1.345839801e+05 +1.335839801e+05 +1.335839801e+05 -7.2969e-01 -2.0933e-01 +1.2954e-01 -5.6926e-01 +6.2593e-01
47 0 +1.128346940e+05 +1.118346940e+05 +1.118346940e+05 -9.8757e-01 -2.6130e-01 +8.4974e-01 -1.0267e-01 +1.0815e+00
48 0 +8.950364718e+04 +8.850364718e+04 +8.850364718e+04 -9.7032e-01 -5.4170e-01 +2.5876e-01 -4.8697e-02 +7.8341e-01
54 0 +6.051366920e+04 +5.951366920e+04 +5.951366920e+04 -1.5990e+00 -2.7726e-02 +8.1452e-01 +4.2620e-01 +1.0348e+00
57 0 +2.019483328e+04 +1.919483328e+04 +1.919483328e+04 -1.7553e+00 -4.4659e-01 +5.5471e-01 +7.0510e-01 +1.2725e+00
74 0 +9.183104997e+03 +8.183104997e+03 +8.183104997e+03 -2.2721e+00 -6.5035e-01 +1.3600e+00 +1.4428e+00 +2.0250e+00
102 0 +8.873908369e+03 +7.873908369e+03 +7.873908369e+03 -2.5083e+00 -4.0205e-01 +9.5479e-01 +8.0181e-01 +1.4846e+00
114 0 +7.555116450e+03 +6.555116450e+03 +6.555116450e+03 -2.2425e+00 -5.6668e-01 +5.6798e-01 +1.8069e+00 +1.3214e+00
153 0 +6.715349889e+03 +5.715349889e+03 +5.715349889e+03 -2.1782e+00 -1.1533e+00 +9.3033e-01 +9.4571e-01 +2.0637e+00
200 0 +6.019841532e+03 +5.019841532e+03 +5.019841532e+03 -2.2336e+00 -6.5541e-01 +7.1523e-01 +1.0069e+00 +1.5480e+00
201 0 +5.865207098e+03 +4.865207098e+03 +4.865207098e+03 -2.3033e+00 -7.4334e-01 +7.5152e-01 +8.5186e-01 +1.6203e+00
202 0 +5.723141767e+03 +4.723141767e+03 +4.723141767e+03 -2.1625e+00 -7.9023e-01 +7.1114e-01 +1.1085e+00 +1.5931e+00
216 0 +5.589547462e+03 +4.589547462e+03 +4.589547462e+03 -2.3692e+00 -7.4694e-01 +7.3382e-01 +9.6774e-01 +1.6101e+00
226 0 +5.194079739e+03 +4.194079739e+03 +4.194079739e+03 -2.3007e+00 -7.2660e-01 +6.5415e-01 +1.0627e+00 +1.5225e+00
246 0 +4.982956081e+03 +3.982956081e+03 +3.982956081e+03 -2.2551e+00 -6.6352e-01 +5.9730e-01 +1.1022e+00 +1.4331e+00
256 0 +4.861598064e+03 +3.861598064e+03 +3.861598064e+03 -2.2432e+00 -6.8691e-01 +5.6899e-01 +1.1139e+00 +1.4269e+00
270 0 +4.585290216e+03 +3.585290216e+03 +3.585290216e+03 -2.1978e+00 -6.6908e-01 +5.1887e-01 +1.1801e+00 +1.3849e+00
275 0 +4.494375264e+03 +3.494375264e+03 +3.494375264e+03 -2.1806e+00 -6.5284e-01 +4.5392e-01 +1.2323e+00 +1.3456e+00
284 0 +4.249454003e+03 +3.249454003e+03 +3.249454003e+03 -2.1505e+00 -5.7127e-01 +3.3780e-01 +1.3119e+00 +1.2024e+00
287 0 +4.145061177e+03 +3.145061177e+03 +3.145061177e+03 -2.1566e+00 -6.7196e-01 +4.4933e-01 +1.3188e+00 +1.3405e+00
298 0 +3.624180218e+03 +2.624180218e+03 +2.624180218e+03 -2.1250e+00 -5.4842e-01 +2.9324e-01 +1.4296e+00 +1.1400e+00
319 0 +3.372454198e+03 +2.372454198e+03 +2.372454198e+03 -2.0423e+00 -3.9955e-01 +1.3485e-01 +1.5996e+00 +8.9236e-01
321 0 +2.819511341e+03 +1.819511341e+03 +1.819511341e+03 -2.1345e+00 -3.9969e-01 +1.2053e-01 +1.6606e+00 +8.7760e-01
329 0 +2.587265560e+03 +1.587265560e+03 +1.587265560e+03 -2.0100e+00 -3.0932e-01 -4.2354e-02 +1.7833e+00 +7.1032e-01
333 0 +2.361060359e+03 +1.361060359e+03 +1.361060359e+03 -2.1026e+00 -3.0060e-01 -1.9653e-02 +1.8234e+00 +6.9475e-01
334 0 +2.142698826e+03 +1.142698826e+03 +1.142698826e+03 -2.1286e+00 -4.3285e-01 +2.9829e-02 +1.8949e+00 +8.6851e-01
343 0 +1.845509434e+03 +8.455094344e+02 +8.455094344e+02 -2.0651e+00 -3.9730e-01 -1.3893e-02 +1.9049e+00 +7.9975e-01
375 0 +1.717543561e+03 +7.175435608e+02 +7.175435608e+02 -2.0673e+00 -4.1058e-01 -9.1445e-02 +1.9004e+00 +7.4055e-01
376 0 +1.551107615e+03 +5.511076149e+02 +5.511076149e+02 -2.0197e+00 -2.9508e-01 -1.6196e-01 +2.1395e+00 +6.3324e-01
407 0 +1.490454981e+03 +4.904549810e+02 +4.904549810e+02 -1.9719e+00 -1.1737e-01 -4.3220e-01 +2.3142e+00 +2.9340e-01
415 0 +1.412520380e+03 +4.125203799e+02 +4.125203799e+02 -2.0136e+00 -2.4132e-01 -3.6312e-01 +2.3312e+00 +4.3063e-01
419 0 +1.342875067e+03 +3.428750673e+02 +3.428750673e+02 -1.9952e+00 -1.3090e-01 -4.2053e-01 +2.3621e+00 +3.0211e-01
461 0 +1.312059700e+03 +3.120597004e+02 +3.120597004e+02 -1.9838e+00 -1.4048e-01 -4.4733e-01 +2.3755e+00 +2.9090e-01
504 0 +1.291999134e+03 +2.919991339e+02 +2.919991339e+02 -1.9769e+00 -1.2393e-01 -4.9973e-01 +2.4432e+00 +2.4181e-01
% f evaluations | g evaluations | best noise-free fitness - Fopt (-1.527400000000e+02) + sum g_i+ | measured fitness | best measured fitness or single-digit g-values | x1 | x2...
1 0 +6.322306157e+06 +6.322153417e+06 +6.322153417e+06 +7.0294e-02 +2.4709e-01 +4.8280e-01 -3.8933e-01 +2.0239e-01
9 0 +5.000788701e+06 +5.000635961e+06 +5.000635961e+06 -3.9755e-01 +1.0137e-01 -8.9334e-03 -2.6865e-01 +3.9859e-01
11 0 +4.077696332e+06 +4.077543592e+06 +4.077543592e+06 -7.5333e-02 +8.6175e-02 -5.6503e-02 -8.6299e-01 +7.3464e-02
18 0 +3.417309239e+06 +3.417156499e+06 +3.417156499e+06 +4.4229e-02 -3.1500e-02 -4.9562e-01 -8.2996e-01 +3.8337e-01
30 0 +2.936144934e+06 +2.935992194e+06 +2.935992194e+06 -2.4815e-01 -5.2953e-02 -8.0657e-01 -1.0721e+00 +5.3324e-02
31 0 +2.701062270e+06 +2.700909530e+06 +2.700909530e+06 -2.7024e-01 -2.2793e-01 +2.1761e-01 -8.6976e-01 +5.5614e-01
34 0 +2.453803913e+06 +2.453651173e+06 +2.453651173e+06 -6.2763e-01 -3.5517e-01 +1.7710e-01 -9.8133e-01 +7.0957e-01
44 0 +8.121703970e+05 +8.120176570e+05 +8.120176570e+05 -3.5883e-01 -4.7237e-01 -1.6887e-01 -2.1884e+00 +6.2754e-01
49 0 +6.442287771e+05 +6.440760371e+05 +6.440760371e+05 -4.6521e-01 -1.1920e+00 +1.2341e-01 -2.6249e+00 +1.2432e+00
69 0 +6.246601897e+05 +6.245074497e+05 +6.245074497e+05 +3.2320e-01 -9.3779e-01 +2.6275e-01 -2.8687e+00 +1.6929e+00
70 0 +4.714435020e+05 +4.712907620e+05 +4.712907620e+05 -1.7005e-01 -5.4022e-01 +7.0016e-02 -3.0347e+00 +7.7825e-01
80 0 +4.281869667e+05 +4.280342267e+05 +4.280342267e+05 -4.2048e-01 +4.2773e-02 +3.0146e-01 -2.7325e+00 +1.1163e+00
91 0 +2.634415406e+05 +2.632888006e+05 +2.632888006e+05 +2.7244e-01 -4.2917e-01 -1.3386e+00 -2.7047e+00 +1.4254e+00
108 0 +2.247394723e+05 +2.245867323e+05 +2.245867323e+05 -1.6210e-01 +7.6513e-01 -2.2475e+00 -1.5944e+00 +1.8377e+00
115 0 +1.363461861e+05 +1.361934461e+05 +1.361934461e+05 -1.1894e+00 +1.4339e+00 -1.7617e+00 -1.6017e+00 +1.4376e+00
124 0 +9.085703821e+04 +9.070429821e+04 +9.070429821e+04 -5.8335e-01 +7.5953e-01 -2.0453e+00 -1.5983e+00 +2.2463e+00
193 0 +7.550098898e+04 +7.534824898e+04 +7.534824898e+04 +4.8232e-01 +1.3159e+00 -1.8420e+00 -2.2212e+00 +1.9480e+00
202 0 +7.310942160e+04 +7.295668160e+04 +7.295668160e+04 +4.1318e-01 +1.3907e+00 -1.7161e+00 -2.3974e+00 +2.0104e+00
204 0 +6.273942244e+04 +6.258668244e+04 +6.258668244e+04 +4.4046e-01 +1.4987e+00 -1.8237e+00 -2.2944e+00 +1.8313e+00
211 0 +4.700691074e+04 +4.685417074e+04 +4.685417074e+04 +5.2807e-01 +1.6945e+00 -1.8341e+00 -2.5480e+00 +1.8308e+00
222 0 +4.609015548e+04 +4.593741548e+04 +4.593741548e+04 +4.8255e-01 +1.6524e+00 -1.9444e+00 -2.3638e+00 +1.8641e+00
225 0 +3.600409863e+04 +3.585135863e+04 +3.585135863e+04 +5.0656e-01 +2.0026e+00 -2.0934e+00 -2.3214e+00 +1.9121e+00
230 0 +3.072683786e+04 +3.057409786e+04 +3.057409786e+04 +4.7449e-01 +2.1528e+00 -2.1100e+00 -2.3401e+00 +1.9454e+00
248 0 +2.957796519e+04 +2.942522519e+04 +2.942522519e+04 +6.7535e-01 +2.3173e+00 -2.2714e+00 -2.4672e+00 +1.8886e+00
504 0 +2.955130637e+04 +2.939856637e+04 +2.939856637e+04 +5.7343e-01 +2.3405e+00 -2.1695e+00 -2.3757e+00 +1.9857e+00
