% f evaluations | g evaluations | best noise-free fitness - Fopt (6.870000000000e+00) + sum g_i+ | measured fitness | best measured fitness or single-digit g-values | x1 | x2...
1 0 +4.492744533e+00 +1.136274453e+01 +1.136274453e+01 +1.5169e-02 +1.4999e-01 -2.9877e-01 +2.0808e-01 -1.2549e-01 -4.7538e-01 -1.9431e-01 +1.7958e-01 +9.9677e-02 -3.4425e-01 +1.8561e-01 -2.6397e-02 +1.2753e-01 +9.9679e-02 -3.4706e-01 +1.0530e-01 -1.8207e-01 +4.6411e-01 +2.1701e-01 +1.3841e-02
272 0 +3.966428630e+00 +1.083642863e+01 +1.083642863e+01 +3.7713e-01 +3.9920e-01 -5.1346e-01 -6.2322e-01 -5.9847e-01 -8.8777e-03 -4.4637e-01 +1.0217e-01 -3.2675e-01 +2.8097e-03 +6.9780e-01 +1.2980e-01 +5.0074e-01 -6.0842e-01 +3.8694e-01 -3.0963e-01 -3.9587e-01 +8.1738e-01 -9.7739e-02 -1.7155e-01
1092 0 +3.820593118e+00 +1.069059312e+01 +1.069059312e+01 +4.3992e-01 +8.2139e-01 -6.7496e-01 -1.0974e+00 -1.1887e+00 -2.5494e-01 +1.6369e-01 +3.7143e-01 +2.6293e-01 -1.0215e-01 +3.5143e-01 +2.2821e-01 +6.6770e-01 -2.9029e-01 +1.4567e-01 -2.8470e-01 +7.3827e-01 +5.5057e-01 +2.5245e-01 +8.1254e-01
1738 0 +3.234841975e+00 +1.010484198e+01 +1.010484198e+01 +4.5401e-01 +1.1671e+00 -8.3378e-01 -1.6424e+00 -3.8167e-01 -8.5874e-01 +3.0558e-01 -2.6116e-01 +1.3353e+00 -1.3607e+00 -2.6319e-01 -1.5663e+00 +1.6671e+00 -6.4978e-01 -8.4142e-01 -5.5204e-01 -7.0221e-01 +3.6361e-01 +1.2328e+00 +1.2316e+00
1829 0 +3.088604247e+00 +9.958604247e+00 +9.958604247e+00 +9.3816e-01 +1.3492e+00 -9.5194e-01 -1.5932e+00 +2.0729e-01 -4.6990e-01 +3.8282e-01 -3.1129e-01 +1.2514e+00 -1.3451e+00 -4.9060e-01 -1.7360e+00 +1.9345e+00 -1.9497e-01 -8.4463e-01 -9.6783e-01 -6.1227e-01 +3.5215e-01 +1.3699e+00 +1.6951e+00
2004 0 +3.088604247e+00 +9.958604247e+00 +9.958604247e+00 +9.3816e-01 +1.3492e+00 -9.5194e-01 -1.5932e+00 +2.0729e-01 -4.6990e-01 +3.8282e-01 -3.1129e-01 +1.2514e+00 -1.3451e+00 -4.9060e-01 -1.7360e+00 +1.9345e+00 -1.9497e-01 -8.4463e-01 -9.6783e-01 -6.1227e-01 +3.5215e-01 +1.3699e+00 +1.6951e+00
% f evaluations | g evaluations | best noise-free fitness - Fopt (1.000000000000e-02) + sum g_i+ | measured fitness | best measured fitness or single-digit g-values | x1 | x2...
1 0 +1.567067886e+01 +1.568067886e+01 +1.568067886e+01 +1.5169e-02 +1.4999e-01 -2.9877e-01 +2.0808e-01 -1.2549e-01 -4.7538e-01 -1.9431e-01 +1.7958e-01 +9.9677e-02 -3.4425e-01 +1.8561e-01 -2.6397e-02 +1.2753e-01 +9.9679e-02 -3.4706e-01 +1.0530e-01 -1.8207e-01 +4.6411e-01 +2.1701e-01 +1.3841e-02
2 0 +1.291621396e+01 +1.292621396e+01 +1.292621396e+01 -2.9490e-01 +1.6330e-02 +4.7968e-02 -3.6269e-01 +6.6701e-01 +1.1829e-01 +5.0771e-01 -3.3385e-01 +4.9073e-01 -4.0830e-01 -1.9537e-01 +1.6274e-01 +1.4402e-02 -7.0745e-01 -3.3169e-01 +2.5136e-01 +6.2639e-01 +2.7446e-01 -8.2865e-02 +2.3896e-01
4 0 +1.049826026e+01 +1.050826026e+01 +1.050826026e+01 +7.4298e-01 +1.0570e-01 +2.0241e-02 -2.1968e-01 +8.9143e-02 -2.8854e-01 +3.8155e-01 -1.9430e-01 +4.7542e-02 +5.9704e-01 +3.4926e-01 +7.2800e-02 +4.1399e-01 -1.6368e-02 +2.3858e-01 +5.7272e-03 -2.7164e-01 +1.2909e-01 +2.8041e-01 -1.0384e-01
7 0 +9.528328037e+00 +9.538328037e+00 +9.538328037e+00 +1.2242e-01 +5.1972e-01 -1.0483e-01 -3.6994e-01 +2.1548e-01 +1.5497e-01 +2.0214e-01 +3.0794e-01 -2.0435e-01 -5.8982e-01 +3.1228e-01 -1.2260e-01 -3.6223e-01 -3.5050e-01 +3.3852e-01 +5.4252e-02 +9.0874e-02 +2.5513e-01 -2.0308e-01 -3.3755e-01
23 0 +7.942279745e+00 +7.952279745e+00 +7.952279745e+00 +1.6003e-01 -2.7700e-01 -1.7232e-01 -6.8825e-01 +5.1090e-01 +1.0920e-01 +5.9181e-01 +1.5784e-01 +2.1893e-01 +1.4253e-01 +2.8227e-01 -9.7060e-02 +2.0452e-01 -4.5269e-02 +2.5047e-01 -2.6007e-01 +4.2284e-01 +9.2621e-02 +1.9185e-02 +4.5523e-02
55 0 +7.687850617e+00 +7.697850617e+00 +7.697850617e+00 -4.4002e-01 +6.4646e-02 -5.2772e-01 -8.0220e-01 +8.3511e-01 -1.3542e-01 -2.8124e-01 +2.8171e-01 -1.0017e-01 -3.9318e-02 +7.1437e-02 -2.2511e-03 +3.3285e-01 +4.6518e-01 +6.6131e-01 -2.3305e-02 +7.1948e-01 -4.3858e-02 +2.4192e-01 -1.9866e-01
70 0 +7.398717895e+00 +7.408717895e+00 +7.408717895e+00 -4.6730e-01 +1.5318e-01 -5.2550e-01 -4.0691e-01 +4.0390e-01 -3.5502e-02 -3.6378e-01 +2.4096e-01 +1.0572e-01 -5.8913e-01 +4.3288e-01 +1.7812e-01 +5.1386e-01 +1.5014e-01 +1.0390e+00 -1.0547e-01 +9.3112e-01 +3.1691e-01 +4.6799e-01 -1.1880e-01
98 0 +6.692995559e+00 +6.702995559e+00 +6.702995559e+00 -2.7708e-01 +1.6987e-01 -4.9324e-01 -4.0468e-01 +4.4160e-01 -1.0217e-01 -3.9712e-01 +4.1030e-01 +8.5851e-01 -1.7007e-01 +3.6504e-01 -1.2685e-02 +6.9769e-01 +9.3541e-02 +3.3243e-01 -8.2216e-03 +4.6566e-01 +6.5216e-01 -2.9350e-01 -5.0611e-02
180 0 +6.241645840e+00 +6.251645840e+00 +6.251645840e+00 -1.4380e-01 -3.7710e-02 -1.5764e-01 -4.5668e-01 +1.2433e-01 +1.2959e-02 -4.5663e-02 +1.4390e-01 +6.1125e-01 -2.0846e-01 +4.2395e-01 +1.2377e-01 +2.5316e-01 -6.5305e-02 +1.9526e-01 +3.1936e-02 +5.5193e-01 +3.7620e-01 -1.4519e-01 -4.2609e-01
217 0 +5.328970965e+00 +5.338970965e+00 +5.338970965e+00 +1.5447e-01 -2.8182e-02 +1.5458e-02 -3.6792e-01 +1.4389e-01 -2.8475e-01 -4.9570e-01 +2.5179e-01 +2.3677e-01 -3.0091e-01 +5.8419e-01 +2.9317e-01 +5.4793e-01 +5.1388e-02 +4.0759e-01 +5.5129e-02 +7.2555e-01 +8.6201e-01 -5.3370e-01 -4.2583e-01
467 0 +5.134018224e+00 +5.144018224e+00 +5.144018224e+00 -3.6939e-01 +1.4249e-01 -1.7581e-02 -3.2708e-01 -7.2804e-02 -3.0615e-01 -4.2613e-01 +3.5776e-01 -1.3873e-01 +2.5543e-01 +5.8569e-01 +2.3809e-01 +5.3728e-01 +1.7795e-01 -4.2085e-01 -1.9949e-01 +1.1023e+00 +1.5069e+00 -5.2851e-01 -8.9417e-01
896 0 +4.171335885e+00 +4.181335885e+00 +4.181335885e+00 -1.9771e-02 -4.8064e-01 +6.3073e-03 +5.1237e-01 -6.4621e-02 +4.2256e-01 -1.4423e+00 +7.8156e-01 -7.9975e-01 +2.2063e-02 +3.9293e-01 +4.3512e-01 +6.8457e-01 -2.1475e-01 +1.7989e-01 -5.0927e-01 +9.9961e-01 +1.2832e+00 -5.8754e-01 -3.3867e-01
1713 0 +4.047521598e+00 +4.057521598e+00 +4.057521598e+00 +3.4613e+00 -1.5084e-01 +8.6243e-01 +7.6756e-01 +1.8788e+00 -9.6673e-01 -3.6874e-01 +7.3352e-01 +2.8240e+00 +9.9173e-01 -6.5404e-03 +1.8595e+00 -6.6840e-01 -2.8551e+00 +3.0025e+00 -2.6254e+00 +1.9929e-01 +2.1064e+00 -1.3241e+00 -6.5215e-01
1899 0 +3.510465855e+00 +3.520465855e+00 +3.520465855e+00 +4.9784e+00 +2.6524e-01 +1.7846e+00 +9.0409e-01 +3.4636e+00 -6.5725e-01 +1.6871e-01 +9.2859e-01 +2.5780e+00 +5.9452e-01 -8.4916e-01 +1.2612e+00 -4.2178e-01 -2.7203e+00 +3.8026e+00 -3.9495e+00 -8.2921e-01 +2.0170e+00 -2.1694e+00 -2.8370e-01
2004 0 +3.510465855e+00 +3.520465855e+00 +3.520465855e+00 +4.9784e+00 +2.6524e-01 +1.7846e+00 +9.0409e-01 +3.4636e+00 -6.5725e-01 +1.6871e-01 +9.2859e-01 +2.5780e+00 +5.9452e-01 -8.4916e-01 +1.2612e+00 -4.2178e-01 -2.7203e+00 +3.8026e+00 -3.9495e+00 -8.2921e-01 +2.0170e+00 -2.1694e+00 -2.8370e-01
% f evaluations | g evaluations | best noise-free fitness - Fopt (-1.306100000000e+02) + sum g_i+ | measured fitness | best measured fitness or single-digit g-values | x1 | x2...
1 0 +1.599637317e+01 -1.146136268e+02 -1.146136268e+02 +1.5169e-02 +1.4999e-01 -2.9877e-01 +2.0808e-01 -1.2549e-01 -4.7538e-01 -1.9431e-01 +1.7958e-01 +9.9677e-02 -3.4425e-01 +1.8561e-01 -2.6397e-02 +1.2753e-01 +9.9679e-02 -3.4706e-01 +1.0530e-01 -1.8207e-01 +4.6411e-01 +2.1701e-01 +1.3841e-02
6 0 +1.162170064e+01 -1.189882994e+02 -1.189882994e+02 +2.2147e-01 +1.9523e-01 +1.8442e-01 -3.7971e-02 +4.7367e-01 -6.2155e-02 +9.0203e-03 -1.0086e-01 +2.4380e-02 -7.2159e-02 +6.0967e-01 +1.2776e-01 -5.0490e-01 -1.3017e-01 -4.2488e-01 +2.6398e-01 +4.1239e-01 -1.3532e-01 +1.8407e-01 -6.3050e-02
8 0 +8.142822012e+00 -1.224671780e+02 -1.224671780e+02 -2.5589e-01 -3.3137e-01 -8.7329e-02 -2.6729e-01 +1.1591e-02 -1.4426e-01 -2.3994e-02 +1.9494e-01 +4.2039e-01 +4.6679e-01 +3.4478e-02 +6.3713e-02 -1.5252e-01 +3.0180e-01 +4.5955e-01 -1.7809e-01 +2.2924e-01 -9.8874e-02 -5.1337e-02 +5.5288e-02
14 0 +3.644742144e+00 -1.269652579e+02 -1.269652579e+02 -2.3185e-01 -4.0029e-02 -1.0487e-01 -1.7213e-01 +9.5907e-02 -8.6890e-02 +4.1500e-01 +1.7436e-01 -2.7867e-02 +6.6452e-02 -1.5840e-02 -1.3634e-03 -4.2123e-01 +2.7854e-01 +1.0725e-01 +3.9234e-01 +2.2741e-01 -2.0697e-01 -2.6014e-01 +8.3971e-02
1808 0 +3.623006533e+00 -1.269869935e+02 -1.269869935e+02 -1.3610e+00 +9.7686e-02 +1.7899e+00 +5.1942e-01 -1.5976e+00 +3.1299e+00 -1.8638e+00 -2.9331e+00 +3.2906e-01 -1.0205e+00 -3.6474e+00 -5.7634e-01 +1.5342e+00 +2.1741e+00 +1.8139e+00 +2.1569e+00 +1.1345e+00 -1.3974e+00 +7.8436e-01 -3.8515e+00
2004 0 +3.623006533e+00 -1.269869935e+02 -1.269869935e+02 -1.3610e+00 +9.7686e-02 +1.7899e+00 +5.1942e-01 -1.5976e+00 +3.1299e+00 -1.8638e+00 -2.9331e+00 +3.2906e-01 -1.0205e+00 -3.6474e+00 -5.7634e-01 +1.5342e+00 +2.1741e+00 +1.8139e+00 +2.1569e+00 +1.1345e+00 -1.3974e+00 +7.8436e-01 -3.8515e+00
% f evaluations | g evaluations | best noise-free fitness - Fopt (-2.231200000000e+02) + sum g_i+ | measured fitness | best measured fitness or single-digit g-values | x1 | x2...
1 0 +1.636244892e+01 -2.067575511e+02 -2.067575511e+02 +1.5169e-02 +1.4999e-01 -2.9877e-01 +2.0808e-01 -1.2549e-01 -4.7538e-01 -1.9431e-01 +1.7958e-01 +9.9677e-02 -3.4425e-01 +1.8561e-01 -2.6397e-02 +1.2753e-01 +9.9679e-02 -3.4706e-01 +1.0530e-01 -1.8207e-01 +4.6411e-01 +2.1701e-01 +1.3841e-02
3 0 +1.165031060e+01 -2.114696894e+02 -2.114696894e+02 -3.4314e-01 +1.5298e-01 -4.0424e-01 -2.8081e-03 -3.9212e-02 +2.4063e-01 -9.0891e-02 +3.6061e-01 -5.9025e-02 +2.5096e-01 +2.3599e-01 -5.5228e-01 +1.1265e-02 +1.0779e-02 -2.3363e-01 +5.3825e-02 -4.3668e-01 +1.6686e-01 +1.5294e-01 +9.0138e-02
6 0 +9.029666366e+00 -2.140903336e+02 -2.140903336e+02 +2.2147e-01 +1.9523e-01 +1.8442e-01 -3.7971e-02 +4.7367e-01 -6.2155e-02 +9.0203e-03 -1.0086e-01 +2.4380e-02 -7.2159e-02 +6.0967e-01 +1.2776e-01 -5.0490e-01 -1.3017e-01 -4.2488e-01 +2.6398e-01 +4.1239e-01 -1.3532e-01 +1.8407e-01 -6.3050e-02
11 0 +8.151907952e+00 -2.149680920e+02 -2.149680920e+02 -1.4180e-01 +2.8880e-02 +3.6877e-01 +4.7997e-01 -1.1983e-01 -4.3926e-01 -4.1517e-01 +6.3761e-01 -1.2086e-01 +1.3737e-01 +5.7520e-01 -2.0404e-01 -5.8374e-02 -1.7418e-01 -3.2879e-01 +2.3994e-01 +3.1972e-01 -5.6215e-01 +2.9453e-01 -7.0793e-02
17 0 +7.780260224e+00 -2.153397398e+02 -2.153397398e+02 +1.0873e-02 +4.9301e-01 -2.7243e-01 -1.9828e-01 -3.8166e-01 -2.8988e-01 -6.5245e-02 -6.7215e-02 -6.9972e-02 -3.4180e-01 +4.0383e-01 -3.3919e-01 -1.5917e-02 -1.4897e-01 +4.8697e-02 -3.5537e-02 -2.3726e-01 -2.4219e-01 -4.6067e-01 -6.1564e-02
39 0 +6.908780910e+00 -2.162112191e+02 -2.162112191e+02 +2.0551e-01 +7.5428e-02 +1.1382e-01 +1.4184e-01 +1.1797e-01 -1.4241e-01 -1.6985e-01 +1.4351e-01 -1.7422e-01 +2.3668e-01 +4.5412e-01 -2.6331e-01 -6.5181e-03 -2.0215e-01 -4.1542e-01 +2.1420e-01 +2.6922e-02 -5.6909e-01 -3.7821e-01 -2.7746e-01
57 0 +6.530390193e+00 -2.165896098e+02 -2.165896098e+02 -4.8226e-02 -1.1223e-01 -1.5781e-01 +2.9010e-01 +2.7250e-01 +4.8679e-02 -5.2869e-01 +1.8726e-01 -2.0521e-01 +3.1824e-01 -1.6846e-01 -4.3562e-01 +1.9979e-02 -3.6315e-01 -6.1267e-01 +3.2356e-01 -7.1550e-03 -1.6094e-01 +1.3160e-02 +2.0872e-01
63 0 +6.134804225e+00 -2.169851958e+02 -2.169851958e+02 -1.1643e-01 +2.6865e-02 -1.2827e-01 +7.6045e-02 -4.2532e-01 +6.3407e-01 -8.9267e-01 +4.2934e-02 -1.9111e-01 -4.0075e-02 +7.8039e-02 -5.1512e-01 -9.3455e-02 -2.7329e-01 +2.4903e-02 +3.2488e-01 +7.9830e-02 -2.9616e-01 -7.5725e-02 +3.1922e-01
69 0 +3.532088832e+00 -2.195879112e+02 -2.195879112e+02 +2.1695e-02 +8.5914e-02 +6.2224e-02 +8.9737e-02 -3.8380e-02 +3.4655e-01 -5.1476e-01 +3.3772e-01 -4.2327e-01 +2.1327e-01 +3.7175e-01 +7.9261e-02 -3.7515e-01 -4.1026e-01 -2.0418e-01 +1.3902e-01 +2.6500e-01 -3.2650e-01 -2.5156e-01 -2.3907e-01
2004 0 +3.532088832e+00 -2.195879112e+02 -2.195879112e+02 +2.1695e-02 +8.5914e-02 +6.2224e-02 +8.9737e-02 -3.8380e-02 +3.4655e-01 -5.1476e-01 +3.3772e-01 -4.2327e-01 +2.1327e-01 +3.7175e-01 +7.9261e-02 -3.7515e-01 -4.1026e-01 -2.0418e-01 +1.3902e-01 +2.6500e-01 -3.2650e-01 -2.5156e-01 -2.3907e-01
% f evaluations | g evaluations | best noise-free fitness - Fopt (-4.443000000000e+01) + sum g_i+ | measured fitness | best measured fitness or single-digit g-values | x1 | x2...
1 0 +2.300163248e+01 -2.142836752e+01 -2.142836752e+01 +1.5169e-02 +1.4999e-01 -2.9877e-01 +2.0808e-01 -1.2549e-01 -4.7538e-01 -1.9431e-01 +1.7958e-01 +9.9677e-02 -3.4425e-01 +1.8561e-01 -2.6397e-02 +1.2753e-01 +9.9679e-02 -3.4706e-01 +1.0530e-01 -1.8207e-01 +4.6411e-01 +2.1701e-01 +1.3841e-02
2 0 +1.679899371e+01 -2.763100629e+01 -2.763100629e+01 -2.9490e-01 +1.6330e-02 +4.7968e-02 -3.6269e-01 +6.6701e-01 +1.1829e-01 +5.0771e-01 -3.3385e-01 +4.9073e-01 -4.0830e-01 -1.9537e-01 +1.6274e-01 +1.4402e-02 -7.0745e-01 -3.3169e-01 +2.5136e-01 +6.2639e-01 +2.7446e-01 -8.2865e-02 +2.3896e-01
3 0 +1.430166135e+01 -3.012833865e+01 -3.012833865e+01 -3.4314e-01 +1.5298e-01 -4.0424e-01 -2.8081e-03 -3.9212e-02 +2.4063e-01 -9.0891e-02 +3.6061e-01 -5.9025e-02 +2.5096e-01 +2.3599e-01 -5.5228e-01 +1.1265e-02 +1.0779e-02 -2.3363e-01 +5.3825e-02 -4.3668e-01 +1.6686e-01 +1.5294e-01 +9.0138e-02
6 0 +6.006501928e+00 -3.842349807e+01 -3.842349807e+01 +2.2147e-01 +1.9523e-01 +1.8442e-01 -3.7971e-02 +4.7367e-01 -6.2155e-02 +9.0203e-03 -1.0086e-01 +2.4380e-02 -7.2159e-02 +6.0967e-01 +1.2776e-01 -5.0490e-01 -1.3017e-01 -4.2488e-01 +2.6398e-01 +4.1239e-01 -1.3532e-01 +1.8407e-01 -6.3050e-02
40 0 +5.258863653e+00 -3.917113635e+01 -3.917113635e+01 -2.6433e-01 -3.6255e-01 +9.1866e-02 +6.8731e-01 +4.5797e-01 +3.4232e-02 -6.3552e-02 +4.8334e-01 +5.9089e-01 -1.2006e-01 -2.3405e-01 +7.7090e-02 +2.1542e-01 -1.5081e-03 -6.1059e-01 -1.9866e-01 +5.0017e-01 +3.4308e-03 +5.1604e-01 -1.5160e-01
64 0 +3.253746298e+00 -4.117625370e+01 -4.117625370e+01 +2.0785e-01 -5.6908e-01 -1.1490e-01 +6.9965e-01 +5.2663e-01 -1.0277e-01 +3.0411e-01 +2.8671e-01 +4.2064e-01 -3.2528e-01 +1.4388e-01 -4.7562e-01 +2.9760e-01 +3.9260e-02 -6.3738e-01 -3.8203e-01 +3.8554e-01 +1.7935e-01 +2.7508e-01 +8.6954e-02
1373 0 +2.748997365e+00 -4.168100263e+01 -4.168100263e+01 +1.0605e+00 -1.7044e+00 +1.2924e-01 -3.6524e-01 -3.7972e-01 +7.8302e-01 +1.1797e-01 -4.5756e-01 -9.6131e-01 +3.8132e-01 -9.2398e-01 -1.9943e-01 -5.4921e-01 -5.2213e-01 -1.3688e+00 -2.5076e+00 +1.6052e-02 -9.4055e-02 +1.0768e+00 -4.2507e-01
2004 0 +2.748997365e+00 -4.168100263e+01 -4.168100263e+01 +1.0605e+00 -1.7044e+00 +1.2924e-01 -3.6524e-01 -3.7972e-01 +7.8302e-01 +1.1797e-01 -4.5756e-01 -9.6131e-01 +3.8132e-01 -9.2398e-01 -1.9943e-01 -5.4921e-01 -5.2213e-01 -1.3688e+00 -2.5076e+00 +1.6052e-02 -9.4055e-02 +1.0768e+00 -4.2507e-01
% f evaluations | g evaluations | best noise-free fitness - Fopt (2.557800000000e+02) + sum g_i+ | measured fitness | best measured fitness or single-digit g-values | x1 | x2...
1 0 +1.640741132e+01 +2.721874113e+02 +2.721874113e+02 +1.5169e-02 +1.4999e-01 -2.9877e-01 +2.0808e-01 -1.2549e-01 -4.7538e-01 -1.9431e-01 +1.7958e-01 +9.9677e-02 -3.4425e-01 +1.8561e-01 -2.6397e-02 +1.2753e-01 +9.9679e-02 -3.4706e-01 +1.0530e-01 -1.8207e-01 +4.6411e-01 +2.1701e-01 +1.3841e-02
5 0 +9.918951185e+00 +2.656989512e+02 +2.656989512e+02 -3.2914e-01 -1.5846e-01 -7.1394e-01 -1.8231e-01 -3.2259e-01 +6.0673e-01 -1.6947e-01 -4.6289e-01 +2.6126e-01 -5.2564e-02 +1.4581e-02 +5.6595e-02 +6.2796e-02 -1.1234e-01 +2.8642e-01 +1.5698e-01 -1.4875e-01 -5.1442e-02 -2.8332e-01 +8.4263e-02
29 0 +8.930185174e+00 +2.647101852e+02 +2.647101852e+02 -3.7407e-02 -1.4681e-01 -5.8899e-01 -3.2559e-01 +2.8226e-01 +7.2750e-01 +2.1803e-01 -5.9215e-01 +6.3178e-02 +8.7541e-02 -2.6773e-01 +9.9764e-02 +5.2391e-01 +2.9839e-01 +2.0194e-01 -8.2597e-02 +4.6210e-01 +1.6353e-02 -2.3316e-01 +1.6478e-01
45 0 +4.502998715e+00 +2.602829987e+02 +2.602829987e+02 -1.9412e-01 -3.5743e-01 -5.9036e-01 -2.3452e-01 -3.5583e-03 +8.5771e-01 +2.9096e-01 -2.5293e-01 +2.9905e-01 +2.9565e-01 +1.1865e-01 -1.2062e-01 +4.4137e-01 +3.0723e-02 +1.1955e-01 +1.9382e-01 -8.2899e-02 +2.4187e-01 +4.0177e-02 -5.3219e-03
556 0 +3.140859933e+00 +2.589208599e+02 +2.589208599e+02 +9.3558e-02 -8.3088e-01 -1.7787e-03 +2.7529e-01 +1.6630e+00 +1.1665e+00 -2.5691e+00 -3.0046e-02 +2.2742e+00 +1.2872e+00 -1.8802e-01 -1.3619e+00 +2.6753e+00 +1.9588e+00 +8.0547e-01 +1.5892e+00 +1.6899e+00 +1.6373e+00 +1.0835e+00 -1.0297e+00
2004 0 +3.140859933e+00 +2.589208599e+02 +2.589208599e+02 +9.3558e-02 -8.3088e-01 -1.7787e-03 +2.7529e-01 +1.6630e+00 +1.1665e+00 -2.5691e+00 -3.0046e-02 +2.2742e+00 +1.2872e+00 -1.8802e-01 -1.3619e+00 +2.6753e+00 +1.9588e+00 +8.0547e-01 +1.5892e+00 +1.6899e+00 +1.6373e+00 +1.0835e+00 -1.0297e+00
% f evaluations | g evaluations | best noise-free fitness - Fopt (1.000000000000e+03) + sum g_i+ | measured fitness | best measured fitness or single-digit g-values | x1 | x2...
1 0 +6.331695770e+00 +1.006331696e+03 +1.006331696e+03 +1.5169e-02 +1.4999e-01 -2.9877e-01 +2.0808e-01 -1.2549e-01 -4.7538e-01 -1.9431e-01 +1.7958e-01 +9.9677e-02 -3.4425e-01 +1.8561e-01 -2.6397e-02 +1.2753e-01 +9.9679e-02 -3.4706e-01 +1.0530e-01 -1.8207e-01 +4.6411e-01 +2.1701e-01 +1.3841e-02
65 0 +6.267452934e+00 +1.006267453e+03 +1.006267453e+03 +3.7259e-01 +3.9825e-01 -1.3921e-01 +2.7589e-01 +8.6135e-03 -5.6237e-02 -1.5560e-01 -2.1570e-01 +3.6785e-01 -7.1664e-01 +1.0714e+00 +7.0044e-01 -4.3230e-01 -5.5219e-01 -3.5481e-02 -1.7028e-01 -2.7395e-01 +7.8485e-01 -9.7264e-02 +4.9580e-01
223 0 +4.616270812e+00 +1.004616271e+03 +1.004616271e+03 -2.0304e-01 -3.1452e-01 -1.2459e-01 +3.2563e-01 -2.5305e-01 +2.8883e-01 -2.7152e-01 +5.4837e-01 +7.0473e-02 -1.1954e+00 +6.9033e-02 +5.8826e-01 -9.0484e-01 -5.4971e-01 -1.0431e-01 +2.9211e-01 -2.0008e-01 +1.8451e-01 -2.4542e-01 +6.7698e-03
919 0 +4.307945932e+00 +1.004307946e+03 +1.004307946e+03 +5.5048e-01 -3.9443e-01 +8.1536e-01 +1.2755e+00 -5.0211e-01 +5.3576e-01 -2.7891e-01 +1.0547e+00 -3.7662e-01 -8.8358e-01 +9.5875e-01 +2.8505e-01 -1.3747e+00 -5.4309e-01 +8.4067e-01 -5.1861e-01 -1.1674e-01 -2.2698e-01 +5.3470e-01 +6.3557e-01
1030 0 +3.604690587e+00 +1.003604691e+03 +1.003604691e+03 +4.7641e-01 -7.3881e-01 +8.9743e-01 +1.0332e+00 -1.0798e-01 +9.4568e-01 -8.1377e-01 +1.3502e+00 -1.5585e-02 -1.2456e+00 +1.1633e+00 +6.4016e-01 -1.6253e+00 -2.0234e-01 +6.8437e-01 -1.3767e+00 -1.0845e-01 -4.9389e-01 +2.6666e-01 +7.2268e-01
2004 0 +3.604690587e+00 +1.003604691e+03 +1.003604691e+03 +4.7641e-01 -7.3881e-01 +8.9743e-01 +1.0332e+00 -1.0798e-01 +9.4568e-01 -8.1377e-01 +1.3502e+00 -1.5585e-02 -1.2456e+00 +1.1633e+00 +6.4016e-01 -1.6253e+00 -2.0234e-01 +6.8437e-01 -1.3767e+00 -1.0845e-01 -4.9389e-01 +2.6666e-01 +7.2268e-01
% f evaluations | g evaluations | best noise-free fitness - Fopt (-1.869500000000e+02) + sum g_i+ | measured fitness | best measured fitness or single-digit g-values | x1 | x2...
1 0 +1.720126296e+01 -1.697487370e+02 -1.697487370e+02 +1.5169e-02 +1.4999e-01 -2.9877e-01 +2.0808e-01 -1.2549e-01 -4.7538e-01 -1.9431e-01 +1.7958e-01 +9.9677e-02 -3.4425e-01 +1.8561e-01 -2.6397e-02 +1.2753e-01 +9.9679e-02 -3.4706e-01 +1.0530e-01 -1.8207e-01 +4.6411e-01 +2.1701e-01 +1.3841e-02
2 0 +8.194585916e+00 -1.787554141e+02 -1.787554141e+02 -2.9490e-01 +1.6330e-02 +4.7968e-02 -3.6269e-01 +6.6701e-01 +1.1829e-01 +5.0771e-01 -3.3385e-01 +4.9073e-01 -4.0830e-01 -1.9537e-01 +1.6274e-01 +1.4402e-02 -7.0745e-01 -3.3169e-01 +2.5136e-01 +6.2639e-01 +2.7446e-01 -8.2865e-02 +2.3896e-01
17 0 +6.244767093e+00 -1.807052329e+02 -1.807052329e+02 -1.0582e-02 -3.4833e-02 -8.3115e-02 -3.9934e-01 -8.0485e-02 +3.3583e-02 +3.2168e-01 -1.1377e-01 +4.5201e-03 -3.8165e-02 +1.3010e-01 -5.8045e-02 -5.3476e-01 -2.5469e-01 +9.1216e-02 -1.5144e-01 -2.5689e-01 -2.5467e-02 -6.1540e-01 +4.7977e-01
34 0 +4.812176904e+00 -1.821378231e+02 -1.821378231e+02 +6.8786e-03 -1.7556e-01 +7.7957e-02 -7.7988e-01 +2.2782e-01 +2.3432e-01 +1.2193e-01 -4.3242e-02 +2.4350e-01 -5.0398e-01 +1.7678e-01 -4.9994e-02 -4.5552e-01 -5.8095e-01 +2.8985e-01 -1.3116e-01 -2.0256e-01 +7.7712e-01 -4.0725e-01 +2.2971e-01
412 0 +4.558730567e+00 -1.823912694e+02 -1.823912694e+02 -5.4884e-01 +4.5447e-02 -5.9763e-01 -7.5595e-01 +1.3260e+00 +9.4672e-01 +1.6681e+00 -1.2639e+00 +7.4027e-01 +2.8010e-01 +2.3952e-01 -1.0507e+00 -2.2992e+00 -1.4707e+00 -4.1278e-01 -1.8530e+00 +1.0368e+00 +1.6874e+00 -1.3895e+00 +7.1885e-01
473 0 +3.793167635e+00 -1.831568324e+02 -1.831568324e+02 +1.0288e+00 -1.0414e+00 -1.7385e+00 -1.0858e+00 +4.1927e-01 -6.2590e-03 +2.9610e+00 -5.6242e-01 -1.5928e-01 +7.2008e-01 +2.9515e-02 -8.8447e-01 -3.0142e+00 -1.9208e+00 -6.1785e-01 -2.3110e+00 +1.0213e+00 +1.1844e+00 -2.3380e+00 +1.2488e+00
483 0 +3.042511943e+00 -1.839074881e+02 -1.839074881e+02 +7.4882e-01 -7.4008e-01 -7.8104e-01 -1.2696e+00 +8.4854e-01 -5.8283e-01 +2.0051e+00 -4.6113e-01 +4.7995e-01 +4.7994e-01 +5.4685e-01 -5.7467e-01 -3.0036e+00 -1.0414e+00 +1.6957e-01 -1.6507e+00 +1.5883e-01 +1.8429e+00 -2.0240e+00 +1.2425e+00
2004 0 +3.042511943e+00 -1.839074881e+02 -1.839074881e+02 +7.4882e-01 -7.4008e-01 -7.8104e-01 -1.2696e+00 +8.4854e-01 -5.8283e-01 +2.0051e+00 -4.6113e-01 +4.7995e-01 +4.7994e-01 +5.4685e-01 -5.7467e-01 -3.0036e+00 -1.0414e+00 +1.6957e-01 -1.6507e+00 +1.5883e-01 +1.8429e+00 -2.0240e+00 +1.2425e+00
% f evaluations | g evaluations | best noise-free fitness - Fopt (5.859500000000e+02) + sum g_i+ | measured fitness | best measured fitness or single-digit g-values | x1 | x2...
1 0 +1.322171468e+01 +5.991717147e+02 +5.991717147e+02 +1.5169e-02 +1.4999e-01 -2.9877e-01 +2.0808e-01 -1.2549e-01 -4.7538e-01 -1.9431e-01 +1.7958e-01 +9.9677e-02 -3.4425e-01 +1.8561e-01 -2.6397e-02 +1.2753e-01 +9.9679e-02 -3.4706e-01 +1.0530e-01 -1.8207e-01 +4.6411e-01 +2.1701e-01 +1.3841e-02
4 0 +1.126209133e+01 +5.972120913e+02 +5.972120913e+02 +7.4298e-01 +1.0570e-01 +2.0241e-02 -2.1968e-01 +8.9143e-02 -2.8854e-01 +3.8155e-01 -1.9430e-01 +4.7542e-02 +5.9704e-01 +3.4926e-01 +7.2800e-02 +4.1399e-01 -1.6368e-02 +2.3858e-01 +5.7272e-03 -2.7164e-01 +1.2909e-01 +2.8041e-01 -1.0384e-01
9 0 +9.579668454e+00 +5.955296685e+02 +5.955296685e+02 -1.2035e-01 +2.6853e-01 -4.4876e-01 -2.0862e-01 -3.5824e-02 -3.1345e-01 +1.0819e-01 -4.5448e-01 +1.6554e-02 -4.3209e-01 -4.3575e-02 +1.5243e-01 +6.6109e-01 +3.2330e-01 +4.8519e-01 +2.0392e-02 +6.3475e-01 -7.2381e-02 -7.5663e-02 -3.8464e-01
12 0 +9.453682722e+00 +5.954036827e+02 +5.954036827e+02 +5.5088e-02 +5.9361e-02 -3.9196e-01 -9.3262e-02 -2.9728e-01 +5.7458e-01 +6.5576e-01 +2.5210e-02 -3.5369e-01 +3.4682e-01 -5.7002e-02 +5.2365e-01 +5.9063e-01 +5.0189e-01 -1.1858e-01 -2.9943e-01 -1.9892e-01 -2.8905e-02 -2.7715e-01 +3.5803e-01
13 0 +7.542118496e+00 +5.934921185e+02 +5.934921185e+02 +6.3859e-02 +3.3273e-02 -3.1575e-01 -2.3539e-01 -1.6200e-01 +3.6356e-02 +2.7441e-01 +4.3848e-02 +4.7368e-01 +9.4345e-02 +6.2301e-01 +3.7519e-01 +5.8461e-01 -8.0598e-03 +5.6862e-02 -4.5792e-01 +5.1895e-01 +5.9577e-03 -1.3430e-01 -1.4143e-02
41 0 +7.407105017e+00 +5.933571050e+02 +5.933571050e+02 +3.2335e-01 +9.5966e-02 -3.2268e-01 -3.3018e-01 -5.3518e-01 +5.0253e-02 +6.5445e-02 -2.0246e-01 +3.1054e-01 -1.5833e-01 +4.1228e-01 -2.6682e-01 +6.2380e-01 +6.3156e-01 -3.0647e-04 +4.5541e-01 +1.2640e-01 +3.1537e-02 -2.6696e-01 -2.7998e-01
62 0 +6.356401387e+00 +5.923064014e+02 +5.923064014e+02 +4.8905e-01 +1.3228e-01 -7.4182e-01 -3.6904e-01 -4.1402e-01 +1.3281e-01 -1.1593e-01 -2.0091e-01 +2.9443e-01 +5.0430e-01 +4.9685e-01 +3.2434e-01 +9.4833e-01 +3.5941e-01 -1.0505e-01 -1.6395e-02 -1.4713e-02 +1.3562e-01 +1.4557e-02 +3.2533e-02
187 0 +6.073199163e+00 +5.920231992e+02 +5.920231992e+02 +3.2822e-01 -8.8056e-01 -1.1267e+00 -9.3721e-01 +1.6228e-01 -8.2749e-01 +3.7470e-03 -7.1859e-01 +6.6296e-01 +1.1517e+00 +8.5652e-02 -2.6161e-01 +1.6144e+00 +6.9151e-01 -2.2334e-01 +3.4857e-01 +1.3154e+00 -4.2661e-01 -2.2973e-01 +1.8929e-02
225 0 +5.202146048e+00 +5.911521460e+02 +5.911521460e+02 +1.0087e+00 -4.8385e-01 -8.0995e-01 -8.3357e-01 -3.9355e-01 +1.1109e-01 +3.0626e-01 -4.0712e-01 +5.5418e-01 +1.1597e+00 +2.6931e-01 -2.1803e-01 +1.4456e+00 +9.1338e-01 +3.5733e-01 +8.6224e-01 +7.8208e-01 +8.5806e-02 +6.6856e-02 +3.4921e-01
273 0 +4.850616393e+00 +5.908006164e+02 +5.908006164e+02 +1.7542e+00 -9.9188e-01 -3.1890e-01 -1.1053e+00 -2.6343e-01 +5.5878e-01 +5.5170e-01 -1.0370e+00 +1.0541e+00 +9.3033e-01 +4.1415e-01 +6.4944e-02 +9.7852e-01 +1.0534e+00 +5.7960e-01 +7.8465e-01 -3.4273e-01 +3.2361e-01 +3.9355e-01 -3.7867e-02
787 0 +3.899045821e+00 +5.898490458e+02 +5.898490458e+02 +1.3828e+00 +8.8882e-01 -1.1709e+00 -1.0987e+00 +6.1911e-01 +1.3514e-01 +5.5235e-01 -1.6974e+00 -5.5025e-01 +2.2175e+00 -4.9170e-01 +7.0162e-01 -1.2488e+00 +1.6942e+00 +8.9154e-01 +1.1467e+00 -2.4979e+00 +1.2505e+00 -4.8812e-01 -1.7323e-01
1065 0 +3.157023036e+00 +5.891070230e+02 +5.891070230e+02 +1.1370e+00 +8.6280e-01 -1.6170e+00 -1.4725e+00 +1.9657e-01 +1.2710e-02 -7.4299e-02 -1.2337e+00 -5.9389e-01 +2.9109e+00 -7.0278e-01 +1.7053e-01 -1.3043e+00 +1.0569e+00 +8.4389e-01 +2.0140e+00 -2.1326e+00 +1.5155e+00 +2.9623e-01 -1.1848e+00
2004 0 +3.157023036e+00 +5.891070230e+02 +5.891070230e+02 +1.1370e+00 +8.6280e-01 -1.6170e+00 -1.4725e+00 +1.9657e-01 +1.2710e-02 -7.4299e-02 -1.2337e+00 -5.9389e-01 +2.9109e+00 -7.0278e-01 +1.7053e-01 -1.3043e+00 +1.0569e+00 +8.4389e-01 +2.0140e+00 -2.1326e+00 +1.5155e+00 +2.9623e-01 -1.1848e+00
% f evaluations | g evaluations | best noise-free fitness - Fopt (2.871600000000e+02) + sum g_i+ | measured fitness | best measured fitness or single-digit g-values | x1 | x2...
1 0 +8.646375246e+00 +2.958063752e+02 +2.958063752e+02 +1.5169e-02 +1.4999e-01 -2.9877e-01 +2.0808e-01 -1.2549e-01 -4.7538e-01 -1.9431e-01 +1.7958e-01 +9.9677e-02 -3.4425e-01 +1.8561e-01 -2.6397e-02 +1.2753e-01 +9.9679e-02 -3.4706e-01 +1.0530e-01 -1.8207e-01 +4.6411e-01 +2.1701e-01 +1.3841e-02
2 0 +8.601492118e+00 +2.957614921e+02 +2.957614921e+02 -2.9490e-01 +1.6330e-02 +4.7968e-02 -3.6269e-01 +6.6701e-01 +1.1829e-01 +5.0771e-01 -3.3385e-01 +4.9073e-01 -4.0830e-01 -1.9537e-01 +1.6274e-01 +1.4402e-02 -7.0745e-01 -3.3169e-01 +2.5136e-01 +6.2639e-01 +2.7446e-01 -8.2865e-02 +2.3896e-01
14 0 +8.457866032e+00 +2.956178660e+02 +2.956178660e+02 -1.0732e-01 +1.3613e-01 -1.8238e-01 -3.6657e-01 +3.2307e-01 +1.4427e-01 +6.0652e-01 +2.5147e-01 +1.3406e-01 -5.3843e-01 -2.5101e-01 -4.4452e-02 -2.7175e-01 -3.3101e-01 -8.9463e-02 +2.9719e-01 +1.4187e-01 -7.2901e-02 +1.7296e-01 +1.4427e-01
16 0 +7.311772358e+00 +2.944717724e+02 +2.944717724e+02 -3.3568e-01 +2.7815e-01 -4.8028e-01 -7.8023e-01 +9.6463e-02 +1.7918e-01 -2.5601e-01 +3.3390e-02 -2.6200e-01 -4.5622e-01 +4.5944e-01 -7.6405e-02 -1.2436e-01 -6.0706e-01 +1.9818e-02 +3.7347e-01 +1.9764e-01 +7.1021e-01 -3.1652e-01 -3.9352e-01
20 0 +6.832532532e+00 +2.939925325e+02 +2.939925325e+02 -6.8068e-02 +4.2718e-01 +3.5772e-01 +3.4817e-01 +5.0460e-01 -4.5581e-01 +6.5782e-01 +3.1017e-01 +3.5909e-01 -2.6801e-01 -5.1079e-02 +3.3228e-01 -2.3226e-03 +1.0434e-01 +1.6231e-01 +3.8677e-01 -4.4295e-02 +4.9150e-01 +4.3043e-01 +5.6730e-02
44 0 +6.408381198e+00 +2.935683812e+02 +2.935683812e+02 -2.7132e-01 +5.4462e-03 +1.0601e-01 -1.3829e-01 +5.3497e-01 +3.0636e-01 +3.6572e-01 +5.9329e-01 +2.6901e-01 -4.4446e-01 -2.4250e-02 +4.5655e-02 -1.7921e-01 -2.4817e-01 -8.3126e-02 +3.9859e-01 +1.0379e-01 +4.8116e-01 +1.6267e-01 +4.8401e-01
70 0 +4.672859893e+00 +2.918328599e+02 +2.918328599e+02 -4.8294e-01 +1.2487e-01 +1.6797e-01 -7.5559e-02 +5.1428e-01 +8.8314e-02 +1.7543e-01 +1.9999e-01 +2.4643e-01 -3.6986e-01 +2.1991e-01 +1.2525e-01 -5.3403e-01 +3.5480e-02 -5.5439e-02 +1.2117e-01 +4.2477e-01 +5.7729e-01 +4.3845e-01 +4.3241e-02
731 0 +4.445482645e+00 +2.916054826e+02 +2.916054826e+02 -8.8644e-01 +1.3723e+00 -6.4645e-01 +1.8674e+00 -9.5746e-02 -3.5694e+00 -9.0207e-02 -1.4396e+00 -9.3742e-01 -1.8459e+00 +2.0074e+00 -1.0728e+00 +9.8172e-01 -9.0064e-01 +1.0865e+00 -1.0775e+00 +4.0913e-01 +5.2512e+00 +1.6897e-02 -2.9292e+00
922 0 +4.263735392e+00 +2.914237354e+02 +2.914237354e+02 -2.8058e+00 +2.4069e+00 -1.1614e+00 +1.8156e+00 +1.4504e+00 -2.7296e+00 -2.4194e-01 -9.0255e-01 +6.8863e-01 -1.6116e+00 +1.0003e+00 -2.7463e+00 +1.8232e+00 -2.0231e+00 +2.9202e-01 -2.9466e+00 +1.4414e-02 +3.1716e+00 +9.5562e-01 -3.1506e+00
1873 0 +3.468214184e+00 +2.906282142e+02 +2.906282142e+02 -2.2010e+00 +1.3076e+00 -2.2720e-01 -2.4940e+00 +4.5706e+00 -4.5659e-02 +3.1288e+00 -2.6301e+00 +1.3650e+00 +4.4205e-01 +2.3475e-01 +1.4238e+00 +2.3905e+00 -7.1738e-01 +2.7666e-01 -4.1427e+00 -2.0326e+00 -3.7279e+00 +3.5245e+00 -2.9235e+00
2004 0 +3.468214184e+00 +2.906282142e+02 +2.906282142e+02 -2.2010e+00 +1.3076e+00 -2.2720e-01 -2.4940e+00 +4.5706e+00 -4.5659e-02 +3.1288e+00 -2.6301e+00 +1.3650e+00 +4.4205e-01 +2.3475e-01 +1.4238e+00 +2.3905e+00 -7.1738e-01 +2.7666e-01 -4.1427e+00 -2.0326e+00 -3.7279e+00 +3.5245e+00 -2.9235e+00
% f evaluations | g evaluations | best noise-free fitness - Fopt (-3.943800000000e+02) + sum g_i+ | measured fitness | best measured fitness or single-digit g-values | x1 | x2...
1 0 +1.257437014e+01 -3.818056299e+02 -3.818056299e+02 +1.5169e-02 +1.4999e-01 -2.9877e-01 +2.0808e-01 -1.2549e-01 -4.7538e-01 -1.9431e-01 +1.7958e-01 +9.9677e-02 -3.4425e-01 +1.8561e-01 -2.6397e-02 +1.2753e-01 +9.9679e-02 -3.4706e-01 +1.0530e-01 -1.8207e-01 +4.6411e-01 +2.1701e-01 +1.3841e-02
3 0 +1.104904135e+01 -3.833309587e+02 -3.833309587e+02 -3.4314e-01 +1.5298e-01 -4.0424e-01 -2.8081e-03 -3.9212e-02 +2.4063e-01 -9.0891e-02 +3.6061e-01 -5.9025e-02 +2.5096e-01 +2.3599e-01 -5.5228e-01 +1.1265e-02 +1.0779e-02 -2.3363e-01 +5.3825e-02 -4.3668e-01 +1.6686e-01 +1.5294e-01 +9.0138e-02
6 0 +9.965712909e+00 -3.844142871e+02 -3.844142871e+02 +2.2147e-01 +1.9523e-01 +1.8442e-01 -3.7971e-02 +4.7367e-01 -6.2155e-02 +9.0203e-03 -1.0086e-01 +2.4380e-02 -7.2159e-02 +6.0967e-01 +1.2776e-01 -5.0490e-01 -1.3017e-01 -4.2488e-01 +2.6398e-01 +4.1239e-01 -1.3532e-01 +1.8407e-01 -6.3050e-02
7 0 +7.163485291e+00 -3.872165147e+02 -3.872165147e+02 +1.2242e-01 +5.1972e-01 -1.0483e-01 -3.6994e-01 +2.1548e-01 +1.5497e-01 +2.0214e-01 +3.0794e-01 -2.0435e-01 -5.8982e-01 +3.1228e-01 -1.2260e-01 -3.6223e-01 -3.5050e-01 +3.3852e-01 +5.4252e-02 +9.0874e-02 +2.5513e-01 -2.0308e-01 -3.3755e-01
40 0 +5.827593561e+00 -3.885524064e+02 -3.885524064e+02 +1.7454e-01 +2.4583e-01 +1.3307e-02 +1.4779e-01 -1.5425e-01 +3.9896e-02 +1.1382e+00 -8.8521e-02 +8.0890e-02 +6.0938e-02 +1.4490e-01 -2.9509e-01 +1.1062e-01 +3.2507e-01 +3.6239e-01 +1.0313e-01 -3.8760e-01 -3.6889e-01 -7.1337e-01 -2.1482e-01
108 0 +5.082813581e+00 -3.892971864e+02 -3.892971864e+02 +1.1732e-01 +2.3358e-01 -2.0721e-01 +1.6303e-01 +8.6502e-03 +5.4983e-02 +5.6761e-01 -2.4835e-01 -1.3079e-01 +2.6573e-01 +5.4052e-01 -3.4671e-01 -2.5273e-01 -3.9725e-02 +2.3762e-01 +8.2076e-02 -2.9786e-01 -1.3051e-01 -8.3940e-01 -2.1468e-01
350 0 +4.773724642e+00 -3.896062754e+02 -3.896062754e+02 -9.6279e-02 -4.5620e-01 +7.0073e-02 +2.1701e-02 +1.7807e-01 -6.0852e-02 +6.6685e-01 +3.5653e-01 -5.9028e-01 -3.8374e-01 +7.1102e-01 +1.0507e-01 -1.1417e-01 -4.0768e-01 +6.3777e-01 +2.9905e-01 -7.2718e-01 -4.7288e-02 +3.2334e-02 +6.0941e-02
1384 0 +4.427843230e+00 -3.899521568e+02 -3.899521568e+02 -2.4029e-01 -1.5890e+00 +1.4830e+00 +9.0681e-01 +1.5040e+00 +6.6811e-01 +6.9526e-01 +2.5307e+00 -5.3837e-01 -3.9092e-01 +3.3408e-01 +4.2269e-03 -1.3488e+00 -1.4084e+00 -4.0638e-01 +1.6835e+00 -1.3944e+00 -1.9767e-01 -8.8610e-01 +5.7391e-01
1385 0 +3.394805646e+00 -3.909851944e+02 -3.909851944e+02 -1.5633e-01 -1.5436e+00 +6.1703e-01 +7.0576e-01 +1.3893e+00 +7.6189e-01 +4.4803e-01 +2.1799e+00 -3.5841e-01 -3.6033e-01 +2.4697e-01 +3.6554e-02 -1.3744e+00 -6.7133e-01 -3.8535e-01 +1.7666e+00 -1.2490e+00 -1.5805e-01 -8.0386e-01 +7.6874e-01
1534 0 +2.737577645e+00 -3.916424224e+02 -3.916424224e+02 -2.3897e-01 -1.3168e+00 +5.0614e-01 +5.0715e-01 +1.7246e+00 +7.4285e-01 +6.9405e-01 +2.6210e+00 -4.5851e-01 -5.1323e-01 -3.9155e-01 +7.3384e-01 -8.7316e-01 -4.0070e-01 -2.8243e-01 +1.5688e+00 -1.6048e+00 -2.2145e-02 -1.0328e+00 +9.7900e-01
2004 0 +2.737577645e+00 -3.916424224e+02 -3.916424224e+02 -2.3897e-01 -1.3168e+00 +5.0614e-01 +5.0715e-01 +1.7246e+00 +7.4285e-01 +6.9405e-01 +2.6210e+00 -4.5851e-01 -5.1323e-01 -3.9155e-01 +7.3384e-01 -8.7316e-01 -4.0070e-01 -2.8243e-01 +1.5688e+00 -1.6048e+00 -2.2145e-02 -1.0328e+00 +9.7900e-01
% f evaluations | g evaluations | best noise-free fitness - Fopt (5.443000000000e+01) + sum g_i+ | measured fitness | best measured fitness or single-digit g-values | x1 | x2...
1 0 +1.674321527e+01 +7.117321527e+01 +7.117321527e+01 +1.5169e-02 +1.4999e-01 -2.9877e-01 +2.0808e-01 -1.2549e-01 -4.7538e-01 -1.9431e-01 +1.7958e-01 +9.9677e-02 -3.4425e-01 +1.8561e-01 -2.6397e-02 +1.2753e-01 +9.9679e-02 -3.4706e-01 +1.0530e-01 -1.8207e-01 +4.6411e-01 +2.1701e-01 +1.3841e-02
2 0 +1.321201133e+01 +6.764201133e+01 +6.764201133e+01 -2.9490e-01 +1.6330e-02 +4.7968e-02 -3.6269e-01 +6.6701e-01 +1.1829e-01 +5.0771e-01 -3.3385e-01 +4.9073e-01 -4.0830e-01 -1.9537e-01 +1.6274e-01 +1.4402e-02 -7.0745e-01 -3.3169e-01 +2.5136e-01 +6.2639e-01 +2.7446e-01 -8.2865e-02 +2.3896e-01
4 0 +1.089350792e+01 +6.532350792e+01 +6.532350792e+01 +7.4298e-01 +1.0570e-01 +2.0241e-02 -2.1968e-01 +8.9143e-02 -2.8854e-01 +3.8155e-01 -1.9430e-01 +4.7542e-02 +5.9704e-01 +3.4926e-01 +7.2800e-02 +4.1399e-01 -1.6368e-02 +2.3858e-01 +5.7272e-03 -2.7164e-01 +1.2909e-01 +2.8041e-01 -1.0384e-01
11 0 +7.886877152e+00 +6.231687715e+01 +6.231687715e+01 -1.4180e-01 +2.8880e-02 +3.6877e-01 +4.7997e-01 -1.1983e-01 -4.3926e-01 -4.1517e-01 +6.3761e-01 -1.2086e-01 +1.3737e-01 +5.7520e-01 -2.0404e-01 -5.8374e-02 -1.7418e-01 -3.2879e-01 +2.3994e-01 +3.1972e-01 -5.6215e-01 +2.9453e-01 -7.0793e-02
28 0 +7.552463939e+00 +6.198246394e+01 +6.198246394e+01 +1.3726e-01 -1.2754e-01 -4.3504e-02 +3.7707e-01 -8.5515e-01 -4.5482e-01 +2.4715e-01 -7.1508e-02 +3.8175e-01 +7.9433e-01 +4.0757e-01 -1.6822e-01 -4.5725e-02 -1.1990e-01 -4.5390e-01 +1.2414e-03 +5.3413e-01 -5.3943e-01 +4.9878e-01 -2.4617e-01
35 0 +6.232045804e+00 +6.066204580e+01 +6.066204580e+01 -3.7760e-01 +1.5954e-01 +1.7089e-01 -5.4074e-02 -7.7227e-01 -9.9122e-01 +1.2397e+00 -2.6369e-01 +2.2913e-01 +5.6387e-01 +4.5957e-01 -1.8751e-02 -3.1919e-01 -2.9016e-01 -2.1409e-01 +3.4803e-01 -2.5480e-01 -7.6875e-04 +5.7212e-01 -3.5937e-01
130 0 +4.925338471e+00 +5.935533847e+01 +5.935533847e+01 +4.5123e-01 +3.0707e-01 +6.8878e-01 +7.2520e-01 -4.2654e-01 -1.1397e+00 +4.0437e-01 -5.5892e-01 -2.4349e-01 +7.3772e-01 -8.6901e-01 -7.6677e-01 -2.6351e-01 -7.8336e-01 -3.1520e-01 +1.4002e-01 +5.9743e-02 +2.0125e-01 -7.7630e-01 -7.7426e-01
132 0 +4.468423461e+00 +5.889842346e+01 +5.889842346e+01 +6.3854e-01 -1.8030e-01 +1.5479e-01 +3.0663e-01 +1.4700e-01 -4.0010e-01 +8.1791e-01 -3.1083e-01 +3.2997e-01 +5.2721e-01 -6.8946e-01 -9.0601e-01 +6.2354e-01 -5.7907e-01 -5.2823e-01 +3.9844e-02 +2.4460e-01 +1.9606e-01 -2.1107e-01 -2.9653e-02
457 0 +3.596718482e+00 +5.802671848e+01 +5.802671848e+01 +1.7009e+00 +5.6670e-01 +9.2619e-01 -1.6990e-01 +1.2953e+00 -1.5665e+00 -4.0939e-02 +5.6048e-01 +7.9190e-01 +1.0758e+00 -8.7447e-01 +8.0434e-01 +9.9944e-01 -4.6579e-01 -9.8974e-01 -1.2007e-01 +5.4425e-01 +2.4969e+00 +6.2185e-02 +1.0795e+00
2004 0 +3.596718482e+00 +5.802671848e+01 +5.802671848e+01 +1.7009e+00 +5.6670e-01 +9.2619e-01 -1.6990e-01 +1.2953e+00 -1.5665e+00 -4.0939e-02 +5.6048e-01 +7.9190e-01 +1.0758e+00 -8.7447e-01 +8.0434e-01 +9.9944e-01 -4.6579e-01 -9.8974e-01 -1.2007e-01 +5.4425e-01 +2.4969e+00 +6.2185e-02 +1.0795e+00
% f evaluations | g evaluations | best noise-free fitness - Fopt (1.396900000000e+02) + sum g_i+ | measured fitness | best measured fitness or single-digit g-values | x1 | x2...
1 0 +1.941518575e+01 +1.591051858e+02 +1.591051858e+02 +1.5169e-02 +1.4999e-01 -2.9877e-01 +2.0808e-01 -1.2549e-01 -4.7538e-01 -1.9431e-01 +1.7958e-01 +9.9677e-02 -3.4425e-01 +1.8561e-01 -2.6397e-02 +1.2753e-01 +9.9679e-02 -3.4706e-01 +1.0530e-01 -1.8207e-01 +4.6411e-01 +2.1701e-01 +1.3841e-02
3 0 +1.189864006e+01 +1.515886401e+02 +1.515886401e+02 -3.4314e-01 +1.5298e-01 -4.0424e-01 -2.8081e-03 -3.9212e-02 +2.4063e-01 -9.0891e-02 +3.6061e-01 -5.9025e-02 +2.5096e-01 +2.3599e-01 -5.5228e-01 +1.1265e-02 +1.0779e-02 -2.3363e-01 +5.3825e-02 -4.3668e-01 +1.6686e-01 +1.5294e-01 +9.0138e-02
15 0 +5.797442574e+00 +1.454874426e+02 +1.454874426e+02 +1.9877e-01 +4.8309e-01 +3.8218e-01 -3.1732e-01 -3.5997e-01 -2.7337e-01 +3.5964e-01 -7.8367e-02 -2.2836e-01 -2.5653e-01 +5.5325e-01 -1.2628e+00 -4.5540e-01 -1.8769e-02 -3.6179e-01 +1.3360e-01 +6.3771e-02 -5.6940e-02 +2.9012e-01 +3.7290e-01
78 0 +5.189970929e+00 +1.448799709e+02 +1.448799709e+02 -3.0401e-01 +2.9570e-01 +2.9819e-01 -2.6070e-02 -7.9698e-02 -4.8253e-01 +4.0420e-01 +1.5839e-01 +4.1402e-02 -4.8285e-01 +1.0536e+00 -7.3575e-02 -2.2786e-01 +1.4070e-01 -5.1907e-02 -1.5375e-01 +3.0003e-01 +2.3940e-01 +3.8877e-01 -4.0518e-01
124 0 +5.052420552e+00 +1.447424206e+02 +1.447424206e+02 +2.0976e-01 +5.6530e-01 -3.6959e-01 -1.7673e-01 -3.9557e-01 +4.3119e-02 +1.3182e-01 +2.6708e-01 +2.1809e-01 -1.6804e-01 +9.4865e-01 -2.9139e-01 +5.0482e-03 -3.1629e-01 +3.0667e-01 +4.7845e-02 -1.2141e-02 +6.7255e-02 -9.5298e-02 -6.5580e-01
137 0 +4.431994506e+00 +1.441219945e+02 +1.441219945e+02 +2.9311e-02 +4.5513e-01 -3.6252e-02 -2.6409e-01 -3.7906e-01 -2.1299e-01 +3.0462e-01 +1.7330e-01 +3.3711e-01 -1.6091e-01 +1.1791e+00 -4.1452e-01 -3.7771e-01 +1.8278e-02 +1.8270e-01 +7.5627e-03 -1.5745e-01 +9.4822e-02 +3.6109e-01 -3.6349e-01
849 0 +3.396630241e+00 +1.430866302e+02 +1.430866302e+02 -3.5455e-02 +1.6518e+00 +5.3993e-01 -2.2725e+00 +5.0000e-01 -2.0898e-01 -1.6586e-01 +9.1455e-01 +6.4689e-01 -3.6873e-01 +2.6840e-01 -1.4977e-01 -1.6007e+00 +1.7464e+00 +9.6642e-02 -2.1028e+00 -6.0932e-01 +1.0245e-01 +6.6302e-01 -1.1821e+00
2004 0 +3.396630241e+00 +1.430866302e+02 +1.430866302e+02 -3.5455e-02 +1.6518e+00 +5.3993e-01 -2.2725e+00 +5.0000e-01 -2.0898e-01 -1.6586e-01 +9.1455e-01 +6.4689e-01 -3.6873e-01 +2.6840e-01 -1.4977e-01 -1.6007e+00 +1.7464e+00 +9.6642e-02 -2.1028e+00 -6.0932e-01 +1.0245e-01 +6.6302e-01 -1.1821e+00
% f evaluations | g evaluations | best noise-free fitness - Fopt (-5.794000000000e+01) + sum g_i+ | measured fitness | best measured fitness or single-digit g-values | x1 | x2...
1 0 +2.044837205e+01 -3.749162795e+01 -3.749162795e+01 +1.5169e-02 +1.4999e-01 -2.9877e-01 +2.0808e-01 -1.2549e-01 -4.7538e-01 -1.9431e-01 +1.7958e-01 +9.9677e-02 -3.4425e-01 +1.8561e-01 -2.6397e-02 +1.2753e-01 +9.9679e-02 -3.4706e-01 +1.0530e-01 -1.8207e-01 +4.6411e-01 +2.1701e-01 +1.3841e-02
3 0 +9.934298786e+00 -4.800570121e+01 -4.800570121e+01 -3.4314e-01 +1.5298e-01 -4.0424e-01 -2.8081e-03 -3.9212e-02 +2.4063e-01 -9.0891e-02 +3.6061e-01 -5.9025e-02 +2.5096e-01 +2.3599e-01 -5.5228e-01 +1.1265e-02 +1.0779e-02 -2.3363e-01 +5.3825e-02 -4.3668e-01 +1.6686e-01 +1.5294e-01 +9.0138e-02
13 0 +5.605365747e+00 -5.233463425e+01 -5.233463425e+01 -1.5484e-01 +2.3173e-01 -4.1335e-01 -1.9235e-01 -4.0829e-01 +2.4634e-01 +9.1293e-02 +1.9258e-01 +2.5087e-01 +2.5023e-02 -1.6159e-02 +1.4628e-01 +3.5347e-01 -4.8697e-01 +2.2020e-01 +6.5672e-01 -3.6192e-01 -1.2106e-01 -2.1054e-01 +9.1186e-02
319 0 +4.060937301e+00 -5.387906270e+01 -5.387906270e+01 -1.0676e+00 +6.4842e-02 -5.8344e-01 -5.3740e-01 -8.5710e-01 +3.2952e-01 -1.2907e+00 +5.0855e-01 -4.7518e-01 -4.1105e-01 -3.0251e-01 -1.7027e-01 +4.7537e-01 -8.7344e-01 +1.0839e-01 +3.4787e-01 +2.2954e-01 +2.9263e-01 +7.9161e-01 +5.2439e-02
380 0 +3.883134446e+00 -5.405686555e+01 -5.405686555e+01 -7.0378e-01 -1.5572e-01 -5.0409e-01 -1.4962e-01 -1.3564e+00 +1.9826e-01 -1.4580e+00 +5.2320e-01 -8.0922e-01 -7.2548e-01 -2.1157e-01 -1.3811e-01 -2.4173e-02 -3.3264e-01 -5.8729e-02 -7.7544e-02 +2.8461e-01 +2.1038e-01 +1.0972e+00 -5.7195e-02
891 0 +3.774783988e+00 -5.416521601e+01 -5.416521601e+01 -1.8962e-02 -9.6752e-01 -1.2299e+00 +2.0026e-01 -1.4901e+00 -7.4095e-01 -1.1023e+00 +2.6931e-02 +1.1776e-01 -1.7472e+00 -7.8593e-01 +5.0551e-01 -3.0804e-01 -2.4094e-01 -3.5835e-01 -1.0168e-01 -3.4517e-01 -5.6069e-02 +5.8937e-01 +1.1839e-01
1803 0 +3.002403244e+00 -5.493759676e+01 -5.493759676e+01 +7.4837e-01 -1.6648e+00 -2.7870e+00 +1.1573e+00 -1.5064e+00 -1.3602e+00 -2.0100e+00 -3.0699e-01 -3.2832e-01 -4.1672e+00 -1.4702e+00 +5.5598e-02 +6.5793e-02 -7.2371e-01 -5.7925e-01 -7.5205e-02 +3.4098e-01 -3.8600e-01 +2.6472e+00 -1.3131e+00
2004 0 +3.002403244e+00 -5.493759676e+01 -5.493759676e+01 +7.4837e-01 -1.6648e+00 -2.7870e+00 +1.1573e+00 -1.5064e+00 -1.3602e+00 -2.0100e+00 -3.0699e-01 -3.2832e-01 -4.1672e+00 -1.4702e+00 +5.5598e-02 +6.5793e-02 -7.2371e-01 -5.7925e-01 -7.5205e-02 +3.4098e-01 -3.8600e-01 +2.6472e+00 -1.3131e+00
% f evaluations | g evaluations | best noise-free fitness - Fopt (1.253900000000e+02) + sum g_i+ | measured fitness | best measured fitness or single-digit g-values | x1 | x2...
1 0 +1.247466129e+01 +1.378646613e+02 +1.378646613e+02 +1.5169e-02 +1.4999e-01 -2.9877e-01 +2.0808e-01 -1.2549e-01 -4.7538e-01 -1.9431e-01 +1.7958e-01 +9.9677e-02 -3.4425e-01 +1.8561e-01 -2.6397e-02 +1.2753e-01 +9.9679e-02 -3.4706e-01 +1.0530e-01 -1.8207e-01 +4.6411e-01 +2.1701e-01 +1.3841e-02
2 0 +1.044527310e+01 +1.358352731e+02 +1.358352731e+02 -2.9490e-01 +1.6330e-02 +4.7968e-02 -3.6269e-01 +6.6701e-01 +1.1829e-01 +5.0771e-01 -3.3385e-01 +4.9073e-01 -4.0830e-01 -1.9537e-01 +1.6274e-01 +1.4402e-02 -7.0745e-01 -3.3169e-01 +2.5136e-01 +6.2639e-01 +2.7446e-01 -8.2865e-02 +2.3896e-01
10 0 +9.555916867e+00 +1.349459169e+02 +1.349459169e+02 +6.6676e-02 +3.1608e-01 -1.9016e-01 -1.1118e-01 -1.3906e-01 -9.9437e-02 -1.7712e-01 -4.0502e-01 +4.1430e-01 -5.9154e-01 -2.7813e-01 +1.0313e-01 +3.0348e-01 -6.2582e-02 -8.4977e-02 +1.4844e-02 -7.8397e-02 +2.6303e-01 -1.4487e-01 -2.9564e-01
12 0 +8.543842764e+00 +1.339338428e+02 +1.339338428e+02 +5.5088e-02 +5.9361e-02 -3.9196e-01 -9.3262e-02 -2.9728e-01 +5.7458e-01 +6.5576e-01 +2.5210e-02 -3.5369e-01 +3.4682e-01 -5.7002e-02 +5.2365e-01 +5.9063e-01 +5.0189e-01 -1.1858e-01 -2.9943e-01 -1.9892e-01 -2.8905e-02 -2.7715e-01 +3.5803e-01
19 0 +7.473229227e+00 +1.328632292e+02 +1.328632292e+02 +3.4197e-02 -3.0281e-01 -1.8681e-01 -2.0100e-01 +3.9752e-01 +2.2255e-01 +1.7242e-01 -2.4933e-01 +2.7522e-01 +2.8270e-01 +3.5262e-02 +2.7562e-01 +6.9285e-01 +2.7497e-01 -2.6665e-01 -4.3956e-02 +1.4814e-01 +5.7973e-01 +3.2833e-02 +2.8452e-02
47 0 +6.924837471e+00 +1.323148375e+02 +1.323148375e+02 -2.2821e-01 -3.0497e-02 -1.5236e-01 -2.2395e-01 -1.5962e-01 +2.2180e-01 +5.4023e-01 -5.1579e-01 +2.4991e-01 +2.6149e-01 +7.4119e-02 +8.4371e-02 +7.6362e-01 +4.6854e-01 -3.0028e-01 -2.4365e-01 +2.6752e-01 +1.1877e-01 +1.8277e-01 -1.3301e-01
61 0 +6.759465589e+00 +1.321494656e+02 +1.321494656e+02 -8.0877e-01 +1.3090e-01 -7.1480e-01 +5.0651e-01 +6.0654e-03 +6.7031e-02 +5.2358e-01 -9.6140e-01 +7.7315e-01 -1.6220e-01 -2.1391e-02 +4.6923e-01 +8.9386e-01 -2.1235e-01 -1.0003e-01 -7.5042e-02 +6.6240e-02 +2.7724e-01 -1.8058e-01 +1.3105e-01
100 0 +6.035624058e+00 +1.314256241e+02 +1.314256241e+02 +9.7762e-02 +5.1568e-01 -8.1707e-01 +5.0951e-01 -3.5161e-01 +5.3652e-01 +7.3318e-01 -1.8596e+00 +9.3190e-01 -1.3751e-01 -2.1237e-01 -3.6706e-02 +1.2883e+00 +7.3215e-01 -2.3149e-01 +4.5043e-02 +2.6273e-01 +7.2748e-01 +4.2251e-01 +1.1283e-01
173 0 +5.944876109e+00 +1.313348761e+02 +1.313348761e+02 +7.5084e-01 +9.1630e-01 -1.6196e+00 +4.9983e-01 -1.1096e+00 +4.8468e-01 +9.6724e-01 -1.4687e+00 +8.1623e-01 -3.7477e-01 +2.7880e-01 +2.4638e-01 +9.0204e-01 +5.3247e-01 -1.3877e-01 +5.2078e-01 +2.7375e-01 -1.7367e-01 +1.9281e-01 +1.3226e+00
197 0 +5.472312172e+00 +1.308623122e+02 +1.308623122e+02 +2.3487e-01 +4.7327e-01 -9.2235e-01 +3.6531e-01 -1.6775e+00 +1.5875e-02 +1.0261e+00 -1.2438e+00 +1.8751e-01 +1.5030e-02 +1.2643e+00 -4.4174e-02 +1.3590e+00 +4.4658e-01 -1.5230e-01 +5.7948e-01 +2.8516e-01 +1.4312e-01 +1.1289e-01 +4.7196e-01
202 0 +3.890082507e+00 +1.292800825e+02 +1.292800825e+02 +5.5833e-01 +7.1640e-01 -1.4444e+00 +6.5798e-01 -8.5519e-01 -6.1132e-02 +1.1931e+00 -1.7078e+00 +7.7647e-01 -2.9924e-01 +6.6796e-01 +2.5290e-02 +1.4667e+00 -1.8561e-01 -9.3090e-01 +4.4021e-01 +3.0659e-02 -4.1873e-01 +1.7592e-01 +1.0756e+00
2004 0 +3.848171890e+00 +1.292381719e+02 +1.292381719e+02 +8.5954e-01 +2.9526e-01 -5.7599e-01 +7.2924e-01 -1.7106e+00 -2.6632e-01 +2.3664e-01 -1.3139e+00 +1.3276e-01 -1.7642e-01 +1.7019e+00 +7.8384e-01 +1.7395e+00 +6.9166e-01 -8.2910e-01 +5.1141e-01 +6.6228e-01 +1.8433e-01 -8.5488e-01 -5.5133e-01
