% f evaluations | g evaluations | best noise-free fitness - Fopt (7.135000000000e+01) + sum g_i+ | measured fitness | best measured fitness or single-digit g-values | x1 | x2...
1 0 +7.869650835e+01 +1.500465084e+02 +1.500465084e+02 +3.3257e-04 -8.6864e-02 -3.3482e-01 -3.8649e-03 -1.1351e-01 -1.4434e-01 -4.5521e-01 -1.4727e-01 -7.2207e-02 -1.9439e-01
16 0 +7.619088416e+01 +1.475408842e+02 +1.475408842e+02 +2.6034e-01 -2.6626e-01 -2.1810e-01 +1.3206e-01 +3.1047e-01 -2.2168e-01 -9.8756e-03 +2.3697e-02 +2.7010e-01 +3.9030e-01
17 0 +6.330792393e+01 +1.346579239e+02 +1.346579239e+02 -2.2649e-02 -7.6162e-02 -5.4195e-01 +3.8815e-01 -4.4798e-02 +2.0380e-01 -3.9168e-01 -2.9535e-01 +1.9056e-01 -4.8310e-01
20 0 +3.747192180e+01 +1.088219218e+02 +1.088219218e+02 +1.6297e-01 +1.5391e-01 -3.2124e-01 +3.9016e-01 +1.9881e-01 +6.0840e-02 -3.6916e-01 -6.5691e-01 +2.1849e-01 +2.8352e-01
52 0 +2.780041969e+01 +9.915041969e+01 +9.915041969e+01 +1.0013e-01 -7.8662e-01 -7.8536e-01 +6.0360e-01 -2.0426e-02 +1.3394e+00 -2.9614e-01 -6.2533e-01 +1.8278e-01 -3.7859e-02
55 0 +2.490299141e+01 +9.625299141e+01 +9.625299141e+01 -3.7565e-02 -3.3478e-01 -7.3846e-01 +7.0964e-01 +3.4063e-01 +6.6548e-01 -2.2302e-01 -4.2839e-01 -2.5826e-01 +1.3174e-01
74 0 +2.207950070e+01 +9.342950070e+01 +9.342950070e+01 +2.7342e-02 -4.0572e-01 -2.8563e-01 +8.6517e-01 +3.2046e-01 +3.1217e-01 -6.8017e-01 -9.3580e-01 +4.2286e-02 -1.0947e-01
100 0 +2.084752495e+01 +9.219752495e+01 +9.219752495e+01 -1.5210e-01 -2.9926e-01 -2.6207e-01 +8.5558e-01 -1.4551e-01 +4.0238e-01 -7.2839e-01 -5.1978e-01 +7.0190e-02 +6.9301e-02
121 0 +1.682845604e+01 +8.817845604e+01 +8.817845604e+01 -1.9900e-01 -2.7696e-01 -3.5526e-01 +8.7315e-01 +3.9831e-01 +4.0040e-01 -5.6992e-01 -4.6781e-01 +2.7445e-01 +4.5175e-01
126 0 +1.279769459e+01 +8.414769459e+01 +8.414769459e+01 -3.0352e-01 -4.3761e-01 -4.4332e-01 +1.0080e+00 +4.0272e-01 +5.7601e-01 -5.7921e-01 -5.7338e-01 -1.4050e-01 -3.2341e-01
225 0 +1.243265595e+01 +8.378265595e+01 +8.378265595e+01 -1.7321e-01 -8.0645e-01 -4.7828e-01 +8.0138e-01 -3.3002e-01 +1.0007e+00 -7.5016e-01 -3.7488e-01 -5.9485e-02 -3.1445e-01
277 0 +1.229997020e+01 +8.364997020e+01 +8.364997020e+01 -3.9913e-01 -1.4839e+00 -5.4676e-01 +5.5721e-01 -4.2568e-01 +1.3600e+00 -3.3950e-01 -8.8059e-01 -2.7519e-01 -2.3676e-01
307 0 +9.425262752e+00 +8.077526275e+01 +8.077526275e+01 -1.0459e-01 -1.8924e+00 -7.8549e-01 +5.3400e-01 -5.7003e-01 +1.6235e+00 -5.0580e-01 -5.7630e-01 -1.1004e-01 -1.8004e-01
311 0 +9.299331811e+00 +8.064933181e+01 +8.064933181e+01 -4.2909e-02 -1.7635e+00 -5.6911e-01 +6.1634e-01 -8.2705e-01 +1.6916e+00 -4.9655e-01 -5.8012e-01 -2.9262e-01 -3.1401e-01
347 0 +9.086678568e+00 +8.043667857e+01 +8.043667857e+01 +1.6759e-01 -2.1139e+00 -8.9192e-01 +7.6287e-01 -9.6381e-01 +1.5790e+00 -4.6122e-01 -2.7230e-01 -2.3328e-01 -2.2722e-01
421 0 +8.631917982e+00 +7.998191798e+01 +7.998191798e+01 +2.4224e-01 -1.9005e+00 -6.9084e-01 +8.1874e-01 -7.1293e-01 +1.8366e+00 -1.8334e-01 -7.9033e-01 +7.1939e-03 -3.3018e-01
423 0 +8.288350260e+00 +7.963835026e+01 +7.963835026e+01 +3.5335e-01 -2.3701e+00 -5.4921e-01 +8.6095e-01 -1.3046e+00 +1.8539e+00 -2.3530e-01 -6.1584e-01 -1.7676e-01 -3.0870e-01
424 0 +7.455636242e+00 +7.880563624e+01 +7.880563624e+01 +1.3452e-01 -2.0592e+00 -6.3060e-01 +8.0233e-01 -9.6955e-01 +1.6217e+00 -3.8895e-01 -5.8584e-01 -7.5691e-02 -3.0635e-01
430 0 +6.434872168e+00 +7.778487217e+01 +7.778487217e+01 +2.6668e-01 -1.9588e+00 -6.6534e-01 +7.8698e-01 -8.9279e-01 +1.6775e+00 -3.4409e-01 -5.5078e-01 -4.9356e-02 -2.5075e-01
439 0 +6.055157267e+00 +7.740515727e+01 +7.740515727e+01 +2.9701e-01 -2.1382e+00 -7.7843e-01 +7.3902e-01 -7.7054e-01 +1.7172e+00 -4.7166e-01 -5.5387e-01 -1.7253e-01 -2.8100e-01
455 0 +6.000443362e+00 +7.735044336e+01 +7.735044336e+01 +2.2735e-01 -2.1844e+00 -8.8293e-01 +7.2298e-01 -7.3323e-01 +1.9750e+00 -4.1862e-01 -6.5313e-01 -1.5054e-01 -3.2701e-01
472 0 +5.773408386e+00 +7.712340839e+01 +7.712340839e+01 +2.5113e-01 -2.1408e+00 -8.3045e-01 +7.5755e-01 -7.8805e-01 +1.7333e+00 -3.6924e-01 -5.3202e-01 -2.3214e-01 -2.2403e-01
520 0 +5.296964705e+00 +7.664696470e+01 +7.664696470e+01 +2.3562e-01 -2.1149e+00 -8.7459e-01 +7.4291e-01 -8.1062e-01 +1.8393e+00 -3.4229e-01 -5.8392e-01 -1.3241e-01 -1.8036e-01
525 0 +5.199175147e+00 +7.654917515e+01 +7.654917515e+01 +1.9595e-01 -2.0286e+00 -7.4753e-01 +7.0654e-01 -8.8946e-01 +1.8289e+00 -3.8974e-01 -6.6862e-01 -1.1618e-01 -2.4243e-01
533 0 +4.768731079e+00 +7.611873108e+01 +7.611873108e+01 +1.9586e-01 -1.9953e+00 -8.1066e-01 +6.8863e-01 -7.6307e-01 +1.8380e+00 -4.2130e-01 -6.6535e-01 -9.7156e-02 -2.9708e-01
546 0 +4.167620789e+00 +7.551762079e+01 +7.551762079e+01 +2.0629e-01 -2.0885e+00 -8.1150e-01 +6.9114e-01 -7.7062e-01 +1.8106e+00 -4.2720e-01 -6.1517e-01 -2.0346e-01 -3.0337e-01
650 0 +3.773352625e+00 +7.512335262e+01 +7.512335262e+01 +2.5494e-01 -2.0438e+00 -8.1421e-01 +7.1862e-01 -7.1179e-01 +1.7638e+00 -4.6268e-01 -5.6196e-01 -2.0491e-01 -2.8526e-01
656 0 +3.460952711e+00 +7.481095271e+01 +7.481095271e+01 +2.6584e-01 -2.0502e+00 -8.2446e-01 +7.1331e-01 -7.2830e-01 +1.7440e+00 -4.7572e-01 -5.4472e-01 -1.9277e-01 -2.7501e-01
672 0 +3.372946088e+00 +7.472294609e+01 +7.472294609e+01 +2.8250e-01 -2.0697e+00 -8.0904e-01 +7.1621e-01 -7.7246e-01 +1.7364e+00 -5.0509e-01 -5.4856e-01 -2.0285e-01 -3.1494e-01
697 0 +3.200992449e+00 +7.455099245e+01 +7.455099245e+01 +2.8040e-01 -2.0558e+00 -7.9743e-01 +7.0648e-01 -7.6719e-01 +1.7573e+00 -4.8475e-01 -5.7949e-01 -2.0180e-01 -2.9928e-01
723 0 +2.993887357e+00 +7.434388736e+01 +7.434388736e+01 +2.7983e-01 -2.0689e+00 -8.1956e-01 +7.0542e-01 -7.7048e-01 +1.7545e+00 -5.0348e-01 -5.7158e-01 -1.9042e-01 -3.2250e-01
730 0 +2.849515978e+00 +7.419951598e+01 +7.419951598e+01 +2.8814e-01 -2.1076e+00 -8.1582e-01 +7.1742e-01 -7.7544e-01 +1.7784e+00 -4.7041e-01 -5.6810e-01 -2.0987e-01 -3.0916e-01
787 0 +2.657380323e+00 +7.400738032e+01 +7.400738032e+01 +2.8675e-01 -2.1493e+00 -8.1951e-01 +7.0595e-01 -7.9566e-01 +1.8042e+00 -4.6617e-01 -5.7311e-01 -2.2680e-01 -3.3431e-01
794 0 +2.513054915e+00 +7.386305492e+01 +7.386305492e+01 +2.8295e-01 -2.1377e+00 -8.0160e-01 +7.0717e-01 -8.2252e-01 +1.7872e+00 -4.5524e-01 -5.8195e-01 -2.1802e-01 -3.1058e-01
827 0 +2.390423734e+00 +7.374042373e+01 +7.374042373e+01 +2.6642e-01 -2.1321e+00 -7.9284e-01 +7.1906e-01 -8.2107e-01 +1.7943e+00 -4.6214e-01 -6.1141e-01 -2.2778e-01 -3.1187e-01
853 0 +2.293472486e+00 +7.364347249e+01 +7.364347249e+01 +2.8454e-01 -2.1333e+00 -7.7810e-01 +7.2251e-01 -8.1399e-01 +1.7742e+00 -4.6623e-01 -5.9358e-01 -2.3330e-01 -3.1169e-01
856 0 +2.288832080e+00 +7.363883208e+01 +7.363883208e+01 +2.5459e-01 -2.1226e+00 -7.7188e-01 +7.1633e-01 -8.1248e-01 +1.7520e+00 -4.7418e-01 -5.9515e-01 -2.4153e-01 -3.0212e-01
872 0 +2.231070350e+00 +7.358107035e+01 +7.358107035e+01 +2.7637e-01 -2.1484e+00 -7.9351e-01 +7.0573e-01 -8.3101e-01 +1.7906e+00 -4.6928e-01 -5.8011e-01 -2.3573e-01 -3.1551e-01
884 0 +2.110648560e+00 +7.346064856e+01 +7.346064856e+01 +2.6061e-01 -2.1411e+00 -7.9070e-01 +7.0403e-01 -8.2108e-01 +1.7949e+00 -4.7326e-01 -5.8273e-01 -2.4436e-01 -3.1078e-01
893 0 +2.060839126e+00 +7.341083913e+01 +7.341083913e+01 +2.6704e-01 -2.1542e+00 -7.8372e-01 +7.0478e-01 -8.3452e-01 +1.8041e+00 -4.7130e-01 -5.8872e-01 -2.4438e-01 -3.1859e-01
895 0 +1.993926115e+00 +7.334392611e+01 +7.334392611e+01 +2.5855e-01 -2.1436e+00 -7.8467e-01 +7.1069e-01 -8.1957e-01 +1.7763e+00 -4.6583e-01 -5.7702e-01 -2.4920e-01 -3.0774e-01
935 0 +1.918324630e+00 +7.326832463e+01 +7.326832463e+01 +2.6142e-01 -2.1512e+00 -7.7354e-01 +7.1364e-01 -8.3629e-01 +1.7770e+00 -4.6673e-01 -5.8411e-01 -2.5621e-01 -3.0969e-01
938 0 +1.904953994e+00 +7.325495399e+01 +7.325495399e+01 +2.6811e-01 -2.1539e+00 -7.8357e-01 +7.0816e-01 -8.4495e-01 +1.7960e+00 -4.6565e-01 -5.9603e-01 -2.4897e-01 -3.1680e-01
958 0 +1.818955848e+00 +7.316895585e+01 +7.316895585e+01 +2.6593e-01 -2.1525e+00 -7.8165e-01 +7.0936e-01 -8.3649e-01 +1.7934e+00 -4.6496e-01 -5.8903e-01 -2.4869e-01 -3.1772e-01
970 0 +1.704815044e+00 +7.305481504e+01 +7.305481504e+01 +2.5927e-01 -2.1577e+00 -7.8283e-01 +7.0559e-01 -8.4680e-01 +1.7989e+00 -4.6514e-01 -5.9169e-01 -2.5045e-01 -3.1836e-01
1010 0 +1.704815044e+00 +7.305481504e+01 +7.305481504e+01 +2.5927e-01 -2.1577e+00 -7.8283e-01 +7.0559e-01 -8.4680e-01 +1.7989e+00 -4.6514e-01 -5.9169e-01 -2.5045e-01 -3.1836e-01
% f evaluations | g evaluations | best noise-free fitness - Fopt (-3.552200000000e+02) + sum g_i+ | measured fitness | best measured fitness or single-digit g-values | x1 | x2...
1 0 +8.388876260e+01 -2.713312374e+02 -2.713312374e+02 +3.3257e-04 -8.6864e-02 -3.3482e-01 -3.8649e-03 -1.1351e-01 -1.4434e-01 -4.5521e-01 -1.4727e-01 -7.2207e-02 -1.9439e-01
2 0 +8.032545675e+01 -2.748945433e+02 -2.748945433e+02 +1.9077e-01 +5.2204e-01 +8.9006e-02 +2.1225e-01 +5.4686e-01 +1.2923e-01 +4.6283e-01 -2.7023e-01 -4.1139e-02 +3.8929e-01
4 0 +6.656188498e+01 -2.886581150e+02 -2.886581150e+02 -2.4776e-02 +7.3656e-01 -8.0164e-01 -2.7399e-01 -6.8196e-02 +8.0797e-02 +3.3915e-01 +3.1273e-01 +3.9116e-01 +4.1684e-01
5 0 +4.595317260e+01 -3.092668274e+02 -3.092668274e+02 -1.9694e-01 -1.6877e-02 -1.4997e-01 +1.3093e-01 -1.1275e-01 -2.7693e-01 +5.7519e-01 -4.5092e-02 -1.9163e-01 +2.4744e-01
32 0 +3.660738071e+01 -3.186126193e+02 -3.186126193e+02 +1.4704e-01 +2.2331e-01 -6.5175e-01 +7.3431e-01 -3.9305e-01 -9.5778e-01 +1.4256e-02 -1.5223e-01 -6.5630e-01 -3.4544e-01
81 0 +3.450429488e+01 -3.207157051e+02 -3.207157051e+02 +1.6804e-01 +4.7699e-01 +1.0440e-01 +7.3573e-01 -3.3485e-01 -4.8041e-01 -3.1681e-01 -3.5261e-01 -2.6129e-01 +4.5330e-01
84 0 +3.145104186e+01 -3.237689581e+02 -3.237689581e+02 +7.8179e-01 +6.3393e-02 +3.7239e-01 +1.2573e+00 -8.2668e-01 +1.1301e-01 +3.0994e-01 -9.7398e-01 -6.9230e-01 +2.7503e-01
90 0 +2.626881791e+01 -3.289511821e+02 -3.289511821e+02 +7.4778e-01 +3.8951e-01 -1.3727e-02 +4.9187e-01 -7.4922e-01 +2.9281e-01 +1.0427e-01 -3.1249e-01 -4.2018e-01 +1.7132e-01
142 0 +1.243724548e+01 -3.427827545e+02 -3.427827545e+02 +1.5983e+00 +3.2118e-01 +4.4307e-01 +1.7382e+00 -6.6157e-01 +2.8820e-01 -7.8463e-02 -6.3031e-01 -5.5986e-01 -4.9854e-01
244 0 +8.722224889e+00 -3.464977751e+02 -3.464977751e+02 +1.2620e+00 +5.1649e-01 +4.9525e-01 +8.4336e-01 -7.5125e-02 +3.1707e-01 +1.9333e-01 -6.3506e-01 -4.4496e-02 -2.0391e-01
532 0 +6.602694551e+00 -3.486173054e+02 -3.486173054e+02 +1.1918e+00 +7.9492e-01 +1.0456e+00 +1.2287e+00 -1.0993e+00 +2.5475e-01 -2.2447e-01 -5.1917e-01 -4.3694e-01 -3.9555e-01
562 0 +5.298672663e+00 -3.499213273e+02 -3.499213273e+02 +1.1719e+00 +6.5772e-01 +1.2444e+00 +1.2628e+00 -9.9898e-01 +1.1396e-01 -1.7040e-01 -6.0692e-01 -3.4347e-01 -3.6068e-01
676 0 +4.892381623e+00 -3.503276184e+02 -3.503276184e+02 +7.8787e-01 +5.8693e-01 +1.0168e+00 +1.5092e+00 -8.5870e-01 +6.2921e-02 -2.3562e-01 -5.1220e-01 -4.3478e-01 -6.2787e-01
677 0 +4.354950584e+00 -3.508650494e+02 -3.508650494e+02 +1.0120e+00 +6.7540e-01 +1.0427e+00 +1.4581e+00 -9.0510e-01 +1.4978e-01 -1.7561e-01 -5.5735e-01 -4.3577e-01 -5.6484e-01
773 0 +4.250079145e+00 -3.509699209e+02 -3.509699209e+02 +9.9820e-01 +5.6937e-01 +1.0758e+00 +1.4725e+00 -8.8399e-01 +1.1300e-01 -1.6846e-01 -5.6481e-01 -3.6631e-01 -5.7413e-01
782 0 +3.972040240e+00 -3.512479598e+02 -3.512479598e+02 +9.7732e-01 +5.6112e-01 +1.0803e+00 +1.5105e+00 -8.7268e-01 +1.2208e-01 -1.6735e-01 -5.6326e-01 -3.5302e-01 -6.2016e-01
795 0 +3.730899664e+00 -3.514891003e+02 -3.514891003e+02 +9.5655e-01 +6.0142e-01 +1.0601e+00 +1.5077e+00 -8.8958e-01 +1.4412e-01 -1.5710e-01 -5.7275e-01 -3.9549e-01 -6.1239e-01
807 0 +3.439064341e+00 -3.517809357e+02 -3.517809357e+02 +8.6371e-01 +6.1028e-01 +1.0687e+00 +1.4708e+00 -9.0184e-01 +9.5011e-02 -1.5980e-01 -5.7003e-01 -4.3164e-01 -6.1788e-01
841 0 +3.368372563e+00 -3.518516274e+02 -3.518516274e+02 +9.2409e-01 +5.7205e-01 +1.0868e+00 +1.4553e+00 -8.9280e-01 +1.4726e-01 -1.6056e-01 -5.5741e-01 -3.4725e-01 -5.8679e-01
859 0 +3.238929612e+00 -3.519810704e+02 -3.519810704e+02 +8.5775e-01 +5.7961e-01 +1.1062e+00 +1.3876e+00 -9.0139e-01 +1.3338e-01 -1.2984e-01 -5.6383e-01 -3.7550e-01 -5.7945e-01
863 0 +3.112370491e+00 -3.521076295e+02 -3.521076295e+02 +8.6247e-01 +5.7900e-01 +1.0776e+00 +1.4349e+00 -8.6935e-01 +1.0905e-01 -1.2169e-01 -5.8060e-01 -4.2184e-01 -6.2812e-01
867 0 +2.949876970e+00 -3.522701230e+02 -3.522701230e+02 +8.5651e-01 +6.2101e-01 +1.0678e+00 +1.4216e+00 -9.0812e-01 +1.3963e-01 -1.5292e-01 -5.5331e-01 -4.0516e-01 -5.9240e-01
917 0 +2.668582580e+00 -3.525514174e+02 -3.525514174e+02 +8.0347e-01 +6.0903e-01 +1.0341e+00 +1.4409e+00 -8.4893e-01 +8.7251e-02 -1.0498e-01 -6.0622e-01 -4.5759e-01 -6.3396e-01
965 0 +2.512616196e+00 -3.527073838e+02 -3.527073838e+02 +8.3620e-01 +5.9625e-01 +1.0893e+00 +1.3897e+00 -8.9251e-01 +1.0833e-01 -1.1041e-01 -6.0232e-01 -4.1649e-01 -5.9129e-01
1010 0 +2.355644990e+00 -3.528643550e+02 -3.528643550e+02 +8.7470e-01 +6.1981e-01 +1.0747e+00 +1.4304e+00 -8.8740e-01 +1.2845e-01 -1.4141e-01 -5.8031e-01 -4.1489e-01 -6.1093e-01
% f evaluations | g evaluations | best noise-free fitness - Fopt (9.917000000000e+01) + sum g_i+ | measured fitness | best measured fitness or single-digit g-values | x1 | x2...
1 0 +6.856350603e+01 +1.677335060e+02 +1.677335060e+02 +3.3257e-04 -8.6864e-02 -3.3482e-01 -3.8649e-03 -1.1351e-01 -1.4434e-01 -4.5521e-01 -1.4727e-01 -7.2207e-02 -1.9439e-01
13 0 +5.216987253e+01 +1.513398725e+02 +1.513398725e+02 -2.9626e-02 +7.9425e-01 -7.1984e-02 -8.3850e-02 +3.7504e-01 -4.3446e-01 +1.1441e-01 -6.0575e-01 -2.5845e-01 +5.3607e-01
21 0 +4.081966317e+01 +1.399896632e+02 +1.399896632e+02 -7.9063e-02 +2.3795e-01 +1.4791e-02 -1.8320e-01 -6.3947e-02 -7.5386e-01 +3.1872e-04 -5.2556e-01 -4.5257e-01 +5.1357e-01
23 0 +3.141888981e+01 +1.305888898e+02 +1.305888898e+02 -1.5180e-01 +3.5075e-01 -2.8613e-01 +1.3959e-01 +5.4544e-01 -5.1122e-01 +2.8333e-01 -6.8909e-01 -8.6544e-01 +2.4494e-01
42 0 +2.809389914e+01 +1.272638991e+02 +1.272638991e+02 -1.9949e-02 -4.3493e-02 +4.2296e-01 -4.8117e-01 +2.1781e-01 -5.0706e-01 +5.3527e-01 -2.1685e-01 -2.2675e-01 +1.2488e-01
47 0 +2.715948355e+01 +1.263294835e+02 +1.263294835e+02 +2.9833e-01 -6.9866e-02 -3.3836e-01 -2.8835e-01 -6.9976e-02 -4.3381e-01 +3.8707e-01 -1.9155e-01 -7.8580e-01 -5.3065e-02
55 0 +1.838477281e+01 +1.175547728e+02 +1.175547728e+02 +1.2883e-01 -1.7339e-01 +2.3805e-01 -1.7517e-01 +6.0328e-02 -3.1280e-01 +7.1348e-01 -2.0354e-01 -7.4710e-01 -1.5646e-01
200 0 +1.453381170e+01 +1.137038117e+02 +1.137038117e+02 -3.1908e-01 -9.1370e-02 -7.6320e-01 -1.1141e-01 +3.6830e-01 -8.6883e-01 +6.0909e-01 -2.0315e+00 -9.4284e-01 +2.7269e-01
233 0 +1.349994811e+01 +1.126699481e+02 +1.126699481e+02 -5.5841e-01 -4.7455e-01 -7.6777e-01 -3.0942e-01 +4.5904e-01 -1.0707e+00 +1.0529e+00 -1.6245e+00 -9.0423e-01 +6.0849e-01
254 0 +9.374105074e+00 +1.085441051e+02 +1.085441051e+02 -9.4466e-01 -3.2321e-01 -6.5872e-01 -4.1575e-01 +7.1229e-01 -9.7401e-01 +1.1427e+00 -1.5179e+00 -8.1377e-01 +9.3330e-01
272 0 +8.941199976e+00 +1.081112000e+02 +1.081112000e+02 -1.6573e-02 -6.4012e-01 -5.7598e-01 -3.7005e-02 +4.9834e-01 -1.5677e+00 +4.4341e-01 -1.3806e+00 -1.1607e+00 +3.2206e-01
368 0 +8.664083342e+00 +1.078340833e+02 +1.078340833e+02 -8.2823e-02 -5.1059e-01 -7.0629e-01 -3.2378e-01 +3.2858e-01 -1.2791e+00 +4.7796e-02 -2.0742e+00 -9.9312e-01 +7.5790e-01
376 0 +4.763094625e+00 +1.039330946e+02 +1.039330946e+02 -3.0359e-01 -3.8221e-01 -8.7361e-01 -4.4034e-01 +4.6700e-01 -1.3231e+00 +1.6907e-01 -1.8483e+00 -1.1511e+00 +7.6353e-01
530 0 +4.120735986e+00 +1.032907360e+02 +1.032907360e+02 -4.0225e-01 -6.2909e-01 -3.6553e-01 -5.1233e-01 +2.9221e-01 -1.1135e+00 +3.5606e-01 -2.2586e+00 -1.2084e+00 +8.0865e-01
555 0 +3.563542099e+00 +1.027335421e+02 +1.027335421e+02 -5.0087e-01 -4.5811e-01 -4.7957e-01 -5.6314e-01 +2.4268e-01 -1.0360e+00 +3.3452e-01 -2.2884e+00 -1.1329e+00 +8.3909e-01
637 0 +3.530359065e+00 +1.027003591e+02 +1.027003591e+02 -4.5106e-01 -4.5864e-01 -4.5663e-01 -5.4802e-01 +3.2226e-01 -1.0269e+00 +3.6849e-01 -2.2904e+00 -1.1207e+00 +8.1053e-01
658 0 +3.205872603e+00 +1.023758726e+02 +1.023758726e+02 -5.2240e-01 -4.7235e-01 -5.1940e-01 -5.2008e-01 +3.0368e-01 -1.0714e+00 +3.4487e-01 -2.2123e+00 -1.1113e+00 +7.9531e-01
703 0 +2.971621999e+00 +1.021416220e+02 +1.021416220e+02 -4.8769e-01 -5.2020e-01 -4.9809e-01 -5.5664e-01 +2.7247e-01 -1.0135e+00 +3.9880e-01 -2.2049e+00 -1.1190e+00 +7.0585e-01
725 0 +2.457509240e+00 +1.016275092e+02 +1.016275092e+02 -4.8282e-01 -4.7908e-01 -5.1068e-01 -5.6062e-01 +2.8136e-01 -1.0601e+00 +3.8837e-01 -2.1798e+00 -1.1521e+00 +7.6432e-01
749 0 +2.450915704e+00 +1.016209157e+02 +1.016209157e+02 -4.4122e-01 -4.6763e-01 -5.5257e-01 -5.5822e-01 +2.8950e-01 -1.0863e+00 +3.4129e-01 -2.1592e+00 -1.1226e+00 +7.0584e-01
764 0 +2.213430273e+00 +1.013834303e+02 +1.013834303e+02 -4.4200e-01 -4.5257e-01 -5.1844e-01 -5.4499e-01 +2.7852e-01 -1.1071e+00 +3.6505e-01 -2.2119e+00 -1.1513e+00 +7.2215e-01
773 0 +2.082136285e+00 +1.012521363e+02 +1.012521363e+02 -4.7873e-01 -4.6273e-01 -5.0962e-01 -5.4990e-01 +2.8597e-01 -1.0933e+00 +3.8493e-01 -2.2008e+00 -1.1446e+00 +7.5819e-01
826 0 +1.947084924e+00 +1.011170849e+02 +1.011170849e+02 -4.4740e-01 -4.4372e-01 -5.0783e-01 -5.3210e-01 +2.6962e-01 -1.0927e+00 +3.6338e-01 -2.2446e+00 -1.1445e+00 +7.7710e-01
866 0 +1.743603928e+00 +1.009136039e+02 +1.009136039e+02 -4.5993e-01 -4.5694e-01 -5.1807e-01 -5.4179e-01 +2.7453e-01 -1.0901e+00 +3.6512e-01 -2.2182e+00 -1.1464e+00 +7.6176e-01
913 0 +1.713905873e+00 +1.008839059e+02 +1.008839059e+02 -4.3802e-01 -4.5409e-01 -5.2839e-01 -5.3818e-01 +2.9046e-01 -1.0935e+00 +3.6551e-01 -2.2175e+00 -1.1378e+00 +7.4423e-01
935 0 +1.679428938e+00 +1.008494289e+02 +1.008494289e+02 -4.4498e-01 -4.5561e-01 -5.2292e-01 -5.4209e-01 +2.8375e-01 -1.0871e+00 +3.7478e-01 -2.2190e+00 -1.1403e+00 +7.4319e-01
950 0 +1.604196777e+00 +1.007741968e+02 +1.007741968e+02 -4.4424e-01 -4.6393e-01 -5.0837e-01 -5.5261e-01 +2.8850e-01 -1.0825e+00 +3.7295e-01 -2.2136e+00 -1.1382e+00 +7.4878e-01
963 0 +1.514081832e+00 +1.006840818e+02 +1.006840818e+02 -4.3655e-01 -4.5431e-01 -5.0823e-01 -5.4580e-01 +2.8291e-01 -1.0911e+00 +3.6410e-01 -2.2193e+00 -1.1352e+00 +7.7108e-01
976 0 +1.470661019e+00 +1.006406610e+02 +1.006406610e+02 -4.4380e-01 -4.5108e-01 -5.0693e-01 -5.4248e-01 +2.8375e-01 -1.0903e+00 +3.6521e-01 -2.2209e+00 -1.1421e+00 +7.6651e-01
1010 0 +1.468702928e+00 +1.006387029e+02 +1.006387029e+02 -4.4215e-01 -4.5078e-01 -5.1866e-01 -5.4571e-01 +2.9162e-01 -1.0993e+00 +3.6515e-01 -2.2113e+00 -1.1367e+00 +7.6844e-01
% f evaluations | g evaluations | best noise-free fitness - Fopt (-5.179100000000e+02) + sum g_i+ | measured fitness | best measured fitness or single-digit g-values | x1 | x2...
1 0 +9.708262129e+01 -4.208273787e+02 -4.208273787e+02 +3.3257e-04 -8.6864e-02 -3.3482e-01 -3.8649e-03 -1.1351e-01 -1.4434e-01 -4.5521e-01 -1.4727e-01 -7.2207e-02 -1.9439e-01
2 0 +7.035762820e+01 -4.475523718e+02 -4.475523718e+02 +1.9077e-01 +5.2204e-01 +8.9006e-02 +2.1225e-01 +5.4686e-01 +1.2923e-01 +4.6283e-01 -2.7023e-01 -4.1139e-02 +3.8929e-01
4 0 +6.145118449e+01 -4.564588155e+02 -4.564588155e+02 -2.4776e-02 +7.3656e-01 -8.0164e-01 -2.7399e-01 -6.8196e-02 +8.0797e-02 +3.3915e-01 +3.1273e-01 +3.9116e-01 +4.1684e-01
5 0 +4.538983407e+01 -4.725201659e+02 -4.725201659e+02 -1.9694e-01 -1.6877e-02 -1.4997e-01 +1.3093e-01 -1.1275e-01 -2.7693e-01 +5.7519e-01 -4.5092e-02 -1.9163e-01 +2.4744e-01
17 0 +3.376171224e+01 -4.841482878e+02 -4.841482878e+02 -9.5390e-02 +1.9439e-01 -6.2860e-01 +1.5038e-01 -2.0197e-01 -3.1020e-01 +8.0179e-01 +3.4099e-01 -4.6082e-01 +3.7085e-01
20 0 +2.395936365e+01 -4.939506363e+02 -4.939506363e+02 -3.5059e-01 -5.5156e-02 -2.2507e-01 -3.4662e-02 +1.8218e-01 +1.0745e-02 +1.0819e+00 +2.1052e-01 +1.9505e-01 +5.0702e-01
42 0 +1.892912645e+01 -4.989808735e+02 -4.989808735e+02 -4.5059e-02 +6.1982e-01 -2.5288e-01 +2.9556e-01 -2.2882e-01 -7.4572e-01 +7.9812e-01 +5.6284e-01 +1.9929e-01 +2.3410e-01
53 0 +1.234817550e+01 -5.055618245e+02 -5.055618245e+02 -1.0500e+00 +5.0485e-01 -5.3584e-02 -1.3576e-01 -5.0930e-01 -6.5922e-01 +1.2923e+00 +7.9406e-01 +3.5078e-01 -1.2818e-02
110 0 +1.126639442e+01 -5.066436056e+02 -5.066436056e+02 -5.2391e-01 +9.3822e-01 -9.4470e-02 +2.1141e-01 -4.7932e-01 -4.8988e-01 +1.1210e+00 +6.8095e-01 +1.5956e-01 +1.7266e-01
137 0 +1.077569804e+01 -5.071343020e+02 -5.071343020e+02 -1.0806e+00 +8.5863e-01 +3.4182e-01 -1.3575e-01 -5.0829e-02 -2.5174e-01 +9.6246e-01 +5.6764e-01 +3.9242e-01 +2.4960e-01
151 0 +1.048592986e+01 -5.074240701e+02 -5.074240701e+02 -1.4594e+00 +3.2153e-03 +2.5732e-01 -4.1588e-01 +1.8062e-01 -5.1567e-01 +1.2706e+00 +6.0424e-01 +6.2842e-01 -6.6605e-02
156 0 +1.029526696e+01 -5.076147330e+02 -5.076147330e+02 -8.1754e-01 +1.0339e+00 -1.1652e-01 -2.8212e-01 -4.1866e-01 -6.5266e-01 +9.8381e-01 +8.4559e-01 +5.7229e-01 +3.1430e-01
161 0 +9.072943712e+00 -5.088370563e+02 -5.088370563e+02 -1.2665e+00 +6.4113e-01 -3.7146e-02 -3.7971e-02 -6.3839e-02 -4.9134e-01 +1.1320e+00 +6.2342e-01 +2.7296e-01 +2.4914e-01
167 0 +8.176042684e+00 -5.097339573e+02 -5.097339573e+02 -1.3470e+00 +5.6140e-01 +5.0095e-02 -3.2115e-01 -2.3872e-01 -5.9947e-01 +1.0856e+00 +8.5570e-01 +3.1932e-01 +2.7604e-01
173 0 +6.938784566e+00 -5.109712154e+02 -5.109712154e+02 -1.2880e+00 +6.3761e-01 -4.2487e-02 -1.4762e-01 -1.2878e-01 -6.3042e-01 +1.2312e+00 +4.4192e-01 +3.9989e-01 +1.6624e-01
175 0 +2.951960494e+00 -5.149580395e+02 -5.149580395e+02 -1.2223e+00 +2.0365e-01 +2.9896e-01 -3.1066e-01 -4.8378e-03 -4.5650e-01 +1.2549e+00 +5.0722e-01 +1.4351e-01 +1.7470e-01
359 0 +2.661761959e+00 -5.152482380e+02 -5.152482380e+02 -1.0967e+00 +5.2292e-01 +4.1123e-01 -2.6349e-01 -1.1083e-01 -3.8303e-01 +1.1966e+00 +5.8531e-01 +4.9371e-02 -2.3753e-02
420 0 +2.541241868e+00 -5.153687581e+02 -5.153687581e+02 -1.1895e+00 +4.3079e-01 +4.6299e-01 -2.5414e-01 -8.4119e-02 -3.1676e-01 +1.1855e+00 +6.3172e-01 +2.7104e-01 -2.3668e-02
422 0 +2.506702025e+00 -5.154032980e+02 -5.154032980e+02 -1.1317e+00 +4.6781e-01 +5.7172e-01 -3.9072e-01 -5.4492e-02 -2.8467e-01 +1.1838e+00 +6.3856e-01 +1.7329e-01 -5.9821e-02
433 0 +1.621181245e+00 -5.162888188e+02 -5.162888188e+02 -1.1772e+00 +4.5342e-01 +4.6837e-01 -3.2528e-01 -6.3207e-02 -3.4083e-01 +1.1639e+00 +6.7816e-01 +2.0739e-01 -2.0626e-02
558 0 +1.483236444e+00 -5.164267636e+02 -5.164267636e+02 -1.1095e+00 +4.0704e-01 +4.6200e-01 -4.0208e-01 -6.8502e-02 -3.6016e-01 +1.2080e+00 +7.1712e-01 +2.7202e-01 +2.2315e-02
563 0 +1.372605062e+00 -5.165373949e+02 -5.165373949e+02 -1.1364e+00 +4.3108e-01 +4.8166e-01 -3.9570e-01 -6.4476e-02 -3.1051e-01 +1.1666e+00 +7.0436e-01 +2.4756e-01 +9.7225e-03
577 0 +1.296416460e+00 -5.166135835e+02 -5.166135835e+02 -1.1507e+00 +4.5099e-01 +4.9153e-01 -4.2585e-01 -6.5003e-02 -3.1327e-01 +1.1709e+00 +7.2828e-01 +2.5640e-01 -1.1813e-03
581 0 +1.169763720e+00 -5.167402363e+02 -5.167402363e+02 -1.1237e+00 +4.6289e-01 +4.9951e-01 -4.2165e-01 -9.0300e-02 -3.1875e-01 +1.1778e+00 +7.2975e-01 +2.5226e-01 -1.5985e-02
743 0 +1.099295604e+00 -5.168107044e+02 -5.168107044e+02 -1.0577e+00 +4.7342e-01 +5.0599e-01 -3.8328e-01 -8.2131e-02 -3.0110e-01 +1.1571e+00 +6.9832e-01 +1.9399e-01 +3.5659e-03
751 0 +1.079811473e+00 -5.168301885e+02 -5.168301885e+02 -1.0729e+00 +4.6662e-01 +5.0438e-01 -3.8933e-01 -8.3734e-02 -3.2324e-01 +1.1754e+00 +7.0999e-01 +2.0832e-01 +2.3606e-02
762 0 +1.041113041e+00 -5.168688870e+02 -5.168688870e+02 -1.0798e+00 +4.4298e-01 +5.0010e-01 -3.9421e-01 -8.9565e-02 -3.3225e-01 +1.1910e+00 +7.2239e-01 +2.5518e-01 +2.6218e-02
782 0 +9.704361918e-01 -5.169395638e+02 -5.169395638e+02 -1.0763e+00 +4.4767e-01 +5.0370e-01 -3.8716e-01 -8.3442e-02 -3.1062e-01 +1.1811e+00 +7.0347e-01 +2.1958e-01 +9.5520e-03
809 0 +9.482792950e-01 -5.169617207e+02 -5.169617207e+02 -1.0483e+00 +4.6588e-01 +5.1129e-01 -3.8347e-01 -8.9655e-02 -3.0687e-01 +1.1749e+00 +7.0020e-01 +2.0585e-01 +2.0489e-02
836 0 +9.203777625e-01 -5.169896222e+02 -5.169896222e+02 -1.0474e+00 +4.6200e-01 +5.0065e-01 -3.6216e-01 -9.3390e-02 -3.1061e-01 +1.1638e+00 +6.9763e-01 +2.1342e-01 +2.5555e-02
860 0 +9.052882395e-01 -5.170047118e+02 -5.170047118e+02 -1.0376e+00 +4.6577e-01 +5.0359e-01 -3.7029e-01 -8.9284e-02 -3.0718e-01 +1.1629e+00 +7.0001e-01 +1.9966e-01 +2.7357e-02
882 0 +8.600636339e-01 -5.170499364e+02 -5.170499364e+02 -1.0443e+00 +4.6658e-01 +5.1203e-01 -3.7718e-01 -8.7859e-02 -3.0668e-01 +1.1713e+00 +6.9992e-01 +2.0337e-01 +1.7907e-02
888 0 +7.735091290e-01 -5.171364909e+02 -5.171364909e+02 -1.0502e+00 +4.6092e-01 +5.1123e-01 -3.8316e-01 -8.8225e-02 -3.1054e-01 +1.1748e+00 +7.0145e-01 +2.1379e-01 +1.5956e-02
1002 0 +6.981460346e-01 -5.172118540e+02 -5.172118540e+02 -1.0484e+00 +4.6145e-01 +5.1633e-01 -3.7288e-01 -9.3315e-02 -3.0303e-01 +1.1705e+00 +6.9320e-01 +2.1838e-01 +2.5167e-03
1010 0 +6.981460346e-01 -5.172118540e+02 -5.172118540e+02 -1.0484e+00 +4.6145e-01 +5.1633e-01 -3.7288e-01 -9.3315e-02 -3.0303e-01 +1.1705e+00 +6.9320e-01 +2.1838e-01 +2.5167e-03
% f evaluations | g evaluations | best noise-free fitness - Fopt (-5.721000000000e+01) + sum g_i+ | measured fitness | best measured fitness or single-digit g-values | x1 | x2...
1 0 +6.222887972e+01 +5.018879722e+00 +5.018879722e+00 +3.3257e-04 -8.6864e-02 -3.3482e-01 -3.8649e-03 -1.1351e-01 -1.4434e-01 -4.5521e-01 -1.4727e-01 -7.2207e-02 -1.9439e-01
2 0 +3.221762046e+01 -2.499237954e+01 -2.499237954e+01 +1.9077e-01 +5.2204e-01 +8.9006e-02 +2.1225e-01 +5.4686e-01 +1.2923e-01 +4.6283e-01 -2.7023e-01 -4.1139e-02 +3.8929e-01
5 0 +2.836438989e+01 -2.884561011e+01 -2.884561011e+01 -1.9694e-01 -1.6877e-02 -1.4997e-01 +1.3093e-01 -1.1275e-01 -2.7693e-01 +5.7519e-01 -4.5092e-02 -1.9163e-01 +2.4744e-01
10 0 +2.541611864e+01 -3.179388136e+01 -3.179388136e+01 +1.6111e-01 -2.3931e-03 +2.7744e-01 +1.3983e-02 +4.2607e-02 -4.9611e-01 +4.1041e-01 +7.5321e-03 -1.1865e-01 +3.8533e-01
20 0 +2.200085537e+01 -3.520914463e+01 -3.520914463e+01 +3.8785e-01 +4.0495e-01 -7.3760e-02 -1.1388e-01 +7.6161e-02 -5.4956e-01 +7.5823e-01 -4.9351e-01 +7.1401e-02 +4.5288e-02
43 0 +2.019703155e+01 -3.701296845e+01 -3.701296845e+01 +2.2092e-01 +4.8282e-01 -2.2092e-01 -1.7495e-01 -2.5861e-01 -2.6090e-01 +8.7021e-01 -2.4486e-01 +2.5346e-01 +1.1348e+00
44 0 +1.307201591e+01 -4.413798409e+01 -4.413798409e+01 +3.1961e-01 +3.7664e-01 -6.4737e-01 -4.9503e-03 +2.0751e-02 -1.4226e-01 +5.4880e-01 -3.1991e-01 +2.6873e-01 +2.5774e-01
115 0 +1.203613472e+01 -4.517386528e+01 -4.517386528e+01 +3.9141e-01 +2.8935e-01 -1.0243e-01 -1.1763e-01 +1.1622e-02 -6.6230e-01 +7.1529e-01 -3.8013e-01 -1.2041e-01 +7.7966e-01
212 0 +9.391589158e+00 -4.781841084e+01 -4.781841084e+01 +5.5751e-01 +2.9196e-01 +1.1948e-02 -2.9358e-01 -3.0038e-01 -4.9454e-01 +4.4331e-01 -5.8899e-02 -6.9633e-02 +8.7538e-01
227 0 +8.983768003e+00 -4.822623200e+01 -4.822623200e+01 +7.6165e-01 +2.1470e-01 -6.0148e-02 -1.0759e-01 -4.1156e-01 -5.2646e-01 +4.5105e-01 -2.2743e-01 -6.0763e-02 +7.0342e-01
241 0 +7.118278382e+00 -5.009172162e+01 -5.009172162e+01 +6.6504e-01 +1.4795e-01 -1.2859e-01 -1.7293e-01 -2.2650e-01 -7.0668e-01 +2.8278e-01 -4.7252e-02 -1.9090e-01 +5.8435e-01
267 0 +6.966100607e+00 -5.024389939e+01 -5.024389939e+01 +6.7426e-01 +2.6659e-01 -6.5012e-02 -4.3141e-01 -4.0723e-01 -3.7066e-01 +1.1863e-01 -9.6768e-02 -2.6227e-01 +9.2697e-01
273 0 +5.895361292e+00 -5.131463871e+01 -5.131463871e+01 +6.9719e-01 +1.5630e-01 -1.0074e-02 -3.2591e-01 -2.6275e-01 -6.4808e-01 +1.6562e-01 -1.5081e-01 -2.5633e-01 +7.7971e-01
286 0 +5.028772038e+00 -5.218122796e+01 -5.218122796e+01 +6.9439e-01 +3.0077e-01 -2.8243e-02 -5.8343e-01 -2.2924e-01 -5.7228e-01 +8.1984e-02 -1.4350e-01 -3.8184e-01 +7.2399e-01
330 0 +3.644522039e+00 -5.356547796e+01 -5.356547796e+01 +6.0793e-01 +3.2973e-01 -7.7812e-02 -5.2660e-01 -2.0997e-01 -5.5362e-01 +3.7918e-02 -9.5882e-02 -5.4132e-01 +7.6340e-01
494 0 +2.798408293e+00 -5.441159171e+01 -5.441159171e+01 +8.4134e-01 +2.9125e-01 -2.5129e-02 -6.2498e-01 -4.9830e-01 -4.8433e-01 +2.7362e-01 -2.0732e-01 -3.7528e-01 +6.9036e-01
514 0 +2.651813148e+00 -5.455818685e+01 -5.455818685e+01 +8.1903e-01 +3.2782e-01 -5.1995e-02 -5.5298e-01 -2.5800e-01 -5.9508e-01 +1.0985e-01 -2.2028e-01 -4.6005e-01 +7.1988e-01
525 0 +2.482704490e+00 -5.472729551e+01 -5.472729551e+01 +6.9065e-01 +2.8916e-01 -5.3107e-02 -4.1561e-01 -3.3963e-01 -5.3098e-01 +1.8955e-01 -8.9752e-02 -3.8792e-01 +7.0800e-01
561 0 +2.001354190e+00 -5.520864581e+01 -5.520864581e+01 +7.9893e-01 +3.0608e-01 -8.1028e-02 -4.4747e-01 -2.4793e-01 -6.5530e-01 +1.1729e-01 -1.4582e-01 -3.5350e-01 +6.9416e-01
715 0 +1.842872179e+00 -5.536712782e+01 -5.536712782e+01 +8.0504e-01 +3.0037e-01 -2.0399e-02 -4.6460e-01 -2.3200e-01 -7.7289e-01 +1.1422e-01 -1.0037e-01 -3.1532e-01 +6.1440e-01
785 0 +1.804318011e+00 -5.540568199e+01 -5.540568199e+01 +8.6777e-01 +3.1621e-01 -1.6958e-02 -4.9774e-01 -3.0673e-01 -7.4857e-01 +1.5014e-01 -1.3152e-01 -2.9721e-01 +6.1888e-01
815 0 +1.671504878e+00 -5.553849512e+01 -5.553849512e+01 +8.6701e-01 +3.1128e-01 -8.6956e-03 -5.4955e-01 -3.2253e-01 -7.5955e-01 +1.5146e-01 -1.1200e-01 -3.1166e-01 +6.0218e-01
866 0 +1.440137861e+00 -5.576986214e+01 -5.576986214e+01 +8.2244e-01 +3.0182e-01 -6.3359e-03 -5.4940e-01 -2.8441e-01 -7.5249e-01 +1.3309e-01 -9.8049e-02 -3.6912e-01 +5.8937e-01
941 0 +1.338772629e+00 -5.587122737e+01 -5.587122737e+01 +8.2154e-01 +2.9992e-01 -5.2304e-03 -5.2182e-01 -2.8775e-01 -8.0157e-01 +1.3391e-01 -6.5828e-02 -3.0084e-01 +5.6750e-01
962 0 +1.299866239e+00 -5.591013376e+01 -5.591013376e+01 +8.0034e-01 +3.1250e-01 +7.8289e-03 -4.7546e-01 -2.7707e-01 -7.5448e-01 +1.2162e-01 -6.8588e-02 -3.4253e-01 +5.9810e-01
963 0 +1.186147042e+00 -5.602385296e+01 -5.602385296e+01 +8.3099e-01 +3.2884e-01 +2.1812e-02 -5.2570e-01 -2.9336e-01 -7.7001e-01 +1.2282e-01 -6.9924e-02 -3.1761e-01 +5.8967e-01
1010 0 +1.186147042e+00 -5.602385296e+01 -5.602385296e+01 +8.3099e-01 +3.2884e-01 +2.1812e-02 -5.2570e-01 -2.9336e-01 -7.7001e-01 +1.2282e-01 -6.9924e-02 -3.1761e-01 +5.8967e-01
% f evaluations | g evaluations | best noise-free fitness - Fopt (6.626000000000e+01) + sum g_i+ | measured fitness | best measured fitness or single-digit g-values | x1 | x2...
1 0 +5.117727589e+01 +1.174372759e+02 +1.174372759e+02 +3.3257e-04 -8.6864e-02 -3.3482e-01 -3.8649e-03 -1.1351e-01 -1.4434e-01 -4.5521e-01 -1.4727e-01 -7.2207e-02 -1.9439e-01
26 0 +5.092265484e+01 +1.171826548e+02 +1.171826548e+02 -4.1147e-01 -8.9460e-01 +5.0501e-01 -2.3608e-01 -3.0785e-01 -5.5450e-01 -4.5722e-01 -2.2824e-01 +6.2724e-01 -1.8549e-01
47 0 +4.146075969e+01 +1.077207597e+02 +1.077207597e+02 -5.7762e-01 -1.7265e-01 -2.5509e-01 -3.6333e-02 +1.8496e-01 -4.3213e-01 -2.5785e-02 -5.8271e-02 +7.4393e-01 +3.8371e-01
51 0 +4.054915303e+01 +1.068091530e+02 +1.068091530e+02 -6.1880e-01 -1.8699e-01 +6.8898e-02 +1.6214e-01 +3.7534e-01 -3.7974e-01 -4.1091e-01 +1.3869e-01 +4.3795e-01 +1.9474e-01
52 0 +3.919731062e+01 +1.054573106e+02 +1.054573106e+02 -8.8172e-01 -4.2441e-01 +4.2174e-01 +7.6997e-01 +4.3320e-01 -3.7767e-01 +1.1609e-01 -4.0865e-01 +9.1463e-01 +1.8060e-02
91 0 +3.735505144e+01 +1.036150514e+02 +1.036150514e+02 -1.3207e+00 +1.2680e-02 +2.3442e-01 +6.4740e-01 +3.1143e-01 -7.3278e-01 -1.6812e-02 +4.0595e-01 +1.3162e+00 +5.5805e-02
115 0 +2.513863239e+01 +9.139863239e+01 +9.139863239e+01 -1.0928e+00 +2.3979e-01 -1.3977e-01 +7.3772e-01 -1.9143e-01 -5.3073e-01 -1.7622e-01 +8.3460e-01 +9.1900e-01 -4.9784e-01
202 0 +2.484163415e+01 +9.110163415e+01 +9.110163415e+01 -3.8837e-01 +4.6493e-01 +1.1173e-01 +1.1875e+00 -8.2661e-02 -7.7736e-04 -4.2177e-01 +7.4452e-01 +8.9159e-01 -5.7966e-01
212 0 +1.785518145e+01 +8.411518145e+01 +8.411518145e+01 -8.2847e-01 -7.8245e-02 +3.1674e-01 +1.4012e+00 +8.6731e-02 -1.0317e-01 -2.8664e-01 +6.4903e-01 +1.1953e+00 -3.1558e-01
244 0 +1.315887889e+01 +7.941887889e+01 +7.941887889e+01 -6.5900e-01 -4.8585e-01 +1.0753e-02 +1.4873e+00 +4.9832e-01 -1.8330e-01 -1.0738e-01 +7.7398e-01 +1.0759e+00 -4.3122e-01
251 0 +1.277807676e+01 +7.903807676e+01 +7.903807676e+01 -6.3461e-01 +2.1211e-01 -6.3410e-01 +1.7649e+00 +7.5038e-01 -4.2037e-02 -8.5702e-02 +6.1388e-01 +1.1302e+00 -3.9302e-02
299 0 +1.092811016e+01 +7.718811016e+01 +7.718811016e+01 -1.0751e+00 +1.2939e-01 -9.6567e-01 +1.6051e+00 +3.5001e-01 -6.1560e-01 -1.2186e-01 +1.5955e-01 +1.6305e+00 +5.7152e-01
377 0 +1.065374844e+01 +7.691374844e+01 +7.691374844e+01 -1.1320e+00 +5.0079e-01 -8.5463e-01 +1.3621e+00 +6.9168e-02 -4.3658e-01 -1.6614e-01 +3.2251e-01 +1.3191e+00 -6.5253e-02
383 0 +8.081321540e+00 +7.434132154e+01 +7.434132154e+01 -1.6132e+00 +9.2556e-01 -1.0852e+00 +1.3195e+00 -9.0967e-02 -6.7910e-01 -2.5506e-01 +6.5181e-01 +1.7256e+00 +1.2219e-01
441 0 +6.057370895e+00 +7.231737090e+01 +7.231737090e+01 -1.6938e+00 +6.0326e-01 -8.3850e-01 +1.3152e+00 -4.1735e-01 -5.7878e-01 -3.0852e-01 +8.6876e-01 +1.5200e+00 +3.4312e-01
546 0 +5.329676361e+00 +7.158967636e+01 +7.158967636e+01 -1.7446e+00 +7.1848e-01 -4.4464e-01 +1.4706e+00 -3.9814e-01 -5.0395e-01 -5.2351e-01 +8.4661e-01 +1.5272e+00 -3.8146e-02
567 0 +5.092476858e+00 +7.135247686e+01 +7.135247686e+01 -2.0751e+00 +8.0810e-01 -2.9907e-01 +1.1083e+00 -5.4310e-01 -8.4333e-01 -6.4453e-01 +8.8959e-01 +1.7599e+00 -4.7905e-02
579 0 +4.161800395e+00 +7.042180039e+01 +7.042180039e+01 -1.6565e+00 +7.2572e-01 -5.3958e-01 +1.2014e+00 -3.8104e-01 -6.5595e-01 -4.1576e-01 +1.0171e+00 +1.8311e+00 +8.3325e-02
698 0 +3.971961381e+00 +7.023196138e+01 +7.023196138e+01 -1.7022e+00 +1.0675e+00 -4.1841e-01 +1.1970e+00 -4.8541e-01 -7.7358e-01 -4.8238e-01 +1.1084e+00 +1.4932e+00 -4.2821e-01
700 0 +3.519317098e+00 +6.977931710e+01 +6.977931710e+01 -1.5868e+00 +1.0460e+00 -2.0341e-01 +1.1590e+00 -4.9062e-01 -7.2346e-01 -5.2362e-01 +8.6847e-01 +1.4371e+00 -2.0718e-01
706 0 +3.330597885e+00 +6.959059788e+01 +6.959059788e+01 -1.6477e+00 +1.1872e+00 -2.8995e-01 +1.1312e+00 -5.6983e-01 -7.2339e-01 -3.9198e-01 +9.4860e-01 +1.3925e+00 -1.9133e-01
711 0 +2.502715740e+00 +6.876271574e+01 +6.876271574e+01 -1.6937e+00 +1.3355e+00 -2.3606e-01 +1.1373e+00 -5.2307e-01 -8.4419e-01 -4.7479e-01 +9.9881e-01 +1.4475e+00 -1.9588e-01
750 0 +1.760567436e+00 +6.802056744e+01 +6.802056744e+01 -1.6701e+00 +1.1063e+00 -4.1485e-01 +1.2630e+00 -3.9870e-01 -8.4575e-01 -3.6504e-01 +9.1962e-01 +1.5783e+00 +2.3947e-01
800 0 +1.631620171e+00 +6.789162017e+01 +6.789162017e+01 -1.7101e+00 +1.2062e+00 -6.5544e-01 +1.3074e+00 -2.4826e-01 -7.8316e-01 -2.1646e-01 +9.3688e-01 +1.5974e+00 +4.4388e-01
840 0 +1.472052820e+00 +6.773205282e+01 +6.773205282e+01 -1.7797e+00 +1.1541e+00 -7.4260e-01 +1.4156e+00 -1.0571e-01 -9.0662e-01 -2.5505e-01 +1.0834e+00 +1.8918e+00 +5.5888e-01
851 0 +1.310318180e+00 +6.757031818e+01 +6.757031818e+01 -1.7568e+00 +9.5447e-01 -7.1157e-01 +1.3978e+00 -1.4486e-01 -9.0548e-01 -3.0648e-01 +1.0462e+00 +1.9065e+00 +5.0161e-01
866 0 +1.054079800e+00 +6.731407980e+01 +6.731407980e+01 -1.7238e+00 +9.4894e-01 -8.7200e-01 +1.5057e+00 +1.5848e-02 -9.4203e-01 -3.0642e-01 +1.0249e+00 +2.0313e+00 +6.8515e-01
903 0 +8.242608564e-01 +6.708426086e+01 +6.708426086e+01 -1.7910e+00 +1.0596e+00 -7.2289e-01 +1.3864e+00 -9.2472e-02 -9.6623e-01 -3.1058e-01 +9.7121e-01 +1.8746e+00 +5.0357e-01
965 0 +8.033915763e-01 +6.706339158e+01 +6.706339158e+01 -1.7437e+00 +1.0297e+00 -7.6093e-01 +1.4004e+00 -8.8688e-02 -9.0780e-01 -2.7314e-01 +9.8783e-01 +1.8677e+00 +5.3366e-01
1002 0 +6.445537589e-01 +6.690455376e+01 +6.690455376e+01 -1.7332e+00 +1.0487e+00 -7.8296e-01 +1.4197e+00 -9.8713e-02 -9.2078e-01 -2.8217e-01 +1.0463e+00 +1.9161e+00 +5.7314e-01
1010 0 +6.445537589e-01 +6.690455376e+01 +6.690455376e+01 -1.7332e+00 +1.0487e+00 -7.8296e-01 +1.4197e+00 -9.8713e-02 -9.2078e-01 -2.8217e-01 +1.0463e+00 +1.9161e+00 +5.7314e-01
% f evaluations | g evaluations | best noise-free fitness - Fopt (-1.386200000000e+02) + sum g_i+ | measured fitness | best measured fitness or single-digit g-values | x1 | x2...
1 0 +3.700969189e+01 -1.016103081e+02 -1.016103081e+02 +3.3257e-04 -8.6864e-02 -3.3482e-01 -3.8649e-03 -1.1351e-01 -1.4434e-01 -4.5521e-01 -1.4727e-01 -7.2207e-02 -1.9439e-01
39 0 +3.617564738e+01 -1.024443526e+02 -1.024443526e+02 -4.1474e-01 -1.4759e-01 -4.7599e-01 +3.7433e-01 -9.9731e-02 +3.5046e-01 -8.9304e-02 -7.1114e-01 -2.2281e-01 -1.5570e-01
46 0 +3.042115624e+01 -1.081988438e+02 -1.081988438e+02 -3.1393e-01 -3.4275e-01 -1.9707e-01 +6.4847e-01 -1.6354e-01 +4.9394e-01 -7.4896e-02 -7.8561e-01 +1.3308e-01 -2.3853e-01
67 0 +2.552417029e+01 -1.130958297e+02 -1.130958297e+02 -1.6580e-01 -5.2164e-01 -1.7814e-01 +3.6679e-01 -1.8915e-01 +2.5152e-01 -2.8598e-01 -9.2513e-01 -4.3404e-02 -3.9371e-01
71 0 +2.194250687e+01 -1.166774931e+02 -1.166774931e+02 -3.9174e-01 -6.2573e-01 -1.8345e-01 +6.4840e-01 -2.7791e-01 +2.4940e-01 -1.0336e-01 -8.7144e-01 -1.2163e-01 -1.7337e-01
93 0 +2.051437496e+01 -1.181056250e+02 -1.181056250e+02 -8.3926e-02 -7.9666e-01 -2.4962e-01 +6.3824e-01 -7.8902e-01 +2.2568e-02 -2.3892e-01 -6.0182e-01 -1.4366e-03 -2.1519e-01
123 0 +1.656562312e+01 -1.220543769e+02 -1.220543769e+02 -2.9233e-01 -7.3215e-01 -3.5800e-01 +1.2542e+00 -4.9512e-01 -2.6730e-01 -4.5826e-02 -1.3147e+00 +1.5179e-01 -1.8034e-01
144 0 +1.602985888e+01 -1.225901411e+02 -1.225901411e+02 -1.0600e-01 -7.6240e-01 -2.9655e-01 +1.2549e+00 -6.3206e-01 -7.3283e-01 +3.0439e-01 -9.7018e-01 +1.7023e-01 -8.4140e-01
156 0 +1.342485853e+01 -1.251951415e+02 -1.251951415e+02 +6.4742e-03 -1.6216e-01 -2.9453e-01 +1.4763e+00 -2.2314e-01 -6.2877e-01 +4.7607e-01 -1.1964e+00 +1.2905e-01 -3.7097e-01
192 0 +8.303476951e+00 -1.303165230e+02 -1.303165230e+02 -2.3673e-01 +3.1459e-02 +2.9552e-01 +1.7684e+00 -5.2926e-01 -8.0933e-01 +7.8521e-02 -1.0739e+00 +7.0481e-01 +5.0652e-01
317 0 +8.111313052e+00 -1.305086869e+02 -1.305086869e+02 +9.4993e-02 +6.3293e-02 +3.3655e-01 +1.9562e+00 -1.0420e-01 -8.7441e-01 -2.0064e-02 -5.5532e-01 +5.7376e-01 +1.2082e+00
332 0 +5.563705123e+00 -1.330562949e+02 -1.330562949e+02 -3.4492e-02 +3.7862e-01 +6.0969e-01 +1.7156e+00 +2.4010e-01 -8.4863e-01 -2.7279e-01 -6.5830e-02 +4.7921e-01 +1.5212e+00
400 0 +4.539402349e+00 -1.340805977e+02 -1.340805977e+02 +4.0156e-01 +3.6898e-01 +9.1519e-02 +2.1749e+00 -8.4603e-02 -1.3774e+00 -1.6168e-01 -5.1842e-01 +5.4413e-01 +1.8892e+00
498 0 +4.176907571e+00 -1.344430924e+02 -1.344430924e+02 +2.7567e-01 +1.3516e-01 +1.9330e-01 +1.9042e+00 -2.7241e-01 -1.0141e+00 -1.8004e-01 -6.9120e-01 +4.4825e-01 +1.5473e+00
538 0 +3.367277061e+00 -1.352527229e+02 -1.352527229e+02 +2.1918e-01 +3.2520e-01 +1.3201e-01 +1.8322e+00 -9.0948e-02 -9.3109e-01 -2.9808e-01 -7.0045e-01 +5.6712e-01 +1.8189e+00
587 0 +3.194765407e+00 -1.354252346e+02 -1.354252346e+02 +1.1229e-01 +3.5418e-01 +1.0050e-01 +1.7793e+00 -7.6498e-02 -8.6193e-01 -1.9718e-01 -7.6416e-01 +5.4101e-01 +1.6608e+00
616 0 +2.738133406e+00 -1.358818666e+02 -1.358818666e+02 +2.2198e-01 +5.1742e-01 +2.0890e-02 +1.8052e+00 -1.4830e-01 -9.6359e-01 -2.6836e-01 -6.7819e-01 +6.2994e-01 +1.5429e+00
652 0 +2.092644568e+00 -1.365273554e+02 -1.365273554e+02 +2.3668e-01 +4.0234e-01 +1.0782e-01 +1.8394e+00 -1.2655e-01 -9.3183e-01 -2.8739e-01 -7.0772e-01 +5.4254e-01 +1.6819e+00
656 0 +1.858575703e+00 -1.367614243e+02 -1.367614243e+02 +1.9277e-01 +4.2241e-01 +1.4808e-01 +1.8119e+00 -1.0801e-01 -9.5548e-01 -2.9136e-01 -6.6358e-01 +5.7055e-01 +1.6957e+00
713 0 +1.433137128e+00 -1.371868629e+02 -1.371868629e+02 +2.0108e-01 +4.3428e-01 +8.2832e-02 +1.8658e+00 -1.4059e-01 -1.0430e+00 -2.6468e-01 -6.6058e-01 +5.5263e-01 +1.5793e+00
757 0 +1.265240623e+00 -1.373547594e+02 -1.373547594e+02 +2.7998e-01 +4.9360e-01 +7.2774e-02 +1.8628e+00 -1.6589e-01 -1.0485e+00 -2.6978e-01 -6.5838e-01 +5.9061e-01 +1.7188e+00
790 0 +1.204725622e+00 -1.374152744e+02 -1.374152744e+02 +3.0360e-01 +4.3971e-01 +1.2362e-01 +1.8768e+00 -9.4244e-02 -1.0614e+00 -3.0391e-01 -6.4724e-01 +5.7125e-01 +1.7562e+00
794 0 +1.019267149e+00 -1.376007329e+02 -1.376007329e+02 +2.9917e-01 +4.5577e-01 +9.6795e-02 +1.9073e+00 -7.3558e-02 -1.0542e+00 -2.8273e-01 -6.9051e-01 +5.6995e-01 +1.7535e+00
822 0 +8.402978475e-01 -1.377797022e+02 -1.377797022e+02 +3.1747e-01 +4.7526e-01 +5.1294e-02 +1.9166e+00 -9.5223e-02 -1.0519e+00 -2.6594e-01 -7.2464e-01 +5.7757e-01 +1.7122e+00
849 0 +6.470630193e-01 -1.379729370e+02 -1.379729370e+02 +2.9417e-01 +4.8201e-01 +7.0208e-02 +1.8990e+00 -1.1109e-01 -1.0521e+00 -2.7500e-01 -7.3774e-01 +5.6119e-01 +1.7254e+00
1010 0 +6.470630193e-01 -1.379729370e+02 -1.379729370e+02 +2.9417e-01 +4.8201e-01 +7.0208e-02 +1.8990e+00 -1.1109e-01 -1.0521e+00 -2.7500e-01 -7.3774e-01 +5.6119e-01 +1.7254e+00
% f evaluations | g evaluations | best noise-free fitness - Fopt (7.313900000000e+02) + sum g_i+ | measured fitness | best measured fitness or single-digit g-values | x1 | x2...
1 0 +7.950530371e+01 +8.108953037e+02 +8.108953037e+02 +3.3257e-04 -8.6864e-02 -3.3482e-01 -3.8649e-03 -1.1351e-01 -1.4434e-01 -4.5521e-01 -1.4727e-01 -7.2207e-02 -1.9439e-01
3 0 +7.069268853e+01 +8.020826885e+02 +8.020826885e+02 +2.0258e-01 +9.5875e-03 +2.7545e-01 +1.1415e-01 +1.5491e-01 -1.0657e-01 +6.2635e-02 +9.8527e-02 -1.4947e-01 -6.2756e-01
8 0 +5.573715273e+01 +7.871271527e+02 +7.871271527e+02 -5.4265e-01 +1.0193e-01 -6.8190e-03 -2.8800e-01 -1.1494e-01 +3.2860e-02 -2.5656e-01 +6.6484e-05 +1.9916e-01 +2.2485e-01
12 0 +5.298413089e+01 +7.843741309e+02 +7.843741309e+02 -4.1298e-01 +2.3447e-02 +3.7220e-01 +1.7600e-01 -1.4814e-02 -5.2392e-01 +1.9243e-01 -2.8744e-01 -1.0833e-01 +4.0781e-01
21 0 +4.083320728e+01 +7.722232073e+02 +7.722232073e+02 -7.3744e-01 +2.5708e-02 +4.8025e-01 +2.5195e-01 -2.1187e-02 +1.1203e-02 -2.3250e-01 -2.4971e-01 +2.9203e-01 +3.3286e-01
25 0 +3.451722305e+01 +7.659072231e+02 +7.659072231e+02 -3.8535e-01 -2.6387e-01 +1.7832e-01 +5.1077e-01 -1.5826e-01 -2.6150e-01 +8.1331e-02 -1.8222e-01 -4.9458e-01 +3.4877e-01
31 0 +3.321358492e+01 +7.646035849e+02 +7.646035849e+02 -5.8685e-01 -3.5128e-03 -1.3958e-01 +3.6100e-01 -2.2674e-02 -2.6275e-01 -1.4894e-01 +5.2481e-02 -4.1148e-01 +4.9160e-01
36 0 +2.812822937e+01 +7.595182294e+02 +7.595182294e+02 -4.5904e-01 -5.8706e-01 +1.1198e-01 +4.8565e-01 +3.3651e-01 -1.9927e-01 +9.2091e-02 +3.0438e-02 -4.1427e-01 -4.1316e-02
46 0 +2.034818405e+01 +7.517381841e+02 +7.517381841e+02 -5.2089e-01 -5.0078e-01 +4.1078e-01 +3.0823e-01 +5.9742e-01 -6.8997e-01 -5.7868e-01 +1.3248e-01 -2.7354e-01 -4.8225e-02
119 0 +1.681345290e+01 +7.482034529e+02 +7.482034529e+02 -3.3963e-01 -7.0658e-01 -2.6876e-02 +5.7267e-01 +1.2542e+00 -2.6401e-01 -6.1524e-01 +4.0630e-01 -4.0250e-02 -6.5779e-02
133 0 +1.348938161e+01 +7.448793816e+02 +7.448793816e+02 -2.9055e-01 -1.0050e+00 -2.1240e-01 +2.9544e-01 +1.5048e+00 -5.9013e-01 -7.6487e-01 +7.8547e-01 +1.3933e-01 +5.4568e-01
168 0 +9.432093277e+00 +7.408220933e+02 +7.408220933e+02 +2.1841e-01 -1.0984e+00 +5.1344e-01 +7.9329e-01 +1.1093e+00 -3.7956e-01 -2.6905e-01 +7.7491e-01 +2.0336e-03 +1.0322e+00
205 0 +5.671755128e+00 +7.370617551e+02 +7.370617551e+02 -8.9793e-02 -1.1455e+00 +4.5664e-01 +7.7934e-01 +8.0413e-01 -3.7543e-01 -3.9023e-01 +9.7288e-01 -7.3460e-02 +9.8803e-01
330 0 +5.206342408e+00 +7.365963424e+02 +7.365963424e+02 -5.2629e-01 -8.8438e-01 +8.5661e-01 +6.9906e-01 +2.3706e-01 +1.9479e-01 -2.5653e-01 +9.0296e-01 +3.6885e-01 +1.3803e+00
471 0 +3.719701734e+00 +7.351097017e+02 +7.351097017e+02 -3.3878e-01 -8.7493e-01 +6.2681e-01 +2.4450e-01 +3.5578e-01 -3.6477e-01 -5.7734e-01 +1.1157e+00 +4.0055e-01 +8.8500e-01
483 0 +2.752480131e+00 +7.341424801e+02 +7.341424801e+02 -4.1298e-01 -7.8918e-01 +7.9738e-01 +4.7306e-01 +4.6341e-01 -3.4407e-01 -7.3225e-01 +1.1027e+00 +2.7206e-01 +8.7214e-01
504 0 +1.432811423e+00 +7.328228114e+02 +7.328228114e+02 -4.6119e-01 -8.4679e-01 +6.3944e-01 +4.9295e-01 +2.0441e-01 -1.3974e-01 -4.5468e-01 +1.1463e+00 +7.9805e-02 +1.0374e+00
584 0 +9.602471162e-01 +7.323502471e+02 +7.323502471e+02 -3.3880e-01 -8.3162e-01 +6.8615e-01 +3.1697e-01 +2.6973e-01 -2.2357e-01 -6.5263e-01 +1.1309e+00 +2.9977e-01 +9.2651e-01
689 0 +4.991601024e-01 +7.318891601e+02 +7.318891601e+02 -5.1705e-01 -8.3413e-01 +7.6108e-01 +4.5459e-01 +1.7523e-01 -3.6938e-02 -6.6124e-01 +1.1175e+00 +2.6066e-01 +1.0314e+00
720 0 +2.552117038e-01 +7.316452117e+02 +7.316452117e+02 -5.0589e-01 -8.5840e-01 +5.6542e-01 +5.0185e-01 +1.7099e-01 -3.6331e-02 -6.1143e-01 +1.1980e+00 +2.6512e-01 +1.0703e+00
868 0 +1.988116634e-01 +7.315888117e+02 +7.315888117e+02 -4.2361e-01 -9.3558e-01 +4.7943e-01 +4.1857e-01 +1.7878e-01 -1.8609e-01 -5.4208e-01 +1.2729e+00 +2.2956e-01 +9.7671e-01
888 0 +1.524042390e-01 +7.315424042e+02 +7.315424042e+02 -5.0318e-01 -9.1106e-01 +6.3088e-01 +4.7600e-01 +1.7183e-01 -8.0884e-02 -5.5735e-01 +1.2092e+00 +2.6028e-01 +1.0131e+00
914 0 +1.096496805e-01 +7.314996497e+02 +7.314996497e+02 -5.0474e-01 -8.9971e-01 +6.4240e-01 +4.6629e-01 +2.1481e-01 -9.6670e-02 -5.9843e-01 +1.2104e+00 +2.7212e-01 +1.0118e+00
960 0 +8.752714909e-02 +7.314775271e+02 +7.314775271e+02 -4.8384e-01 -9.4746e-01 +6.2603e-01 +4.2774e-01 +2.3312e-01 -1.1603e-01 -5.7440e-01 +1.1831e+00 +3.0960e-01 +9.9400e-01
968 0 +6.116138850e-02 +7.314511614e+02 +7.314511614e+02 -4.8298e-01 -9.1537e-01 +6.2098e-01 +4.4848e-01 +2.5093e-01 -6.8698e-02 -6.2880e-01 +1.1531e+00 +3.2737e-01 +1.0451e+00
981 0 +4.307648218e-02 +7.314330765e+02 +7.314330765e+02 -4.5809e-01 -9.2552e-01 +5.7996e-01 +3.9653e-01 +2.2989e-01 -1.1070e-01 -6.0163e-01 +1.2047e+00 +3.3695e-01 +1.0100e+00
1010 0 +4.302685021e-02 +7.314330269e+02 +7.314330269e+02 -4.5838e-01 -9.4349e-01 +5.7039e-01 +4.1170e-01 +2.2906e-01 -1.2698e-01 -6.1424e-01 +1.2210e+00 +3.1666e-01 +9.7846e-01
% f evaluations | g evaluations | best noise-free fitness - Fopt (7.526000000000e+01) + sum g_i+ | measured fitness | best measured fitness or single-digit g-values | x1 | x2...
1 0 +6.479661942e+01 +1.400566194e+02 +1.400566194e+02 +3.3257e-04 -8.6864e-02 -3.3482e-01 -3.8649e-03 -1.1351e-01 -1.4434e-01 -4.5521e-01 -1.4727e-01 -7.2207e-02 -1.9439e-01
4 0 +2.085938540e+01 +9.611938540e+01 +9.611938540e+01 -2.4776e-02 +7.3656e-01 -8.0164e-01 -2.7399e-01 -6.8196e-02 +8.0797e-02 +3.3915e-01 +3.1273e-01 +3.9116e-01 +4.1684e-01
120 0 +1.399210795e+01 +8.925210795e+01 +8.925210795e+01 -3.1318e-01 +1.0930e+00 -3.2338e-01 -3.2614e-01 +5.8540e-01 -2.7642e-02 +1.1740e+00 +6.2605e-01 +8.1862e-01 -1.7665e-01
137 0 +1.070730674e+01 +8.596730674e+01 +8.596730674e+01 +3.0130e-01 +3.9557e-01 -2.0396e-01 +2.0393e-02 +3.4380e-01 +1.7664e-01 +1.0031e+00 +8.5861e-01 +7.5106e-01 +7.4141e-02
308 0 +8.948469885e+00 +8.420846988e+01 +8.420846988e+01 -2.2954e-01 +1.0927e-01 -2.4755e-01 +2.1617e-01 -1.4882e-02 +7.6670e-01 +1.7766e+00 +9.0614e-01 +7.5910e-01 +4.6311e-01
310 0 +5.948286094e+00 +8.120828609e+01 +8.120828609e+01 -4.0565e-01 +3.7986e-01 -3.1672e-01 +1.6506e-01 -2.6403e-02 +6.9070e-01 +1.8243e+00 +8.6217e-01 +8.0274e-01 +4.3754e-01
330 0 +5.551291202e+00 +8.081129120e+01 +8.081129120e+01 -2.6778e-01 +3.5868e-01 -2.9209e-01 +1.8796e-01 -3.2665e-03 +7.8209e-01 +1.7444e+00 +9.9389e-01 +6.7278e-01 +2.9856e-01
337 0 +2.984055878e+00 +7.824405588e+01 +7.824405588e+01 -3.3470e-01 +5.9842e-01 -2.2598e-01 +1.1103e-02 +1.3059e-01 +7.6448e-01 +1.6954e+00 +7.9301e-01 +7.4296e-01 +1.7185e-01
533 0 +2.490885654e+00 +7.775088565e+01 +7.775088565e+01 -3.7348e-01 +7.1211e-01 -4.4597e-01 +1.6589e-01 +1.6602e-01 +8.6099e-01 +1.6110e+00 +9.9558e-01 +4.1554e-01 +2.7840e-01
577 0 +1.964043360e+00 +7.722404336e+01 +7.722404336e+01 -3.9755e-01 +8.1410e-01 -4.4230e-01 +1.9623e-01 +1.5360e-01 +8.6007e-01 +1.5921e+00 +1.0095e+00 +4.5758e-01 +3.2398e-01
625 0 +1.936857134e+00 +7.719685713e+01 +7.719685713e+01 -3.3046e-01 +7.2362e-01 -4.0592e-01 +1.0064e-01 +2.2990e-01 +8.3039e-01 +1.5725e+00 +1.0171e+00 +4.5488e-01 +3.7427e-01
656 0 +1.859370069e+00 +7.711937007e+01 +7.711937007e+01 -3.7672e-01 +6.5851e-01 -4.5518e-01 +8.5089e-02 +2.6913e-01 +7.9908e-01 +1.5021e+00 +1.0126e+00 +4.2906e-01 +3.8937e-01
667 0 +1.716513188e+00 +7.697651319e+01 +7.697651319e+01 -3.6600e-01 +6.8998e-01 -4.8307e-01 +1.1297e-01 +2.2259e-01 +8.3027e-01 +1.5770e+00 +1.0615e+00 +4.9402e-01 +3.6294e-01
675 0 +1.664893186e+00 +7.692489319e+01 +7.692489319e+01 -4.3987e-01 +6.5846e-01 -4.9228e-01 +1.0996e-01 +2.8217e-01 +7.8301e-01 +1.5823e+00 +1.0197e+00 +5.1667e-01 +3.6440e-01
677 0 +1.230830441e+00 +7.649083044e+01 +7.649083044e+01 -3.8792e-01 +6.9510e-01 -4.8482e-01 +1.0294e-01 +2.4711e-01 +8.0942e-01 +1.5528e+00 +1.0676e+00 +5.1802e-01 +3.6374e-01
703 0 +1.126878202e+00 +7.638687820e+01 +7.638687820e+01 -4.5371e-01 +6.4186e-01 -5.1016e-01 +7.9562e-02 +2.6476e-01 +7.5036e-01 +1.6206e+00 +1.0443e+00 +5.8995e-01 +3.2174e-01
774 0 +9.066702338e-01 +7.616667023e+01 +7.616667023e+01 -4.4407e-01 +6.2094e-01 -5.0964e-01 +1.2449e-02 +3.0162e-01 +7.3707e-01 +1.5855e+00 +1.0232e+00 +6.1620e-01 +3.2938e-01
853 0 +8.861947075e-01 +7.614619471e+01 +7.614619471e+01 -4.5707e-01 +6.2209e-01 -5.0514e-01 -2.4928e-02 +3.5817e-01 +6.6240e-01 +1.5946e+00 +1.0040e+00 +6.3488e-01 +3.1174e-01
868 0 +7.736395391e-01 +7.603363954e+01 +7.603363954e+01 -4.4417e-01 +6.0664e-01 -4.7607e-01 -8.4700e-03 +3.2283e-01 +6.8019e-01 +1.5916e+00 +9.9046e-01 +6.4435e-01 +3.1627e-01
901 0 +7.480308090e-01 +7.600803081e+01 +7.600803081e+01 -4.7184e-01 +6.3098e-01 -5.0081e-01 +7.6694e-03 +3.3770e-01 +6.7716e-01 +1.6288e+00 +1.0184e+00 +6.6583e-01 +2.9001e-01
928 0 +7.250799953e-01 +7.598508000e+01 +7.598508000e+01 -4.5899e-01 +6.0238e-01 -4.8675e-01 +2.9947e-02 +3.0193e-01 +7.1061e-01 +1.6343e+00 +1.0078e+00 +6.4081e-01 +2.7325e-01
970 0 +5.739974283e-01 +7.583399743e+01 +7.583399743e+01 -4.6514e-01 +5.9631e-01 -4.9233e-01 +1.1863e-02 +3.0664e-01 +7.0143e-01 +1.6283e+00 +1.0026e+00 +6.4390e-01 +2.8907e-01
1010 0 +5.739974283e-01 +7.583399743e+01 +7.583399743e+01 -4.6514e-01 +5.9631e-01 -4.9233e-01 +1.1863e-02 +3.0664e-01 +7.0143e-01 +1.6283e+00 +1.0026e+00 +6.4390e-01 +2.8907e-01
% f evaluations | g evaluations | best noise-free fitness - Fopt (-4.913000000000e+01) + sum g_i+ | measured fitness | best measured fitness or single-digit g-values | x1 | x2...
1 0 +3.631684590e+01 -1.281315410e+01 -1.281315410e+01 +3.3257e-04 -8.6864e-02 -3.3482e-01 -3.8649e-03 -1.1351e-01 -1.4434e-01 -4.5521e-01 -1.4727e-01 -7.2207e-02 -1.9439e-01
11 0 +2.499236665e+01 -2.413763335e+01 -2.413763335e+01 -2.4612e-01 -1.5232e-01 -2.9528e-01 +1.4140e-01 +6.2908e-02 -2.9727e-01 -4.7291e-01 +5.6146e-02 +2.7368e-01 -2.6418e-01
28 0 +2.447280543e+01 -2.465719457e+01 -2.465719457e+01 -2.1520e-01 -2.1906e-01 -2.8981e-01 -8.6104e-02 +2.0703e-01 -5.6966e-01 -5.0250e-01 -2.6386e-01 +4.9028e-01 -2.3080e-01
44 0 +2.136601855e+01 -2.776398145e+01 -2.776398145e+01 -2.8068e-01 -1.2053e-01 -5.1956e-01 +4.1044e-01 -2.7183e-01 -2.7919e-01 -2.8396e-01 -1.9856e-01 +1.8308e-01 -1.7405e-02
71 0 +1.760643143e+01 -3.152356857e+01 -3.152356857e+01 -1.9974e-01 -1.9352e-01 -3.0446e-01 +2.8988e-01 -4.7394e-02 -4.7362e-01 -1.6090e-01 -1.4122e-01 +1.4192e-01 -4.9857e-02
111 0 +1.423187366e+01 -3.489812634e+01 -3.489812634e+01 -3.4067e-01 -1.0380e-02 -3.4910e-01 +2.3508e-01 -1.8123e-01 -2.0996e-01 -1.6385e-02 -7.0209e-02 +4.1136e-01 -2.5834e-01
128 0 +1.252869357e+01 -3.660130643e+01 -3.660130643e+01 -3.5834e-01 +9.6660e-02 -4.1354e-01 +2.4403e-01 -8.2359e-02 +5.0635e-02 +5.4305e-02 -1.1164e-01 +5.4920e-01 -3.4253e-01
192 0 +1.042460215e+01 -3.870539785e+01 -3.870539785e+01 -3.9647e-01 +6.7713e-02 -3.5020e-01 +7.3951e-02 -3.6477e-02 -1.6083e-01 -5.5197e-02 -4.9804e-01 +3.7615e-01 -5.0985e-01
228 0 +1.017004504e+01 -3.895995496e+01 -3.895995496e+01 -2.0714e-01 +2.4929e-02 -3.3814e-01 +1.9983e-01 +8.2897e-02 -1.6248e-01 -2.3762e-01 -4.2645e-01 +3.7664e-01 -4.7894e-01
237 0 +9.193998351e+00 -3.993600165e+01 -3.993600165e+01 -2.1868e-01 -1.0481e-01 -3.7810e-01 -3.9337e-03 +1.5733e-01 -2.4377e-01 -3.2656e-01 -4.4914e-01 +3.6900e-01 -4.5822e-01
238 0 +7.701270700e+00 -4.142872930e+01 -4.142872930e+01 -3.9140e-01 -8.7464e-02 -4.2662e-01 -1.0428e-01 +5.1237e-02 -1.2768e-01 -2.2183e-01 -3.8202e-01 +4.4746e-01 -6.2389e-01
332 0 +7.470777013e+00 -4.165922299e+01 -4.165922299e+01 -3.3625e-01 -5.5636e-02 -4.3335e-01 -1.3492e-01 +2.2219e-02 -2.5791e-01 -2.4787e-01 -5.3715e-01 +4.4687e-01 -5.3091e-01
366 0 +6.193747674e+00 -4.293625233e+01 -4.293625233e+01 -2.3979e-01 -9.1947e-02 -5.0339e-01 -4.0721e-03 +4.2951e-03 -1.8891e-01 -2.3389e-01 -4.9849e-01 +3.7721e-01 -4.8780e-01
400 0 +5.742355192e+00 -4.338764481e+01 -4.338764481e+01 -2.1604e-01 -4.7712e-02 -4.6244e-01 +1.1766e-01 +4.8606e-02 -2.1513e-01 -1.3765e-01 -5.8662e-01 +2.3489e-01 -4.0393e-01
427 0 +5.507687780e+00 -4.362231222e+01 -4.362231222e+01 -1.9111e-01 -5.5530e-02 -4.8399e-01 +8.6928e-02 +8.6966e-02 -1.9592e-01 -2.3491e-01 -6.0182e-01 +3.0484e-01 -4.3861e-01
495 0 +4.980720094e+00 -4.414927991e+01 -4.414927991e+01 -2.2530e-01 -8.5028e-02 -4.7950e-01 +1.1411e-01 +3.0946e-02 -2.6273e-01 -1.8449e-01 -5.7764e-01 +2.2127e-01 -4.2075e-01
504 0 +4.656910482e+00 -4.447308952e+01 -4.447308952e+01 -2.2246e-01 -9.5229e-02 -4.7827e-01 +3.7727e-02 -4.1623e-04 -2.3715e-01 -2.0989e-01 -5.9169e-01 +3.2232e-01 -4.3020e-01
513 0 +4.557039759e+00 -4.457296024e+01 -4.457296024e+01 -2.2017e-01 -1.4695e-01 -4.6884e-01 +3.3478e-02 +3.3620e-02 -2.7780e-01 -2.2834e-01 -6.1612e-01 +3.0108e-01 -4.1260e-01
565 0 +4.408364990e+00 -4.472163501e+01 -4.472163501e+01 -2.0170e-01 -1.2193e-01 -4.8250e-01 +7.6882e-02 +4.2147e-02 -2.3757e-01 -1.8757e-01 -5.9359e-01 +2.9176e-01 -4.0475e-01
613 0 +4.223227334e+00 -4.490677267e+01 -4.490677267e+01 -2.0790e-01 -1.3270e-01 -4.9766e-01 +3.4365e-02 +4.0934e-02 -2.6741e-01 -2.1770e-01 -6.0334e-01 +2.9928e-01 -4.1443e-01
618 0 +4.048747784e+00 -4.508125222e+01 -4.508125222e+01 -1.9499e-01 -1.2828e-01 -5.0546e-01 +7.1200e-02 +2.2032e-02 -2.6977e-01 -2.0636e-01 -6.1213e-01 +2.7365e-01 -4.0868e-01
627 0 +3.857227939e+00 -4.527277206e+01 -4.527277206e+01 -1.9559e-01 -1.2921e-01 -4.9820e-01 +4.9612e-02 +1.9185e-03 -2.8203e-01 -2.0842e-01 -6.1319e-01 +2.8109e-01 -4.0230e-01
632 0 +3.744857285e+00 -4.538514272e+01 -4.538514272e+01 -1.7321e-01 -1.2700e-01 -5.1135e-01 +7.5286e-02 -1.7191e-03 -2.8487e-01 -1.8584e-01 -6.0661e-01 +2.7341e-01 -4.0306e-01
675 0 +3.694167502e+00 -4.543583250e+01 -4.543583250e+01 -2.0918e-01 -1.4420e-01 -5.0942e-01 +5.5227e-02 -2.5164e-02 -3.0831e-01 -2.2166e-01 -5.9123e-01 +2.4101e-01 -4.3801e-01
678 0 +3.478553178e+00 -4.565144682e+01 -4.565144682e+01 -2.0563e-01 -1.0671e-01 -5.2970e-01 +9.6006e-02 -1.0433e-02 -2.8202e-01 -2.1291e-01 -5.8647e-01 +2.1740e-01 -4.2526e-01
724 0 +3.347079438e+00 -4.578292056e+01 -4.578292056e+01 -1.9730e-01 -1.2770e-01 -5.0828e-01 +8.4596e-02 +1.4997e-02 -2.6752e-01 -2.0171e-01 -5.9048e-01 +2.4472e-01 -4.2948e-01
765 0 +3.262496623e+00 -4.586750338e+01 -4.586750338e+01 -2.0431e-01 -1.0089e-01 -5.1053e-01 +7.8428e-02 +5.1049e-03 -2.6221e-01 -2.0530e-01 -5.9636e-01 +2.5431e-01 -4.3353e-01
767 0 +3.205020724e+00 -4.592497928e+01 -4.592497928e+01 -1.8962e-01 -1.2073e-01 -5.1229e-01 +7.8609e-02 +1.4843e-02 -2.7390e-01 -2.0562e-01 -6.0233e-01 +2.4517e-01 -4.3217e-01
769 0 +3.115107143e+00 -4.601489286e+01 -4.601489286e+01 -1.9487e-01 -1.3113e-01 -5.1991e-01 +7.3141e-02 +3.5877e-03 -2.7877e-01 -2.0885e-01 -5.9620e-01 +2.4639e-01 -4.3729e-01
798 0 +3.003310083e+00 -4.612668992e+01 -4.612668992e+01 -1.9390e-01 -1.0454e-01 -5.1243e-01 +8.6358e-02 +9.6033e-03 -2.6493e-01 -2.0654e-01 -5.9718e-01 +2.3854e-01 -4.3247e-01
801 0 +2.794074639e+00 -4.633592536e+01 -4.633592536e+01 -1.9686e-01 -1.0187e-01 -5.1583e-01 +9.4146e-02 +8.6040e-03 -2.6250e-01 -2.0432e-01 -5.9500e-01 +2.3307e-01 -4.3205e-01
833 0 +2.739090104e+00 -4.639090990e+01 -4.639090990e+01 -1.9839e-01 -1.0149e-01 -5.1642e-01 +9.4232e-02 +8.0866e-03 -2.5839e-01 -2.0804e-01 -5.8730e-01 +2.3284e-01 -4.2948e-01
913 0 +2.658408625e+00 -4.647159138e+01 -4.647159138e+01 -1.9107e-01 -1.0196e-01 -5.1851e-01 +1.0374e-01 +6.7205e-03 -2.6298e-01 -1.9946e-01 -5.9037e-01 +2.2597e-01 -4.3067e-01
927 0 +2.593303703e+00 -4.653669630e+01 -4.653669630e+01 -1.9380e-01 -1.0913e-01 -5.2341e-01 +9.9673e-02 +5.0552e-03 -2.6088e-01 -2.0435e-01 -5.8866e-01 +2.2408e-01 -4.3524e-01
949 0 +2.536016738e+00 -4.659398326e+01 -4.659398326e+01 -1.9548e-01 -9.7157e-02 -5.2425e-01 +1.0531e-01 +1.1311e-02 -2.4984e-01 -2.0504e-01 -5.8775e-01 +2.2437e-01 -4.4049e-01
969 0 +2.498111203e+00 -4.663188880e+01 -4.663188880e+01 -1.9299e-01 -9.6306e-02 -5.2372e-01 +1.1168e-01 +7.3756e-03 -2.5386e-01 -1.9884e-01 -5.8497e-01 +2.1871e-01 -4.3326e-01
981 0 +2.444247564e+00 -4.668575244e+01 -4.668575244e+01 -1.9139e-01 -9.4157e-02 -5.2039e-01 +1.1586e-01 +1.0253e-02 -2.5169e-01 -1.9955e-01 -5.8381e-01 +2.1536e-01 -4.3091e-01
1010 0 +2.444247564e+00 -4.668575244e+01 -4.668575244e+01 -1.9139e-01 -9.4157e-02 -5.2039e-01 +1.1586e-01 +1.0253e-02 -2.5169e-01 -1.9955e-01 -5.8381e-01 +2.1536e-01 -4.3091e-01
% f evaluations | g evaluations | best noise-free fitness - Fopt (-1.418900000000e+02) + sum g_i+ | measured fitness | best measured fitness or single-digit g-values | x1 | x2...
1 0 +1.593519799e+02 +1.746197992e+01 +1.746197992e+01 +3.3257e-04 -8.6864e-02 -3.3482e-01 -3.8649e-03 -1.1351e-01 -1.4434e-01 -4.5521e-01 -1.4727e-01 -7.2207e-02 -1.9439e-01
2 0 +9.749680944e+01 -4.439319056e+01 -4.439319056e+01 +1.9077e-01 +5.2204e-01 +8.9006e-02 +2.1225e-01 +5.4686e-01 +1.2923e-01 +4.6283e-01 -2.7023e-01 -4.1139e-02 +3.8929e-01
5 0 +8.740863367e+01 -5.448136633e+01 -5.448136633e+01 -1.9694e-01 -1.6877e-02 -1.4997e-01 +1.3093e-01 -1.1275e-01 -2.7693e-01 +5.7519e-01 -4.5092e-02 -1.9163e-01 +2.4744e-01
9 0 +7.434074509e+01 -6.754925491e+01 -6.754925491e+01 -1.3975e-01 -8.3232e-02 +1.0650e-02 +2.5447e-01 +4.8901e-02 +3.6260e-01 +1.5076e-01 -4.7516e-01 +3.0692e-01 -1.9591e-01
12 0 +7.070758535e+01 -7.118241465e+01 -7.118241465e+01 -1.1782e-01 +3.9623e-02 -2.2210e-01 +2.0423e-01 +8.3518e-02 +1.4004e-01 +1.0550e+00 -1.9864e-01 -4.0426e-01 +1.6940e-01
23 0 +4.510877696e+01 -9.678122304e+01 -9.678122304e+01 -3.4808e-01 +4.9256e-01 -2.5478e-01 -2.4600e-02 +4.8735e-01 +1.8568e-01 +1.3459e+00 -1.2407e-01 -2.7061e-01 +8.9292e-01
44 0 +3.797461950e+01 -1.039153805e+02 -1.039153805e+02 -5.8784e-01 +9.0087e-01 -3.4342e-01 -1.9280e-03 +2.7227e-01 -3.0907e-01 +6.5136e-01 -2.4504e-01 -5.1416e-01 +9.5493e-01
52 0 +2.625779417e+01 -1.156322058e+02 -1.156322058e+02 -6.5331e-01 +1.5750e+00 -3.2966e-02 +3.6255e-01 -3.5416e-01 -4.3871e-01 +3.8060e-01 -6.3237e-01 -1.0243e+00 +4.6871e-01
63 0 +1.768046389e+01 -1.242095361e+02 -1.242095361e+02 -2.4274e-01 +1.3419e+00 +4.1851e-01 +1.0364e-01 -1.6687e-01 -2.7380e-01 +4.5058e-01 -6.9031e-01 -1.0316e+00 +4.7453e-01
164 0 +1.594345539e+01 -1.259465446e+02 -1.259465446e+02 -1.2580e-01 +1.1115e+00 -2.4347e-01 -2.8030e-01 +1.5571e-01 -3.1761e-01 +8.4804e-02 -4.7653e-01 -1.0497e+00 +1.1314e+00
247 0 +1.347174572e+01 -1.284182543e+02 -1.284182543e+02 -3.5002e-01 +1.1636e+00 -1.3741e-01 +3.2716e-01 -8.5804e-02 -3.1956e-01 +7.9656e-02 -4.7929e-01 -7.4472e-01 +9.3679e-01
389 0 +1.136390892e+01 -1.305260911e+02 -1.305260911e+02 -3.0987e-01 +1.2262e+00 -2.7427e-01 +2.8590e-02 +1.5593e-01 -3.8751e-01 -2.9533e-02 -7.5963e-01 -6.8869e-01 +1.0863e+00
464 0 +1.007439017e+01 -1.318156098e+02 -1.318156098e+02 -3.5236e-01 +1.1622e+00 -2.1806e-01 +8.4652e-02 +1.2450e-01 -4.8157e-01 -3.7517e-02 -5.5122e-01 -8.1799e-01 +9.8411e-01
480 0 +9.654137930e+00 -1.322358621e+02 -1.322358621e+02 -2.4348e-01 +9.8311e-01 -1.5562e-01 -2.2183e-03 +4.8379e-02 -5.0522e-01 -1.0603e-01 -7.2105e-01 -7.4193e-01 +1.1239e+00
494 0 +9.430517688e+00 -1.324594823e+02 -1.324594823e+02 -2.2461e-01 +1.0157e+00 -1.4471e-01 -6.9313e-02 +9.6501e-02 -5.1220e-01 -2.3359e-01 -7.8260e-01 -7.1382e-01 +1.1718e+00
508 0 +8.944236087e+00 -1.329457639e+02 -1.329457639e+02 -3.4509e-01 +1.2213e+00 -2.1696e-01 +1.1229e-02 +1.4824e-01 -3.8671e-01 -6.8323e-02 -6.2756e-01 -7.2752e-01 +1.1711e+00
553 0 +8.063720100e+00 -1.338262799e+02 -1.338262799e+02 -2.6968e-01 +1.0235e+00 -1.4429e-01 -3.0489e-02 +7.2189e-02 -4.6383e-01 -1.0146e-01 -6.5135e-01 -7.6352e-01 +1.1793e+00
585 0 +7.527599625e+00 -1.343624004e+02 -1.343624004e+02 -2.4667e-01 +8.7917e-01 -8.1765e-02 -6.8623e-02 +8.6524e-02 -5.6610e-01 -1.8089e-01 -7.6920e-01 -7.5194e-01 +1.1355e+00
602 0 +7.390385926e+00 -1.344996141e+02 -1.344996141e+02 -2.2359e-01 +9.0545e-01 -9.8226e-02 -9.3731e-02 +1.6225e-01 -5.1762e-01 -1.7593e-01 -8.1140e-01 -7.5452e-01 +1.1143e+00
643 0 +7.187554405e+00 -1.347024456e+02 -1.347024456e+02 -3.2544e-01 +9.5995e-01 -1.8141e-01 -4.0602e-02 +1.2145e-01 -4.8807e-01 -1.3559e-01 -7.1338e-01 -8.1395e-01 +1.1080e+00
649 0 +6.034947409e+00 -1.358550526e+02 -1.358550526e+02 -2.7813e-01 +9.1135e-01 -1.1958e-01 -7.4987e-04 +9.9795e-02 -5.4005e-01 -1.7866e-01 -7.4858e-01 -7.5554e-01 +1.1313e+00
825 0 +5.964626146e+00 -1.359253739e+02 -1.359253739e+02 -2.5501e-01 +9.1282e-01 -9.4347e-02 -2.2690e-02 +1.1387e-01 -5.3956e-01 -1.8523e-01 -7.1765e-01 -7.9301e-01 +1.1266e+00
888 0 +5.843252718e+00 -1.360467473e+02 -1.360467473e+02 -2.5591e-01 +9.3172e-01 -9.7672e-02 -3.2869e-02 +1.3536e-01 -5.2427e-01 -1.8247e-01 -7.1561e-01 -7.9207e-01 +1.1281e+00
895 0 +5.689807132e+00 -1.362001929e+02 -1.362001929e+02 -2.5398e-01 +9.2476e-01 -9.4959e-02 -3.0245e-02 +1.2336e-01 -5.2618e-01 -1.7305e-01 -7.1677e-01 -7.8867e-01 +1.1305e+00
903 0 +5.401724313e+00 -1.364882757e+02 -1.364882757e+02 -2.5220e-01 +9.3115e-01 -1.0078e-01 -3.8060e-02 +1.2442e-01 -5.2564e-01 -1.7345e-01 -7.1249e-01 -7.9119e-01 +1.1321e+00
997 0 +5.325675713e+00 -1.365643243e+02 -1.365643243e+02 -2.4127e-01 +9.2297e-01 -9.0726e-02 -3.8499e-02 +1.2016e-01 -5.3786e-01 -1.7605e-01 -7.2351e-01 -7.8531e-01 +1.1240e+00
1010 0 +5.325675713e+00 -1.365643243e+02 -1.365643243e+02 -2.4127e-01 +9.2297e-01 -9.0726e-02 -3.8499e-02 +1.2016e-01 -5.3786e-01 -1.7605e-01 -7.2351e-01 -7.8531e-01 +1.1240e+00
% f evaluations | g evaluations | best noise-free fitness - Fopt (1.095700000000e+02) + sum g_i+ | measured fitness | best measured fitness or single-digit g-values | x1 | x2...
1 0 +4.138177487e+01 +1.509517749e+02 +1.509517749e+02 +3.3257e-04 -8.6864e-02 -3.3482e-01 -3.8649e-03 -1.1351e-01 -1.4434e-01 -4.5521e-01 -1.4727e-01 -7.2207e-02 -1.9439e-01
16 0 +4.036181537e+01 +1.499318154e+02 +1.499318154e+02 -3.7500e-01 -2.7091e-01 -4.0508e-02 +4.5256e-02 -3.5075e-01 +1.7689e-01 -3.3316e-01 +1.3110e-01 -3.5949e-01 +2.2546e-01
19 0 +3.565108634e+01 +1.452210863e+02 +1.452210863e+02 -3.6964e-01 +1.8527e-03 -4.5559e-02 -2.4034e-01 +2.9186e-03 -1.7501e-01 +5.2767e-03 +2.7606e-01 +1.3171e-01 +1.9603e-01
27 0 +2.865593326e+01 +1.382259333e+02 +1.382259333e+02 -6.9193e-01 +1.5701e-01 +2.4661e-01 -3.7281e-01 +2.2551e-01 -3.4123e-01 -3.4497e-01 +4.9960e-01 -2.0933e-01 +5.4475e-02
31 0 +2.807981629e+01 +1.376498163e+02 +1.376498163e+02 -6.0043e-01 -1.2615e-01 -5.1933e-02 +2.8815e-01 +1.0170e-01 -4.9118e-01 -1.8083e-01 +3.6031e-01 +2.5616e-01 +1.4846e-01
88 0 +2.546584191e+01 +1.350358419e+02 +1.350358419e+02 -2.9373e-01 -4.7465e-01 -2.9077e-01 +9.0960e-02 -9.8906e-02 -5.9060e-01 +9.9045e-02 +3.0788e-01 +8.7283e-02 +1.1596e-01
149 0 +2.412433146e+01 +1.336943315e+02 +1.336943315e+02 -3.5201e-02 -4.4691e-01 +1.3962e-01 +2.0877e-01 +6.9478e-02 -7.4133e-01 -2.2125e-01 +4.8250e-01 +7.4401e-02 +1.1541e-01
156 0 +2.133593282e+01 +1.309059328e+02 +1.309059328e+02 -1.8377e-01 -4.3724e-01 +2.4262e-01 +1.3285e-02 -1.7294e-01 -5.0859e-01 -4.3125e-01 +1.5769e-01 -9.6629e-02 +2.7524e-01
168 0 +1.711851050e+01 +1.266885105e+02 +1.266885105e+02 -2.9024e-02 -5.8066e-01 +1.5699e-01 +6.2567e-02 +2.0781e-02 -6.2402e-01 -4.1154e-01 +1.7521e-01 -5.3082e-02 +2.2022e-01
210 0 +1.627940618e+01 +1.258494062e+02 +1.258494062e+02 +8.8484e-02 -6.2015e-01 +5.8087e-01 -8.2883e-02 +8.2917e-02 -8.4937e-01 -3.4125e-01 +2.8465e-01 -2.1947e-02 +7.6049e-01
221 0 +1.464748154e+01 +1.242174815e+02 +1.242174815e+02 +2.8685e-01 -6.9362e-01 +6.3108e-01 -1.2626e-01 -1.2237e-01 -8.3218e-01 -3.9945e-01 +2.9317e-01 +2.6297e-02 +7.6582e-01
294 0 +1.378965818e+01 +1.233596582e+02 +1.233596582e+02 -9.5113e-02 -9.5380e-01 +4.6938e-01 +8.9616e-02 -1.7627e-01 -1.0846e+00 -5.0460e-01 +6.7133e-01 +2.5729e-01 +9.5231e-01
316 0 +1.334424117e+01 +1.229142412e+02 +1.229142412e+02 -4.7934e-01 -9.8342e-01 +6.3656e-02 +5.0950e-02 -3.0065e-01 -7.3539e-01 -4.5584e-01 +3.8365e-01 +2.9905e-01 +6.0539e-01
327 0 +7.892159897e+00 +1.174621599e+02 +1.174621599e+02 -3.5993e-01 -8.8640e-01 +3.5114e-01 +5.1242e-02 -3.4948e-01 -8.6532e-01 -5.1636e-01 +4.9141e-01 +3.0380e-01 +8.2553e-01
376 0 +6.739160249e+00 +1.163091602e+02 +1.163091602e+02 -2.6010e-01 -8.4993e-01 +6.2932e-01 +7.3796e-02 -4.4486e-01 -8.5722e-01 -4.9211e-01 +5.1835e-01 +3.4202e-01 +8.7033e-01
393 0 +4.541119493e+00 +1.141111195e+02 +1.141111195e+02 -3.1433e-01 -8.4956e-01 +6.3415e-01 +7.2930e-02 -3.7817e-01 -8.9772e-01 -4.7837e-01 +5.2000e-01 +3.0722e-01 +8.4316e-01
486 0 +4.393080006e+00 +1.139630800e+02 +1.139630800e+02 -3.9162e-01 -8.4450e-01 +4.5220e-01 +6.7531e-02 -4.5072e-01 -8.7556e-01 -4.6428e-01 +6.3580e-01 +3.6956e-01 +8.4778e-01
527 0 +4.316316662e+00 +1.138863167e+02 +1.138863167e+02 -2.6286e-01 -7.6908e-01 +5.6761e-01 +7.8299e-02 -4.5883e-01 -8.9345e-01 -4.8681e-01 +5.7045e-01 +3.5704e-01 +8.8073e-01
541 0 +4.082117833e+00 +1.136521178e+02 +1.136521178e+02 -3.6754e-01 -7.3719e-01 +5.5859e-01 +7.5805e-02 -5.5237e-01 -9.0746e-01 -5.3141e-01 +7.3650e-01 +4.5227e-01 +8.9344e-01
546 0 +3.635077305e+00 +1.132050773e+02 +1.132050773e+02 -2.5777e-01 -7.1334e-01 +5.6950e-01 +1.0618e-01 -4.5456e-01 -8.8985e-01 -4.6344e-01 +6.4355e-01 +3.6019e-01 +9.2831e-01
621 0 +3.180204563e+00 +1.127502046e+02 +1.127502046e+02 -3.1543e-01 -7.3658e-01 +5.2547e-01 +6.1733e-02 -4.7564e-01 -8.5203e-01 -4.8244e-01 +5.9547e-01 +3.5816e-01 +9.1791e-01
640 0 +2.793028084e+00 +1.123630281e+02 +1.123630281e+02 -3.0267e-01 -7.5441e-01 +5.6227e-01 +5.2924e-02 -4.5139e-01 -8.6792e-01 -4.8147e-01 +6.0118e-01 +3.6158e-01 +9.2821e-01
725 0 +2.481021866e+00 +1.120510219e+02 +1.120510219e+02 -3.1572e-01 -7.3980e-01 +5.3260e-01 +3.0970e-02 -4.9407e-01 -8.8066e-01 -5.0733e-01 +6.6924e-01 +3.9912e-01 +9.1436e-01
791 0 +2.266588955e+00 +1.118365890e+02 +1.118365890e+02 -3.1740e-01 -7.5032e-01 +5.3256e-01 +1.1027e-02 -5.0183e-01 -8.7498e-01 -5.0984e-01 +6.8934e-01 +4.1277e-01 +9.1851e-01
834 0 +2.126565463e+00 +1.116965655e+02 +1.116965655e+02 -3.1513e-01 -7.5228e-01 +5.2525e-01 +3.0859e-02 -4.9587e-01 -8.7848e-01 -4.9754e-01 +6.7440e-01 +4.1283e-01 +9.1815e-01
860 0 +2.053162631e+00 +1.116231626e+02 +1.116231626e+02 -3.1316e-01 -7.5411e-01 +5.2720e-01 +2.2459e-02 -4.9168e-01 -8.7716e-01 -5.0111e-01 +6.7255e-01 +4.1241e-01 +9.1980e-01
969 0 +1.949675614e+00 +1.115196756e+02 +1.115196756e+02 -3.1326e-01 -7.5450e-01 +5.2804e-01 +1.6159e-02 -4.9444e-01 -8.7534e-01 -5.0558e-01 +6.7803e-01 +4.1115e-01 +9.1609e-01
1002 0 +1.891373906e+00 +1.114613739e+02 +1.114613739e+02 -3.0777e-01 -7.5816e-01 +5.3064e-01 +8.0608e-03 -4.8943e-01 -8.7452e-01 -5.0611e-01 +6.7929e-01 +4.1010e-01 +9.2219e-01
1010 0 +1.891373906e+00 +1.114613739e+02 +1.114613739e+02 -3.0777e-01 -7.5816e-01 +5.3064e-01 +8.0608e-03 -4.8943e-01 -8.7452e-01 -5.0611e-01 +6.7929e-01 +4.1010e-01 +9.2219e-01
% f evaluations | g evaluations | best noise-free fitness - Fopt (7.836000000000e+01) + sum g_i+ | measured fitness | best measured fitness or single-digit g-values | x1 | x2...
1 0 +7.041540209e+01 +1.487754021e+02 +1.487754021e+02 +3.3257e-04 -8.6864e-02 -3.3482e-01 -3.8649e-03 -1.1351e-01 -1.4434e-01 -4.5521e-01 -1.4727e-01 -7.2207e-02 -1.9439e-01
2 0 +5.235150515e+01 +1.307115052e+02 +1.307115052e+02 +1.9077e-01 +5.2204e-01 +8.9006e-02 +2.1225e-01 +5.4686e-01 +1.2923e-01 +4.6283e-01 -2.7023e-01 -4.1139e-02 +3.8929e-01
7 0 +3.326878489e+01 +1.116287849e+02 +1.116287849e+02 +5.0809e-01 -5.0920e-01 -8.3802e-01 -6.7846e-02 +1.1923e-01 +4.9792e-01 -1.4813e-01 -1.1283e-01 -5.0924e-02 +7.2516e-01
42 0 +3.226446255e+01 +1.106244625e+02 +1.106244625e+02 +2.7335e-01 +5.3200e-01 -2.2805e-01 -3.0264e-01 +7.1567e-01 +3.7765e-01 +7.4326e-01 -3.2650e-01 -3.5923e-01 +6.6984e-01
48 0 +2.913489491e+01 +1.074948949e+02 +1.074948949e+02 +1.5346e-01 -3.1062e-01 -4.3479e-01 -5.8181e-01 +8.4406e-01 +1.1965e+00 +8.1226e-01 -9.1941e-03 -3.6624e-01 +7.0455e-01
80 0 +2.673107373e+01 +1.050910737e+02 +1.050910737e+02 +7.4600e-01 +6.8239e-01 +2.6895e-01 -2.1162e-01 +7.0889e-01 +1.1177e+00 -2.6267e-01 +4.6134e-01 -1.8107e-01 +4.6046e-02
145 0 +2.512667989e+01 +1.034866799e+02 +1.034866799e+02 +1.7301e+00 +2.9913e-01 -7.1679e-01 -1.5782e+00 +4.8448e-01 +1.2306e+00 -3.2613e-01 +7.6404e-01 -7.8247e-01 +9.3605e-01
190 0 +1.801896301e+01 +9.637896301e+01 +9.637896301e+01 +6.6338e-01 +6.5221e-02 -1.2117e+00 -1.0795e+00 +8.2315e-01 +1.2749e+00 +2.3962e-01 +7.2388e-01 -9.0272e-01 +1.6569e+00
201 0 +1.455707659e+01 +9.291707659e+01 +9.291707659e+01 +9.9888e-01 -1.3248e-01 -1.0368e+00 -1.1713e+00 +1.0218e+00 +1.0027e+00 +2.4337e-01 +8.0834e-01 -5.6149e-01 +1.3641e+00
202 0 +1.343678739e+01 +9.179678739e+01 +9.179678739e+01 +9.2873e-01 -6.3901e-02 -7.0591e-01 -1.1131e+00 +7.5416e-01 +1.1617e+00 +4.0581e-01 +7.1895e-01 -1.0565e+00 +1.4944e+00
213 0 +9.355100326e+00 +8.771510033e+01 +8.771510033e+01 +1.0929e+00 -2.6020e-01 -8.2896e-01 -1.2841e+00 +8.1879e-01 +1.0283e+00 +3.9460e-01 +8.7876e-01 -5.7764e-01 +1.2062e+00
252 0 +7.836149372e+00 +8.619614937e+01 +8.619614937e+01 +1.0925e+00 +9.8373e-02 -5.4648e-01 -1.1729e+00 +8.4950e-01 +9.8965e-01 +3.4911e-01 +6.0935e-01 -3.8844e-01 +1.1751e+00
285 0 +7.364621673e+00 +8.572462167e+01 +8.572462167e+01 +8.7589e-01 -2.3080e-01 -8.9656e-01 -1.3348e+00 +9.7980e-01 +8.5942e-01 +3.8898e-01 +7.5249e-01 -6.4834e-01 +1.4383e+00
309 0 +6.682701976e+00 +8.504270198e+01 +8.504270198e+01 +1.0783e+00 -1.9121e-01 -7.0064e-01 -1.6243e+00 +9.8727e-01 +1.0393e+00 +3.5583e-01 +8.2976e-01 -7.3530e-01 +1.3826e+00
316 0 +5.349854638e+00 +8.370985464e+01 +8.370985464e+01 +8.5350e-01 -5.9712e-02 -7.4139e-01 -1.3867e+00 +8.8411e-01 +9.6205e-01 +4.3002e-01 +6.7981e-01 -6.9573e-01 +1.2321e+00
409 0 +4.693071214e+00 +8.305307121e+01 +8.305307121e+01 +9.4698e-01 -1.1765e-01 -6.7793e-01 -1.6063e+00 +9.4196e-01 +9.3997e-01 +2.5420e-01 +7.4724e-01 -6.3864e-01 +1.3590e+00
434 0 +4.252618235e+00 +8.261261824e+01 +8.261261824e+01 +1.0256e+00 -5.8383e-02 -6.1424e-01 -1.5769e+00 +9.0899e-01 +9.1472e-01 +2.6913e-01 +6.2616e-01 -6.1117e-01 +1.2630e+00
503 0 +3.686621786e+00 +8.204662179e+01 +8.204662179e+01 +1.0114e+00 -6.2691e-02 -6.6912e-01 -1.5981e+00 +8.2865e-01 +1.0566e+00 +3.6081e-01 +6.3074e-01 -7.5361e-01 +1.2657e+00
577 0 +3.506959303e+00 +8.186695930e+01 +8.186695930e+01 +1.0606e+00 -4.0601e-02 -6.5877e-01 -1.6759e+00 +8.4970e-01 +1.0640e+00 +3.5288e-01 +6.5838e-01 -7.3633e-01 +1.2932e+00
593 0 +3.432249119e+00 +8.179224912e+01 +8.179224912e+01 +1.1098e+00 -2.0346e-02 -6.9446e-01 -1.6375e+00 +8.8840e-01 +1.0662e+00 +2.8215e-01 +6.6992e-01 -7.0828e-01 +1.3125e+00
609 0 +3.259788147e+00 +8.161978815e+01 +8.161978815e+01 +1.0850e+00 -7.0878e-02 -6.7968e-01 -1.7046e+00 +8.8895e-01 +1.0566e+00 +3.0571e-01 +6.5736e-01 -7.1681e-01 +1.2951e+00
610 0 +3.005158525e+00 +8.136515853e+01 +8.136515853e+01 +1.1456e+00 -2.3406e-02 -7.2404e-01 -1.5873e+00 +8.8133e-01 +1.0261e+00 +2.9598e-01 +6.9401e-01 -7.3962e-01 +1.3405e+00
677 0 +2.578805234e+00 +8.093880523e+01 +8.093880523e+01 +1.1063e+00 -3.0908e-02 -7.0668e-01 -1.6151e+00 +8.4034e-01 +1.0446e+00 +3.2395e-01 +6.4536e-01 -6.5710e-01 +1.2915e+00
719 0 +2.279120706e+00 +8.063912071e+01 +8.063912071e+01 +1.1657e+00 -4.2612e-02 -7.0822e-01 -1.6344e+00 +8.6823e-01 +1.0759e+00 +3.2425e-01 +6.7678e-01 -6.6032e-01 +1.3153e+00
768 0 +2.145357570e+00 +8.050535757e+01 +8.050535757e+01 +1.2321e+00 -2.4124e-02 -7.2667e-01 -1.5576e+00 +8.9536e-01 +1.0526e+00 +2.8236e-01 +7.2475e-01 -6.4317e-01 +1.3344e+00
794 0 +1.661697990e+00 +8.002169799e+01 +8.002169799e+01 +1.2438e+00 -3.7856e-02 -7.3901e-01 -1.5743e+00 +8.8028e-01 +1.0553e+00 +2.6835e-01 +7.1649e-01 -6.2901e-01 +1.3313e+00
806 0 +1.606023065e+00 +7.996602307e+01 +7.996602307e+01 +1.2415e+00 -5.1280e-02 -7.3420e-01 -1.5452e+00 +8.7160e-01 +1.0574e+00 +2.6852e-01 +7.2277e-01 -6.3500e-01 +1.3405e+00
822 0 +1.402192420e+00 +7.976219242e+01 +7.976219242e+01 +1.2066e+00 -6.9541e-02 -7.1788e-01 -1.6047e+00 +8.8073e-01 +1.0648e+00 +2.8251e-01 +7.2161e-01 -6.6081e-01 +1.3358e+00
942 0 +1.373878108e+00 +7.973387811e+01 +7.973387811e+01 +1.2306e+00 -7.6687e-02 -7.1357e-01 -1.5920e+00 +8.7074e-01 +1.0722e+00 +2.8751e-01 +7.3534e-01 -6.8283e-01 +1.3339e+00
944 0 +1.309884705e+00 +7.966988471e+01 +7.966988471e+01 +1.2343e+00 -8.4539e-02 -7.0651e-01 -1.5974e+00 +8.7036e-01 +1.0772e+00 +2.7999e-01 +7.4859e-01 -6.9986e-01 +1.3384e+00
958 0 +1.279295804e+00 +7.963929580e+01 +7.963929580e+01 +1.2282e+00 -8.5229e-02 -7.1098e-01 -1.5855e+00 +8.6949e-01 +1.0699e+00 +2.8753e-01 +7.4752e-01 -6.8444e-01 +1.3443e+00
985 0 +1.228521668e+00 +7.958852167e+01 +7.958852167e+01 +1.2433e+00 -8.6404e-02 -7.1005e-01 -1.5830e+00 +8.6292e-01 +1.0822e+00 +2.8076e-01 +7.4779e-01 -6.9332e-01 +1.3390e+00
1002 0 +1.158376216e+00 +7.951837622e+01 +7.951837622e+01 +1.2357e+00 -8.9851e-02 -7.1009e-01 -1.5807e+00 +8.6215e-01 +1.0762e+00 +2.8678e-01 +7.5355e-01 -6.9752e-01 +1.3410e+00
1010 0 +1.158376216e+00 +7.951837622e+01 +7.951837622e+01 +1.2357e+00 -8.9851e-02 -7.1009e-01 -1.5807e+00 +8.6215e-01 +1.0762e+00 +2.8678e-01 +7.5355e-01 -6.9752e-01 +1.3410e+00
% f evaluations | g evaluations | best noise-free fitness - Fopt (1.140900000000e+02) + sum g_i+ | measured fitness | best measured fitness or single-digit g-values | x1 | x2...
1 0 +4.628532524e+01 +1.603753252e+02 +1.603753252e+02 +3.3257e-04 -8.6864e-02 -3.3482e-01 -3.8649e-03 -1.1351e-01 -1.4434e-01 -4.5521e-01 -1.4727e-01 -7.2207e-02 -1.9439e-01
6 0 +3.514963512e+01 +1.492396351e+02 +1.492396351e+02 -3.6325e-01 -1.5102e-01 -2.1058e-01 -5.9229e-01 -7.9674e-01 -1.7305e-02 -1.9686e-01 -1.9852e-01 +2.3081e-01 -2.6971e-01
17 0 +3.080499220e+01 +1.448949922e+02 +1.448949922e+02 -1.9848e-01 -3.9473e-01 -2.7835e-01 -2.8369e-01 -7.1014e-01 +3.6102e-01 +5.1872e-02 -3.4092e-01 +5.4446e-01 -5.2537e-01
35 0 +2.452091613e+01 +1.386109161e+02 +1.386109161e+02 +8.1279e-01 -5.3962e-02 -1.2389e-01 +2.0174e-01 -1.1331e+00 +2.4428e-01 -5.4301e-01 -3.7292e-01 +8.0800e-02 -2.8620e-01
39 0 +2.030892480e+01 +1.343989248e+02 +1.343989248e+02 +4.9517e-01 -7.7499e-01 -3.9732e-01 -4.0110e-01 -7.8094e-01 +6.3772e-01 +8.4941e-02 -7.9374e-02 +1.3535e-01 -5.8331e-01
41 0 +1.271754575e+01 +1.268075458e+02 +1.268075458e+02 +1.2121e+00 -3.5966e-01 -4.2544e-01 -2.6660e-01 -1.2994e+00 +7.5422e-01 -2.3535e-01 -7.1208e-01 +3.4275e-01 -5.3489e-01
592 0 +1.167059984e+01 +1.257605998e+02 +1.257605998e+02 +6.0847e+00 +2.6562e+00 +1.2841e+00 +3.6256e-01 -3.8516e+00 +1.4980e+00 -8.7799e-01 +8.2437e-01 -7.8802e-01 -1.6356e+00
614 0 +1.111183869e+01 +1.252018387e+02 +1.252018387e+02 +6.4551e+00 +2.4658e+00 +1.3885e+00 +3.1305e-01 -3.5486e+00 +1.4192e+00 -1.0031e+00 +1.0562e+00 -9.5270e-01 -1.7889e+00
626 0 +9.742068495e+00 +1.238320685e+02 +1.238320685e+02 +6.3428e+00 +2.1297e+00 +1.2660e+00 +2.8230e-01 -3.4488e+00 +1.3129e+00 -8.9198e-01 +8.5789e-01 -6.7392e-01 -1.8806e+00
656 0 +9.091375785e+00 +1.231813758e+02 +1.231813758e+02 +6.5278e+00 +2.5860e+00 +1.2960e+00 +7.7658e-01 -3.9226e+00 +1.3719e+00 -1.1734e+00 +7.0314e-01 -8.8882e-01 -1.8298e+00
668 0 +7.109288587e+00 +1.211992886e+02 +1.211992886e+02 +6.5352e+00 +2.3884e+00 +1.1722e+00 +5.9294e-01 -3.8665e+00 +1.3229e+00 -1.2029e+00 +8.5348e-01 -1.1060e+00 -2.0281e+00
686 0 +6.615663542e+00 +1.207056635e+02 +1.207056635e+02 +6.3757e+00 +2.5302e+00 +1.1192e+00 +6.6869e-01 -3.8164e+00 +1.2329e+00 -1.2592e+00 +7.3927e-01 -8.9818e-01 -1.8470e+00
699 0 +5.780748474e+00 +1.198707485e+02 +1.198707485e+02 +6.3514e+00 +2.7958e+00 +1.0602e+00 +7.9604e-01 -3.9347e+00 +1.1429e+00 -1.4655e+00 +4.5328e-01 -1.0076e+00 -1.7752e+00
757 0 +5.094289905e+00 +1.191842899e+02 +1.191842899e+02 +6.6021e+00 +2.6781e+00 +1.1355e+00 +7.0812e-01 -4.1035e+00 +1.2796e+00 -1.5364e+00 +4.4766e-01 -9.9878e-01 -1.8881e+00
773 0 +4.597891746e+00 +1.186878917e+02 +1.186878917e+02 +6.4170e+00 +2.6612e+00 +1.1193e+00 +7.7607e-01 -4.0033e+00 +1.0674e+00 -1.6410e+00 +6.1280e-01 -1.0926e+00 -1.9819e+00
831 0 +4.449845904e+00 +1.185398459e+02 +1.185398459e+02 +6.3274e+00 +2.7519e+00 +1.1490e+00 +5.7926e-01 -3.9680e+00 +1.2137e+00 -1.4685e+00 +5.8406e-01 -1.1385e+00 -1.8136e+00
846 0 +4.224299366e+00 +1.183142994e+02 +1.183142994e+02 +6.2024e+00 +2.7973e+00 +1.0775e+00 +7.4707e-01 -4.0539e+00 +1.0576e+00 -1.6335e+00 +5.1492e-01 -1.1393e+00 -1.8389e+00
860 0 +4.122196344e+00 +1.182121963e+02 +1.182121963e+02 +6.2823e+00 +2.7514e+00 +1.1364e+00 +6.7951e-01 -3.9745e+00 +1.1608e+00 -1.5436e+00 +5.3665e-01 -1.1648e+00 -1.8125e+00
872 0 +3.707192767e+00 +1.177971928e+02 +1.177971928e+02 +6.2061e+00 +2.6881e+00 +1.1063e+00 +4.8488e-01 -3.9314e+00 +1.1733e+00 -1.5206e+00 +5.1854e-01 -1.2492e+00 -1.8320e+00
893 0 +3.461888381e+00 +1.175518884e+02 +1.175518884e+02 +6.1628e+00 +2.6914e+00 +1.0978e+00 +6.2938e-01 -3.9401e+00 +1.1264e+00 -1.5637e+00 +5.2214e-01 -1.1743e+00 -1.8675e+00
895 0 +3.021265565e+00 +1.171112656e+02 +1.171112656e+02 +6.1001e+00 +2.6429e+00 +9.7172e-01 +5.2572e-01 -3.7984e+00 +1.0324e+00 -1.6376e+00 +5.2280e-01 -1.2407e+00 -1.8554e+00
935 0 +3.010191011e+00 +1.171001910e+02 +1.171001910e+02 +6.1565e+00 +2.6201e+00 +1.0697e+00 +6.0690e-01 -3.8839e+00 +1.0888e+00 -1.6428e+00 +5.3995e-01 -1.1684e+00 -1.8758e+00
985 0 +2.519388890e+00 +1.166093889e+02 +1.166093889e+02 +6.1227e+00 +2.5800e+00 +1.0613e+00 +5.2273e-01 -3.8139e+00 +1.1490e+00 -1.5676e+00 +5.5493e-01 -1.2162e+00 -1.8455e+00
1010 0 +2.519388890e+00 +1.166093889e+02 +1.166093889e+02 +6.1227e+00 +2.5800e+00 +1.0613e+00 +5.2273e-01 -3.8139e+00 +1.1490e+00 -1.5676e+00 +5.5493e-01 -1.2162e+00 -1.8455e+00
% f evaluations | g evaluations | best noise-free fitness - Fopt (-5.445900000000e+02) + sum g_i+ | measured fitness | best measured fitness or single-digit g-values | x1 | x2...
1 0 +9.107055578e+01 -4.535194442e+02 -4.535194442e+02 +3.3257e-04 -8.6864e-02 -3.3482e-01 -3.8649e-03 -1.1351e-01 -1.4434e-01 -4.5521e-01 -1.4727e-01 -7.2207e-02 -1.9439e-01
2 0 +5.736261580e+01 -4.872273842e+02 -4.872273842e+02 +1.9077e-01 +5.2204e-01 +8.9006e-02 +2.1225e-01 +5.4686e-01 +1.2923e-01 +4.6283e-01 -2.7023e-01 -4.1139e-02 +3.8929e-01
4 0 +5.185972627e+01 -4.927302737e+02 -4.927302737e+02 -2.4776e-02 +7.3656e-01 -8.0164e-01 -2.7399e-01 -6.8196e-02 +8.0797e-02 +3.3915e-01 +3.1273e-01 +3.9116e-01 +4.1684e-01
7 0 +4.172594198e+01 -5.028640580e+02 -5.028640580e+02 +5.0809e-01 -5.0920e-01 -8.3802e-01 -6.7846e-02 +1.1923e-01 +4.9792e-01 -1.4813e-01 -1.1283e-01 -5.0924e-02 +7.2516e-01
16 0 +2.215528095e+01 -5.224347191e+02 -5.224347191e+02 +2.0636e-01 +4.4064e-01 -3.5585e-01 +2.8447e-01 -1.0444e-01 +5.4051e-01 +5.1645e-01 -1.9084e-01 -1.5592e-01 +6.6753e-01
22 0 +1.853635199e+01 -5.260536480e+02 -5.260536480e+02 +2.6699e-01 +2.4123e-01 -3.9100e-01 -6.1295e-02 +2.1136e-01 +1.0280e+00 +5.2903e-01 -4.7789e-01 -5.1165e-01 +3.9097e-01
150 0 +1.796785487e+01 -5.266221451e+02 -5.266221451e+02 -6.8885e-02 -2.8316e-01 -9.3268e-01 -2.3777e-02 -9.8130e-02 +1.4178e+00 -2.1379e-01 -8.8331e-01 -3.7522e-01 +2.1395e+00
177 0 +1.610066007e+01 -5.284893399e+02 -5.284893399e+02 -2.0735e-01 +4.5367e-01 -1.0062e+00 +1.9131e-01 -8.0854e-02 +1.0037e+00 +1.1491e-02 -7.9493e-01 -6.0403e-01 +1.4790e+00
208 0 +1.425431645e+01 -5.303356836e+02 -5.303356836e+02 -6.1047e-02 +6.4632e-01 -8.3691e-01 +2.2237e-01 +5.2569e-01 +1.2523e-01 +2.0736e-02 -8.6940e-01 -6.5144e-01 +7.0764e-01
240 0 +1.338532622e+01 -5.312046738e+02 -5.312046738e+02 -4.1623e-01 -1.9134e-01 -1.1466e+00 -1.1027e-02 -2.2462e-01 +6.9007e-01 +1.6990e-01 -8.2930e-01 -8.1829e-02 +1.3653e+00
252 0 +6.176735048e+00 -5.384132650e+02 -5.384132650e+02 +9.4442e-02 -2.8934e-01 -1.0162e+00 +1.2423e-02 -4.3993e-01 +7.0420e-01 +3.1247e-01 -1.0269e+00 -6.2872e-02 +1.4209e+00
294 0 +5.346916979e+00 -5.392430830e+02 -5.392430830e+02 +4.4411e-02 -3.5810e-01 -1.3638e+00 -1.2563e-01 -4.8953e-01 +1.1881e+00 -2.0411e-01 -1.1942e+00 -3.1340e-01 +1.3524e+00
308 0 +4.662517934e+00 -5.399274821e+02 -5.399274821e+02 +2.1926e-01 -3.5256e-01 -1.2725e+00 -1.4863e-01 -5.5264e-01 +1.2978e+00 -3.3410e-01 -1.1422e+00 +1.9911e-02 +1.2639e+00
354 0 +4.183157022e+00 -5.404068430e+02 -5.404068430e+02 +1.3792e-01 -2.6849e-01 -1.0630e+00 +3.3795e-02 -7.7515e-01 +8.9278e-01 -7.1198e-01 -1.1511e+00 +1.7630e-01 +1.5590e+00
359 0 +3.571477868e+00 -5.410185221e+02 -5.410185221e+02 +9.5791e-02 -6.1259e-01 -1.0822e+00 -5.2844e-02 -7.9737e-01 +8.7342e-01 -3.7029e-01 -1.3166e+00 -1.2466e-01 +1.6328e+00
393 0 +2.287211534e+00 -5.423027885e+02 -5.423027885e+02 +1.2129e-01 -4.6213e-01 -1.1488e+00 -5.8915e-02 -8.0592e-01 +1.1584e+00 -3.5055e-01 -1.2578e+00 -1.1441e-01 +1.5378e+00
485 0 +1.512780280e+00 -5.430772197e+02 -5.430772197e+02 +1.3885e-01 -6.7015e-01 -1.1377e+00 -9.3216e-02 -7.6649e-01 +1.3644e+00 -2.4265e-01 -1.4887e+00 -1.9159e-01 +1.5479e+00
521 0 +1.056719985e+00 -5.435332800e+02 -5.435332800e+02 +2.3162e-01 -6.6505e-01 -1.0827e+00 -9.9440e-02 -7.2854e-01 +1.3074e+00 -3.9314e-01 -1.4550e+00 -2.3841e-01 +1.5795e+00
567 0 +1.038310769e+00 -5.435516892e+02 -5.435516892e+02 +1.7406e-01 -7.0873e-01 -1.0337e+00 -1.4755e-01 -7.1594e-01 +1.3931e+00 -4.6539e-01 -1.3678e+00 -1.4829e-01 +1.5975e+00
602 0 +9.987556572e-01 -5.435912443e+02 -5.435912443e+02 +1.9114e-01 -7.7517e-01 -1.0561e+00 -1.2145e-01 -6.8253e-01 +1.4023e+00 -4.1127e-01 -1.4313e+00 -2.1875e-01 +1.5664e+00
609 0 +9.659434554e-01 -5.436240565e+02 -5.436240565e+02 +1.6734e-01 -7.0251e-01 -1.0904e+00 -1.6782e-01 -6.6953e-01 +1.4070e+00 -4.6438e-01 -1.3759e+00 -1.6680e-01 +1.5284e+00
613 0 +7.303901604e-01 -5.438596098e+02 -5.438596098e+02 +1.5123e-01 -7.5006e-01 -1.0636e+00 -1.7477e-01 -6.9561e-01 +1.4693e+00 -4.8245e-01 -1.4238e+00 -1.5041e-01 +1.5814e+00
630 0 +6.423906478e-01 -5.439476094e+02 -5.439476094e+02 +1.5860e-01 -7.6588e-01 -1.0533e+00 -1.5353e-01 -6.6504e-01 +1.4411e+00 -4.7157e-01 -1.4306e+00 -2.0381e-01 +1.5083e+00
677 0 +6.224115476e-01 -5.439675885e+02 -5.439675885e+02 +1.3003e-01 -8.0354e-01 -1.0449e+00 -1.3798e-01 -6.1680e-01 +1.4635e+00 -4.7717e-01 -1.4270e+00 -2.2460e-01 +1.5032e+00
741 0 +5.983872957e-01 -5.439916127e+02 -5.439916127e+02 +1.2974e-01 -8.4688e-01 -1.0231e+00 -1.5810e-01 -6.5510e-01 +1.4944e+00 -4.8547e-01 -1.4332e+00 -1.7817e-01 +1.5440e+00
751 0 +5.248093718e-01 -5.440651906e+02 -5.440651906e+02 +1.3726e-01 -8.5882e-01 -1.0393e+00 -1.3950e-01 -6.3420e-01 +1.4944e+00 -4.6427e-01 -1.4465e+00 -2.2571e-01 +1.4964e+00
761 0 +5.108339625e-01 -5.440791660e+02 -5.440791660e+02 +1.3514e-01 -8.1783e-01 -1.0542e+00 -1.5120e-01 -6.5840e-01 +1.4648e+00 -4.6326e-01 -1.4195e+00 -1.8405e-01 +1.5328e+00
791 0 +4.605232445e-01 -5.441294768e+02 -5.441294768e+02 +1.4803e-01 -8.2967e-01 -1.0561e+00 -1.3839e-01 -6.6046e-01 +1.4635e+00 -4.5123e-01 -1.4279e+00 -2.0604e-01 +1.5059e+00
802 0 +4.088969081e-01 -5.441811031e+02 -5.441811031e+02 +1.4474e-01 -8.4547e-01 -1.0623e+00 -1.4428e-01 -6.4583e-01 +1.4575e+00 -4.3873e-01 -1.4222e+00 -2.0088e-01 +1.5021e+00
858 0 +4.014490885e-01 -5.441885509e+02 -5.441885509e+02 +1.5091e-01 -8.5563e-01 -1.0331e+00 -1.5084e-01 -6.7234e-01 +1.4726e+00 -4.4029e-01 -1.4358e+00 -1.7407e-01 +1.5200e+00
860 0 +3.700929505e-01 -5.442199070e+02 -5.442199070e+02 +1.4642e-01 -8.4215e-01 -1.0402e+00 -1.4219e-01 -6.5386e-01 +1.4720e+00 -4.6290e-01 -1.4351e+00 -1.9088e-01 +1.5088e+00
888 0 +2.989893427e-01 -5.442910107e+02 -5.442910107e+02 +1.4601e-01 -8.5178e-01 -1.0477e+00 -1.4587e-01 -6.5687e-01 +1.4674e+00 -4.4417e-01 -1.4308e+00 -1.9046e-01 +1.5162e+00
910 0 +2.390543066e-01 -5.443509457e+02 -5.443509457e+02 +1.4326e-01 -8.4611e-01 -1.0454e+00 -1.4121e-01 -6.4414e-01 +1.4647e+00 -4.6882e-01 -1.4287e+00 -2.0263e-01 +1.5123e+00
1010 0 +2.390543066e-01 -5.443509457e+02 -5.443509457e+02 +1.4326e-01 -8.4611e-01 -1.0454e+00 -1.4121e-01 -6.4414e-01 +1.4647e+00 -4.6882e-01 -1.4287e+00 -2.0263e-01 +1.5123e+00
