% f evaluations | g evaluations | best noise-free fitness - Fopt (-1.000000000000e+03) + sum g_i+ | measured fitness | best measured fitness or single-digit g-values | x1 | x2...
1 0 +7.429579115e+01 -9.257042088e+02 -9.257042088e+02 +3.6734e-01 +2.9149e-02 -4.2003e-01 +6.9908e-02 -5.5490e-02 +5.0992e-02 +1.4168e-01 -2.5540e-04 +6.3773e-01 -3.4119e-01
4 0 +7.406489008e+01 -9.259351099e+02 -9.259351099e+02 -3.5487e-01 -1.6667e-01 +5.0182e-01 +1.4909e-01 -1.8039e-01 -1.0010e-01 +2.7303e-01 +4.5087e-01 +2.6727e-01 -2.8207e-01
14 0 +7.039970702e+01 -9.296002930e+02 -9.296002930e+02 +3.1546e-01 +2.1819e-02 -1.6048e-01 +6.5496e-01 +1.6576e-02 -2.8831e-01 +5.8939e-01 +8.9419e-01 +5.2232e-01 -4.3353e-01
15 0 +6.722782238e+01 -9.327721776e+02 -9.327721776e+02 +6.9344e-01 -7.7562e-02 +3.2418e-01 +1.1536e+00 +1.0633e-01 -2.0249e-01 -3.3167e-01 +8.3299e-01 +8.1050e-01 -3.1663e-01
25 0 +6.411781920e+01 -9.358821808e+02 -9.358821808e+02 +7.6292e-01 -3.8390e-01 +6.9370e-01 +1.6578e+00 +5.4000e-01 -4.8610e-01 -5.2184e-01 +9.5513e-01 +6.6535e-01 -4.5664e-01
42 0 +5.988733976e+01 -9.401126602e+02 -9.401126602e+02 +2.9553e-02 +1.5836e-01 +1.0003e+00 +1.7503e+00 +6.2890e-01 -7.7866e-01 -1.3834e+00 +1.4651e+00 +1.1014e+00 -9.5929e-02
52 0 +5.229044313e+01 -9.477095569e+02 -9.477095569e+02 -1.1296e-01 -6.1772e-01 +6.8787e-01 +1.9935e+00 +8.5967e-01 +3.0420e-01 -7.4263e-01 +1.5875e+00 +2.2269e+00 -6.0917e-01
61 0 +4.419365190e+01 -9.558063481e+02 -9.558063481e+02 -1.2398e-01 -1.3102e+00 +7.9036e-01 +1.7278e+00 +1.1536e+00 -7.0084e-01 -6.5452e-01 +1.3418e+00 +2.4853e+00 +3.4215e-01
72 0 +3.835083138e+01 -9.616491686e+02 -9.616491686e+02 -4.7420e-01 -5.6088e-01 +1.1908e+00 +2.8464e+00 +2.5308e+00 -7.4393e-01 +4.8874e-01 +1.6212e+00 +8.9913e-01 -9.1481e-01
82 0 +2.344656373e+01 -9.765534363e+02 -9.765534363e+02 -4.9212e-01 +6.0346e-01 +7.7601e-01 +2.0529e+00 +1.8862e+00 -2.5175e-01 +1.7173e-01 +1.7097e+00 +2.6393e+00 +2.5010e-01
111 0 +2.324563364e+01 -9.767543664e+02 -9.767543664e+02 -2.0449e-01 -9.2714e-01 +1.3725e+00 +2.1446e+00 +2.2993e+00 -7.4987e-01 +1.4538e+00 +2.4171e+00 +3.3211e+00 -1.6499e-02
117 0 +2.142740433e+01 -9.785725957e+02 -9.785725957e+02 -2.8318e-01 -2.1291e-01 +8.2862e-01 +3.8761e+00 +2.3385e+00 +1.8954e-01 -9.0602e-01 +2.8646e+00 +2.7401e+00 +1.6838e-01
118 0 +1.967083772e+01 -9.803291623e+02 -9.803291623e+02 +3.9228e-01 +2.1985e-01 -5.7992e-01 +1.9127e+00 +1.7544e+00 -6.9322e-01 +3.8551e-01 +1.8351e+00 +3.4504e+00 +4.8547e-01
124 0 +1.372541600e+01 -9.862745840e+02 -9.862745840e+02 +1.0244e+00 -5.1505e-01 +2.8197e-01 +1.6481e+00 +2.3474e+00 -1.1719e+00 +1.0296e+00 +2.6742e+00 +3.7424e+00 +1.6543e+00
146 0 +9.555622414e+00 -9.904443776e+02 -9.904443776e+02 +7.7881e-01 -1.7295e-01 +2.4032e-01 +2.1342e+00 +2.5541e+00 -6.0746e-01 +3.5544e-01 +2.6881e+00 +2.6297e+00 +1.1697e+00
149 0 +9.275553069e+00 -9.907244469e+02 -9.907244469e+02 +1.0329e+00 +6.8189e-01 +2.3376e-01 +2.8776e+00 +3.6679e+00 -3.8258e-01 -5.3546e-01 +1.8260e+00 +4.5383e+00 +1.5948e+00
151 0 +4.225715981e+00 -9.957742840e+02 -9.957742840e+02 +1.5747e+00 -4.1330e-01 +1.7923e-01 +4.1571e+00 +3.6498e+00 -1.1689e+00 +5.1484e-01 +2.8743e+00 +3.8616e+00 +1.3550e+00
165 0 +3.223537036e+00 -9.967764630e+02 -9.967764630e+02 +6.6293e-01 -1.7639e-01 +1.8232e-01 +3.3561e+00 +4.0065e+00 -1.6266e+00 +1.0244e+00 +1.8804e+00 +4.1837e+00 +1.2707e+00
244 0 +3.069014756e+00 -9.969309852e+02 -9.969309852e+02 +1.0633e+00 +2.7840e-01 +9.2565e-01 +2.8178e+00 +3.4474e+00 -7.6968e-01 +8.5611e-01 +2.7259e+00 +3.2854e+00 +1.2315e+00
250 0 +2.527992265e+00 -9.974720077e+02 -9.974720077e+02 +1.4098e+00 -5.1667e-02 +7.1316e-02 +3.4250e+00 +3.6012e+00 -1.1804e+00 +5.4433e-01 +2.3012e+00 +3.3569e+00 +1.7218e+00
261 0 +2.386713506e+00 -9.976132865e+02 -9.976132865e+02 +1.1373e+00 +3.4761e-01 +6.6961e-01 +3.1363e+00 +3.5359e+00 -9.0564e-01 +4.7135e-01 +2.9990e+00 +3.4505e+00 +1.2571e+00
269 0 +2.030974051e+00 -9.979690259e+02 -9.979690259e+02 +8.0387e-01 +2.1905e-01 +1.1445e-01 +3.2268e+00 +3.6611e+00 -1.1823e+00 +1.0905e+00 +2.4387e+00 +3.5486e+00 +1.2249e+00
419 0 +1.993568189e+00 -9.980064318e+02 -9.980064318e+02 +1.2066e+00 +2.8641e-01 -9.9131e-02 +3.5898e+00 +3.5891e+00 -1.2696e+00 +1.1406e+00 +2.7193e+00 +3.7665e+00 +1.1546e+00
1010 0 +1.955004620e+00 -9.980449954e+02 -9.980449954e+02 +1.1690e+00 +3.0641e-01 +1.4692e-01 +3.4724e+00 +3.6745e+00 -1.1573e+00 +9.9238e-01 +2.6174e+00 +3.6874e+00 +1.1241e+00
% f evaluations | g evaluations | best noise-free fitness - Fopt (1.000000000000e+03) + sum g_i+ | measured fitness | best measured fitness or single-digit g-values | x1 | x2...
1 0 +8.080351832e+01 +1.080803518e+03 +1.080803518e+03 -1.6932e-01 -3.1006e-01 -1.8576e-01 -1.3869e-02 +2.7247e-01 -4.8576e-01 -2.5146e-01 +2.7192e-02 +1.6872e-01 +2.9580e-01
4 0 +7.971480505e+01 +1.079714805e+03 +1.079714805e+03 +2.8439e-01 -5.5422e-03 -3.7012e-01 -3.3456e-01 -1.6056e-01 -1.6378e-01 -2.8298e-01 +5.1580e-01 -2.8770e-01 +4.8029e-01
9 0 +7.853469493e+01 +1.078534695e+03 +1.078534695e+03 -3.4245e-01 +1.0177e+00 +5.3919e-01 -3.8664e-01 -1.0658e-01 +2.8956e-01 +1.2004e-02 +5.3956e-02 -6.4922e-02 +1.9981e-01
19 0 +7.741979975e+01 +1.077419800e+03 +1.077419800e+03 -5.4242e-01 +3.0469e-01 +5.8341e-01 -3.0699e-01 +2.6894e-01 -4.1604e-01 +1.3758e-01 -1.0624e-01 -3.5048e-01 +4.5510e-01
24 0 +7.380275004e+01 +1.073802750e+03 +1.073802750e+03 -7.1478e-01 +5.0931e-01 +2.4483e-01 -7.5209e-01 +6.0153e-02 -6.7631e-01 +1.8617e-01 -2.2838e-02 -8.8501e-01 +8.1075e-01
47 0 +7.104199332e+01 +1.071041993e+03 +1.071041993e+03 -1.2429e+00 +3.9928e-01 +9.4324e-01 -9.6902e-01 -3.6360e-01 -1.3553e-01 -2.7949e-01 +1.0880e-01 -7.0639e-01 +1.6931e+00
58 0 +6.861199898e+01 +1.068611999e+03 +1.068611999e+03 -1.4928e+00 +1.0881e+00 +1.1370e-01 -9.9984e-01 -4.2237e-01 -1.6239e-01 -3.6272e-01 +4.3017e-01 -1.6069e+00 +1.8060e+00
71 0 +6.434022833e+01 +1.064340228e+03 +1.064340228e+03 -1.9869e+00 +8.2348e-01 +1.0444e+00 -1.9337e+00 -4.6080e-01 +1.7280e-01 -3.4513e-02 +2.6820e-01 -1.4726e+00 +1.5492e+00
75 0 +5.752845670e+01 +1.057528457e+03 +1.057528457e+03 -2.3388e+00 +8.1793e-01 +1.6461e+00 -1.5418e+00 -1.4443e+00 -7.6590e-01 +1.5122e-01 +3.9554e-01 -1.5147e+00 +2.2484e+00
85 0 +5.603687131e+01 +1.056036871e+03 +1.056036871e+03 -3.4954e+00 +1.0138e+00 +1.6344e+00 -2.2651e+00 -3.9896e-01 -1.0193e+00 +2.7052e-02 +7.6820e-02 -1.4501e+00 +2.7220e+00
98 0 +5.454047910e+01 +1.054540479e+03 +1.054540479e+03 -3.0745e+00 +7.5674e-01 +1.1814e-01 -1.5228e+00 -1.0289e+00 -1.6020e+00 +8.0646e-01 +1.1797e+00 -1.7523e+00 +2.0574e+00
107 0 +4.132855570e+01 +1.041328556e+03 +1.041328556e+03 -3.4628e+00 +1.2057e-01 +1.1710e+00 -2.0792e+00 -1.1875e+00 -1.9413e+00 +1.1508e+00 +8.2124e-01 -2.7693e+00 +2.8527e+00
141 0 +3.495002753e+01 +1.034950028e+03 +1.034950028e+03 -4.5464e+00 +1.3891e+00 +7.7664e-01 -3.0318e+00 -1.4663e+00 -4.7061e-01 +1.0774e+00 -4.6014e-01 -3.3171e+00 +2.4737e+00
166 0 +3.177087874e+01 +1.031770879e+03 +1.031770879e+03 -3.7151e+00 +3.0221e-01 +7.0039e-01 -3.4246e+00 -1.7504e+00 -1.6380e+00 +1.0878e+00 +5.1682e-01 -2.7889e+00 +3.8554e+00
198 0 +3.073358324e+01 +1.030733583e+03 +1.030733583e+03 -3.9185e+00 +2.6012e-01 +7.2762e-01 -3.6602e+00 -2.8146e+00 -1.3039e+00 +1.2178e+00 -1.4663e-01 -3.7391e+00 +3.0029e+00
200 0 +2.981058695e+01 +1.029810587e+03 +1.029810587e+03 -3.8784e+00 +5.4682e-01 +8.6308e-01 -3.7805e+00 -2.0899e+00 -1.5943e+00 +1.4168e+00 +6.1951e-01 -3.5961e+00 +2.8621e+00
232 0 +2.874672213e+01 +1.028746722e+03 +1.028746722e+03 -4.0229e+00 +3.8017e-01 +5.7395e-01 -3.4283e+00 -2.3356e+00 -8.8517e-01 +1.8757e+00 -8.6124e-02 -3.6907e+00 +3.5533e+00
233 0 +2.797500381e+01 +1.027975004e+03 +1.027975004e+03 -4.4356e+00 +6.6692e-01 +4.2478e-01 -3.5090e+00 -2.0177e+00 -1.0615e+00 +1.6605e+00 +1.7930e-01 -3.0220e+00 +3.2902e+00
256 0 +2.726756615e+01 +1.027267566e+03 +1.027267566e+03 -4.2129e+00 +6.0591e-01 +3.5372e-01 -3.5834e+00 -2.0040e+00 -6.0426e-01 +1.8140e+00 +2.1071e-01 -2.7648e+00 +3.0191e+00
269 0 +2.665128025e+01 +1.026651280e+03 +1.026651280e+03 -3.6289e+00 +3.6097e-01 +9.6300e-01 -3.2434e+00 -2.1234e+00 -9.4692e-01 +1.8786e+00 -1.3934e-01 -2.9242e+00 +3.2724e+00
339 0 +2.622218287e+01 +1.026222183e+03 +1.026222183e+03 -3.8107e+00 +5.2709e-01 +7.9946e-01 -3.5372e+00 -2.4316e+00 -9.6073e-01 +1.8808e+00 +3.7279e-02 -3.0200e+00 +3.2487e+00
432 0 +2.569233277e+01 +1.025692333e+03 +1.025692333e+03 -3.5582e+00 +7.6123e-01 +8.7869e-01 -3.4447e+00 -2.2145e+00 -7.4508e-01 +1.8809e+00 +1.8738e-01 -2.8408e+00 +3.0266e+00
1010 0 +2.547696536e+01 +1.025476965e+03 +1.025476965e+03 -3.5836e+00 +7.8277e-01 +6.7489e-01 -3.3521e+00 -2.2500e+00 -8.3560e-01 +1.7402e+00 +1.8503e-01 -2.9443e+00 +3.0241e+00
% f evaluations | g evaluations | best noise-free fitness - Fopt (-4.913000000000e+01) + sum g_i+ | measured fitness | best measured fitness or single-digit g-values | x1 | x2...
1 0 +8.317889057e+01 +3.404889057e+01 +3.404889057e+01 -2.5204e-01 +3.9032e-02 -1.0388e-01 -1.4617e-01 -1.1035e-01 -2.6823e-01 -7.1693e-02 -1.9654e-01 +4.4171e-01 -1.2887e-01
2 0 +8.233367418e+01 +3.320367418e+01 +3.320367418e+01 +2.4849e-01 -1.4922e-01 -1.1409e-01 -9.9470e-02 +8.3544e-02 -6.5150e-01 -8.3241e-02 +2.3100e-02 +8.7491e-02 -3.8615e-02
9 0 +7.991470768e+01 +3.078470768e+01 +3.078470768e+01 -2.0740e-03 -3.1660e-01 -2.7971e-01 -4.7081e-01 +2.4383e-01 -4.5666e-02 -2.7181e-03 +2.2860e-01 -3.2051e-01 -3.3557e-01
13 0 +7.913655608e+01 +3.000655608e+01 +3.000655608e+01 +2.2705e-01 -4.4052e-01 -6.9999e-02 -3.8778e-01 +5.5045e-02 +9.6675e-02 -1.1038e-01 +1.9507e-01 -4.6079e-01 -3.5543e-01
24 0 +7.607043499e+01 +2.694043499e+01 +2.694043499e+01 -3.1705e-02 -1.0667e+00 -3.7792e-01 +6.9875e-02 +6.7722e-02 +9.3323e-02 -2.8875e-02 +6.2801e-01 -2.8639e-01 -4.0905e-01
31 0 +7.196498121e+01 +2.283498121e+01 +2.283498121e+01 +6.9794e-02 -9.8103e-01 -9.1552e-01 -1.1422e-01 -2.9482e-01 +1.0147e-01 -2.7911e-01 +3.3247e-01 -6.4580e-01 -3.9870e-01
63 0 +6.481998704e+01 +1.568998704e+01 +1.568998704e+01 +6.0126e-01 -1.4265e+00 -1.0626e+00 -6.4091e-01 -6.0441e-01 -2.9271e-01 -6.3767e-01 +4.1812e-01 -7.8441e-01 -5.9103e-01
80 0 +6.204477649e+01 +1.291477649e+01 +1.291477649e+01 +9.1912e-01 -1.6212e+00 -1.5677e+00 -6.8471e-01 -5.8531e-01 -5.6430e-01 +4.3844e-02 -1.2768e-01 -9.4902e-01 -9.7890e-01
84 0 +5.713577044e+01 +8.005770442e+00 +8.005770442e+00 +1.0142e+00 -1.5702e+00 -1.5882e+00 -3.8742e-01 -7.4085e-01 -5.2439e-01 -4.1220e-01 -9.8607e-02 -1.2727e+00 -8.7373e-01
99 0 +5.451161835e+01 +5.381618348e+00 +5.381618348e+00 +1.2006e+00 -1.8681e+00 -1.5324e+00 +1.6240e-01 -3.6652e-01 -5.4387e-01 -5.4531e-01 -5.6025e-01 -2.1235e+00 -5.1770e-01
106 0 +4.691299926e+01 -2.217000736e+00 -2.217000736e+00 +1.2981e+00 -2.1568e+00 -2.6075e+00 +2.2083e-01 -9.6636e-01 -2.3882e-01 -5.7334e-01 +2.8626e-01 -1.6601e+00 +4.8390e-02
112 0 +4.636379734e+01 -2.766202660e+00 -2.766202660e+00 +1.6200e+00 -2.3598e+00 -1.7948e+00 +1.1055e+00 +7.3593e-01 -1.0196e+00 -6.7007e-01 +1.2305e-01 -1.8145e+00 +7.0229e-01
117 0 +3.468124822e+01 -1.444875178e+01 -1.444875178e+01 +1.9280e+00 -2.5761e+00 -2.9192e+00 +7.5314e-01 -3.8876e-01 -8.9418e-01 -7.8492e-01 -1.2495e+00 -2.4582e+00 +6.7348e-01
147 0 +2.580065762e+01 -2.332934238e+01 -2.332934238e+01 +2.6607e+00 -3.4090e+00 -1.9758e+00 +1.3459e+00 +6.4231e-01 -7.1066e-01 -5.4488e-01 -6.0938e-01 -1.3134e+00 +1.2215e+00
216 0 +2.160663147e+01 -2.752336853e+01 -2.752336853e+01 +2.5407e+00 -3.3035e+00 -3.1302e+00 +1.1670e+00 +3.4419e-01 -2.2962e+00 -1.2395e+00 -1.4957e+00 -1.7179e+00 +1.7295e+00
221 0 +1.980586497e+01 -2.932413503e+01 -2.932413503e+01 +2.8937e+00 -3.7843e+00 -2.4029e+00 +1.1635e+00 +1.0231e+00 -2.1752e+00 -1.7121e+00 -1.4607e+00 -2.1362e+00 +1.7749e+00
250 0 +1.687167329e+01 -3.225832671e+01 -3.225832671e+01 +2.8961e+00 -3.5469e+00 -2.8744e+00 +1.8038e+00 +4.2835e-01 -1.6705e+00 -2.6038e+00 -1.7546e+00 -2.7060e+00 +2.6820e+00
313 0 +1.428419629e+01 -3.484580371e+01 -3.484580371e+01 +2.4364e+00 -2.8256e+00 -4.8054e+00 +1.2335e+00 +1.1923e+00 -2.4574e+00 -3.9614e+00 -1.9671e+00 -2.3574e+00 +3.3022e+00
333 0 +1.410036082e+01 -3.502963918e+01 -3.502963918e+01 +3.3481e+00 -3.2928e+00 -4.5529e+00 +1.3924e+00 +2.0115e+00 -2.9530e+00 -4.5436e+00 -2.3931e+00 -2.6197e+00 +3.5615e+00
360 0 +1.219154159e+01 -3.693845841e+01 -3.693845841e+01 +3.0090e+00 -3.1375e+00 -4.6068e+00 +1.3231e+00 +1.5466e+00 -2.1249e+00 -3.8249e+00 -2.2881e+00 -2.5789e+00 +3.7531e+00
361 0 +1.067308995e+01 -3.845691005e+01 -3.845691005e+01 +3.5326e+00 -3.5554e+00 -3.6088e+00 +1.2691e+00 +1.7507e+00 -2.5808e+00 -3.6970e+00 -1.9885e+00 -2.8082e+00 +3.6264e+00
399 0 +1.040729252e+01 -3.872270748e+01 -3.872270748e+01 +3.3714e+00 -3.5852e+00 -3.6523e+00 +1.1229e+00 +1.6407e+00 -2.1584e+00 -3.1219e+00 -1.1914e+00 -1.9719e+00 +3.5598e+00
405 0 +7.534007185e+00 -4.159599281e+01 -4.159599281e+01 +3.8584e+00 -3.5911e+00 -4.8020e+00 +1.1962e+00 +2.4738e+00 -2.0693e+00 -3.6048e+00 -1.3506e+00 -2.0739e+00 +4.6695e+00
415 0 +6.804227199e+00 -4.232577280e+01 -4.232577280e+01 +4.1403e+00 -2.9386e+00 -3.7312e+00 +3.2405e-01 +2.6955e+00 -2.2769e+00 -2.3576e+00 -3.8197e-01 -1.4836e+00 +3.4278e+00
431 0 +6.330757045e+00 -4.279924295e+01 -4.279924295e+01 +3.9645e+00 -3.8135e+00 -3.7215e+00 +8.5079e-01 +1.9289e+00 -1.2184e+00 -3.3985e+00 -9.7928e-01 -2.8919e+00 +4.2948e+00
433 0 +4.379868518e+00 -4.475013148e+01 -4.475013148e+01 +4.0867e+00 -3.5913e+00 -4.2104e+00 +3.2453e-01 +2.6135e+00 -1.6498e+00 -2.5483e+00 -6.3634e-01 -1.9016e+00 +4.4083e+00
504 0 +2.856093925e+00 -4.627390607e+01 -4.627390607e+01 +4.4026e+00 -3.1260e+00 -4.8888e+00 -5.6847e-01 +3.0828e+00 -1.5312e+00 -1.8459e+00 +1.1544e-01 -6.7286e-01 +4.3302e+00
505 0 +2.208326819e+00 -4.692167318e+01 -4.692167318e+01 +4.3816e+00 -2.9559e+00 -3.9461e+00 -7.2623e-01 +3.2649e+00 -1.6866e+00 -1.9444e+00 +3.1806e-01 -7.6431e-01 +3.8202e+00
512 0 +2.130205356e+00 -4.699979464e+01 -4.699979464e+01 +4.3697e+00 -3.0236e+00 -4.1037e+00 -1.1595e+00 +3.3171e+00 -1.2351e+00 -1.3769e+00 +5.9363e-01 -1.8898e-01 +4.1543e+00
635 0 +2.079347415e+00 -4.705065259e+01 -4.705065259e+01 +4.7152e+00 -2.9460e+00 -4.5183e+00 -9.4328e-01 +3.5180e+00 -1.5320e+00 -2.0667e+00 +5.3489e-01 -4.0961e-01 +4.2972e+00
648 0 +2.032079517e+00 -4.709792048e+01 -4.709792048e+01 +4.5564e+00 -3.0925e+00 -4.1095e+00 -1.2521e+00 +3.3552e+00 -1.2560e+00 -1.9147e+00 +5.1844e-01 -6.3451e-01 +4.2940e+00
725 0 +1.979788032e+00 -4.715021197e+01 -4.715021197e+01 +4.7443e+00 -3.1187e+00 -4.1713e+00 -1.2952e+00 +3.4391e+00 -9.6671e-01 -1.8558e+00 +7.2903e-01 -5.5954e-01 +4.3065e+00
1010 0 +1.956607652e+00 -4.717339235e+01 -4.717339235e+01 +4.7496e+00 -3.1809e+00 -4.1364e+00 -1.3765e+00 +3.4317e+00 -6.0737e-01 -1.9990e+00 +8.8796e-01 -6.1183e-01 +4.5357e+00
% f evaluations | g evaluations | best noise-free fitness - Fopt (2.977300000000e+02) + sum g_i+ | measured fitness | best measured fitness or single-digit g-values | x1 | x2...
1 0 +8.161440350e+01 +3.793444035e+02 +3.793444035e+02 -3.1108e-01 -1.1713e-01 -3.6446e-02 -1.0339e-01 -3.2714e-01 -2.8022e-01 +1.2825e-01 +1.3914e-01 +1.1984e-01 -2.6443e-01
2 0 +8.076041168e+01 +3.784904117e+02 +3.784904117e+02 +1.0830e-02 -2.7728e-01 +3.7532e-02 +3.2660e-01 +2.4189e-01 +1.1542e-01 +3.2262e-01 -1.4237e-01 +5.1128e-01 -1.1731e-01
15 0 +7.789852555e+01 +3.756285256e+02 +3.756285256e+02 +6.1203e-01 -3.1676e-01 -2.5070e-01 +2.4093e-01 +1.3581e-01 +3.4953e-01 -1.9303e-01 +6.5212e-01 -4.0361e-01 +1.5287e-01
27 0 +7.651668101e+01 +3.742466810e+02 +3.742466810e+02 -1.0373e-01 +2.7118e-01 +8.5718e-02 -3.5749e-02 +4.3025e-01 +8.9367e-01 +3.6305e-01 +4.5068e-01 +2.6494e-01 +3.2193e-01
36 0 +7.394983771e+01 +3.716798377e+02 +3.716798377e+02 +6.8894e-01 -1.0909e-01 +9.6065e-02 +8.2022e-01 +2.1352e-01 +2.4702e-01 +1.2947e-01 +7.9999e-01 +4.1228e-01 +3.9588e-01
42 0 +7.073592800e+01 +3.684659280e+02 +3.684659280e+02 +9.1257e-01 -1.9497e-01 -4.6974e-02 +6.1748e-01 +7.4378e-01 +5.6442e-01 +6.8528e-01 +1.1842e+00 +4.2115e-01 +5.3713e-01
51 0 +6.234280627e+01 +3.600728063e+02 +3.600728063e+02 +1.3165e+00 -8.4373e-02 -2.1175e-01 +6.7453e-01 +1.0320e+00 +1.9916e-02 +2.8677e-01 +1.7804e+00 +8.9983e-01 +1.8557e+00
61 0 +5.524935468e+01 +3.529793547e+02 +3.529793547e+02 +1.0181e+00 +6.5799e-01 -9.1133e-01 +1.6476e+00 +6.5609e-01 +6.6241e-01 +2.3788e-01 +2.1923e+00 +1.3651e+00 +1.4435e+00
71 0 +4.194381285e+01 +3.396738129e+02 +3.396738129e+02 +2.4104e+00 +1.0384e-01 +1.3841e-01 +2.1475e+00 +6.5431e-01 +2.3315e-01 +3.6207e-01 +2.4412e+00 +9.3649e-01 +1.8585e+00
86 0 +2.977387113e+01 +3.275038711e+02 +3.275038711e+02 +2.6615e+00 -7.1031e-01 -3.8268e-01 +1.8684e+00 +1.1644e+00 -1.6052e-01 +6.8500e-01 +3.1263e+00 +1.5186e+00 +2.7833e+00
96 0 +2.519018534e+01 +3.229201853e+02 +3.229201853e+02 +4.1370e+00 -2.2312e-01 +9.8075e-03 +2.8263e+00 +1.0706e+00 -2.1477e-01 +4.9462e-01 +3.4944e+00 +1.5406e+00 +4.3164e+00
108 0 +1.844106718e+01 +3.161710672e+02 +3.161710672e+02 +3.5646e+00 +7.8789e-01 -8.9557e-01 +2.9569e+00 -3.5378e-01 +5.5631e-01 -2.1420e-01 +2.0212e+00 +1.7048e+00 +2.9978e+00
211 0 +1.710819540e+01 +3.148381954e+02 +3.148381954e+02 +3.5158e+00 -2.9122e-01 -4.5950e-02 +4.0666e+00 -3.1141e-01 +8.1696e-01 -7.9150e-02 +3.2797e+00 +3.6797e+00 +3.7694e+00
228 0 +1.591210527e+01 +3.136421053e+02 +3.136421053e+02 +5.1860e+00 -4.3849e-03 +2.4055e-01 +2.0813e+00 +1.1421e+00 +7.5659e-01 +7.5464e-01 +2.8428e+00 +3.3505e+00 +3.8672e+00
231 0 +1.354767871e+01 +3.112776787e+02 +3.112776787e+02 +4.2313e+00 +1.0830e+00 -7.4104e-01 +2.3729e+00 +6.6368e-01 +3.7619e-01 +1.0494e+00 +2.3556e+00 +1.4266e+00 +4.4414e+00
232 0 +9.902032644e+00 +3.076320326e+02 +3.076320326e+02 +3.0635e+00 +2.9130e-01 -1.4137e-01 +2.4623e+00 +1.5366e-01 +1.3429e-01 +4.7370e-01 +3.7207e+00 +3.5415e+00 +3.3207e+00
244 0 +7.600505312e+00 +3.053305053e+02 +3.053305053e+02 +3.8296e+00 +4.9785e-01 -5.0759e-01 +3.2336e+00 +6.0524e-01 +1.8375e-02 +8.1298e-01 +3.3100e+00 +3.6943e+00 +4.0294e+00
294 0 +7.200655841e+00 +3.049306558e+02 +3.049306558e+02 +4.8998e+00 +1.3330e+00 -1.7674e-01 +1.9999e+00 +1.5026e+00 -1.5052e-01 +1.9188e+00 +2.8707e+00 +4.7316e+00 +4.9006e+00
310 0 +5.253102298e+00 +3.029831023e+02 +3.029831023e+02 +2.8923e+00 +1.5008e+00 +3.8069e-01 +9.2836e-01 +8.4723e-01 +1.7491e-01 +2.0436e+00 +3.2920e+00 +4.8653e+00 +4.1567e+00
367 0 +3.746539094e+00 +3.014765391e+02 +3.014765391e+02 +3.3243e+00 +1.6338e+00 +3.3647e-01 +1.4189e+00 +1.1287e+00 +5.8940e-01 +1.1313e+00 +3.1005e+00 +4.3068e+00 +4.2376e+00
371 0 +3.102460467e+00 +3.008324605e+02 +3.008324605e+02 +3.0469e+00 +1.8115e+00 +4.0791e-01 +1.2112e+00 +4.2052e-01 +2.4191e-01 +1.4493e+00 +2.9569e+00 +4.4270e+00 +4.3387e+00
396 0 +2.371619715e+00 +3.001016197e+02 +3.001016197e+02 +2.9712e+00 +1.0605e+00 +7.8633e-02 +1.4520e+00 +1.1918e-01 +5.6810e-01 +1.5002e+00 +2.8841e+00 +3.7042e+00 +4.1627e+00
406 0 +2.188482028e+00 +2.999184820e+02 +2.999184820e+02 +3.7114e+00 +1.6732e+00 -5.8276e-02 +1.7454e+00 +4.7858e-01 -8.1225e-03 +1.6900e+00 +3.0689e+00 +4.1413e+00 +4.5472e+00
448 0 +2.178925701e+00 +2.999089257e+02 +2.999089257e+02 +3.4911e+00 +1.1548e+00 -1.2015e-01 +1.8290e+00 +5.5038e-01 +3.8770e-01 +1.6004e+00 +2.9840e+00 +3.9137e+00 +4.2364e+00
454 0 +2.108628227e+00 +2.998386282e+02 +2.998386282e+02 +3.5401e+00 +1.2536e+00 -6.7995e-02 +1.9666e+00 +2.3160e-01 +2.9892e-01 +1.5264e+00 +3.0459e+00 +3.8867e+00 +4.4633e+00
466 0 +2.088515006e+00 +2.998185150e+02 +2.998185150e+02 +3.4296e+00 +1.5192e+00 +2.0628e-01 +1.8023e+00 +5.2241e-01 +6.0988e-01 +1.6492e+00 +3.2860e+00 +4.0677e+00 +4.3502e+00
476 0 +2.030384457e+00 +2.997603845e+02 +2.997603845e+02 +3.6311e+00 +1.2509e+00 +4.0088e-02 +1.5506e+00 +5.1417e-01 +7.0509e-01 +1.4225e+00 +3.0430e+00 +3.5867e+00 +4.3201e+00
556 0 +1.988463989e+00 +2.997184640e+02 +2.997184640e+02 +3.4394e+00 +1.6063e+00 +2.5708e-02 +1.4613e+00 +3.8118e-01 +5.8881e-01 +1.4696e+00 +2.9108e+00 +3.8374e+00 +4.3574e+00
1010 0 +1.955309854e+00 +2.996853099e+02 +2.996853099e+02 +3.5643e+00 +1.6937e+00 +2.1255e-01 +1.2897e+00 +3.8263e-01 +1.0155e+00 +1.4172e+00 +2.9914e+00 +3.9039e+00 +4.4659e+00
% f evaluations | g evaluations | best noise-free fitness - Fopt (5.157000000000e+01) + sum g_i+ | measured fitness | best measured fitness or single-digit g-values | x1 | x2...
1 0 +7.836286729e+01 +1.299328673e+02 +1.299328673e+02 +6.5996e-02 -4.1377e-01 +2.2605e-02 -1.3235e-01 +3.5311e-01 -5.0602e-01 +1.3624e-01 -1.6480e-01 +1.3668e-01 -1.3931e-01
3 0 +7.649917296e+01 +1.280691730e+02 +1.280691730e+02 -2.9710e-01 +2.6140e-01 -2.1322e-01 -1.5502e-01 +4.0723e-01 -3.4133e-01 +1.8203e-01 +5.5253e-02 +3.6780e-01 +6.6283e-01
15 0 +7.551095232e+01 +1.270809523e+02 +1.270809523e+02 -3.1878e-01 +3.4952e-01 +5.9527e-01 +4.3210e-01 -2.2366e-01 +2.0380e-01 +5.0418e-01 +1.2044e-01 +3.6629e-01 +1.2393e-01
26 0 +7.381956258e+01 +1.253895626e+02 +1.253895626e+02 +9.7121e-02 +1.4634e-01 +3.5177e-01 +6.1556e-01 -4.4783e-01 -7.6812e-02 +7.6642e-01 +7.2540e-01 +1.9806e-01 +1.8870e-01
32 0 +7.236620653e+01 +1.239362065e+02 +1.239362065e+02 -9.7013e-02 +9.5614e-02 -1.1073e-01 +6.3766e-01 -2.8261e-01 +2.4949e-01 +6.9152e-01 +3.3123e-01 +1.8123e-01 +3.7766e-01
43 0 +6.938040359e+01 +1.209504036e+02 +1.209504036e+02 -7.0599e-02 +5.5747e-02 -5.0843e-01 +4.7436e-01 -1.7966e-01 +2.7181e-01 +9.6377e-01 +2.5334e-01 -2.3426e-01 +2.4638e-01
44 0 +6.902079958e+01 +1.205907996e+02 +1.205907996e+02 -3.3156e-01 +5.1450e-01 +3.0685e-01 +6.8877e-01 -9.8246e-01 +5.1891e-01 +1.0731e+00 +5.3797e-01 -2.4024e-01 +3.9284e-01
54 0 +6.590439366e+01 +1.174743937e+02 +1.174743937e+02 -5.4214e-01 +7.4815e-01 +4.9858e-01 +4.2502e-01 -1.3706e+00 +5.2576e-01 +1.5711e+00 +5.9246e-01 -5.8551e-01 +6.5078e-01
61 0 +6.298407566e+01 +1.145540757e+02 +1.145540757e+02 -5.2983e-01 +4.1116e-01 -6.6549e-03 +7.9535e-01 -1.0816e+00 +7.7685e-01 +1.7073e+00 +8.9681e-01 -5.1930e-01 +4.9410e-01
78 0 +5.968659836e+01 +1.112565984e+02 +1.112565984e+02 -6.0316e-01 -3.1318e-01 -2.2129e-01 +1.0817e+00 -1.3073e+00 +7.3800e-01 +2.2278e+00 +1.3064e+00 -6.4625e-01 +2.9893e-01
80 0 +5.657949758e+01 +1.081494976e+02 +1.081494976e+02 -7.5138e-01 +2.4713e-01 -5.7681e-01 +5.9070e-01 -9.4579e-01 +3.6495e-01 +1.7745e+00 +1.3232e+00 -7.0966e-01 +6.7452e-01
84 0 +5.562696858e+01 +1.071969686e+02 +1.071969686e+02 -9.1617e-01 -1.4877e-03 -3.7374e-01 +6.6130e-01 -8.3673e-01 +7.1415e-01 +1.9415e+00 +7.9635e-01 -1.0139e+00 +5.2757e-01
87 0 +5.353616510e+01 +1.051061651e+02 +1.051061651e+02 -3.8188e-01 +1.2010e-02 -8.1385e-01 +1.0800e+00 -1.0280e+00 +6.6561e-01 +2.6936e+00 +1.4878e+00 -7.0337e-01 -1.8296e-01
100 0 +5.130730221e+01 +1.028773022e+02 +1.028773022e+02 -3.1949e-01 +1.3853e-01 -1.2988e+00 +7.0657e-01 -5.7354e-01 +9.6325e-01 +2.9037e+00 +1.6547e+00 -7.5042e-01 +5.7058e-01
101 0 +4.953683386e+01 +1.011068339e+02 +1.011068339e+02 -4.2092e-01 +1.1044e+00 -2.0482e+00 +1.1323e+00 -8.0006e-01 +9.1984e-01 +2.3976e+00 +2.0239e+00 -1.4670e+00 +2.1726e-01
104 0 +4.453393321e+01 +9.610393321e+01 +9.610393321e+01 -4.9251e-01 +2.1304e-03 -1.3012e+00 +1.2477e+00 -1.6413e+00 +6.8066e-01 +2.8680e+00 +7.3180e-01 -7.1350e-01 -1.9956e-01
109 0 +4.083698900e+01 +9.240698900e+01 +9.240698900e+01 -6.1114e-01 -3.6925e-01 -1.2493e+00 +2.7485e-01 -7.5000e-01 +6.1622e-01 +2.5611e+00 +1.1710e+00 -1.6240e+00 +5.9155e-01
115 0 +3.405036747e+01 +8.562036747e+01 +8.562036747e+01 -4.7718e-01 +2.1792e-01 -2.3538e+00 +1.8707e-01 -2.4861e-01 +2.2817e-01 +2.6157e+00 +1.0041e+00 -1.3507e+00 -2.5383e-02
125 0 +3.084635549e+01 +8.241635549e+01 +8.241635549e+01 -8.7035e-01 +1.0478e+00 -1.8607e+00 +2.9706e-01 -1.1849e+00 +2.1525e-01 +2.8549e+00 +8.3880e-01 -9.5850e-01 +4.0483e-01
131 0 +2.652100603e+01 +7.809100603e+01 +7.809100603e+01 -1.0258e+00 +2.5528e-01 -2.3706e+00 +1.9235e-01 -1.1619e+00 +5.2492e-01 +2.3509e+00 +7.4749e-01 -2.0600e+00 +4.7975e-01
142 0 +2.437143161e+01 +7.594143161e+01 +7.594143161e+01 -7.9562e-01 +1.5185e-01 -2.5016e+00 +6.0894e-01 -1.2048e+00 +1.3175e-01 +2.6932e+00 +1.0019e+00 -2.0096e+00 +1.1563e-01
170 0 +2.306257997e+01 +7.463257997e+01 +7.463257997e+01 -6.8165e-01 +1.2988e+00 -2.7844e+00 +1.6378e-01 -1.4738e+00 -7.1978e-01 +2.6148e+00 +7.8554e-01 -1.7936e+00 -3.1120e-01
174 0 +1.916007616e+01 +7.073007616e+01 +7.073007616e+01 -3.3837e-01 +8.9260e-01 -3.9993e+00 -5.8395e-01 -2.2204e+00 -1.2829e+00 +3.9342e+00 +6.1814e-01 -1.3763e+00 +2.8635e-01
181 0 +1.759578089e+01 +6.916578089e+01 +6.916578089e+01 -1.1054e+00 -1.6151e-01 -3.4045e+00 -8.0633e-02 -1.9389e+00 -2.1432e-01 +3.6450e+00 +1.3591e+00 -2.1185e+00 +1.4977e-01
189 0 +1.433618402e+01 +6.590618402e+01 +6.590618402e+01 -1.5381e+00 +5.1048e-01 -3.1961e+00 +5.0983e-01 -1.9267e+00 -4.4038e-01 +3.2942e+00 +1.2165e+00 -1.5826e+00 -7.4674e-01
192 0 +1.141441645e+01 +6.298441645e+01 +6.298441645e+01 -1.7930e+00 +6.9785e-01 -4.4983e+00 -5.2635e-01 -2.2327e+00 -1.3055e+00 +2.6547e+00 +6.3719e-01 -2.0912e+00 -6.9790e-01
220 0 +7.999441289e+00 +5.956944129e+01 +5.956944129e+01 -1.7883e+00 +7.2819e-01 -4.8196e+00 -6.0495e-01 -2.4445e+00 -1.6631e+00 +4.0137e+00 +8.6154e-01 -1.8491e+00 -1.5155e+00
285 0 +7.688691433e+00 +5.925869143e+01 +5.925869143e+01 -1.7085e+00 +4.1321e-02 -5.3421e+00 -6.8016e-01 -1.6058e+00 -2.4899e+00 +4.1648e+00 +1.7028e-01 -2.2491e+00 -2.5112e+00
286 0 +7.189476442e+00 +5.875947644e+01 +5.875947644e+01 -2.1828e+00 +2.1140e-01 -4.6214e+00 -3.9277e-01 -1.6562e+00 -1.1682e+00 +3.1611e+00 +4.1303e-01 -2.7289e+00 -1.5530e+00
291 0 +6.817775855e+00 +5.838777585e+01 +5.838777585e+01 -2.1353e+00 +4.3751e-01 -4.6479e+00 -7.4678e-01 -1.8156e+00 -2.4467e+00 +3.5944e+00 -1.5712e-02 -2.2781e+00 -2.2010e+00
324 0 +6.677460439e+00 +5.824746044e+01 +5.824746044e+01 -2.3162e+00 +4.9556e-02 -4.4919e+00 -6.6664e-01 -2.7038e+00 -1.4929e+00 +3.6783e+00 -4.2482e-02 -2.4644e+00 -2.0053e+00
359 0 +6.530429840e+00 +5.810042984e+01 +5.810042984e+01 -2.3686e+00 -1.3286e-01 -4.4158e+00 -5.0370e-01 -2.3305e+00 -1.6447e+00 +3.5547e+00 +2.4058e-01 -2.0626e+00 -1.8012e+00
389 0 +6.098467919e+00 +5.766846792e+01 +5.766846792e+01 -2.0117e+00 +1.1208e-02 -4.6603e+00 -3.0110e-01 -2.0107e+00 -1.8628e+00 +3.5577e+00 +3.3273e-01 -2.5647e+00 -2.1911e+00
395 0 +5.811429811e+00 +5.738142981e+01 +5.738142981e+01 -2.2037e+00 +1.3100e-01 -4.7192e+00 -4.8649e-01 -1.9951e+00 -1.7165e+00 +3.3466e+00 +3.8699e-01 -2.5453e+00 -1.9785e+00
430 0 +5.541207485e+00 +5.711120748e+01 +5.711120748e+01 -2.1209e+00 +1.8521e-01 -4.5174e+00 -6.8190e-01 -1.9051e+00 -1.9622e+00 +3.8593e+00 +4.4703e-01 -2.4385e+00 -1.8244e+00
445 0 +5.475515673e+00 +5.704551567e+01 +5.704551567e+01 -2.0929e+00 -1.6334e-01 -4.4196e+00 -6.2585e-01 -2.0517e+00 -1.6393e+00 +3.6503e+00 +2.9361e-01 -2.7163e+00 -1.9907e+00
462 0 +5.242315319e+00 +5.681231532e+01 +5.681231532e+01 -2.0748e+00 +1.4310e-01 -4.4658e+00 -7.1336e-01 -1.9377e+00 -1.9252e+00 +3.6387e+00 +3.3507e-01 -2.7048e+00 -2.0429e+00
602 0 +5.108438227e+00 +5.667843823e+01 +5.667843823e+01 -2.1405e+00 -1.0588e-01 -4.3747e+00 -7.9987e-01 -1.9089e+00 -2.0289e+00 +3.5597e+00 +4.0581e-01 -2.9777e+00 -1.9022e+00
1010 0 +5.062789972e+00 +5.663278997e+01 +5.663278997e+01 -2.1595e+00 -3.9046e-02 -4.4009e+00 -7.9745e-01 -1.9337e+00 -1.9558e+00 +3.5388e+00 +3.9721e-01 -2.9054e+00 -1.9446e+00
% f evaluations | g evaluations | best noise-free fitness - Fopt (1.527100000000e+02) + sum g_i+ | measured fitness | best measured fitness or single-digit g-values | x1 | x2...
1 0 +7.607467578e+01 +2.287846758e+02 +2.287846758e+02 -9.2095e-01 +2.2433e-01 -3.4835e-01 -7.4665e-02 -1.6870e-02 +1.6697e-01 -2.3790e-01 -2.2796e-01 +1.5842e-01 +2.2059e-01
4 0 +7.523637696e+01 +2.279463770e+02 +2.279463770e+02 -3.2460e-01 +1.7303e-01 +4.0617e-01 -4.0421e-01 +2.2121e-02 -2.1604e-01 -1.6362e-02 +1.9851e-01 -3.8383e-01 +3.6161e-01
13 0 +7.400785352e+01 +2.267178535e+02 +2.267178535e+02 -6.9311e-01 +4.5755e-01 -3.1417e-01 -4.0755e-01 +1.8986e-01 -1.5535e-01 +3.8756e-01 -1.2178e-03 -2.1726e-01 +9.9264e-02
26 0 +7.230841547e+01 +2.250184155e+02 +2.250184155e+02 -6.3457e-01 +4.5256e-01 -3.9991e-01 -1.3666e-01 -3.6714e-01 -5.9697e-01 +8.6212e-01 -4.9858e-01 -9.7590e-02 +7.1944e-01
31 0 +6.993859351e+01 +2.226485935e+02 +2.226485935e+02 -2.1003e-01 +5.0701e-01 -5.7918e-01 -6.6126e-01 -9.6261e-02 -1.1677e+00 +1.1178e+00 -3.7295e-01 -6.6897e-01 +5.4636e-01
42 0 +6.561170180e+01 +2.183217018e+02 +2.183217018e+02 -4.7541e-01 +6.6408e-01 -1.4252e+00 -6.9053e-01 -4.0430e-02 -1.8431e+00 +6.9711e-01 -6.1766e-03 -7.0008e-01 +1.0694e+00
68 0 +6.441723786e+01 +2.171272379e+02 +2.171272379e+02 +1.7976e-01 +6.8989e-01 -1.5415e+00 -4.9525e-01 -6.3752e-01 -1.8369e+00 +1.0455e-01 -3.0089e-01 -1.1789e+00 +2.3360e+00
79 0 +6.171669740e+01 +2.144266974e+02 +2.144266974e+02 -8.8574e-01 +6.9949e-01 -1.8336e+00 -7.3423e-01 -1.3398e-01 -2.3894e+00 +1.0929e+00 -5.8832e-01 -1.1143e+00 +2.6861e+00
94 0 +6.054285199e+01 +2.132528520e+02 +2.132528520e+02 -8.3293e-01 +1.0061e+00 -2.2962e+00 -7.4633e-01 -1.3085e-02 -3.2192e+00 +6.6570e-01 +1.0314e+00 -1.4612e+00 +2.3485e+00
190 0 +5.963309295e+01 +2.123430930e+02 +2.123430930e+02 +5.9297e-01 +1.3207e+00 -2.5968e+00 -1.3812e+00 -2.2452e-01 -2.6418e+00 +1.2106e+00 -2.2465e-01 -1.8323e+00 +2.6251e+00
199 0 +5.795234711e+01 +2.106623471e+02 +2.106623471e+02 -5.3884e-02 +9.5688e-01 -2.7341e+00 -7.3327e-01 -2.7043e-01 -2.9027e+00 +1.0204e+00 +2.2724e-01 -2.4510e+00 +3.0323e+00
264 0 +5.717747276e+01 +2.098874728e+02 +2.098874728e+02 -2.0071e-01 +9.0393e-01 -2.4905e+00 -1.0941e+00 -1.8321e-01 -2.3507e+00 +1.3268e+00 +5.6417e-01 -1.8200e+00 +2.9720e+00
1010 0 +5.679459223e+01 +2.095045922e+02 +2.095045922e+02 -2.1633e-01 +1.0010e+00 -2.6796e+00 -9.8570e-01 -1.1958e-01 -2.5563e+00 +1.1814e+00 +4.7417e-01 -1.9197e+00 +2.7742e+00
% f evaluations | g evaluations | best noise-free fitness - Fopt (9.980000000000e+01) + sum g_i+ | measured fitness | best measured fitness or single-digit g-values | x1 | x2...
1 0 +7.990773976e+01 +1.797077398e+02 +1.797077398e+02 -5.4125e-01 -1.0158e-02 +9.4038e-02 -3.6175e-01 -3.1272e-01 -1.2012e-01 +4.8900e-01 -1.7068e-01 -3.3327e-01 -3.9664e-01
2 0 +7.734608240e+01 +1.771460824e+02 +1.771460824e+02 +2.5595e-01 -2.6326e-01 +1.7015e-01 -3.4418e-01 +2.6782e-01 +9.2685e-02 +1.1776e-01 -6.5534e-01 -5.8399e-02 +2.3345e-01
12 0 +7.564138170e+01 +1.754413817e+02 +1.754413817e+02 +5.9386e-01 +3.0483e-01 +5.9914e-01 +2.7790e-01 +3.2284e-01 -4.6211e-01 -3.1239e-01 +1.3253e-01 -2.9461e-01 -4.9049e-01
28 0 +7.282771158e+01 +1.726277116e+02 +1.726277116e+02 +1.0820e+00 -7.8840e-03 +9.8970e-01 -1.5963e-03 +5.7149e-01 +7.3474e-02 -5.2629e-01 -1.0421e-01 +1.0959e-01 -3.9317e-01
31 0 +7.131781237e+01 +1.711178124e+02 +1.711178124e+02 +7.6686e-01 +1.8629e-01 +1.0679e+00 +1.0997e-01 +9.2129e-01 +3.8388e-02 -3.9170e-01 +3.2578e-01 -3.4943e-01 -4.8575e-01
41 0 +6.543757261e+01 +1.652375726e+02 +1.652375726e+02 +1.1039e+00 -1.5090e-01 +1.2779e+00 -1.7364e-01 +1.4922e+00 +3.0571e-01 -4.0630e-01 +4.7701e-01 +6.4402e-01 -6.2456e-01
52 0 +6.448617772e+01 +1.642861777e+02 +1.642861777e+02 +1.3932e+00 +5.2359e-01 +1.2527e+00 -3.8231e-01 +1.4621e+00 +4.1359e-01 -9.8812e-01 -2.1366e-01 +9.0305e-01 -8.4259e-01
54 0 +6.154825067e+01 +1.613482507e+02 +1.613482507e+02 +4.7878e-01 -8.0819e-02 +6.9141e-01 +1.6267e-01 +1.2182e+00 +6.1492e-01 -5.1053e-01 +1.4093e+00 +7.5871e-01 -5.5980e-01
58 0 +5.532394808e+01 +1.551239481e+02 +1.551239481e+02 +6.1250e-01 +1.9250e-01 +1.0579e+00 +4.2817e-02 +1.6104e+00 +7.0085e-01 -6.0365e-01 +7.2208e-01 +1.6167e+00 -5.9806e-01
61 0 +5.174537079e+01 +1.515453708e+02 +1.515453708e+02 +9.5452e-01 +5.7938e-01 +1.5364e+00 +6.0489e-01 +1.3747e+00 +3.9973e-01 -7.2155e-01 +8.3248e-01 +1.1862e+00 -4.2048e-01
63 0 +4.277264433e+01 +1.425726443e+02 +1.425726443e+02 +6.1814e-01 +2.7363e-01 +1.7910e+00 -1.2824e-02 +1.8248e+00 +7.3949e-01 -9.6931e-01 +1.3486e+00 +2.0572e+00 -5.7399e-01
105 0 +3.954564609e+01 +1.393456461e+02 +1.393456461e+02 +6.5435e-01 +9.4596e-01 +2.1905e+00 +3.6814e-01 +3.5786e+00 +3.7748e-01 -9.8986e-01 +1.7324e+00 +1.5483e+00 -6.8365e-01
136 0 +3.888595724e+01 +1.386859572e+02 +1.386859572e+02 -9.5319e-02 +1.2589e+00 +1.2660e+00 -1.1124e+00 +3.5579e+00 -4.2686e-02 -2.0029e+00 +2.1613e+00 +1.9572e+00 -5.1411e-01
142 0 +3.700434701e+01 +1.368043470e+02 +1.368043470e+02 -3.7491e-01 +6.8234e-01 +2.0031e+00 +1.7226e-02 +2.3140e+00 -4.5106e-01 -1.3186e+00 +1.8369e+00 +1.9731e+00 -4.3070e-01
148 0 +3.464137416e+01 +1.344413742e+02 +1.344413742e+02 -1.0249e+00 +1.0545e+00 +1.8359e+00 -7.6377e-01 +2.6777e+00 +1.4843e-01 -1.7421e+00 +1.6748e+00 +2.2805e+00 -5.1155e-01
159 0 +3.069739526e+01 +1.304973953e+02 +1.304973953e+02 -3.4879e-01 +4.7145e-01 +2.1758e+00 -2.8292e-01 +3.1344e+00 +6.3715e-01 -2.2778e+00 +1.6230e+00 +1.3271e+00 -3.1192e-01
215 0 +2.895222327e+01 +1.287522233e+02 +1.287522233e+02 -4.7002e-01 +9.4631e-01 +2.0312e+00 +2.6737e-01 +2.6804e+00 -9.0100e-02 -1.5531e+00 +2.0332e+00 +1.7201e+00 -8.1671e-01
235 0 +2.698466931e+01 +1.267846693e+02 +1.267846693e+02 -8.2445e-01 +1.1166e+00 +2.0405e+00 +3.4795e-01 +1.9918e+00 +1.3017e-01 -2.2399e+00 +2.1157e+00 +1.3213e+00 -1.2140e+00
256 0 +2.576275169e+01 +1.255627517e+02 +1.255627517e+02 -5.2944e-01 +3.2425e-01 +2.2762e+00 +8.9060e-01 +2.5351e+00 +5.3453e-01 -3.1455e+00 +1.3234e+00 +1.5870e+00 -1.3337e+00
264 0 +2.515492353e+01 +1.249549235e+02 +1.249549235e+02 -6.3577e-01 +6.3547e-01 +2.4812e+00 +1.2051e+00 +2.0704e+00 -3.3008e-02 -2.7853e+00 +1.4872e+00 +4.2509e-01 -1.4781e+00
274 0 +2.416235127e+01 +1.239623513e+02 +1.239623513e+02 -1.2028e+00 +4.9034e-01 +2.2635e+00 +7.7051e-01 +2.8356e+00 -5.3734e-01 -2.6261e+00 +2.0378e+00 +1.4136e+00 -1.3620e+00
302 0 +2.370191536e+01 +1.235019154e+02 +1.235019154e+02 -9.9522e-01 +1.5143e-01 +2.2445e+00 +8.4918e-01 +2.7536e+00 +1.0510e-01 -3.0020e+00 +1.9263e+00 +1.2556e+00 -1.3411e+00
308 0 +2.337298156e+01 +1.231729816e+02 +1.231729816e+02 -8.2580e-01 +4.6036e-01 +2.4899e+00 +1.7572e+00 +2.2394e+00 +1.6564e-01 -3.2075e+00 +1.9077e+00 +8.7023e-01 -1.0758e+00
348 0 +2.290339555e+01 +1.227033955e+02 +1.227033955e+02 -8.7171e-01 +2.5337e-01 +2.4033e+00 +1.6178e+00 +2.3183e+00 +5.8743e-02 -3.2847e+00 +1.8428e+00 +9.7076e-01 -1.4692e+00
413 0 +2.233445725e+01 +1.221344573e+02 +1.221344573e+02 -8.4341e-01 +4.8202e-01 +2.3529e+00 +1.4554e+00 +2.9538e+00 -3.3496e-01 -2.9610e+00 +2.1151e+00 +9.3738e-01 -1.6039e+00
602 0 +2.185248543e+01 +1.216524854e+02 +1.216524854e+02 -1.0770e+00 +3.1758e-01 +2.4377e+00 +1.8044e+00 +2.5979e+00 -3.8388e-01 -3.1556e+00 +2.1910e+00 +7.1428e-01 -1.7191e+00
1010 0 +2.177965591e+01 +1.215796559e+02 +1.215796559e+02 -1.1363e+00 +2.0022e-01 +2.4066e+00 +1.7931e+00 +2.6557e+00 -4.3676e-01 -3.1188e+00 +2.1855e+00 +7.6312e-01 -1.9286e+00
% f evaluations | g evaluations | best noise-free fitness - Fopt (-1.194100000000e+02) + sum g_i+ | measured fitness | best measured fitness or single-digit g-values | x1 | x2...
1 0 +8.092200723e+01 -3.848799277e+01 -3.848799277e+01 -1.4388e-01 +7.5180e-02 -1.4305e-01 -5.5985e-02 -2.6859e-02 +1.6206e-01 +1.9683e-01 -6.3315e-01 -1.1199e-04 +1.4876e-01
2 0 +7.647852751e+01 -4.293147249e+01 -4.293147249e+01 +2.9674e-01 -3.3581e-01 +1.4686e-01 +2.8679e-01 +2.5572e-01 -6.8562e-02 -1.5410e-01 -5.5797e-02 +2.8028e-01 -7.4855e-03
4 0 +7.577434656e+01 -4.363565344e+01 -4.363565344e+01 +3.1704e-01 +9.3189e-02 +2.4868e-01 +5.0045e-01 -3.1187e-03 -1.8376e-02 -4.0231e-01 +9.7779e-02 +1.3619e-01 -3.1884e-01
15 0 +7.094581092e+01 -4.846418908e+01 -4.846418908e+01 +4.1209e-02 -1.6197e-01 +5.0686e-01 +4.8319e-01 +6.6852e-01 -4.0997e-02 -2.2647e-01 +7.2699e-01 +6.0836e-01 +1.8601e-01
21 0 +6.958816877e+01 -4.982183123e+01 -4.982183123e+01 +1.5978e-01 +7.1736e-02 +5.5378e-01 +4.9034e-01 +5.6296e-01 -2.5639e-01 -3.5198e-01 +9.2280e-01 +3.1882e-01 +6.0683e-01
32 0 +6.875463244e+01 -5.065536756e+01 -5.065536756e+01 +1.7254e-01 +6.2670e-02 +1.2108e+00 -3.0563e-01 +8.6185e-01 +9.3174e-02 -8.0853e-01 +8.4538e-01 +8.2045e-01 +3.3939e-01
34 0 +6.719183747e+01 -5.221816253e+01 -5.221816253e+01 -9.8179e-02 +2.0227e-01 +1.0663e+00 +6.4120e-01 +9.2938e-01 -1.7365e-01 -2.4179e-01 +1.0128e+00 +2.0380e-01 +2.8809e-01
40 0 +6.569838766e+01 -5.371161234e+01 -5.371161234e+01 -1.3986e-01 -2.6804e-01 +7.6843e-01 +1.1774e-01 +1.3841e+00 +7.6708e-02 -7.4531e-01 +9.6231e-01 +5.5820e-01 +5.6150e-01
41 0 +6.356722408e+01 -5.584277592e+01 -5.584277592e+01 +1.6330e-01 -4.5246e-01 +1.4761e+00 +1.0596e+00 +1.2445e+00 +3.5776e-02 -5.1496e-01 +8.9065e-01 +1.5618e-01 +8.7604e-01
46 0 +6.216172635e+01 -5.724827365e+01 -5.724827365e+01 -1.7816e-01 -1.2025e-01 +1.7497e+00 -1.7286e-01 +1.6385e+00 -6.4862e-01 -5.4089e-01 +1.2751e+00 +3.6960e-01 +1.0580e+00
51 0 +5.849764257e+01 -6.091235743e+01 -6.091235743e+01 -7.7650e-01 -3.5332e-01 +1.8713e+00 +1.1884e+00 +1.6415e+00 -4.2654e-01 -9.4582e-01 +1.4050e+00 +9.9246e-01 +1.0548e+00
52 0 +5.732492570e+01 -6.208507430e+01 -6.208507430e+01 +8.0940e-01 -2.8745e-01 +1.9826e+00 +2.3916e-01 +1.3562e+00 -4.8472e-01 -1.1119e+00 +1.3744e+00 +4.0336e-01 +2.6183e-01
57 0 +5.393719391e+01 -6.547280609e+01 -6.547280609e+01 -5.4267e-01 -2.3651e-01 +2.8596e+00 +3.3758e-03 +2.1495e+00 -9.5112e-01 -6.4920e-01 +2.1213e+00 +8.6589e-01 +1.0168e+00
66 0 +4.744055680e+01 -7.196944320e+01 -7.196944320e+01 -1.0477e-01 -1.3076e-01 +3.1592e+00 +6.1115e-01 +1.3402e+00 -1.9345e-01 -1.4675e+00 +1.5384e+00 +5.3919e-01 +1.9124e+00
74 0 +2.850694649e+01 -9.090305351e+01 -9.090305351e+01 +7.7407e-01 -5.9466e-01 +2.6191e+00 +1.1065e+00 +1.5010e+00 -6.9206e-01 -1.5349e+00 +2.8783e+00 +4.2626e-02 +1.0731e+00
87 0 +2.773848799e+01 -9.167151201e+01 -9.167151201e+01 -2.6809e-01 +1.7216e-01 +3.0746e+00 +4.9661e-02 +2.1453e+00 -7.8907e-01 -1.6951e+00 +2.9702e+00 +9.8193e-02 +1.3812e+00
91 0 +2.375934531e+01 -9.565065469e+01 -9.565065469e+01 +8.5927e-02 +2.9839e-01 +2.1298e+00 +2.8801e-01 +2.0017e+00 +4.8991e-01 -1.4600e+00 +2.9512e+00 -4.2160e-01 +1.4841e+00
103 0 +2.253228031e+01 -9.687771969e+01 -9.687771969e+01 +2.6363e-01 +1.6501e-01 +2.0747e+00 +1.0273e+00 +2.0447e+00 +4.1099e-01 -1.4801e+00 +3.1193e+00 +6.2461e-01 +1.9811e+00
128 0 +2.078083278e+01 -9.862916722e+01 -9.862916722e+01 -8.5242e-01 -3.7530e-01 +2.7086e+00 -1.3591e+00 +2.6725e+00 +5.5381e-01 -1.1027e+00 +4.8864e+00 +5.5154e-01 +3.0642e+00
173 0 +2.040904675e+01 -9.900095325e+01 -9.900095325e+01 +5.5743e-03 +1.2678e-01 +1.6767e+00 +1.0822e-01 +2.3886e+00 +6.2289e-01 -1.2467e+00 +4.1602e+00 -4.2508e-01 +2.5063e+00
191 0 +1.971890370e+01 -9.969109630e+01 -9.969109630e+01 +3.7858e-01 +3.4828e-01 +1.9585e+00 +9.9851e-02 +2.5899e+00 +6.2827e-01 -1.4897e+00 +4.3562e+00 -2.8396e-01 +2.6628e+00
195 0 +1.904438117e+01 -1.003656188e+02 -1.003656188e+02 -4.3545e-02 -5.0444e-01 +2.5399e+00 -8.6267e-01 +3.3516e+00 +8.8908e-01 -2.0698e+00 +4.6292e+00 +5.9765e-02 +3.3715e+00
203 0 +1.653015274e+01 -1.028798473e+02 -1.028798473e+02 -4.4131e-01 -9.2783e-02 +3.0767e+00 -5.0197e-01 +2.9123e+00 +5.8970e-01 -1.1632e+00 +4.3034e+00 -1.6356e-01 +2.9428e+00
268 0 +1.561029834e+01 -1.037997017e+02 -1.037997017e+02 -2.2346e-01 -1.4684e-01 +2.8760e+00 +1.6887e-02 +3.1121e+00 +5.1709e-01 -1.6538e+00 +4.3076e+00 +1.0483e-01 +3.0416e+00
298 0 +1.521272922e+01 -1.041972708e+02 -1.041972708e+02 -2.6211e-01 +9.2452e-02 +2.9995e+00 -3.0495e-01 +3.1006e+00 +6.9640e-01 -1.4540e+00 +4.4562e+00 +2.0303e-02 +2.8173e+00
343 0 +1.487720594e+01 -1.045327941e+02 -1.045327941e+02 -1.1257e-02 +6.5544e-02 +2.7245e+00 -3.0140e-01 +2.9389e+00 +5.1189e-01 -1.6080e+00 +4.3340e+00 +2.4597e-01 +2.8284e+00
368 0 +1.478487764e+01 -1.046251224e+02 -1.046251224e+02 -1.6131e-01 -1.6173e-02 +2.7381e+00 -6.2116e-02 +3.0178e+00 +5.7000e-01 -1.5769e+00 +4.2203e+00 +2.3457e-01 +2.8159e+00
1010 0 +1.458490848e+01 -1.048250915e+02 -1.048250915e+02 -1.7498e-01 +1.3954e-01 +2.6906e+00 -5.0510e-02 +2.8918e+00 +5.1838e-01 -1.5838e+00 +4.2742e+00 +6.3576e-02 +2.7199e+00
% f evaluations | g evaluations | best noise-free fitness - Fopt (1.077000000000e+01) + sum g_i+ | measured fitness | best measured fitness or single-digit g-values | x1 | x2...
1 0 +8.061812173e+01 +9.138812173e+01 +9.138812173e+01 +2.1036e-01 +2.9441e-01 -2.7373e-01 +3.5343e-02 -1.7892e-01 +2.8316e-01 -1.1012e-01 +7.0311e-02 +2.9903e-01 -3.1473e-02
5 0 +7.942952055e+01 +9.019952055e+01 +9.019952055e+01 +9.2728e-01 +3.6651e-02 +4.2706e-01 +3.7801e-01 -1.9556e-02 -1.5639e-01 -2.9053e-01 +1.8172e-01 -1.0049e-01 +1.3134e-01
10 0 +7.680071571e+01 +8.757071571e+01 +8.757071571e+01 +3.1625e-01 -7.0632e-02 -5.0777e-01 -7.2180e-02 +1.5302e-01 -4.9708e-01 +3.9579e-01 +4.9129e-02 -1.3418e-01 +1.4869e-01
13 0 +7.537140406e+01 +8.614140406e+01 +8.614140406e+01 +3.5237e-01 +6.9403e-01 -4.8764e-01 +1.6404e-01 +1.9435e-01 -3.9979e-01 +1.3751e-01 +1.2998e-01 -4.8453e-02 +5.2958e-01
31 0 +7.386429655e+01 +8.463429655e+01 +8.463429655e+01 +7.6689e-02 +6.8743e-01 -3.4813e-01 +2.2588e-01 +8.7926e-01 -8.5553e-01 +8.7291e-01 -5.3365e-01 -2.6992e-01 +5.6088e-01
44 0 +7.165715139e+01 +8.242715139e+01 +8.242715139e+01 +1.1966e-01 +4.3473e-01 -3.3181e-01 +2.8484e-01 +9.5683e-03 -1.0373e+00 +7.6260e-01 -2.8312e-01 -7.8223e-01 +7.1330e-01
59 0 +6.976210548e+01 +8.053210548e+01 +8.053210548e+01 +3.7201e-01 +6.4327e-01 -1.0808e+00 +1.1544e-01 -1.9361e-01 -7.4052e-01 +5.8100e-01 -5.0739e-01 -1.1510e+00 +4.8816e-01
61 0 +6.756002312e+01 +7.833002312e+01 +7.833002312e+01 +7.8117e-01 +1.1637e+00 -1.2491e+00 +2.8873e-01 +4.5256e-01 -4.3169e-01 +1.1853e+00 +1.2480e-01 -9.9691e-01 +1.3822e+00
67 0 +6.585908431e+01 +7.662908431e+01 +7.662908431e+01 +1.4730e-01 +8.4970e-01 -1.3616e+00 +8.4678e-01 +3.6755e-01 -1.2037e+00 +1.0492e+00 -1.2928e+00 -1.1928e+00 +2.0794e+00
68 0 +6.326620271e+01 +7.403620271e+01 +7.403620271e+01 +3.0053e-01 +1.4940e+00 -6.2067e-01 +1.1805e-01 -1.4127e-01 -6.0492e-01 +9.5424e-01 -7.6354e-01 -1.5021e+00 +1.0282e+00
72 0 +6.050110784e+01 +7.127110784e+01 +7.127110784e+01 -5.4115e-02 +1.8781e+00 -9.5810e-01 +3.8054e-01 +5.1822e-02 -9.7362e-01 +1.0245e+00 -6.5116e-01 -2.1206e+00 +1.0244e+00
94 0 +5.789729125e+01 +6.866729125e+01 +6.866729125e+01 +6.0054e-01 +1.3398e+00 -2.3326e+00 +4.2396e-01 +1.6781e-01 -5.7855e-02 +1.3079e+00 -6.7163e-01 -2.6253e+00 +2.1289e+00
101 0 +4.902274617e+01 +5.979274617e+01 +5.979274617e+01 +9.3453e-02 +2.1319e+00 -1.4229e+00 +8.8951e-01 +5.0864e-02 -1.2448e+00 +1.5498e+00 -1.2180e+00 -2.4528e+00 +1.7960e+00
121 0 +4.707069246e+01 +5.784069246e+01 +5.784069246e+01 +5.3349e-01 +2.7675e+00 -1.2101e+00 +7.5801e-01 -5.5961e-02 -1.0794e+00 +8.9381e-01 -1.1324e+00 -2.0071e+00 +1.8859e+00
125 0 +3.441497694e+01 +4.518497694e+01 +4.518497694e+01 +2.7197e-01 +3.8167e+00 -2.0040e+00 -5.3569e-03 +7.4410e-01 -7.1999e-01 +1.4961e+00 -1.6487e+00 -2.3468e+00 +2.5647e+00
146 0 +2.993989931e+01 +4.070989931e+01 +4.070989931e+01 +1.4323e+00 +4.4775e+00 -2.1787e+00 -4.3030e-01 +3.9079e-02 +1.0928e+00 +1.9957e+00 -8.0513e-01 -3.7002e+00 +2.6921e+00
157 0 +2.776482037e+01 +3.853482037e+01 +3.853482037e+01 +1.7768e+00 +4.4775e+00 -2.5492e+00 -4.5695e-01 +5.2209e-01 +3.9348e-01 +2.0670e+00 -1.0043e+00 -3.7513e+00 +1.9813e+00
189 0 +2.662589338e+01 +3.739589338e+01 +3.739589338e+01 +1.8537e+00 +4.3284e+00 -1.8377e+00 +4.9424e-01 +6.7306e-01 +3.0280e-01 +2.6813e+00 -1.0331e+00 -4.1670e+00 +1.8528e+00
196 0 +2.231057969e+01 +3.308057969e+01 +3.308057969e+01 +3.0881e+00 +4.5732e+00 -2.4906e+00 -1.9923e-02 -1.5239e-01 +1.1932e+00 +2.1811e+00 -1.3261e+00 -3.9208e+00 +2.8205e+00
214 0 +1.876068910e+01 +2.953068910e+01 +2.953068910e+01 +2.2066e+00 +4.5847e+00 -2.2803e+00 +7.0821e-01 +8.8799e-01 +9.6633e-01 +2.8642e+00 -1.7883e+00 -4.0580e+00 +2.6727e+00
257 0 +1.663088915e+01 +2.740088915e+01 +2.740088915e+01 +1.4684e+00 +4.7631e+00 -1.9403e+00 -6.2904e-01 +3.1963e-01 +1.6332e+00 +2.7636e+00 -2.7972e+00 -4.0060e+00 +2.3068e+00
261 0 +1.555492336e+01 +2.632492336e+01 +2.632492336e+01 +1.6411e+00 +5.0930e+00 -1.8454e+00 +2.2885e-01 +2.8617e-01 +9.5549e-01 +2.7190e+00 -2.8556e+00 -3.8376e+00 +2.7707e+00
337 0 +1.492462785e+01 +2.569462785e+01 +2.569462785e+01 +2.0105e+00 +3.9054e+00 -2.4145e+00 +4.6083e-01 +5.8760e-01 +7.7307e-01 +2.7306e+00 -2.6854e+00 -4.1128e+00 +2.9152e+00
359 0 +1.407569011e+01 +2.484569011e+01 +2.484569011e+01 +1.6682e+00 +4.5330e+00 -2.5534e+00 +2.1002e-01 +6.8462e-01 +4.4284e-01 +2.8566e+00 -3.3898e+00 -4.2841e+00 +2.7836e+00
372 0 +1.159236700e+01 +2.236236700e+01 +2.236236700e+01 +1.2554e+00 +4.4211e+00 -2.3414e+00 -1.3479e-01 +5.1640e-01 +1.0357e+00 +2.9665e+00 -3.3373e+00 -4.4011e+00 +2.5535e+00
387 0 +1.080263333e+01 +2.157263333e+01 +2.157263333e+01 +1.5559e+00 +4.4346e+00 -2.1388e+00 +8.8158e-03 +4.6353e-01 +1.3803e+00 +3.2748e+00 -3.0038e+00 -4.1690e+00 +2.6108e+00
406 0 +1.051497292e+01 +2.128497292e+01 +2.128497292e+01 +1.1614e+00 +4.1025e+00 -2.7448e+00 -3.0160e-01 +2.6020e-01 +1.1099e+00 +3.1342e+00 -3.4545e+00 -4.1105e+00 +2.8907e+00
439 0 +9.968239163e+00 +2.073823916e+01 +2.073823916e+01 +1.3462e+00 +4.3345e+00 -2.6731e+00 -3.3310e-01 +6.5713e-01 +1.0602e+00 +3.2519e+00 -3.0495e+00 -4.2960e+00 +2.7840e+00
448 0 +9.238999521e+00 +2.000899952e+01 +2.000899952e+01 +1.3424e+00 +4.3909e+00 -2.4487e+00 -6.9430e-01 +6.2398e-01 +1.6486e+00 +3.5346e+00 -3.0094e+00 -4.3588e+00 +2.8261e+00
533 0 +9.007633339e+00 +1.977763334e+01 +1.977763334e+01 +1.4073e+00 +4.1412e+00 -2.6044e+00 -9.9175e-01 +5.0181e-01 +1.8540e+00 +3.7926e+00 -3.1538e+00 -4.6043e+00 +2.7643e+00
577 0 +8.860596157e+00 +1.963059616e+01 +1.963059616e+01 +1.1618e+00 +4.3689e+00 -2.5851e+00 -7.0959e-01 +4.1340e-01 +1.7323e+00 +3.8212e+00 -3.0795e+00 -4.6322e+00 +2.7386e+00
1010 0 +8.743186508e+00 +1.951318651e+01 +1.951318651e+01 +1.0004e+00 +4.2957e+00 -2.4420e+00 -8.1617e-01 +3.9056e-01 +1.8115e+00 +3.9650e+00 -3.0270e+00 -4.7216e+00 +2.8525e+00
% f evaluations | g evaluations | best noise-free fitness - Fopt (2.137000000000e+01) + sum g_i+ | measured fitness | best measured fitness or single-digit g-values | x1 | x2...
1 0 +8.308897288e+01 +1.044589729e+02 +1.044589729e+02 +1.0146e-01 -2.0752e-01 +3.7854e-02 +2.6843e-02 +7.6226e-02 +2.2362e-01 -1.6225e-01 -1.7046e-01 -2.8986e-01 +2.0760e-01
5 0 +8.278402022e+01 +1.041540202e+02 +1.041540202e+02 +4.2593e-01 +3.4201e-01 -1.7612e-01 -1.2308e-01 -1.8118e-02 +2.4225e-01 -1.6212e-02 -2.1533e-01 -3.2815e-01 -9.6147e-02
17 0 +8.104097000e+01 +1.024109700e+02 +1.024109700e+02 +2.0167e-01 -5.6610e-01 -5.7417e-01 -3.2707e-01 -2.6915e-01 +5.8710e-01 -8.9872e-01 -5.2555e-01 -4.4597e-01 +6.0740e-01
22 0 +7.903535834e+01 +1.004053583e+02 +1.004053583e+02 +4.5092e-01 -8.0037e-01 +2.1622e-02 -5.3183e-02 -5.7192e-01 +6.2467e-01 -7.0155e-01 -9.9888e-01 -5.4849e-01 +5.9299e-01
43 0 +7.541764581e+01 +9.678764581e+01 +9.678764581e+01 +1.1120e-01 -5.3205e-01 -6.7421e-01 -1.1051e+00 -6.0421e-01 +2.7778e-01 -9.1530e-01 -1.4144e+00 -8.0469e-01 +7.6319e-01
52 0 +7.125170858e+01 +9.262170858e+01 +9.262170858e+01 +2.8660e-01 -1.4807e+00 -7.8299e-01 -9.7768e-01 -1.4176e+00 +2.0439e-01 -1.0571e+00 -1.5413e+00 -8.9158e-01 +6.0470e-01
54 0 +7.012706544e+01 +9.149706544e+01 +9.149706544e+01 +4.5136e-01 -8.6145e-01 -3.8939e-01 -8.3568e-01 -1.4886e+00 +2.9032e-01 -1.0616e+00 -1.5801e+00 -9.8719e-01 +7.1750e-01
61 0 +6.096558606e+01 +8.233558606e+01 +8.233558606e+01 +5.2339e-01 -1.7146e+00 -1.3569e+00 -1.1493e+00 -1.6639e+00 -3.4597e-01 -9.8908e-01 -1.7414e+00 -1.5984e+00 +1.6522e-01
66 0 +5.576583260e+01 +7.713583260e+01 +7.713583260e+01 -2.1823e-01 -4.3871e-01 -1.6134e+00 -5.9809e-01 -2.0100e+00 +3.3053e-01 -1.4490e+00 -1.4384e+00 -1.7810e+00 +6.7593e-02
73 0 +3.859814842e+01 +5.996814842e+01 +5.996814842e+01 +1.1121e-01 -9.6058e-01 -3.5590e-01 -5.8171e-01 -2.3364e+00 -9.6818e-02 -1.0630e+00 -2.4427e+00 -1.9421e+00 +1.5478e-02
94 0 +3.623163597e+01 +5.760163597e+01 +5.760163597e+01 -3.1353e-02 -1.1849e+00 -1.8634e+00 +3.5904e-01 -2.0729e+00 +1.0877e+00 -1.0600e+00 -2.3700e+00 -2.6580e+00 -3.5818e-01
97 0 +3.500744414e+01 +5.637744414e+01 +5.637744414e+01 -2.2491e-01 -1.3476e+00 -1.2499e+00 -2.2405e-01 -2.6743e+00 +2.8110e-01 -2.4852e+00 -2.8353e+00 -1.8043e+00 -6.9789e-01
106 0 +3.161961239e+01 +5.298961239e+01 +5.298961239e+01 -4.0866e-01 +1.8016e-01 -2.5737e+00 -2.1727e-01 -2.6209e+00 +5.2027e-01 -3.1896e+00 -3.0923e+00 -2.1295e+00 -6.5609e-01
110 0 +2.068368509e+01 +4.205368509e+01 +4.205368509e+01 +8.8771e-01 -7.8829e-01 -9.2552e-01 -7.8363e-01 -3.1640e+00 -3.2446e-01 -7.9493e-01 -3.2350e+00 -2.3260e+00 -6.4760e-01
118 0 +1.943133394e+01 +4.080133394e+01 +4.080133394e+01 -6.4894e-01 -5.6499e-01 -1.1439e+00 -4.7779e-01 -3.3031e+00 +6.1210e-01 -9.9570e-01 -3.3227e+00 -2.8298e+00 -4.4636e-01
124 0 +1.817940466e+01 +3.954940466e+01 +3.954940466e+01 +1.1051e+00 -1.4805e+00 -2.2089e+00 -1.0870e+00 -3.3953e+00 +4.9577e-01 -2.0103e+00 -4.5148e+00 -3.4014e+00 -1.5021e+00
168 0 +1.592918037e+01 +3.729918037e+01 +3.729918037e+01 -1.2764e-01 -2.4113e+00 -2.0923e+00 -3.7631e-01 -4.2896e+00 +2.5273e-01 -1.2039e+00 -4.4866e+00 -3.0408e+00 -1.5472e+00
174 0 +1.529800320e+01 +3.666800320e+01 +3.666800320e+01 -3.8896e-02 -1.6429e+00 -2.0577e+00 -7.5678e-01 -3.9764e+00 +3.2960e-01 -9.3701e-01 -4.2668e+00 -3.4741e+00 -9.3680e-01
178 0 +1.378829438e+01 +3.515829438e+01 +3.515829438e+01 -5.7657e-01 -9.9948e-01 -1.9327e+00 -5.4251e-01 -3.5965e+00 -2.6492e-01 -8.1038e-01 -4.4469e+00 -1.9368e+00 -1.4484e+00
185 0 +1.020165722e+01 +3.157165722e+01 +3.157165722e+01 -7.9345e-01 -1.0193e+00 -2.4882e+00 +5.5725e-03 -3.6304e+00 +8.0222e-01 -1.5246e+00 -3.9513e+00 -2.5415e+00 -1.6455e+00
222 0 +9.259730605e+00 +3.062973061e+01 +3.062973061e+01 -1.2188e-01 -1.4305e+00 -2.8771e+00 +4.1106e-02 -3.9112e+00 +5.1991e-01 -8.7860e-01 -3.7849e+00 -3.6849e+00 -1.2422e+00
235 0 +8.884420770e+00 +3.025442077e+01 +3.025442077e+01 -1.4373e-01 -1.8108e+00 -2.0041e+00 -3.1272e-01 -3.8317e+00 +5.2272e-02 -1.0777e+00 -3.7409e+00 -2.8232e+00 -1.5074e+00
242 0 +8.438201719e+00 +2.980820172e+01 +2.980820172e+01 +3.9949e-02 -1.1783e+00 -2.2684e+00 -5.9780e-01 -3.4697e+00 +2.3231e-01 -6.3464e-01 -3.8791e+00 -2.9721e+00 -1.1144e+00
260 0 +8.154953288e+00 +2.952495329e+01 +2.952495329e+01 -3.3331e-01 -1.7445e+00 -2.0328e+00 -2.6192e-01 -3.5821e+00 +4.3754e-01 -2.2626e-01 -3.5628e+00 -3.0525e+00 -1.4925e+00
275 0 +8.019668930e+00 +2.938966893e+01 +2.938966893e+01 -7.0352e-02 -1.2578e+00 -2.9605e+00 -5.0187e-01 -3.7509e+00 +2.7277e-01 -7.8035e-01 -3.7706e+00 -2.9920e+00 -1.6266e+00
281 0 +7.699524456e+00 +2.906952446e+01 +2.906952446e+01 -2.6427e-02 -1.2852e+00 -2.9602e+00 -9.4547e-02 -3.6937e+00 +5.5278e-01 -1.2444e+00 -3.5451e+00 -3.2512e+00 -1.6394e+00
404 0 +7.531153876e+00 +2.890115388e+01 +2.890115388e+01 -1.0454e-01 -1.0196e+00 -2.9575e+00 -5.7757e-01 -3.7438e+00 +1.6640e-01 -7.0932e-01 -3.4146e+00 -3.1537e+00 -1.2097e+00
475 0 +7.379706343e+00 +2.874970634e+01 +2.874970634e+01 -1.0399e-01 -8.9783e-01 -3.0021e+00 -3.5389e-02 -3.8739e+00 +2.3971e-01 -6.4166e-01 -3.2681e+00 -3.1836e+00 -1.3261e+00
1010 0 +7.271689595e+00 +2.864168959e+01 +2.864168959e+01 +1.0081e-01 -9.1905e-01 -2.9471e+00 -1.6809e-01 -3.7829e+00 +1.1936e-01 -6.3181e-01 -3.0179e+00 -3.1917e+00 -1.1578e+00
% f evaluations | g evaluations | best noise-free fitness - Fopt (1.673000000000e+01) + sum g_i+ | measured fitness | best measured fitness or single-digit g-values | x1 | x2...
1 0 +7.991173493e+01 +9.664173493e+01 +9.664173493e+01 -1.8432e-01 +6.3734e-02 -3.0161e-01 +1.1930e-02 +1.1923e-01 -3.2342e-01 -1.3113e-01 -2.4483e-01 +9.8615e-02 -4.3450e-02
2 0 +7.972927333e+01 +9.645927333e+01 +9.645927333e+01 +3.9655e-01 -4.5492e-02 -1.1578e-01 +3.0397e-01 -1.3444e-01 +2.8361e-01 +4.0497e-01 -1.9353e-01 +1.0023e-01 +1.8736e-02
11 0 +7.699167673e+01 +9.372167673e+01 +9.372167673e+01 -1.9038e-01 +7.5608e-01 +2.0894e-02 +8.4221e-01 -3.3580e-02 +4.3698e-01 +4.2597e-01 -7.2372e-01 -1.8300e-01 -1.7209e-01
23 0 +7.384833765e+01 +9.057833765e+01 +9.057833765e+01 -4.3001e-01 +4.5966e-01 -6.9318e-02 +4.4082e-01 +4.3690e-01 +1.7906e-01 -2.5570e-01 -2.4729e-01 -4.0953e-01 -8.0061e-01
41 0 +7.169518887e+01 +8.842518887e+01 +8.842518887e+01 +1.1495e-01 +9.8404e-01 +3.3386e-01 +6.6212e-01 +3.9570e-01 +9.2707e-01 +6.2906e-02 -3.1065e-01 -5.5518e-01 -6.4985e-01
56 0 +7.055658708e+01 +8.728658708e+01 +8.728658708e+01 -6.2900e-01 +7.8500e-02 +4.2871e-01 +4.7279e-01 +1.0817e+00 +4.1252e-01 -2.6687e-01 +2.5778e-01 -3.5936e-01 -1.7742e+00
61 0 +6.758795730e+01 +8.431795730e+01 +8.431795730e+01 -9.4012e-01 +4.6518e-01 +1.5948e-02 +4.7279e-01 +2.0431e+00 +9.3836e-02 -1.8841e-01 -4.0385e-01 -2.1209e-01 -1.8424e+00
71 0 +6.260489683e+01 +7.933489683e+01 +7.933489683e+01 -2.8894e-01 +8.9868e-01 +1.0307e+00 +9.4341e-01 +1.4604e+00 +4.2122e-01 -8.2556e-01 -8.5094e-01 -3.0669e-01 -2.0303e+00
95 0 +6.122304822e+01 +7.795304822e+01 +7.795304822e+01 -2.9103e-01 +1.8330e+00 +7.2879e-01 +8.4094e-01 +1.4130e+00 +1.0414e-01 -6.6034e-01 -1.3104e+00 +5.1182e-01 -2.8943e+00
99 0 +5.729073044e+01 +7.402073044e+01 +7.402073044e+01 +2.5115e-01 +9.8562e-01 +4.7523e-01 +8.6905e-01 +7.6103e-01 +2.1236e-01 -3.6281e-01 -4.5965e-01 -1.0501e+00 -2.2586e+00
103 0 +4.308927625e+01 +5.981927625e+01 +5.981927625e+01 +8.9380e-01 +1.0708e+00 +4.7887e-01 +1.2098e+00 +1.9738e+00 -5.7650e-01 -5.8132e-01 -1.8774e+00 -6.9157e-01 -2.2003e+00
110 0 +3.630611290e+01 +5.303611290e+01 +5.303611290e+01 +3.2428e-01 +1.2188e+00 +7.2304e-02 +1.3458e+00 +1.0556e+00 +6.6425e-01 -8.7745e-01 -6.8643e-01 -1.1377e+00 -3.4600e+00
114 0 +2.123410460e+01 +3.796410460e+01 +3.796410460e+01 +8.8417e-01 +1.6119e+00 -8.9081e-02 +9.2753e-01 +2.2723e+00 +5.2001e-01 -3.4204e-01 -1.4100e+00 -1.3991e+00 -2.4116e+00
121 0 +2.071581725e+01 +3.744581725e+01 +3.744581725e+01 +4.8624e-01 +3.1419e-01 +1.4245e+00 +2.3054e-01 +2.6231e+00 +5.8504e-01 +2.0631e-01 -2.0016e+00 -2.5003e+00 -3.3098e+00
122 0 +1.814225991e+01 +3.487225991e+01 +3.487225991e+01 +6.8864e-01 +3.8813e-01 -9.9672e-02 +4.2203e-01 +2.0268e+00 +7.4850e-01 -3.0320e-01 -1.8858e+00 -1.7473e+00 -3.0040e+00
133 0 +1.077089226e+01 +2.750089226e+01 +2.750089226e+01 +1.1344e+00 +5.2195e-01 -1.5659e-01 +4.4781e-01 +3.1737e+00 +7.8574e-01 -1.7655e-01 -2.5594e+00 -1.2867e+00 -3.7993e+00
161 0 +9.808413294e+00 +2.653841329e+01 +2.653841329e+01 +1.1201e+00 +2.2785e+00 -8.4264e-01 -8.0030e-02 +2.8516e+00 +9.9475e-01 +2.8220e-01 -2.1287e+00 -2.4416e+00 -2.8887e+00
168 0 +9.005998257e+00 +2.573599826e+01 +2.573599826e+01 +2.2566e+00 +1.8379e+00 -7.0733e-01 +3.8212e-01 +3.0170e+00 +6.9733e-01 -8.1018e-01 -3.8474e+00 -2.1014e+00 -2.9141e+00
223 0 +7.569995132e+00 +2.429999513e+01 +2.429999513e+01 +1.3700e+00 +1.0301e+00 +9.5739e-02 +7.3429e-01 +2.7700e+00 +1.8671e+00 +6.9841e-01 -3.1882e+00 -2.3809e+00 -3.8022e+00
253 0 +6.751211989e+00 +2.348121199e+01 +2.348121199e+01 +1.1668e+00 +1.4094e+00 -8.5979e-02 -3.7766e-01 +2.2016e+00 +2.2685e+00 +3.5217e-01 -2.3941e+00 -3.0628e+00 -3.9026e+00
261 0 +6.388247573e+00 +2.311824757e+01 +2.311824757e+01 +1.8175e+00 +1.6870e+00 +1.3657e-02 -4.0361e-01 +2.8137e+00 +1.5669e+00 -4.7880e-02 -2.5895e+00 -2.8266e+00 -4.2109e+00
300 0 +5.663297038e+00 +2.239329704e+01 +2.239329704e+01 +1.2343e+00 +1.2385e+00 +3.4672e-01 -5.0417e-01 +3.1072e+00 +1.6636e+00 -2.5131e-01 -3.1978e+00 -2.2656e+00 -3.7498e+00
335 0 +5.425645158e+00 +2.215564516e+01 +2.215564516e+01 +1.2263e+00 +1.3535e+00 +2.7022e-01 -3.2820e-01 +2.0618e+00 +2.2014e+00 -2.3368e-01 -3.3366e+00 -2.6554e+00 -3.7970e+00
340 0 +4.731283678e+00 +2.146128368e+01 +2.146128368e+01 +1.1265e+00 +1.5351e+00 +3.7455e-01 -3.9747e-01 +2.6510e+00 +1.9312e+00 -4.0268e-01 -3.2392e+00 -2.5431e+00 -3.0984e+00
342 0 +4.549980702e+00 +2.127998070e+01 +2.127998070e+01 +1.4444e+00 +1.3901e+00 +1.5320e-01 -1.7720e-01 +2.0977e+00 +1.6826e+00 +1.4532e-02 -3.0300e+00 -2.4596e+00 -3.6736e+00
344 0 +3.826178209e+00 +2.055617821e+01 +2.055617821e+01 +1.2130e+00 +1.6982e+00 +2.4909e-01 +1.4595e-01 +2.9115e+00 +1.8583e+00 -4.8935e-02 -3.4796e+00 -2.2426e+00 -3.4199e+00
351 0 +3.615422395e+00 +2.034542239e+01 +2.034542239e+01 +1.5522e+00 +1.8006e+00 +4.6330e-01 +1.6274e-01 +2.7213e+00 +1.6645e+00 -3.9487e-01 -3.3922e+00 -2.3138e+00 -3.2678e+00
371 0 +2.889031013e+00 +1.961903101e+01 +1.961903101e+01 +1.5452e+00 +1.6615e+00 -4.9221e-02 -1.6547e-01 +2.5743e+00 +1.8233e+00 -2.3242e-01 -3.4531e+00 -2.4887e+00 -3.5766e+00
413 0 +2.869277897e+00 +1.959927790e+01 +1.959927790e+01 +1.3745e+00 +1.6997e+00 -7.0788e-02 -1.4529e-01 +2.8845e+00 +1.8368e+00 -1.4599e-01 -3.2878e+00 -2.4453e+00 -3.5675e+00
440 0 +2.781494434e+00 +1.951149443e+01 +1.951149443e+01 +1.3646e+00 +1.8196e+00 +1.5810e-01 +6.4447e-02 +2.4941e+00 +1.8122e+00 -1.5356e-01 -3.0100e+00 -2.6827e+00 -3.5205e+00
462 0 +2.740778001e+00 +1.947077800e+01 +1.947077800e+01 +1.4760e+00 +1.7589e+00 +1.1210e-01 +7.7319e-03 +2.6582e+00 +1.7897e+00 -1.3541e-01 -2.9245e+00 -2.5679e+00 -3.6034e+00
540 0 +2.683176306e+00 +1.941317631e+01 +1.941317631e+01 +1.4840e+00 +1.7041e+00 +1.5107e-01 -8.2841e-03 +2.6953e+00 +1.6517e+00 -1.6083e-01 -3.1318e+00 -2.7402e+00 -3.4936e+00
574 0 +2.618302345e+00 +1.934830235e+01 +1.934830235e+01 +1.4717e+00 +1.7849e+00 +6.5377e-02 +4.0220e-02 +2.8388e+00 +1.7956e+00 -2.9198e-01 -3.1628e+00 -2.6404e+00 -3.4617e+00
1010 0 +2.590593080e+00 +1.932059308e+01 +1.932059308e+01 +1.4384e+00 +1.7611e+00 +4.2399e-02 +1.4787e-02 +2.7213e+00 +1.7934e+00 -2.8269e-01 -3.1456e+00 -2.6416e+00 -3.4848e+00
% f evaluations | g evaluations | best noise-free fitness - Fopt (1.000000000000e+03) + sum g_i+ | measured fitness | best measured fitness or single-digit g-values | x1 | x2...
1 0 +7.636405661e+01 +1.076364057e+03 +1.076364057e+03 -1.5650e-01 -3.2636e-01 -7.1495e-02 -2.0361e-01 +3.5578e-02 +4.1250e-02 -8.4374e-02 -1.6785e-01 +2.6791e-01 -1.6240e-01
4 0 +6.835631412e+01 +1.068356314e+03 +1.068356314e+03 -4.3565e-01 -3.0175e-01 +1.7263e-01 -2.7068e-01 -4.6919e-01 +4.3525e-01 +1.0223e-02 -2.9143e-01 +5.4120e-02 -1.5543e-01
24 0 +6.126842591e+01 +1.061268426e+03 +1.061268426e+03 -1.0136e+00 -1.1518e-01 +5.7811e-01 +1.2028e-01 -3.2280e-01 -1.3468e-03 -6.9327e-02 -3.0910e-01 -9.3741e-01 +2.0935e-02
51 0 +3.244077772e+01 +1.032440778e+03 +1.032440778e+03 -9.7834e-01 +2.8664e-01 +1.0069e+00 -1.1915e-02 -8.8264e-01 +1.8181e-01 -1.4261e-01 -1.1699e+00 -1.3063e+00 +8.6791e-01
52 0 +2.921458680e+01 +1.029214587e+03 +1.029214587e+03 -1.1897e+00 -2.7815e-01 +1.2262e+00 +7.4701e-01 -7.6211e-02 -1.7926e-02 -7.2230e-01 -1.5431e+00 -1.2491e+00 +5.1973e-01
56 0 +2.187404516e+01 +1.021874045e+03 +1.021874045e+03 -1.5375e+00 -1.2261e-01 +9.3279e-01 -1.2909e-01 -1.2029e-01 -5.3088e-01 -2.3131e-01 -1.5027e+00 -1.4208e+00 +1.1078e-01
61 0 +1.736953416e+01 +1.017369534e+03 +1.017369534e+03 -1.5097e+00 -3.1423e-01 +5.6321e-01 +2.1127e-01 -6.5082e-01 -1.1383e+00 -3.9027e-01 -1.7407e+00 -1.5720e+00 +3.0071e-01
69 0 +1.378186849e+01 +1.013781868e+03 +1.013781868e+03 -1.2568e+00 -3.0848e-01 +1.1063e+00 +9.1437e-01 -2.0711e-01 -7.4479e-01 +6.5230e-02 -1.9710e+00 -1.2807e+00 +3.9319e-01
93 0 +9.922933964e+00 +1.009922934e+03 +1.009922934e+03 -1.8032e+00 -9.0213e-01 +4.7409e-01 -2.2941e-01 -2.5639e-01 +2.0986e-01 +8.3578e-01 -2.1732e+00 -1.3341e+00 +6.2232e-01
125 0 +9.713208687e+00 +1.009713209e+03 +1.009713209e+03 -1.8727e+00 -1.6674e-01 +6.1166e-01 +3.6336e-01 -1.9290e-01 -3.6356e-01 +4.2639e-01 -1.9508e+00 -1.8627e+00 +7.9231e-01
127 0 +7.441024502e+00 +1.007441025e+03 +1.007441025e+03 -2.9135e+00 -1.2157e+00 -3.2437e-02 +9.4688e-01 +2.5078e-01 -2.5080e-01 +1.3329e+00 -2.4420e+00 -1.5872e+00 +1.4594e+00
132 0 +6.499011822e+00 +1.006499012e+03 +1.006499012e+03 -2.1322e+00 -4.0903e-01 -1.1371e-01 +3.0570e-01 +5.8748e-02 -5.5884e-01 +1.5044e+00 -2.1931e+00 -1.5845e+00 +6.0654e-01
152 0 +2.236277173e+00 +1.002236277e+03 +1.002236277e+03 -2.1403e+00 -1.2997e+00 +5.5629e-01 +9.9100e-01 +4.9283e-01 -2.8818e-01 +1.6462e+00 -1.7993e+00 -1.9264e+00 +5.1948e-01
261 0 +1.953841988e+00 +1.001953842e+03 +1.001953842e+03 -2.2799e+00 -1.2018e+00 +4.8351e-01 +9.4288e-01 +7.2853e-01 +3.4663e-01 +2.2656e+00 -2.8454e+00 -1.8573e+00 +1.1262e+00
355 0 +1.618997829e+00 +1.001618998e+03 +1.001618998e+03 -1.7019e+00 -9.5310e-01 -2.0087e-01 +8.1020e-01 +2.9684e-01 +4.9355e-02 +1.4507e+00 -2.8281e+00 -1.1899e+00 +1.8713e+00
365 0 +1.433019567e+00 +1.001433020e+03 +1.001433020e+03 -2.0254e+00 -9.6362e-01 -1.6743e-01 +8.1662e-01 +5.4462e-01 +1.8160e-02 +1.4754e+00 -3.0007e+00 -1.2603e+00 +1.9060e+00
399 0 +1.241444019e+00 +1.001241444e+03 +1.001241444e+03 -1.8924e+00 -1.0284e+00 -6.7648e-02 +1.0348e+00 +5.0343e-01 -3.0321e-01 +1.6199e+00 -2.9529e+00 -1.1427e+00 +1.5626e+00
408 0 +7.457072125e-01 +1.000745707e+03 +1.000745707e+03 -1.6943e+00 -1.0982e+00 +1.6304e-01 +9.5192e-01 +4.3733e-01 +1.0148e-02 +1.5684e+00 -2.7691e+00 -9.6330e-01 +1.3302e+00
443 0 +7.217186147e-01 +1.000721719e+03 +1.000721719e+03 -1.6822e+00 -1.3295e+00 +2.1748e-01 +9.9315e-01 +4.7865e-01 +1.4020e-01 +1.6606e+00 -2.7744e+00 -9.8623e-01 +1.2373e+00
448 0 +6.989677399e-01 +1.000698968e+03 +1.000698968e+03 -1.7580e+00 -1.5708e+00 +2.4035e-02 +1.1162e+00 +4.8076e-01 +2.6164e-01 +1.7927e+00 -2.5766e+00 -1.2221e+00 +1.7041e+00
471 0 +5.668334537e-01 +1.000566833e+03 +1.000566833e+03 -1.6752e+00 -1.3738e+00 +1.0661e-01 +1.0840e+00 +6.4629e-01 +1.6900e-02 +1.6292e+00 -2.7919e+00 -1.0930e+00 +1.5503e+00
487 0 +5.435355407e-01 +1.000543536e+03 +1.000543536e+03 -1.5879e+00 -1.6289e+00 +5.0948e-01 +1.3259e+00 +4.6717e-01 +2.7026e-01 +1.5665e+00 -2.5851e+00 -1.0505e+00 +1.5200e+00
504 0 +5.224805573e-01 +1.000522481e+03 +1.000522481e+03 -1.1185e+00 -1.5086e+00 +3.5080e-01 +1.8107e+00 +6.8425e-01 -2.3770e-01 +1.6029e+00 -2.9462e+00 -2.0231e-01 +1.1986e+00
512 0 +5.013146553e-01 +1.000501315e+03 +1.000501315e+03 -1.5342e+00 -1.7055e+00 +4.5713e-01 +1.6932e+00 +8.9902e-01 -8.4382e-02 +1.6430e+00 -2.8404e+00 -6.2700e-01 +1.3062e+00
536 0 +4.904322496e-01 +1.000490432e+03 +1.000490432e+03 -1.4763e+00 -1.6591e+00 +7.1977e-01 +1.4040e+00 +6.6656e-01 +4.1180e-01 +1.7081e+00 -2.8145e+00 -5.0936e-01 +1.0514e+00
542 0 +3.470096055e-01 +1.000347010e+03 +1.000347010e+03 -1.5530e+00 -1.6886e+00 +6.7703e-01 +1.4234e+00 +8.9917e-01 +3.5228e-01 +1.6973e+00 -2.8020e+00 -7.2321e-01 +1.1162e+00
571 0 +3.229104391e-01 +1.000322910e+03 +1.000322910e+03 -1.5220e+00 -1.5883e+00 +8.2302e-01 +1.4345e+00 +1.1447e+00 +2.0492e-01 +1.6032e+00 -2.8668e+00 -4.7329e-01 +8.1021e-01
579 0 +3.072735315e-01 +1.000307274e+03 +1.000307274e+03 -1.5430e+00 -1.9474e+00 +8.0978e-01 +1.6631e+00 +1.1559e+00 -4.4088e-02 +1.5972e+00 -2.7841e+00 -3.4815e-01 +7.1062e-01
585 0 +2.501588170e-01 +1.000250159e+03 +1.000250159e+03 -1.6028e+00 -1.6796e+00 +9.9186e-01 +1.5944e+00 +1.0166e+00 +1.7193e-01 +1.8135e+00 -2.8745e+00 -4.9700e-01 +5.6984e-01
587 0 +2.035733039e-01 +1.000203573e+03 +1.000203573e+03 -1.4939e+00 -1.7918e+00 +9.1513e-01 +1.5573e+00 +1.2004e+00 +3.6080e-01 +1.7938e+00 -3.0104e+00 -3.3113e-01 +8.1152e-01
591 0 +1.653026961e-01 +1.000165303e+03 +1.000165303e+03 -1.4931e+00 -1.9391e+00 +1.0356e+00 +1.7835e+00 +1.1777e+00 +8.7105e-02 +1.9778e+00 -2.7784e+00 -3.7978e-01 +5.2369e-01
614 0 +1.263958092e-01 +1.000126396e+03 +1.000126396e+03 -1.5090e+00 -1.8118e+00 +1.0568e+00 +1.7690e+00 +1.4911e+00 +7.4633e-02 +1.9866e+00 -2.9502e+00 -2.9811e-01 +3.4972e-01
638 0 +1.225601220e-01 +1.000122560e+03 +1.000122560e+03 -1.5032e+00 -1.9435e+00 +1.0022e+00 +1.8419e+00 +1.4384e+00 +7.3917e-02 +2.0605e+00 -2.9096e+00 -5.3992e-01 +5.0859e-01
657 0 +1.013057821e-01 +1.000101306e+03 +1.000101306e+03 -1.6153e+00 -1.9312e+00 +1.1834e+00 +1.8471e+00 +1.5711e+00 +2.5617e-01 +2.1946e+00 -2.9417e+00 -4.6070e-01 +3.9429e-01
684 0 +7.726179629e-02 +1.000077262e+03 +1.000077262e+03 -1.6661e+00 -1.9688e+00 +1.3121e+00 +1.7677e+00 +1.5577e+00 +3.2627e-01 +2.3143e+00 -2.8924e+00 -6.6303e-01 +2.3647e-01
696 0 +7.047055484e-02 +1.000070471e+03 +1.000070471e+03 -1.7245e+00 -2.0930e+00 +1.2872e+00 +1.7188e+00 +1.7816e+00 +2.7094e-01 +2.4009e+00 -2.8227e+00 -7.3562e-01 +3.2034e-02
701 0 +6.889644313e-02 +1.000068896e+03 +1.000068896e+03 -1.6521e+00 -2.0456e+00 +1.2117e+00 +1.5919e+00 +1.5485e+00 +4.3159e-01 +2.3176e+00 -2.8042e+00 -6.9547e-01 +3.3941e-01
710 0 +6.726318120e-02 +1.000067263e+03 +1.000067263e+03 -1.6143e+00 -2.2388e+00 +1.4935e+00 +1.7493e+00 +1.6961e+00 +5.5753e-01 +2.4216e+00 -2.8690e+00 -7.2743e-01 +1.2943e-01
711 0 +6.542885428e-02 +1.000065429e+03 +1.000065429e+03 -1.6720e+00 -2.3783e+00 +1.4687e+00 +1.5627e+00 +1.6163e+00 +7.7125e-01 +2.2607e+00 -2.6958e+00 -8.3145e-01 +3.3077e-01
717 0 +6.016774180e-02 +1.000060168e+03 +1.000060168e+03 -1.7208e+00 -2.2582e+00 +1.4485e+00 +1.8068e+00 +1.6416e+00 +5.2262e-01 +2.4113e+00 -2.7254e+00 -8.3554e-01 +1.3969e-01
719 0 +5.494633079e-02 +1.000054946e+03 +1.000054946e+03 -1.6191e+00 -2.5789e+00 +1.3462e+00 +1.7952e+00 +1.7065e+00 +5.8961e-01 +2.6947e+00 -2.7561e+00 -9.9806e-01 +3.6244e-01
723 0 +3.883465129e-02 +1.000038835e+03 +1.000038835e+03 -1.5985e+00 -2.3612e+00 +1.4850e+00 +1.7673e+00 +1.6953e+00 +6.4580e-01 +2.7244e+00 -2.7623e+00 -1.0357e+00 +3.0914e-01
730 0 +3.507677325e-02 +1.000035077e+03 +1.000035077e+03 -1.6631e+00 -2.3533e+00 +1.2590e+00 +1.6302e+00 +1.6098e+00 +5.8276e-01 +2.5793e+00 -2.5664e+00 -1.0977e+00 +4.3778e-01
747 0 +2.975768400e-02 +1.000029758e+03 +1.000029758e+03 -1.7240e+00 -2.5076e+00 +1.3068e+00 +1.7114e+00 +1.6012e+00 +6.6595e-01 +2.8015e+00 -2.5097e+00 -1.3621e+00 +6.3589e-01
753 0 +2.278244992e-02 +1.000022782e+03 +1.000022782e+03 -1.7952e+00 -2.6868e+00 +1.5013e+00 +1.7841e+00 +1.6686e+00 +6.0901e-01 +2.6815e+00 -2.4639e+00 -1.3342e+00 +3.6342e-01
782 0 +1.346143514e-02 +1.000013461e+03 +1.000013461e+03 -1.8825e+00 -2.9401e+00 +1.6988e+00 +1.8918e+00 +2.0808e+00 +6.1653e-01 +2.8005e+00 -2.4370e+00 -1.3803e+00 +4.2053e-02
845 0 +6.774712611e-03 +1.000006775e+03 +1.000006775e+03 -1.6323e+00 -2.8494e+00 +1.7249e+00 +1.9328e+00 +2.0807e+00 +7.3424e-01 +3.0120e+00 -2.5695e+00 -1.1380e+00 +4.6965e-02
905 0 +6.467384159e-03 +1.000006467e+03 +1.000006467e+03 -1.6792e+00 -2.9093e+00 +1.6715e+00 +1.8905e+00 +1.8717e+00 +7.4622e-01 +2.7896e+00 -2.4008e+00 -1.3273e+00 +2.1408e-01
914 0 +6.408819027e-03 +1.000006409e+03 +1.000006409e+03 -1.5469e+00 -2.9937e+00 +1.6018e+00 +2.0100e+00 +1.6902e+00 +5.9651e-01 +2.8878e+00 -2.1849e+00 -1.5012e+00 +3.0575e-01
919 0 +6.009785188e-03 +1.000006010e+03 +1.000006010e+03 -1.5536e+00 -2.7727e+00 +1.5888e+00 +1.9586e+00 +1.8491e+00 +6.5467e-01 +2.8832e+00 -2.4453e+00 -1.1903e+00 +2.1097e-01
924 0 +5.310182061e-03 +1.000005310e+03 +1.000005310e+03 -1.7338e+00 -2.9501e+00 +1.6841e+00 +1.9783e+00 +1.9474e+00 +7.3023e-01 +3.0498e+00 -2.3632e+00 -1.2838e+00 +5.9129e-02
925 0 +4.140900079e-03 +1.000004141e+03 +1.000004141e+03 -1.6307e+00 -2.8084e+00 +1.5395e+00 +1.9371e+00 +1.8773e+00 +6.4291e-01 +2.8872e+00 -2.4673e+00 -1.2558e+00 +2.3767e-01
931 0 +3.914905765e-03 +1.000003915e+03 +1.000003915e+03 -1.6185e+00 -2.8243e+00 +1.5913e+00 +1.9300e+00 +1.8816e+00 +6.8302e-01 +2.8747e+00 -2.4886e+00 -1.2921e+00 +2.6609e-01
932 0 +3.623137437e-03 +1.000003623e+03 +1.000003623e+03 -1.5739e+00 -2.9321e+00 +1.7471e+00 +2.0632e+00 +1.9765e+00 +6.8613e-01 +3.0222e+00 -2.3947e+00 -1.3022e+00 +7.7717e-02
948 0 +3.411607652e-03 +1.000003412e+03 +1.000003412e+03 -1.6481e+00 -3.0655e+00 +1.7230e+00 +2.0724e+00 +2.0246e+00 +7.0870e-01 +3.1566e+00 -2.4233e+00 -1.3627e+00 +1.8206e-01
954 0 +3.346123824e-03 +1.000003346e+03 +1.000003346e+03 -1.5861e+00 -3.0576e+00 +1.6117e+00 +1.9672e+00 +1.8698e+00 +6.7924e-01 +3.0288e+00 -2.3042e+00 -1.4695e+00 +2.6360e-01
959 0 +1.791139265e-03 +1.000001791e+03 +1.000001791e+03 -1.6198e+00 -3.1576e+00 +1.5825e+00 +2.1030e+00 +1.9823e+00 +6.1779e-01 +3.2359e+00 -2.3254e+00 -1.6047e+00 +3.7542e-01
1010 0 +1.791139265e-03 +1.000001791e+03 +1.000001791e+03 -1.6198e+00 -3.1576e+00 +1.5825e+00 +2.1030e+00 +1.9823e+00 +6.1779e-01 +3.2359e+00 -2.3254e+00 -1.6047e+00 +3.7542e-01
% f evaluations | g evaluations | best noise-free fitness - Fopt (-1.079600000000e+02) + sum g_i+ | measured fitness | best measured fitness or single-digit g-values | x1 | x2...
1 0 +8.053918677e+01 -2.742081323e+01 -2.742081323e+01 -1.0185e-01 +4.7567e-01 +2.6344e-01 +1.9136e-01 +3.5422e-01 +4.5022e-01 +4.4796e-01 +4.3642e-01 +1.3287e-01 +1.3788e-01
2 0 +8.008191189e+01 -2.787808811e+01 -2.787808811e+01 -1.2632e-02 -1.7716e-01 -7.7752e-03 -5.5744e-01 +9.0284e-02 -3.7801e-01 +1.0811e-01 +4.9161e-01 -6.0018e-01 -4.0828e-02
3 0 +7.923978059e+01 -2.872021941e+01 -2.872021941e+01 +1.4227e-01 +3.2680e-01 -6.3855e-01 -2.3676e-01 +7.3931e-01 +2.6290e-01 -3.0889e-01 -4.3412e-02 -1.4176e-01 +3.5367e-01
6 0 +7.595457045e+01 -3.200542955e+01 -3.200542955e+01 -1.2558e-01 -4.7067e-01 -1.6414e-03 +1.7394e-01 +2.0862e-01 -4.1540e-01 +4.1876e-01 +3.6201e-01 -5.8595e-01 -1.6645e-01
13 0 +7.571743020e+01 -3.224256980e+01 -3.224256980e+01 +1.6621e-01 -6.8444e-02 +4.5464e-02 -7.4842e-01 -7.2893e-01 -1.7900e-02 -2.6139e-02 +9.3922e-02 +2.2128e-02 -1.8825e-01
32 0 +7.332574565e+01 -3.463425435e+01 -3.463425435e+01 +2.8562e-01 -5.6197e-01 +5.7619e-01 -8.6775e-01 -8.2675e-01 -1.7858e-02 -3.4595e-01 -3.0372e-01 +4.0244e-03 +3.8330e-02
35 0 +7.182727771e+01 -3.613272229e+01 -3.613272229e+01 -1.0945e-01 -3.3093e-01 +8.1798e-01 -7.8854e-01 -1.1930e+00 -2.2733e-01 -1.4837e-01 -1.9744e-01 +5.4431e-02 -9.2069e-02
41 0 +6.862529280e+01 -3.933470720e+01 -3.933470720e+01 +3.1049e-01 -2.8471e-01 +7.0542e-01 -8.7315e-01 -1.6554e+00 -6.1928e-01 -3.2906e-01 -8.1270e-01 +1.0651e-01 +1.7347e-01
45 0 +6.740740526e+01 -4.055259474e+01 -4.055259474e+01 -5.4452e-01 -4.5925e-01 +9.6610e-01 -1.0708e+00 -1.7882e+00 -2.0924e-01 -4.6578e-01 -4.6146e-01 -5.3628e-03 -1.9355e-01
52 0 +6.587511325e+01 -4.208488675e+01 -4.208488675e+01 -1.7417e-01 +2.3947e-01 +9.4309e-01 -1.4280e+00 -1.8192e+00 -5.1751e-01 -6.5395e-01 -2.4146e-01 +6.0027e-01 -4.2420e-02
62 0 +5.408014060e+01 -5.387985940e+01 -5.387985940e+01 -4.1955e-01 -3.5952e-01 +7.8634e-01 -1.6079e+00 -2.7801e+00 -1.2550e+00 +4.5100e-02 -1.2566e+00 +1.9513e-01 -1.9956e-01
78 0 +5.029935555e+01 -5.766064445e+01 -5.766064445e+01 -4.1192e-01 +8.1141e-01 +1.3640e+00 -2.9723e+00 -2.2457e+00 -1.4475e+00 -8.9565e-01 -1.4558e+00 +9.4950e-01 +2.2580e-01
93 0 +4.583253250e+01 -6.212746750e+01 -6.212746750e+01 -1.1435e+00 +1.1330e+00 +1.2294e+00 -3.0924e+00 -3.1109e+00 -4.7502e-01 -4.7316e-01 -1.5482e+00 +1.3570e+00 +6.8367e-02
98 0 +3.460204375e+01 -7.335795625e+01 -7.335795625e+01 -1.5913e+00 -8.3809e-01 +1.6205e+00 -3.9603e+00 -3.3916e+00 -2.8055e+00 -1.1260e+00 -6.3817e-01 +1.0216e+00 +6.4847e-01
113 0 +3.328268659e+01 -7.467731341e+01 -7.467731341e+01 -1.5950e+00 -1.1503e+00 +5.4443e-01 -2.7511e+00 -4.8116e+00 -1.9534e+00 -1.2673e+00 -4.5383e-01 +8.2467e-01 +4.7884e-01
118 0 +2.942776652e+01 -7.853223348e+01 -7.853223348e+01 -3.2394e+00 -4.9017e-01 +2.0039e+00 -4.0322e+00 -4.5111e+00 -1.8034e+00 -1.2324e+00 -2.1169e+00 +1.1910e+00 +1.1223e-01
121 0 +2.635256101e+01 -8.160743899e+01 -8.160743899e+01 -1.4957e+00 +6.6342e-01 +1.0820e+00 -2.8107e+00 -4.4076e+00 -2.2932e+00 -1.7413e+00 -2.4379e+00 +1.8898e+00 +1.7440e+00
131 0 +2.142175372e+01 -8.653824628e+01 -8.653824628e+01 -2.7393e+00 -1.0241e+00 +2.2004e+00 -3.1812e+00 -4.6261e+00 -1.4864e+00 -1.3182e+00 -2.2852e+00 +2.4120e+00 +1.5984e+00
168 0 +1.974043032e+01 -8.821956968e+01 -8.821956968e+01 -2.9047e+00 +2.9100e-01 +9.4317e-01 -2.3398e+00 -3.8782e+00 -8.2972e-01 -9.3738e-01 -2.0996e+00 +1.4503e+00 +1.2755e+00
185 0 +1.421411293e+01 -9.374588707e+01 -9.374588707e+01 -3.4385e+00 -7.4197e-01 +7.7832e-01 -2.7432e+00 -4.4089e+00 -2.0868e+00 -6.4535e-01 -2.0764e+00 +2.4580e+00 +2.6104e+00
235 0 +1.387321651e+01 -9.408678349e+01 -9.408678349e+01 -2.5447e+00 -2.4685e-01 +9.0369e-01 -2.0764e+00 -4.4004e+00 -2.0454e+00 -3.2078e-01 -2.2889e+00 +2.0410e+00 +1.6388e+00
237 0 +1.258558542e+01 -9.537441458e+01 -9.537441458e+01 -2.9594e+00 -6.5390e-01 +1.0714e+00 -2.3191e+00 -4.4095e+00 -1.5208e+00 -4.6358e-01 -2.0895e+00 +1.9127e+00 +1.6769e+00
300 0 +1.182603617e+01 -9.613396383e+01 -9.613396383e+01 -2.9168e+00 -5.7775e-01 +9.9079e-01 -2.7016e+00 -4.3353e+00 -1.7438e+00 -2.2322e-01 -2.2328e+00 +1.6193e+00 +1.8253e+00
303 0 +1.170999992e+01 -9.625000008e+01 -9.625000008e+01 -2.9447e+00 -5.8678e-01 +1.0088e+00 -2.7180e+00 -4.2173e+00 -1.8611e+00 -4.4737e-02 -2.2039e+00 +1.7505e+00 +2.2211e+00
326 0 +1.145688622e+01 -9.650311378e+01 -9.650311378e+01 -3.2516e+00 -6.6108e-01 +1.0594e+00 -2.8629e+00 -4.1739e+00 -2.0510e+00 +9.3143e-03 -2.1213e+00 +2.0011e+00 +2.0875e+00
375 0 +1.120259618e+01 -9.675740382e+01 -9.675740382e+01 -3.0912e+00 -6.5266e-01 +1.0992e+00 -2.7583e+00 -4.1184e+00 -1.9792e+00 -1.7112e-01 -2.2334e+00 +1.9200e+00 +1.9269e+00
1010 0 +1.112562482e+01 -9.683437518e+01 -9.683437518e+01 -2.9933e+00 -5.9866e-01 +1.0630e+00 -2.7828e+00 -4.0901e+00 -2.0794e+00 -2.1787e-01 -2.1591e+00 +1.9434e+00 +1.9426e+00
% f evaluations | g evaluations | best noise-free fitness - Fopt (-3.025900000000e+02) + sum g_i+ | measured fitness | best measured fitness or single-digit g-values | x1 | x2...
1 0 +6.736273325e+01 -2.352272667e+02 -2.352272667e+02 +2.2115e-02 -4.4024e-01 +7.7655e-01 -1.0169e+00 -1.6031e-01 +2.8179e-01 -1.2689e-01 +3.0354e-01 -8.5697e-02 +4.2236e-01
2 0 +6.466328839e+01 -2.379267116e+02 -2.379267116e+02 -1.2829e-01 -7.7914e-01 +1.8862e-02 -4.5750e-02 +5.1146e-02 -7.8700e-02 -2.8950e-01 -1.4071e-01 -1.5201e-01 +1.7536e-01
3 0 +6.012264715e+01 -2.424673528e+02 -2.424673528e+02 -2.8559e-01 -3.5435e-02 -5.2585e-01 +1.7569e-01 -1.0845e-01 +2.1538e-01 +2.0792e-01 +4.0383e-01 -8.9010e-01 -5.7545e-01
12 0 +4.956822827e+01 -2.530217717e+02 -2.530217717e+02 -4.6455e-02 -2.4326e-01 -3.6882e-01 +1.4977e-01 -1.6896e-01 +5.6542e-01 +5.1714e-01 -2.1967e-01 -7.3485e-01 -1.0191e-01
35 0 +4.770346043e+01 -2.548865396e+02 -2.548865396e+02 -1.7980e-01 -2.6571e-01 -2.7230e-01 +6.9453e-02 -3.3786e-01 +1.0029e+00 +5.0550e-01 -1.5868e-01 -5.5905e-01 -3.6066e-01
42 0 +4.129142443e+01 -2.612985756e+02 -2.612985756e+02 +1.5711e-01 -9.1867e-02 -2.9576e-01 -6.4072e-01 -5.2630e-01 +1.6615e+00 +3.1698e-01 +2.8029e-01 -1.0420e+00 -1.2143e-01
56 0 +3.586948341e+01 -2.667205166e+02 -2.667205166e+02 -7.0951e-03 -7.3570e-01 -3.4092e-01 -7.2498e-01 -7.8211e-01 +1.4399e+00 +7.7269e-01 -4.9890e-01 -8.4043e-01 +1.0361e-01
72 0 +3.050503264e+01 -2.720849674e+02 -2.720849674e+02 +2.4396e-01 -3.7778e-01 -4.4205e-01 -8.0337e-01 -1.3292e+00 +1.6321e+00 +5.6935e-01 -6.8103e-01 -1.1490e+00 -1.6384e-01
103 0 +2.998679125e+01 -2.726032088e+02 -2.726032088e+02 +4.2264e-01 -2.3825e-01 -8.4582e-01 -9.9698e-01 -1.5429e+00 +1.3857e+00 +4.9591e-01 -5.0752e-01 -7.4582e-01 -8.2482e-01
114 0 +2.718061395e+01 -2.754093860e+02 -2.754093860e+02 +6.8393e-01 -3.0709e-01 -9.9488e-01 -6.2742e-01 -1.8528e+00 +2.0353e+00 +2.0205e-01 -8.5701e-01 -7.6633e-01 -3.2242e-02
176 0 +2.681568759e+01 -2.757743124e+02 -2.757743124e+02 +1.4543e-01 -5.0363e-01 -7.4521e-01 -6.2390e-01 -1.6063e+00 +1.8093e+00 +8.2753e-02 -5.9088e-01 -6.7169e-01 -2.2642e-01
188 0 +2.565503522e+01 -2.769349648e+02 -2.769349648e+02 +3.0200e-01 -2.3242e-01 -7.9647e-01 -8.2831e-01 -1.5632e+00 +1.6211e+00 +5.5146e-02 -6.0138e-01 -5.8724e-01 -3.6074e-01
207 0 +2.429282740e+01 -2.782971726e+02 -2.782971726e+02 +3.2800e-01 -4.3708e-01 -6.9639e-01 -1.0749e+00 -1.4646e+00 +1.8359e+00 -2.1581e-01 -1.0189e+00 -7.9205e-01 -3.5085e-02
225 0 +2.242031657e+01 -2.801696834e+02 -2.801696834e+02 +1.9801e-02 +3.7836e-02 -9.4933e-01 -1.2615e+00 -2.3883e+00 +2.2881e+00 -8.1881e-01 -1.1975e+00 -5.0018e-01 -1.0713e-01
235 0 +2.231439198e+01 -2.802756080e+02 -2.802756080e+02 -1.7877e-01 -4.8161e-02 -6.1412e-01 -1.4050e+00 -2.2065e+00 +2.1918e+00 -8.3758e-01 -1.7302e+00 -5.8450e-01 -3.2382e-01
247 0 +2.135632126e+01 -2.812336787e+02 -2.812336787e+02 +7.2570e-02 -3.1653e-01 -1.0646e+00 -1.4154e+00 -2.2462e+00 +2.3380e+00 -5.5390e-01 -1.2346e+00 -3.0213e-01 -3.9202e-01
254 0 +2.028095416e+01 -2.823090458e+02 -2.823090458e+02 +2.4257e-01 -2.9108e-01 -1.0399e+00 -1.3486e+00 -2.4340e+00 +1.9045e+00 -1.0966e+00 -1.3763e+00 -3.3503e-01 -9.3547e-01
294 0 +1.940877465e+01 -2.831812254e+02 -2.831812254e+02 +2.8296e-01 -5.4065e-01 -8.1982e-01 -1.7686e+00 -3.1570e+00 +2.0297e+00 -2.2954e+00 -1.5401e+00 -9.8791e-02 -8.1245e-01
326 0 +1.889217725e+01 -2.836978227e+02 -2.836978227e+02 +7.9437e-02 +9.6284e-02 -9.0576e-01 -2.1420e+00 -3.2274e+00 +2.6289e+00 -2.3537e+00 -1.4708e+00 +3.7471e-03 -5.3437e-01
335 0 +1.860312947e+01 -2.839868705e+02 -2.839868705e+02 +3.3780e-01 -2.1945e-01 -8.6501e-01 -1.8318e+00 -2.9939e+00 +2.6926e+00 -1.9846e+00 -1.0652e+00 -3.7919e-01 -3.1699e-01
360 0 +1.732060418e+01 -2.852693958e+02 -2.852693958e+02 +7.2928e-01 +3.3350e-01 -1.6952e+00 -1.8855e+00 -3.1283e+00 +2.5189e+00 -1.8557e+00 -1.0260e+00 -5.9573e-01 -7.4164e-01
380 0 +1.695911733e+01 -2.856308827e+02 -2.856308827e+02 +6.1335e-01 -4.5563e-02 -7.2901e-01 -2.1410e+00 -3.7103e+00 +2.6537e+00 -1.6345e+00 -1.1630e+00 -2.3605e-01 -4.5559e-01
431 0 +1.584787659e+01 -2.867421234e+02 -2.867421234e+02 +1.0769e+00 +4.9743e-01 -6.4324e-01 -1.7855e+00 -4.1512e+00 +2.4517e+00 -2.1660e+00 -1.0628e+00 -8.8707e-01 -5.1860e-01
455 0 +1.527993144e+01 -2.873100686e+02 -2.873100686e+02 +1.6695e+00 +1.0880e-01 -1.0077e+00 -1.9363e+00 -4.7647e+00 +2.1429e+00 -2.2421e+00 -8.2555e-01 -7.6174e-01 -8.4602e-01
512 0 +1.513188709e+01 -2.874581129e+02 -2.874581129e+02 +1.4885e+00 +5.4022e-01 -9.1381e-01 -1.8109e+00 -4.5676e+00 +2.3290e+00 -1.9960e+00 -5.1242e-01 -8.8346e-01 -8.0938e-01
571 0 +1.477564537e+01 -2.878143546e+02 -2.878143546e+02 +1.6241e+00 +5.0430e-01 -8.0771e-01 -1.9819e+00 -4.9847e+00 +2.5668e+00 -2.2164e+00 -7.3197e-01 -7.9385e-01 -7.1601e-01
1010 0 +1.458574465e+01 -2.880042553e+02 -2.880042553e+02 +1.7700e+00 +5.4333e-01 -9.5679e-01 -1.7941e+00 -4.7441e+00 +2.3565e+00 -2.2897e+00 -7.8045e-01 -1.0306e+00 -7.4304e-01
% f evaluations | g evaluations | best noise-free fitness - Fopt (-3.065500000000e+02) + sum g_i+ | measured fitness | best measured fitness or single-digit g-values | x1 | x2...
1 0 +8.097420394e+01 -2.255757961e+02 -2.255757961e+02 -1.7534e-01 -6.8830e-02 +5.4728e-01 +1.1322e-01 +3.4696e-02 -2.0316e-01 +1.7029e-02 -2.2094e-02 +5.6411e-02 -5.6770e-01
10 0 +7.921441083e+01 -2.273355892e+02 -2.273355892e+02 -4.0927e-01 +3.5326e-03 -1.2027e-01 +8.9040e-02 -8.2477e-02 -2.6511e-01 -1.8525e-01 -3.3364e-01 -2.4702e-01 -6.7182e-01
16 0 +7.720454573e+01 -2.293454543e+02 -2.293454543e+02 -1.5070e-01 +1.2851e-01 -1.6357e-01 -9.4598e-02 -2.2332e-01 -8.9889e-01 -1.7130e-01 -2.4883e-01 -5.4537e-01 -3.5125e-01
31 0 +7.396338806e+01 -2.325866119e+02 -2.325866119e+02 -3.7555e-01 +1.2985e-01 -4.8337e-01 +3.4598e-01 +9.8766e-02 -1.0863e+00 -8.5763e-01 -2.0786e-01 -9.1932e-01 -6.2967e-01
43 0 +7.152723714e+01 -2.350227629e+02 -2.350227629e+02 -8.5225e-01 -1.9720e-02 +5.4559e-02 +5.6701e-01 -1.1111e-01 -1.6388e+00 -6.7736e-01 -4.5002e-01 -8.5075e-01 -5.1421e-01
51 0 +6.950413371e+01 -2.370458663e+02 -2.370458663e+02 -6.3605e-01 -3.9191e-01 +4.8208e-02 +1.2646e+00 +1.2796e-01 -2.2877e+00 -7.8021e-01 -2.2937e-01 -1.2953e+00 -4.0781e-01
52 0 +6.615782322e+01 -2.403921768e+02 -2.403921768e+02 -1.4751e+00 +1.1053e-02 -4.1467e-01 +1.3601e+00 +1.1176e-01 -1.7358e+00 -1.6985e+00 -1.7474e-01 -1.2943e+00 -3.5858e-01
62 0 +6.553995604e+01 -2.410100440e+02 -2.410100440e+02 -1.3457e+00 -4.1084e-01 -4.7099e-01 +1.8315e+00 +3.0805e-01 -1.5526e+00 -2.1223e+00 -1.3416e+00 -1.3189e+00 -6.1277e-01
70 0 +5.761713179e+01 -2.489328682e+02 -2.489328682e+02 -1.2748e+00 +3.5285e-01 +2.9692e-01 +1.4339e+00 -4.1391e-01 -2.7426e+00 -1.4775e+00 -6.2583e-01 -1.3487e+00 -8.3813e-01
72 0 +4.333822554e+01 -2.632117745e+02 -2.632117745e+02 -1.3597e+00 -1.0294e+00 -8.7828e-01 +1.2216e+00 -9.3074e-01 -3.1127e+00 -3.1882e+00 -5.1061e-01 -1.6885e+00 -7.3616e-01
85 0 +2.289384184e+01 -2.836561582e+02 -2.836561582e+02 -8.5071e-01 +1.6247e-01 +7.1564e-01 +1.9901e+00 -1.2698e+00 -3.2138e+00 -2.9558e+00 -1.1509e+00 -2.1691e+00 -2.7626e-01
92 0 +1.026169870e+01 -2.962883013e+02 -2.962883013e+02 -1.8798e+00 +1.7176e-01 +5.7614e-01 +1.8223e+00 -2.3676e+00 -4.1007e+00 -5.3259e+00 -4.6930e-01 -3.1177e+00 +1.1314e+00
157 0 +8.000441622e+00 -2.985495584e+02 -2.985495584e+02 -1.7329e+00 +1.5809e+00 -6.5296e-01 +2.0394e+00 -2.2178e+00 -3.5341e+00 -3.4199e+00 -7.6371e-01 -4.0902e+00 +3.1307e-01
202 0 +5.450662308e+00 -3.010993377e+02 -3.010993377e+02 -1.5133e+00 +5.0224e-01 -1.2050e-01 +1.6573e+00 -3.3127e+00 -3.8299e+00 -3.2123e+00 -1.5651e+00 -4.2562e+00 +7.0994e-01
222 0 +3.650374470e+00 -3.028996255e+02 -3.028996255e+02 -1.4963e+00 +9.1810e-01 -2.5976e-01 +2.1304e+00 -2.6835e+00 -3.9521e+00 -3.2850e+00 -2.1224e+00 -4.0093e+00 +8.7515e-01
228 0 +2.025760141e+00 -3.045242399e+02 -3.045242399e+02 -1.3763e+00 +7.1138e-01 -3.6281e-01 +1.2327e+00 -2.9188e+00 -4.4800e+00 -4.3890e+00 -2.1162e+00 -4.2371e+00 +3.8351e-01
264 0 +1.924975290e+00 -3.046250247e+02 -3.046250247e+02 -2.2059e+00 +6.5497e-01 -6.0975e-01 +2.2531e+00 -3.2055e+00 -4.1811e+00 -4.2637e+00 -1.7639e+00 -4.0147e+00 +9.6298e-02
280 0 +1.775474715e+00 -3.047745253e+02 -3.047745253e+02 -2.1653e+00 +4.5316e-01 -2.4568e-01 +1.9342e+00 -2.6504e+00 -4.1631e+00 -4.6656e+00 -1.9492e+00 -3.5613e+00 +3.2370e-01
284 0 +1.692023765e+00 -3.048579762e+02 -3.048579762e+02 -1.9877e+00 +9.0890e-01 -6.1493e-01 +1.7100e+00 -2.9624e+00 -4.2724e+00 -3.9264e+00 -1.5595e+00 -3.6168e+00 +1.8939e-01
288 0 +1.463486194e+00 -3.050865138e+02 -3.050865138e+02 -2.1540e+00 +8.6190e-01 -4.0462e-01 +1.6908e+00 -3.0621e+00 -4.1454e+00 -4.7594e+00 -1.5759e+00 -3.9283e+00 +6.7365e-01
308 0 +1.205762319e+00 -3.053442377e+02 -3.053442377e+02 -1.8559e+00 +9.2306e-01 -5.9387e-01 +1.7318e+00 -2.8889e+00 -4.1846e+00 -4.4403e+00 -1.5350e+00 -3.6525e+00 +2.8092e-01
317 0 +1.053552685e+00 -3.054964473e+02 -3.054964473e+02 -2.0482e+00 +9.6221e-01 -6.2572e-01 +1.9328e+00 -2.8563e+00 -4.2971e+00 -4.8925e+00 -1.9239e+00 -3.5832e+00 +6.6210e-01
323 0 +9.114392202e-01 -3.056385608e+02 -3.056385608e+02 -2.0868e+00 +8.3226e-01 -5.7239e-01 +1.8855e+00 -2.8684e+00 -4.4006e+00 -4.6098e+00 -2.0290e+00 -3.7803e+00 +5.4560e-01
385 0 +8.353564945e-01 -3.057146435e+02 -3.057146435e+02 -2.0934e+00 +9.6694e-01 -4.7339e-01 +1.9284e+00 -2.9212e+00 -4.3551e+00 -4.3841e+00 -1.7844e+00 -3.6061e+00 +6.6341e-01
408 0 +8.132671468e-01 -3.057367329e+02 -3.057367329e+02 -1.8162e+00 +1.0292e+00 -5.4841e-01 +1.7577e+00 -2.9331e+00 -4.3445e+00 -4.3936e+00 -2.0539e+00 -3.6750e+00 +6.6150e-01
424 0 +7.940933323e-01 -3.057559067e+02 -3.057559067e+02 -1.8423e+00 +1.0406e+00 -5.4659e-01 +1.7359e+00 -3.1003e+00 -4.4800e+00 -4.5932e+00 -1.8425e+00 -3.6391e+00 +4.5383e-01
434 0 +7.608405362e-01 -3.057891595e+02 -3.057891595e+02 -1.9387e+00 +1.0770e+00 -4.6546e-01 +1.8833e+00 -2.9516e+00 -4.4547e+00 -4.7126e+00 -1.8409e+00 -3.7123e+00 +4.3050e-01
444 0 +7.425815316e-01 -3.058074185e+02 -3.058074185e+02 -1.9457e+00 +1.0298e+00 -4.7639e-01 +1.9116e+00 -3.0121e+00 -4.3784e+00 -4.5694e+00 -1.8562e+00 -3.6218e+00 +3.7531e-01
449 0 +7.114226151e-01 -3.058385774e+02 -3.058385774e+02 -1.8989e+00 +1.1142e+00 -4.1586e-01 +1.8860e+00 -3.0198e+00 -4.4601e+00 -4.5572e+00 -1.9400e+00 -3.6841e+00 +5.1613e-01
506 0 +7.076444916e-01 -3.058423555e+02 -3.058423555e+02 -1.8972e+00 +1.0499e+00 -4.3455e-01 +1.8265e+00 -2.8779e+00 -4.3891e+00 -4.5339e+00 -1.9077e+00 -3.7226e+00 +4.9004e-01
1010 0 +6.918619680e-01 -3.058581380e+02 -3.058581380e+02 -1.9510e+00 +1.1018e+00 -4.3731e-01 +1.8437e+00 -2.9462e+00 -4.3813e+00 -4.5482e+00 -1.9246e+00 -3.6835e+00 +5.2771e-01
