% f evaluations | g evaluations | best noise-free fitness - Fopt (1.000000000000e+03) + sum g_i+ | measured fitness | best measured fitness or single-digit g-values | x1 | x2...
1 0 +3.324966009e+02 +1.332496601e+03 +1.332496601e+03 +5.0716e-01 -1.3978e-01 +9.8462e-03 +1.2226e-01 -2.3669e-01
2 0 +3.168181017e+02 +1.316818102e+03 +1.316818102e+03 +6.1967e-04 -2.6712e-04 -5.2643e-01 +3.0531e-01 +1.8016e-01
5 0 +3.149878599e+02 +1.314987860e+03 +1.314987860e+03 +4.9521e-01 +4.6301e-02 -1.1614e-01 +6.0874e-01 -1.3616e-02
14 0 +2.808988494e+02 +1.280898849e+03 +1.280898849e+03 +3.7923e-01 +5.5342e-02 +9.7369e-02 +1.0313e+00 -1.7693e-01
21 0 +2.752254311e+02 +1.275225431e+03 +1.275225431e+03 +1.4239e-01 -2.8075e-01 +1.7943e-01 +9.7002e-01 -6.8399e-02
33 0 +2.642393899e+02 +1.264239390e+03 +1.264239390e+03 -1.6729e-01 -9.3235e-01 +4.6230e-02 +1.6524e+00 +3.0522e-01
35 0 +2.578909399e+02 +1.257890940e+03 +1.257890940e+03 +6.6362e-01 +1.1219e-01 +3.1168e-02 +2.2785e+00 -6.0397e-01
37 0 +2.466676436e+02 +1.246667644e+03 +1.246667644e+03 +3.7764e-01 +3.1904e-01 -2.9061e-02 +1.6842e+00 -2.7351e-01
45 0 +2.168094217e+02 +1.216809422e+03 +1.216809422e+03 +7.1218e-01 +8.9969e-02 +6.1562e-01 +2.5351e+00 -3.1982e-01
56 0 +2.112664413e+02 +1.211266441e+03 +1.211266441e+03 +3.9989e-01 +1.2617e+00 +2.4490e-01 +1.5938e+00 +4.4666e-02
59 0 +1.479716547e+02 +1.147971655e+03 +1.147971655e+03 +3.7914e-03 +1.1630e+00 +2.4708e-01 +2.7197e+00 +2.8336e-01
62 0 +1.328706206e+02 +1.132870621e+03 +1.132870621e+03 +3.5539e-01 +1.3728e+00 +1.7765e-01 +3.5171e+00 +2.5750e-01
71 0 +1.041351656e+02 +1.104135166e+03 +1.104135166e+03 -4.9939e-01 +2.6480e+00 +1.3953e+00 +2.9245e+00 +9.4028e-01
85 0 +7.467846786e+01 +1.074678468e+03 +1.074678468e+03 +4.5898e-01 +4.0159e+00 +2.9117e+00 +5.2148e+00 +9.0124e-01
86 0 +5.928564099e+01 +1.059285641e+03 +1.059285641e+03 -1.0414e-01 +3.3309e+00 +2.8997e+00 +3.9288e+00 +1.0249e+00
89 0 +4.847933182e+01 +1.048479332e+03 +1.048479332e+03 -9.8411e-01 +5.0668e-01 +3.2632e+00 +4.3465e+00 +2.8106e+00
117 0 +3.231373241e+01 +1.032313732e+03 +1.032313732e+03 -2.9199e+00 +5.4773e+00 +3.1567e+00 +3.2735e+00 +2.8159e+00
261 0 +2.864852619e+01 +1.028648526e+03 +1.028648526e+03 -2.5473e+00 +4.9697e+00 +3.1365e+00 +3.6754e+00 +2.7457e+00
284 0 +2.328882956e+01 +1.023288830e+03 +1.023288830e+03 -2.4946e+00 +5.4907e+00 +3.4204e+00 +3.9301e+00 +2.9399e+00
325 0 +2.269861608e+01 +1.022698616e+03 +1.022698616e+03 -2.6243e+00 +5.3223e+00 +3.5328e+00 +4.0847e+00 +2.8173e+00
362 0 +1.892391174e+01 +1.018923912e+03 +1.018923912e+03 -2.6744e+00 +5.3452e+00 +3.5763e+00 +4.0576e+00 +2.8532e+00
392 0 +1.776351539e+01 +1.017763515e+03 +1.017763515e+03 -2.5942e+00 +5.2441e+00 +3.5201e+00 +4.0733e+00 +2.8554e+00
411 0 +1.403110856e+01 +1.014031109e+03 +1.014031109e+03 -2.5377e+00 +5.3566e+00 +3.4986e+00 +4.0766e+00 +2.8745e+00
421 0 +1.373882813e+01 +1.013738828e+03 +1.013738828e+03 -2.5860e+00 +5.2948e+00 +3.4834e+00 +4.0593e+00 +2.9122e+00
473 0 +1.318833921e+01 +1.013188339e+03 +1.013188339e+03 -2.5687e+00 +5.3247e+00 +3.5092e+00 +4.0636e+00 +2.9171e+00
498 0 +1.315322233e+01 +1.013153222e+03 +1.013153222e+03 -2.5506e+00 +5.3289e+00 +3.4989e+00 +4.0706e+00 +2.8961e+00
504 0 +1.311061018e+01 +1.013110610e+03 +1.013110610e+03 -2.5482e+00 +5.3228e+00 +3.4992e+00 +4.0727e+00 +2.8987e+00
% f evaluations | g evaluations | best noise-free fitness - Fopt (7.003000000000e+01) + sum g_i+ | measured fitness | best measured fitness or single-digit g-values | x1 | x2...
1 0 +2.058250011e+02 +2.758550011e+02 +2.758550011e+02 +5.0716e-01 -1.3978e-01 +9.8462e-03 +1.2226e-01 -2.3669e-01
2 0 +2.049722804e+02 +2.750022804e+02 +2.750022804e+02 +6.1967e-04 -2.6712e-04 -5.2643e-01 +3.0531e-01 +1.8016e-01
3 0 +1.505746891e+02 +2.206046891e+02 +2.206046891e+02 -1.8763e-01 -5.1465e-02 +1.5159e-01 -7.8409e-02 -7.2828e-02
18 0 +1.462788748e+02 +2.163088748e+02 +2.163088748e+02 -7.8244e-01 -5.6441e-01 -4.9639e-01 -3.0196e-02 -2.2388e-01
28 0 +1.408347936e+02 +2.108647936e+02 +2.108647936e+02 -2.8781e-01 +6.0644e-02 -9.8675e-01 +1.4605e-01 -8.9941e-01
31 0 +1.142820663e+02 +1.843120663e+02 +1.843120663e+02 -9.0386e-01 -5.5514e-01 -7.9494e-01 -3.6200e-01 -3.9622e-01
33 0 +1.077871712e+02 +1.778171712e+02 +1.778171712e+02 -6.3859e-01 -5.4961e-01 -8.2985e-01 -6.2262e-01 -1.2839e+00
36 0 +1.036746104e+02 +1.737046104e+02 +1.737046104e+02 -9.9489e-01 -2.9511e-01 -9.5258e-01 -5.6212e-01 -9.9815e-01
41 0 +9.305407759e+01 +1.630840776e+02 +1.630840776e+02 -1.8196e+00 -3.9769e-01 -1.0835e+00 -2.8948e-01 -6.2440e-01
45 0 +7.331981376e+01 +1.433498138e+02 +1.433498138e+02 -1.4213e+00 -3.8797e-01 -1.3705e+00 -1.1351e+00 -9.5797e-01
49 0 +6.901308310e+01 +1.390430831e+02 +1.390430831e+02 -1.2725e+00 -1.4633e+00 -1.2183e+00 -1.4213e+00 -1.1208e+00
52 0 +5.482923189e+01 +1.248592319e+02 +1.248592319e+02 -1.8512e+00 -7.3208e-01 -1.4298e+00 -5.4231e-01 -1.2883e+00
54 0 +4.394067317e+01 +1.139706732e+02 +1.139706732e+02 -1.4817e+00 -7.2578e-01 -1.3644e+00 -1.1673e+00 -1.2821e+00
137 0 +3.526453962e+01 +1.052945396e+02 +1.052945396e+02 -2.1570e+00 -2.0123e+00 -2.6499e+00 -7.3368e-01 -2.3426e+00
178 0 +3.444905030e+01 +1.044790503e+02 +1.044790503e+02 -2.4727e+00 -2.0486e+00 -2.8951e+00 -1.0080e-01 -2.3921e+00
228 0 +2.145591483e+01 +9.148591483e+01 +9.148591483e+01 -2.3487e+00 -2.7314e+00 -2.9120e+00 -3.9140e-01 -2.4989e+00
266 0 +1.920312082e+01 +8.923312082e+01 +8.923312082e+01 -2.3330e+00 -2.7620e+00 -2.8888e+00 -4.5192e-01 -2.5217e+00
276 0 +1.837716465e+01 +8.840716465e+01 +8.840716465e+01 -2.3596e+00 -2.7983e+00 -2.8202e+00 -4.8256e-01 -2.5775e+00
321 0 +1.733098605e+01 +8.736098605e+01 +8.736098605e+01 -2.4080e+00 -2.7785e+00 -2.8303e+00 -4.5290e-01 -2.6630e+00
343 0 +1.656508911e+01 +8.659508911e+01 +8.659508911e+01 -2.4177e+00 -2.7816e+00 -2.8254e+00 -4.1508e-01 -2.6713e+00
390 0 +1.608086796e+01 +8.611086796e+01 +8.611086796e+01 -2.4030e+00 -2.7768e+00 -2.8489e+00 -4.1237e-01 -2.6309e+00
504 0 +1.591996751e+01 +8.594996751e+01 +8.594996751e+01 -2.4018e+00 -2.7875e+00 -2.8438e+00 -4.1890e-01 -2.6217e+00
% f evaluations | g evaluations | best noise-free fitness - Fopt (-4.822000000000e+01) + sum g_i+ | measured fitness | best measured fitness or single-digit g-values | x1 | x2...
1 0 +1.437510516e+02 +9.553105163e+01 +9.553105163e+01 +5.0716e-01 -1.3978e-01 +9.8462e-03 +1.2226e-01 -2.3669e-01
5 0 +1.404780694e+02 +9.225806942e+01 +9.225806942e+01 +4.9521e-01 +4.6301e-02 -1.1614e-01 +6.0874e-01 -1.3616e-02
6 0 +1.051001618e+02 +5.688016180e+01 +5.688016180e+01 -4.3520e-01 -1.2157e-01 -6.8651e-01 +3.1483e-01 -1.2495e-01
13 0 +1.032151089e+02 +5.499510889e+01 +5.499510889e+01 +1.3767e-01 +5.1025e-01 -3.0075e-01 -1.9390e-02 -8.0347e-01
15 0 +7.407094243e+01 +2.585094243e+01 +2.585094243e+01 +5.6993e-02 +2.9884e-01 -1.2267e+00 +4.3806e-01 -6.4275e-01
34 0 +7.037552567e+01 +2.215552567e+01 +2.215552567e+01 +4.4940e-01 -4.6514e-01 -1.4649e+00 +4.8731e-01 -1.6197e+00
54 0 +5.730281594e+01 +9.082815936e+00 +9.082815936e+00 -5.3202e-01 -5.9389e-01 -1.1358e+00 -1.9998e-01 -1.2685e+00
56 0 +5.477274116e+01 +6.552741157e+00 +6.552741157e+00 -1.2424e+00 -1.4346e+00 -8.6314e-01 -3.4195e-01 -1.7976e+00
91 0 +5.242083095e+01 +4.200830947e+00 +4.200830947e+00 +3.6788e-02 +1.7826e-01 -1.2561e+00 +9.2589e-01 -2.3166e+00
106 0 +4.252566999e+01 -5.694330008e+00 -5.694330008e+00 -9.6095e-03 +3.1302e-01 -1.3920e+00 +1.2667e-01 -1.9763e+00
124 0 +3.150237784e+01 -1.671762216e+01 -1.671762216e+01 -6.5207e-01 -5.2169e-02 -1.2522e+00 +6.9436e-01 -1.7470e+00
309 0 +1.297285492e+01 -3.524714508e+01 -3.524714508e+01 -3.6555e-01 -3.5409e-01 -1.7358e+00 +7.5433e-01 -2.7703e+00
454 0 +1.262647420e+01 -3.559352580e+01 -3.559352580e+01 -3.5235e-01 -3.9604e-01 -1.7704e+00 +7.7622e-01 -2.7438e+00
463 0 +1.230903777e+01 -3.591096223e+01 -3.591096223e+01 -3.7646e-01 -3.7493e-01 -1.7260e+00 +7.9173e-01 -2.7857e+00
475 0 +1.221176196e+01 -3.600823804e+01 -3.600823804e+01 -3.7603e-01 -3.7869e-01 -1.7149e+00 +7.7365e-01 -2.7693e+00
504 0 +1.221176196e+01 -3.600823804e+01 -3.600823804e+01 -3.7603e-01 -3.7869e-01 -1.7149e+00 +7.7365e-01 -2.7693e+00
% f evaluations | g evaluations | best noise-free fitness - Fopt (2.547000000000e+01) + sum g_i+ | measured fitness | best measured fitness or single-digit g-values | x1 | x2...
1 0 +1.214544053e+02 +1.469244053e+02 +1.469244053e+02 +5.0716e-01 -1.3978e-01 +9.8462e-03 +1.2226e-01 -2.3669e-01
4 0 +1.117077071e+02 +1.371777071e+02 +1.371777071e+02 -4.3597e-01 +1.6638e-01 +3.7165e-02 +8.2340e-02 -4.5798e-01
28 0 +1.052629464e+02 +1.307329464e+02 +1.307329464e+02 -8.3735e-01 -2.0220e-01 -1.7975e-01 +1.8493e-01 -8.4205e-01
35 0 +1.005674994e+02 +1.260374994e+02 +1.260374994e+02 -3.9103e-02 +2.2955e-02 +1.4639e-01 -2.4098e-01 -7.6661e-01
43 0 +9.710474664e+01 +1.225747466e+02 +1.225747466e+02 -2.8659e-01 -4.3506e-01 +3.5060e-01 -1.9301e-01 -9.6394e-01
51 0 +9.497007580e+01 +1.204400758e+02 +1.204400758e+02 -3.4855e-01 -2.9234e-01 +2.3204e-01 -2.3401e-01 -7.9385e-01
56 0 +7.913498109e+01 +1.046049811e+02 +1.046049811e+02 -1.1397e-01 -8.3194e-01 +1.3347e-01 -8.7605e-01 -9.3980e-01
68 0 +7.329430901e+01 +9.876430901e+01 +9.876430901e+01 -6.1787e-01 -1.0771e+00 +2.1601e-01 -7.9231e-01 -7.1074e-01
73 0 +6.989739291e+01 +9.536739291e+01 +9.536739291e+01 -5.1564e-01 -1.1504e+00 +8.0845e-02 -1.1838e+00 -9.4651e-01
86 0 +6.687354282e+01 +9.234354282e+01 +9.234354282e+01 -6.8968e-01 -1.4449e+00 +2.3720e-01 -1.6769e+00 -1.5857e+00
88 0 +5.592550721e+01 +8.139550721e+01 +8.139550721e+01 -4.8842e-01 -1.7339e+00 -2.7297e-01 -1.5490e+00 -1.0636e+00
106 0 +5.117366405e+01 +7.664366405e+01 +7.664366405e+01 -1.0637e+00 -2.2841e+00 -1.6064e-02 -2.4995e+00 -1.4194e+00
107 0 +4.396983106e+01 +6.943983106e+01 +6.943983106e+01 -1.3033e+00 -2.3679e+00 -2.4699e-01 -1.9931e+00 -2.1230e+00
268 0 +4.276079297e+01 +6.823079297e+01 +6.823079297e+01 +4.1995e-01 -1.3804e+00 -1.4020e-01 -1.9153e+00 -1.1865e+00
276 0 +4.213980173e+01 +6.760980173e+01 +6.760980173e+01 +4.4269e-01 -1.4359e+00 -1.4347e-01 -1.9670e+00 -1.1942e+00
290 0 +4.113211615e+01 +6.660211615e+01 +6.660211615e+01 +3.1751e-01 -1.5005e+00 -8.7470e-02 -2.0185e+00 -1.1039e+00
335 0 +4.049092347e+01 +6.596092347e+01 +6.596092347e+01 +4.0447e-01 -1.4097e+00 -1.2211e-01 -1.9513e+00 -1.1178e+00
349 0 +3.979471241e+01 +6.526471241e+01 +6.526471241e+01 +3.6339e-01 -1.4474e+00 -1.0810e-01 -1.9813e+00 -1.1236e+00
454 0 +3.886931763e+01 +6.433931763e+01 +6.433931763e+01 +3.3041e-01 -1.3875e+00 -1.4835e-01 -1.9715e+00 -1.1061e+00
504 0 +3.886931763e+01 +6.433931763e+01 +6.433931763e+01 +3.3041e-01 -1.3875e+00 -1.4835e-01 -1.9715e+00 -1.1061e+00
% f evaluations | g evaluations | best noise-free fitness - Fopt (-1.008100000000e+02) + sum g_i+ | measured fitness | best measured fitness or single-digit g-values | x1 | x2...
1 0 +9.633185451e+01 -4.478145490e+00 -4.478145490e+00 +5.0716e-01 -1.3978e-01 +9.8462e-03 +1.2226e-01 -2.3669e-01
2 0 +7.405137658e+01 -2.675862342e+01 -2.675862342e+01 +6.1967e-04 -2.6712e-04 -5.2643e-01 +3.0531e-01 +1.8016e-01
5 0 +5.384358985e+01 -4.696641015e+01 -4.696641015e+01 +4.9521e-01 +4.6301e-02 -1.1614e-01 +6.0874e-01 -1.3616e-02
15 0 +4.647504825e+01 -5.433495175e+01 -5.433495175e+01 +2.8406e-01 -6.8139e-01 +1.6155e-01 +9.9557e-01 +2.5445e-01
27 0 +3.763291592e+01 -6.317708408e+01 -6.317708408e+01 +3.9959e-01 -5.9811e-01 +1.5013e-01 +7.2937e-01 +6.3288e-01
114 0 +2.398831154e+01 -7.682168846e+01 -7.682168846e+01 +5.3697e-01 +1.6413e-01 +2.5826e-01 +1.4182e+00 +9.9467e-01
145 0 +2.342846935e+01 -7.738153065e+01 -7.738153065e+01 +3.8688e-01 +1.9188e-01 +4.2152e-01 +1.3545e+00 +1.3140e+00
179 0 +1.527084524e+01 -8.553915476e+01 -8.553915476e+01 +4.6479e-01 +2.7930e-01 +3.1061e-01 +1.2069e+00 +1.2075e+00
184 0 +1.377002297e+01 -8.703997703e+01 -8.703997703e+01 +5.1278e-01 +3.2374e-01 +3.8812e-01 +1.1925e+00 +1.2905e+00
215 0 +1.308097719e+01 -8.772902281e+01 -8.772902281e+01 +3.8409e-01 +2.4067e-01 +3.5509e-01 +1.2301e+00 +1.2239e+00
222 0 +1.091435818e+01 -8.989564182e+01 -8.989564182e+01 +4.2763e-01 +2.8651e-01 +4.2851e-01 +1.2586e+00 +1.2825e+00
249 0 +1.010288527e+01 -9.070711473e+01 -9.070711473e+01 +4.4783e-01 +2.6483e-01 +4.0793e-01 +1.2530e+00 +1.2501e+00
326 0 +9.998357693e+00 -9.081164231e+01 -9.081164231e+01 +4.6590e-01 +2.7050e-01 +3.9740e-01 +1.2597e+00 +1.2472e+00
504 0 +9.950261316e+00 -9.085973868e+01 -9.085973868e+01 +4.6320e-01 +2.6021e-01 +3.8867e-01 +1.2642e+00 +1.2355e+00
% f evaluations | g evaluations | best noise-free fitness - Fopt (-3.531300000000e+02) + sum g_i+ | measured fitness | best measured fitness or single-digit g-values | x1 | x2...
1 0 +2.216264361e+02 -1.315035639e+02 -1.315035639e+02 +5.0716e-01 -1.3978e-01 +9.8462e-03 +1.2226e-01 -2.3669e-01
2 0 +1.791425329e+02 -1.739874671e+02 -1.739874671e+02 +6.1967e-04 -2.6712e-04 -5.2643e-01 +3.0531e-01 +1.8016e-01
3 0 +1.757425297e+02 -1.773874703e+02 -1.773874703e+02 -1.8763e-01 -5.1465e-02 +1.5159e-01 -7.8409e-02 -7.2828e-02
4 0 +1.600041330e+02 -1.931258670e+02 -1.931258670e+02 -4.3597e-01 +1.6638e-01 +3.7165e-02 +8.2340e-02 -4.5798e-01
12 0 +1.540655078e+02 -1.990644922e+02 -1.990644922e+02 -8.5802e-01 +1.0227e-01 -3.2753e-01 +1.4839e-01 -9.0655e-01
15 0 +1.510763747e+02 -2.020536253e+02 -2.020536253e+02 -3.6258e-01 +5.6326e-01 -1.4602e-01 +6.3948e-01 -1.1374e+00
32 0 +1.448968725e+02 -2.082331275e+02 -2.082331275e+02 -2.3375e-01 +1.7505e+00 -8.5221e-01 +2.4022e-01 -1.1536e+00
40 0 +1.185082095e+02 -2.346217905e+02 -2.346217905e+02 -1.4847e+00 +1.2288e+00 -9.5239e-01 -8.3685e-02 -9.5859e-01
44 0 +1.150148559e+02 -2.381151441e+02 -2.381151441e+02 -7.7152e-01 +1.0264e+00 -1.0698e+00 +3.8636e-01 -5.8407e-01
48 0 +7.872779918e+01 -2.744022008e+02 -2.744022008e+02 -1.1788e+00 +1.8494e+00 -5.6593e-01 -5.8711e-01 -8.6282e-01
61 0 +7.609489379e+01 -2.770351062e+02 -2.770351062e+02 -2.7837e+00 +1.1758e+00 -1.0690e+00 -8.2207e-01 +2.7196e-01
78 0 +7.251616529e+01 -2.806138347e+02 -2.806138347e+02 -1.9364e+00 +1.7872e+00 -1.1775e+00 -1.7256e+00 -5.4293e-01
83 0 +5.384576534e+01 -2.992842347e+02 -2.992842347e+02 -2.5596e+00 -1.3561e-02 -1.7981e+00 -1.0939e+00 -3.6302e-01
105 0 +5.108848178e+01 -3.020415182e+02 -3.020415182e+02 -2.3592e+00 +2.2627e-02 -2.9595e+00 -1.9472e+00 -4.5290e-01
114 0 +4.761609008e+01 -3.055139099e+02 -3.055139099e+02 -3.3570e+00 -5.2478e-02 -2.4471e+00 -2.8765e+00 -8.2363e-01
127 0 +3.797513470e+01 -3.151548653e+02 -3.151548653e+02 -2.6997e+00 -1.2376e-01 -1.6113e+00 -2.6142e+00 +2.0384e-01
147 0 +2.892921127e+01 -3.242007887e+02 -3.242007887e+02 -2.3402e+00 +9.2218e-01 -2.8270e+00 -2.3992e+00 -8.3709e-02
153 0 +2.771906287e+01 -3.254109371e+02 -3.254109371e+02 -2.9017e+00 +1.8118e-01 -2.4301e+00 -2.5340e+00 -1.4807e-01
161 0 +2.073083218e+01 -3.323991678e+02 -3.323991678e+02 -2.9702e+00 +7.1319e-01 -2.2708e+00 -3.0244e+00 -6.0454e-01
278 0 +1.509679321e+01 -3.380332068e+02 -3.380332068e+02 -2.3196e+00 +4.9767e-01 -2.2359e+00 -2.8238e+00 -1.9012e-02
496 0 +1.103025431e+01 -3.420997457e+02 -3.420997457e+02 -2.5761e+00 +7.7811e-01 -2.2262e+00 -2.6493e+00 -3.8180e-01
504 0 +1.103025431e+01 -3.420997457e+02 -3.420997457e+02 -2.5761e+00 +7.7811e-01 -2.2262e+00 -2.6493e+00 -3.8180e-01
% f evaluations | g evaluations | best noise-free fitness - Fopt (8.716000000000e+01) + sum g_i+ | measured fitness | best measured fitness or single-digit g-values | x1 | x2...
1 0 +1.577542982e+02 +2.449142982e+02 +2.449142982e+02 +5.0716e-01 -1.3978e-01 +9.8462e-03 +1.2226e-01 -2.3669e-01
5 0 +1.391767507e+02 +2.263367507e+02 +2.263367507e+02 +4.9521e-01 +4.6301e-02 -1.1614e-01 +6.0874e-01 -1.3616e-02
14 0 +1.108415975e+02 +1.980015975e+02 +1.980015975e+02 -3.7072e-02 +4.6593e-01 -3.3700e-01 +9.2680e-01 -4.0795e-01
22 0 +8.978865745e+01 +1.769486575e+02 +1.769486575e+02 -1.2030e-01 -8.0970e-02 -1.0511e+00 +1.2458e+00 -7.0467e-03
23 0 +8.767421490e+01 +1.748342149e+02 +1.748342149e+02 -5.6048e-02 +5.3023e-01 -8.3525e-01 +1.5170e+00 -4.1257e-01
39 0 +8.550390200e+01 +1.726639020e+02 +1.726639020e+02 +1.3040e-01 +1.3702e+00 -1.4716e+00 +2.7786e+00 -1.1174e+00
42 0 +7.384595517e+01 +1.610059552e+02 +1.610059552e+02 +4.6619e-01 +1.3995e+00 -1.2597e+00 +2.3988e+00 -7.4248e-01
45 0 +5.482487275e+01 +1.419848727e+02 +1.419848727e+02 +4.4172e-01 +1.1479e+00 -1.2637e+00 +3.6637e+00 -8.2362e-01
49 0 +5.251492148e+01 +1.396749215e+02 +1.396749215e+02 +8.9271e-02 +1.7950e+00 -1.1924e+00 +1.6633e+00 -6.6117e-01
63 0 +4.471627916e+01 +1.318762792e+02 +1.318762792e+02 +5.3939e-01 +1.2693e+00 -2.1117e+00 +2.5925e+00 -1.5238e+00
69 0 +3.795630352e+01 +1.251163035e+02 +1.251163035e+02 +1.4333e+00 +1.4376e+00 -2.8627e+00 +3.3273e+00 -1.5673e+00
303 0 +2.932059495e+01 +1.164805950e+02 +1.164805950e+02 +1.9340e+00 +9.6491e-01 -2.3188e+00 +3.0406e+00 -5.1475e-01
330 0 +2.787376155e+01 +1.150337616e+02 +1.150337616e+02 +1.1660e+00 +1.1747e+00 -3.5110e+00 +4.1603e+00 -7.7958e-01
404 0 +2.560549176e+01 +1.127654918e+02 +1.127654918e+02 +1.0605e+00 +7.4658e-01 -2.9532e+00 +3.3825e+00 -1.6355e-01
434 0 +1.827286806e+01 +1.054328681e+02 +1.054328681e+02 +6.3756e-01 +1.6736e-01 -2.6986e+00 +3.2779e+00 +4.3198e-01
504 0 +1.827286806e+01 +1.054328681e+02 +1.054328681e+02 +6.3756e-01 +1.6736e-01 -2.6986e+00 +3.2779e+00 +4.3198e-01
% f evaluations | g evaluations | best noise-free fitness - Fopt (-3.475000000000e+01) + sum g_i+ | measured fitness | best measured fitness or single-digit g-values | x1 | x2...
1 0 +1.438652168e+02 +1.091152168e+02 +1.091152168e+02 +5.0716e-01 -1.3978e-01 +9.8462e-03 +1.2226e-01 -2.3669e-01
2 0 +1.215412745e+02 +8.679127450e+01 +8.679127450e+01 +6.1967e-04 -2.6712e-04 -5.2643e-01 +3.0531e-01 +1.8016e-01
4 0 +8.731297656e+01 +5.256297656e+01 +5.256297656e+01 -4.3597e-01 +1.6638e-01 +3.7165e-02 +8.2340e-02 -4.5798e-01
12 0 +8.005595647e+01 +4.530595647e+01 +4.530595647e+01 -4.7293e-01 +6.4306e-01 -6.1741e-01 +2.1655e-01 -4.9553e-01
31 0 +7.484026000e+01 +4.009026000e+01 +4.009026000e+01 -2.2114e-01 +8.9922e-01 -9.3048e-02 +7.4254e-01 -1.9184e+00
40 0 +5.753595706e+01 +2.278595706e+01 +2.278595706e+01 -4.6944e-01 -9.8080e-03 -1.1801e+00 +8.2168e-01 -1.6160e+00
67 0 +3.187753588e+01 -2.872464124e+00 -2.872464124e+00 -4.4055e-01 +1.2898e+00 +2.1221e-01 +1.9835e+00 -2.3125e+00
254 0 +2.686790808e+01 -7.882091918e+00 -7.882091918e+00 +1.0935e+00 +2.6168e+00 +1.2526e+00 +2.7853e+00 -9.4266e-01
264 0 +2.322713532e+01 -1.152286468e+01 -1.152286468e+01 +1.7777e+00 +2.9742e+00 +1.3808e+00 +3.5134e+00 -1.2060e+00
450 0 +1.295117821e+01 -2.179882179e+01 -2.179882179e+01 +2.2473e+00 +2.3629e+00 -1.6550e+00 +2.3400e+00 -2.6618e+00
463 0 +1.106876975e+01 -2.368123025e+01 -2.368123025e+01 +2.2633e+00 +2.5110e+00 -1.0304e+00 +2.8160e+00 -2.7377e+00
504 0 +1.106876975e+01 -2.368123025e+01 -2.368123025e+01 +2.2633e+00 +2.5110e+00 -1.0304e+00 +2.8160e+00 -2.7377e+00
% f evaluations | g evaluations | best noise-free fitness - Fopt (-1.000000000000e+03) + sum g_i+ | measured fitness | best measured fitness or single-digit g-values | x1 | x2...
1 0 +1.637337777e+02 -8.362662223e+02 -8.362662223e+02 +5.0716e-01 -1.3978e-01 +9.8462e-03 +1.2226e-01 -2.3669e-01
2 0 +1.523408999e+02 -8.476591001e+02 -8.476591001e+02 +6.1967e-04 -2.6712e-04 -5.2643e-01 +3.0531e-01 +1.8016e-01
4 0 +1.349137068e+02 -8.650862932e+02 -8.650862932e+02 -4.3597e-01 +1.6638e-01 +3.7165e-02 +8.2340e-02 -4.5798e-01
8 0 +1.314867868e+02 -8.685132132e+02 -8.685132132e+02 -1.9865e-01 -3.6127e-01 +4.3860e-01 +5.2986e-01 -9.8828e-02
9 0 +1.245838802e+02 -8.754161198e+02 -8.754161198e+02 +3.1116e-01 +7.4847e-02 +4.6878e-02 +7.6693e-03 -1.8554e-01
18 0 +9.975791685e+01 -9.002420832e+02 -9.002420832e+02 -1.2019e-01 -4.2192e-01 -2.2963e-01 +2.4582e-01 +7.6750e-02
504 0 +9.975791685e+01 -9.002420832e+02 -9.002420832e+02 -1.2019e-01 -4.2192e-01 -2.2963e-01 +2.4582e-01 +7.6750e-02
% f evaluations | g evaluations | best noise-free fitness - Fopt (-9.247000000000e+01) + sum g_i+ | measured fitness | best measured fitness or single-digit g-values | x1 | x2...
1 0 +1.166228500e+02 +2.415285005e+01 +2.415285005e+01 +5.0716e-01 -1.3978e-01 +9.8462e-03 +1.2226e-01 -2.3669e-01
8 0 +1.132361937e+02 +2.076619366e+01 +2.076619366e+01 -1.9865e-01 -3.6127e-01 +4.3860e-01 +5.2986e-01 -9.8828e-02
12 0 +1.069100263e+02 +1.444002631e+01 +1.444002631e+01 +2.6160e-01 -4.3638e-01 +5.1224e-01 +6.9704e-01 +1.4435e-01
13 0 +1.041576047e+02 +1.168760472e+01 +1.168760472e+01 +7.4695e-01 -3.4101e-01 +7.4796e-02 +2.1838e-01 +1.0604e-02
18 0 +1.001938666e+02 +7.723866636e+00 +7.723866636e+00 +1.1345e+00 +2.1434e-01 +3.3647e-01 +2.4849e-01 +4.0613e-02
27 0 +9.669920753e+01 +4.229207531e+00 +4.229207531e+00 +1.2565e+00 +1.3045e-01 +8.0554e-01 +5.9491e-01 +2.2099e-02
28 0 +8.487182831e+01 -7.598171692e+00 -7.598171692e+00 +9.3417e-01 +5.6089e-01 +3.7459e-01 -4.2767e-01 -1.2296e-01
37 0 +7.367768114e+01 -1.879231886e+01 -1.879231886e+01 +7.0409e-01 +7.8994e-02 +7.0323e-01 +5.6421e-01 -1.9687e-01
50 0 +5.725176730e+01 -3.521823270e+01 -3.521823270e+01 +1.9717e+00 +2.3219e-01 +1.3478e+00 +2.0731e-01 +7.0000e-01
79 0 +5.491632954e+01 -3.755367046e+01 -3.755367046e+01 +3.8648e+00 -2.3377e-01 +2.2388e+00 +1.2122e+00 +1.4361e+00
82 0 +3.944811950e+01 -5.302188050e+01 -5.302188050e+01 +3.9447e+00 -4.2679e-02 +3.4465e+00 +1.6986e+00 +3.6979e-01
110 0 +2.693815154e+01 -6.553184846e+01 -6.553184846e+01 +3.9236e+00 -9.8245e-01 +4.1927e+00 +2.6666e+00 +2.4980e-01
161 0 +2.555183100e+01 -6.691816900e+01 -6.691816900e+01 +2.8874e+00 -4.7764e-01 +2.0392e+00 +3.2378e-01 -8.9774e-01
188 0 +2.505280167e+01 -6.741719833e+01 -6.741719833e+01 +2.3043e+00 -3.6413e-01 +4.1260e+00 -5.5186e-01 -3.7626e-01
214 0 +2.240916878e+01 -7.006083122e+01 -7.006083122e+01 +1.5377e+00 -2.7669e-01 +4.0653e+00 -5.4926e-01 +7.0667e-01
342 0 +1.455583978e+01 -7.791416022e+01 -7.791416022e+01 +3.0446e+00 -3.3119e-02 +3.6678e+00 +8.5777e-01 -9.6217e-02
345 0 +1.401416494e+01 -7.845583506e+01 -7.845583506e+01 +2.4754e+00 -2.5880e-01 +3.5357e+00 +4.4427e-01 -3.7138e-01
504 0 +1.401416494e+01 -7.845583506e+01 -7.845583506e+01 +2.4754e+00 -2.5880e-01 +3.5357e+00 +4.4427e-01 -3.7138e-01
% f evaluations | g evaluations | best noise-free fitness - Fopt (-2.153000000000e+02) + sum g_i+ | measured fitness | best measured fitness or single-digit g-values | x1 | x2...
1 0 +5.431064831e+02 +3.278064831e+02 +3.278064831e+02 +5.0716e-01 -1.3978e-01 +9.8462e-03 +1.2226e-01 -2.3669e-01
2 0 +3.676542637e+02 +1.523542637e+02 +1.523542637e+02 +6.1967e-04 -2.6712e-04 -5.2643e-01 +3.0531e-01 +1.8016e-01
4 0 +3.435007208e+02 +1.282007208e+02 +1.282007208e+02 -4.3597e-01 +1.6638e-01 +3.7165e-02 +8.2340e-02 -4.5798e-01
6 0 +3.064606762e+02 +9.116067622e+01 +9.116067622e+01 -4.3520e-01 -1.2157e-01 -6.8651e-01 +3.1483e-01 -1.2495e-01
9 0 +2.482897888e+02 +3.298978877e+01 +3.298978877e+01 -4.8369e-01 +8.5731e-03 -1.1932e+00 +6.8679e-01 -3.2999e-01
10 0 +1.665722953e+02 -4.872770473e+01 -4.872770473e+01 -1.0440e+00 +6.3569e-01 -5.5065e-01 +3.7858e-01 +9.6774e-02
19 0 +1.628041979e+02 -5.249580212e+01 -5.249580212e+01 -7.5649e-01 +6.8856e-01 -1.1584e+00 +5.8042e-01 -2.4227e-01
20 0 +1.379371265e+02 -7.736287350e+01 -7.736287350e+01 -5.4318e-01 +1.1249e+00 -1.2059e+00 -9.9145e-02 -4.4331e-01
28 0 +7.312078595e+01 -1.421792140e+02 -1.421792140e+02 -1.5583e+00 +2.3635e+00 -1.1321e+00 -5.1679e-01 -1.2849e-01
46 0 +6.569422214e+01 -1.496057779e+02 -1.496057779e+02 -2.6672e+00 +2.6659e+00 -1.8624e+00 +5.5120e-01 -1.3083e+00
91 0 +5.162715277e+01 -1.636728472e+02 -1.636728472e+02 -3.4694e+00 +3.8882e+00 -9.5743e-01 +6.7740e-01 -1.7553e+00
142 0 +3.689792376e+01 -1.784020762e+02 -1.784020762e+02 -2.9026e+00 +5.5364e+00 -1.8152e+00 +1.0402e+00 -2.8192e-02
148 0 +3.533799951e+01 -1.799620005e+02 -1.799620005e+02 -2.7261e+00 +5.7450e+00 -1.5843e+00 -1.2326e-01 +7.7061e-01
151 0 +3.063213430e+01 -1.846678657e+02 -1.846678657e+02 -3.1027e+00 +4.1285e+00 -6.0786e-01 +1.0890e-01 +9.3694e-01
175 0 +2.779715182e+01 -1.875028482e+02 -1.875028482e+02 -2.9930e+00 +4.3146e+00 -5.7027e-01 +1.0809e-01 +1.1231e+00
209 0 +1.767127808e+01 -1.976287219e+02 -1.976287219e+02 -2.3344e+00 +4.6792e+00 -1.5663e+00 +2.6834e-01 +9.6376e-01
249 0 +1.344433480e+01 -2.018556652e+02 -2.018556652e+02 -2.3500e+00 +4.5327e+00 -1.5428e+00 -1.7526e-02 +1.0232e+00
299 0 +1.179228447e+01 -2.035077155e+02 -2.035077155e+02 -2.4355e+00 +4.5840e+00 -1.5249e+00 +1.7090e-01 +9.5596e-01
330 0 +1.065471972e+01 -2.046452803e+02 -2.046452803e+02 -2.4312e+00 +4.6141e+00 -1.5803e+00 +1.6764e-01 +9.7302e-01
333 0 +1.046307997e+01 -2.048369200e+02 -2.048369200e+02 -2.3500e+00 +4.7052e+00 -1.5454e+00 +1.5730e-01 +1.0631e+00
343 0 +9.276310549e+00 -2.060236895e+02 -2.060236895e+02 -2.3707e+00 +4.7131e+00 -1.5921e+00 +1.8273e-01 +1.0191e+00
355 0 +7.737138054e+00 -2.075628619e+02 -2.075628619e+02 -2.3962e+00 +4.6169e+00 -1.5512e+00 +1.2848e-01 +1.0488e+00
362 0 +7.563009020e+00 -2.077369910e+02 -2.077369910e+02 -2.3983e+00 +4.6609e+00 -1.5809e+00 +1.3907e-01 +1.0453e+00
384 0 +6.618355283e+00 -2.086816447e+02 -2.086816447e+02 -2.3667e+00 +4.6636e+00 -1.5503e+00 +1.4532e-01 +1.0052e+00
401 0 +6.266633421e+00 -2.090333666e+02 -2.090333666e+02 -2.3874e+00 +4.6401e+00 -1.5541e+00 +1.5422e-01 +1.0117e+00
455 0 +6.136892394e+00 -2.091631076e+02 -2.091631076e+02 -2.3860e+00 +4.6115e+00 -1.5597e+00 +1.3909e-01 +1.0114e+00
504 0 +6.081345044e+00 -2.092186550e+02 -2.092186550e+02 -2.3773e+00 +4.6094e+00 -1.5595e+00 +1.1974e-01 +1.0096e+00
% f evaluations | g evaluations | best noise-free fitness - Fopt (-5.449000000000e+01) + sum g_i+ | measured fitness | best measured fitness or single-digit g-values | x1 | x2...
1 0 +1.562746545e+02 +1.017846545e+02 +1.017846545e+02 +5.0716e-01 -1.3978e-01 +9.8462e-03 +1.2226e-01 -2.3669e-01
5 0 +1.513166952e+02 +9.682669524e+01 +9.682669524e+01 +4.9521e-01 +4.6301e-02 -1.1614e-01 +6.0874e-01 -1.3616e-02
11 0 +1.264213634e+02 +7.193136337e+01 +7.193136337e+01 +6.2835e-01 -1.8279e-01 +2.9679e-01 +2.6774e-01 +1.2438e-01
13 0 +1.098451412e+02 +5.535514123e+01 +5.535514123e+01 +8.3981e-01 -3.4740e-02 -3.8713e-01 -5.4524e-02 -4.5054e-01
19 0 +1.014981779e+02 +4.700817791e+01 +4.700817791e+01 +9.3108e-01 +1.2885e-01 -3.4352e-01 +4.2629e-01 -6.3215e-01
22 0 +8.867378577e+01 +3.418378577e+01 +3.418378577e+01 +8.5443e-01 +1.0909e-01 -9.2429e-02 -1.6753e-01 -1.0459e+00
41 0 +6.668675117e+01 +1.219675117e+01 +1.219675117e+01 +1.2791e+00 -1.0583e-01 -8.4641e-02 -1.0935e+00 -1.5388e+00
80 0 +5.435583785e+01 -1.341621511e-01 -1.341621511e-01 +1.0896e+00 +1.1103e-01 +2.5357e-01 -5.7902e-01 -1.1320e+00
110 0 +4.892172787e+01 -5.568272132e+00 -5.568272132e+00 +1.3319e+00 -3.7848e-01 +3.1203e-01 -1.4880e+00 -2.7402e+00
196 0 +4.745344060e+01 -7.036559397e+00 -7.036559397e+00 +2.2637e+00 -4.8053e-01 +2.0520e-01 -1.3477e+00 -2.3703e+00
218 0 +4.184878650e+01 -1.264121350e+01 -1.264121350e+01 +2.0751e+00 +1.3610e-01 +4.1552e-01 -2.1292e+00 -3.3339e+00
238 0 +2.852321664e+01 -2.596678336e+01 -2.596678336e+01 +1.9508e+00 -1.6661e-01 +7.2048e-01 -1.4760e+00 -1.9731e+00
458 0 +2.690539723e+01 -2.758460277e+01 -2.758460277e+01 +2.7588e+00 +3.7820e-02 +1.0777e+00 -1.1817e+00 -1.6445e+00
504 0 +2.690539723e+01 -2.758460277e+01 -2.758460277e+01 +2.7588e+00 +3.7820e-02 +1.0777e+00 -1.1817e+00 -1.6445e+00
% f evaluations | g evaluations | best noise-free fitness - Fopt (5.049000000000e+01) + sum g_i+ | measured fitness | best measured fitness or single-digit g-values | x1 | x2...
1 0 +1.883648249e+02 +2.388548249e+02 +2.388548249e+02 +5.0716e-01 -1.3978e-01 +9.8462e-03 +1.2226e-01 -2.3669e-01
10 0 +1.701826505e+02 +2.206726505e+02 +2.206726505e+02 +5.9963e-01 +3.7280e-01 +1.3218e-01 -1.2274e-01 +2.9333e-01
27 0 +1.420670782e+02 +1.925570782e+02 +1.925570782e+02 +4.4712e-01 +6.3378e-02 +8.7608e-02 -2.7405e-01 +6.7318e-01
40 0 +1.297248655e+02 +1.802148655e+02 +1.802148655e+02 +5.9334e-01 +3.3995e-01 +7.8876e-01 +3.0814e-02 +8.5281e-01
62 0 +1.186704437e+02 +1.691604437e+02 +1.691604437e+02 +4.2651e-01 +6.5244e-01 +7.6626e-01 -6.1568e-01 +9.2242e-01
69 0 +1.147633526e+02 +1.652533526e+02 +1.652533526e+02 +7.1595e-01 +3.5283e-01 +1.2233e+00 -4.3365e-01 +1.3453e+00
73 0 +1.102994622e+02 +1.607894622e+02 +1.607894622e+02 +9.5687e-01 +5.1997e-01 +1.2783e+00 -4.8806e-01 +1.4311e+00
74 0 +1.052917135e+02 +1.557817135e+02 +1.557817135e+02 +7.6686e-01 +8.3532e-01 +1.3524e+00 -7.6057e-01 +2.4717e+00
77 0 +7.596082286e+01 +1.264508229e+02 +1.264508229e+02 +1.1703e+00 +6.0656e-01 +1.8032e+00 -9.1697e-01 +2.8257e+00
93 0 +6.889089421e+01 +1.193808942e+02 +1.193808942e+02 +1.4462e+00 -1.1443e-01 +1.3144e+00 -7.7204e-01 +3.5819e+00
99 0 +4.541015449e+01 +9.590015449e+01 +9.590015449e+01 +2.6224e+00 +4.8467e-02 +2.0760e+00 -3.5024e-01 +4.1935e+00
123 0 +3.749479287e+01 +8.798479287e+01 +8.798479287e+01 +3.3402e+00 +1.0256e+00 +2.3807e+00 -1.9467e+00 +5.1915e+00
160 0 +2.070229004e+01 +7.119229004e+01 +7.119229004e+01 +2.6897e+00 -4.3181e-02 +2.9791e+00 -1.1066e+00 +3.7962e+00
356 0 +1.981954887e+01 +7.030954887e+01 +7.030954887e+01 +2.9938e+00 +3.0391e-01 +3.4061e+00 +3.3563e-01 +4.0690e+00
504 0 +1.981954887e+01 +7.030954887e+01 +7.030954887e+01 +2.9938e+00 +3.0391e-01 +3.4061e+00 +3.3563e-01 +4.0690e+00
% f evaluations | g evaluations | best noise-free fitness - Fopt (-3.641300000000e+02) + sum g_i+ | measured fitness | best measured fitness or single-digit g-values | x1 | x2...
1 0 +1.280486055e+02 -2.360813945e+02 -2.360813945e+02 +5.0716e-01 -1.3978e-01 +9.8462e-03 +1.2226e-01 -2.3669e-01
3 0 +7.326275139e+01 -2.908672486e+02 -2.908672486e+02 -1.8763e-01 -5.1465e-02 +1.5159e-01 -7.8409e-02 -7.2828e-02
33 0 +5.230357170e+01 -3.118264283e+02 -3.118264283e+02 -4.2382e-01 +3.1159e-01 -1.7059e-01 -7.7598e-01 -1.8884e-01
65 0 +4.415131833e+01 -3.199786817e+02 -3.199786817e+02 -1.3890e+00 +5.7302e-01 -3.4515e-01 -1.5244e+00 +1.1633e-02
133 0 +4.060453990e+01 -3.235254601e+02 -3.235254601e+02 -1.7631e+00 +5.5916e-01 -6.1232e-02 -2.1095e+00 -1.1134e-01
162 0 +2.911072757e+01 -3.350192724e+02 -3.350192724e+02 -1.4082e+00 +5.1349e-01 +7.8009e-02 -1.8760e+00 +1.7481e-01
259 0 +2.814425626e+01 -3.359857437e+02 -3.359857437e+02 -1.3173e+00 +3.7537e-01 -1.2391e-01 -1.8254e+00 +6.1245e-02
268 0 +2.677044668e+01 -3.373595533e+02 -3.373595533e+02 -1.3893e+00 +4.8920e-01 -1.4383e-02 -1.8348e+00 +1.6746e-01
272 0 +2.541726436e+01 -3.387127356e+02 -3.387127356e+02 -1.3334e+00 +4.6938e-01 -1.3026e-02 -1.8546e+00 +1.5814e-01
291 0 +2.453605892e+01 -3.395939411e+02 -3.395939411e+02 -1.3722e+00 +4.3082e-01 -4.4990e-02 -1.8534e+00 +5.0991e-02
326 0 +2.295085321e+01 -3.411791468e+02 -3.411791468e+02 -1.3370e+00 +4.4267e-01 -6.1958e-02 -1.8618e+00 +8.5007e-02
349 0 +2.271841649e+01 -3.414115835e+02 -3.414115835e+02 -1.2982e+00 +4.4008e-01 -7.2153e-02 -1.8729e+00 +6.3007e-02
391 0 +2.219484756e+01 -3.419351524e+02 -3.419351524e+02 -1.3285e+00 +4.5683e-01 -6.8411e-02 -1.8454e+00 +7.6337e-02
504 0 +2.192053581e+01 -3.422094642e+02 -3.422094642e+02 -1.3013e+00 +4.4963e-01 -8.9688e-02 -1.8589e+00 +6.2650e-02
% f evaluations | g evaluations | best noise-free fitness - Fopt (1.592700000000e+02) + sum g_i+ | measured fitness | best measured fitness or single-digit g-values | x1 | x2...
1 0 +1.534691056e+02 +3.127391056e+02 +3.127391056e+02 +5.0716e-01 -1.3978e-01 +9.8462e-03 +1.2226e-01 -2.3669e-01
3 0 +1.401443964e+02 +2.994143964e+02 +2.994143964e+02 -1.8763e-01 -5.1465e-02 +1.5159e-01 -7.8409e-02 -7.2828e-02
6 0 +1.272957115e+02 +2.865657115e+02 +2.865657115e+02 -4.3520e-01 -1.2157e-01 -6.8651e-01 +3.1483e-01 -1.2495e-01
9 0 +1.243887183e+02 +2.836587183e+02 +2.836587183e+02 -1.2627e-01 +2.4132e-01 -1.3441e-01 -2.5100e-01 -2.5560e-04
18 0 +1.085199808e+02 +2.677899808e+02 +2.677899808e+02 -7.9864e-01 +2.6940e-01 -2.5061e-01 -1.7447e-01 -2.8958e-01
26 0 +1.046821243e+02 +2.639521243e+02 +2.639521243e+02 -8.8273e-01 +1.8043e-01 -8.0360e-02 -4.1304e-01 -1.1535e-01
38 0 +7.816260905e+01 +2.374326091e+02 +2.374326091e+02 -1.4525e+00 -1.7875e-01 -1.3104e-02 -3.4850e-01 -3.3662e-01
48 0 +7.452014033e+01 +2.337901403e+02 +2.337901403e+02 -1.2500e+00 -5.5243e-01 +3.2176e-01 -3.7759e-01 -5.4825e-01
53 0 +4.406722648e+01 +2.033372265e+02 +2.033372265e+02 -1.9059e+00 -4.8740e-01 +9.7244e-01 +7.3631e-02 -1.3226e+00
118 0 +4.165865989e+01 +2.009286599e+02 +2.009286599e+02 -2.0901e+00 -1.0473e+00 +8.5076e-01 -5.5077e-01 -2.6696e+00
143 0 +2.885916964e+01 +1.881291696e+02 +1.881291696e+02 -2.2031e+00 -6.1702e-01 +1.6531e+00 -7.8633e-01 -2.9875e+00
186 0 +2.682783293e+01 +1.860978329e+02 +1.860978329e+02 -2.1454e+00 -1.4567e+00 +2.2912e+00 -1.1457e+00 -1.9604e+00
210 0 +2.487581996e+01 +1.841458200e+02 +1.841458200e+02 -2.1467e+00 -1.8009e+00 +1.9838e+00 -1.7036e+00 -2.7754e+00
301 0 +2.117336897e+01 +1.804433690e+02 +1.804433690e+02 -2.2353e+00 -2.6871e-01 +2.9752e+00 -1.1015e+00 -6.0275e-01
504 0 +2.117336897e+01 +1.804433690e+02 +1.804433690e+02 -2.2353e+00 -2.6871e-01 +2.9752e+00 -1.1015e+00 -6.0275e-01
