% f evaluations | g evaluations | best noise-free fitness - Fopt (-4.620900000000e+02) + sum g_i+ | measured fitness | best measured fitness or single-digit g-values | x1 | x2...
1 0 +1.395860125e+02 -3.225039875e+02 -3.225039875e+02 -6.3192e-01 -5.3931e-02 +1.3639e-01 +4.8810e-02 -9.1495e-02
2 0 +1.118455231e+02 -3.502444769e+02 -3.502444769e+02 -1.2930e-01 -8.3651e-02 -5.7295e-01 +9.1533e-02 +8.9459e-01
9 0 +9.533474023e+01 -3.667552598e+02 -3.667552598e+02 -4.2083e-03 +2.3989e-02 -6.6765e-01 -1.6442e-01 +5.5383e-01
11 0 +9.180671178e+01 -3.702832882e+02 -3.702832882e+02 -4.1404e-02 +1.8344e-01 -7.4091e-01 -1.4783e-01 +8.4840e-01
24 0 +8.658475051e+01 -3.755052495e+02 -3.755052495e+02 +5.3560e-01 -1.7564e-02 -8.1533e-01 +1.2954e-01 +1.1089e+00
38 0 +6.885856744e+01 -3.932314326e+02 -3.932314326e+02 +1.1666e+00 +1.9285e-01 -1.2256e+00 +3.7094e-01 +2.2770e+00
55 0 +5.126554525e+01 -4.108244548e+02 -4.108244548e+02 +1.3000e+00 -1.0327e-01 -1.2838e-01 -1.0985e-01 +1.7116e+00
141 0 +4.508378368e+01 -4.170062163e+02 -4.170062163e+02 +4.6582e-01 +8.6412e-01 +6.6861e-01 -5.3376e-01 +1.6487e+00
197 0 +4.357797418e+01 -4.185120258e+02 -4.185120258e+02 +3.3115e-01 +9.2286e-01 +4.8545e-01 -1.1999e-01 +1.3361e+00
250 0 +4.027968055e+01 -4.218103194e+02 -4.218103194e+02 +3.4333e-01 +1.0554e+00 +6.5852e-01 -1.3635e-01 +1.3107e+00
273 0 +3.655966432e+01 -4.255303357e+02 -4.255303357e+02 +3.7534e-01 +1.0480e+00 +6.5185e-01 -1.4076e-01 +1.3291e+00
282 0 +3.620744279e+01 -4.258825572e+02 -4.258825572e+02 +3.9617e-01 +1.0220e+00 +6.7212e-01 -1.2518e-01 +1.3206e+00
293 0 +3.530638095e+01 -4.267836190e+02 -4.267836190e+02 +3.8017e-01 +1.0358e+00 +6.6397e-01 -1.4052e-01 +1.3295e+00
304 0 +3.388054492e+01 -4.282094551e+02 -4.282094551e+02 +3.8670e-01 +1.0265e+00 +6.5867e-01 -1.5154e-01 +1.3414e+00
343 0 +3.273644162e+01 -4.293535584e+02 -4.293535584e+02 +3.8799e-01 +1.0111e+00 +6.6222e-01 -1.5296e-01 +1.3340e+00
367 0 +3.231118057e+01 -4.297788194e+02 -4.297788194e+02 +3.8768e-01 +1.0064e+00 +6.6413e-01 -1.5443e-01 +1.3376e+00
504 0 +3.164633925e+01 -4.304436607e+02 -4.304436607e+02 +3.9525e-01 +9.9523e-01 +6.7224e-01 -1.5618e-01 +1.3388e+00
% f evaluations | g evaluations | best noise-free fitness - Fopt (7.766000000000e+01) + sum g_i+ | measured fitness | best measured fitness or single-digit g-values | x1 | x2...
1 0 +1.852876371e+02 +2.629476371e+02 +2.629476371e+02 -2.1552e-01 -3.1181e-01 -2.1637e-01 -6.9478e-02 +3.6145e-02
3 0 +1.617103898e+02 +2.393703898e+02 +2.393703898e+02 -5.1828e-01 -1.0717e-01 -2.2031e-01 +4.9322e-01 -3.1846e-02
18 0 +1.338103270e+02 +2.114703270e+02 +2.114703270e+02 +8.7649e-02 -4.4343e-01 +1.9022e-01 +6.3112e-01 +8.4381e-01
37 0 +1.268043032e+02 +2.044643032e+02 +2.044643032e+02 +1.0090e-01 -3.0931e-01 +3.6691e-01 +6.6112e-01 +5.7547e-01
42 0 +9.431424912e+01 +1.719742491e+02 +1.719742491e+02 +7.6148e-01 -7.1951e-01 +6.0251e-01 +7.6048e-01 +6.4097e-01
51 0 +8.766796218e+01 +1.653279622e+02 +1.653279622e+02 +6.9062e-01 -8.4440e-01 +7.8083e-01 +1.2709e+00 +8.7986e-01
57 0 +8.426417651e+01 +1.619241765e+02 +1.619241765e+02 +1.2659e+00 -9.6598e-01 +1.3748e+00 +1.4000e+00 +1.2069e+00
67 0 +5.778507308e+01 +1.354450731e+02 +1.354450731e+02 +1.3277e+00 -9.0967e-01 +8.6607e-01 +1.5420e+00 +1.7913e+00
73 0 +5.604093488e+01 +1.337009349e+02 +1.337009349e+02 +1.7641e+00 -1.7445e+00 +1.3794e+00 +2.3443e+00 +1.5206e+00
89 0 +5.451009523e+01 +1.321700952e+02 +1.321700952e+02 +5.9014e-01 -2.2075e+00 +9.0265e-01 +1.1833e+00 +1.7736e+00
113 0 +4.378284766e+01 +1.214428477e+02 +1.214428477e+02 +8.3381e-01 -2.2383e+00 +7.7013e-01 +1.7734e+00 +1.7741e+00
131 0 +3.926224273e+01 +1.169222427e+02 +1.169222427e+02 +2.2718e+00 -2.7621e+00 +1.3349e+00 +2.8350e+00 +2.4900e+00
162 0 +2.374606237e+01 +1.014060624e+02 +1.014060624e+02 +2.1992e+00 -1.6931e+00 +1.3790e+00 +2.8655e+00 +2.2115e+00
195 0 +1.781446464e+01 +9.547446464e+01 +9.547446464e+01 +2.3773e+00 -1.6748e+00 +1.2857e+00 +2.8707e+00 +1.7858e+00
242 0 +1.675181618e+01 +9.441181618e+01 +9.441181618e+01 +2.4047e+00 -1.7400e+00 +1.2539e+00 +2.9715e+00 +1.8307e+00
243 0 +1.231302403e+01 +8.997302403e+01 +8.997302403e+01 +2.3109e+00 -1.6114e+00 +1.2114e+00 +2.9146e+00 +1.8177e+00
265 0 +9.189485943e+00 +8.684948594e+01 +8.684948594e+01 +2.3686e+00 -1.6910e+00 +1.2586e+00 +2.9354e+00 +1.8180e+00
280 0 +8.848458006e+00 +8.650845801e+01 +8.650845801e+01 +2.3736e+00 -1.6950e+00 +1.2397e+00 +2.9238e+00 +1.8104e+00
285 0 +8.005555564e+00 +8.566555556e+01 +8.566555556e+01 +2.3760e+00 -1.6334e+00 +1.2241e+00 +2.9140e+00 +1.7846e+00
315 0 +7.492402471e+00 +8.515240247e+01 +8.515240247e+01 +2.3748e+00 -1.6488e+00 +1.2398e+00 +2.9348e+00 +1.7911e+00
329 0 +6.962635284e+00 +8.462263528e+01 +8.462263528e+01 +2.3888e+00 -1.6518e+00 +1.2458e+00 +2.9340e+00 +1.7880e+00
342 0 +6.576200563e+00 +8.423620056e+01 +8.423620056e+01 +2.3900e+00 -1.6601e+00 +1.2487e+00 +2.9287e+00 +1.7853e+00
357 0 +6.281552708e+00 +8.394155271e+01 +8.394155271e+01 +2.3977e+00 -1.6579e+00 +1.2583e+00 +2.9264e+00 +1.7842e+00
416 0 +6.152924831e+00 +8.381292483e+01 +8.381292483e+01 +2.3942e+00 -1.6547e+00 +1.2613e+00 +2.9255e+00 +1.7791e+00
504 0 +6.081675951e+00 +8.374167595e+01 +8.374167595e+01 +2.3927e+00 -1.6548e+00 +1.2625e+00 +2.9224e+00 +1.7772e+00
% f evaluations | g evaluations | best noise-free fitness - Fopt (1.156800000000e+02) + sum g_i+ | measured fitness | best measured fitness or single-digit g-values | x1 | x2...
1 0 +2.133216147e+02 +3.290016147e+02 +3.290016147e+02 +2.6930e-01 -5.7793e-01 -2.9882e-01 +1.3077e-01 +3.9747e-02
10 0 +2.072895352e+02 +3.229695352e+02 +3.229695352e+02 +3.1120e-01 -8.8572e-02 -2.2718e-01 -3.8296e-02 +2.1459e-01
11 0 +1.968728142e+02 +3.125528142e+02 +3.125528142e+02 -4.6609e-02 -2.6918e-01 -5.5041e-01 -2.2317e-01 +4.0234e-01
19 0 +1.441686300e+02 +2.598486300e+02 +2.598486300e+02 +2.0020e-01 -9.8825e-02 -3.3665e-01 +5.2185e-01 +4.1455e-01
23 0 +1.389127676e+02 +2.545927676e+02 +2.545927676e+02 -3.2335e-02 -3.1148e-01 -1.9983e-01 +4.9815e-01 +7.3374e-01
34 0 +1.337533661e+02 +2.494333661e+02 +2.494333661e+02 +5.3132e-02 -1.3161e-01 -4.3199e-01 +4.9863e-01 +6.4240e-01
40 0 +1.211513220e+02 +2.368313220e+02 +2.368313220e+02 +3.1908e-01 -2.7904e-01 -3.3934e-01 +2.8801e-01 +1.4268e+00
43 0 +1.125981727e+02 +2.282781727e+02 +2.282781727e+02 +1.2908e-01 -7.9744e-01 -3.2273e-01 +6.2067e-01 +1.9506e+00
52 0 +1.072165189e+02 +2.228965189e+02 +2.228965189e+02 +9.9060e-01 -9.0265e-01 +8.8602e-02 +7.6389e-02 +2.5071e+00
58 0 +9.638773725e+01 +2.120677373e+02 +2.120677373e+02 +7.3291e-01 -8.1162e-01 -4.2156e-01 +1.0724e+00 +2.2425e+00
61 0 +7.529665633e+01 +1.909766563e+02 +1.909766563e+02 +2.5492e-01 -1.0261e+00 +1.5059e-01 +6.6863e-01 +2.4212e+00
88 0 +5.833898243e+01 +1.740189824e+02 +1.740189824e+02 +1.2121e+00 -1.5981e+00 -2.7880e-01 +1.0796e+00 +2.8302e+00
105 0 +4.725960303e+01 +1.629396030e+02 +1.629396030e+02 +1.2857e+00 -1.0633e+00 -1.0882e+00 +1.9393e+00 +2.9002e+00
112 0 +4.096429494e+01 +1.566442949e+02 +1.566442949e+02 +1.2693e+00 -9.7260e-01 +1.5664e-01 +2.1417e+00 +2.3816e+00
121 0 +3.813407351e+01 +1.538140735e+02 +1.538140735e+02 +2.1210e+00 -1.3838e+00 -2.0525e-01 +2.1829e+00 +3.2495e+00
134 0 +3.544599991e+01 +1.511259999e+02 +1.511259999e+02 +2.0879e+00 -1.5196e+00 -5.3841e-01 +2.6236e+00 +3.6315e+00
159 0 +3.025415732e+01 +1.459341573e+02 +1.459341573e+02 +2.4771e+00 -8.1711e-01 -2.3016e-01 +2.7273e+00 +3.5653e+00
174 0 +2.557410993e+01 +1.412541099e+02 +1.412541099e+02 +2.3858e+00 -1.0196e+00 -3.1748e-01 +2.9969e+00 +3.3676e+00
176 0 +1.659055760e+01 +1.322705576e+02 +1.322705576e+02 +2.0287e+00 -1.0112e+00 -2.7254e-01 +2.5815e+00 +3.3098e+00
228 0 +8.495075193e+00 +1.241750752e+02 +1.241750752e+02 +2.1067e+00 -1.0641e+00 -3.3874e-01 +2.7128e+00 +3.2688e+00
271 0 +5.475957801e+00 +1.211559578e+02 +1.211559578e+02 +2.1447e+00 -1.0423e+00 -3.3571e-01 +2.6474e+00 +3.2971e+00
302 0 +5.296781448e+00 +1.209767814e+02 +1.209767814e+02 +2.1428e+00 -1.0500e+00 -3.0251e-01 +2.6837e+00 +3.2909e+00
309 0 +4.936749521e+00 +1.206167495e+02 +1.206167495e+02 +2.1477e+00 -1.0321e+00 -2.9793e-01 +2.6824e+00 +3.3001e+00
314 0 +4.661411212e+00 +1.203414112e+02 +1.203414112e+02 +2.1530e+00 -1.0261e+00 -3.0070e-01 +2.6719e+00 +3.2966e+00
336 0 +4.385160874e+00 +1.200651609e+02 +1.200651609e+02 +2.1554e+00 -1.0120e+00 -3.0401e-01 +2.6672e+00 +3.2870e+00
350 0 +4.212150674e+00 +1.198921507e+02 +1.198921507e+02 +2.1618e+00 -1.0129e+00 -2.9774e-01 +2.6768e+00 +3.2978e+00
386 0 +4.142552480e+00 +1.198225525e+02 +1.198225525e+02 +2.1654e+00 -1.0135e+00 -3.0279e-01 +2.6720e+00 +3.2982e+00
407 0 +4.064998283e+00 +1.197449983e+02 +1.197449983e+02 +2.1660e+00 -1.0134e+00 -3.0364e-01 +2.6734e+00 +3.2963e+00
504 0 +3.992965363e+00 +1.196729654e+02 +1.196729654e+02 +2.1671e+00 -1.0127e+00 -3.0459e-01 +2.6747e+00 +3.2958e+00
% f evaluations | g evaluations | best noise-free fitness - Fopt (-3.710000000000e+00) + sum g_i+ | measured fitness | best measured fitness or single-digit g-values | x1 | x2...
1 0 +2.836345871e+02 +2.799245871e+02 +2.799245871e+02 +5.7872e-01 -4.3770e-02 -2.3672e-03 +1.7469e-02 -3.4868e-01
2 0 +2.705647369e+02 +2.668547369e+02 +2.668547369e+02 -4.0685e-02 -2.0533e-01 -6.6612e-02 -4.5512e-02 +4.7780e-02
4 0 +2.068269500e+02 +2.031169500e+02 +2.031169500e+02 +6.2766e-02 -8.8886e-02 +1.7708e-01 +5.6508e-01 +7.2857e-02
16 0 +1.928257274e+02 +1.891157274e+02 +1.891157274e+02 +2.6327e-01 -4.3957e-01 +1.7298e-01 +5.1354e-01 +2.5328e-01
20 0 +1.695492260e+02 +1.658392260e+02 +1.658392260e+02 +2.1173e-01 -4.8161e-01 +3.8154e-01 +7.3432e-01 +1.2211e+00
29 0 +1.185512073e+02 +1.148412073e+02 +1.148412073e+02 -4.9036e-01 -7.5194e-01 +6.9321e-01 +1.3193e+00 +1.2527e+00
34 0 +1.093958539e+02 +1.056858539e+02 +1.056858539e+02 -3.1121e-01 -8.5037e-01 +4.8154e-01 +1.3840e+00 +2.4204e+00
52 0 +8.462433844e+01 +8.091433844e+01 +8.091433844e+01 -4.3581e-02 -1.4063e+00 +1.3348e+00 +1.6118e+00 +2.3576e+00
56 0 +8.064127744e+01 +7.693127744e+01 +7.693127744e+01 -2.7971e-01 -2.2893e+00 +1.1522e+00 +1.9179e+00 +2.1350e+00
65 0 +7.801491923e+01 +7.430491923e+01 +7.430491923e+01 -1.8617e-01 -1.9544e+00 +5.0180e-01 +2.7443e+00 +2.8431e+00
77 0 +7.393670700e+01 +7.022670700e+01 +7.022670700e+01 -3.7875e-01 -2.2639e+00 -1.1118e+00 +2.6901e+00 +2.8047e+00
103 0 +6.470235832e+01 +6.099235832e+01 +6.099235832e+01 -4.2845e-02 -2.4513e+00 -2.6618e-02 +2.3798e+00 +2.8360e+00
117 0 +3.440409356e+01 +3.069409356e+01 +3.069409356e+01 +1.9628e-01 -2.9010e+00 +1.1543e+00 +2.7391e+00 +2.8347e+00
261 0 +3.092601451e+01 +2.721601451e+01 +2.721601451e+01 +5.2799e-02 -2.2633e+00 +1.2074e+00 +2.3377e+00 +2.4709e+00
293 0 +3.033431220e+01 +2.662431220e+01 +2.662431220e+01 +6.4233e-02 -2.2734e+00 +1.1820e+00 +2.3449e+00 +2.4700e+00
305 0 +3.011495697e+01 +2.640495697e+01 +2.640495697e+01 +5.7854e-02 -2.2773e+00 +1.1956e+00 +2.3532e+00 +2.4602e+00
504 0 +2.985081293e+01 +2.614081293e+01 +2.614081293e+01 +6.5107e-02 -2.2965e+00 +1.1874e+00 +2.3628e+00 +2.4653e+00
% f evaluations | g evaluations | best noise-free fitness - Fopt (1.321800000000e+02) + sum g_i+ | measured fitness | best measured fitness or single-digit g-values | x1 | x2...
1 0 +1.855045802e+02 +3.176845802e+02 +3.176845802e+02 -6.3602e-02 -2.9968e-01 -1.0579e-01 -2.3143e-01 -1.1017e-01
4 0 +1.691557069e+02 +3.013357069e+02 +3.013357069e+02 -1.9147e-01 +3.8730e-02 -3.6009e-01 -3.2024e-01 +1.3807e-01
10 0 +1.613163907e+02 +2.934963907e+02 +2.934963907e+02 +2.3281e-01 +2.2118e-01 +1.8784e-01 -2.7438e-01 +2.2867e-01
11 0 +1.187246708e+02 +2.509046708e+02 +2.509046708e+02 -1.2640e-01 +1.9863e-01 +4.4951e-02 -8.1038e-01 +2.6203e-01
33 0 +1.077351968e+02 +2.399151968e+02 +2.399151968e+02 -1.3004e-01 +1.6924e-01 +6.5273e-01 -2.9950e-01 +1.0149e+00
48 0 +9.588804061e+01 +2.280680406e+02 +2.280680406e+02 -3.0374e-01 +2.8314e-02 +5.9529e-01 -8.2539e-01 +6.4803e-01
62 0 +9.229745742e+01 +2.244774574e+02 +2.244774574e+02 -5.7185e-01 -7.4928e-02 +1.0676e+00 -9.8406e-01 +1.7787e+00
70 0 +8.455698297e+01 +2.167369830e+02 +2.167369830e+02 -6.2474e-01 +4.1267e-01 +1.3413e+00 -1.9893e+00 +2.1941e+00
82 0 +7.049785568e+01 +2.026778557e+02 +2.026778557e+02 -1.1640e+00 +9.6220e-02 +6.8565e-01 -2.4131e+00 +2.5538e+00
106 0 +5.684060623e+01 +1.890206062e+02 +1.890206062e+02 -3.8953e-01 -6.7143e-01 +1.9346e+00 -2.3479e+00 +1.8924e+00
154 0 +5.227022584e+01 +1.844502258e+02 +1.844502258e+02 -3.0282e-01 -6.1615e-02 +2.0185e+00 -1.9430e+00 +1.7745e+00
177 0 +4.556481842e+01 +1.777448184e+02 +1.777448184e+02 -2.1124e-01 +8.6768e-02 +1.9331e+00 -1.8323e+00 +2.1568e+00
179 0 +4.188139875e+01 +1.740613987e+02 +1.740613987e+02 -1.2972e-01 +1.7015e-01 +1.9053e+00 -1.5860e+00 +1.7639e+00
236 0 +4.038571735e+01 +1.725657173e+02 +1.725657173e+02 -2.8076e-01 +5.6831e-02 +1.8734e+00 -1.5673e+00 +1.8361e+00
241 0 +3.787364912e+01 +1.700536491e+02 +1.700536491e+02 -2.8381e-01 +8.8540e-02 +1.9158e+00 -1.5772e+00 +1.8017e+00
254 0 +3.661598326e+01 +1.687959833e+02 +1.687959833e+02 -2.5765e-01 +1.0614e-01 +1.9162e+00 -1.5729e+00 +1.8049e+00
257 0 +3.568068317e+01 +1.678606832e+02 +1.678606832e+02 -2.7776e-01 +1.0065e-01 +1.8945e+00 -1.5423e+00 +1.8072e+00
270 0 +3.485405074e+01 +1.670340507e+02 +1.670340507e+02 -2.7164e-01 +1.0871e-01 +1.9036e+00 -1.5277e+00 +1.8016e+00
283 0 +3.461603968e+01 +1.667960397e+02 +1.667960397e+02 -2.4635e-01 +1.0652e-01 +1.9099e+00 -1.5362e+00 +1.7952e+00
410 0 +3.388357813e+01 +1.660635781e+02 +1.660635781e+02 -2.2098e-01 +1.1634e-01 +1.9133e+00 -1.5223e+00 +1.8049e+00
504 0 +3.386896472e+01 +1.660489647e+02 +1.660489647e+02 -2.1863e-01 +1.1755e-01 +1.9129e+00 -1.5225e+00 +1.8046e+00
% f evaluations | g evaluations | best noise-free fitness - Fopt (-3.930000000000e+01) + sum g_i+ | measured fitness | best measured fitness or single-digit g-values | x1 | x2...
1 0 +1.309125211e+02 +9.161252109e+01 +9.161252109e+01 +6.7385e-02 -4.3185e-01 +2.1168e-01 +2.6448e-02 +9.3076e-02
15 0 +1.141570314e+02 +7.485703143e+01 +7.485703143e+01 +3.4258e-01 -4.4709e-01 +1.8173e-01 +2.6278e-01 +5.5744e-01
25 0 +1.043092917e+02 +6.500929174e+01 +6.500929174e+01 +3.1289e-01 -5.2741e-01 +1.6510e-01 +2.7773e-02 +3.4388e-01
43 0 +1.002045917e+02 +6.090459174e+01 +6.090459174e+01 +3.5274e-01 -4.2638e-01 -1.1155e-02 +5.6184e-01 +7.7263e-01
45 0 +8.908592177e+01 +4.978592177e+01 +4.978592177e+01 +5.4553e-01 -5.4866e-01 +1.2508e-01 -3.7070e-03 +6.9350e-01
85 0 +8.044129388e+01 +4.114129388e+01 +4.114129388e+01 +4.8816e-01 -4.2276e-01 +1.0881e-01 +4.5371e-01 +1.0056e+00
100 0 +7.077542296e+01 +3.147542296e+01 +3.147542296e+01 +6.2292e-01 -3.5893e-01 +4.8485e-02 +3.5201e-01 +1.0035e+00
504 0 +6.990254391e+01 +3.060254391e+01 +3.060254391e+01 +5.5116e-01 -4.4364e-01 +3.7164e-02 +3.6576e-01 +1.0038e+00
% f evaluations | g evaluations | best noise-free fitness - Fopt (4.296000000000e+01) + sum g_i+ | measured fitness | best measured fitness or single-digit g-values | x1 | x2...
1 0 +9.862685659e+01 +1.415868566e+02 +1.415868566e+02 +1.0003e-02 -5.0283e-01 +1.7669e-01 +1.1163e-01 +2.4864e-02
5 0 +7.681291497e+01 +1.197729150e+02 +1.197729150e+02 +4.5301e-01 +4.0304e-01 +3.1368e-01 -5.5122e-01 +4.1841e-02
7 0 +7.404909020e+01 +1.170090902e+02 +1.170090902e+02 +1.2561e-02 -4.1293e-01 +4.4886e-01 +2.9109e-01 +2.2286e-01
26 0 +6.680042772e+01 +1.097604277e+02 +1.097604277e+02 +7.0728e-01 -1.1445e+00 +4.1343e-01 +1.4112e+00 +2.7948e-01
32 0 +5.647655866e+01 +9.943655866e+01 +9.943655866e+01 +5.7929e-01 -2.6628e-01 -1.5918e-01 +5.8824e-01 +2.3679e-01
78 0 +5.257029107e+01 +9.553029107e+01 +9.553029107e+01 +6.9198e-01 -6.2892e-01 +3.4129e-01 +1.3733e+00 +6.0815e-01
101 0 +5.007783465e+01 +9.303783465e+01 +9.303783465e+01 +5.2381e-01 -4.5341e-01 +3.0333e-01 +1.5054e+00 +2.3441e-01
102 0 +4.039348457e+01 +8.335348457e+01 +8.335348457e+01 +5.6054e-01 -4.7129e-01 +5.8696e-01 +1.5121e+00 +5.5671e-01
137 0 +3.466231360e+01 +7.762231360e+01 +7.762231360e+01 +6.0699e-01 -4.8171e-01 +5.4285e-01 +1.4405e+00 +5.6317e-01
163 0 +3.317877655e+01 +7.613877655e+01 +7.613877655e+01 +5.6789e-01 -4.6289e-01 +4.2855e-01 +1.4560e+00 +6.0544e-01
183 0 +3.113554447e+01 +7.409554447e+01 +7.409554447e+01 +5.7392e-01 -4.6862e-01 +5.0667e-01 +1.4704e+00 +5.9299e-01
197 0 +3.085361632e+01 +7.381361632e+01 +7.381361632e+01 +5.7981e-01 -4.9325e-01 +5.0373e-01 +1.4479e+00 +5.9321e-01
201 0 +3.010651286e+01 +7.306651286e+01 +7.306651286e+01 +5.7915e-01 -4.9245e-01 +4.8281e-01 +1.4660e+00 +5.8532e-01
216 0 +2.925878088e+01 +7.221878088e+01 +7.221878088e+01 +5.6589e-01 -5.0488e-01 +4.8014e-01 +1.4634e+00 +5.8243e-01
240 0 +2.881587474e+01 +7.177587474e+01 +7.177587474e+01 +5.4476e-01 -5.0764e-01 +4.8119e-01 +1.4566e+00 +5.9029e-01
356 0 +2.817286590e+01 +7.113286590e+01 +7.113286590e+01 +5.2852e-01 -5.1860e-01 +4.8444e-01 +1.4662e+00 +5.8022e-01
504 0 +2.800774888e+01 +7.096774888e+01 +7.096774888e+01 +5.2208e-01 -5.2757e-01 +4.8415e-01 +1.4658e+00 +5.8086e-01
% f evaluations | g evaluations | best noise-free fitness - Fopt (2.842200000000e+02) + sum g_i+ | measured fitness | best measured fitness or single-digit g-values | x1 | x2...
1 0 +1.227713230e+02 +4.069913230e+02 +4.069913230e+02 -4.8702e-01 +1.1253e-01 -1.2251e-01 +1.8716e-01 +3.4282e-03
2 0 +1.047747828e+02 +3.889947828e+02 +3.889947828e+02 +3.4724e-01 +8.6089e-02 +4.2538e-01 +1.9092e-01 -9.6882e-02
4 0 +9.585135001e+01 +3.800713500e+02 +3.800713500e+02 +2.4078e-01 +3.1666e-01 +5.9557e-01 +1.4379e-01 -9.4402e-02
14 0 +8.735401850e+01 +3.715740185e+02 +3.715740185e+02 +5.5369e-01 -2.8450e-01 +6.7722e-01 +3.5638e-02 +4.1451e-01
17 0 +8.452459585e+01 +3.687445958e+02 +3.687445958e+02 +6.0011e-01 +4.9360e-01 +3.0049e-01 +1.8569e-01 +4.3066e-01
21 0 +8.211267243e+01 +3.663326724e+02 +3.663326724e+02 +3.6902e-01 -2.6802e-01 +8.0189e-01 +1.9955e-01 +4.0795e-01
26 0 +5.025411564e+01 +3.344741156e+02 +3.344741156e+02 -1.9597e-02 -3.1949e-01 +3.7313e-01 +5.1708e-02 +8.8890e-01
43 0 +4.339986428e+01 +3.276198643e+02 +3.276198643e+02 +1.1589e+00 -1.0441e+00 +9.2790e-01 +1.8460e-01 +1.1702e+00
74 0 +3.424313399e+01 +3.184631340e+02 +3.184631340e+02 +7.3548e-01 +5.3780e-01 +1.1606e+00 +1.3221e+00 +1.5245e+00
77 0 +3.321247051e+01 +3.174324705e+02 +3.174324705e+02 +1.0735e+00 +3.5986e-01 +1.1166e+00 +1.6942e+00 +1.0748e+00
99 0 +1.594741986e+01 +3.001674199e+02 +3.001674199e+02 +1.0987e+00 -9.2506e-01 +4.8455e-01 +1.3257e+00 +1.1782e+00
214 0 +1.519595271e+01 +2.994159527e+02 +2.994159527e+02 +1.0995e+00 -1.0988e+00 +1.0229e+00 +1.3296e+00 +1.8663e+00
224 0 +1.078611694e+01 +2.950061169e+02 +2.950061169e+02 +1.0662e+00 -1.0174e+00 +1.1112e+00 +1.3683e+00 +1.8773e+00
256 0 +8.890898613e+00 +2.931108986e+02 +2.931108986e+02 +1.0864e+00 -1.0057e+00 +1.0199e+00 +1.3721e+00 +1.8224e+00
269 0 +7.578053622e+00 +2.917980536e+02 +2.917980536e+02 +1.0832e+00 -1.0176e+00 +1.0294e+00 +1.3276e+00 +1.8254e+00
281 0 +7.322710470e+00 +2.915427105e+02 +2.915427105e+02 +1.0857e+00 -1.0087e+00 +1.0262e+00 +1.3467e+00 +1.8226e+00
283 0 +6.716488071e+00 +2.909364881e+02 +2.909364881e+02 +1.0959e+00 -1.0107e+00 +1.0425e+00 +1.3297e+00 +1.8322e+00
291 0 +6.158647491e+00 +2.903786475e+02 +2.903786475e+02 +1.0941e+00 -1.0133e+00 +1.0495e+00 +1.3527e+00 +1.8402e+00
504 0 +6.139289671e+00 +2.903592897e+02 +2.903592897e+02 +1.0878e+00 -1.0162e+00 +1.0447e+00 +1.3422e+00 +1.8408e+00
% f evaluations | g evaluations | best noise-free fitness - Fopt (-3.217000000000e+01) + sum g_i+ | measured fitness | best measured fitness or single-digit g-values | x1 | x2...
1 0 +2.322615777e+02 +2.000915777e+02 +2.000915777e+02 +1.1680e-01 -2.1690e-01 +7.1161e-01 +7.0006e-01 -4.6002e-02
2 0 +2.096384289e+02 +1.774684289e+02 +1.774684289e+02 +6.8292e-02 +7.5175e-01 -4.4547e-02 +1.3477e-01 -1.0710e-01
3 0 +1.962740347e+02 +1.641040347e+02 +1.641040347e+02 +1.5324e-02 +1.1816e-01 -4.1453e-01 -3.4205e-01 +5.7214e-01
4 0 +1.784433219e+02 +1.462733219e+02 +1.462733219e+02 +2.8272e-01 +3.2968e-01 +2.7526e-01 +6.0147e-01 +2.5877e-01
9 0 +1.627542374e+02 +1.305842374e+02 +1.305842374e+02 -1.2284e-01 +5.2973e-01 +7.6614e-02 +3.7229e-01 +4.0774e-01
10 0 +1.266200154e+02 +9.445001535e+01 +9.445001535e+01 +2.3430e-01 +4.5132e-01 +5.4293e-02 +4.7577e-01 +1.0168e+00
17 0 +9.343549304e+01 +6.126549304e+01 +6.126549304e+01 +5.5863e-01 +9.4705e-01 +3.2826e-01 +7.9236e-01 +1.1430e+00
39 0 +8.684422151e+01 +5.467422151e+01 +5.467422151e+01 +2.6260e-01 +8.6497e-01 +3.1932e-01 +7.6069e-01 +1.9884e+00
44 0 +7.537408308e+01 +4.320408308e+01 +4.320408308e+01 +2.7775e-01 +8.4569e-01 +3.3407e-01 +7.0801e-01 +2.4532e+00
52 0 +5.941166363e+01 +2.724166363e+01 +2.724166363e+01 +4.1646e-01 +2.9448e-01 -1.0230e-01 -1.0871e-02 +2.3037e+00
76 0 +3.729288829e+01 +5.122888291e+00 +5.122888291e+00 +4.0391e-01 -1.2431e-01 -6.8552e-01 -1.3294e-01 +3.0406e+00
82 0 +2.740425092e+01 -4.765749079e+00 -4.765749079e+00 +5.7125e-01 +1.2255e+00 -1.1860e-01 -2.2204e-01 +3.3457e+00
118 0 +2.168329372e+01 -1.048670628e+01 -1.048670628e+01 +4.5259e-01 +1.3148e+00 -3.6461e-02 -1.5651e-01 +3.3638e+00
179 0 +1.813678109e+01 -1.403321891e+01 -1.403321891e+01 +5.2221e-01 +1.0693e+00 -2.6722e-02 -1.3535e-01 +2.7253e+00
186 0 +1.589503768e+01 -1.627496232e+01 -1.627496232e+01 +4.8180e-01 +1.0187e+00 -6.3966e-02 -9.8408e-02 +2.7437e+00
217 0 +1.563847952e+01 -1.653152048e+01 -1.653152048e+01 +4.6989e-01 +1.0468e+00 -7.4970e-02 -1.2871e-01 +2.7669e+00
225 0 +1.541941539e+01 -1.675058461e+01 -1.675058461e+01 +4.5634e-01 +1.0898e+00 -7.7366e-02 -1.2874e-01 +2.7628e+00
227 0 +1.436275121e+01 -1.780724879e+01 -1.780724879e+01 +4.9370e-01 +1.0422e+00 -5.7984e-02 -1.3477e-01 +2.7391e+00
229 0 +1.374257531e+01 -1.842742469e+01 -1.842742469e+01 +4.8858e-01 +1.0463e+00 -7.8441e-02 -1.3152e-01 +2.7325e+00
244 0 +1.344488439e+01 -1.872511561e+01 -1.872511561e+01 +4.7408e-01 +1.0379e+00 -6.9581e-02 -1.3764e-01 +2.7380e+00
245 0 +1.289953232e+01 -1.927046768e+01 -1.927046768e+01 +4.6757e-01 +1.0477e+00 -9.0854e-02 -1.4757e-01 +2.7483e+00
251 0 +1.255684195e+01 -1.961315805e+01 -1.961315805e+01 +4.7171e-01 +1.0572e+00 -1.0529e-01 -1.4398e-01 +2.7462e+00
283 0 +1.227685279e+01 -1.989314721e+01 -1.989314721e+01 +4.5371e-01 +1.0439e+00 -1.0683e-01 -1.3247e-01 +2.7439e+00
330 0 +1.201397062e+01 -2.015602938e+01 -2.015602938e+01 +4.4786e-01 +1.0418e+00 -1.2368e-01 -1.3643e-01 +2.7406e+00
504 0 +1.196817045e+01 -2.020182955e+01 -2.020182955e+01 +4.4997e-01 +1.0436e+00 -1.2870e-01 -1.3844e-01 +2.7411e+00
% f evaluations | g evaluations | best noise-free fitness - Fopt (-5.858000000000e+01) + sum g_i+ | measured fitness | best measured fitness or single-digit g-values | x1 | x2...
1 0 +2.150007645e+02 +1.564207645e+02 +1.564207645e+02 -1.3735e-01 +2.2660e-01 -3.7730e-01 +2.7525e-01 +1.5383e-01
2 0 +1.675098462e+02 +1.089298462e+02 +1.089298462e+02 +7.0923e-01 -1.1526e-01 +3.9604e-01 +1.4907e-01 +3.6861e-01
9 0 +1.653660965e+02 +1.067860965e+02 +1.067860965e+02 +4.5427e-01 -2.9368e-01 +4.2036e-01 +1.5321e-01 +3.1025e-01
18 0 +1.421126284e+02 +8.353262844e+01 +8.353262844e+01 +6.8043e-01 -3.0439e-01 +2.1860e-01 +3.3788e-01 +3.6699e-01
26 0 +1.398347433e+02 +8.125474325e+01 +8.125474325e+01 +8.2942e-01 -1.1174e+00 +7.3759e-02 +4.5305e-01 +1.1538e+00
36 0 +1.329707178e+02 +7.439071777e+01 +7.439071777e+01 +6.8641e-01 -1.1765e+00 +1.7865e-01 +5.7563e-01 +6.5990e-01
42 0 +1.199317841e+02 +6.135178408e+01 +6.135178408e+01 +9.5323e-01 -1.5919e+00 +9.5696e-01 +8.9233e-01 +6.3375e-01
43 0 +1.097197458e+02 +5.113974584e+01 +5.113974584e+01 +1.2216e+00 -1.6335e+00 +4.5806e-01 +2.7722e-01 +9.5554e-01
46 0 +1.080011942e+02 +4.942119415e+01 +4.942119415e+01 +1.1329e+00 -1.2710e+00 +8.9555e-01 +2.9207e-01 +1.5953e+00
50 0 +9.534108564e+01 +3.676108564e+01 +3.676108564e+01 +2.4877e+00 -1.3747e+00 +9.6711e-01 +1.2446e+00 +1.4369e+00
54 0 +7.857529325e+01 +1.999529325e+01 +1.999529325e+01 +7.6721e-01 -1.9066e+00 +2.7837e-01 +2.6552e-01 +1.6676e+00
67 0 +7.455739339e+01 +1.597739339e+01 +1.597739339e+01 +2.1890e+00 -1.2329e+00 +3.6121e-01 +3.7937e-01 +2.1131e+00
85 0 +6.401557015e+01 +5.435570145e+00 +5.435570145e+00 +2.2692e+00 -2.3457e+00 +9.5025e-01 +2.2926e+00 +2.2624e+00
92 0 +4.327878555e+01 -1.530121445e+01 -1.530121445e+01 +2.5377e+00 -3.8521e+00 +7.4032e-01 +2.2917e+00 +2.4332e+00
123 0 +4.228871454e+01 -1.629128546e+01 -1.629128546e+01 +1.5644e+00 -3.8493e+00 +5.2247e-01 +2.4953e+00 +2.6164e+00
133 0 +3.668639641e+01 -2.189360359e+01 -2.189360359e+01 +1.5581e+00 -3.0127e+00 +3.0818e-01 +2.2283e+00 +3.3583e+00
146 0 +2.269393694e+01 -3.588606306e+01 -3.588606306e+01 +1.6627e+00 -4.0036e+00 +2.8849e-01 +2.3186e+00 +2.9283e+00
173 0 +2.119776198e+01 -3.738223802e+01 -3.738223802e+01 +1.5711e+00 -3.7810e+00 +3.6334e-01 +1.8306e+00 +2.9723e+00
249 0 +1.805573112e+01 -4.052426888e+01 -4.052426888e+01 +1.7206e+00 -3.2518e+00 +4.5238e-01 +1.4736e+00 +2.8677e+00
257 0 +1.444503556e+01 -4.413496444e+01 -4.413496444e+01 +1.6209e+00 -3.2946e+00 +3.5044e-01 +1.4510e+00 +2.8399e+00
268 0 +1.335078064e+01 -4.522921936e+01 -4.522921936e+01 +1.6192e+00 -3.2279e+00 +3.6274e-01 +1.4096e+00 +2.8822e+00
273 0 +1.273525777e+01 -4.584474223e+01 -4.584474223e+01 +1.6168e+00 -3.2271e+00 +3.8763e-01 +1.4156e+00 +2.8855e+00
279 0 +1.072936184e+01 -4.785063816e+01 -4.785063816e+01 +1.6220e+00 -3.2950e+00 +3.6783e-01 +1.4721e+00 +2.8636e+00
284 0 +9.574463765e+00 -4.900553624e+01 -4.900553624e+01 +1.5948e+00 -3.2990e+00 +3.6872e-01 +1.4219e+00 +2.8866e+00
291 0 +9.420528148e+00 -4.915947185e+01 -4.915947185e+01 +1.5919e+00 -3.2889e+00 +4.0673e-01 +1.4552e+00 +2.8758e+00
300 0 +8.651416378e+00 -4.992858362e+01 -4.992858362e+01 +1.6187e+00 -3.3200e+00 +4.0037e-01 +1.4535e+00 +2.8884e+00
308 0 +8.291587084e+00 -5.028841292e+01 -5.028841292e+01 +1.6183e+00 -3.3160e+00 +3.9017e-01 +1.4557e+00 +2.8965e+00
332 0 +8.119410686e+00 -5.046058931e+01 -5.046058931e+01 +1.6011e+00 -3.3118e+00 +3.8553e-01 +1.4518e+00 +2.8944e+00
504 0 +7.981928581e+00 -5.059807142e+01 -5.059807142e+01 +1.5988e+00 -3.3167e+00 +3.7641e-01 +1.4589e+00 +2.8992e+00
% f evaluations | g evaluations | best noise-free fitness - Fopt (-6.049200000000e+02) + sum g_i+ | measured fitness | best measured fitness or single-digit g-values | x1 | x2...
1 0 +9.263693755e+01 -5.122830624e+02 -5.122830624e+02 +6.6066e-02 +4.8477e-01 +1.8368e-01 -4.6205e-01 -2.9660e-01
3 0 +7.238326589e+01 -5.325367341e+02 -5.325367341e+02 +5.7492e-02 -8.4864e-02 -9.9303e-02 +6.3501e-01 -6.7297e-01
31 0 +5.386849369e+01 -5.510515063e+02 -5.510515063e+02 -5.2587e-02 -1.8902e-01 +9.0978e-01 +6.0066e-01 -2.1534e-01
33 0 +4.638998762e+01 -5.585300124e+02 -5.585300124e+02 -7.4841e-02 -4.1773e-01 +7.8619e-01 +9.5680e-01 -3.0707e-01
65 0 +4.324329559e+01 -5.616767044e+02 -5.616767044e+02 +1.5892e-01 -9.5660e-02 +9.6502e-01 +1.0366e+00 -8.4937e-01
77 0 +4.097051406e+01 -5.639494859e+02 -5.639494859e+02 +3.6814e-01 -2.6368e-01 +1.6642e+00 +1.8582e+00 -5.9237e-01
90 0 +3.922376335e+01 -5.656962367e+02 -5.656962367e+02 +8.9153e-02 -1.6869e-01 +9.4386e-01 +1.4463e+00 -1.0956e+00
112 0 +2.738125280e+01 -5.775387472e+02 -5.775387472e+02 -1.2213e-01 -3.8614e-01 +1.0181e+00 +1.4673e+00 -5.6832e-01
182 0 +2.042038087e+01 -5.844996191e+02 -5.844996191e+02 +5.4288e-02 -2.0879e-01 +9.7008e-01 +1.0628e+00 -3.2933e-01
214 0 +2.005326231e+01 -5.848667377e+02 -5.848667377e+02 +1.1349e-01 -3.2996e-01 +9.9999e-01 +1.0283e+00 -3.3691e-01
221 0 +1.696866183e+01 -5.879513382e+02 -5.879513382e+02 -1.2005e-02 -3.1679e-01 +1.0185e+00 +1.0333e+00 -3.1809e-01
241 0 +1.622077466e+01 -5.886992253e+02 -5.886992253e+02 +5.3854e-02 -3.2323e-01 +9.9167e-01 +1.0187e+00 -3.3889e-01
244 0 +1.532731158e+01 -5.895926884e+02 -5.895926884e+02 +1.4757e-02 -3.6460e-01 +9.8949e-01 +9.9578e-01 -3.2748e-01
277 0 +1.509406972e+01 -5.898259303e+02 -5.898259303e+02 +1.9705e-02 -3.5064e-01 +9.9574e-01 +1.0100e+00 -3.1867e-01
504 0 +1.481336452e+01 -5.901066355e+02 -5.901066355e+02 +2.0013e-02 -3.3130e-01 +9.9090e-01 +1.0087e+00 -3.2404e-01
% f evaluations | g evaluations | best noise-free fitness - Fopt (1.337000000000e+02) + sum g_i+ | measured fitness | best measured fitness or single-digit g-values | x1 | x2...
1 0 +2.380800093e+02 +3.717800093e+02 +3.717800093e+02 +2.0839e-02 +7.6077e-01 -1.9133e-02 -3.6433e-01 +8.8057e-04
2 0 +2.129277735e+02 +3.466277735e+02 +3.466277735e+02 +6.7574e-02 +5.1688e-02 +1.4597e-01 +2.0075e-01 +1.2158e-01
3 0 +1.807462211e+02 +3.144462211e+02 +3.144462211e+02 -3.1250e-01 -5.3690e-01 +2.4489e-01 -2.2430e-03 +5.3471e-01
9 0 +1.751793813e+02 +3.088793813e+02 +3.088793813e+02 -5.6610e-01 -9.0763e-02 -1.7450e-01 +1.8117e-01 +6.2504e-01
13 0 +1.629033460e+02 +2.966033460e+02 +2.966033460e+02 -4.3543e-01 +4.0808e-01 +7.4956e-02 +3.5484e-01 +4.7048e-01
18 0 +1.387124658e+02 +2.724124658e+02 +2.724124658e+02 +3.2929e-01 +9.6841e-01 -2.4572e-01 +6.1549e-01 +5.2746e-01
41 0 +1.313416318e+02 +2.650416318e+02 +2.650416318e+02 -2.1986e-01 +2.7820e-02 +2.4344e-02 -6.6128e-02 +1.4829e+00
44 0 +1.214836406e+02 +2.551836406e+02 +2.551836406e+02 -3.7811e-01 +3.6378e-01 +3.5893e-01 +4.2305e-01 +1.1975e+00
49 0 +1.173516886e+02 +2.510516886e+02 +2.510516886e+02 -3.0379e-01 +1.6900e-01 +3.1263e-01 +4.5375e-01 +1.2902e+00
53 0 +1.020182813e+02 +2.357182813e+02 +2.357182813e+02 -2.2939e-01 +1.0939e-01 +2.7449e-01 +7.0536e-01 +1.6788e+00
73 0 +6.767535747e+01 +2.013753575e+02 +2.013753575e+02 -4.1066e-01 +6.3787e-02 +3.4157e-01 +3.5750e-01 +2.1875e+00
89 0 +6.512273423e+01 +1.988227342e+02 +1.988227342e+02 -9.0340e-01 -3.6563e-01 +4.2136e-01 +1.1518e+00 +2.9632e+00
93 0 +6.139795606e+01 +1.950979561e+02 +1.950979561e+02 -6.6395e-01 +4.8987e-01 +2.2595e-01 +6.7042e-01 +3.3406e+00
104 0 +5.582055659e+01 +1.895205566e+02 +1.895205566e+02 -1.4647e+00 +1.0429e+00 +8.4356e-02 +1.3525e+00 +3.3445e+00
135 0 +5.207050570e+01 +1.857705057e+02 +1.857705057e+02 -1.2712e+00 -9.5943e-02 +3.2500e-01 +1.5451e+00 +3.3513e+00
137 0 +4.611871411e+01 +1.798187141e+02 +1.798187141e+02 -1.3829e+00 +9.6619e-01 +1.4754e-01 +1.4718e+00 +3.0503e+00
168 0 +3.615332659e+01 +1.698533266e+02 +1.698533266e+02 -1.7173e+00 +2.2316e+00 -1.6436e-01 +1.9414e+00 +3.6647e+00
240 0 +2.986719342e+01 +1.635671934e+02 +1.635671934e+02 -1.4750e+00 +2.6670e+00 +2.8681e-01 +2.3094e+00 +3.6809e+00
276 0 +2.904455863e+01 +1.627445586e+02 +1.627445586e+02 -1.4499e+00 +2.4933e+00 +3.4178e-01 +2.3919e+00 +3.7541e+00
283 0 +2.866714503e+01 +1.623671450e+02 +1.623671450e+02 -1.3653e+00 +2.5334e+00 +3.4435e-01 +2.3718e+00 +3.7131e+00
284 0 +2.762632649e+01 +1.613263265e+02 +1.613263265e+02 -1.3852e+00 +2.6186e+00 +2.9922e-01 +2.3757e+00 +3.6735e+00
295 0 +2.685267671e+01 +1.605526767e+02 +1.605526767e+02 -1.3796e+00 +2.5542e+00 +3.1110e-01 +2.3763e+00 +3.6701e+00
328 0 +2.630171570e+01 +1.600017157e+02 +1.600017157e+02 -1.3677e+00 +2.5402e+00 +3.2206e-01 +2.3488e+00 +3.6746e+00
354 0 +2.554774427e+01 +1.592477443e+02 +1.592477443e+02 -1.3747e+00 +2.5463e+00 +3.2132e-01 +2.3554e+00 +3.6872e+00
504 0 +2.522170904e+01 +1.589217090e+02 +1.589217090e+02 -1.3806e+00 +2.5431e+00 +3.2369e-01 +2.3557e+00 +3.6872e+00
% f evaluations | g evaluations | best noise-free fitness - Fopt (-2.098000000000e+01) + sum g_i+ | measured fitness | best measured fitness or single-digit g-values | x1 | x2...
1 0 +9.063130668e+01 +6.965130668e+01 +6.965130668e+01 +7.1204e-02 -4.5986e-01 -1.8004e-01 +3.2619e-01 -1.3640e-01
2 0 +8.625961321e+01 +6.527961321e+01 +6.527961321e+01 -4.0578e-02 +6.8712e-02 -2.3073e-01 -2.2460e-02 +2.7275e-01
49 0 +7.763200355e+01 +5.665200355e+01 +5.665200355e+01 -4.3429e-03 +1.0085e+00 -4.4000e-01 -4.9378e-01 +5.0467e-01
60 0 +7.131099449e+01 +5.033099449e+01 +5.033099449e+01 +2.4370e-01 +5.2984e-01 -1.7941e-01 -5.3069e-02 +1.9732e-01
109 0 +7.067735993e+01 +4.969735993e+01 +4.969735993e+01 -2.7432e-01 +5.4958e-01 -3.8192e-01 +1.4475e-02 +5.7404e-01
111 0 +6.107435421e+01 +4.009435421e+01 +4.009435421e+01 -1.5698e-01 +1.0167e+00 -2.8152e-01 -8.1432e-02 +6.2016e-01
118 0 +5.698321480e+01 +3.600321480e+01 +3.600321480e+01 -4.2724e-02 +9.7283e-01 -2.5356e-01 +5.5647e-03 +6.6682e-01
132 0 +5.199815138e+01 +3.101815138e+01 +3.101815138e+01 -5.5036e-02 +1.1055e+00 -3.8102e-01 +6.8465e-03 +9.4655e-01
140 0 +4.874502863e+01 +2.776502863e+01 +2.776502863e+01 -1.7580e-02 +1.0545e+00 -5.4415e-01 -8.8405e-02 +1.2780e+00
145 0 +4.286371057e+01 +2.188371057e+01 +2.188371057e+01 +6.0368e-02 +1.1122e+00 -5.5169e-01 -3.4130e-02 +1.3382e+00
169 0 +3.948946939e+01 +1.850946939e+01 +1.850946939e+01 +4.0235e-02 +1.7501e+00 -2.5396e-01 +4.7364e-02 +1.5829e+00
180 0 +1.987435791e+01 -1.105642092e+00 -1.105642092e+00 +2.3410e-01 +1.7823e+00 -2.9150e-01 +3.3357e-01 +2.1503e+00
241 0 +1.430875852e+01 -6.671241485e+00 -6.671241485e+00 +2.2118e-01 +1.8404e+00 -2.6355e-01 -2.2130e-02 +1.8041e+00
258 0 +1.332886017e+01 -7.651139827e+00 -7.651139827e+00 +1.7082e-01 +1.9068e+00 -3.1274e-01 -5.2286e-02 +1.7683e+00
265 0 +1.091668119e+01 -1.006331881e+01 -1.006331881e+01 +1.8911e-01 +1.9271e+00 -3.0694e-01 -2.5151e-02 +1.8084e+00
504 0 +1.089153583e+01 -1.008846417e+01 -1.008846417e+01 +2.0218e-01 +1.9232e+00 -3.2985e-01 -2.2665e-02 +1.8031e+00
% f evaluations | g evaluations | best noise-free fitness - Fopt (1.353300000000e+02) + sum g_i+ | measured fitness | best measured fitness or single-digit g-values | x1 | x2...
1 0 +1.794164885e+02 +3.147464885e+02 +3.147464885e+02 -2.6460e-01 +4.8149e-02 -3.8798e-01 -5.4261e-01 -3.1169e-01
2 0 +1.739862095e+02 +3.093162095e+02 +3.093162095e+02 +1.0846e-01 +9.6564e-02 +1.1897e-02 +2.6135e-01 +2.2493e-01
5 0 +1.660925199e+02 +3.014225199e+02 +3.014225199e+02 -5.6933e-01 -5.1198e-01 -3.6895e-01 -3.1300e-01 +2.4837e-01
11 0 +1.633613894e+02 +2.986913894e+02 +2.986913894e+02 -1.1479e+00 -3.5420e-01 +1.1964e-01 -2.5885e-01 +6.9546e-01
15 0 +1.600180896e+02 +2.953480896e+02 +2.953480896e+02 -5.1339e-01 -3.3911e-01 -7.9433e-02 -3.1309e-01 +4.0444e-01
17 0 +1.537963757e+02 +2.891263757e+02 +2.891263757e+02 -7.6761e-01 -1.1642e+00 +1.7609e-01 -5.7098e-01 +6.8270e-01
19 0 +1.313154651e+02 +2.666454651e+02 +2.666454651e+02 -3.7689e-01 -7.3643e-01 -8.5080e-02 -4.4448e-01 +6.8824e-01
21 0 +1.265079671e+02 +2.618379671e+02 +2.618379671e+02 -9.8330e-01 -1.2223e-01 -2.1382e-01 -7.5629e-01 +8.3514e-01
25 0 +1.145561347e+02 +2.498861347e+02 +2.498861347e+02 -5.0707e-01 -8.2533e-02 +6.5330e-01 -2.1278e-01 +9.9302e-01
39 0 +1.020004588e+02 +2.373304588e+02 +2.373304588e+02 -1.1087e+00 -9.2446e-02 -6.7160e-01 -9.1177e-01 +1.4939e+00
43 0 +8.385077495e+01 +2.191807750e+02 +2.191807750e+02 -6.9618e-01 -7.6935e-01 -1.9855e-01 -8.1947e-01 +1.3382e+00
56 0 +7.639237748e+01 +2.117223775e+02 +2.117223775e+02 -9.4741e-01 -4.9253e-01 -3.8727e-01 -1.8142e+00 +2.5276e+00
59 0 +6.740118478e+01 +2.027311848e+02 +2.027311848e+02 -1.1346e+00 -4.4534e-01 +2.7705e-01 -2.0841e+00 +2.6217e+00
66 0 +4.498434143e+01 +1.803143414e+02 +1.803143414e+02 -1.5651e+00 -1.8430e-01 +1.9068e-01 -3.1654e+00 +2.8537e+00
108 0 +4.186623582e+01 +1.771962358e+02 +1.771962358e+02 -3.9108e-01 +6.8646e-01 +3.5475e-01 -1.0370e+00 +2.4985e+00
161 0 +3.955236406e+01 +1.748823641e+02 +1.748823641e+02 -9.9913e-01 -2.3475e-02 +4.5000e-01 -1.7417e+00 +2.9577e+00
163 0 +3.738834088e+01 +1.727183409e+02 +1.727183409e+02 -1.1453e+00 +6.6673e-02 +3.5007e-01 -1.4876e+00 +2.7727e+00
169 0 +3.215984530e+01 +1.674898453e+02 +1.674898453e+02 -1.3001e+00 -3.1527e-02 +2.6532e-01 -1.6490e+00 +2.8270e+00
186 0 +2.429780929e+01 +1.596278093e+02 +1.596278093e+02 -1.3155e+00 +2.6235e-02 +4.3834e-01 -1.4305e+00 +2.9107e+00
188 0 +1.613099112e+01 +1.514609911e+02 +1.514609911e+02 -1.3926e+00 -6.9646e-03 +4.2295e-01 -1.4743e+00 +2.8552e+00
298 0 +1.578389407e+01 +1.511138941e+02 +1.511138941e+02 -1.4927e+00 +1.6863e-02 +4.0211e-01 -1.4734e+00 +2.8622e+00
346 0 +1.548426466e+01 +1.508142647e+02 +1.508142647e+02 -1.4809e+00 +1.6131e-02 +3.9330e-01 -1.4724e+00 +2.8668e+00
504 0 +1.533586394e+01 +1.506658639e+02 +1.506658639e+02 -1.4723e+00 +2.5401e-02 +3.8957e-01 -1.4727e+00 +2.8643e+00
% f evaluations | g evaluations | best noise-free fitness - Fopt (4.066000000000e+01) + sum g_i+ | measured fitness | best measured fitness or single-digit g-values | x1 | x2...
1 0 +1.815824427e+02 +2.222424427e+02 +2.222424427e+02 -3.2916e-02 -1.0674e-01 -4.4328e-01 -2.0090e-01 +1.1982e-01
2 0 +1.576592949e+02 +1.983192949e+02 +1.983192949e+02 +6.3601e-02 -2.1899e-01 +9.7745e-02 -4.5531e-01 +1.9535e-01
9 0 +1.386289714e+02 +1.792889714e+02 +1.792889714e+02 -1.2036e-01 -3.1467e-01 +3.7771e-02 -2.9636e-01 +2.8440e-01
45 0 +1.376215814e+02 +1.782815814e+02 +1.782815814e+02 +1.7631e-01 -3.6327e-01 +9.1447e-01 -6.2174e-01 +1.7495e-01
52 0 +1.303810761e+02 +1.710410761e+02 +1.710410761e+02 +3.2723e-01 -1.2330e+00 +5.2445e-01 -9.9761e-01 +3.2406e-01
59 0 +9.543103484e+01 +1.360910348e+02 +1.360910348e+02 -8.4271e-02 -1.1689e+00 +6.1509e-01 -9.8321e-01 +1.0994e+00
98 0 +8.478346636e+01 +1.254434664e+02 +1.254434664e+02 +7.2440e-01 -1.9140e+00 +1.5457e+00 -1.6720e+00 +1.4354e+00
113 0 +5.845399668e+01 +9.911399668e+01 +9.911399668e+01 +8.4942e-01 -1.7335e+00 +1.8084e+00 -2.2418e+00 +1.3781e+00
238 0 +5.594174968e+01 +9.660174968e+01 +9.660174968e+01 +1.1815e+00 -2.5086e+00 +1.6054e+00 -2.3469e+00 +1.0470e+00
241 0 +5.371793709e+01 +9.437793709e+01 +9.437793709e+01 +1.1100e+00 -2.4754e+00 +1.6167e+00 -2.3179e+00 +1.0150e+00
246 0 +5.346190524e+01 +9.412190524e+01 +9.412190524e+01 +1.1621e+00 -2.4955e+00 +1.6656e+00 -2.2867e+00 +1.0048e+00
256 0 +5.056265271e+01 +9.122265271e+01 +9.122265271e+01 +1.0762e+00 -2.4401e+00 +1.6361e+00 -2.2609e+00 +1.0322e+00
308 0 +5.000351757e+01 +9.066351757e+01 +9.066351757e+01 +1.1255e+00 -2.4751e+00 +1.6462e+00 -2.2656e+00 +1.0436e+00
504 0 +4.977247098e+01 +9.043247098e+01 +9.043247098e+01 +1.1113e+00 -2.4797e+00 +1.6383e+00 -2.2568e+00 +1.0405e+00
