% f evaluations | g evaluations | best noise-free fitness - Fopt (6.870000000000e+00) + sum g_i+ | measured fitness | best measured fitness or single-digit g-values | x1 | x2...
1 0 +2.937826866e+01 +3.624826866e+01 +3.624826866e+01 +1.3237e-01 -9.9262e-02 +7.2925e-01 -7.5630e-02 +3.2884e-02
2 0 +1.055222304e+01 +1.742222304e+01 +1.742222304e+01 +4.7474e-01 -2.7277e-01 -1.7749e-01 +5.6283e-02 -9.8965e-02
8 0 +7.296299074e+00 +1.416629907e+01 +1.416629907e+01 +7.4765e-02 +5.9299e-02 +4.0046e-01 -2.6063e-02 +4.6848e-01
44 0 +7.172560087e+00 +1.404256009e+01 +1.404256009e+01 +1.3082e+00 -5.4062e-01 +2.6229e-01 +7.6728e-01 -3.6074e-01
56 0 +7.069394419e+00 +1.393939442e+01 +1.393939442e+01 +1.4803e+00 -1.1903e-01 +2.7006e-01 +4.9335e-01 -9.2163e-01
70 0 +5.664621908e+00 +1.253462191e+01 +1.253462191e+01 +1.2234e-01 -2.4638e-01 -2.7326e-01 +1.1604e-01 +1.1351e-01
118 0 +5.418275773e+00 +1.228827577e+01 +1.228827577e+01 +7.9152e-01 -2.0139e-01 +4.0902e-01 +9.1786e-01 +1.1790e+00
216 0 +3.632420131e+00 +1.050242013e+01 +1.050242013e+01 -4.8748e-01 -7.9268e-02 +6.6128e-01 +8.7594e-01 +2.0741e+00
325 0 +1.434947900e+00 +8.304947900e+00 +8.304947900e+00 -2.8839e-01 +5.3469e-01 +9.4508e-01 +6.5751e-02 +1.9941e+00
504 0 +1.434947900e+00 +8.304947900e+00 +8.304947900e+00 -2.8839e-01 +5.3469e-01 +9.4508e-01 +6.5751e-02 +1.9941e+00
% f evaluations | g evaluations | best noise-free fitness - Fopt (1.000000000000e-02) + sum g_i+ | measured fitness | best measured fitness or single-digit g-values | x1 | x2...
1 0 +8.090761057e+00 +8.100761057e+00 +8.100761057e+00 +1.3237e-01 -9.9262e-02 +7.2925e-01 -7.5630e-02 +3.2884e-02
2 0 +6.378149549e+00 +6.388149549e+00 +6.388149549e+00 +4.7474e-01 -2.7277e-01 -1.7749e-01 +5.6283e-02 -9.8965e-02
11 0 +4.514611215e+00 +4.524611215e+00 +4.524611215e+00 +4.3635e-02 -2.3619e-01 +1.9648e-01 -4.0441e-01 +3.0332e-01
15 0 +3.974879539e+00 +3.984879539e+00 +3.984879539e+00 +7.3579e-01 +1.1603e-01 -5.3585e-01 +1.2402e-01 -7.5449e-02
104 0 +3.006335564e+00 +3.016335564e+00 +3.016335564e+00 +6.9085e-01 +9.0647e-01 -6.5780e-02 -1.8567e-01 +7.1592e-01
332 0 +2.363726356e+00 +2.373726356e+00 +2.373726356e+00 -2.0705e+00 +3.5068e+00 -1.7100e+00 +1.3982e+00 +1.6097e+00
504 0 +2.363726356e+00 +2.373726356e+00 +2.373726356e+00 -2.0705e+00 +3.5068e+00 -1.7100e+00 +1.3982e+00 +1.6097e+00
% f evaluations | g evaluations | best noise-free fitness - Fopt (-1.306100000000e+02) + sum g_i+ | measured fitness | best measured fitness or single-digit g-values | x1 | x2...
1 0 +9.780958489e+00 -1.208290415e+02 -1.208290415e+02 +1.3237e-01 -9.9262e-02 +7.2925e-01 -7.5630e-02 +3.2884e-02
6 0 +4.648841965e+00 -1.259611580e+02 -1.259611580e+02 +2.1373e-01 +1.7743e-02 -1.0900e-01 +9.8668e-04 -3.1780e-02
78 0 +3.305890601e+00 -1.273041094e+02 -1.273041094e+02 +6.2303e-01 +3.5795e-02 +5.0953e-01 -8.7013e-01 +2.5005e-01
91 0 +3.096822188e+00 -1.275131778e+02 -1.275131778e+02 +1.4714e-01 -3.0747e-01 +7.3627e-01 -4.7802e-01 -2.7450e-01
126 0 +2.845732327e+00 -1.277642677e+02 -1.277642677e+02 +2.8445e-01 -2.9935e-01 +2.0247e-01 -6.5182e-01 -1.2426e-01
504 0 +2.845732327e+00 -1.277642677e+02 -1.277642677e+02 +2.8445e-01 -2.9935e-01 +2.0247e-01 -6.5182e-01 -1.2426e-01
% f evaluations | g evaluations | best noise-free fitness - Fopt (-2.231200000000e+02) + sum g_i+ | measured fitness | best measured fitness or single-digit g-values | x1 | x2...
1 0 +2.553079952e+01 -1.975892005e+02 -1.975892005e+02 +1.3237e-01 -9.9262e-02 +7.2925e-01 -7.5630e-02 +3.2884e-02
3 0 +1.162746072e+01 -2.114925393e+02 -2.114925393e+02 -3.5783e-01 -6.1464e-02 -1.0765e-01 +1.8105e-01 -4.9946e-01
10 0 +5.832259921e+00 -2.172877401e+02 -2.172877401e+02 -1.1564e-01 -3.4925e-01 +2.0977e-01 -1.5330e-01 -1.5322e-01
71 0 +4.593684106e+00 -2.185263159e+02 -2.185263159e+02 +8.9275e-02 -1.0347e+00 -1.0681e-01 +7.4522e-01 +6.5868e-01
86 0 +4.408130637e+00 -2.187118694e+02 -2.187118694e+02 +5.4726e-01 -1.4848e+00 +3.4247e-01 +5.8467e-01 +1.0363e+00
88 0 +3.940122973e+00 -2.191798770e+02 -2.191798770e+02 +1.0661e+00 -6.3564e-01 -3.0017e-01 +6.3439e-01 +7.2313e-01
144 0 +3.774920245e+00 -2.193450798e+02 -2.193450798e+02 +1.3553e+00 -8.2926e-01 +8.6372e-02 +9.8066e-01 +6.0232e-01
249 0 +2.349620534e+00 -2.207703795e+02 -2.207703795e+02 +2.1760e+00 -1.4849e+00 +5.4556e-02 +3.0483e-01 +4.7146e-01
504 0 +2.349620534e+00 -2.207703795e+02 -2.207703795e+02 +2.1760e+00 -1.4849e+00 +5.4556e-02 +3.0483e-01 +4.7146e-01
% f evaluations | g evaluations | best noise-free fitness - Fopt (-4.443000000000e+01) + sum g_i+ | measured fitness | best measured fitness or single-digit g-values | x1 | x2...
1 0 +1.290472199e+01 -3.152527801e+01 -3.152527801e+01 +1.3237e-01 -9.9262e-02 +7.2925e-01 -7.5630e-02 +3.2884e-02
7 0 +1.020619659e+01 -3.422380341e+01 -3.422380341e+01 +2.3792e-01 -1.8947e-01 -1.8585e-03 -3.0321e-02 -1.5693e-02
14 0 +4.128538222e+00 -4.030146178e+01 -4.030146178e+01 +5.2066e-01 +4.1833e-01 +4.6484e-01 +6.7943e-03 -3.4430e-01
139 0 +3.482042144e+00 -4.094795786e+01 -4.094795786e+01 +5.7597e-01 +3.5255e-01 -1.0552e-01 +4.0077e-01 +3.3078e-01
319 0 +3.312383547e+00 -4.111761645e+01 -4.111761645e+01 +1.3612e+00 +1.3845e-01 -3.2730e-01 +3.6495e-01 +2.7002e-01
504 0 +3.312383547e+00 -4.111761645e+01 -4.111761645e+01 +1.3612e+00 +1.3845e-01 -3.2730e-01 +3.6495e-01 +2.7002e-01
% f evaluations | g evaluations | best noise-free fitness - Fopt (2.557800000000e+02) + sum g_i+ | measured fitness | best measured fitness or single-digit g-values | x1 | x2...
1 0 +3.265525668e+01 +2.884352567e+02 +2.884352567e+02 +1.3237e-01 -9.9262e-02 +7.2925e-01 -7.5630e-02 +3.2884e-02
3 0 +3.229593410e+01 +2.880759341e+02 +2.880759341e+02 -3.5783e-01 -6.1464e-02 -1.0765e-01 +1.8105e-01 -4.9946e-01
4 0 +2.457575138e+01 +2.803557514e+02 +2.803557514e+02 -2.1005e-01 +3.4542e-01 +5.5721e-01 -4.5337e-01 +1.9346e-01
5 0 +1.641446335e+01 +2.721944634e+02 +2.721944634e+02 -2.9418e-01 -2.5706e-01 -2.6157e-01 -1.2676e-01 +2.9894e-01
7 0 +8.683253702e+00 +2.644632537e+02 +2.644632537e+02 +2.3792e-01 -1.8947e-01 -1.8585e-03 -3.0321e-02 -1.5693e-02
26 0 +5.497922539e+00 +2.612779225e+02 +2.612779225e+02 +8.2580e-01 -4.0764e-01 +1.8509e-01 +3.6718e-01 -5.8340e-02
69 0 +3.213356517e+00 +2.589933565e+02 +2.589933565e+02 +2.5571e-01 -8.9985e-01 +2.1038e-01 +8.3776e-01 +1.0626e-01
218 0 +2.532249233e+00 +2.583122492e+02 +2.583122492e+02 -1.2707e+00 -1.0995e+00 +1.9885e-01 +2.2923e+00 +3.1459e-01
368 0 +2.347479648e+00 +2.581274796e+02 +2.581274796e+02 -8.6186e-01 -1.2376e+00 +4.4840e-02 +9.4643e-01 +4.2926e-01
504 0 +2.347479648e+00 +2.581274796e+02 +2.581274796e+02 -8.6186e-01 -1.2376e+00 +4.4840e-02 +9.4643e-01 +4.2926e-01
% f evaluations | g evaluations | best noise-free fitness - Fopt (1.000000000000e+03) + sum g_i+ | measured fitness | best measured fitness or single-digit g-values | x1 | x2...
1 0 +3.758072410e+01 +1.037580724e+03 +1.037580724e+03 +1.3237e-01 -9.9262e-02 +7.2925e-01 -7.5630e-02 +3.2884e-02
2 0 +2.625010423e+01 +1.026250104e+03 +1.026250104e+03 +4.7474e-01 -2.7277e-01 -1.7749e-01 +5.6283e-02 -9.8965e-02
3 0 +1.919255148e+01 +1.019192551e+03 +1.019192551e+03 -3.5783e-01 -6.1464e-02 -1.0765e-01 +1.8105e-01 -4.9946e-01
4 0 +2.046988567e+00 +1.002046989e+03 +1.002046989e+03 -2.1005e-01 +3.4542e-01 +5.5721e-01 -4.5337e-01 +1.9346e-01
500 0 +1.981988066e+00 +1.001981988e+03 +1.001981988e+03 +1.8709e-01 +4.6969e-01 +8.9246e-02 -2.0293e-01 -5.0043e-01
504 0 +1.981988066e+00 +1.001981988e+03 +1.001981988e+03 +1.8709e-01 +4.6969e-01 +8.9246e-02 -2.0293e-01 -5.0043e-01
% f evaluations | g evaluations | best noise-free fitness - Fopt (-1.869500000000e+02) + sum g_i+ | measured fitness | best measured fitness or single-digit g-values | x1 | x2...
1 0 +3.031679430e+01 -1.566332057e+02 -1.566332057e+02 +1.3237e-01 -9.9262e-02 +7.2925e-01 -7.5630e-02 +3.2884e-02
2 0 +2.378212148e+01 -1.631678785e+02 -1.631678785e+02 +4.7474e-01 -2.7277e-01 -1.7749e-01 +5.6283e-02 -9.8965e-02
3 0 +2.178111121e+01 -1.651688888e+02 -1.651688888e+02 -3.5783e-01 -6.1464e-02 -1.0765e-01 +1.8105e-01 -4.9946e-01
4 0 +9.745382800e+00 -1.772046172e+02 -1.772046172e+02 -2.1005e-01 +3.4542e-01 +5.5721e-01 -4.5337e-01 +1.9346e-01
10 0 +7.852178920e+00 -1.790978211e+02 -1.790978211e+02 +3.7909e-01 +9.3420e-02 +6.3179e-01 -9.6229e-02 +1.9571e-01
11 0 +7.542960596e+00 -1.794070394e+02 -1.794070394e+02 +3.1023e-01 -2.9980e-01 +2.0355e-01 -3.0175e-01 +4.3907e-01
24 0 +3.908700097e+00 -1.830412999e+02 -1.830412999e+02 +3.0165e-01 -9.0817e-01 +6.1484e-01 -5.8714e-01 +8.9651e-02
38 0 +3.523726511e+00 -1.834262735e+02 -1.834262735e+02 +1.0812e+00 -8.4399e-01 +4.8648e-01 -1.7019e-01 +1.1767e-01
121 0 +2.474499756e+00 -1.844755002e+02 -1.844755002e+02 +3.2775e-01 +1.0702e+00 +6.7744e-01 +1.2293e-01 -1.7623e+00
504 0 +2.474499756e+00 -1.844755002e+02 -1.844755002e+02 +3.2775e-01 +1.0702e+00 +6.7744e-01 +1.2293e-01 -1.7623e+00
% f evaluations | g evaluations | best noise-free fitness - Fopt (5.859500000000e+02) + sum g_i+ | measured fitness | best measured fitness or single-digit g-values | x1 | x2...
1 0 +7.299416784e+00 +5.932494168e+02 +5.932494168e+02 +1.3237e-01 -9.9262e-02 +7.2925e-01 -7.5630e-02 +3.2884e-02
6 0 +5.866285438e+00 +5.918162854e+02 +5.918162854e+02 +2.1373e-01 +1.7743e-02 -1.0900e-01 +9.8668e-04 -3.1780e-02
29 0 +5.495180234e+00 +5.914451802e+02 +5.914451802e+02 +1.2454e-01 -5.0694e-01 -1.0456e-01 +5.1952e-01 -1.5989e-01
48 0 +3.463056738e+00 +5.894130567e+02 +5.894130567e+02 +1.9611e-01 +7.0428e-02 -9.8844e-02 +9.1982e-01 -1.1329e-02
107 0 +3.134350757e+00 +5.890843508e+02 +5.890843508e+02 +4.0085e-02 -2.6652e-01 -1.9694e-01 +3.2032e-01 +1.7862e-01
155 0 +2.973093351e+00 +5.889230934e+02 +5.889230934e+02 +1.7189e-01 -1.7732e-01 -1.1609e-01 +3.9746e-01 +2.7160e-01
504 0 +2.973093351e+00 +5.889230934e+02 +5.889230934e+02 +1.7189e-01 -1.7732e-01 -1.1609e-01 +3.9746e-01 +2.7160e-01
% f evaluations | g evaluations | best noise-free fitness - Fopt (2.871600000000e+02) + sum g_i+ | measured fitness | best measured fitness or single-digit g-values | x1 | x2...
1 0 +9.644597237e+00 +2.968045972e+02 +2.968045972e+02 +1.3237e-01 -9.9262e-02 +7.2925e-01 -7.5630e-02 +3.2884e-02
5 0 +8.175651042e+00 +2.953356510e+02 +2.953356510e+02 -2.9418e-01 -2.5706e-01 -2.6157e-01 -1.2676e-01 +2.9894e-01
6 0 +6.637172674e+00 +2.937971727e+02 +2.937971727e+02 +2.1373e-01 +1.7743e-02 -1.0900e-01 +9.8668e-04 -3.1780e-02
49 0 +5.731445005e+00 +2.928914450e+02 +2.928914450e+02 -4.7548e-02 +1.1694e-01 -4.2116e-01 +5.1341e-02 -5.1059e-02
97 0 +5.554751194e+00 +2.927147512e+02 +2.927147512e+02 -4.8590e-01 +2.3044e-01 -6.7933e-01 -1.3934e-01 +2.3011e-01
227 0 +3.984623647e+00 +2.911446236e+02 +2.911446236e+02 -1.0624e+00 +2.3836e-01 -2.1022e+00 -2.3999e-01 +8.2580e-01
316 0 +3.977456294e+00 +2.911374563e+02 +2.911374563e+02 -1.0177e+00 +2.3996e-01 -2.3971e+00 -9.9936e-02 +4.9102e-01
453 0 +2.649317120e+00 +2.898093171e+02 +2.898093171e+02 -8.8030e-01 +1.0219e-01 -2.1260e+00 +5.9731e-02 +5.0338e-01
504 0 +2.649317120e+00 +2.898093171e+02 +2.898093171e+02 -8.8030e-01 +1.0219e-01 -2.1260e+00 +5.9731e-02 +5.0338e-01
% f evaluations | g evaluations | best noise-free fitness - Fopt (-3.943800000000e+02) + sum g_i+ | measured fitness | best measured fitness or single-digit g-values | x1 | x2...
1 0 +1.399020589e+01 -3.803897941e+02 -3.803897941e+02 +1.3237e-01 -9.9262e-02 +7.2925e-01 -7.5630e-02 +3.2884e-02
2 0 +9.880990471e+00 -3.844990095e+02 -3.844990095e+02 +4.7474e-01 -2.7277e-01 -1.7749e-01 +5.6283e-02 -9.8965e-02
24 0 +3.896732184e+00 -3.904832678e+02 -3.904832678e+02 -2.0793e-01 -6.2667e-01 +3.5730e-01 -2.3780e-01 -5.3548e-01
142 0 +3.568423980e+00 -3.908115760e+02 -3.908115760e+02 +5.4491e-01 -1.1210e+00 -1.4548e+00 +7.7759e-01 -1.4413e+00
143 0 +2.925344255e+00 -3.914546557e+02 -3.914546557e+02 +7.8597e-01 -1.0490e+00 -1.7349e+00 +7.4249e-01 -1.4750e+00
504 0 +2.897778668e+00 -3.914822213e+02 -3.914822213e+02 +9.3935e-01 -2.1011e+00 -1.6733e+00 -9.5548e-01 -3.3834e+00
% f evaluations | g evaluations | best noise-free fitness - Fopt (5.443000000000e+01) + sum g_i+ | measured fitness | best measured fitness or single-digit g-values | x1 | x2...
1 0 +1.783088217e+01 +7.226088217e+01 +7.226088217e+01 +1.3237e-01 -9.9262e-02 +7.2925e-01 -7.5630e-02 +3.2884e-02
3 0 +1.522496759e+01 +6.965496759e+01 +6.965496759e+01 -3.5783e-01 -6.1464e-02 -1.0765e-01 +1.8105e-01 -4.9946e-01
4 0 +1.249507385e+01 +6.692507385e+01 +6.692507385e+01 -2.1005e-01 +3.4542e-01 +5.5721e-01 -4.5337e-01 +1.9346e-01
5 0 +7.319744389e+00 +6.174974439e+01 +6.174974439e+01 -2.9418e-01 -2.5706e-01 -2.6157e-01 -1.2676e-01 +2.9894e-01
8 0 +5.523250690e+00 +5.995325069e+01 +5.995325069e+01 +7.4765e-02 +5.9299e-02 +4.0046e-01 -2.6063e-02 +4.6848e-01
35 0 +4.633832242e+00 +5.906383224e+01 +5.906383224e+01 +3.0545e-01 +1.3909e-01 -1.2813e-01 -1.0258e-01 -1.3503e-01
98 0 +4.027996642e+00 +5.845799664e+01 +5.845799664e+01 +1.3115e+00 +3.6136e-01 +1.1973e+00 +6.9512e-01 -1.7386e+00
114 0 +3.071432420e+00 +5.750143242e+01 +5.750143242e+01 +1.9859e+00 +1.4408e-01 -1.9738e-01 +1.9041e+00 -6.1737e-01
318 0 +2.196554526e+00 +5.662655453e+01 +5.662655453e+01 -1.1383e+00 -5.3583e-01 -2.8886e+00 -8.2313e-01 +8.7756e-01
504 0 +2.196554526e+00 +5.662655453e+01 +5.662655453e+01 -1.1383e+00 -5.3583e-01 -2.8886e+00 -8.2313e-01 +8.7756e-01
% f evaluations | g evaluations | best noise-free fitness - Fopt (1.396900000000e+02) + sum g_i+ | measured fitness | best measured fitness or single-digit g-values | x1 | x2...
1 0 +2.017131479e+01 +1.598613148e+02 +1.598613148e+02 +1.3237e-01 -9.9262e-02 +7.2925e-01 -7.5630e-02 +3.2884e-02
5 0 +4.809658365e+00 +1.444996584e+02 +1.444996584e+02 -2.9418e-01 -2.5706e-01 -2.6157e-01 -1.2676e-01 +2.9894e-01
74 0 +3.908457395e+00 +1.435984574e+02 +1.435984574e+02 -9.6908e-02 -3.3675e-01 +1.4739e+00 +1.0808e-01 +5.8885e-01
192 0 +2.849419529e+00 +1.425394195e+02 +1.425394195e+02 -4.2661e-01 -7.7787e-01 +2.6799e+00 -1.2679e+00 -1.0901e+00
220 0 +2.142581712e+00 +1.418325817e+02 +1.418325817e+02 -3.6926e-02 -7.6690e-01 +1.8025e+00 -1.2001e+00 -8.3449e-01
504 0 +2.142581712e+00 +1.418325817e+02 +1.418325817e+02 -3.6926e-02 -7.6690e-01 +1.8025e+00 -1.2001e+00 -8.3449e-01
% f evaluations | g evaluations | best noise-free fitness - Fopt (-5.794000000000e+01) + sum g_i+ | measured fitness | best measured fitness or single-digit g-values | x1 | x2...
1 0 +1.112377571e+01 -4.681622429e+01 -4.681622429e+01 +1.3237e-01 -9.9262e-02 +7.2925e-01 -7.5630e-02 +3.2884e-02
12 0 +6.142546757e+00 -5.179745324e+01 -5.179745324e+01 +4.5329e-02 -7.2589e-02 +3.1667e-01 -5.9492e-01 -6.0996e-01
16 0 +5.371331805e+00 -5.256866820e+01 -5.256866820e+01 -4.4324e-01 +1.5618e-01 +7.2109e-01 +5.5691e-02 +7.5245e-02
45 0 +5.126660502e+00 -5.281333950e+01 -5.281333950e+01 +3.6935e-01 -2.8987e-01 +4.9617e-01 +1.0733e+00 +2.8280e-01
92 0 +3.991767052e+00 -5.394823295e+01 -5.394823295e+01 +8.3802e-01 -9.5716e-01 +8.8992e-01 +1.7804e+00 -3.4866e-01
127 0 +1.526776588e+00 -5.641322341e+01 -5.641322341e+01 +2.1617e-01 -2.4091e-01 +1.0224e+00 +2.0841e-01 -1.3091e+00
504 0 +1.526776588e+00 -5.641322341e+01 -5.641322341e+01 +2.1617e-01 -2.4091e-01 +1.0224e+00 +2.0841e-01 -1.3091e+00
% f evaluations | g evaluations | best noise-free fitness - Fopt (1.253900000000e+02) + sum g_i+ | measured fitness | best measured fitness or single-digit g-values | x1 | x2...
1 0 +3.052515844e+01 +1.559151584e+02 +1.559151584e+02 +1.3237e-01 -9.9262e-02 +7.2925e-01 -7.5630e-02 +3.2884e-02
2 0 +6.412741678e+00 +1.318027417e+02 +1.318027417e+02 +4.7474e-01 -2.7277e-01 -1.7749e-01 +5.6283e-02 -9.8965e-02
19 0 +5.533575809e+00 +1.309235758e+02 +1.309235758e+02 +6.9219e-01 +2.1494e-01 -2.8111e-01 -1.1919e-01 -1.1500e-02
64 0 +2.013063318e+00 +1.274030633e+02 +1.274030633e+02 +4.1152e-01 +5.3793e-01 -7.6323e-01 -1.1797e-01 -3.5531e-01
320 0 +1.932696163e+00 +1.273226962e+02 +1.273226962e+02 +1.1908e+00 +7.0163e-01 -5.5389e-01 +5.7485e-01 +6.8294e-01
504 0 +1.932696163e+00 +1.273226962e+02 +1.273226962e+02 +1.1908e+00 +7.0163e-01 -5.5389e-01 +5.7485e-01 +6.8294e-01
