% f evaluations | g evaluations | best noise-free fitness - Fopt (-9.210000000000e+00) + sum g_i+ | measured fitness | best measured fitness or single-digit g-values | x1 | x2...
1 0 +1.976262891e+02 +1.884162891e+02 +1.884162891e+02 -9.3535e-02 +2.1870e-01 +6.5347e-02 -2.6973e-01 -7.4605e-01 +2.7398e-01 +3.3813e-01 -4.5424e-01 +4.9181e-01 -1.2897e-01
12 0 +1.957088564e+02 +1.864988564e+02 +1.864988564e+02 -1.3533e-01 -1.0252e-01 -3.7505e-02 +1.3076e-01 +9.7760e-02 +2.2989e-01 +9.2945e-01 -4.6174e-01 +3.0265e-01 -4.2439e-01
22 0 +1.935635745e+02 +1.843535745e+02 +1.843535745e+02 +2.0357e-01 +5.8565e-01 -3.4173e-01 -3.7873e-01 -5.7862e-01 +7.5348e-01 +3.3033e-01 -8.1205e-01 +4.7416e-01 -6.5558e-01
34 0 +1.856604933e+02 +1.764504933e+02 +1.764504933e+02 +1.1013e-01 +6.9769e-01 -9.4517e-01 +4.5455e-01 -4.6050e-01 +8.9364e-01 +8.6138e-01 -2.8273e-02 +1.1715e+00 -8.8116e-02
51 0 +1.792280106e+02 +1.700180106e+02 +1.700180106e+02 +9.2983e-01 -2.0273e-03 -1.3663e+00 +1.1458e+00 -4.7527e-01 +4.7024e-01 +8.4230e-01 +9.5371e-01 +4.7697e-01 -7.6705e-01
61 0 +1.769414190e+02 +1.677314190e+02 +1.677314190e+02 +6.1348e-01 -5.7135e-01 -5.5700e-01 +8.9919e-01 -6.3293e-01 +9.3281e-02 +9.0281e-01 +6.2843e-01 +8.0048e-01 -1.0271e+00
62 0 +1.705463359e+02 +1.613363359e+02 +1.613363359e+02 +7.9727e-01 +2.1879e-02 -2.5896e+00 +1.8474e+00 +2.3504e-01 +1.2226e+00 +1.5479e+00 +1.1031e+00 +9.4026e-01 -8.4983e-01
71 0 +1.658571872e+02 +1.566471872e+02 +1.566471872e+02 +1.3427e+00 -3.3047e-01 -2.0248e+00 +1.8720e+00 +1.2529e+00 +9.5127e-01 +1.3655e+00 +1.5290e+00 +1.5824e+00 -9.2305e-01
72 0 +1.604297875e+02 +1.512197875e+02 +1.512197875e+02 +1.3462e+00 -4.3827e-03 -1.8906e+00 +1.3749e+00 +6.1428e-01 +1.2267e+00 +2.0345e+00 +8.4157e-01 +1.7703e+00 -1.1875e+00
82 0 +1.575795304e+02 +1.483695304e+02 +1.483695304e+02 +1.7525e+00 +8.1577e-01 -9.4812e-01 +1.6491e+00 -9.1039e-01 +1.3239e+00 +1.7263e+00 +8.8164e-01 -3.9147e-02 -2.1704e+00
83 0 +1.410445470e+02 +1.318345470e+02 +1.318345470e+02 +1.2561e+00 +6.5569e-01 -2.8823e+00 +2.4047e+00 -2.8938e-01 +1.5884e+00 +3.1290e+00 +1.4187e+00 +1.6499e+00 -1.8511e+00
92 0 +1.342726675e+02 +1.250626675e+02 +1.250626675e+02 +1.4119e+00 -6.3418e-02 -2.8063e+00 +4.2016e+00 -8.6715e-01 +1.5475e+00 +2.9605e+00 +1.1239e+00 +1.9069e+00 -2.1156e+00
103 0 +1.317165704e+02 +1.225065704e+02 +1.225065704e+02 +2.0628e+00 +1.3576e+00 -2.0371e+00 +2.4856e+00 -8.1269e-01 +2.4011e+00 +3.2941e+00 +1.2649e+00 +2.0014e+00 -1.7599e+00
105 0 +1.286262097e+02 +1.194162097e+02 +1.194162097e+02 +3.3279e+00 -4.8617e-01 -3.6004e+00 +2.9754e+00 +2.5098e-01 +1.0951e+00 +2.9624e+00 +2.5657e+00 +2.1310e+00 -2.3749e+00
108 0 +9.698045429e+01 +8.777045429e+01 +8.777045429e+01 +2.9071e+00 +1.2824e+00 -3.8006e+00 +5.2528e+00 -1.7789e+00 +1.5633e+00 +4.0674e+00 +2.0076e+00 +1.4903e+00 -4.5349e+00
111 0 +7.825335357e+01 +6.904335357e+01 +6.904335357e+01 +2.8356e+00 +5.6309e-01 -4.6367e+00 +5.4474e+00 -4.5697e-01 +1.4568e+00 +4.8583e+00 +3.9999e+00 +2.8569e+00 -4.4338e+00
122 0 +6.535974140e+01 +5.614974140e+01 +5.614974140e+01 +2.3416e+00 +1.0425e+00 -6.2506e+00 +1.5650e+00 +1.6254e-01 +3.8109e+00 +6.3200e+00 +5.3364e+00 +5.3346e+00 -3.7216e+00
134 0 +5.954468589e+01 +5.033468589e+01 +5.033468589e+01 +2.9610e+00 +2.2098e+00 -7.8231e+00 +4.7081e+00 -2.3288e+00 +3.1697e+00 +6.1665e+00 +5.1585e+00 +4.8378e+00 -3.3384e+00
138 0 +5.068681782e+01 +4.147681782e+01 +4.147681782e+01 +2.9850e+00 -7.4638e-01 -7.0741e+00 +6.5022e+00 -2.3946e+00 +1.1435e+00 +5.5343e+00 +7.8787e+00 +5.7181e+00 -5.2700e+00
142 0 +2.322739442e+01 +1.401739442e+01 +1.401739442e+01 +4.3351e+00 +4.3196e+00 -7.2759e+00 +9.4455e+00 -4.5664e+00 +6.5880e+00 +8.3310e+00 +6.8797e+00 +6.1100e+00 -6.0277e+00
188 0 +1.930437100e+01 +1.009437100e+01 +1.009437100e+01 +1.9807e+00 +9.4889e+00 -4.5402e+00 +4.8278e+00 -6.4680e+00 +9.3586e+00 +1.0736e+01 +6.4140e+00 +8.0554e+00 -5.6772e+00
194 0 +1.847169069e+01 +9.261690686e+00 +9.261690686e+00 +3.3811e+00 +8.3096e+00 -3.2017e+00 +6.4772e+00 -6.9552e+00 +6.6282e+00 +1.0733e+01 +1.0848e+01 +8.9264e+00 -4.6828e+00
199 0 +1.406963289e+01 +4.859632889e+00 +4.859632889e+00 +1.8364e+00 +6.5538e+00 -1.5380e+00 +7.3363e+00 -7.3559e+00 +8.4267e+00 +1.3474e+01 +5.1274e+00 +5.5425e+00 -5.4724e+00
215 0 +1.141874255e+01 +2.208742551e+00 +2.208742551e+00 +7.0299e+00 +1.2913e+01 -1.8454e+00 +5.8882e+00 -1.1497e+01 +1.6828e+01 +1.2831e+01 +9.0664e+00 +7.0509e+00 -1.3867e+01
218 0 +8.927454699e+00 -2.825453013e-01 -2.825453013e-01 +6.0392e+00 +8.6213e+00 -3.5187e-01 +5.4841e+00 -9.3722e+00 +9.7484e+00 +1.7231e+01 +1.1222e+01 +7.6157e+00 -7.2165e+00
236 0 +2.075414854e+00 -7.134585146e+00 -7.134585146e+00 +2.9246e+00 +5.2135e+00 +6.6043e+00 +5.7272e+00 -8.3608e+00 +6.4829e+00 +1.0590e+01 +7.9879e+00 +8.2952e+00 -5.5954e+00
254 0 +0.000000000e+00 -9.210000000e+00 -9.210000000e+00 +5.3731e+00 +1.3891e+01 +6.6028e+00 +1.1215e+01 -1.0293e+01 +6.5292e+00 +1.3972e+01 +1.5980e+01 +7.2426e+00 -1.0804e+01
360 0 +0.000000000e+00 -9.210000000e+00 -9.210000000e+00 +5.3731e+00 +1.3891e+01 +6.6028e+00 +1.1215e+01 -1.0293e+01 +6.5292e+00 +1.3972e+01 +1.5980e+01 +7.2426e+00 -1.0804e+01
% f evaluations | g evaluations | best noise-free fitness - Fopt (6.559900000000e+02) + sum g_i+ | measured fitness | best measured fitness or single-digit g-values | x1 | x2...
1 0 +2.111331918e+02 +8.671231918e+02 +8.671231918e+02 -9.3535e-02 +2.1870e-01 +6.5347e-02 -2.6973e-01 -7.4605e-01 +2.7398e-01 +3.3813e-01 -4.5424e-01 +4.9181e-01 -1.2897e-01
2 0 +2.073456771e+02 +8.633356771e+02 +8.633356771e+02 +7.8938e-01 +1.8055e-01 -1.0077e-01 +3.7133e-01 +3.3339e-02 +3.8746e-02 +2.2839e-02 -4.6540e-02 +1.9028e-01 +2.4321e-01
4 0 +2.019991890e+02 +8.579891890e+02 +8.579891890e+02 -1.7598e-01 -4.4456e-01 +2.5718e-01 +2.8293e-01 +3.4333e-02 -6.5872e-03 -6.3816e-01 -2.5033e-01 -1.3966e-01 +7.0116e-02
11 0 +1.963202537e+02 +8.523102537e+02 +8.523102537e+02 +2.0343e-01 -2.3679e-01 +2.1860e-01 +5.5953e-01 +3.9094e-01 -4.6376e-01 +3.4143e-01 -1.5250e-01 -3.9891e-01 -5.5088e-01
12 0 +1.922811061e+02 +8.482711061e+02 +8.482711061e+02 +3.4477e-01 -1.7304e-01 -9.9412e-02 +6.8595e-01 -1.3684e-01 -5.5300e-02 -1.0074e-01 +4.4660e-01 -6.4435e-01 -1.1413e-01
25 0 +1.901143952e+02 +8.461043952e+02 +8.461043952e+02 +2.5791e-01 -1.8734e-01 +7.7440e-02 +7.0653e-01 +8.9075e-02 -4.1751e-01 -2.0436e-02 +3.6180e-01 -5.5557e-01 -4.5224e-01
42 0 +1.859366414e+02 +8.419266414e+02 +8.419266414e+02 -4.7750e-01 -1.0602e+00 +2.2351e-01 +1.0111e+00 -9.1757e-01 -3.5151e-01 -2.1744e-01 +1.8958e-01 -6.9823e-01 -4.3454e-01
51 0 +1.810616817e+02 +8.370516817e+02 +8.370516817e+02 -5.7385e-02 -6.5822e-01 +1.0810e-01 +1.3651e+00 -2.0176e-01 -1.1265e+00 +5.6096e-02 +5.0691e-01 -8.3834e-01 -5.8530e-01
52 0 +1.769098208e+02 +8.328998208e+02 +8.328998208e+02 +4.9234e-01 -7.5533e-01 -3.5159e-02 +5.6238e-01 -5.4822e-01 -6.4444e-01 -6.8644e-01 +1.0727e+00 -9.0663e-01 -4.2218e-01
61 0 +1.716517961e+02 +8.276417961e+02 +8.276417961e+02 +2.0452e-01 -1.1399e+00 -1.1514e-01 +3.6471e-01 -7.8556e-01 -3.8207e-01 -6.3770e-01 +1.3318e+00 -1.1021e+00 -7.0055e-01
72 0 +1.686566978e+02 +8.246466978e+02 +8.246466978e+02 +7.0674e-01 -3.6773e-01 +4.2068e-01 +1.2734e+00 -8.3479e-01 -5.2127e-01 -4.1691e-01 +1.7430e+00 -6.4430e-01 -1.0898e+00
75 0 +1.578274049e+02 +8.138174049e+02 +8.138174049e+02 +2.8433e-03 -2.0679e-01 -4.0710e-01 +5.1410e-01 -8.4120e-01 -5.1658e-01 -8.8149e-01 +1.9830e+00 -1.0401e+00 -1.6235e+00
83 0 +1.458190671e+02 +8.018090671e+02 +8.018090671e+02 +4.2410e-01 -5.1436e-01 +1.4073e-01 +1.1857e+00 -1.0916e+00 -6.6808e-01 -1.1375e+00 +2.5828e+00 -1.5076e+00 -1.7246e+00
87 0 +1.445104572e+02 +8.005004572e+02 +8.005004572e+02 +5.8561e-01 -2.9451e-01 -2.0248e-01 +9.1753e-01 -9.2658e-01 -1.0896e+00 -1.5358e+00 +2.9363e+00 -1.1885e+00 -1.6129e+00
92 0 +1.349015559e+02 +7.908915559e+02 +7.908915559e+02 +2.0947e-01 -3.9896e-01 +2.1929e-02 +1.9160e+00 -8.0851e-01 -8.8357e-01 -2.1472e+00 +2.3508e+00 -1.3493e+00 -2.4699e+00
101 0 +1.170996322e+02 +7.730896322e+02 +7.730896322e+02 -6.9229e-01 +2.3454e-01 -1.3958e-01 +2.4025e+00 -2.2178e+00 -1.8580e-01 -1.8925e+00 +3.4218e+00 -1.7182e+00 -3.3395e+00
112 0 +8.704484013e+01 +7.430348401e+02 +7.430348401e+02 +1.0968e-01 -1.4087e+00 -1.4740e-01 +2.6554e+00 -2.3400e+00 -1.1604e+00 -3.0643e+00 +3.8822e+00 -3.1634e+00 -3.6736e+00
122 0 +7.777943060e+01 +7.337694306e+02 +7.337694306e+02 -1.9267e+00 -2.3980e+00 -8.4651e-01 +2.9859e+00 -2.9094e+00 +5.0913e-02 -1.7969e+00 +4.6695e+00 -3.9331e+00 -4.2854e+00
131 0 +5.997871469e+01 +7.159687147e+02 +7.159687147e+02 -2.3619e+00 -2.6561e+00 -1.5093e+00 +6.7991e-01 -2.0409e+00 -9.4262e-01 -2.4914e+00 +5.0868e+00 -5.0968e+00 -5.5231e+00
138 0 +5.494596356e+01 +7.109359636e+02 +7.109359636e+02 -1.9938e+00 -1.0735e+00 -1.5551e+00 +2.2389e+00 -2.9155e+00 -2.5168e+00 -1.5477e+00 +5.6631e+00 -5.4037e+00 -4.9562e+00
140 0 +5.086495693e+01 +7.068549569e+02 +7.068549569e+02 -1.2509e+00 -2.3955e+00 -1.4546e+00 +2.7042e+00 -3.7412e+00 -1.5646e+00 -2.5730e+00 +6.9036e+00 -4.5769e+00 -6.2490e+00
142 0 +2.944366077e+01 +6.854336608e+02 +6.854336608e+02 -3.4757e-01 -3.9965e+00 -3.0728e+00 +5.3552e+00 -3.7195e+00 -3.6291e+00 -2.6096e+00 +7.0402e+00 -5.7577e+00 -7.8669e+00
152 0 +2.436504432e+01 +6.803550443e+02 +6.803550443e+02 +1.4839e+00 -5.7370e+00 -4.4365e+00 +4.4616e+00 -4.6012e+00 -4.2321e+00 -2.0718e+00 +4.7851e+00 -5.9487e+00 -9.5307e+00
166 0 +1.759206604e+01 +6.735820660e+02 +6.735820660e+02 +3.2410e+00 -4.7202e+00 -2.3412e+00 +5.0587e+00 -2.4678e+00 -6.2523e+00 -4.1403e+00 +8.5531e+00 -5.6562e+00 -6.2789e+00
171 0 +1.446623968e+01 +6.704562397e+02 +6.704562397e+02 +2.3587e+00 -4.4167e+00 -2.7777e+00 +4.3925e+00 -6.2370e+00 -4.4552e+00 -4.1171e+00 +9.8389e+00 -5.9630e+00 -6.4377e+00
179 0 +1.352382130e+01 +6.695138213e+02 +6.695138213e+02 -1.1412e+00 -8.3925e+00 -4.2177e+00 +7.2766e+00 -4.2608e+00 -4.0895e+00 -4.8387e+00 +1.3153e+01 -9.1461e+00 -6.9380e+00
181 0 +1.021222310e+01 +6.662022231e+02 +6.662022231e+02 +2.5098e+00 -4.9007e+00 -3.9291e+00 +1.3787e+01 -3.4053e+00 -6.0179e+00 -4.7048e+00 +1.0751e+01 -5.8300e+00 -1.2400e+01
184 0 +7.341897435e+00 +6.633318974e+02 +6.633318974e+02 +2.6278e+00 -1.2421e+01 -2.0208e+00 +1.0802e+01 -7.6526e+00 -9.6805e+00 -6.9228e+00 +1.0202e+01 -1.0002e+01 -5.4494e+00
191 0 +4.834062700e+00 +6.608240627e+02 +6.608240627e+02 +1.2828e+00 -9.8548e+00 -4.3305e+00 +8.2731e+00 -5.0749e+00 -5.5093e+00 -6.1773e+00 +1.6452e+01 -5.2396e+00 -7.8766e+00
192 0 +3.169569504e+00 +6.591595695e+02 +6.591595695e+02 +6.8769e+00 -8.3449e+00 -3.0999e+00 +1.0983e+01 -9.7379e+00 -5.0367e+00 -8.2673e+00 +1.9028e+01 -1.5176e+01 -1.4253e+01
207 0 +3.807473531e-01 +6.563707474e+02 +6.563707474e+02 +9.8914e+00 -4.7052e+00 -5.2999e+00 +7.5399e+00 -9.5839e+00 -6.1178e+00 -7.9157e+00 +1.7990e+01 -7.7764e+00 -1.5228e+01
214 0 +0.000000000e+00 +6.559900000e+02 +6.559900000e+02 +5.4082e+00 -1.6332e+01 -7.5726e+00 +1.3763e+01 -1.5298e+01 -8.4147e+00 -8.1242e+00 +1.7414e+01 -1.5662e+01 -9.9214e+00
330 0 +0.000000000e+00 +6.559900000e+02 +6.559900000e+02 +5.4082e+00 -1.6332e+01 -7.5726e+00 +1.3763e+01 -1.5298e+01 -8.4147e+00 -8.1242e+00 +1.7414e+01 -1.5662e+01 -9.9214e+00
% f evaluations | g evaluations | best noise-free fitness - Fopt (6.671000000000e+01) + sum g_i+ | measured fitness | best measured fitness or single-digit g-values | x1 | x2...
1 0 +1.959148320e+02 +2.626248320e+02 +2.626248320e+02 -9.3535e-02 +2.1870e-01 +6.5347e-02 -2.6973e-01 -7.4605e-01 +2.7398e-01 +3.3813e-01 -4.5424e-01 +4.9181e-01 -1.2897e-01
12 0 +1.952917277e+02 +2.620017277e+02 +2.620017277e+02 -1.3039e-01 -1.8121e-01 -2.9051e-01 -1.8348e-01 +1.7795e-01 +2.9592e-01 +2.8975e-01 -5.1247e-01 +8.3559e-01 +1.6317e-02
19 0 +1.948080184e+02 +2.615180184e+02 +2.615180184e+02 -1.1846e-01 +5.8772e-01 -1.7292e-01 +1.9152e-01 +2.7556e-03 +5.2205e-01 +2.9325e-01 -8.1138e-01 +4.8762e-01 -3.3225e-02
22 0 +1.847301813e+02 +2.514401813e+02 +2.514401813e+02 -8.1418e-02 +6.7076e-01 +1.9519e-01 +2.8186e-01 -3.0647e-01 +7.4120e-02 +2.6363e-01 -9.9271e-01 +1.0974e+00 -5.7770e-01
26 0 +1.811968906e+02 +2.479068906e+02 +2.479068906e+02 +3.3478e-01 +2.8589e-01 +2.3775e-01 +6.7174e-01 -3.5363e-01 +4.8724e-01 -2.7661e-01 -1.1333e+00 +4.8044e-01 -8.2711e-01
34 0 +1.764462879e+02 +2.431562879e+02 +2.431562879e+02 +1.0843e-01 +2.4691e-01 +1.6105e-01 -1.5097e-01 -8.7186e-01 +7.3014e-01 -2.8349e-01 -1.5876e+00 +1.1997e+00 -3.7506e-01
41 0 +1.732052627e+02 +2.399152627e+02 +2.399152627e+02 -6.4928e-02 -4.9205e-02 +3.5486e-01 +6.9660e-01 -2.3034e-01 +5.3640e-01 -6.1107e-01 -1.5135e+00 +6.3869e-01 -1.0682e+00
57 0 +1.614343902e+02 +2.281443902e+02 +2.281443902e+02 +2.4272e-01 -5.9480e-02 +1.9866e-01 +6.6287e-01 -8.7095e-01 +3.4939e-01 -4.2140e-01 -1.7506e+00 +1.3121e+00 -1.5694e+00
65 0 +1.513124869e+02 +2.180224869e+02 +2.180224869e+02 +8.4025e-01 -9.4694e-01 +1.2553e-01 +6.8104e-01 -9.6246e-01 +1.1417e+00 -9.7726e-01 -2.3920e+00 +9.5117e-01 -1.8373e+00
74 0 +1.374084885e+02 +2.041184885e+02 +2.041184885e+02 -3.0944e-01 -1.3631e+00 -8.0832e-01 +7.2117e-01 -2.2238e-01 +6.9032e-01 -1.0117e+00 -2.4248e+00 +1.7712e+00 -2.5922e+00
88 0 +1.313573176e+02 +1.980673176e+02 +1.980673176e+02 +7.1618e-01 -1.7091e+00 +1.5641e-01 -7.0860e-01 -9.4167e-01 +1.4110e+00 -5.6302e-01 -4.2104e+00 +1.4876e+00 -2.6224e+00
91 0 +1.130310657e+02 +1.797410657e+02 +1.797410657e+02 -1.2822e-01 -1.8968e+00 -2.0565e-01 +1.1159e+00 -7.7955e-01 +1.5685e+00 +6.0221e-01 -3.6345e+00 +2.5634e+00 -3.9344e+00
101 0 +1.016329586e+02 +1.683429586e+02 +1.683429586e+02 +1.3812e+00 -1.8819e-01 -2.5026e-01 +2.6793e+00 -2.9886e-02 +3.0479e+00 -1.5278e+00 -5.1817e+00 +1.9025e+00 -3.4830e+00
111 0 +9.172573036e+01 +1.584357304e+02 +1.584357304e+02 +1.2201e+00 -9.3734e-01 +9.5912e-01 +1.5321e+00 -5.8907e-01 +2.6291e+00 -1.6979e+00 -7.2810e+00 +2.7906e+00 -4.0381e+00
124 0 +8.909880745e+01 +1.558088075e+02 +1.558088075e+02 -2.4204e-01 -1.9365e+00 +2.3830e+00 +7.7723e-01 -4.6744e-01 +3.6120e+00 -3.9559e-01 -7.5877e+00 +3.6978e+00 -4.0084e+00
126 0 +7.100240255e+01 +1.377124025e+02 +1.377124025e+02 +6.7304e-01 -1.1961e+00 -1.4133e+00 +4.3936e+00 +1.4442e+00 +1.4791e+00 -1.1874e+00 -5.3669e+00 +4.3742e+00 -6.2184e+00
133 0 +6.676575929e+01 +1.334757593e+02 +1.334757593e+02 +4.5868e-02 +9.3931e-01 -7.1580e-01 +4.4484e+00 -2.0257e+00 +3.1239e+00 -1.4056e+00 -7.2206e+00 +3.1903e+00 -6.7211e+00
136 0 +6.294130618e+01 +1.296513062e+02 +1.296513062e+02 -7.3032e-01 -1.9126e+00 -7.3193e-01 +4.8576e+00 -1.8052e+00 +7.2524e-01 -4.3646e-02 -8.0709e+00 +5.0412e+00 -5.4735e+00
146 0 +5.736200762e+01 +1.240720076e+02 +1.240720076e+02 -2.4906e+00 -3.8309e-01 -1.4631e+00 +1.8052e+00 -3.9289e+00 +2.7451e+00 +3.9098e-01 -5.6081e+00 +5.4287e+00 -8.3011e+00
149 0 +5.615842183e+01 +1.228684218e+02 +1.228684218e+02 -2.2985e-02 -1.0219e+00 +8.7532e-01 +3.1777e+00 -1.6716e+00 +1.9863e+00 -2.3663e+00 -8.5725e+00 +5.4787e+00 -7.8492e+00
152 0 +3.203843148e+01 +9.874843148e+01 +9.874843148e+01 +6.1918e-01 -2.6967e+00 -1.0478e+00 +4.2685e+00 -6.5933e+00 +4.4341e+00 -2.1471e+00 -7.1902e+00 +6.1978e+00 -5.3238e+00
166 0 +2.596696337e+01 +9.267696337e+01 +9.267696337e+01 +1.3113e+00 -1.8145e+00 -8.7610e-01 +4.1510e+00 -7.7685e+00 +7.0551e+00 -3.5278e+00 -7.7087e+00 +6.8301e+00 -5.1225e+00
176 0 +2.430915257e+01 +9.101915257e+01 +9.101915257e+01 -2.8615e+00 +1.3171e+00 -3.0900e+00 +5.2706e+00 -6.3585e+00 +1.0510e+01 -2.6677e+00 -1.1875e+01 +6.8864e+00 -5.5757e+00
190 0 +2.246191758e+01 +8.917191758e+01 +8.917191758e+01 -4.7214e+00 -1.4179e+00 -4.2316e+00 +7.7925e+00 -4.8486e+00 +6.4373e+00 -1.5844e+00 -9.3886e+00 +1.0568e+01 -8.1858e+00
194 0 +1.505095146e+01 +8.176095146e+01 +8.176095146e+01 -6.4229e+00 -2.7572e+00 -4.3107e+00 +4.1235e+00 -4.7850e+00 +6.3872e+00 -3.1649e+00 -1.0832e+01 +1.2978e+01 -8.3529e+00
196 0 +1.203198763e+01 +7.874198763e+01 +7.874198763e+01 -6.9435e+00 -1.1837e+00 -7.4186e-01 +1.0091e+01 -8.4215e+00 +8.2384e+00 -5.5860e+00 -1.3271e+01 +1.2947e+01 -6.5549e+00
217 0 +1.090331691e+01 +7.761331691e+01 +7.761331691e+01 -7.6983e+00 -1.9980e+00 -7.3920e+00 +1.3004e+01 -8.5175e+00 +4.9269e+00 -3.5429e+00 -1.3832e+01 +1.3421e+01 -8.5131e+00
218 0 +6.376769667e+00 +7.308676967e+01 +7.308676967e+01 -4.9524e+00 -9.9580e-02 -7.0308e+00 +7.2845e+00 -5.1179e+00 +1.2527e+01 -5.8318e+00 -1.6699e+01 +1.5234e+01 -7.5676e+00
219 0 +2.093395034e+00 +6.880339503e+01 +6.880339503e+01 -7.6369e+00 -6.5313e+00 -6.2274e+00 +4.0283e+00 -9.0909e+00 +7.8036e+00 -6.1790e+00 -1.9019e+01 +1.6710e+01 -7.5084e+00
232 0 +6.157757460e-01 +6.732577575e+01 +6.732577575e+01 -1.0720e+01 -1.0117e+01 -7.7622e+00 +4.7142e+00 -1.2351e+01 +8.5420e+00 -1.1063e+01 -3.5307e+01 +8.6678e+00 -1.2525e+01
254 0 +0.000000000e+00 +6.671000000e+01 +6.671000000e+01 -1.5804e+01 -9.5102e+00 -1.4224e+01 +1.4706e+01 -2.6892e+01 +1.6530e+01 -1.5594e+01 -4.0486e+01 +1.4358e+01 -1.2046e+01
390 0 +0.000000000e+00 +6.671000000e+01 +6.671000000e+01 -1.5804e+01 -9.5102e+00 -1.4224e+01 +1.4706e+01 -2.6892e+01 +1.6530e+01 -1.5594e+01 -4.0486e+01 +1.4358e+01 -1.2046e+01
% f evaluations | g evaluations | best noise-free fitness - Fopt (9.416700000000e+02) + sum g_i+ | measured fitness | best measured fitness or single-digit g-values | x1 | x2...
1 0 +1.976661044e+02 +1.139336104e+03 +1.139336104e+03 -9.3535e-02 +2.1870e-01 +6.5347e-02 -2.6973e-01 -7.4605e-01 +2.7398e-01 +3.3813e-01 -4.5424e-01 +4.9181e-01 -1.2897e-01
15 0 +1.931393995e+02 +1.134809399e+03 +1.134809399e+03 -2.6592e-01 +2.2965e-02 +6.1958e-02 +8.2093e-02 -2.3178e-02 -4.4148e-04 -1.0790e-02 +4.2610e-01 +7.7992e-01 -7.0914e-01
35 0 +1.825369463e+02 +1.124206946e+03 +1.124206946e+03 -2.0498e-01 -3.5975e-02 +7.8656e-02 +2.3780e-01 -4.5423e-01 -6.5260e-01 -5.4032e-01 -1.2800e+00 +4.7926e-01 -3.4142e-01
42 0 +1.815323832e+02 +1.123202383e+03 +1.123202383e+03 +2.1926e-02 -5.3183e-01 +4.4330e-01 +2.6278e-01 +5.3837e-01 -3.2126e-01 -2.4204e-01 -8.5895e-01 +9.9304e-01 -7.2267e-01
43 0 +1.756127454e+02 +1.117282745e+03 +1.117282745e+03 -1.2870e-01 +3.4306e-01 +4.0144e-01 +4.6136e-01 +1.6239e-01 -1.2955e+00 +2.6056e-01 -1.4732e+00 +9.8784e-01 -7.9111e-01
55 0 +1.713309942e+02 +1.113000994e+03 +1.113000994e+03 -1.7151e-01 +7.6770e-02 +7.9452e-02 +7.0628e-01 +8.7879e-01 -1.2599e+00 +2.3907e-01 -1.6668e+00 +1.3440e+00 -9.9191e-01
61 0 +1.638052043e+02 +1.105475204e+03 +1.105475204e+03 -1.1844e+00 +4.7517e-01 +2.5016e-01 +1.3128e+00 +1.7536e-01 -1.0526e+00 -1.0593e-01 -1.8471e+00 +1.4931e+00 -1.0305e+00
71 0 +1.514123935e+02 +1.093082393e+03 +1.093082393e+03 -5.3829e-01 +1.5563e-01 +1.6883e-01 +1.3111e+00 -2.1275e-02 -1.8567e+00 -7.8258e-01 -1.5737e+00 +1.4338e+00 -1.8591e+00
81 0 +1.451510000e+02 +1.086821000e+03 +1.086821000e+03 -1.0473e+00 -1.7652e-01 +9.1549e-01 +8.4339e-01 -1.4894e-01 -1.6568e+00 -1.1893e+00 -2.7698e+00 +1.0626e+00 -1.7857e+00
84 0 +1.410413349e+02 +1.082711335e+03 +1.082711335e+03 -7.9656e-01 +4.9831e-01 +1.3255e+00 +1.1919e+00 -1.6211e-01 -1.2704e+00 -9.0860e-01 -2.1538e+00 +1.9726e+00 -2.0956e+00
91 0 +1.222680199e+02 +1.063938020e+03 +1.063938020e+03 -8.5375e-01 +1.3650e+00 +2.1296e+00 +1.5457e+00 -1.4635e-01 -2.0204e+00 -3.4556e-01 -2.5902e+00 +2.6172e+00 -3.1042e+00
101 0 +1.071709380e+02 +1.048840938e+03 +1.048840938e+03 -4.0629e-02 +2.8138e+00 +2.0179e+00 +1.2627e+00 +7.5803e-01 -3.8052e+00 -1.8161e+00 -3.1515e+00 +1.7555e+00 -4.2203e+00
106 0 +1.050302176e+02 +1.046700218e+03 +1.046700218e+03 -8.5551e-01 +8.4511e-01 +1.4377e+00 +2.1377e+00 +1.9696e-01 -2.2717e+00 -1.8588e+00 -2.6164e+00 +1.7837e+00 -4.6810e+00
107 0 +1.016267923e+02 +1.043296792e+03 +1.043296792e+03 -1.4397e+00 +1.5734e-01 +1.4094e+00 +1.5210e+00 +4.8004e-01 -1.8014e+00 -2.0045e+00 -3.5578e+00 +2.4925e+00 -4.0787e+00
112 0 +8.723264416e+01 +1.028902644e+03 +1.028902644e+03 -1.6759e+00 +6.3284e-01 +1.8785e+00 +3.6240e+00 +2.9322e-01 -3.5517e+00 -2.8073e+00 -2.3951e+00 +2.0637e+00 -5.8188e+00
115 0 +8.362970107e+01 +1.025299701e+03 +1.025299701e+03 -1.3187e+00 +4.6036e-01 -3.6423e-01 +2.8284e+00 +4.9346e-01 -2.2304e+00 -3.0711e+00 -2.6503e+00 +3.5805e+00 -5.3648e+00
122 0 +6.527794124e+01 +1.006947941e+03 +1.006947941e+03 -6.5868e-01 +9.7804e-01 +3.3145e-01 +2.9793e+00 -1.8277e+00 -4.1559e+00 -1.2801e+00 -5.2116e+00 +4.0353e+00 -4.5521e+00
134 0 +6.408556398e+01 +1.005755564e+03 +1.005755564e+03 -2.4360e+00 +1.4991e+00 -4.2268e-01 +4.1017e+00 -4.3749e-01 -3.9024e+00 -3.1014e+00 -3.8273e+00 +3.7518e+00 -7.3787e+00
138 0 +5.676205185e+01 +9.984320519e+02 +9.984320519e+02 -2.5425e+00 -5.6234e-01 +1.3776e+00 +3.2464e+00 -8.0813e-03 -5.7610e+00 -1.1561e+00 -5.0986e+00 +4.0933e+00 -6.8608e+00
140 0 +4.154946604e+01 +9.832194660e+02 +9.832194660e+02 -2.6332e+00 +1.4402e+00 +1.9736e+00 +4.2574e+00 -7.0421e-01 -4.8711e+00 -3.1787e+00 -6.3922e+00 +4.5678e+00 -7.3248e+00
149 0 +4.044998427e+01 +9.821199843e+02 +9.821199843e+02 -3.6745e+00 +1.0410e+00 +2.5071e+00 +3.4500e+00 -2.0057e-01 -4.2719e+00 -4.0664e+00 -4.4129e+00 +5.6564e+00 -7.1298e+00
157 0 +3.715259453e+01 +9.788225945e+02 +9.788225945e+02 -3.0319e+00 +1.1408e+00 +6.9140e-01 +7.9366e+00 -3.1927e+00 -6.6250e+00 -1.7603e+00 -6.4645e+00 +5.4697e+00 -9.0422e+00
162 0 +3.517952181e+01 +9.768495218e+02 +9.768495218e+02 -6.3338e+00 +9.5881e-01 +3.0215e-01 +7.3303e+00 -2.8976e+00 -7.7286e+00 -2.4583e+00 -5.2030e+00 +4.7418e+00 -8.5261e+00
168 0 +1.797878424e+01 +9.596487842e+02 +9.596487842e+02 -4.8770e+00 -2.4336e+00 +7.4982e-01 +9.0793e+00 -3.2606e+00 -4.2734e+00 -7.0510e+00 -5.0963e+00 +5.6311e+00 -5.2670e+00
174 0 +1.413770365e+01 +9.558077036e+02 +9.558077036e+02 -3.1554e+00 -7.2337e-01 +3.7951e+00 +9.4873e+00 -3.2894e+00 -8.7237e+00 -9.3453e+00 -6.6030e+00 +7.2097e+00 -8.2804e+00
191 0 +8.217833938e+00 +9.498878339e+02 +9.498878339e+02 -8.2753e+00 +4.8024e-02 +4.8286e+00 +7.9423e+00 -4.4925e+00 -7.4698e+00 -7.2713e+00 -7.9367e+00 +6.0023e+00 -1.0984e+01
211 0 +6.369686388e+00 +9.480396864e+02 +9.480396864e+02 -1.1159e+01 -2.2918e+00 +3.2783e+00 +1.3010e+01 -5.4400e+00 -9.6232e+00 -1.1192e+01 -9.3982e+00 +1.2800e+01 -1.3975e+01
212 0 +4.646452766e+00 +9.463164528e+02 +9.463164528e+02 -9.9409e+00 -1.4024e+00 +6.8240e+00 +5.0356e+00 -8.8436e+00 -8.0944e+00 -9.7587e+00 -8.0258e+00 +7.8520e+00 -1.0915e+01
213 0 +4.160808444e+00 +9.458308084e+02 +9.458308084e+02 -1.3485e+01 -1.7784e+00 +5.0225e+00 +1.2728e+01 -5.2430e+00 -9.7220e+00 -8.1650e+00 -6.7754e+00 +1.0467e+01 -1.2817e+01
226 0 +7.519694355e-01 +9.424219694e+02 +9.424219694e+02 -1.1297e+01 -4.4178e+00 +9.3764e+00 +1.0098e+01 -6.5995e+00 -9.2443e+00 -8.8503e+00 -1.5599e+01 +1.1938e+01 -1.7120e+01
242 0 +6.502239328e-01 +9.423202239e+02 +9.423202239e+02 -1.2207e+01 -4.4966e+00 +7.6336e+00 +1.7637e+01 -1.3827e+01 -1.3453e+01 -1.2157e+01 -1.2045e+01 +1.3494e+01 -2.2010e+01
243 0 +3.616703793e-01 +9.420316704e+02 +9.420316704e+02 -9.8659e+00 -7.3395e+00 +4.7832e+00 +1.2910e+01 -1.0000e+01 -8.3967e+00 -1.0564e+01 -1.6190e+01 +1.7667e+01 -1.2629e+01
244 0 +0.000000000e+00 +9.416700000e+02 +9.416700000e+02 -7.4463e+00 -7.8995e+00 +8.4983e+00 +1.5073e+01 -1.0958e+01 -9.7317e+00 -1.3034e+01 -1.1309e+01 +1.6926e+01 -1.8712e+01
280 0 +0.000000000e+00 +9.416700000e+02 +9.416700000e+02 -7.4463e+00 -7.8995e+00 +8.4983e+00 +1.5073e+01 -1.0958e+01 -9.7317e+00 -1.3034e+01 -1.1309e+01 +1.6926e+01 -1.8712e+01
% f evaluations | g evaluations | best noise-free fitness - Fopt (-3.745000000000e+01) + sum g_i+ | measured fitness | best measured fitness or single-digit g-values | x1 | x2...
1 0 +1.935972877e+02 +1.561472877e+02 +1.561472877e+02 -9.3535e-02 +2.1870e-01 +6.5347e-02 -2.6973e-01 -7.4605e-01 +2.7398e-01 +3.3813e-01 -4.5424e-01 +4.9181e-01 -1.2897e-01
12 0 +1.927368958e+02 +1.552868958e+02 +1.552868958e+02 -3.5868e-01 +1.8382e-01 +5.0511e-01 +5.6517e-01 -4.3414e-01 +1.2678e-01 +4.6344e-01 -3.5274e-01 +4.6139e-01 +2.6053e-01
14 0 +1.894564597e+02 +1.520064597e+02 +1.520064597e+02 +2.1628e-01 +3.7275e-01 -1.8490e-01 -6.1026e-02 -7.9274e-01 +4.3296e-01 +5.8206e-01 -5.5782e-01 +5.6161e-01 +2.1459e-02
32 0 +1.859035126e+02 +1.484535126e+02 +1.484535126e+02 -5.0787e-01 +5.0826e-01 -1.9979e-01 -1.6787e-01 -4.8912e-01 +2.0987e-01 +5.5980e-01 -5.0379e-01 +4.0923e-01 +7.3649e-01
34 0 +1.777178000e+02 +1.402678000e+02 +1.402678000e+02 -6.4606e-01 +4.8843e-01 -5.1261e-01 +2.7036e-01 -8.7157e-01 +3.3219e-01 +4.4939e-01 -4.1340e-01 +9.4538e-01 +1.2580e+00
42 0 +1.722897723e+02 +1.348397723e+02 +1.348397723e+02 -1.6743e-01 +5.9229e-01 -2.0629e-01 -3.0107e-01 -1.6269e+00 +6.1264e-01 +5.4846e-01 -5.5980e-01 +5.8259e-01 +1.4015e+00
55 0 +1.662760512e+02 +1.288260512e+02 +1.288260512e+02 +5.5318e-03 +6.1783e-01 -1.1514e-01 -3.3755e-01 -1.3684e+00 +1.2478e+00 +9.7876e-01 -1.3344e+00 +4.5519e-01 +1.2374e+00
60 0 +1.650903550e+02 +1.276403550e+02 +1.276403550e+02 -1.2056e-01 +1.2542e+00 -5.5244e-01 -7.8348e-01 -1.0742e+00 +1.1037e+00 +4.0817e-01 -7.2791e-01 +5.9886e-01 +1.9141e+00
61 0 +1.590112945e+02 +1.215612945e+02 +1.215612945e+02 -6.5582e-01 +1.4832e+00 -1.8301e-01 -4.0418e-01 -1.3743e+00 +7.7316e-01 +1.0829e+00 -5.7105e-01 +3.8139e-01 +2.5506e+00
65 0 +1.573439181e+02 +1.198939181e+02 +1.198939181e+02 +8.4845e-02 +2.1193e+00 +3.8795e-01 -5.7250e-01 -1.7868e+00 +1.3651e+00 +3.6870e-01 -1.1079e+00 +1.0243e+00 +1.6140e+00
71 0 +1.501707896e+02 +1.127207896e+02 +1.127207896e+02 +1.2145e-02 +1.8361e+00 -3.7142e-01 -9.8972e-01 -9.2138e-01 +1.0517e+00 +1.3263e+00 -5.5990e-01 +5.0214e-01 +3.0536e+00
83 0 +1.249062835e+02 +8.745628352e+01 +8.745628352e+01 -5.4080e-01 +2.3978e+00 -1.3681e-01 -6.5607e-01 -2.3845e+00 +2.0485e+00 +1.4929e+00 -1.5303e+00 +5.1679e-01 +4.1598e+00
92 0 +1.107371359e+02 +7.328713586e+01 +7.328713586e+01 -1.5971e+00 +2.3752e+00 -2.3221e-01 -8.2830e-01 -1.8964e+00 +3.1436e+00 +1.7256e+00 -1.4505e+00 +1.7363e+00 +4.4020e+00
108 0 +9.807023757e+01 +6.062023757e+01 +6.062023757e+01 -1.2971e+00 +2.8583e+00 +1.5557e-01 -1.0195e+00 -4.4745e+00 +4.1245e+00 +1.0055e+00 -2.4214e+00 +6.4194e-01 +6.7212e+00
111 0 +7.670322431e+01 +3.925322431e+01 +3.925322431e+01 -2.2410e+00 +3.5691e+00 -4.7044e-01 -9.4111e-01 -5.1236e+00 +3.9270e+00 +1.9742e+00 -2.6146e+00 +2.7342e+00 +6.8612e+00
123 0 +6.001656666e+01 +2.256656666e+01 +2.256656666e+01 -1.9384e+00 +5.9791e+00 -1.6727e-01 -7.3685e-01 -4.6575e+00 +4.2775e+00 +3.3760e+00 -2.5503e+00 +3.7729e+00 +7.7412e+00
135 0 +5.282578999e+01 +1.537578999e+01 +1.537578999e+01 -2.2746e+00 +3.5616e+00 +1.1322e+00 -6.0701e-01 -5.0669e+00 +5.9837e+00 +3.5914e+00 -1.4571e+00 +5.8866e+00 +6.6862e+00
136 0 +4.591465163e+01 +8.464651629e+00 +8.464651629e+00 -2.8741e+00 +4.4761e+00 +2.9035e-01 +9.8659e-01 -6.4479e+00 +5.4869e+00 +3.9201e+00 -3.0654e+00 +5.3857e+00 +9.0961e+00
141 0 +4.232188746e+01 +4.871887462e+00 +4.871887462e+00 -2.8733e+00 +5.1010e+00 -1.9784e+00 +3.8849e-01 -7.8572e+00 +4.9128e+00 +6.0000e+00 -3.6415e+00 +4.6459e+00 +9.0087e+00
143 0 +4.144159514e+01 +3.991595144e+00 +3.991595144e+00 -2.9226e+00 +6.5418e+00 +2.3088e+00 +1.2376e+00 -4.3171e+00 +4.8202e+00 +3.1057e+00 -4.2907e+00 +5.0634e+00 +6.1216e+00
144 0 +4.026428212e+01 +2.814282121e+00 +2.814282121e+00 -3.1731e+00 +4.0587e+00 +3.3082e+00 +2.1425e+00 -6.9108e+00 +4.2879e+00 +2.9957e+00 -4.8661e+00 +6.1365e+00 +8.0531e+00
154 0 +2.949444407e+01 -7.955555928e+00 -7.955555928e+00 -6.5340e+00 +6.7153e+00 +3.4925e+00 +2.1693e+00 -5.8201e+00 +6.0871e+00 +5.1490e+00 -5.3371e+00 +5.8814e+00 +7.1252e+00
171 0 +2.677812048e+01 -1.067187952e+01 -1.067187952e+01 -3.5067e+00 +5.3669e+00 +2.3618e+00 +1.4382e+00 -7.4395e+00 +7.1850e+00 +7.1159e+00 -6.4846e+00 +9.7891e+00 +1.0068e+01
172 0 +2.609577896e+01 -1.135422104e+01 -1.135422104e+01 -4.6220e+00 +1.0755e+01 +5.9960e+00 +1.3780e+00 -8.1451e+00 +4.4229e+00 +4.8581e+00 -5.6157e+00 +9.9158e+00 +7.8775e+00
182 0 +2.269027409e+01 -1.475972591e+01 -1.475972591e+01 -5.7928e+00 +9.6665e+00 +1.8648e+00 -2.5199e+00 -5.9942e+00 +7.6078e+00 +4.7147e+00 -5.7268e+00 +1.0412e+01 +9.6780e+00
183 0 +1.895337384e+01 -1.849662616e+01 -1.849662616e+01 -4.6232e+00 +1.6057e+01 +4.4814e+00 -3.5451e+00 -1.2773e+01 +1.0112e+01 +4.6155e+00 -4.4085e+00 +8.4261e+00 +1.2341e+01
198 0 +1.414654108e+01 -2.330345892e+01 -2.330345892e+01 -6.0110e+00 +1.2294e+01 +4.1587e+00 -4.1960e+00 -1.2247e+01 +9.9728e+00 +6.7525e+00 -5.8950e+00 +1.3022e+01 +1.0816e+01
210 0 +1.177176543e+01 -2.567823457e+01 -2.567823457e+01 -5.3606e+00 +1.3959e+01 +8.2909e+00 -5.1664e+00 -1.4676e+01 +8.5575e+00 +4.6960e+00 -7.7185e+00 +1.1235e+01 +1.0804e+01
217 0 +7.861189025e+00 -2.958881098e+01 -2.958881098e+01 -2.8612e+00 +1.4924e+01 +1.1765e+01 -6.6052e+00 -1.2672e+01 +6.2958e+00 +6.8729e+00 -6.7370e+00 +8.9280e+00 +9.3618e+00
223 0 +5.756355610e+00 -3.169364439e+01 -3.169364439e+01 -7.5636e-01 +1.7989e+01 +8.7046e+00 -1.0443e+01 -1.9512e+01 +9.3020e+00 +8.0555e+00 -9.2237e+00 +1.5340e+01 +1.2853e+01
226 0 +4.752472443e+00 -3.269752756e+01 -3.269752756e+01 +2.4753e-01 +2.0907e+01 +7.8684e+00 -7.7037e+00 -1.6569e+01 +8.3376e+00 +8.3081e+00 -1.2740e+01 +5.3993e+00 +1.1848e+01
231 0 +3.025965394e+00 -3.442403461e+01 -3.442403461e+01 +1.9740e+00 +1.6428e+01 +8.3073e+00 -9.1601e+00 -1.8656e+01 +9.4351e+00 +1.5234e+01 -1.0158e+01 +1.2253e+01 +1.5040e+01
241 0 +2.501096454e+00 -3.494890355e+01 -3.494890355e+01 +2.4989e+00 +2.5709e+01 +9.7475e+00 -1.7611e+01 -1.7688e+01 +6.0696e+00 +1.3891e+01 -1.2816e+01 +8.5038e+00 +2.2655e+01
244 0 +9.983645751e-01 -3.645163542e+01 -3.645163542e+01 +4.0016e+00 +2.1423e+01 +6.4277e+00 -5.0601e+00 -1.7587e+01 +8.8268e+00 +1.2836e+01 -1.3397e+01 +1.0953e+01 +1.3175e+01
254 0 +0.000000000e+00 -3.745000000e+01 -3.745000000e+01 +7.1457e+00 +2.9826e+01 +7.9257e+00 -6.3212e+00 -1.7909e+01 +1.0981e+01 +1.3960e+01 -1.3703e+01 +1.6248e+01 +1.7821e+01
300 0 +0.000000000e+00 -3.745000000e+01 -3.745000000e+01 +7.1457e+00 +2.9826e+01 +7.9257e+00 -6.3212e+00 -1.7909e+01 +1.0981e+01 +1.3960e+01 -1.3703e+01 +1.6248e+01 +1.7821e+01
% f evaluations | g evaluations | best noise-free fitness - Fopt (-6.639000000000e+01) + sum g_i+ | measured fitness | best measured fitness or single-digit g-values | x1 | x2...
1 0 +1.922109883e+02 +1.258209883e+02 +1.258209883e+02 -9.3535e-02 +2.1870e-01 +6.5347e-02 -2.6973e-01 -7.4605e-01 +2.7398e-01 +3.3813e-01 -4.5424e-01 +4.9181e-01 -1.2897e-01
11 0 +1.900900342e+02 +1.237000342e+02 +1.237000342e+02 -8.5620e-02 +5.0302e-01 -2.8961e-01 +2.7265e-01 -8.4237e-01 +5.5136e-01 +1.5949e-01 -4.9138e-01 -2.1673e-02 -4.6081e-01
35 0 +1.834929299e+02 +1.171029299e+02 +1.171029299e+02 -6.6913e-01 +1.1913e-01 -6.1753e-01 +4.3611e-01 -8.6184e-01 +2.7587e-01 +3.5785e-01 -1.3956e+00 +3.8514e-01 -1.6628e-01
43 0 +1.701982116e+02 +1.038082116e+02 +1.038082116e+02 +2.8624e-01 +1.2130e+00 +1.5045e-01 +1.1782e+00 -1.1635e+00 +1.0737e-01 +8.1906e-01 -1.3649e+00 +8.1769e-01 -8.6432e-01
54 0 +1.668848282e+02 +1.004948282e+02 +1.004948282e+02 +2.9482e-01 +7.9417e-01 -5.3558e-01 +1.5766e+00 -8.0435e-01 +7.7135e-01 +7.7798e-01 -1.5989e+00 +6.4683e-01 -9.2274e-01
56 0 +1.653303110e+02 +9.894031101e+01 +9.894031101e+01 -2.0165e-01 +8.1148e-01 -5.5498e-01 +7.8521e-01 -1.3856e+00 +9.5670e-01 +1.0069e+00 -1.1659e+00 +3.8212e-01 -1.3235e+00
60 0 +1.617121651e+02 +9.532216506e+01 +9.532216506e+01 +2.1454e-01 +5.8290e-01 -9.7378e-01 +1.2335e+00 -8.5285e-01 +4.6545e-01 +6.3485e-01 -2.3397e+00 +9.8779e-01 -9.1484e-01
62 0 +1.409188262e+02 +7.452882621e+01 +7.452882621e+01 -9.2895e-01 +1.1424e+00 -6.5809e-01 +1.7714e+00 -2.1991e+00 +1.5552e+00 +1.3793e+00 -2.8481e+00 +1.2912e+00 -1.0929e+00
74 0 +1.354091015e+02 +6.901910150e+01 +6.901910150e+01 -1.6088e+00 +4.6184e-01 -1.2763e+00 +1.5361e+00 -1.6697e+00 +5.6605e-01 +1.9227e+00 -2.8390e+00 +1.4023e+00 -1.7814e+00
81 0 +1.293242143e+02 +6.293421428e+01 +6.293421428e+01 -1.3947e+00 +1.2878e+00 -1.5652e+00 +2.2246e+00 -1.9346e+00 +1.6822e+00 +1.1775e+00 -2.9742e+00 +1.0957e+00 -2.1355e+00
88 0 +1.104872736e+02 +4.409727357e+01 +4.409727357e+01 -2.2562e+00 +1.6479e+00 -4.5304e-02 +1.4347e+00 -3.3707e+00 +1.6674e+00 +1.2366e+00 -3.9514e+00 +2.4057e+00 -2.2883e+00
91 0 +9.746632608e+01 +3.107632608e+01 +3.107632608e+01 -2.8152e+00 +9.5459e-01 -1.2402e-01 +2.2934e+00 -3.5493e+00 +2.6876e+00 +2.8267e-01 -4.9834e+00 +2.1834e+00 -3.0059e+00
101 0 +6.775715658e+01 +1.367156579e+00 +1.367156579e+00 -2.3237e+00 -1.3133e-02 -3.3383e+00 +1.3493e+00 -5.4006e+00 +3.3508e+00 +2.0026e+00 -3.9559e+00 +2.1753e+00 -5.1295e+00
112 0 +5.432684861e+01 -1.206315139e+01 -1.206315139e+01 -3.9950e+00 +7.3472e-01 -1.2091e+00 +1.9074e+00 -6.6088e+00 +4.4162e+00 +2.0862e+00 -7.6670e+00 +3.3043e+00 -4.3925e+00
125 0 +4.514645419e+01 -2.124354581e+01 -2.124354581e+01 -6.1189e+00 +3.2505e-01 -1.0710e+00 +2.6287e+00 -6.7942e+00 +2.9031e+00 +4.2170e+00 -5.2718e+00 +3.4674e+00 -4.5591e+00
127 0 +4.450942123e+01 -2.188057877e+01 -2.188057877e+01 -3.7504e+00 +1.0975e+00 -8.9535e-01 +2.6763e+00 -7.5475e+00 +2.9156e+00 +1.3939e+00 -7.2565e+00 +4.7239e+00 -5.0108e+00
133 0 +4.047264273e+01 -2.591735727e+01 -2.591735727e+01 -2.7867e+00 +3.7780e+00 -2.9113e+00 +5.4629e+00 -8.5057e+00 +5.0213e+00 +1.0545e+00 -9.0531e+00 +3.3665e+00 -4.7764e+00
137 0 +3.293579074e+01 -3.345420926e+01 -3.345420926e+01 -6.1513e+00 +3.3490e+00 -1.6108e+00 +5.6641e+00 -9.1671e+00 +2.2113e+00 +2.5991e+00 -6.2785e+00 +4.4854e+00 -5.6399e+00
145 0 +3.059359923e+01 -3.579640077e+01 -3.579640077e+01 -5.5755e+00 +2.8359e+00 -7.1458e+00 +3.1231e+00 -9.8751e+00 +5.2212e+00 +8.8473e-01 -9.8401e+00 +4.3990e+00 -6.0966e+00
146 0 +2.616210206e+01 -4.022789794e+01 -4.022789794e+01 -8.6191e-01 +5.0164e+00 -5.5694e+00 +5.1321e+00 -6.5108e+00 +4.0438e+00 +2.3772e+00 -5.2246e+00 +4.1717e+00 -6.0475e+00
150 0 +1.333332662e+01 -5.305667338e+01 -5.305667338e+01 -3.4627e+00 +2.4537e+00 -1.8126e+00 +5.5759e+00 -1.1578e+01 +5.0531e+00 +5.4134e+00 -9.8172e+00 +4.5879e+00 -5.9983e+00
162 0 +7.576468269e+00 -5.881353173e+01 -5.881353173e+01 -5.5595e+00 +2.4414e+00 -6.0567e+00 +1.1607e+01 -1.0308e+01 +3.8113e+00 +5.6390e+00 -9.5248e+00 +5.0752e+00 -7.6347e+00
176 0 +5.619122610e-01 -6.582808774e+01 -6.582808774e+01 -4.4381e+00 +6.1560e+00 -5.4769e+00 +9.7068e+00 -1.3215e+01 +5.1777e+00 +6.3931e+00 -1.3957e+01 +6.3253e+00 -1.0798e+01
198 0 +2.481388098e-01 -6.614186119e+01 -6.614186119e+01 -5.2369e+00 +4.8079e+00 -6.3794e+00 +1.2367e+01 -1.5223e+01 +6.8082e+00 +5.3734e+00 -1.4232e+01 +5.8587e+00 -1.0171e+01
214 0 +0.000000000e+00 -6.639000000e+01 -6.639000000e+01 -1.1215e+01 +1.0079e+01 -9.7063e+00 +1.8324e+01 -1.8727e+01 +9.4518e+00 +6.2726e+00 -1.9358e+01 +1.2314e+01 -1.1007e+01
330 0 +0.000000000e+00 -6.639000000e+01 -6.639000000e+01 -1.1215e+01 +1.0079e+01 -9.7063e+00 +1.8324e+01 -1.8727e+01 +9.4518e+00 +6.2726e+00 -1.9358e+01 +1.2314e+01 -1.1007e+01
% f evaluations | g evaluations | best noise-free fitness - Fopt (-2.260100000000e+02) + sum g_i+ | measured fitness | best measured fitness or single-digit g-values | x1 | x2...
1 0 +2.025474156e+02 -2.346258443e+01 -2.346258443e+01 -9.3535e-02 +2.1870e-01 +6.5347e-02 -2.6973e-01 -7.4605e-01 +2.7398e-01 +3.3813e-01 -4.5424e-01 +4.9181e-01 -1.2897e-01
12 0 +2.000560049e+02 -2.595399505e+01 -2.595399505e+01 -6.3868e-01 +1.0556e-01 +2.2640e-01 +1.8201e-02 +5.6821e-02 +2.3915e-01 +2.3466e-01 -5.0684e-01 +4.3075e-01 -4.9097e-01
16 0 +1.972158690e+02 -2.879413102e+01 -2.879413102e+01 +2.0304e-01 -1.8656e-01 +3.2034e-02 +3.5389e-01 -1.7275e-01 +5.3411e-01 +9.6480e-02 +1.5683e-01 +5.2075e-01 -3.6743e-01
26 0 +1.919832393e+02 -3.402676068e+01 -3.402676068e+01 +2.8599e-02 -2.9691e-01 +5.1828e-01 +8.0659e-03 -7.7109e-02 -1.6680e-01 +3.4332e-01 -3.4655e-01 +9.4749e-01 -7.4155e-01
32 0 +1.904308345e+02 -3.557916554e+01 -3.557916554e+01 -1.3559e-01 -1.5948e-01 +9.9704e-02 +6.4861e-01 -4.7487e-01 +3.3600e-01 -8.6965e-02 -3.3207e-02 +5.9444e-01 -7.5026e-01
34 0 +1.859190550e+02 -4.009094502e+01 -4.009094502e+01 -5.7086e-01 -6.1432e-01 +3.4535e-01 +5.5419e-01 -2.9929e-01 +3.7378e-01 +8.6080e-02 +5.0702e-02 +6.1739e-01 -1.2707e+00
45 0 +1.805953661e+02 -4.541463387e+01 -4.541463387e+01 -2.1071e-02 +4.1645e-01 +1.9880e-01 +3.7457e-01 -3.0767e-01 -9.7931e-02 -2.8231e-02 -4.4321e-02 +1.4239e+00 -9.9563e-01
49 0 +1.770295889e+02 -4.898041109e+01 -4.898041109e+01 -1.4919e-01 +3.4250e-01 +4.5666e-01 -1.8948e-01 -6.3418e-01 -2.8320e-01 +1.4448e-02 +6.2792e-01 +8.0098e-01 -1.3692e+00
60 0 +1.731475536e+02 -5.286244638e+01 -5.286244638e+01 -1.3398e-01 -1.7776e-01 +5.7932e-01 -3.9740e-01 -7.4417e-01 -5.0967e-01 +2.4702e-01 +4.3779e-01 +1.4450e+00 -1.4617e+00
62 0 +1.544103569e+02 -7.159964312e+01 -7.159964312e+01 -9.5121e-01 +5.9702e-01 +9.7399e-01 -3.9836e-01 -8.3931e-01 -7.0450e-01 +3.5406e-01 +9.2162e-01 +1.9345e+00 -2.3722e+00
72 0 +1.486223299e+02 -7.738767007e+01 -7.738767007e+01 -1.0769e+00 +6.4518e-01 +9.9825e-01 +9.6663e-04 -1.1526e+00 -4.3726e-01 -1.1495e-02 +1.0727e+00 +1.8033e+00 -2.6923e+00
83 0 +1.283746751e+02 -9.763532494e+01 -9.763532494e+01 -9.5910e-01 +4.0026e-01 +1.5168e+00 -1.0566e-01 -1.8415e+00 -7.0935e-01 +4.2749e-01 +1.2423e+00 +3.3640e+00 -3.3012e+00
87 0 +1.209126457e+02 -1.050973543e+02 -1.050973543e+02 -1.1893e+00 +1.5149e-01 +1.3579e+00 +3.6695e-01 -1.7608e+00 -7.1498e-01 +1.5626e-01 +1.6075e+00 +2.8031e+00 -4.0910e+00
92 0 +1.135641518e+02 -1.124458482e+02 -1.124458482e+02 -1.5997e+00 +1.3145e+00 +1.8320e+00 -6.6064e-01 -2.1985e+00 -2.7585e-01 -6.2271e-01 +1.9420e+00 +3.4461e+00 -3.7531e+00
105 0 +1.115484302e+02 -1.144615698e+02 -1.144615698e+02 -1.5465e+00 +6.5230e-01 +2.2107e+00 +1.5194e+00 -1.9073e+00 -5.3430e-02 -6.1974e-02 +8.6252e-01 +4.2182e+00 -3.9832e+00
108 0 +8.152549438e+01 -1.444845056e+02 -1.444845056e+02 -1.5235e+00 +5.1746e-01 +2.7363e+00 +3.1204e-01 -3.3079e+00 -8.8736e-01 -9.3973e-01 +3.5981e+00 +5.8373e+00 -3.8355e+00
116 0 +8.014770669e+01 -1.458622933e+02 -1.458622933e+02 -9.5111e-01 +8.4299e-01 +3.0254e+00 -3.7274e-01 -2.9255e+00 -1.0862e+00 -9.7388e-02 +4.5187e+00 +5.0650e+00 -3.9618e+00
124 0 +7.199400130e+01 -1.540159987e+02 -1.540159987e+02 -7.9832e-01 +2.4005e+00 +2.5281e+00 -1.2827e+00 -2.9880e+00 -7.8674e-01 +4.8397e-01 +4.9030e+00 +5.5776e+00 -5.3125e+00
126 0 +7.003046751e+01 -1.559795325e+02 -1.559795325e+02 -1.3863e+00 -2.7805e-01 +4.3709e+00 +5.8235e-02 -5.1112e+00 -2.6968e+00 -1.3508e+00 +3.7145e+00 +5.0983e+00 -3.5018e+00
134 0 +5.347105713e+01 -1.725389429e+02 -1.725389429e+02 -1.2130e+00 +7.9332e-01 +5.2382e+00 -1.2210e+00 -4.3751e+00 -3.3511e+00 -9.3351e-01 +4.2813e+00 +6.0544e+00 -5.0899e+00
141 0 +3.624989891e+01 -1.897601011e+02 -1.897601011e+02 -3.9345e+00 +4.5174e-01 +5.9836e+00 +9.5447e-01 -4.9883e+00 -3.1848e+00 -2.0952e+00 +4.9074e+00 +8.0137e+00 -6.6189e+00
151 0 +2.826838467e+01 -1.977416153e+02 -1.977416153e+02 -2.5097e+00 +5.4332e-01 +6.3729e+00 +8.6544e-01 -4.3621e+00 -5.9653e+00 -2.9879e+00 +5.6579e+00 +1.0402e+01 -7.6480e+00
163 0 +2.511757128e+01 -2.008924287e+02 -2.008924287e+02 -1.1059e+00 +4.2120e-01 +5.3357e+00 +2.1264e+00 -5.5024e+00 -6.2142e+00 -3.0354e+00 +8.7904e+00 +7.4899e+00 -6.4044e+00
176 0 +2.374299599e+01 -2.022670040e+02 -2.022670040e+02 +2.6563e-02 -6.3987e-02 +7.8153e+00 +2.1268e+00 -7.2772e+00 -7.6917e+00 -3.7104e+00 +8.3440e+00 +1.1089e+01 -1.0042e+01
189 0 +2.021285181e+01 -2.057971482e+02 -2.057971482e+02 -1.3099e+00 +3.4646e+00 +6.7590e+00 +1.2188e+00 -5.1705e+00 -5.4782e+00 -3.6226e+00 +6.5353e+00 +1.1775e+01 -1.0627e+01
192 0 +1.993319997e+01 -2.060768000e+02 -2.060768000e+02 -2.6119e+00 +3.0033e+00 +8.0292e+00 -3.5665e-01 -8.7503e+00 -1.2542e+01 -4.2620e+00 +1.1016e+01 +9.4410e+00 -1.3921e+01
198 0 +1.377417270e+01 -2.122358273e+02 -2.122358273e+02 -1.5657e+00 +9.5286e-01 +6.8024e+00 +3.1588e+00 -4.5882e+00 -7.1386e+00 -5.0165e+00 +7.5219e+00 +9.1671e+00 -8.1498e+00
208 0 +8.841508940e+00 -2.171684911e+02 -2.171684911e+02 +1.3505e+00 +6.0843e+00 +5.7259e+00 +3.8438e+00 -6.9447e+00 -7.0469e+00 -5.1536e+00 +1.4398e+01 +1.0233e+01 -8.7466e+00
218 0 +3.136938713e+00 -2.228730613e+02 -2.228730613e+02 -1.9312e+00 +5.3947e+00 +4.9591e+00 +5.7837e+00 -5.4408e+00 -7.1935e+00 -5.9635e+00 +1.0532e+01 +9.0877e+00 -1.1697e+01
242 0 +1.460853220e+00 -2.245491468e+02 -2.245491468e+02 -3.5391e+00 +6.5655e+00 +9.0118e+00 +6.6341e+00 -5.0651e+00 -7.0021e+00 -8.4462e+00 +1.3294e+01 +8.2819e+00 -1.1956e+01
258 0 +7.155729849e-01 -2.252944270e+02 -2.252944270e+02 -4.2844e+00 +7.8490e+00 +7.2012e+00 +1.2880e+01 -7.8821e+00 -7.0410e+00 -9.8438e+00 +1.3571e+01 +1.1218e+01 -1.2167e+01
262 0 +0.000000000e+00 -2.260100000e+02 -2.260100000e+02 -6.2271e+00 +8.4055e+00 +8.9382e+00 +1.3580e+01 -1.4965e+01 -1.0369e+01 -7.3099e+00 +1.8376e+01 +1.5248e+01 -1.9788e+01
410 0 +0.000000000e+00 -2.260100000e+02 -2.260100000e+02 -6.2271e+00 +8.4055e+00 +8.9382e+00 +1.3580e+01 -1.4965e+01 -1.0369e+01 -7.3099e+00 +1.8376e+01 +1.5248e+01 -1.9788e+01
% f evaluations | g evaluations | best noise-free fitness - Fopt (1.000000000000e+03) + sum g_i+ | measured fitness | best measured fitness or single-digit g-values | x1 | x2...
1 0 +1.971011747e+02 +1.197101175e+03 +1.197101175e+03 -9.3535e-02 +2.1870e-01 +6.5347e-02 -2.6973e-01 -7.4605e-01 +2.7398e-01 +3.3813e-01 -4.5424e-01 +4.9181e-01 -1.2897e-01
16 0 +1.934919270e+02 +1.193491927e+03 +1.193491927e+03 +2.6255e-01 +1.4776e-01 +2.6206e-01 +3.3404e-01 -4.3644e-01 -2.4084e-01 -3.6260e-01 -1.4325e-01 +5.0740e-01 -1.2203e-01
36 0 +1.882487024e+02 +1.188248702e+03 +1.188248702e+03 -2.3351e-02 -4.9432e-02 -6.1621e-01 +3.8539e-01 -4.3336e-01 -3.7525e-01 -8.4489e-01 -1.0772e+00 +1.7552e-01 -2.0442e-01
42 0 +1.802396277e+02 +1.180239628e+03 +1.180239628e+03 +2.5101e-01 +4.4422e-01 -7.5118e-01 +6.2021e-01 -1.8934e-01 -1.8907e-01 -5.9593e-01 -1.0897e+00 +9.5629e-01 -5.7929e-01
57 0 +1.756953430e+02 +1.175695343e+03 +1.175695343e+03 +2.8090e-01 +3.9508e-01 -9.5048e-01 +5.3455e-01 -5.6920e-01 -2.5634e-01 -8.0266e-01 -1.2439e+00 +7.0148e-01 -9.7379e-01
61 0 +1.659941539e+02 +1.165994154e+03 +1.165994154e+03 -6.0458e-03 +5.2664e-01 -1.0672e-02 +6.1145e-01 -3.4668e-01 -6.4513e-01 -1.2712e+00 -1.6707e+00 +8.1260e-01 -1.0877e+00
79 0 +1.657088897e+02 +1.165708890e+03 +1.165708890e+03 -3.4728e-01 +3.0339e-01 +8.6846e-02 +1.8961e-01 -1.9492e-01 -7.4038e-01 -1.1439e+00 -9.3538e-01 +9.0930e-01 -1.6186e+00
81 0 +1.553223600e+02 +1.155322360e+03 +1.155322360e+03 -3.0943e-01 +8.5578e-01 -2.9865e-01 +2.3412e-01 -4.3946e-01 -5.6107e-01 -1.6372e+00 -1.3175e+00 +1.5147e+00 -1.7140e+00
88 0 +1.491426842e+02 +1.149142684e+03 +1.149142684e+03 -9.1567e-01 +1.3229e+00 +5.1032e-01 -1.2289e-01 -2.6950e-02 -1.1295e+00 -1.5492e+00 -2.3672e+00 +7.7357e-01 -2.0489e+00
91 0 +1.399734772e+02 +1.139973477e+03 +1.139973477e+03 -9.7038e-01 +9.7825e-01 +1.4361e+00 -6.6689e-03 +1.7937e-01 -1.2149e+00 -1.5804e+00 -3.0189e+00 +1.3217e+00 -2.0225e+00
96 0 +1.361355817e+02 +1.136135582e+03 +1.136135582e+03 -3.8282e-01 +5.8347e-01 -3.3589e-01 -4.7469e-02 -2.3670e-01 -7.2316e-01 -8.6806e-01 -2.9644e+00 +1.4043e+00 -3.1807e+00
101 0 +1.171670088e+02 +1.117167009e+03 +1.117167009e+03 -1.7444e+00 +1.3499e+00 +3.1157e-01 -1.1429e-01 +2.6134e-01 -1.2659e+00 -1.7333e+00 -3.7062e+00 +3.1564e+00 -2.4895e+00
112 0 +8.928532328e+01 +1.089285323e+03 +1.089285323e+03 -1.3275e+00 +2.3366e+00 +9.1384e-01 -2.1773e-01 +4.3048e-02 -1.9328e+00 -2.6456e+00 -3.4921e+00 +2.6177e+00 -4.9353e+00
128 0 +8.318466918e+01 +1.083184669e+03 +1.083184669e+03 -2.2511e+00 +1.5032e+00 +2.6172e+00 -1.8016e+00 +2.3196e-01 -1.6812e+00 -2.3705e+00 -4.2555e+00 +3.4658e+00 -4.7741e+00
132 0 +7.427771070e+01 +1.074277711e+03 +1.074277711e+03 -2.8672e+00 +1.5707e+00 +1.0181e+00 +1.2133e-01 +1.9064e-01 -2.2262e-01 -2.4000e+00 -5.7309e+00 +6.1321e+00 -4.3117e+00
133 0 +6.864210575e+01 +1.068642106e+03 +1.068642106e+03 -2.2774e+00 +2.2382e+00 +5.2270e-01 -1.5577e+00 -4.8986e-01 -1.1034e+00 -1.9402e+00 -6.0519e+00 +6.5752e+00 -5.0818e+00
136 0 +6.710103861e+01 +1.067101039e+03 +1.067101039e+03 -2.1254e+00 +3.0213e+00 -2.0418e-01 -1.7011e+00 -1.3688e+00 -1.6383e+00 -2.9104e+00 -5.0401e+00 +4.1388e+00 -6.5360e+00
141 0 +5.215863615e+01 +1.052158636e+03 +1.052158636e+03 -2.0563e+00 +2.5890e+00 +1.1256e+00 +5.3831e-01 -2.8967e+00 -2.2147e+00 -1.9486e+00 -6.6785e+00 +6.4109e+00 -6.2392e+00
148 0 +4.750721480e+01 +1.047507215e+03 +1.047507215e+03 -8.3784e-01 +2.7841e+00 -9.0120e-01 -3.6975e-01 -2.3553e+00 -1.7412e+00 -5.3197e+00 -8.9508e+00 +7.3054e+00 -6.4749e+00
151 0 +3.875618044e+01 +1.038756180e+03 +1.038756180e+03 -8.1954e-01 +1.2138e+00 -7.9260e-01 +2.1284e-02 -2.9158e+00 -5.1252e+00 -4.2465e+00 -8.8117e+00 +7.6502e+00 -7.3796e+00
153 0 +3.130354822e+01 +1.031303548e+03 +1.031303548e+03 -1.7030e+00 +6.3749e+00 -1.5691e-01 +3.4741e-01 -3.4010e+00 -3.6279e+00 -5.5035e+00 -7.9647e+00 +5.7153e+00 -5.1639e+00
162 0 +3.064323250e+01 +1.030643232e+03 +1.030643232e+03 +3.9424e-01 +3.4885e+00 +5.0719e-01 +2.6453e+00 -3.9639e+00 -5.1088e+00 -5.6925e+00 -1.1798e+01 +8.6569e+00 -4.2154e+00
174 0 +2.300168993e+01 +1.023001690e+03 +1.023001690e+03 +1.3065e+00 +7.1906e+00 +9.3528e-01 +6.1887e+00 -1.4368e+00 -5.2356e+00 -6.0652e+00 -1.5271e+01 +6.9448e+00 -5.0702e+00
176 0 +2.190836607e+01 +1.021908366e+03 +1.021908366e+03 -1.7111e+00 +4.7384e+00 -2.0861e+00 +3.7181e+00 -5.5522e+00 -3.9706e+00 -9.5881e+00 -1.1294e+01 +1.1106e+01 -5.8364e+00
193 0 +1.600604653e+01 +1.016006047e+03 +1.016006047e+03 -2.1336e+00 +2.2278e+00 -3.9936e-01 +4.7436e+00 -5.7759e+00 -6.7441e+00 -6.5237e+00 -9.7615e+00 +9.3460e+00 -1.2156e+01
195 0 +1.238465353e+01 +1.012384654e+03 +1.012384654e+03 +6.1312e-01 +5.3883e+00 +2.1760e+00 +4.0434e+00 -5.1442e+00 -5.0762e+00 -9.2889e+00 -1.2315e+01 +1.2128e+01 -8.3275e+00
207 0 +1.109737568e+01 +1.011097376e+03 +1.011097376e+03 -1.1479e+00 +2.6291e+00 +7.1077e+00 +3.0584e+00 -8.2475e+00 -5.1234e+00 -6.6953e+00 -1.2385e+01 +6.6573e+00 -9.4040e+00
217 0 +5.445270354e+00 +1.005445270e+03 +1.005445270e+03 -9.9511e-01 +3.8848e+00 +8.0543e+00 +6.8909e+00 -6.7283e+00 -5.7921e+00 -8.3363e+00 -1.5798e+01 +6.7507e+00 -6.3993e+00
226 0 +2.089698687e+00 +1.002089699e+03 +1.002089699e+03 -5.7642e+00 +7.3241e+00 +1.3866e+01 +9.8167e+00 -4.2490e+00 -7.7616e+00 -8.8910e+00 -1.8036e+01 +1.2967e+01 -6.3067e+00
239 0 +8.893341192e-01 +1.000889334e+03 +1.000889334e+03 -7.4343e+00 +9.1741e+00 +1.9479e+01 +6.0071e+00 -9.2945e+00 -4.7525e+00 -1.0887e+01 -2.0976e+01 +1.2258e+01 -8.9438e+00
242 0 +8.234103457e-01 +1.000823410e+03 +1.000823410e+03 -4.1766e+00 +1.4308e+01 +1.6968e+01 +8.5455e+00 -1.3786e+01 -1.0001e+01 -1.4379e+01 -2.6275e+01 +2.0843e+01 -6.8008e+00
244 0 +0.000000000e+00 +1.000000000e+03 +1.000000000e+03 -5.1596e+00 +1.0705e+01 +1.1579e+01 +6.4565e+00 -1.0927e+01 -5.7017e+00 -1.3215e+01 -2.8278e+01 +1.3031e+01 -1.2233e+01
330 0 +0.000000000e+00 +1.000000000e+03 +1.000000000e+03 -5.1596e+00 +1.0705e+01 +1.1579e+01 +6.4565e+00 -1.0927e+01 -5.7017e+00 -1.3215e+01 -2.8278e+01 +1.3031e+01 -1.2233e+01
% f evaluations | g evaluations | best noise-free fitness - Fopt (-1.830200000000e+02) + sum g_i+ | measured fitness | best measured fitness or single-digit g-values | x1 | x2...
1 0 +1.975191418e+02 +1.449914176e+01 +1.449914176e+01 -9.3535e-02 +2.1870e-01 +6.5347e-02 -2.6973e-01 -7.4605e-01 +2.7398e-01 +3.3813e-01 -4.5424e-01 +4.9181e-01 -1.2897e-01
14 0 +1.964965035e+02 +1.347650345e+01 +1.347650345e+01 +2.7789e-01 +3.1246e-01 +5.1973e-02 +1.6320e-01 -6.9459e-01 +6.4113e-01 +4.8650e-01 -5.1312e-01 +4.0966e-01 +1.8847e-02
16 0 +1.948490221e+02 +1.182902210e+01 +1.182902210e+01 +5.7752e-01 -1.9743e-01 -3.0084e-01 +2.3164e-02 -8.3882e-01 +5.4371e-01 +1.0619e-01 -4.4058e-01 +1.9352e-01 +2.7951e-02
31 0 +1.840695416e+02 +1.049541588e+00 +1.049541588e+00 +5.4191e-01 -1.3122e-02 -1.2437e-01 -5.8081e-01 -6.5004e-01 +5.6411e-01 -3.3542e-02 -1.1188e+00 +5.5224e-01 +3.2857e-01
42 0 +1.799663133e+02 -3.053686709e+00 -3.053686709e+00 +6.7354e-01 -3.2422e-01 +7.6890e-01 -4.7761e-01 -2.2536e-01 +5.7781e-01 -1.0973e-01 -7.3315e-01 +4.4374e-01 +1.2499e+00
43 0 +1.737823690e+02 -9.237630987e+00 -9.237630987e+00 +1.4991e+00 +3.9639e-03 +4.0958e-01 -3.5237e-01 -6.5920e-01 +5.3368e-01 -1.6109e-01 -1.5907e+00 +1.3105e+00 +4.8130e-01
52 0 +1.693228460e+02 -1.369715403e+01 -1.369715403e+01 +9.3760e-01 -2.7722e-01 +1.2852e-01 -2.9445e-01 -1.1840e+00 +3.0697e-01 +4.5786e-01 -1.4956e+00 +1.5076e+00 +1.0398e+00
61 0 +1.616357307e+02 -2.138426926e+01 -2.138426926e+01 +1.5210e+00 -2.9366e-01 -8.2166e-01 -7.0004e-01 -1.4231e+00 +7.4462e-01 -4.4979e-01 -1.8165e+00 +1.1832e+00 +9.1584e-01
71 0 +1.545163935e+02 -2.850360649e+01 -2.850360649e+01 +2.0348e+00 +1.9751e-01 +6.3745e-01 -5.0544e-01 -1.3214e+00 +1.1719e+00 -1.0429e-01 -1.9629e+00 +1.0354e+00 +1.9870e+00
75 0 +1.504068072e+02 -3.261319283e+01 -3.261319283e+01 +1.7721e+00 +4.7562e-02 -1.0558e+00 -7.3343e-01 -3.4256e-01 +1.2126e+00 -5.0023e-01 -2.3203e+00 +2.4617e+00 +8.2864e-01
82 0 +1.472394638e+02 -3.578053622e+01 -3.578053622e+01 +8.3749e-01 +8.5340e-01 -6.9820e-01 -9.3537e-01 -6.7471e-01 -1.3858e-01 -1.2406e+00 -1.8407e+00 +1.7972e+00 +2.2105e+00
83 0 +1.368474060e+02 -4.617259403e+01 -4.617259403e+01 +1.9881e+00 +2.7455e-01 -8.9845e-01 -8.3606e-01 -1.8145e+00 +1.9370e+00 -1.1805e-02 -2.4497e+00 +2.1871e+00 +1.8883e+00
87 0 +1.277955668e+02 -5.522443315e+01 -5.522443315e+01 +1.6129e+00 -5.3065e-01 -5.3054e-01 -7.4411e-01 -2.2353e+00 +1.8632e+00 +3.9326e-02 -2.4903e+00 +3.0690e+00 +2.0341e+00
91 0 +1.211309402e+02 -6.188905984e+01 -6.188905984e+01 +2.3763e+00 +4.6342e-01 -7.8805e-01 -6.4979e-01 -1.6876e+00 +3.4515e+00 +6.6910e-01 -2.6538e+00 +2.6722e+00 +2.8131e+00
96 0 +1.152245431e+02 -6.779545693e+01 -6.779545693e+01 +2.5050e+00 -1.6376e+00 -2.5834e-01 -1.6328e+00 -2.0998e+00 +1.5481e+00 +4.5079e-01 -3.0803e+00 +3.4656e+00 +2.5941e+00
99 0 +1.082227798e+02 -7.479722017e+01 -7.479722017e+01 +2.6547e+00 -1.0432e+00 -7.8898e-01 -1.7344e+00 -1.4742e+00 +1.4300e+00 -1.3600e+00 -3.1612e+00 +3.7281e+00 +2.3701e+00
103 0 +1.059144090e+02 -7.710559100e+01 -7.710559100e+01 +1.6504e+00 -1.5822e+00 -5.8827e-01 -9.4007e-01 -1.4616e+00 +2.4601e+00 -1.3214e+00 -2.3062e+00 +3.8409e+00 +2.9127e+00
108 0 +9.191078995e+01 -9.110921005e+01 -9.110921005e+01 +3.7094e+00 -1.3180e+00 -1.9269e+00 -8.8863e-01 -2.3898e+00 +4.1145e+00 +1.2357e+00 -4.4467e+00 +4.1350e+00 +2.7523e+00
110 0 +9.089735932e+01 -9.212264068e+01 -9.212264068e+01 +2.7409e+00 +7.5975e-01 +3.1618e-01 -7.4891e-01 -1.4375e+00 +1.4765e+00 -1.7429e+00 -3.2276e+00 +4.7718e+00 +3.6913e+00
111 0 +7.123862592e+01 -1.117813741e+02 -1.117813741e+02 +3.8590e+00 -1.2560e+00 -1.5474e+00 -2.7693e+00 -2.1510e+00 +3.1285e+00 -7.7815e-01 -4.3804e+00 +5.6922e+00 +3.3267e+00
123 0 +5.215318569e+01 -1.308668143e+02 -1.308668143e+02 +4.2248e+00 -1.6324e+00 -3.1257e+00 -4.5816e+00 -1.8539e+00 +3.3251e+00 -6.0124e-01 -3.6972e+00 +6.3802e+00 +5.6713e+00
135 0 +4.765208105e+01 -1.353679189e+02 -1.353679189e+02 +5.1037e+00 +1.2934e+00 -1.4296e+00 -4.6792e+00 -2.5771e+00 +3.1008e+00 -3.4342e+00 -3.2104e+00 +4.8304e+00 +6.5042e+00
140 0 +2.872045576e+01 -1.542995442e+02 -1.542995442e+02 +5.6805e+00 -2.1505e+00 -2.5999e+00 -4.4864e+00 -3.4372e+00 +3.8889e+00 -2.5034e+00 -6.9019e+00 +1.0161e+01 +5.5004e+00
144 0 +1.995595674e+01 -1.630640433e+02 -1.630640433e+02 +4.8240e+00 +1.0544e+00 -1.3246e+00 -7.4883e+00 -5.0273e+00 +4.8410e+00 -5.1458e+00 -4.1229e+00 +5.4118e+00 +5.5339e+00
164 0 +1.865632708e+01 -1.643636729e+02 -1.643636729e+02 +1.0177e+01 +1.9754e+00 -3.0154e+00 -7.2290e+00 -6.5668e+00 +9.9770e+00 -5.5608e+00 -5.2226e+00 +7.3470e+00 +4.3663e+00
165 0 +6.034701218e+00 -1.769852988e+02 -1.769852988e+02 +7.5324e+00 -4.5828e+00 -1.7053e+00 -6.1764e+00 -6.2385e+00 +6.5002e+00 -5.4261e+00 -5.3225e+00 +6.2758e+00 +8.7293e+00
175 0 +3.761123721e+00 -1.792588763e+02 -1.792588763e+02 +9.7771e+00 -2.7132e+00 -6.9503e+00 -1.3782e+01 -4.7097e+00 +6.2256e+00 -7.4086e+00 -5.3254e+00 +1.2098e+01 +8.9360e+00
179 0 +0.000000000e+00 -1.830200000e+02 -1.830200000e+02 +7.1773e+00 -5.1403e+00 -7.9217e+00 -1.0047e+01 -9.1970e+00 +5.6308e+00 -8.1711e+00 -7.3374e+00 +9.2322e+00 +1.3102e+01
290 0 +0.000000000e+00 -1.830200000e+02 -1.830200000e+02 +7.1773e+00 -5.1403e+00 -7.9217e+00 -1.0047e+01 -9.1970e+00 +5.6308e+00 -8.1711e+00 -7.3374e+00 +9.2322e+00 +1.3102e+01
% f evaluations | g evaluations | best noise-free fitness - Fopt (-1.026200000000e+02) + sum g_i+ | measured fitness | best measured fitness or single-digit g-values | x1 | x2...
1 0 +1.983450095e+02 +9.572500952e+01 +9.572500952e+01 -9.3535e-02 +2.1870e-01 +6.5347e-02 -2.6973e-01 -7.4605e-01 +2.7398e-01 +3.3813e-01 -4.5424e-01 +4.9181e-01 -1.2897e-01
6 0 +1.956033670e+02 +9.298336701e+01 +9.298336701e+01 +1.0763e-01 +3.2211e-01 -1.1265e-01 +1.1891e-01 -1.4144e-01 +7.0100e-01 +4.5085e-01 -1.7864e-01 +1.5851e-01 +2.8196e-01
12 0 +1.943301836e+02 +9.171018358e+01 +9.171018358e+01 -1.8236e-01 +3.2413e-01 +6.3878e-01 +4.7512e-01 -1.1003e-01 +4.7533e-01 +5.0822e-01 -2.9465e-01 +3.9510e-01 +3.7563e-01
33 0 +1.884075807e+02 +8.578758072e+01 +8.578758072e+01 +7.4742e-01 -4.0051e-01 -1.7393e-01 -2.0045e-01 +5.0537e-01 +2.0122e-03 -2.4455e-02 -6.9266e-01 +5.0417e-01 +6.0923e-01
43 0 +1.827004423e+02 +8.008044235e+01 +8.008044235e+01 +1.0315e+00 -5.4556e-01 -3.3590e-01 -3.3910e-01 -3.5188e-01 +1.0723e+00 -5.3167e-01 -3.5147e-01 +1.0407e+00 +1.0112e+00
52 0 +1.763358373e+02 +7.371583727e+01 +7.371583727e+01 +1.4568e+00 -1.6801e-02 -3.3129e-01 -1.0091e+00 +3.2452e-01 +3.0569e-01 +6.0915e-02 -7.5772e-01 +1.1396e+00 +1.1070e+00
61 0 +1.683057126e+02 +6.568571257e+01 +6.568571257e+01 +8.2135e-01 -5.7973e-01 +1.4662e-01 +2.2501e-01 +3.4697e-01 +1.6447e+00 -2.1347e-01 -7.2113e-01 +1.4309e+00 +1.5556e+00
71 0 +1.543332369e+02 +5.171323688e+01 +5.171323688e+01 +4.1180e-01 -1.0517e-01 +1.4987e-01 -7.4635e-01 +9.5442e-01 +1.1433e+00 -6.4642e-03 -1.0744e+00 +1.5770e+00 +2.3547e+00
83 0 +1.365661720e+02 +3.394617200e+01 +3.394617200e+01 +9.3668e-01 -1.5038e-01 -2.2321e-02 -3.7454e-01 +6.0782e-01 +2.4610e+00 +3.8919e-01 -1.7222e+00 +2.2529e+00 +2.7570e+00
92 0 +1.328292888e+02 +3.020928878e+01 +3.020928878e+01 +9.2950e-01 -9.9138e-01 -2.4266e-01 +6.3107e-01 +9.7046e-01 +2.8225e+00 -4.1072e-01 -1.4648e+00 +2.8961e+00 +2.9980e+00
95 0 +1.294298297e+02 +2.680982969e+01 +2.680982969e+01 +1.5719e+00 -1.1684e+00 -2.9509e-01 -1.2136e+00 +2.8809e-01 +3.2420e+00 +1.4204e+00 -1.4729e+00 +2.7423e+00 +2.2765e+00
100 0 +1.244896813e+02 +2.186968134e+01 +2.186968134e+01 +3.8198e-01 +9.9481e-01 +4.6374e-01 -8.0272e-02 +8.8878e-01 +2.8081e+00 +1.2566e+00 -1.5526e+00 +3.2796e+00 +2.9027e+00
105 0 +1.210015134e+02 +1.838151336e+01 +1.838151336e+01 +1.7392e-01 +4.6239e-02 +1.0719e+00 +3.8179e-01 +4.7996e-01 +3.6221e+00 +2.2430e+00 -1.5768e+00 +3.4940e+00 +2.4921e+00
108 0 +9.347490950e+01 -9.145090495e+00 -9.145090495e+00 +1.3473e+00 +2.8550e-01 -1.0061e+00 -1.9961e-02 -4.8194e-01 +3.9559e+00 +1.8231e+00 -2.4508e+00 +3.4209e+00 +4.8351e+00
111 0 +8.189751834e+01 -2.072248166e+01 -2.072248166e+01 +1.4567e+00 +5.2338e-01 -3.7876e-01 -1.0444e+00 +8.6582e-01 +3.9316e+00 +1.3825e+00 -2.6409e+00 +4.2509e+00 +5.5085e+00
122 0 +8.051796913e+01 -2.210203087e+01 -2.210203087e+01 +1.9631e+00 -8.5193e-01 -6.2563e-01 -7.6155e-01 -8.7001e-01 +5.8807e+00 +1.9286e+00 -3.6916e+00 +4.7838e+00 +3.8338e+00
123 0 +7.550761753e+01 -2.711238247e+01 -2.711238247e+01 +1.4509e+00 -7.9867e-01 +6.2994e-01 -5.7758e-01 +1.7963e+00 +3.1592e+00 +1.7404e+00 -4.2732e+00 +3.7479e+00 +7.7432e+00
129 0 +7.299550853e+01 -2.962449147e+01 -2.962449147e+01 +2.0386e+00 +6.8086e-01 -6.1792e-01 +3.1015e-01 +2.7428e+00 +3.8312e+00 +1.3836e+00 -2.8977e+00 +5.4463e+00 +6.6510e+00
131 0 +7.016184673e+01 -3.245815327e+01 -3.245815327e+01 +3.8048e+00 -1.9125e+00 -1.5766e+00 -2.2553e+00 +1.3907e+00 +3.7278e+00 +2.1250e+00 -2.0331e+00 +5.6245e+00 +6.8904e+00
134 0 +5.686427395e+01 -4.575572605e+01 -4.575572605e+01 +1.2996e+00 -7.4052e-01 -1.2704e+00 -4.0357e-01 +3.1257e-01 +5.1512e+00 +3.1538e+00 -3.7778e+00 +5.3423e+00 +7.3401e+00
138 0 +5.519101038e+01 -4.742898962e+01 -4.742898962e+01 +2.4412e+00 -2.2573e+00 -4.7538e-01 -1.8468e+00 +3.4395e+00 +5.0463e+00 +2.4021e+00 -3.4072e+00 +4.4940e+00 +7.8745e+00
140 0 +5.146775761e+01 -5.115224239e+01 -5.115224239e+01 +3.7394e+00 -1.1604e+00 -6.7421e-01 -9.3454e-01 +2.2083e+00 +5.5749e+00 +2.3865e+00 -4.6838e+00 +6.7705e+00 +8.2333e+00
141 0 +4.296789100e+01 -5.965210900e+01 -5.965210900e+01 +1.6714e+00 -3.2827e+00 -1.7322e+00 -1.1971e+00 +2.4777e+00 +5.0449e+00 +3.6019e+00 -3.8446e+00 +8.1287e+00 +9.0713e+00
146 0 +4.225337760e+01 -6.036662240e+01 -6.036662240e+01 +4.2816e+00 -2.3359e+00 -3.4269e+00 +1.9670e-01 +5.2714e+00 +6.5072e+00 +2.2152e+00 -4.5355e+00 +5.2363e+00 +7.5211e+00
147 0 +3.615595521e+01 -6.646404479e+01 -6.646404479e+01 +3.1670e+00 -2.7397e+00 -2.5357e+00 -7.3881e-01 +3.2538e+00 +5.0739e+00 +4.4312e+00 -4.2862e+00 +7.8510e+00 +9.5668e+00
153 0 +3.181066602e+01 -7.080933398e+01 -7.080933398e+01 +4.3465e+00 -1.0243e-01 -3.8874e+00 +2.6051e-01 +5.9693e+00 +7.5463e+00 +6.0204e+00 -4.5080e+00 +6.8613e+00 +9.6118e+00
161 0 +2.997766702e+01 -7.264233298e+01 -7.264233298e+01 +5.5842e+00 -5.4428e+00 -1.6048e+00 -5.8097e-01 +3.4872e+00 +6.7712e+00 +6.8127e+00 -1.0873e+01 +9.2912e+00 +1.2076e+01
164 0 +2.402878026e+01 -7.859121974e+01 -7.859121974e+01 -9.9381e-01 -2.7118e+00 -4.4888e+00 +2.5261e+00 +6.1369e+00 +8.0876e+00 +6.6779e+00 -6.8775e+00 +8.1366e+00 +1.2100e+01
169 0 +2.326228041e+01 -7.935771959e+01 -7.935771959e+01 +5.3439e+00 -5.5425e+00 -3.3304e+00 -2.9651e-01 +9.7348e+00 +7.1187e+00 +5.3711e+00 -6.1195e+00 +7.9573e+00 +9.5250e+00
171 0 +1.774006235e+01 -8.487993765e+01 -8.487993765e+01 +3.5836e+00 -5.2419e+00 -3.7715e+00 -1.7011e+00 +8.8229e+00 +9.1858e+00 +5.8447e+00 -6.9681e+00 +7.8604e+00 +1.3203e+01
191 0 +1.396706847e+01 -8.865293153e+01 -8.865293153e+01 +3.1953e+00 -4.4796e+00 -6.7401e+00 -2.6330e+00 +5.5946e+00 +1.1852e+01 +5.6655e+00 -8.7392e+00 +8.7845e+00 +6.9418e+00
195 0 +1.337122485e+01 -8.924877515e+01 -8.924877515e+01 +8.3712e+00 -9.6954e+00 -7.7004e+00 -6.7277e+00 +1.4882e+01 +8.4136e+00 +5.2026e+00 -8.1047e+00 +6.8564e+00 +5.9638e+00
232 0 +6.421234645e+00 -9.619876535e+01 -9.619876535e+01 +1.2111e+00 -8.0702e+00 -4.8740e+00 -7.0991e+00 +5.0413e+00 +1.6429e+01 +6.3934e+00 -1.3397e+01 +1.1398e+01 +6.9183e+00
254 0 +5.530300663e+00 -9.708969934e+01 -9.708969934e+01 +5.3030e-01 -7.8112e+00 -5.0181e+00 -1.0901e+01 +9.5970e+00 +2.3064e+01 +7.4006e+00 -1.2843e+01 +9.4227e+00 +1.0176e+01
257 0 +1.917624512e+00 -1.007023755e+02 -1.007023755e+02 -3.9965e+00 -9.3852e+00 -4.4520e+00 -7.3135e+00 +6.6125e+00 +2.0785e+01 +1.2259e+01 -1.3668e+01 +7.1690e+00 +7.2924e+00
280 0 +0.000000000e+00 -1.026200000e+02 -1.026200000e+02 -9.6277e+00 -8.0469e+00 -6.7575e+00 -1.0972e+01 +7.2901e+00 +2.6546e+01 +1.0904e+01 -9.8760e+00 +9.9518e+00 +8.2235e+00
390 0 +0.000000000e+00 -1.026200000e+02 -1.026200000e+02 -9.6277e+00 -8.0469e+00 -6.7575e+00 -1.0972e+01 +7.2901e+00 +2.6546e+01 +1.0904e+01 -9.8760e+00 +9.9518e+00 +8.2235e+00
% f evaluations | g evaluations | best noise-free fitness - Fopt (9.953000000000e+01) + sum g_i+ | measured fitness | best measured fitness or single-digit g-values | x1 | x2...
1 0 +2.045435359e+02 +3.040735359e+02 +3.040735359e+02 -9.3535e-02 +2.1870e-01 +6.5347e-02 -2.6973e-01 -7.4605e-01 +2.7398e-01 +3.3813e-01 -4.5424e-01 +4.9181e-01 -1.2897e-01
4 0 +2.044262856e+02 +3.039562856e+02 +3.039562856e+02 -1.7598e-01 -4.4456e-01 +2.5718e-01 +2.8293e-01 +3.4333e-02 -6.5872e-03 -6.3816e-01 -2.5033e-01 -1.3966e-01 +7.0116e-02
5 0 +1.974912174e+02 +2.970212174e+02 +2.970212174e+02 +4.1551e-01 -1.5589e-01 -2.3405e-01 +2.8669e-01 -3.8022e-02 -4.1059e-01 +3.6556e-01 -2.5726e-01 -1.6845e-01 -3.1007e-01
12 0 +1.942184000e+02 +2.937484000e+02 +2.937484000e+02 +4.2833e-01 -1.7873e-02 +2.2139e-01 +7.2024e-01 +5.4963e-01 +1.1565e-01 +4.0744e-01 -3.8304e-01 -5.2795e-02 -2.8109e-01
19 0 +1.905447990e+02 +2.900747990e+02 +2.900747990e+02 +4.8995e-01 -1.0714e-01 -3.8121e-02 +6.2908e-01 +4.9834e-02 -2.1820e-01 +1.4373e-02 -3.2783e-01 -4.0008e-01 -8.2513e-01
35 0 +1.830638185e+02 +2.825938185e+02 +2.825938185e+02 +1.5895e-01 +5.6174e-01 -1.8996e-01 +4.2457e-01 +4.3572e-01 -3.9416e-01 +5.0246e-01 -6.9549e-01 -4.2256e-01 -1.1368e+00
36 0 +1.819546762e+02 +2.814846762e+02 +2.814846762e+02 +5.8492e-01 +1.2225e-01 -5.1923e-01 +6.0474e-01 -2.3917e-02 +6.0006e-01 +6.9235e-01 +1.9449e-01 -8.3872e-01 -1.0335e+00
43 0 +1.729050552e+02 +2.724350552e+02 +2.724350552e+02 -7.4657e-02 +6.1618e-01 -5.4323e-01 +7.2292e-01 +4.7530e-01 -3.6538e-01 +1.8112e-01 -3.2727e-01 -1.1484e+00 -1.7996e+00
54 0 +1.694887025e+02 +2.690187025e+02 +2.690187025e+02 +6.0715e-01 +2.9958e-01 -5.2020e-01 +1.5332e-01 +5.3053e-01 +2.8649e-01 +1.1768e-01 -4.2182e-01 -1.1529e+00 -2.0148e+00
61 0 +1.604675589e+02 +2.599975589e+02 +2.599975589e+02 -1.1185e-01 +1.8880e-01 -1.1144e+00 +1.3274e+00 +1.0056e-02 +8.2336e-01 -1.6278e-01 -6.0220e-01 -1.6041e+00 -2.1032e+00
72 0 +1.545086211e+02 +2.540386211e+02 +2.540386211e+02 +8.5234e-01 -2.3723e-01 -1.8228e-01 +8.9712e-01 +7.7762e-02 -1.2269e-01 -4.6038e-02 -6.8395e-01 -2.6358e+00 -2.4078e+00
75 0 +1.461253005e+02 +2.456553005e+02 +2.456553005e+02 +2.4286e-01 -1.4791e-01 -1.3471e-01 +1.0420e+00 +1.1541e+00 +1.3201e+00 +5.4244e-01 -5.4639e-01 -1.9788e+00 -2.6734e+00
83 0 +1.266027305e+02 +2.261327305e+02 +2.261327305e+02 +6.0014e-01 -4.7065e-01 -1.1190e-01 +1.7959e+00 +1.1777e+00 +1.2095e+00 +8.8103e-01 -1.2155e+00 -2.5457e+00 -3.4971e+00
87 0 +1.226118824e+02 +2.221418824e+02 +2.221418824e+02 +8.7709e-02 +1.0755e-01 -5.3812e-01 +1.6621e+00 +1.1704e+00 +1.2428e+00 +9.8846e-01 -7.9226e-01 -3.3026e+00 -3.4852e+00
92 0 +1.164985208e+02 +2.160285208e+02 +2.160285208e+02 -7.1496e-01 -8.4915e-01 +6.0716e-01 +2.4161e+00 +1.2796e+00 +2.0324e+00 +7.4598e-01 -8.2246e-01 -3.0683e+00 -3.8830e+00
93 0 +1.126656461e+02 +2.121956461e+02 +2.121956461e+02 -3.3451e-01 +6.9369e-01 -4.5250e-01 +1.3612e+00 +1.1292e+00 +1.2582e+00 +1.8442e+00 -1.9847e+00 -2.5083e+00 -4.1013e+00
105 0 +1.044170089e+02 +2.039470089e+02 +2.039470089e+02 +4.7321e-01 -1.2484e+00 -1.8937e-01 +8.2394e-01 +8.5234e-01 +1.0285e+00 +1.4360e+00 -2.4436e+00 -4.0440e+00 -3.8007e+00
108 0 +7.874711599e+01 +1.782771160e+02 +1.782771160e+02 -3.0218e-01 -1.0038e+00 -6.4275e-02 +1.7828e+00 +3.1032e+00 +2.5169e+00 +3.1015e+00 -1.4117e+00 -3.8119e+00 -5.3286e+00
111 0 +6.633756879e+01 +1.658675688e+02 +1.658675688e+02 +1.1638e+00 -1.3565e+00 -5.3821e-02 +2.5893e+00 +2.8237e+00 +2.6222e+00 +2.4646e+00 -2.6238e+00 -5.2552e+00 -4.8591e+00
129 0 +4.616494881e+01 +1.456949488e+02 +1.456949488e+02 +2.2335e+00 -1.2898e+00 +2.8773e-01 +3.4013e+00 +3.8759e+00 +2.7623e+00 +3.3149e+00 -4.7098e+00 -5.0345e+00 -4.8856e+00
131 0 +4.339228386e+01 +1.429222839e+02 +1.429222839e+02 -1.3966e+00 -2.4244e+00 +2.1687e+00 +2.7075e+00 +5.2603e+00 +2.0160e+00 +3.6940e+00 -5.6016e+00 -7.4108e+00 -4.7221e+00
134 0 +4.125846337e+01 +1.407884634e+02 +1.407884634e+02 +9.1624e-02 -5.1875e-01 -1.0172e-01 +3.9865e+00 +4.7896e+00 +3.5008e+00 +2.9845e+00 -4.2166e+00 -5.9897e+00 -6.1475e+00
140 0 +3.443390806e+01 +1.339639081e+02 +1.339639081e+02 +1.4117e+00 -2.3851e+00 +4.0166e-01 +3.6913e+00 +4.9704e+00 +3.0063e+00 +3.8005e+00 -5.5685e+00 -8.5472e+00 -7.2819e+00
158 0 +2.541284362e+01 +1.249428436e+02 +1.249428436e+02 +4.9581e-01 -3.5706e+00 -4.6129e-01 +7.3293e+00 +5.8328e+00 +5.0656e+00 +2.7379e+00 -8.0456e+00 -6.8795e+00 -6.5207e+00
161 0 +2.193745050e+01 +1.214674505e+02 +1.214674505e+02 +1.4860e+00 +3.9649e-01 +8.4581e-02 +6.2851e+00 +5.8308e+00 +8.1000e+00 +7.7369e+00 -9.7366e+00 -1.3796e+01 -7.1709e+00
170 0 +1.846604185e+01 +1.179960419e+02 +1.179960419e+02 -9.9602e-01 -4.4874e-01 -3.8175e+00 +6.9793e+00 +5.2598e+00 +5.3948e+00 +5.2596e+00 -7.9596e+00 -4.1461e+00 -9.7610e+00
172 0 +1.510295565e+01 +1.146329556e+02 +1.146329556e+02 -1.2836e+00 +2.4093e+00 -8.3117e+00 +6.9438e+00 +4.3470e+00 +8.1388e+00 +5.9226e+00 -8.9214e+00 -6.9104e+00 -1.0150e+01
183 0 +7.992458791e+00 +1.075224588e+02 +1.075224588e+02 -4.3762e+00 +7.0527e-01 -8.7040e+00 +1.5239e+01 +5.7136e+00 +1.5115e+01 +8.2331e+00 -9.6429e+00 -8.7945e+00 -1.3635e+01
188 0 +7.450377834e+00 +1.069803778e+02 +1.069803778e+02 -6.3497e+00 +7.6856e-01 -6.7304e+00 +6.7823e+00 +7.2124e+00 +9.0279e+00 +5.0615e+00 -8.6847e+00 -7.3019e+00 -1.2894e+01
203 0 +4.665377852e+00 +1.041953779e+02 +1.041953779e+02 -5.0627e+00 -8.5691e+00 -9.8599e+00 +2.8345e+00 +6.0271e+00 +1.5968e+01 +7.0040e+00 -1.1138e+01 -1.6088e+01 -1.1982e+01
217 0 +4.467421554e+00 +1.039974216e+02 +1.039974216e+02 -2.4040e+00 -5.0091e+00 -9.9649e+00 +4.1314e+00 +7.1399e+00 +1.9901e+01 +6.2619e+00 -1.3939e+01 -1.7064e+01 -1.0105e+01
221 0 +0.000000000e+00 +9.953000000e+01 +9.953000000e+01 -8.4600e+00 -9.6642e+00 -1.1609e+01 +1.0987e+01 +7.8253e+00 +1.9589e+01 +1.5340e+01 -1.8412e+01 -2.4032e+01 -5.0697e+00
280 0 +0.000000000e+00 +9.953000000e+01 +9.953000000e+01 -8.4600e+00 -9.6642e+00 -1.1609e+01 +1.0987e+01 +7.8253e+00 +1.9589e+01 +1.5340e+01 -1.8412e+01 -2.4032e+01 -5.0697e+00
% f evaluations | g evaluations | best noise-free fitness - Fopt (1.495900000000e+02) + sum g_i+ | measured fitness | best measured fitness or single-digit g-values | x1 | x2...
1 0 +1.952006021e+02 +3.447906021e+02 +3.447906021e+02 -9.3535e-02 +2.1870e-01 +6.5347e-02 -2.6973e-01 -7.4605e-01 +2.7398e-01 +3.3813e-01 -4.5424e-01 +4.9181e-01 -1.2897e-01
11 0 +1.945731261e+02 +3.441631261e+02 +3.441631261e+02 +2.3897e-01 +5.9540e-01 -4.5194e-01 +1.4103e-01 -8.3824e-01 +4.4733e-01 +3.8642e-01 -1.8413e-01 +1.9053e-01 -5.1466e-01
23 0 +1.881779525e+02 +3.377679525e+02 +3.377679525e+02 +6.8121e-01 +5.6215e-01 -5.8213e-03 -7.9326e-02 -7.8101e-01 +1.8411e-01 +6.8278e-01 -5.4498e-01 +8.2893e-01 -4.6013e-01
34 0 +1.786963611e+02 +3.282863611e+02 +3.282863611e+02 +5.3531e-02 +8.4487e-01 -4.8752e-01 -6.9292e-01 -1.0162e+00 -1.2124e-01 +1.1320e+00 -7.7671e-01 +9.2462e-01 -8.5013e-01
41 0 +1.757234573e+02 +3.253134573e+02 +3.253134573e+02 +8.1743e-02 +6.0708e-01 -3.7451e-01 -1.4739e-01 -4.9565e-01 -5.4135e-01 +1.1632e+00 -9.2429e-01 +1.5028e+00 -7.7283e-01
43 0 +1.620234413e+02 +3.116134413e+02 +3.116134413e+02 -2.8394e-01 +1.1489e+00 -9.9810e-01 +5.3201e-02 -1.8686e-01 +1.1755e-01 +1.3711e+00 -1.6925e+00 +1.6459e+00 -9.8504e-01
60 0 +1.528159982e+02 +3.024059982e+02 +3.024059982e+02 +2.7605e-01 +1.5204e+00 -9.9966e-01 -1.2760e-01 -7.8629e-01 +5.5652e-01 +9.9454e-01 -1.6489e+00 +1.5733e+00 -2.1406e+00
61 0 +1.416362984e+02 +2.912262984e+02 +2.912262984e+02 +5.5634e-01 +1.4656e+00 -8.2888e-01 -5.6305e-01 -9.9072e-01 +2.5530e-01 +7.1215e-01 -1.5884e+00 +2.3508e+00 -2.9589e+00
65 0 +1.411605363e+02 +2.907505363e+02 +2.907505363e+02 +8.0867e-03 +1.2931e+00 -8.4772e-01 -3.0168e-01 -8.4030e-01 +2.1448e+00 +1.3461e+00 -2.0959e+00 +2.0212e+00 -1.9629e+00
72 0 +1.356969208e+02 +2.852869208e+02 +2.852869208e+02 +4.2953e-01 +1.4988e+00 -8.8385e-01 -8.5363e-03 -1.1055e+00 +9.2425e-01 +1.8847e+00 -1.9106e+00 +3.3701e+00 -1.9111e+00
73 0 +1.337932948e+02 +2.833832948e+02 +2.833832948e+02 +1.2141e+00 +1.4088e+00 -3.5563e-01 -9.6998e-01 -2.3266e-01 +9.4214e-01 +3.7014e-01 -2.1536e+00 +2.8664e+00 -2.7705e+00
81 0 +1.261239061e+02 +2.757139061e+02 +2.757139061e+02 +8.2386e-01 +1.9919e+00 -1.6065e+00 -1.0607e+00 -1.7715e+00 +1.7471e+00 +1.1394e+00 -2.3186e+00 +3.4370e+00 -2.4361e+00
84 0 +1.196347392e+02 +2.692247392e+02 +2.692247392e+02 +3.1917e-01 +8.9017e-01 -1.7740e+00 -1.3055e+00 -1.7336e+00 +1.4154e+00 +1.4160e+00 -3.0638e+00 +2.7027e+00 -3.1982e+00
93 0 +1.149696340e+02 +2.645596340e+02 +2.645596340e+02 +7.2896e-01 +2.8695e+00 -1.3226e+00 +4.4427e-01 -7.5627e-01 +9.2451e-01 +1.4586e+00 -3.9288e+00 +2.6409e+00 -3.3163e+00
95 0 +1.014680414e+02 +2.510580414e+02 +2.510580414e+02 +5.6082e-01 +2.9019e-01 -8.8488e-01 -2.2822e+00 -5.8662e-01 +4.8707e-02 +1.9291e+00 -3.8500e+00 +2.9466e+00 -4.3282e+00
100 0 +9.906993675e+01 +2.486599367e+02 +2.486599367e+02 +1.5671e+00 -5.1579e-02 -2.9525e+00 -7.6699e-01 -7.5176e-01 +1.8795e+00 +1.6549e-01 -3.4080e+00 +3.1608e+00 -5.0164e+00
108 0 +6.585443383e+01 +2.154444338e+02 +2.154444338e+02 +3.1846e-01 +2.1484e+00 -2.8559e+00 -2.5192e+00 -4.4785e-01 +2.7332e+00 +3.0968e+00 -5.4723e+00 +2.9604e+00 -5.5005e+00
111 0 +6.069238379e+01 +2.102823838e+02 +2.102823838e+02 +1.4419e+00 +1.5994e+00 -2.7061e+00 -2.1226e+00 -1.4121e+00 +3.1130e+00 +3.6492e+00 -5.2232e+00 +3.8455e+00 -6.2048e+00
117 0 +5.654338415e+01 +2.061333842e+02 +2.061333842e+02 +3.3549e-01 +1.4986e+00 -3.9361e+00 -8.7649e-01 +2.7755e-01 +4.0252e+00 +8.8836e-01 -5.5535e+00 +4.9614e+00 -5.8363e+00
122 0 +5.007942370e+01 +1.996694237e+02 +1.996694237e+02 +3.0011e+00 +3.1332e+00 -4.3435e+00 -2.2502e+00 +4.0956e-01 +8.8766e-01 +3.9741e+00 -4.9443e+00 +6.4539e+00 -5.9844e+00
123 0 +4.559043718e+01 +1.951804372e+02 +1.951804372e+02 -2.2365e-01 +1.0077e+00 -4.4038e+00 -3.1214e+00 -1.7779e+00 +5.4993e+00 +4.5732e+00 -5.5931e+00 +3.7375e+00 -6.4450e+00
134 0 +4.037176142e+01 +1.899617614e+02 +1.899617614e+02 +2.4762e+00 +1.9212e+00 -4.3852e+00 -3.8371e+00 -5.2123e-01 +4.1570e+00 +3.4928e+00 -6.0499e+00 +7.6206e+00 -6.9187e+00
140 0 +3.325418190e+01 +1.828441819e+02 +1.828441819e+02 +1.2273e+00 +2.9724e+00 -5.1082e+00 -3.2692e+00 -1.9156e+00 +4.6003e+00 +6.8559e+00 -8.1928e+00 +7.4713e+00 -7.8847e+00
146 0 +2.926653462e+01 +1.788565346e+02 +1.788565346e+02 -1.0465e+00 +2.5952e+00 -5.5150e+00 -7.8227e+00 -2.9808e+00 +6.3234e+00 +6.3158e+00 -6.6926e+00 +5.7161e+00 -5.8838e+00
163 0 +2.202705198e+01 +1.716170520e+02 +1.716170520e+02 -1.2104e+00 +4.1856e+00 -8.6340e+00 -6.9291e+00 -1.1355e+00 +4.9685e+00 +6.9886e+00 -6.3977e+00 +9.2792e+00 -6.0886e+00
179 0 +1.946573687e+01 +1.690557369e+02 +1.690557369e+02 -3.6082e+00 +6.4890e+00 -9.3103e+00 -1.0175e+01 -1.4954e+00 +6.1146e+00 +9.4338e+00 -1.2441e+01 +5.5965e+00 -1.1058e+01
185 0 +2.627093806e+00 +1.522170938e+02 +1.522170938e+02 -4.8015e+00 +5.4925e+00 -8.2222e+00 -4.6646e+00 +4.6736e+00 +4.7781e+00 +9.3808e+00 -9.0320e+00 +5.3485e+00 -5.1283e+00
191 0 +1.961825955e+00 +1.515518260e+02 +1.515518260e+02 -8.8296e+00 +3.4810e+00 -1.4142e+01 -5.2270e+00 +6.2550e+00 +7.3163e+00 +8.3681e+00 -9.5852e+00 +8.4996e+00 -7.1461e+00
203 0 +1.517101884e+00 +1.511071019e+02 +1.511071019e+02 -6.6701e+00 +7.7836e+00 -1.2806e+01 -5.3448e+00 +8.7798e+00 +4.5779e+00 +6.6079e+00 -1.1428e+01 +1.4357e+01 -1.0060e+01
204 0 +0.000000000e+00 +1.495900000e+02 +1.495900000e+02 -7.4770e+00 +8.9494e+00 -1.4570e+01 -9.9541e+00 +6.4003e+00 +8.7094e+00 +6.0513e+00 -1.2133e+01 +1.4211e+01 -1.0250e+01
260 0 +0.000000000e+00 +1.495900000e+02 +1.495900000e+02 -7.4770e+00 +8.9494e+00 -1.4570e+01 -9.9541e+00 +6.4003e+00 +8.7094e+00 +6.0513e+00 -1.2133e+01 +1.4211e+01 -1.0250e+01
% f evaluations | g evaluations | best noise-free fitness - Fopt (-1.000000000000e+03) + sum g_i+ | measured fitness | best measured fitness or single-digit g-values | x1 | x2...
1 0 +1.959526020e+02 -8.040473980e+02 -8.040473980e+02 -9.3535e-02 +2.1870e-01 +6.5347e-02 -2.6973e-01 -7.4605e-01 +2.7398e-01 +3.3813e-01 -4.5424e-01 +4.9181e-01 -1.2897e-01
13 0 +1.949655918e+02 -8.050344082e+02 -8.050344082e+02 +1.0099e-02 -1.6605e-02 -1.3871e-01 -8.1567e-02 -4.0620e-01 +4.5380e-02 +5.8181e-01 -4.4793e-01 +5.5045e-01 -2.6279e-02
32 0 +1.876404665e+02 -8.123595335e+02 -8.123595335e+02 +5.1727e-01 -3.6883e-01 +7.7348e-02 -1.1526e-02 -3.3628e-02 -3.5742e-01 +2.9919e-01 -5.0388e-01 +9.2755e-01 -5.6047e-01
35 0 +1.858393918e+02 -8.141606082e+02 -8.141606082e+02 +4.9448e-01 -5.4033e-01 -2.6255e-02 -4.4719e-02 -4.6833e-01 -3.6605e-01 +1.3604e+00 +2.3215e-02 +1.3121e+00 -3.4598e-01
36 0 +1.785950112e+02 -8.214049888e+02 -8.214049888e+02 +2.9005e-01 -2.1533e-01 -2.7489e-01 +1.5434e-01 +8.4696e-02 -2.7083e-02 +9.8527e-01 -5.6357e-01 +3.7393e-01 -1.4073e+00
44 0 +1.773143547e+02 -8.226856453e+02 -8.226856453e+02 +4.1860e-01 -2.5065e-01 -6.2436e-03 -3.1899e-01 +5.1489e-02 -2.9272e-01 +1.1220e+00 -3.4924e-01 +1.0096e+00 -1.1383e+00
51 0 +1.694505947e+02 -8.305494053e+02 -8.305494053e+02 +2.3988e-02 +1.1004e+00 -3.0290e-01 +1.0305e-01 -2.2353e-01 +8.2282e-01 +1.3557e+00 -7.4192e-01 +8.0112e-01 -1.6733e+00
61 0 +1.616350422e+02 -8.383649578e+02 -8.383649578e+02 +8.5819e-01 +6.6746e-01 -9.3470e-01 -2.0318e-01 -9.9628e-01 +6.3100e-01 +1.2524e+00 -1.4048e+00 +1.4598e+00 -1.5687e+00
71 0 +1.513474266e+02 -8.486525734e+02 -8.486525734e+02 +1.2613e+00 +4.3343e-01 -9.3336e-01 +1.2720e-01 -9.9843e-02 +1.9519e-01 +2.5171e+00 -9.4181e-01 +1.7405e+00 -1.9787e+00
83 0 +1.272360101e+02 -8.727639899e+02 -8.727639899e+02 +1.4953e+00 +1.2269e+00 -1.1279e+00 -4.7855e-02 -7.3264e-01 +4.8495e-01 +2.7401e+00 -1.9517e+00 +2.4988e+00 -3.1746e+00
87 0 +1.251921193e+02 -8.748078807e+02 -8.748078807e+02 +9.1505e-01 +1.8179e+00 -1.1365e+00 +1.0527e-01 -2.5340e-01 +7.0876e-01 +3.1842e+00 -2.0123e+00 +2.9849e+00 -2.7123e+00
93 0 +1.156874769e+02 -8.843125231e+02 -8.843125231e+02 -5.5829e-02 +1.7865e+00 -1.7248e+00 -3.6527e-01 -4.0049e-02 +9.5545e-01 +2.5507e+00 -1.3599e+00 +3.0588e+00 -4.0362e+00
108 0 +1.002783417e+02 -8.997216583e+02 -8.997216583e+02 -1.3523e-01 +2.6770e+00 -1.7337e+00 +6.3508e-01 -1.4995e+00 +6.4343e-01 +4.0157e+00 -1.9617e+00 +3.5645e+00 -6.3815e+00
111 0 +8.562064897e+01 -9.143793510e+02 -9.143793510e+02 +1.2124e+00 +2.5840e+00 -1.6399e+00 -2.1079e-02 -8.3526e-01 -1.9279e-01 +5.6174e+00 -2.9299e+00 +3.9154e+00 -6.4595e+00
114 0 +7.882655071e+01 -9.211734493e+02 -9.211734493e+02 +9.8948e-01 +2.3831e+00 -1.2874e+00 +7.6716e-01 +6.0572e-01 +7.5567e-01 +4.7718e+00 -2.9123e+00 +4.2759e+00 -5.8228e+00
123 0 +7.642242011e+01 -9.235775799e+02 -9.235775799e+02 +3.5452e+00 +2.3696e+00 -8.5025e-01 -3.9494e-01 -1.2136e+00 -2.0639e-01 +6.2906e+00 -3.0815e+00 +4.8573e+00 -7.2145e+00
131 0 +7.305207243e+01 -9.269479276e+02 -9.269479276e+02 +4.6433e+00 +5.7255e-01 -1.7346e+00 -1.4858e+00 -2.2119e+00 +2.6701e-01 +7.3226e+00 -2.4306e+00 +5.7408e+00 -6.9167e+00
134 0 +6.708138660e+01 -9.329186134e+02 -9.329186134e+02 +2.1803e+00 +2.6581e+00 -1.4824e+00 -8.2131e-01 -1.7092e+00 +1.2988e+00 +6.4764e+00 -3.7439e+00 +5.2575e+00 -8.6579e+00
138 0 +6.245474872e+01 -9.375452513e+02 -9.375452513e+02 +3.3154e+00 +1.8859e+00 -1.9388e+00 -2.4717e+00 +7.0102e-02 +1.1033e-01 +8.8725e+00 -3.3264e+00 +5.8111e+00 -7.6464e+00
141 0 +5.271302111e+01 -9.472869789e+02 -9.472869789e+02 +4.8824e+00 +2.0941e+00 -3.4004e+00 -2.6063e+00 -1.0570e+00 -2.1828e-01 +7.1222e+00 -5.1390e+00 +8.0616e+00 -9.9687e+00
152 0 +4.595804416e+01 -9.540419558e+02 -9.540419558e+02 +2.3181e+00 +1.3397e+00 -6.6771e-01 +3.5574e-02 +1.3460e+00 +3.0953e+00 +8.1614e+00 -5.4428e+00 +7.1661e+00 -1.2453e+01
155 0 +4.158728749e+01 -9.584127125e+02 -9.584127125e+02 +4.4168e+00 +3.3102e+00 -1.6172e+00 -4.2553e+00 -4.6336e-01 +2.8235e+00 +7.1403e+00 -5.7713e+00 +6.2189e+00 -1.2137e+01
165 0 +3.556939315e+01 -9.644306069e+02 -9.644306069e+02 +4.3165e+00 +2.8996e+00 -1.9590e+00 -3.2409e+00 -6.8571e-01 +5.5733e+00 +7.4557e+00 -6.2864e+00 +7.5325e+00 -1.1210e+01
168 0 +2.446492053e+01 -9.755350795e+02 -9.755350795e+02 +5.3722e+00 +5.8505e+00 -3.0634e+00 -2.6067e+00 +4.2581e+00 +5.3343e+00 +9.3966e+00 -5.4019e+00 +5.0577e+00 -7.7424e+00
184 0 +2.084792897e+01 -9.791520710e+02 -9.791520710e+02 +1.1640e+01 +5.5158e+00 -4.4390e+00 -4.6541e+00 +7.5057e+00 +7.3000e+00 +1.3310e+01 -4.0683e+00 +9.6917e+00 -1.1333e+01
187 0 +1.898520760e+01 -9.810147924e+02 -9.810147924e+02 +9.0128e+00 +4.9141e+00 -4.6701e+00 -4.5968e+00 +3.2887e+00 +5.3276e+00 +1.3718e+01 -5.6305e+00 +1.1829e+01 -1.8133e+01
207 0 +1.719174812e+01 -9.828082519e+02 -9.828082519e+02 +1.2379e+01 +2.8995e+00 -5.2194e+00 -5.1272e+00 +6.4647e+00 +3.8045e+00 +1.7505e+01 -4.5508e+00 +7.6892e+00 -1.9327e+01
209 0 +8.097466250e+00 -9.919025338e+02 -9.919025338e+02 +1.2785e+01 +9.6747e-01 -4.7661e+00 -9.5460e+00 +6.8253e+00 +5.1854e+00 +5.6328e+00 -6.7324e+00 +6.7880e+00 -1.3220e+01
216 0 +6.964780953e+00 -9.930352190e+02 -9.930352190e+02 +1.4765e+01 -2.7709e+00 -4.1214e+00 -7.7974e+00 +5.7083e+00 +4.2709e+00 +1.5754e+01 -7.0101e+00 +1.3464e+01 -6.7202e+00
236 0 +1.507397976e+00 -9.984926020e+02 -9.984926020e+02 +1.3919e+01 -3.8329e+00 -9.7431e+00 -1.1763e+01 +1.0442e+01 +6.5270e+00 +1.6375e+01 -6.9002e+00 +1.0950e+01 -5.9539e+00
249 0 +0.000000000e+00 -1.000000000e+03 -1.000000000e+03 +1.2447e+01 -7.1438e+00 -5.5309e+00 -1.4094e+01 +8.4872e+00 +1.1165e+01 +1.7052e+01 -5.0184e+00 +8.6046e+00 -9.5824e+00
320 0 +0.000000000e+00 -1.000000000e+03 -1.000000000e+03 +1.2447e+01 -7.1438e+00 -5.5309e+00 -1.4094e+01 +8.4872e+00 +1.1165e+01 +1.7052e+01 -5.0184e+00 +8.6046e+00 -9.5824e+00
% f evaluations | g evaluations | best noise-free fitness - Fopt (-2.922000000000e+01) + sum g_i+ | measured fitness | best measured fitness or single-digit g-values | x1 | x2...
1 0 +2.076824499e+02 +1.784624499e+02 +1.784624499e+02 -9.3535e-02 +2.1870e-01 +6.5347e-02 -2.6973e-01 -7.4605e-01 +2.7398e-01 +3.3813e-01 -4.5424e-01 +4.9181e-01 -1.2897e-01
4 0 +1.985021096e+02 +1.692821096e+02 +1.692821096e+02 -1.7598e-01 -4.4456e-01 +2.5718e-01 +2.8293e-01 +3.4333e-02 -6.5872e-03 -6.3816e-01 -2.5033e-01 -1.3966e-01 +7.0116e-02
15 0 +1.946435205e+02 +1.654235205e+02 +1.654235205e+02 +3.7518e-01 -9.9535e-01 -3.3831e-03 +6.1841e-01 +1.0172e-01 +1.7953e-01 -3.9022e-01 +3.5614e-01 -6.3106e-01 -1.9652e-01
29 0 +1.889484574e+02 +1.597284574e+02 +1.597284574e+02 +3.6685e-01 -4.7016e-01 +1.7297e-01 +7.6147e-01 +2.9523e-01 -3.1625e-01 +9.0440e-02 -2.9254e-01 -8.5872e-01 -6.1392e-01
36 0 +1.830517932e+02 +1.538317932e+02 +1.538317932e+02 +1.6014e-01 -7.8424e-01 +3.1219e-01 +1.3092e+00 +6.1231e-01 -5.0069e-02 -5.4323e-01 -8.3797e-01 -4.0935e-01 -5.9050e-01
43 0 +1.788494101e+02 +1.496294101e+02 +1.496294101e+02 +7.1924e-01 -6.3742e-01 +7.7469e-01 +6.8017e-01 -1.5457e-01 -7.0006e-01 -7.5552e-01 -1.0780e+00 -1.4559e+00 -6.9248e-01
57 0 +1.732556808e+02 +1.440356808e+02 +1.440356808e+02 +8.8752e-01 -5.0906e-01 +6.8346e-01 +7.7858e-01 +4.2988e-01 -6.5104e-01 -7.8204e-01 -9.9779e-01 -1.7636e+00 -8.6620e-01
71 0 +1.606977617e+02 +1.314777617e+02 +1.314777617e+02 +6.8122e-01 -1.6122e+00 +3.9032e-01 +1.1957e+00 -7.8624e-02 +7.3032e-01 -3.6374e-01 -9.5610e-01 -2.3373e+00 -1.2401e+00
81 0 +1.552807486e+02 +1.260607486e+02 +1.260607486e+02 +9.3786e-01 -1.1148e+00 +4.1280e-01 +1.7024e+00 +2.7780e-02 +6.9913e-01 -5.1079e-03 -1.7320e+00 -2.9740e+00 -9.5625e-01
88 0 +1.444767484e+02 +1.152567484e+02 +1.152567484e+02 +2.5889e-01 -2.5491e+00 +1.4913e-01 +2.6081e+00 +5.2780e-01 +7.0654e-01 -5.4899e-01 -1.3417e+00 -2.8628e+00 -1.4702e+00
92 0 +1.328405723e+02 +1.036205723e+02 +1.036205723e+02 +3.1169e-01 -1.6586e+00 -2.4812e-01 +2.3283e+00 +6.5112e-01 +1.0344e+00 -1.2945e+00 -1.6911e+00 -3.8127e+00 -1.3051e+00
101 0 +1.282741705e+02 +9.905417053e+01 +9.905417053e+01 +3.5660e-01 -1.8549e+00 +3.9563e-01 +2.9785e+00 +5.0597e-01 +1.1111e+00 -1.2416e+00 -2.2231e+00 -5.5531e+00 -5.0731e-01
106 0 +1.206417961e+02 +9.142179610e+01 +9.142179610e+01 +8.4840e-01 -2.3380e+00 +6.3045e-01 +2.2214e+00 +3.7068e-01 +1.7164e+00 -9.8240e-01 -1.5865e+00 -4.3850e+00 -2.2578e+00
107 0 +1.200552611e+02 +9.083526106e+01 +9.083526106e+01 +1.5201e+00 -2.1470e+00 +2.9428e-01 +2.3515e+00 -2.8581e-01 +1.1257e+00 -1.5550e+00 -1.9605e+00 -3.7982e+00 -2.6835e+00
111 0 +1.028944197e+02 +7.367441965e+01 +7.367441965e+01 +1.5791e+00 -3.4262e+00 +8.2587e-02 +3.2471e+00 +2.4805e-02 +2.2031e+00 -1.1739e+00 -2.5959e+00 -5.4616e+00 -2.4038e+00
121 0 +8.131068117e+01 +5.209068117e+01 +5.209068117e+01 +1.5433e+00 -3.6023e+00 +1.2705e+00 +3.1789e+00 +7.0627e-01 +4.3415e+00 -1.4716e+00 -2.0630e+00 -5.4892e+00 -3.9719e+00
133 0 +7.875158883e+01 +4.953158883e+01 +4.953158883e+01 +3.0752e+00 -5.7088e+00 +8.4869e-01 +2.1463e+00 +3.8131e-01 +3.3149e+00 -2.6061e+00 -1.2037e+00 -6.5989e+00 -4.8005e+00
136 0 +7.644232828e+01 +4.722232828e+01 +4.722232828e+01 +2.7483e+00 -3.6273e+00 +1.2468e+00 +2.8187e+00 +2.0683e+00 +2.1813e+00 -2.2105e+00 -1.5693e+00 -6.7935e+00 -5.9049e+00
137 0 +6.715113605e+01 +3.793113605e+01 +3.793113605e+01 +1.7837e+00 -3.8947e+00 +2.0542e-01 +2.6200e+00 +8.5462e-01 +4.8511e+00 -1.7629e+00 -3.1238e+00 -7.1072e+00 -4.3213e+00
145 0 +6.095063305e+01 +3.173063305e+01 +3.173063305e+01 +3.9939e+00 -5.7863e+00 +1.4765e+00 +5.4476e+00 +1.0881e+00 +2.6031e+00 -2.6683e+00 -3.1932e+00 -5.8650e+00 -5.5643e+00
152 0 +5.696360485e+01 +2.774360485e+01 +2.774360485e+01 +5.3114e+00 -5.6179e+00 -7.0199e-01 +2.8448e+00 +3.6867e+00 +5.9042e+00 -1.3854e+00 -2.5966e+00 -6.6602e+00 -6.4719e+00
156 0 +5.227548083e+01 +2.305548083e+01 +2.305548083e+01 +3.3711e+00 -2.8283e+00 +5.7835e-01 +4.6848e+00 +2.9026e+00 +2.5270e+00 -2.3599e+00 -4.7529e+00 -5.2510e+00 -4.7344e+00
159 0 +4.401255232e+01 +1.479255232e+01 +1.479255232e+01 +9.8709e-01 -5.4833e+00 -2.1927e-02 +2.9334e+00 +1.8432e+00 +4.7712e+00 -4.5626e+00 -2.8314e+00 -6.3652e+00 -4.9368e+00
167 0 +3.800663002e+01 +8.786630022e+00 +8.786630022e+00 +2.5292e+00 -3.0104e+00 -6.2184e-01 +6.2135e+00 +2.1144e+00 +4.7841e+00 -4.2881e+00 -3.5830e+00 -7.4275e+00 -6.9268e+00
176 0 +3.455475108e+01 +5.334751079e+00 +5.334751079e+00 +5.4008e+00 -6.0764e+00 -5.4415e-01 +6.2081e+00 +2.7679e+00 +5.9773e+00 -2.7356e+00 -6.1633e+00 -8.0110e+00 -8.3669e+00
178 0 +3.305802824e+01 +3.838028241e+00 +3.838028241e+00 +3.4325e+00 -1.5746e+00 -6.5962e-01 +3.9370e+00 +2.1151e+00 +6.7486e+00 -4.6272e+00 -4.8477e+00 -8.5420e+00 -6.7949e+00
184 0 +3.039689548e+01 +1.176895477e+00 +1.176895477e+00 +2.5761e+00 -2.1472e+00 -2.9451e+00 +6.2565e+00 +4.3003e+00 +5.3682e+00 -4.3136e+00 -9.0613e+00 -3.6341e+00 -7.0178e+00
186 0 +2.545099866e+01 -3.769001342e+00 -3.769001342e+00 +4.1802e+00 -2.4795e+00 -2.0764e+00 +7.1594e+00 +2.6933e+00 +4.5214e+00 -5.1473e+00 -6.0533e+00 -7.3319e+00 -5.4970e+00
189 0 +1.928220481e+01 -9.937795190e+00 -9.937795190e+00 +3.3746e+00 -3.6342e+00 -4.1366e-01 +6.1268e+00 +4.4634e+00 +6.8281e+00 -6.4381e+00 -7.1908e+00 -7.0881e+00 -7.1874e+00
198 0 +1.467236805e+01 -1.454763195e+01 -1.454763195e+01 +2.5007e+00 -3.9421e+00 -2.1776e+00 +4.9694e+00 +4.6293e+00 +7.1907e+00 -5.0646e+00 -5.7273e+00 -5.3607e+00 -7.3218e+00
208 0 +1.231783028e+01 -1.690216972e+01 -1.690216972e+01 +8.6933e-01 -2.6222e+00 -3.0177e+00 +4.9671e+00 +5.4659e+00 +1.2257e+01 -7.4381e+00 -5.0294e+00 -1.2338e+01 -5.7795e+00
222 0 +1.074447689e+01 -1.847552311e+01 -1.847552311e+01 +3.7256e+00 -3.4369e+00 -1.1988e+01 +9.0369e+00 +7.0924e+00 +5.3633e+00 -8.9944e+00 -9.8801e+00 -9.2352e+00 -7.5289e+00
243 0 +6.528204632e+00 -2.269179537e+01 -2.269179537e+01 +1.5282e+00 -7.0397e+00 -1.7959e+01 +6.6640e+00 +1.2191e+01 +1.0743e+01 -9.0315e+00 -1.0455e+01 -1.4982e+01 -5.5886e+00
258 0 +4.808995538e+00 -2.441100446e+01 -2.441100446e+01 -1.6810e+00 -3.8463e+00 -1.2542e+01 +9.6264e+00 +6.3895e+00 +1.6774e+01 -9.8464e+00 -9.1484e+00 -1.9521e+01 -7.9899e+00
266 0 +2.713194657e+00 -2.650680534e+01 -2.650680534e+01 -2.2868e+00 -9.5059e+00 -9.0006e+00 +1.5151e+01 +9.8955e+00 +2.0039e+01 -7.8919e+00 -9.3528e+00 -2.3122e+01 -5.9072e+00
270 0 +0.000000000e+00 -2.922000000e+01 -2.922000000e+01 -7.8318e+00 -5.7556e+00 -1.2917e+01 +9.3821e+00 +9.1123e+00 +1.7966e+01 -1.2334e+01 -1.2390e+01 -1.6304e+01 -7.6573e+00
380 0 +0.000000000e+00 -2.922000000e+01 -2.922000000e+01 -7.8318e+00 -5.7556e+00 -1.2917e+01 +9.3821e+00 +9.1123e+00 +1.7966e+01 -1.2334e+01 -1.2390e+01 -1.6304e+01 -7.6573e+00
% f evaluations | g evaluations | best noise-free fitness - Fopt (-4.096000000000e+01) + sum g_i+ | measured fitness | best measured fitness or single-digit g-values | x1 | x2...
1 0 +1.995955718e+02 +1.586355718e+02 +1.586355718e+02 -9.3535e-02 +2.1870e-01 +6.5347e-02 -2.6973e-01 -7.4605e-01 +2.7398e-01 +3.3813e-01 -4.5424e-01 +4.9181e-01 -1.2897e-01
12 0 +1.937921590e+02 +1.528321590e+02 +1.528321590e+02 -2.6268e-01 +3.6659e-01 -9.0923e-02 -1.8687e-02 -3.8632e-01 -7.0396e-01 +4.9357e-01 -1.2041e-01 +5.9985e-01 -7.1819e-02
27 0 +1.895473668e+02 +1.485873668e+02 +1.485873668e+02 -1.6224e-01 +2.2735e-01 +3.0096e-02 +4.3415e-01 -6.1194e-01 -2.9353e-01 +2.6837e-01 +3.8179e-01 +5.9432e-01 -2.7896e-01
34 0 +1.846211485e+02 +1.436611485e+02 +1.436611485e+02 +3.2574e-01 +3.6531e-01 +2.3057e-01 +5.1767e-01 -8.9450e-01 -1.0247e+00 +2.1521e-01 +6.7999e-02 +8.8163e-01 -3.0245e-01
41 0 +1.777561561e+02 +1.367961561e+02 +1.367961561e+02 -1.0114e-01 +3.0912e-01 -2.9769e-02 +6.3508e-01 -2.4421e-01 -7.2718e-01 +2.8625e-01 +7.6486e-01 +1.0615e+00 -7.5489e-01
51 0 +1.687261579e+02 +1.277661579e+02 +1.277661579e+02 +1.0405e-01 -5.1481e-01 +6.6595e-01 +8.8899e-01 +1.5126e-01 -1.3593e+00 +4.8604e-01 +1.1512e+00 +1.0218e+00 -1.1624e+00
61 0 +1.624553456e+02 +1.214953456e+02 +1.214953456e+02 -1.1452e-01 +6.7520e-01 -8.2488e-02 +1.6648e+00 -9.1371e-02 -1.3201e+00 +8.4391e-01 +1.0510e+00 +9.7055e-01 -1.4955e+00
74 0 +1.479270872e+02 +1.069670872e+02 +1.069670872e+02 +2.2373e-01 +1.2233e+00 +6.9290e-01 +8.8206e-01 -3.5546e-03 -6.1969e-01 +9.4821e-01 +1.6678e+00 +1.5644e+00 -2.2811e+00
81 0 +1.408317842e+02 +9.987178422e+01 +9.987178422e+01 +1.3369e-01 +7.4212e-02 +3.2712e-01 +1.2571e+00 -2.5601e-01 -8.3837e-01 +6.3787e-01 +1.3958e+00 +2.4989e+00 -2.5631e+00
88 0 +1.310150105e+02 +9.005501050e+01 +9.005501050e+01 -7.7439e-01 +1.0089e+00 +1.5954e+00 +2.0668e+00 -6.2536e-02 -1.0162e+00 +1.7737e+00 +1.8696e+00 +1.7848e+00 -2.8604e+00
91 0 +1.206650486e+02 +7.970504861e+01 +7.970504861e+01 +8.9622e-01 +1.1659e-01 +4.3450e-01 +3.2323e+00 -6.2548e-01 -1.8492e+00 +1.2690e+00 +1.2493e+00 +2.2334e+00 -3.5889e+00
101 0 +9.337293862e+01 +5.241293862e+01 +5.241293862e+01 +1.1197e+00 -3.2232e-01 -5.2768e-01 +3.7676e+00 +1.1155e-01 -1.9615e+00 +1.3352e+00 +2.9125e+00 +3.5361e+00 -4.5259e+00
112 0 +7.774408099e+01 +3.678408099e+01 +3.678408099e+01 -1.7179e-01 -1.3354e+00 +1.6028e+00 +3.3953e+00 -9.0821e-01 -2.8765e+00 +2.1520e+00 +4.2796e+00 +3.7219e+00 -4.1185e+00
126 0 +7.428779124e+01 +3.332779124e+01 +3.332779124e+01 +1.1840e-01 +2.4368e-01 +2.3645e-01 +2.3582e+00 -4.2432e+00 -1.8394e+00 +7.4830e-01 +4.0783e+00 +5.0214e+00 -3.9099e+00
131 0 +7.027006036e+01 +2.931006036e+01 +2.931006036e+01 -2.9300e-01 +1.7374e+00 +8.1874e-01 +3.2239e+00 +7.9569e-01 -5.2484e+00 +2.6218e-01 +4.1722e+00 +4.1112e+00 -6.4850e+00
134 0 +6.061254584e+01 +1.965254584e+01 +1.965254584e+01 -6.4795e-01 +7.3995e-01 -5.2670e-01 +3.9525e+00 -2.9475e+00 -4.3935e+00 +1.1001e+00 +2.9993e+00 +5.0766e+00 -5.0997e+00
140 0 +4.375661556e+01 +2.796615557e+00 +2.796615557e+00 -8.7144e-01 +9.9694e-01 +1.9103e+00 +5.1451e+00 -2.1660e+00 -4.8981e+00 +2.0937e+00 +4.5551e+00 +4.5929e+00 -6.9856e+00
152 0 +4.113320428e+01 +1.732042836e-01 +1.732042836e-01 -2.6148e+00 -4.9538e+00 +2.1913e-01 +5.9863e+00 -4.9444e+00 -7.5628e+00 +4.6191e+00 +3.2043e+00 +6.1192e+00 -6.4398e+00
154 0 +4.047184258e+01 -4.881574180e-01 -4.881574180e-01 -4.0083e+00 +9.3203e-01 +1.5621e+00 +5.7458e+00 +4.9519e-01 -6.7552e+00 +3.8831e+00 +5.2970e+00 +6.0802e+00 -7.1699e+00
155 0 +2.746662545e+01 -1.349337455e+01 -1.349337455e+01 -2.2061e+00 +2.3743e-01 +1.6673e+00 +4.5085e+00 -6.8691e+00 -4.9397e+00 +3.5654e+00 +4.8973e+00 +5.3827e+00 -7.2471e+00
165 0 +2.662773363e+01 -1.433226637e+01 -1.433226637e+01 -3.1257e-01 +1.6564e+00 +2.4515e+00 +6.0025e+00 -6.0986e+00 -4.6345e+00 +3.5950e+00 +4.1808e+00 +7.5473e+00 -7.4703e+00
173 0 +2.443061973e+01 -1.652938027e+01 -1.652938027e+01 -2.3479e-01 -2.0136e+00 +3.7782e+00 +3.7978e+00 -4.2614e+00 -5.5954e+00 +7.2485e+00 +4.4238e+00 +5.9939e+00 -1.0385e+01
174 0 +1.397820691e+01 -2.698179309e+01 -2.698179309e+01 +1.1701e+00 +3.1604e+00 +5.5246e+00 +1.0246e+01 -7.9267e+00 -1.1153e+01 +3.3255e+00 +7.4580e+00 +7.5541e+00 -6.8291e+00
190 0 +1.061587332e+01 -3.034412668e+01 -3.034412668e+01 -2.7398e+00 +2.7731e+00 +6.2943e+00 +7.5943e+00 -5.3750e+00 -9.5161e+00 +6.4031e+00 +6.8292e+00 +1.1542e+01 -1.1680e+01
197 0 +8.351196588e+00 -3.260880341e+01 -3.260880341e+01 -2.0150e+00 +4.2750e+00 +7.1514e+00 +5.0178e+00 -1.0731e+01 -4.8887e+00 +6.3362e+00 +7.0937e+00 +1.0545e+01 -8.5382e+00
220 0 +7.498366992e+00 -3.346163301e+01 -3.346163301e+01 -2.3858e+00 +5.3568e+00 +8.2585e+00 +4.9477e+00 -1.3759e+01 -6.6656e+00 +6.3884e+00 +8.4850e+00 +1.0842e+01 -1.1489e+01
230 0 +6.884218711e+00 -3.407578129e+01 -3.407578129e+01 -9.8697e-01 +1.1414e+01 +1.1049e+01 +4.5835e+00 -1.5550e+01 -9.9759e+00 +5.4474e+00 +7.7362e+00 +1.1738e+01 -1.4183e+01
232 0 +2.348108274e+00 -3.861189173e+01 -3.861189173e+01 +2.6519e+00 +8.8769e+00 +5.3779e+00 +7.8648e+00 -1.4763e+01 -1.6392e+01 +9.7917e+00 +1.1383e+01 +1.2278e+01 -1.4058e+01
233 0 +1.855158562e+00 -3.910484144e+01 -3.910484144e+01 +3.1448e+00 +6.2791e+00 +7.4004e+00 +5.5536e+00 -1.2459e+01 -8.9349e+00 +5.0950e+00 +5.6465e+00 +1.3239e+01 -1.1513e+01
242 0 +1.625042143e+00 -3.933495786e+01 -3.933495786e+01 +3.3750e+00 +9.9111e+00 +1.2677e+01 +6.3779e+00 -1.5309e+01 -1.1033e+01 +5.9556e+00 +8.6261e+00 +2.0819e+01 -1.7370e+01
246 0 +1.407077519e+00 -3.955292248e+01 -3.955292248e+01 +3.9848e+00 +9.3632e+00 +9.9972e+00 +4.8181e+00 -1.4436e+01 -9.0928e+00 +5.6328e+00 +1.1592e+01 +1.7704e+01 -5.3022e+00
255 0 +1.126168668e+00 -3.983383133e+01 -3.983383133e+01 +3.8738e+00 +1.2250e+01 +1.3466e+01 +5.1648e+00 -1.9271e+01 -1.3066e+01 +5.5358e+00 +1.3375e+01 +1.9825e+01 -1.1091e+01
263 0 +0.000000000e+00 -4.096000000e+01 -4.096000000e+01 +9.0839e+00 +2.4034e+01 +1.8279e+01 +7.7255e+00 -2.7273e+01 -1.8127e+01 +6.8621e+00 +1.1708e+01 +2.7896e+01 -1.5762e+01
340 0 +0.000000000e+00 -4.096000000e+01 -4.096000000e+01 +9.0839e+00 +2.4034e+01 +1.8279e+01 +7.7255e+00 -2.7273e+01 -1.8127e+01 +6.8621e+00 +1.1708e+01 +2.7896e+01 -1.5762e+01
