% f evaluations | g evaluations | best noise-free fitness - Fopt (-5.494000000000e+01) + sum g_i+ | measured fitness | best measured fitness or single-digit g-values | x1 | x2...
1 0 +5.591674892e+06 +5.591619952e+06 +5.591619952e+06 +2.7361e-02 +3.2739e-01 -5.8410e-01 -4.1592e-01 -6.8898e-01
3 0 +2.773997463e+06 +2.773942523e+06 +2.773942523e+06 -3.5503e-01 +5.7491e-01 -3.3700e-01 -1.9922e-01 -1.1351e-01
9 0 +2.741657408e+06 +2.741602468e+06 +2.741602468e+06 -4.6756e-01 +3.4062e-01 -2.0980e-01 -2.0888e-01 +2.2774e-02
10 0 +2.231777451e+06 +2.231722511e+06 +2.231722511e+06 -4.1104e-01 +1.2640e+00 -3.6199e-01 +7.6165e-01 -1.7727e-01
11 0 +1.221030377e+06 +1.220975437e+06 +1.220975437e+06 -1.1313e+00 +4.9128e-01 -9.2319e-01 -1.2613e-02 -2.3470e-01
19 0 +7.542517073e+05 +7.541967673e+05 +7.541967673e+05 -1.2910e+00 +2.3281e+00 -7.3332e-01 +2.9088e-02 -1.1295e+00
22 0 +2.295407733e+05 +2.294858333e+05 +2.294858333e+05 -1.1097e+00 +2.4561e+00 -1.1584e+00 +4.6844e-01 -2.8067e-01
46 0 +2.243129939e+05 +2.242580539e+05 +2.242580539e+05 -1.2509e+00 +1.2147e+00 -1.0258e+00 +8.5084e-01 +5.6091e-01
52 0 +9.021027772e+04 +9.015533772e+04 +9.015533772e+04 -1.3770e+00 +1.1628e+00 -9.4588e-01 +7.7267e-01 +1.5402e+00
61 0 +8.618369497e+04 +8.612875497e+04 +8.612875497e+04 -1.6066e+00 +9.6424e-01 -8.2920e-01 +1.3920e+00 +1.0510e+00
67 0 +7.054355710e+04 +7.048861710e+04 +7.048861710e+04 -8.0967e-01 +5.0657e-01 -2.1374e+00 +1.8723e+00 +1.3394e+00
74 0 +2.804489954e+04 +2.798995954e+04 +2.798995954e+04 -1.8153e+00 -7.6724e-01 -1.8588e+00 +2.7322e+00 +1.2305e+00
83 0 +2.459553108e+04 +2.454059108e+04 +2.454059108e+04 -1.4591e+00 +1.5987e-01 -1.5384e+00 +3.5364e+00 +1.6437e+00
91 0 +2.362787523e+04 +2.357293523e+04 +2.357293523e+04 -1.5629e+00 +1.4665e+00 -1.4604e+00 +3.5007e+00 +8.1804e-01
97 0 +1.712565306e+04 +1.707071306e+04 +1.707071306e+04 -2.3616e+00 +2.1353e-01 -2.1407e+00 +3.1716e+00 -2.5563e-01
127 0 +1.191690238e+04 +1.186196238e+04 +1.186196238e+04 -1.4680e+00 +1.0972e+00 -1.4471e+00 +2.8801e+00 +1.0039e+00
132 0 +8.513021984e+03 +8.458081984e+03 +8.458081984e+03 -1.0880e+00 -2.2673e-01 -1.7611e+00 +3.0997e+00 +2.4806e+00
137 0 +8.174482199e+03 +8.119542199e+03 +8.119542199e+03 -9.5223e-01 +4.4045e-01 -2.4845e+00 +2.7133e+00 +1.4634e+00
145 0 +7.206171919e+03 +7.151231919e+03 +7.151231919e+03 -1.0362e+00 -4.6573e-02 -1.8500e+00 +2.2685e+00 +2.2461e+00
158 0 +6.873297161e+03 +6.818357161e+03 +6.818357161e+03 -1.5863e+00 +2.0669e-01 -1.7687e+00 +2.9055e+00 +1.1761e+00
160 0 +4.522733292e+03 +4.467793292e+03 +4.467793292e+03 -7.4653e-01 +4.2597e-02 -1.7474e+00 +2.3975e+00 +2.7965e+00
176 0 +2.887707572e+03 +2.832767572e+03 +2.832767572e+03 -1.3561e+00 -7.4883e-01 -2.0616e+00 +3.0273e+00 +2.2611e+00
183 0 +7.148885197e+02 +6.599485197e+02 +6.599485197e+02 -1.2583e+00 -1.1924e+00 -2.0370e+00 +2.9059e+00 +2.7514e+00
221 0 +3.382106702e+02 +2.832706702e+02 +2.832706702e+02 -4.1041e-01 -1.3866e+00 -1.9977e+00 +2.3196e+00 +4.3838e+00
228 0 +1.342554852e+02 +7.931548522e+01 +7.931548522e+01 -4.7561e-01 -1.5136e+00 -1.9875e+00 +2.3163e+00 +4.3289e+00
290 0 +6.362118961e+01 +8.681189606e+00 +8.681189606e+00 -1.1516e+00 -1.5317e+00 -1.8640e+00 +2.9003e+00 +3.3591e+00
306 0 +5.990155379e+01 +4.961553795e+00 +4.961553795e+00 -1.1342e+00 -1.4329e+00 -1.7285e+00 +2.9058e+00 +3.4167e+00
308 0 +5.767571869e+01 +2.735718692e+00 +2.735718692e+00 -1.2016e+00 -1.3832e+00 -1.7212e+00 +2.9119e+00 +3.2863e+00
310 0 +4.833600118e+01 -6.603998824e+00 -6.603998824e+00 -1.1181e+00 -1.6669e+00 -1.8693e+00 +2.9006e+00 +3.4881e+00
319 0 +4.105988792e+01 -1.388011208e+01 -1.388011208e+01 -1.1018e+00 -1.5792e+00 -1.7220e+00 +2.8656e+00 +3.6179e+00
322 0 +1.814341749e+01 -3.679658251e+01 -3.679658251e+01 -1.2516e+00 -1.6040e+00 -1.5808e+00 +2.9970e+00 +3.5179e+00
364 0 +4.346547807e+00 -5.059345219e+01 -5.059345219e+01 -1.2450e+00 -1.5053e+00 -1.6274e+00 +2.9879e+00 +3.4034e+00
433 0 +3.155198802e+00 -5.178480120e+01 -5.178480120e+01 -1.2485e+00 -1.5309e+00 -1.7109e+00 +2.9864e+00 +3.3310e+00
454 0 +2.610494584e+00 -5.232950542e+01 -5.232950542e+01 -1.2571e+00 -1.5429e+00 -1.6787e+00 +2.9916e+00 +3.3579e+00
493 0 +2.315253794e+00 -5.262474621e+01 -5.262474621e+01 -1.2319e+00 -1.5300e+00 -1.6805e+00 +2.9728e+00 +3.3889e+00
499 0 +1.512489607e+00 -5.342751039e+01 -5.342751039e+01 -1.2656e+00 -1.5078e+00 -1.6267e+00 +2.9933e+00 +3.3681e+00
504 0 +1.512489607e+00 -5.342751039e+01 -5.342751039e+01 -1.2656e+00 -1.5078e+00 -1.6267e+00 +2.9933e+00 +3.3681e+00
% f evaluations | g evaluations | best noise-free fitness - Fopt (5.913000000000e+01) + sum g_i+ | measured fitness | best measured fitness or single-digit g-values | x1 | x2...
1 0 +5.494187172e+06 +5.494246302e+06 +5.494246302e+06 +2.7361e-02 +3.2739e-01 -5.8410e-01 -4.1592e-01 -6.8898e-01
2 0 +4.173079647e+06 +4.173138777e+06 +4.173138777e+06 +7.2295e-01 +5.1836e-01 +6.6138e-01 +2.3846e-01 +2.9294e-01
13 0 +3.083190687e+06 +3.083249817e+06 +3.083249817e+06 +3.2477e-01 +3.8246e-01 +6.7563e-01 -1.6915e-01 -5.6267e-01
14 0 +2.275432064e+06 +2.275491194e+06 +2.275491194e+06 +6.4005e-01 +4.8497e-01 -2.3543e-01 +3.6632e-01 -1.0067e+00
18 0 +2.197648963e+06 +2.197708093e+06 +2.197708093e+06 +7.4096e-01 +4.4012e-01 +5.4092e-01 -1.6220e-01 -1.1904e+00
23 0 +1.590275330e+06 +1.590334460e+06 +1.590334460e+06 +1.0975e-01 +9.0596e-01 +7.9577e-02 +7.7072e-01 -9.9709e-01
26 0 +1.345491046e+06 +1.345550176e+06 +1.345550176e+06 +4.5822e-01 +1.1764e+00 +3.6650e-01 +1.0628e+00 -4.4227e-01
27 0 +3.844733902e+05 +3.845325202e+05 +3.845325202e+05 +3.9347e-01 +6.7861e-01 +2.8767e-01 +1.4164e+00 -2.1671e+00
38 0 +2.592570538e+05 +2.593161838e+05 +2.593161838e+05 -4.2619e-01 +1.2330e+00 -5.7269e-01 +1.9130e+00 -2.0461e+00
44 0 +2.182737851e+05 +2.183329151e+05 +2.183329151e+05 -3.7922e-01 +1.0120e+00 -4.1423e-01 +1.4257e+00 -2.4771e+00
64 0 +2.084119043e+05 +2.084710343e+05 +2.084710343e+05 -1.2074e+00 +2.1732e+00 -3.3040e-01 +1.8365e+00 -1.8489e+00
67 0 +3.873353600e+04 +3.879266600e+04 +3.879266600e+04 -8.7634e-01 +1.3892e+00 -1.8828e+00 +1.3000e+00 -3.2444e+00
80 0 +3.180621969e+04 +3.186534969e+04 +3.186534969e+04 -1.4734e+00 +9.9941e-01 -1.8413e+00 +8.7052e-01 -3.8771e+00
83 0 +4.842358680e+03 +4.901488680e+03 +4.901488680e+03 -1.1656e+00 +1.0161e+00 -2.8563e+00 +1.1218e+00 -4.1457e+00
180 0 +2.087561166e+03 +2.146691166e+03 +2.146691166e+03 -1.4113e+00 +2.5843e+00 -3.5381e+00 +2.0131e+00 -2.5759e+00
211 0 +1.027427971e+03 +1.086557971e+03 +1.086557971e+03 -2.2291e+00 +2.3396e+00 -3.5357e+00 +2.4452e+00 -2.9267e+00
218 0 +8.210986205e+02 +8.802286205e+02 +8.802286205e+02 -2.1885e+00 +2.0557e+00 -3.5064e+00 +2.3004e+00 -3.2760e+00
225 0 +6.520226984e+02 +7.111526984e+02 +7.111526984e+02 -2.3146e+00 +2.1470e+00 -3.5829e+00 +2.4198e+00 -3.2026e+00
278 0 +5.812512398e+02 +6.403812398e+02 +6.403812398e+02 -2.7781e+00 +1.9573e+00 -3.6067e+00 +2.6537e+00 -3.4969e+00
281 0 +4.874942053e+02 +5.466242053e+02 +5.466242053e+02 -2.7588e+00 +2.2621e+00 -3.7826e+00 +2.7589e+00 -3.1786e+00
302 0 +4.770711647e+02 +5.362011647e+02 +5.362011647e+02 -2.6840e+00 +2.1561e+00 -3.6938e+00 +2.7312e+00 -3.2305e+00
309 0 +2.227967261e+02 +2.819267261e+02 +2.819267261e+02 -2.9367e+00 +2.0898e+00 -3.5577e+00 +2.7000e+00 -3.3812e+00
330 0 +1.857753442e+02 +2.449053442e+02 +2.449053442e+02 -2.9556e+00 +2.1739e+00 -3.5442e+00 +2.6797e+00 -3.3208e+00
335 0 +8.483241320e+01 +1.439624132e+02 +1.439624132e+02 -3.5693e+00 +1.9610e+00 -3.5549e+00 +2.9866e+00 -3.6545e+00
422 0 +8.178314002e+01 +1.409131400e+02 +1.409131400e+02 -3.5498e+00 +2.0062e+00 -3.5601e+00 +3.0173e+00 -3.5833e+00
427 0 +7.861008196e+01 +1.377400820e+02 +1.377400820e+02 -3.5668e+00 +2.0153e+00 -3.5634e+00 +3.0127e+00 -3.5866e+00
456 0 +7.688887161e+01 +1.360188716e+02 +1.360188716e+02 -3.6208e+00 +1.9572e+00 -3.5317e+00 +3.0064e+00 -3.6617e+00
495 0 +7.570750840e+01 +1.348375084e+02 +1.348375084e+02 -3.5957e+00 +1.9575e+00 -3.5284e+00 +2.9916e+00 -3.6570e+00
504 0 +7.557382223e+01 +1.347038222e+02 +1.347038222e+02 -3.6057e+00 +1.9468e+00 -3.5168e+00 +2.9840e+00 -3.6713e+00
% f evaluations | g evaluations | best noise-free fitness - Fopt (-4.915300000000e+02) + sum g_i+ | measured fitness | best measured fitness or single-digit g-values | x1 | x2...
1 0 +1.091742406e+04 +1.042589406e+04 +1.042589406e+04 +2.7361e-02 +3.2739e-01 -5.8410e-01 -4.1592e-01 -6.8898e-01
31 0 +6.790033744e+03 +6.298503744e+03 +6.298503744e+03 +3.0561e-01 +6.7208e-01 -8.4363e-01 +3.9434e-01 -3.2656e-01
70 0 +4.497720297e+03 +4.006190297e+03 +4.006190297e+03 +3.7307e-01 +6.0034e-01 -1.0076e+00 +4.7009e-01 -3.0091e-01
96 0 +3.756542154e+03 +3.265012154e+03 +3.265012154e+03 +3.0238e-01 +2.6366e-01 -7.5184e-01 +1.0063e-01 +9.8771e-02
101 0 +3.651540923e+03 +3.160010923e+03 +3.160010923e+03 +3.3357e-01 +3.6938e-01 -7.2899e-01 +3.0149e-01 +1.6967e-01
103 0 +2.063908917e+03 +1.572378917e+03 +1.572378917e+03 +6.4103e-01 +6.8141e-01 -6.7819e-01 +9.2656e-01 +4.6150e-01
127 0 +5.351842433e+02 +4.365424329e+01 +4.365424329e+01 +5.0747e-01 +6.7925e-01 -1.2421e+00 +4.6269e-01 +1.5017e-01
163 0 +5.096064245e+02 +1.807642451e+01 +1.807642451e+01 +6.1974e-01 +5.4185e-01 -1.1835e+00 +9.4373e-01 +4.5729e-01
170 0 +3.849821042e+02 -1.065478958e+02 -1.065478958e+02 +6.4808e-01 +7.6199e-01 -1.2591e+00 +9.5525e-01 +3.2856e-01
176 0 +3.683577970e+02 -1.231722030e+02 -1.231722030e+02 +6.4495e-01 +7.6390e-01 -1.1398e+00 +9.0616e-01 +3.6001e-01
179 0 +2.740405979e+02 -2.174894021e+02 -2.174894021e+02 +6.8713e-01 +8.7514e-01 -1.3538e+00 +9.9227e-01 +1.9705e-01
188 0 +1.870566269e+02 -3.044733731e+02 -3.044733731e+02 +6.8896e-01 +1.0062e+00 -1.4208e+00 +9.6884e-01 +1.3741e-01
217 0 +5.356926112e+01 -4.379607389e+02 -4.379607389e+02 +6.1139e-01 +9.1999e-01 -1.5685e+00 +8.0700e-01 -7.2617e-02
236 0 +4.562341262e+01 -4.459065874e+02 -4.459065874e+02 +6.7180e-01 +9.6766e-01 -1.5154e+00 +9.6721e-01 +2.8155e-02
271 0 +3.667478194e+01 -4.548552181e+02 -4.548552181e+02 +7.1228e-01 +1.0816e+00 -1.5748e+00 +1.1043e+00 -1.8242e-02
273 0 +3.242633844e+01 -4.591036616e+02 -4.591036616e+02 +7.2757e-01 +1.1037e+00 -1.5708e+00 +1.1346e+00 +3.1924e-04
274 0 +2.064643595e+01 -4.708835640e+02 -4.708835640e+02 +7.1780e-01 +1.1321e+00 -1.5678e+00 +1.0772e+00 -3.8094e-02
281 0 +1.864844803e+01 -4.728815520e+02 -4.728815520e+02 +6.7934e-01 +1.0445e+00 -1.6144e+00 +9.8650e-01 -6.4592e-02
311 0 +1.633656002e+01 -4.751934400e+02 -4.751934400e+02 +6.3896e-01 +1.0264e+00 -1.5732e+00 +8.8965e-01 -1.1484e-01
317 0 +1.431130239e+01 -4.772186976e+02 -4.772186976e+02 +6.5838e-01 +1.0264e+00 -1.5883e+00 +9.3075e-01 -7.3644e-02
346 0 +1.248703718e+01 -4.790429628e+02 -4.790429628e+02 +6.5979e-01 +1.0201e+00 -1.5837e+00 +9.4450e-01 -6.6877e-02
377 0 +1.202936148e+01 -4.795006385e+02 -4.795006385e+02 +6.9142e-01 +1.0501e+00 -1.5567e+00 +1.0229e+00 -1.8382e-02
392 0 +1.138889872e+01 -4.801411013e+02 -4.801411013e+02 +7.0694e-01 +1.0621e+00 -1.5457e+00 +1.0655e+00 +2.9111e-03
450 0 +1.119700341e+01 -4.803329966e+02 -4.803329966e+02 +7.1722e-01 +1.0800e+00 -1.5335e+00 +1.0900e+00 +1.3053e-02
462 0 +1.088661963e+01 -4.806433804e+02 -4.806433804e+02 +7.2940e-01 +1.0807e+00 -1.5286e+00 +1.1216e+00 +4.0925e-02
470 0 +1.058779187e+01 -4.809422081e+02 -4.809422081e+02 +7.4244e-01 +1.0754e+00 -1.5332e+00 +1.1599e+00 +6.9406e-02
484 0 +1.042509790e+01 -4.811049021e+02 -4.811049021e+02 +7.6784e-01 +1.0986e+00 -1.5117e+00 +1.2253e+00 +1.0679e-01
486 0 +1.012970238e+01 -4.814002976e+02 -4.814002976e+02 +7.5847e-01 +1.1081e+00 -1.5051e+00 +1.2018e+00 +7.9999e-02
504 0 +9.948805919e+00 -4.815811941e+02 -4.815811941e+02 +7.7794e-01 +1.1098e+00 -1.5045e+00 +1.2548e+00 +1.2198e-01
% f evaluations | g evaluations | best noise-free fitness - Fopt (-1.702000000000e+02) + sum g_i+ | measured fitness | best measured fitness or single-digit g-values | x1 | x2...
1 0 +1.920432172e+07 +1.920415152e+07 +1.920415152e+07 +2.7361e-02 +3.2739e-01 -5.8410e-01 -4.1592e-01 -6.8898e-01
2 0 +1.617598834e+07 +1.617581814e+07 +1.617581814e+07 +7.2295e-01 +5.1836e-01 +6.6138e-01 +2.3846e-01 +2.9294e-01
10 0 +1.277264935e+07 +1.277247915e+07 +1.277247915e+07 -8.7995e-02 +2.5638e-02 +2.1044e-01 +1.1551e+00 -4.2578e-01
19 0 +1.217734319e+07 +1.217717299e+07 +1.217717299e+07 -1.2811e+00 +3.4393e-01 -9.5110e-01 +6.7894e-01 -4.3160e-01
22 0 +1.068747244e+07 +1.068730224e+07 +1.068730224e+07 -9.0847e-01 +2.9150e-01 -7.2929e-01 +1.3510e+00 -9.6978e-01
25 0 +6.343618623e+06 +6.343448423e+06 +6.343448423e+06 +1.8089e-01 -6.0058e-01 -1.0338e+00 +1.5081e+00 -1.6714e-01
38 0 +3.286424780e+06 +3.286254580e+06 +3.286254580e+06 +3.5008e-01 -4.7232e-01 -9.5707e-01 +2.5385e+00 +2.4803e-01
46 0 +1.841574965e+06 +1.841404765e+06 +1.841404765e+06 +1.2331e+00 -4.3506e-01 -1.7926e+00 +2.7564e+00 -3.4596e-01
49 0 +1.774550309e+06 +1.774380109e+06 +1.774380109e+06 +1.0429e+00 -1.0573e+00 -1.9888e+00 +1.9971e+00 +9.4629e-01
51 0 +4.121334776e+05 +4.119632776e+05 +4.119632776e+05 +3.0648e-01 +1.3552e+00 -2.0854e+00 +4.0167e+00 -9.9025e-01
57 0 +4.044490416e+05 +4.042788416e+05 +4.042788416e+05 +1.9987e+00 +1.9855e-01 -8.8791e-01 +3.7982e+00 +5.4473e-01
61 0 +3.554833403e+05 +3.553131403e+05 +3.553131403e+05 +2.0847e+00 -1.0202e-01 -1.2630e+00 +4.5764e+00 -2.8308e-02
62 0 +3.020633756e+05 +3.018931756e+05 +3.018931756e+05 -5.8362e-01 +1.1882e+00 -1.3754e+00 +3.5363e+00 +1.0577e+00
70 0 +1.803133703e+05 +1.801431703e+05 +1.801431703e+05 -1.9280e+00 +1.1415e+00 -1.9596e+00 +5.2016e+00 +1.0085e-01
79 0 +9.638406048e+04 +9.621386048e+04 +9.621386048e+04 -2.1196e+00 +3.3328e-01 -2.7342e+00 +4.5294e+00 -7.6914e-01
80 0 +6.910161553e+04 +6.893141553e+04 +6.893141553e+04 -1.6558e+00 +6.4958e-01 -2.1832e+00 +5.2972e+00 -1.6600e+00
81 0 +2.046584723e+04 +2.029564723e+04 +2.029564723e+04 -3.4926e+00 +9.4785e-01 -3.1772e+00 +4.9145e+00 -1.2161e+00
161 0 +1.804348012e+04 +1.787328012e+04 +1.787328012e+04 -7.1516e+00 +9.1820e-01 -4.8205e+00 +5.3795e+00 -2.4692e+00
192 0 +1.493822199e+04 +1.476802199e+04 +1.476802199e+04 -5.2052e+00 +2.2004e+00 -3.1015e+00 +4.4485e+00 +5.0664e-02
199 0 +1.105150583e+04 +1.088130583e+04 +1.088130583e+04 -4.8695e+00 +2.5082e+00 -3.4534e+00 +4.0350e+00 +2.3110e-01
228 0 +9.039369392e+03 +8.869169392e+03 +8.869169392e+03 -4.9541e+00 +2.2516e+00 -3.2981e+00 +4.3490e+00 +7.5953e-03
235 0 +7.367065232e+03 +7.196865232e+03 +7.196865232e+03 -4.6601e+00 +1.9583e+00 -3.0419e+00 +3.8831e+00 +9.3750e-01
246 0 +4.201869560e+03 +4.031669560e+03 +4.031669560e+03 -5.3209e+00 +1.1228e+00 -3.6668e+00 +4.4141e+00 -2.7699e-01
296 0 +3.326737791e+03 +3.156537791e+03 +3.156537791e+03 -5.8422e+00 -8.7064e-02 -4.1990e+00 +4.0671e+00 -2.7067e-02
297 0 +2.603720255e+03 +2.433520255e+03 +2.433520255e+03 -6.1692e+00 -1.4474e+00 -4.3450e+00 +4.3990e+00 -3.8056e-01
300 0 +2.527603586e+03 +2.357403586e+03 +2.357403586e+03 -4.6412e+00 +4.3628e-01 -3.0997e+00 +4.2412e+00 +5.4596e-01
302 0 +1.647964921e+03 +1.477764921e+03 +1.477764921e+03 -5.6696e+00 +5.6795e-02 -3.7039e+00 +3.9954e+00 +7.1230e-01
308 0 +1.168939640e+03 +9.987396403e+02 +9.987396403e+02 -5.6452e+00 -1.3959e-01 -3.5871e+00 +3.9154e+00 +1.0002e+00
342 0 +8.935126340e+02 +7.233126340e+02 +7.233126340e+02 -5.9408e+00 -2.6717e-02 -3.6325e+00 +3.3369e+00 +1.9785e+00
343 0 +7.806759797e+02 +6.104759797e+02 +6.104759797e+02 -5.8719e+00 -9.3104e-01 -3.8105e+00 +3.7075e+00 +1.2597e+00
357 0 +5.854354053e+02 +4.152354053e+02 +4.152354053e+02 -6.0649e+00 -6.2038e-01 -3.7240e+00 +3.5043e+00 +1.7220e+00
358 0 +4.401455341e+02 +2.699455341e+02 +2.699455341e+02 -5.8564e+00 -4.8776e-01 -3.7408e+00 +3.5686e+00 +1.4796e+00
392 0 +3.989719896e+02 +2.287719896e+02 +2.287719896e+02 -6.0642e+00 -9.5070e-01 -3.7501e+00 +3.2953e+00 +2.0568e+00
396 0 +3.978342788e+02 +2.276342788e+02 +2.276342788e+02 -5.8446e+00 -3.8660e-01 -3.6226e+00 +3.3337e+00 +2.0081e+00
400 0 +3.131407859e+02 +1.429407859e+02 +1.429407859e+02 -5.8591e+00 -1.0307e+00 -3.5351e+00 +3.1810e+00 +2.4513e+00
416 0 +2.026830961e+02 +3.248309615e+01 +3.248309615e+01 -6.0227e+00 -9.8328e-01 -3.6258e+00 +3.0104e+00 +2.7084e+00
443 0 +1.985674548e+02 +2.836745475e+01 +2.836745475e+01 -6.1387e+00 -9.2086e-01 -3.7012e+00 +2.9400e+00 +2.7612e+00
460 0 +1.798112590e+02 +9.611259010e+00 +9.611259010e+00 -6.1453e+00 -8.0424e-01 -3.7320e+00 +2.9041e+00 +2.7810e+00
462 0 +1.475410696e+02 -2.265893036e+01 -2.265893036e+01 -6.1803e+00 -9.9212e-01 -3.6968e+00 +2.7124e+00 +3.1910e+00
474 0 +1.417961664e+02 -2.840383362e+01 -2.840383362e+01 -5.8704e+00 -9.5195e-01 -3.4654e+00 +2.8969e+00 +3.0443e+00
475 0 +1.347032017e+02 -3.549679831e+01 -3.549679831e+01 -5.8663e+00 -1.0554e+00 -3.3296e+00 +2.3758e+00 +4.1012e+00
487 0 +1.166320529e+02 -5.356794713e+01 -5.356794713e+01 -5.6492e+00 -8.7580e-01 -3.3293e+00 +2.9910e+00 +2.9392e+00
491 0 +1.067562049e+02 -6.344379511e+01 -6.344379511e+01 -5.7938e+00 -9.5946e-01 -3.3302e+00 +2.8163e+00 +3.2983e+00
502 0 +5.247380842e+01 -1.177261916e+02 -1.177261916e+02 -5.5030e+00 -8.1426e-01 -3.0497e+00 +2.6022e+00 +3.8635e+00
504 0 +5.247380842e+01 -1.177261916e+02 -1.177261916e+02 -5.5030e+00 -8.1426e-01 -3.0497e+00 +2.6022e+00 +3.8635e+00
% f evaluations | g evaluations | best noise-free fitness - Fopt (-4.697500000000e+02) + sum g_i+ | measured fitness | best measured fitness or single-digit g-values | x1 | x2...
1 0 +1.864232468e+07 +1.864185493e+07 +1.864185493e+07 +2.7361e-02 +3.2739e-01 -5.8410e-01 -4.1592e-01 -6.8898e-01
2 0 +7.153125414e+06 +7.152655664e+06 +7.152655664e+06 +7.2295e-01 +5.1836e-01 +6.6138e-01 +2.3846e-01 +2.9294e-01
18 0 +6.155245356e+06 +6.154775606e+06 +6.154775606e+06 +1.1503e+00 +1.9119e-02 +3.9656e-01 +4.7473e-01 -6.0593e-02
20 0 +5.522018701e+06 +5.521548951e+06 +5.521548951e+06 +4.6154e-01 +1.3653e-01 +1.4774e+00 -1.7209e-01 +4.4626e-02
24 0 +4.737894695e+06 +4.737424945e+06 +4.737424945e+06 +1.3014e+00 +9.8697e-03 +6.6697e-01 +2.9836e-01 +4.4194e-01
36 0 +3.287571430e+06 +3.287101680e+06 +3.287101680e+06 +9.7290e-01 -1.4560e-01 +1.3222e+00 +8.7706e-01 +9.3581e-01
38 0 +2.972179394e+06 +2.971709644e+06 +2.971709644e+06 +1.0370e+00 -1.0076e+00 +1.2826e+00 -3.4844e-02 +1.0240e+00
39 0 +2.593007634e+06 +2.592537884e+06 +2.592537884e+06 +9.4141e-01 -7.7668e-01 +1.7954e+00 +1.5722e-01 +4.7714e-01
42 0 +1.684120067e+06 +1.683650317e+06 +1.683650317e+06 +1.1771e+00 +5.4016e-01 +2.0359e+00 +9.8834e-01 +1.2356e+00
50 0 +2.850970015e+05 +2.846272515e+05 +2.846272515e+05 +2.0894e+00 -2.5227e-01 +2.3749e+00 +5.7656e-01 +5.9703e-02
53 0 +2.208388456e+05 +2.203690956e+05 +2.203690956e+05 +1.7670e+00 +6.4193e-01 +2.9262e+00 +7.4610e-01 +7.0551e-01
57 0 +6.197855236e+04 +6.150880236e+04 +6.150880236e+04 +2.0760e+00 +1.4517e+00 +3.2187e+00 +1.1330e+00 +6.7496e-01
59 0 +1.897224133e+04 +1.850249133e+04 +1.850249133e+04 +8.4467e-01 +4.9552e-01 +4.1297e+00 +6.6594e-01 +1.3899e+00
78 0 +2.507378949e+03 +2.037628949e+03 +2.037628949e+03 +2.3773e-01 -9.7113e-02 +4.4753e+00 +1.7512e+00 +7.4540e-01
114 0 +1.712436061e+03 +1.242686061e+03 +1.242686061e+03 +2.9731e-02 +1.1734e-01 +4.3667e+00 +1.2556e+00 +2.2892e+00
170 0 +1.609765428e+03 +1.140015428e+03 +1.140015428e+03 +1.2386e-01 +1.2617e-01 +4.2943e+00 +1.0690e+00 +2.2657e+00
176 0 +5.124019879e+02 +4.265198792e+01 +4.265198792e+01 -3.7376e-02 -3.7757e-02 +4.3430e+00 +1.3187e+00 +2.2064e+00
225 0 +2.707316821e+02 -1.990183179e+02 -1.990183179e+02 -7.0445e-02 -4.6781e-01 +4.2570e+00 +1.2254e+00 +2.0287e+00
259 0 +2.673905969e+02 -2.023594031e+02 -2.023594031e+02 -7.5043e-01 -1.3336e+00 +4.5037e+00 +1.2910e+00 +1.9244e+00
264 0 +2.087906447e+02 -2.609593553e+02 -2.609593553e+02 -5.5424e-01 -7.6826e-01 +4.4307e+00 +1.1589e+00 +2.4515e+00
277 0 +2.021267758e+02 -2.676232242e+02 -2.676232242e+02 -5.1389e-01 -1.0342e+00 +4.4483e+00 +1.1603e+00 +2.0323e+00
278 0 +1.901291451e+02 -2.796208549e+02 -2.796208549e+02 -7.3798e-01 -1.6771e+00 +4.4837e+00 +1.0893e+00 +1.7973e+00
287 0 +1.229155199e+02 -3.468344801e+02 -3.468344801e+02 -5.4322e-01 -1.7386e+00 +4.3460e+00 +1.0782e+00 +1.5169e+00
295 0 +9.944164331e+01 -3.703083567e+02 -3.703083567e+02 -1.0111e+00 -1.2709e+00 +4.6449e+00 +1.1591e+00 +2.4703e+00
302 0 +9.498289366e+01 -3.747671063e+02 -3.747671063e+02 -7.4088e-01 -1.0128e+00 +4.5227e+00 +1.2878e+00 +2.3277e+00
303 0 +5.042622363e+01 -4.193237764e+02 -4.193237764e+02 -8.1198e-01 -1.3012e+00 +4.5094e+00 +1.1747e+00 +2.2550e+00
308 0 +4.316860695e+01 -4.265813931e+02 -4.265813931e+02 -8.3118e-01 -1.3977e+00 +4.5160e+00 +1.1324e+00 +2.2045e+00
331 0 +2.435239975e+01 -4.453976003e+02 -4.453976003e+02 -1.0663e+00 -8.5468e-01 +4.7175e+00 +1.3475e+00 +2.7705e+00
336 0 +2.046078450e+01 -4.492892155e+02 -4.492892155e+02 -8.8520e-01 -1.3954e+00 +4.5369e+00 +1.1109e+00 +2.3307e+00
365 0 +1.855854544e+01 -4.511914546e+02 -4.511914546e+02 -9.7373e-01 -1.2754e+00 +4.6050e+00 +1.1627e+00 +2.4769e+00
395 0 +1.770819692e+01 -4.520418031e+02 -4.520418031e+02 -1.0188e+00 -1.4492e+00 +4.5955e+00 +1.1053e+00 +2.4572e+00
400 0 +1.653253172e+01 -4.532174683e+02 -4.532174683e+02 -9.1558e-01 -1.5085e+00 +4.5357e+00 +1.1295e+00 +2.2471e+00
416 0 +1.312527045e+01 -4.566247296e+02 -4.566247296e+02 -8.9264e-01 -1.4742e+00 +4.5319e+00 +1.1125e+00 +2.2652e+00
422 0 +1.242583666e+01 -4.573241633e+02 -4.573241633e+02 -9.5231e-01 -1.3970e+00 +4.5695e+00 +1.1476e+00 +2.3815e+00
432 0 +1.070671290e+01 -4.590432871e+02 -4.590432871e+02 -9.8259e-01 -1.3948e+00 +4.5917e+00 +1.1613e+00 +2.3941e+00
471 0 +1.038865761e+01 -4.593613424e+02 -4.593613424e+02 -9.3027e-01 -1.3672e+00 +4.5734e+00 +1.1763e+00 +2.3251e+00
493 0 +9.984651052e+00 -4.597653489e+02 -4.597653489e+02 -9.1646e-01 -1.4312e+00 +4.5575e+00 +1.1647e+00 +2.2638e+00
502 0 +9.646264645e+00 -4.601037354e+02 -4.601037354e+02 -9.2782e-01 -1.4943e+00 +4.5574e+00 +1.1574e+00 +2.2196e+00
504 0 +9.646264645e+00 -4.601037354e+02 -4.601037354e+02 -9.2782e-01 -1.4943e+00 +4.5574e+00 +1.1574e+00 +2.2196e+00
% f evaluations | g evaluations | best noise-free fitness - Fopt (-5.191000000000e+01) + sum g_i+ | measured fitness | best measured fitness or single-digit g-values | x1 | x2...
1 0 +3.487731880e+05 +3.487212780e+05 +3.487212780e+05 +2.7361e-02 +3.2739e-01 -5.8410e-01 -4.1592e-01 -6.8898e-01
13 0 +1.296727185e+05 +1.296208085e+05 +1.296208085e+05 +6.0370e-01 +2.4609e-01 -7.2609e-01 -6.8612e-03 -4.0445e-01
23 0 +9.122755509e+04 +9.117564509e+04 +9.117564509e+04 +2.0077e-01 +1.4375e-01 -1.4014e+00 +5.6981e-02 -3.1757e-01
31 0 +8.940456271e+04 +8.935265271e+04 +8.935265271e+04 -4.5949e-02 +3.4767e-01 -1.1238e+00 +4.0016e-01 +1.9292e-01
33 0 +6.210612375e+04 +6.205421375e+04 +6.205421375e+04 -7.3109e-01 +6.6502e-01 -1.5428e+00 -1.8574e-01 +6.0598e-01
38 0 +4.319404296e+04 +4.314213296e+04 +4.314213296e+04 +1.2067e+00 +6.0126e-02 -9.0094e-01 +6.4959e-01 +2.4367e-01
39 0 +8.595137511e+03 +8.543227511e+03 +8.543227511e+03 +1.2802e+00 +5.5411e-01 -9.9164e-01 +1.6057e-01 -1.3275e-01
41 0 +8.060582853e+03 +8.008672853e+03 +8.008672853e+03 +1.1990e+00 +6.1219e-01 -1.0732e+00 +8.5471e-02 +1.8861e-02
82 0 +5.928596178e+03 +5.876686178e+03 +5.876686178e+03 +1.8882e+00 +1.1520e+00 -8.5635e-01 +1.0949e+00 -5.1366e-01
84 0 +3.451808175e+03 +3.399898175e+03 +3.399898175e+03 -5.6991e-01 +1.8566e+00 -1.5244e+00 -1.7779e-01 -3.5112e-01
136 0 +2.712424954e+03 +2.660514954e+03 +2.660514954e+03 -3.2191e-01 +1.7559e+00 -1.3116e+00 +8.0286e-01 -5.5378e-01
147 0 +6.069815026e+02 +5.550715026e+02 +5.550715026e+02 -1.2223e-01 +1.7821e+00 -1.3062e+00 +5.9205e-01 -5.5640e-01
190 0 +5.991031103e+02 +5.471931103e+02 +5.471931103e+02 -1.9280e-02 +1.8994e+00 -1.2783e+00 +9.6343e-01 -5.6819e-01
199 0 +5.505198179e+02 +4.986098179e+02 +4.986098179e+02 +3.8648e-01 +1.7363e+00 -1.1667e+00 +1.2382e+00 -4.3256e-01
215 0 +2.690834687e+02 +2.171734687e+02 +2.171734687e+02 +7.8050e-01 +1.7986e+00 -1.0255e+00 +1.5908e+00 -5.4357e-01
359 0 +2.624920114e+02 +2.105820114e+02 +2.105820114e+02 +5.3917e-01 +1.7257e+00 -1.0573e+00 +1.2157e+00 -7.3141e-01
366 0 +2.559100981e+02 +2.040000981e+02 +2.040000981e+02 +5.5783e-01 +1.6962e+00 -1.0682e+00 +1.1365e+00 -7.0036e-01
378 0 +2.490468114e+02 +1.971368114e+02 +1.971368114e+02 +5.1837e-01 +1.7392e+00 -1.0980e+00 +1.1526e+00 -6.4391e-01
386 0 +2.405225159e+02 +1.886125159e+02 +1.886125159e+02 +4.6985e-01 +1.7228e+00 -1.1212e+00 +1.0971e+00 -6.1858e-01
394 0 +2.350744430e+02 +1.831644430e+02 +1.831644430e+02 +4.9572e-01 +1.7354e+00 -1.1148e+00 +1.1618e+00 -5.9357e-01
398 0 +2.329056062e+02 +1.809956062e+02 +1.809956062e+02 +4.3958e-01 +1.7488e+00 -1.1397e+00 +1.0933e+00 -5.8573e-01
404 0 +2.205576666e+02 +1.686476666e+02 +1.686476666e+02 +4.6964e-01 +1.7410e+00 -1.1482e+00 +1.0875e+00 -5.3430e-01
414 0 +2.134332765e+02 +1.615232765e+02 +1.615232765e+02 +3.7216e-01 +1.7445e+00 -1.1953e+00 +9.9943e-01 -4.7338e-01
417 0 +2.088682525e+02 +1.569582525e+02 +1.569582525e+02 +3.5519e-01 +1.7483e+00 -1.2309e+00 +9.8321e-01 -3.6840e-01
433 0 +2.020406458e+02 +1.501306458e+02 +1.501306458e+02 +4.1717e-01 +1.7367e+00 -1.1978e+00 +1.0149e+00 -4.2928e-01
435 0 +1.896966311e+02 +1.377866311e+02 +1.377866311e+02 +4.4022e-01 +1.7409e+00 -1.2108e+00 +1.0165e+00 -3.6811e-01
446 0 +1.793674513e+02 +1.274574513e+02 +1.274574513e+02 +3.6836e-01 +1.7541e+00 -1.2580e+00 +9.1745e-01 -3.0100e-01
447 0 +1.760105525e+02 +1.241005525e+02 +1.241005525e+02 +3.1793e-01 +1.7675e+00 -1.2890e+00 +9.0810e-01 -2.4085e-01
455 0 +1.578608712e+02 +1.059508712e+02 +1.059508712e+02 +2.8944e-01 +1.7701e+00 -1.3445e+00 +7.8263e-01 -1.3362e-01
469 0 +1.521663903e+02 +1.002563903e+02 +1.002563903e+02 +2.0244e-01 +1.8158e+00 -1.4053e+00 +7.8094e-01 +1.0844e-02
472 0 +1.491017865e+02 +9.719178645e+01 +9.719178645e+01 +1.5553e-01 +1.8417e+00 -1.4282e+00 +7.5993e-01 +2.8350e-02
474 0 +1.441420013e+02 +9.223200132e+01 +9.223200132e+01 +2.2634e-01 +1.8423e+00 -1.4369e+00 +8.1790e-01 +1.1434e-01
485 0 +9.957503113e+01 +4.766503113e+01 +4.766503113e+01 -2.1529e-02 +1.8696e+00 -1.6230e+00 +4.7030e-01 +4.2678e-01
490 0 +8.330343601e+01 +3.139343601e+01 +3.139343601e+01 -3.2581e-01 +1.9944e+00 -1.8502e+00 +2.1320e-01 +8.4576e-01
504 0 +8.330343601e+01 +3.139343601e+01 +3.139343601e+01 -3.2581e-01 +1.9944e+00 -1.8502e+00 +2.1320e-01 +8.4576e-01
% f evaluations | g evaluations | best noise-free fitness - Fopt (4.808000000000e+01) + sum g_i+ | measured fitness | best measured fitness or single-digit g-values | x1 | x2...
1 0 +1.807276165e+06 +1.807324245e+06 +1.807324245e+06 +2.7361e-02 +3.2739e-01 -5.8410e-01 -4.1592e-01 -6.8898e-01
3 0 +1.761579212e+06 +1.761627292e+06 +1.761627292e+06 -3.5503e-01 +5.7491e-01 -3.3700e-01 -1.9922e-01 -1.1351e-01
9 0 +1.015412562e+06 +1.015460642e+06 +1.015460642e+06 -4.7167e-01 +3.4749e-01 -4.8889e-01 -3.1732e-01 -3.4411e-01
16 0 +9.034101624e+05 +9.034582424e+05 +9.034582424e+05 -3.8456e-01 -1.8206e-01 -6.3615e-01 +1.1598e-01 -3.4374e-01
18 0 +6.413081181e+05 +6.413561981e+05 +6.413561981e+05 -3.7055e-01 +6.4076e-02 -8.2469e-01 -4.6201e-01 -2.3836e-01
25 0 +2.597431041e+05 +2.597911841e+05 +2.597911841e+05 -8.0073e-01 -3.5146e-01 -1.1057e+00 -4.6989e-01 -8.6160e-01
34 0 +1.369963179e+05 +1.370443979e+05 +1.370443979e+05 -6.6310e-01 +6.7955e-01 -1.3018e+00 -4.6412e-01 -2.6419e-01
36 0 +7.857777704e+04 +7.862585704e+04 +7.862585704e+04 -5.8168e-01 +5.9547e-01 -1.6099e+00 +3.2698e-02 +9.6835e-02
51 0 +5.473860046e+04 +5.478668046e+04 +5.478668046e+04 -4.0889e-01 +1.1350e+00 -1.6413e+00 +1.5553e-01 +3.1836e-01
56 0 +4.542137511e+04 +4.546945511e+04 +4.546945511e+04 -4.2058e-01 +6.3613e-01 -1.6613e+00 -2.4404e-01 +5.8271e-01
69 0 +2.665082434e+04 +2.669890434e+04 +2.669890434e+04 +5.3202e-01 +1.1343e+00 -2.4290e+00 -9.8252e-01 +8.2321e-01
73 0 +2.430580438e+04 +2.435388438e+04 +2.435388438e+04 +1.9236e-01 +9.9238e-01 -2.2037e+00 -9.3373e-01 +1.8701e-01
79 0 +2.307397338e+04 +2.312205338e+04 +2.312205338e+04 +5.6615e-02 +2.7369e-01 -2.1020e+00 -7.4394e-01 +7.1804e-01
81 0 +1.276269895e+04 +1.281077895e+04 +1.281077895e+04 +6.2049e-01 +7.0538e-01 -2.6761e+00 -4.7609e-01 +1.1636e+00
152 0 +1.156762426e+04 +1.161570426e+04 +1.161570426e+04 +9.1850e-02 +2.8626e-01 -2.2981e+00 -1.8319e-01 +1.2302e+00
154 0 +9.945300883e+03 +9.993380883e+03 +9.993380883e+03 +8.4270e-01 +3.3664e-01 -2.7860e+00 -8.5841e-01 +8.7423e-01
160 0 +9.529140510e+03 +9.577220510e+03 +9.577220510e+03 +3.2935e-01 +2.2499e-01 -2.4582e+00 -7.7908e-01 +1.2362e+00
170 0 +8.496982655e+03 +8.545062655e+03 +8.545062655e+03 +3.0664e-01 -2.3517e-02 -2.4766e+00 -1.9962e-01 +1.4452e+00
188 0 +8.253925969e+03 +8.302005969e+03 +8.302005969e+03 +3.8703e-01 -1.7989e-01 -2.6038e+00 +1.5291e-02 +1.7645e+00
197 0 +8.069239182e+03 +8.117319182e+03 +8.117319182e+03 -3.1947e-02 -8.7314e-02 -2.2159e+00 +3.3167e-01 +2.0495e+00
209 0 +4.587814672e+03 +4.635894672e+03 +4.635894672e+03 +8.2268e-02 -4.1640e-01 -2.3792e+00 +5.9405e-01 +2.1917e+00
228 0 +2.867752558e+03 +2.915832558e+03 +2.915832558e+03 +2.9925e-01 -6.8495e-01 -2.5685e+00 +5.8457e-01 +2.4216e+00
251 0 +1.734568778e+03 +1.782648778e+03 +1.782648778e+03 -2.6041e-01 -1.8543e+00 -2.2318e+00 +1.2796e+00 +3.6488e+00
285 0 +1.466754484e+03 +1.514834484e+03 +1.514834484e+03 +1.1200e-01 -2.1735e+00 -2.5847e+00 +1.8534e+00 +4.0105e+00
291 0 +9.797681694e+02 +1.027848169e+03 +1.027848169e+03 +2.1305e-01 -2.1874e+00 -2.6619e+00 +1.3460e+00 +3.7251e+00
312 0 +8.788685523e+02 +9.269485523e+02 +9.269485523e+02 +3.5734e-02 -1.5953e+00 -2.4792e+00 +1.5663e+00 +3.4650e+00
329 0 +7.463570267e+02 +7.944370267e+02 +7.944370267e+02 +4.8783e-01 -1.7790e+00 -2.8155e+00 +1.3469e+00 +3.2588e+00
400 0 +7.086976629e+02 +7.567776629e+02 +7.567776629e+02 +8.1245e-01 -1.8603e+00 -3.0567e+00 +1.0469e+00 +3.0373e+00
416 0 +6.379515824e+02 +6.860315824e+02 +6.860315824e+02 +8.2712e-01 -1.8927e+00 -3.0569e+00 +9.2692e-01 +2.9820e+00
441 0 +6.160385975e+02 +6.641185975e+02 +6.641185975e+02 +6.6502e-01 -1.8466e+00 -2.9267e+00 +7.2693e-01 +2.9492e+00
449 0 +5.812308180e+02 +6.293108180e+02 +6.293108180e+02 +1.0029e+00 -1.8143e+00 -3.1565e+00 +4.2394e-01 +2.6434e+00
460 0 +5.636632556e+02 +6.117432556e+02 +6.117432556e+02 +9.0095e-01 -1.8839e+00 -3.0891e+00 +4.2031e-01 +2.7485e+00
470 0 +4.675067883e+02 +5.155867883e+02 +5.155867883e+02 +1.4018e+00 -2.1105e+00 -3.4416e+00 -3.7340e-02 +2.4603e+00
475 0 +3.684684512e+02 +4.165484512e+02 +4.165484512e+02 +1.8289e+00 -2.0596e+00 -3.7170e+00 -8.4479e-01 +1.8574e+00
482 0 +3.250180396e+02 +3.730980396e+02 +3.730980396e+02 +1.4390e+00 -2.1875e+00 -3.4522e+00 -6.3000e-01 +2.2132e+00
504 0 +2.951679708e+02 +3.432479708e+02 +3.432479708e+02 +1.5327e+00 -2.3098e+00 -3.5257e+00 -5.5448e-01 +2.2221e+00
% f evaluations | g evaluations | best noise-free fitness - Fopt (3.058000000000e+01) + sum g_i+ | measured fitness | best measured fitness or single-digit g-values | x1 | x2...
1 0 +7.591185399e+06 +7.591215979e+06 +7.591215979e+06 +2.7361e-02 +3.2739e-01 -5.8410e-01 -4.1592e-01 -6.8898e-01
2 0 +6.316635059e+06 +6.316665639e+06 +6.316665639e+06 +7.2295e-01 +5.1836e-01 +6.6138e-01 +2.3846e-01 +2.9294e-01
4 0 +5.219422088e+06 +5.219452668e+06 +5.219452668e+06 -2.3748e-01 +2.5787e-01 -6.9238e-02 -1.9699e-02 -6.2593e-02
6 0 +4.612568283e+06 +4.612598863e+06 +4.612598863e+06 -1.4506e-01 +1.6064e-01 +3.4985e-01 +4.8506e-02 -2.0186e-01
9 0 +4.463000454e+06 +4.463031034e+06 +4.463031034e+06 -9.7633e-02 +8.5386e-02 +3.1391e-01 +8.6879e-02 -2.4001e-02
17 0 +4.153375179e+06 +4.153405759e+06 +4.153405759e+06 -8.4423e-02 +7.6988e-03 +3.9483e-01 +2.1587e-01 +1.1989e-01
19 0 +3.161935533e+06 +3.161966113e+06 +3.161966113e+06 -5.6833e-01 +1.3143e-02 +7.7996e-01 -8.1685e-02 -2.3960e-01
26 0 +1.522789797e+06 +1.522820377e+06 +1.522820377e+06 -5.6992e-01 -6.4636e-01 +7.6871e-01 -1.3951e-03 -5.5694e-02
32 0 +1.499179711e+06 +1.499210291e+06 +1.499210291e+06 -7.0633e-01 -6.3089e-01 +7.5109e-01 +3.9580e-01 -9.7601e-02
35 0 +6.006775509e+05 +6.007081309e+05 +6.007081309e+05 -1.0867e+00 -7.9483e-01 +1.0574e+00 -1.5360e-01 -3.5742e-01
42 0 +1.993933638e+05 +1.994239438e+05 +1.994239438e+05 -1.2784e+00 -1.4726e+00 +1.0468e+00 -2.7993e-01 +3.0623e-01
57 0 +1.775769283e+05 +1.776075083e+05 +1.776075083e+05 -4.1913e-01 -1.8940e+00 +9.5645e-01 -5.0419e-01 +1.3124e+00
72 0 +1.313577405e+05 +1.313883205e+05 +1.313883205e+05 -1.3651e+00 -9.6054e-01 +1.7257e+00 -1.9845e-01 +7.5220e-01
94 0 +5.969911476e+04 +5.972969476e+04 +5.972969476e+04 -2.2199e+00 +1.8583e-01 +2.8325e+00 +2.6280e-02 +3.7986e-01
104 0 +4.606662532e+04 +4.609720532e+04 +4.609720532e+04 -3.0078e+00 +3.5239e-01 +2.2071e+00 -8.1994e-01 +1.0046e-01
137 0 +1.381924964e+04 +1.384982964e+04 +1.384982964e+04 -3.2670e+00 +7.8278e-01 +2.4156e+00 -3.7321e-01 +9.1427e-01
145 0 +4.504804950e+03 +4.535384950e+03 +4.535384950e+03 -2.9642e+00 +6.9020e-01 +2.3990e+00 -1.7060e-01 +8.3193e-01
167 0 +3.387578554e+03 +3.418158554e+03 +3.418158554e+03 -2.2262e+00 +1.7430e-01 +2.0715e+00 -2.5629e-01 +1.7360e+00
169 0 +3.181186333e+03 +3.211766333e+03 +3.211766333e+03 -1.6263e+00 +2.8475e-01 +2.6524e+00 -7.1429e-01 +1.8247e+00
174 0 +2.149917001e+03 +2.180497001e+03 +2.180497001e+03 -2.9992e+00 +7.1823e-01 +2.1228e+00 -4.3729e-01 +1.3117e+00
188 0 +1.645229881e+03 +1.675809881e+03 +1.675809881e+03 -2.9884e+00 +9.3738e-01 +2.5112e+00 -1.0070e+00 +1.1982e+00
194 0 +1.457476839e+03 +1.488056839e+03 +1.488056839e+03 -2.6339e+00 +5.2954e-01 +1.9596e+00 -1.3554e+00 +1.6823e+00
224 0 +1.191009822e+03 +1.221589822e+03 +1.221589822e+03 -2.7879e+00 +6.6603e-01 +2.2147e+00 -1.0591e+00 +1.3712e+00
257 0 +8.746202326e+02 +9.052002326e+02 +9.052002326e+02 -2.8408e+00 +4.1819e-01 +1.7893e+00 -3.5490e-01 +1.5898e+00
392 0 +8.401575954e+02 +8.707375954e+02 +8.707375954e+02 -2.7325e+00 +3.7836e-01 +1.7913e+00 -4.8451e-01 +1.6225e+00
400 0 +8.145321978e+02 +8.451121978e+02 +8.451121978e+02 -2.7069e+00 +2.7326e-01 +1.6372e+00 -4.1967e-01 +1.6952e+00
401 0 +8.120935482e+02 +8.426735482e+02 +8.426735482e+02 -2.9624e+00 +3.8763e-01 +1.6066e+00 -3.5053e-01 +1.5885e+00
416 0 +7.009252447e+02 +7.315052447e+02 +7.315052447e+02 -2.6892e+00 +1.1829e-01 +1.3308e+00 -4.4152e-01 +1.8671e+00
442 0 +5.241330140e+02 +5.547130140e+02 +5.547130140e+02 -2.4078e+00 -3.0237e-01 +7.5413e-01 -5.7629e-01 +2.3412e+00
449 0 +3.342842863e+02 +3.648642863e+02 +3.648642863e+02 -2.2441e+00 -7.0046e-01 +1.1393e-01 -5.4171e-01 +2.7668e+00
459 0 +2.979367268e+02 +3.285167268e+02 +3.285167268e+02 -2.0246e+00 -1.0716e+00 -4.7361e-01 -7.5271e-01 +3.2518e+00
462 0 +2.375374460e+02 +2.681174460e+02 +2.681174460e+02 -2.1843e+00 -9.9590e-01 -4.2100e-01 -5.6331e-01 +3.0943e+00
493 0 +2.248068966e+02 +2.553868966e+02 +2.553868966e+02 -1.6159e+00 -1.5648e+00 -9.9984e-01 -6.7737e-01 +3.7494e+00
502 0 +1.768832720e+02 +2.074632720e+02 +2.074632720e+02 -1.4522e+00 -2.1888e+00 -2.0235e+00 -2.8121e-01 +4.3339e+00
504 0 +1.768832720e+02 +2.074632720e+02 +2.074632720e+02 -1.4522e+00 -2.1888e+00 -2.0235e+00 -2.8121e-01 +4.3339e+00
% f evaluations | g evaluations | best noise-free fitness - Fopt (1.000000000000e+03) + sum g_i+ | measured fitness | best measured fitness or single-digit g-values | x1 | x2...
1 0 +5.365349120e+05 +5.375349120e+05 +5.375349120e+05 +2.7361e-02 +3.2739e-01 -5.8410e-01 -4.1592e-01 -6.8898e-01
9 0 +5.201999874e+05 +5.211999874e+05 +5.211999874e+05 -1.2386e-01 +1.5544e-01 -7.2407e-01 -3.5919e-01 -3.7560e-01
13 0 +3.917975888e+05 +3.927975888e+05 +3.927975888e+05 +4.6252e-01 +4.7795e-01 -6.5371e-01 -5.3350e-01 -9.6986e-02
14 0 +2.252263236e+05 +2.262263236e+05 +2.262263236e+05 -5.3563e-02 +8.6186e-02 +7.3809e-02 -1.2680e+00 -4.7279e-01
18 0 +1.362955260e+05 +1.372955260e+05 +1.372955260e+05 +5.0834e-01 -2.9398e-01 -3.4884e-02 -1.0631e+00 -4.1489e-01
23 0 +6.708978468e+04 +6.808978468e+04 +6.808978468e+04 -3.8991e-01 +1.6713e-01 -7.1133e-01 -1.3690e+00 +2.1071e-01
26 0 +2.516158356e+04 +2.616158356e+04 +2.616158356e+04 +3.9264e-01 -5.0847e-01 -2.0167e-01 -1.4008e+00 -6.6093e-01
48 0 +2.491747074e+04 +2.591747074e+04 +2.591747074e+04 +5.6492e-01 -1.9637e-01 -1.9948e-01 -1.4440e+00 -8.3353e-01
57 0 +1.635486531e+04 +1.735486531e+04 +1.735486531e+04 +5.0664e-01 -6.4862e-01 -1.4952e-01 -1.1510e+00 -9.6394e-01
82 0 +1.290008281e+04 +1.390008281e+04 +1.390008281e+04 +6.0165e-01 -7.6063e-01 +3.4421e-01 -1.7431e+00 -1.3561e+00
87 0 +1.058022296e+04 +1.158022296e+04 +1.158022296e+04 +9.6127e-01 -8.1515e-01 +1.3205e-01 -1.2573e+00 -1.5687e+00
97 0 +8.568330081e+03 +9.568330081e+03 +9.568330081e+03 +1.9679e-01 -1.1694e+00 +2.3404e-01 -1.4413e+00 -1.3331e+00
137 0 +7.660796448e+03 +8.660796448e+03 +8.660796448e+03 +5.5216e-01 -5.8187e-01 +4.6771e-01 -1.8584e+00 -1.3861e+00
145 0 +7.189420088e+03 +8.189420088e+03 +8.189420088e+03 +6.7721e-01 -8.8961e-01 +5.7968e-01 -1.7574e+00 -1.2872e+00
185 0 +6.760040353e+03 +7.760040353e+03 +7.760040353e+03 +5.2046e-01 -7.9600e-01 +6.6454e-01 -1.9338e+00 -1.3066e+00
195 0 +6.151049847e+03 +7.151049847e+03 +7.151049847e+03 +4.4213e-01 -8.4972e-01 +7.3106e-01 -1.9649e+00 -1.3545e+00
202 0 +5.849701420e+03 +6.849701420e+03 +6.849701420e+03 +3.2276e-01 -1.1918e+00 +1.0440e+00 -2.0926e+00 -9.4660e-01
209 0 +4.833661565e+03 +5.833661565e+03 +5.833661565e+03 -3.3618e-02 -9.2207e-01 +9.4622e-01 -2.2282e+00 -1.0377e+00
217 0 +4.697686177e+03 +5.697686177e+03 +5.697686177e+03 -2.5251e-01 -1.3826e+00 +1.4835e+00 -2.5880e+00 -7.5241e-01
225 0 +2.948275656e+03 +3.948275656e+03 +3.948275656e+03 -4.4822e-01 -9.4303e-01 +9.6657e-01 -2.3821e+00 -7.7319e-01
245 0 +2.193273322e+03 +3.193273322e+03 +3.193273322e+03 -1.2177e+00 -5.1796e-01 +1.0940e+00 -2.8665e+00 -7.9421e-01
273 0 +2.004022807e+03 +3.004022807e+03 +3.004022807e+03 -1.5991e+00 -1.0372e-01 +1.2066e+00 -3.2897e+00 -7.3507e-01
281 0 +1.972648529e+03 +2.972648529e+03 +2.972648529e+03 -1.3328e+00 -8.7476e-01 +1.3452e+00 -3.0017e+00 -5.0733e-01
284 0 +1.891140617e+03 +2.891140617e+03 +2.891140617e+03 -1.5997e+00 +1.7187e-01 +1.0691e+00 -3.2678e+00 -9.8808e-01
296 0 +1.643428512e+03 +2.643428512e+03 +2.643428512e+03 -1.5950e+00 -5.3274e-01 +1.0211e+00 -2.9404e+00 -5.6231e-01
317 0 +1.496131945e+03 +2.496131945e+03 +2.496131945e+03 -1.4958e+00 -4.9717e-01 +7.7721e-01 -2.7063e+00 -6.7210e-01
389 0 +1.407777744e+03 +2.407777744e+03 +2.407777744e+03 -1.3430e+00 -3.8397e-01 +6.8523e-01 -2.6450e+00 -8.3551e-01
401 0 +1.374514862e+03 +2.374514862e+03 +2.374514862e+03 -1.6942e+00 -3.5530e-01 +4.7688e-01 -2.5712e+00 -6.7998e-01
409 0 +1.340533517e+03 +2.340533517e+03 +2.340533517e+03 -1.5961e+00 -2.5985e-01 +6.6676e-01 -2.7631e+00 -8.2204e-01
414 0 +1.271042451e+03 +2.271042451e+03 +2.271042451e+03 -1.4817e+00 -3.1049e-01 +4.4318e-01 -2.5105e+00 -8.7913e-01
424 0 +1.244616364e+03 +2.244616364e+03 +2.244616364e+03 -1.3430e+00 -7.3636e-02 +6.1004e-01 -2.7170e+00 -1.1170e+00
427 0 +1.221695785e+03 +2.221695785e+03 +2.221695785e+03 -1.5821e+00 -1.7210e-01 +5.2398e-01 -2.6645e+00 -8.8693e-01
436 0 +1.121510271e+03 +2.121510271e+03 +2.121510271e+03 -1.5648e+00 -1.6125e-02 +4.5258e-01 -2.6690e+00 -1.0686e+00
441 0 +1.047323220e+03 +2.047323220e+03 +2.047323220e+03 -1.7466e+00 +2.2199e-01 +5.3764e-01 -2.9042e+00 -1.1625e+00
453 0 +1.005221174e+03 +2.005221174e+03 +2.005221174e+03 -1.5865e+00 +1.5183e-01 +2.3553e-01 -2.5719e+00 -1.1568e+00
469 0 +9.470747791e+02 +1.947074779e+03 +1.947074779e+03 -2.0158e+00 +4.2553e-01 -1.7108e-01 -2.4683e+00 -1.2574e+00
477 0 +8.630457996e+02 +1.863045800e+03 +1.863045800e+03 -1.8898e+00 +5.4007e-01 -6.3198e-01 -2.0869e+00 -1.3027e+00
478 0 +7.954087719e+02 +1.795408772e+03 +1.795408772e+03 -1.8788e+00 +4.2484e-01 -3.1511e-01 -2.3023e+00 -1.2899e+00
496 0 +6.226551012e+02 +1.622655101e+03 +1.622655101e+03 -1.9828e+00 +1.2084e+00 -9.7511e-01 -2.1209e+00 -1.7979e+00
503 0 +6.028607461e+02 +1.602860746e+03 +1.602860746e+03 -1.7911e+00 +1.0835e+00 -8.7674e-01 -2.0908e+00 -1.8039e+00
504 0 +6.028607461e+02 +1.602860746e+03 +1.602860746e+03 -1.7911e+00 +1.0835e+00 -8.7674e-01 -2.0908e+00 -1.8039e+00
% f evaluations | g evaluations | best noise-free fitness - Fopt (-4.236000000000e+01) + sum g_i+ | measured fitness | best measured fitness or single-digit g-values | x1 | x2...
1 0 +8.141804765e+04 +8.137568765e+04 +8.137568765e+04 +2.7361e-02 +3.2739e-01 -5.8410e-01 -4.1592e-01 -6.8898e-01
3 0 +6.442967641e+04 +6.438731641e+04 +6.438731641e+04 -3.5503e-01 +5.7491e-01 -3.3700e-01 -1.9922e-01 -1.1351e-01
5 0 +1.908022353e+04 +1.903786353e+04 +1.903786353e+04 +4.0406e-01 -1.8209e-01 -5.2276e-02 +1.2722e-01 -4.9382e-01
7 0 +1.481950266e+04 +1.477714266e+04 +1.477714266e+04 +4.3276e-01 -6.6445e-02 +9.3795e-03 +5.4581e-02 -1.8879e-02
26 0 +1.298988313e+04 +1.294752313e+04 +1.294752313e+04 +1.6214e-01 -2.2367e-01 +1.0056e+00 -4.0535e-02 +5.6051e-01
31 0 +1.233709159e+04 +1.229473159e+04 +1.229473159e+04 +5.9111e-01 -3.1382e-01 +5.0584e-01 +6.3860e-03 +5.3044e-01
44 0 +1.056158632e+04 +1.051922632e+04 +1.051922632e+04 +4.7915e-01 -1.1502e-01 -2.3327e-01 -2.7545e-01 +4.3128e-01
70 0 +7.334318496e+03 +7.291958496e+03 +7.291958496e+03 +9.6722e-01 -6.3313e-01 +5.3063e-01 +1.4093e-01 +8.1597e-01
87 0 +6.844192328e+03 +6.801832328e+03 +6.801832328e+03 +1.0939e+00 -4.9416e-01 +6.5060e-01 +1.8597e-01 +1.0712e+00
104 0 +4.702640502e+03 +4.660280502e+03 +4.660280502e+03 +6.3499e-01 -5.4454e-01 +8.2360e-01 -4.6561e-02 +1.0039e+00
106 0 +2.694343579e+03 +2.651983579e+03 +2.651983579e+03 +5.2478e-01 -8.0628e-01 +1.2250e+00 -6.6210e-02 +1.1619e+00
123 0 +1.650288491e+03 +1.607928491e+03 +1.607928491e+03 +4.4504e-01 -7.9246e-01 +1.9836e+00 -2.4426e-01 +2.1751e+00
139 0 +4.410965047e+02 +3.987365047e+02 +3.987365047e+02 +2.6516e-01 -9.9672e-01 +2.1153e+00 -3.6855e-01 +2.0775e+00
180 0 +3.768272352e+02 +3.344672352e+02 +3.344672352e+02 +1.4184e-01 -8.8544e-01 +2.2043e+00 -3.1678e-01 +1.8784e+00
190 0 +1.964458079e+02 +1.540858079e+02 +1.540858079e+02 +7.1268e-01 -9.9970e-01 +2.3885e+00 -4.7781e-02 +2.3157e+00
207 0 +8.585073255e+01 +4.349073255e+01 +4.349073255e+01 +6.7311e-01 -9.6019e-01 +2.3953e+00 -1.3518e-01 +2.5212e+00
221 0 +3.953787310e+01 -2.822126902e+00 -2.822126902e+00 +6.7297e-01 -1.0430e+00 +2.4151e+00 -1.1656e-01 +2.4196e+00
228 0 +7.540528101e+00 -3.481947190e+01 -3.481947190e+01 +4.8894e-01 -9.9429e-01 +2.3958e+00 -2.5148e-01 +2.4179e+00
273 0 +4.935650395e+00 -3.742434961e+01 -3.742434961e+01 +5.8484e-01 -9.5358e-01 +2.3722e+00 -2.3025e-01 +2.5286e+00
291 0 +4.146985398e+00 -3.821301460e+01 -3.821301460e+01 +5.4351e-01 -9.3753e-01 +2.3122e+00 -2.5297e-01 +2.4676e+00
300 0 +3.426623586e+00 -3.893337641e+01 -3.893337641e+01 +6.5348e-01 -9.4979e-01 +2.3619e+00 -2.0300e-01 +2.5745e+00
308 0 +2.609307101e+00 -3.975069290e+01 -3.975069290e+01 +6.2540e-01 -9.5293e-01 +2.3476e+00 -2.0854e-01 +2.5258e+00
317 0 +1.492735923e+00 -4.086726408e+01 -4.086726408e+01 +6.0523e-01 -9.5754e-01 +2.3523e+00 -2.2989e-01 +2.5394e+00
346 0 +5.330233160e-01 -4.182697668e+01 -4.182697668e+01 +5.6958e-01 -9.4340e-01 +2.3320e+00 -2.5782e-01 +2.5321e+00
378 0 +3.228617580e-01 -4.203713824e+01 -4.203713824e+01 +5.4618e-01 -9.3229e-01 +2.3118e+00 -2.8583e-01 +2.5391e+00
448 0 +3.048203643e-01 -4.205517964e+01 -4.205517964e+01 +5.4490e-01 -9.3916e-01 +2.3209e+00 -2.7575e-01 +2.5211e+00
468 0 +3.019111732e-01 -4.205808883e+01 -4.205808883e+01 +5.4074e-01 -9.3863e-01 +2.3212e+00 -2.7881e-01 +2.5208e+00
485 0 +2.841088710e-01 -4.207589113e+01 -4.207589113e+01 +5.2515e-01 -9.4238e-01 +2.3238e+00 -2.8044e-01 +2.5003e+00
495 0 +2.790649386e-01 -4.208093506e+01 -4.208093506e+01 +5.2772e-01 -9.4094e-01 +2.3222e+00 -2.8020e-01 +2.5034e+00
503 0 +2.454331665e-01 -4.211456683e+01 -4.211456683e+01 +5.2011e-01 -9.4206e-01 +2.3255e+00 -2.8407e-01 +2.5020e+00
504 0 +2.454331665e-01 -4.211456683e+01 -4.211456683e+01 +5.2011e-01 -9.4206e-01 +2.3255e+00 -2.8407e-01 +2.5020e+00
% f evaluations | g evaluations | best noise-free fitness - Fopt (-7.187000000000e+01) + sum g_i+ | measured fitness | best measured fitness or single-digit g-values | x1 | x2...
1 0 +1.707553040e+05 +1.706834340e+05 +1.706834340e+05 +2.7361e-02 +3.2739e-01 -5.8410e-01 -4.1592e-01 -6.8898e-01
9 0 +1.609155687e+05 +1.608436987e+05 +1.608436987e+05 -4.0005e-01 +2.9808e-01 -5.4660e-01 -3.9098e-01 -4.5397e-01
26 0 +1.556788766e+05 +1.556070066e+05 +1.556070066e+05 -5.0662e-01 -1.7074e-01 -1.9848e-01 -7.0932e-01 -8.4762e-01
27 0 +8.420412166e+04 +8.413225166e+04 +8.413225166e+04 -1.1797e+00 +2.5537e-01 -1.3099e+00 -4.6478e-01 -9.7815e-01
35 0 +2.333177325e+04 +2.325990325e+04 +2.325990325e+04 -1.0314e+00 +9.3810e-01 -1.2135e+00 -9.3499e-01 -1.4682e+00
71 0 +2.255316100e+04 +2.248129100e+04 +2.248129100e+04 -2.1103e+00 +1.1783e+00 -1.5215e+00 -1.2644e+00 -2.2008e+00
73 0 +2.130415128e+04 +2.123228128e+04 +2.123228128e+04 -1.6471e+00 +9.1838e-01 -1.3635e+00 -1.4697e+00 -2.5718e+00
90 0 +1.357618707e+04 +1.350431707e+04 +1.350431707e+04 -3.9058e-01 +6.0281e-01 -2.0827e+00 -1.3412e+00 -1.9347e+00
97 0 +1.247482956e+04 +1.240295956e+04 +1.240295956e+04 -1.1909e+00 +1.3093e+00 -8.6513e-01 -1.8512e+00 -2.4897e+00
118 0 +1.197667129e+04 +1.190480129e+04 +1.190480129e+04 -2.3079e+00 +9.0927e-01 -6.8005e-01 -1.5340e+00 -2.5975e+00
127 0 +9.964846984e+03 +9.892976984e+03 +9.892976984e+03 -1.9362e+00 +4.8802e-01 -1.3894e+00 -1.1407e+00 -2.2902e+00
137 0 +7.764984994e+03 +7.693114994e+03 +7.693114994e+03 -1.4123e+00 -1.5395e-01 -6.6315e-01 -1.6470e+00 -2.7583e+00
147 0 +5.986731131e+03 +5.914861131e+03 +5.914861131e+03 -1.7195e+00 +3.8078e-01 -9.1049e-01 -1.5157e+00 -2.5401e+00
167 0 +1.805112083e+03 +1.733242083e+03 +1.733242083e+03 -2.1081e+00 -9.4932e-01 -6.5184e-01 -1.7216e+00 -3.1739e+00
186 0 +1.534723270e+03 +1.462853270e+03 +1.462853270e+03 -2.3507e+00 -8.4972e-01 -1.0803e-02 -1.9318e+00 -3.3858e+00
196 0 +1.100471008e+03 +1.028601008e+03 +1.028601008e+03 -2.7518e+00 -8.8219e-01 +7.7810e-02 -1.8711e+00 -3.5044e+00
209 0 +1.071864628e+03 +9.999946282e+02 +9.999946282e+02 -2.7199e+00 -4.9886e-01 +4.7823e-01 -2.0241e+00 -3.6029e+00
233 0 +4.505174742e+02 +3.786474742e+02 +3.786474742e+02 -2.3239e+00 -5.8448e-01 +3.1094e-01 -1.9552e+00 -3.3676e+00
245 0 +4.103927632e+02 +3.385227632e+02 +3.385227632e+02 -2.0608e+00 -1.4060e+00 +1.8322e-02 -2.0654e+00 -3.5595e+00
246 0 +1.367628035e+02 +6.489280348e+01 +6.489280348e+01 -2.7357e+00 -6.5400e-01 +9.2036e-01 -2.1089e+00 -3.6772e+00
302 0 +1.345593310e+02 +6.268933098e+01 +6.268933098e+01 -2.3382e+00 -1.0163e+00 +2.5265e-01 -1.9802e+00 -3.4723e+00
317 0 +1.133391104e+02 +4.146911038e+01 +4.146911038e+01 -2.3657e+00 -1.0163e+00 +3.3082e-01 -2.0253e+00 -3.5274e+00
319 0 +1.098117140e+02 +3.794171397e+01 +3.794171397e+01 -2.3074e+00 -1.1186e+00 +2.2878e-01 -1.9896e+00 -3.5012e+00
322 0 +9.522754931e+01 +2.335754931e+01 +2.335754931e+01 -2.4346e+00 -1.1348e+00 +2.9611e-01 -1.9999e+00 -3.5523e+00
326 0 +8.351634928e+01 +1.164634928e+01 +1.164634928e+01 -2.3771e+00 -1.2517e+00 +2.7643e-01 -2.0322e+00 -3.5932e+00
327 0 +7.612843841e+01 +4.258438407e+00 +4.258438407e+00 -2.3414e+00 -1.2641e+00 +2.2743e-01 -2.0120e+00 -3.5587e+00
336 0 +7.266200134e+01 +7.920013395e-01 +7.920013395e-01 -2.2470e+00 -1.4139e+00 +1.2113e-01 -2.0080e+00 -3.5491e+00
365 0 +5.296570207e+01 -1.890429793e+01 -1.890429793e+01 -2.3640e+00 -1.2313e+00 +3.0321e-01 -2.0262e+00 -3.5726e+00
390 0 +4.711999452e+01 -2.475000548e+01 -2.475000548e+01 -2.1679e+00 -1.3064e+00 +2.5673e-01 -2.0716e+00 -3.5559e+00
394 0 +3.991504803e+01 -3.195495197e+01 -3.195495197e+01 -2.0836e+00 -1.2950e+00 +2.3785e-01 -2.0752e+00 -3.5282e+00
401 0 +3.975902372e+01 -3.211097628e+01 -3.211097628e+01 -1.9845e+00 -1.2400e+00 +2.4101e-01 -2.0996e+00 -3.5036e+00
433 0 +3.865089408e+01 -3.321910592e+01 -3.321910592e+01 -2.1052e+00 -1.2648e+00 +3.0865e-01 -2.1051e+00 -3.5568e+00
449 0 +3.477359808e+01 -3.709640192e+01 -3.709640192e+01 -1.8879e+00 -1.0711e+00 +3.8023e-01 -2.1782e+00 -3.5070e+00
460 0 +3.235466934e+01 -3.951533066e+01 -3.951533066e+01 -1.8891e+00 -1.1198e+00 +3.8061e-01 -2.1813e+00 -3.5208e+00
478 0 +3.007855102e+01 -4.179144898e+01 -4.179144898e+01 -1.9247e+00 -1.0020e+00 +5.0122e-01 -2.2211e+00 -3.5494e+00
484 0 +2.905988427e+01 -4.281011573e+01 -4.281011573e+01 -1.6232e+00 -9.1192e-01 +5.2714e-01 -2.3122e+00 -3.5097e+00
504 0 +2.798704138e+01 -4.388295862e+01 -4.388295862e+01 -1.6921e+00 -9.9986e-01 +4.8359e-01 -2.2873e+00 -3.5269e+00
% f evaluations | g evaluations | best noise-free fitness - Fopt (-1.650000000000e+01) + sum g_i+ | measured fitness | best measured fitness or single-digit g-values | x1 | x2...
1 0 +7.461972302e+06 +7.461955802e+06 +7.461955802e+06 +2.7361e-02 +3.2739e-01 -5.8410e-01 -4.1592e-01 -6.8898e-01
2 0 +3.152752859e+06 +3.152736359e+06 +3.152736359e+06 +7.2295e-01 +5.1836e-01 +6.6138e-01 +2.3846e-01 +2.9294e-01
24 0 +2.504381483e+06 +2.504364983e+06 +2.504364983e+06 +1.1189e+00 +6.3167e-01 +1.7725e-01 +1.4449e-01 +2.4359e-01
26 0 +1.805682946e+06 +1.805666446e+06 +1.805666446e+06 +9.8693e-01 +8.1637e-01 +9.7599e-01 +9.0289e-03 +7.2927e-01
32 0 +1.730315252e+06 +1.730298752e+06 +1.730298752e+06 +7.5392e-01 +1.2379e+00 +6.8046e-01 +1.5707e-01 +6.3501e-01
34 0 +1.229326469e+06 +1.229309969e+06 +1.229309969e+06 +6.3646e-01 +1.3781e+00 +1.3800e+00 +2.3806e-01 +8.0093e-01
39 0 +8.334531219e+05 +8.334366219e+05 +8.334366219e+05 +9.2380e-01 +1.5724e+00 +1.1424e+00 +1.1693e+00 +2.3861e-01
40 0 +7.557554589e+05 +7.557389589e+05 +7.557389589e+05 +1.6291e+00 +1.7041e+00 +1.3519e+00 +8.8327e-01 +3.5379e-01
41 0 +6.551042158e+05 +6.550877158e+05 +6.550877158e+05 +1.0190e+00 +1.8766e+00 +1.5362e+00 +1.0326e+00 +3.9834e-01
50 0 +4.339755498e+05 +4.339590498e+05 +4.339590498e+05 +1.0203e+00 +2.2581e+00 +1.9027e+00 +9.3094e-01 -8.3366e-01
63 0 +1.852756950e+05 +1.852591950e+05 +1.852591950e+05 -4.2236e-01 +4.8853e+00 +3.1200e+00 +5.1299e-01 -5.7944e-01
67 0 +9.800715431e+04 +9.799065431e+04 +9.799065431e+04 -4.7353e-01 +3.6179e+00 +4.0254e+00 -8.0201e-03 +1.0766e+00
89 0 +4.062407035e+04 +4.060757035e+04 +4.060757035e+04 +1.3748e-01 +5.6139e+00 +3.4392e+00 -2.1150e+00 +2.6978e-01
92 0 +3.680886656e+04 +3.679236656e+04 +3.679236656e+04 -8.7132e-01 +4.6975e+00 +4.0175e+00 -2.0881e-01 +1.9652e-01
97 0 +9.274261689e+03 +9.257761689e+03 +9.257761689e+03 -1.3369e-01 +5.8738e+00 +2.5061e+00 -1.3531e+00 -1.9244e+00
101 0 +6.650616313e+03 +6.634116313e+03 +6.634116313e+03 -8.8705e-01 +5.2383e+00 +4.6520e+00 -9.1873e-01 +4.1503e-01
175 0 +5.390758058e+03 +5.374258058e+03 +5.374258058e+03 -3.8346e-01 +5.0601e+00 +4.0511e+00 -1.2039e+00 -2.4698e-01
182 0 +3.507214607e+03 +3.490714607e+03 +3.490714607e+03 -6.8952e-01 +5.3281e+00 +4.1558e+00 -1.0302e+00 -1.0817e-01
183 0 +7.116488317e+02 +6.951488317e+02 +6.951488317e+02 -5.4689e-01 +5.7275e+00 +3.6030e+00 -1.2413e+00 -6.0956e-01
277 0 +4.451719401e+02 +4.286719401e+02 +4.286719401e+02 +2.4523e-01 +5.2903e+00 +3.4629e+00 -2.0941e+00 -4.3962e-01
291 0 +2.950248105e+02 +2.785248105e+02 +2.785248105e+02 +3.0423e-01 +5.2168e+00 +3.2976e+00 -1.9137e+00 -7.9957e-01
294 0 +2.788717349e+02 +2.623717349e+02 +2.623717349e+02 +2.9305e-01 +5.4937e+00 +3.0331e+00 -2.2377e+00 -4.9183e-01
303 0 +2.653852466e+02 +2.488852466e+02 +2.488852466e+02 +2.9568e-01 +5.3760e+00 +3.2450e+00 -2.1508e+00 -5.3476e-01
322 0 +2.179196547e+02 +2.014196547e+02 +2.014196547e+02 +2.0084e-01 +5.3756e+00 +3.3462e+00 -2.1341e+00 -3.6046e-01
328 0 +2.077940500e+02 +1.912940500e+02 +1.912940500e+02 +3.0000e-01 +5.3446e+00 +3.2735e+00 -2.0864e+00 -6.6253e-01
331 0 +2.000279975e+02 +1.835279975e+02 +1.835279975e+02 +3.5085e-01 +5.1862e+00 +3.3905e+00 -2.1208e+00 -4.8065e-01
334 0 +1.632512879e+02 +1.467512879e+02 +1.467512879e+02 +4.4061e-01 +5.1682e+00 +3.3487e+00 -2.2087e+00 -5.4420e-01
336 0 +1.303802450e+02 +1.138802450e+02 +1.138802450e+02 +3.1509e-01 +5.4052e+00 +3.2029e+00 -2.1764e+00 -6.4769e-01
346 0 +1.198800855e+02 +1.033800855e+02 +1.033800855e+02 +3.7186e-01 +5.3312e+00 +3.1998e+00 -2.1923e+00 -6.2786e-01
357 0 +9.191517406e+01 +7.541517406e+01 +7.541517406e+01 +3.0131e-01 +5.3749e+00 +3.2190e+00 -2.1008e+00 -7.2007e-01
362 0 +9.063312845e+01 +7.413312845e+01 +7.413312845e+01 +3.7047e-01 +5.3019e+00 +3.2058e+00 -2.0749e+00 -8.5220e-01
401 0 +8.743650650e+01 +7.093650650e+01 +7.093650650e+01 +3.2364e-01 +5.3126e+00 +3.2503e+00 -2.0497e+00 -8.0488e-01
403 0 +8.486963329e+01 +6.836963329e+01 +6.836963329e+01 +3.2726e-01 +5.3318e+00 +3.2335e+00 -2.0691e+00 -8.0589e-01
433 0 +8.311306862e+01 +6.661306862e+01 +6.661306862e+01 +3.3503e-01 +5.3216e+00 +3.2261e+00 -2.0515e+00 -8.4634e-01
503 0 +8.073787041e+01 +6.423787041e+01 +6.423787041e+01 +3.5550e-01 +5.2873e+00 +3.2366e+00 -1.9998e+00 -9.7503e-01
504 0 +8.073787041e+01 +6.423787041e+01 +6.423787041e+01 +3.5550e-01 +5.2873e+00 +3.2366e+00 -1.9998e+00 -9.7503e-01
% f evaluations | g evaluations | best noise-free fitness - Fopt (1.000000000000e+03) + sum g_i+ | measured fitness | best measured fitness or single-digit g-values | x1 | x2...
1 0 +6.854980436e+06 +6.855980436e+06 +6.855980436e+06 +2.7361e-02 +3.2739e-01 -5.8410e-01 -4.1592e-01 -6.8898e-01
3 0 +6.616978289e+06 +6.617978289e+06 +6.617978289e+06 -3.5503e-01 +5.7491e-01 -3.3700e-01 -1.9922e-01 -1.1351e-01
9 0 +6.294811705e+06 +6.295811705e+06 +6.295811705e+06 -4.6583e-01 +4.1643e-01 -3.1102e-01 -3.0282e-01 -1.4951e-01
13 0 +5.373932920e+06 +5.374932920e+06 +5.374932920e+06 +4.3079e-03 +7.2359e-01 +1.1721e-01 -5.1701e-01 -1.8699e-02
14 0 +4.843013999e+06 +4.844013999e+06 +4.844013999e+06 +1.8204e-01 -1.1572e-01 -6.0470e-01 -1.0848e+00 -9.7530e-02
19 0 +1.600474976e+06 +1.601474976e+06 +1.601474976e+06 +2.3448e-01 +4.5285e-01 -1.6535e-01 -2.1024e+00 -7.4121e-01
32 0 +4.377188271e+05 +4.387188271e+05 +4.387188271e+05 +4.7467e-01 +9.0418e-01 -2.4973e-01 -2.4044e+00 +7.4820e-01
35 0 +3.144372529e+04 +3.244372529e+04 +3.244372529e+04 +1.1646e+00 +1.0696e+00 -8.9287e-01 -3.2789e+00 +7.2527e-01
102 0 +2.668685754e+04 +2.768685754e+04 +2.768685754e+04 +2.1421e-01 +9.2335e-01 -9.6264e-01 -2.8775e+00 +1.8281e+00
106 0 +7.365068085e+03 +8.365068085e+03 +8.365068085e+03 +2.9144e-01 -7.4766e-01 -8.6290e-01 -3.5220e+00 +2.8709e+00
113 0 +4.935385712e+03 +5.935385712e+03 +5.935385712e+03 -4.9945e-01 +1.4006e+00 -4.4441e-01 -2.4987e+00 +3.0581e+00
138 0 +2.758480792e+03 +3.758480792e+03 +3.758480792e+03 -7.8439e-01 +1.9219e+00 +3.8010e-01 -2.1944e+00 +3.0367e+00
158 0 +7.520964097e+02 +1.752096410e+03 +1.752096410e+03 -9.2063e-01 +2.6380e+00 -1.2532e-01 -1.9991e+00 +2.6243e+00
206 0 +4.931123385e+02 +1.493112339e+03 +1.493112339e+03 -9.3790e-01 +2.1871e+00 -4.6545e-01 -2.1280e+00 +2.8625e+00
268 0 +3.984169771e+02 +1.398416977e+03 +1.398416977e+03 -5.5268e-01 +2.5440e+00 -3.2308e-01 -2.1482e+00 +2.5293e+00
281 0 +3.717801376e+02 +1.371780138e+03 +1.371780138e+03 -6.0760e-01 +2.3559e+00 -4.0741e-01 -2.1997e+00 +2.5144e+00
302 0 +1.981302864e+02 +1.198130286e+03 +1.198130286e+03 -6.7608e-01 +2.5404e+00 -5.3545e-01 -2.1228e+00 +2.5481e+00
317 0 +1.872476157e+02 +1.187247616e+03 +1.187247616e+03 -6.8267e-01 +2.5012e+00 -5.0923e-01 -2.1284e+00 +2.5420e+00
323 0 +1.264175698e+02 +1.126417570e+03 +1.126417570e+03 -5.5253e-01 +2.6615e+00 -5.4684e-01 -2.1142e+00 +2.4931e+00
371 0 +9.555565339e+01 +1.095555653e+03 +1.095555653e+03 -5.8104e-01 +2.9266e+00 -5.6572e-01 -2.0167e+00 +2.4282e+00
391 0 +9.348307553e+01 +1.093483076e+03 +1.093483076e+03 -4.6673e-01 +2.8712e+00 -5.8856e-01 -2.0723e+00 +2.4112e+00
398 0 +9.324019519e+01 +1.093240195e+03 +1.093240195e+03 -5.5827e-01 +2.7436e+00 -6.4436e-01 -2.0883e+00 +2.4671e+00
400 0 +8.715998596e+01 +1.087159986e+03 +1.087159986e+03 -4.2968e-01 +3.1273e+00 -6.2558e-01 -2.0001e+00 +2.3264e+00
445 0 +8.410550002e+01 +1.084105500e+03 +1.084105500e+03 -4.0915e-01 +3.0780e+00 -5.8446e-01 -2.0211e+00 +2.3388e+00
451 0 +8.316233288e+01 +1.083162333e+03 +1.083162333e+03 -4.1318e-01 +2.9074e+00 -6.3313e-01 -2.0816e+00 +2.3470e+00
460 0 +8.015916752e+01 +1.080159168e+03 +1.080159168e+03 -4.2050e-01 +2.9917e+00 -6.4873e-01 -2.0512e+00 +2.3453e+00
503 0 +7.930041814e+01 +1.079300418e+03 +1.079300418e+03 -3.9782e-01 +2.9949e+00 -6.2685e-01 -2.0568e+00 +2.3301e+00
504 0 +7.930041814e+01 +1.079300418e+03 +1.079300418e+03 -3.9782e-01 +2.9949e+00 -6.2685e-01 -2.0568e+00 +2.3301e+00
% f evaluations | g evaluations | best noise-free fitness - Fopt (-1.000000000000e+03) + sum g_i+ | measured fitness | best measured fitness or single-digit g-values | x1 | x2...
1 0 +2.487106668e+05 +2.477106668e+05 +2.477106668e+05 +2.7361e-02 +3.2739e-01 -5.8410e-01 -4.1592e-01 -6.8898e-01
3 0 +2.418995994e+05 +2.408995994e+05 +2.408995994e+05 -3.5503e-01 +5.7491e-01 -3.3700e-01 -1.9922e-01 -1.1351e-01
4 0 +1.824834834e+05 +1.814834834e+05 +1.814834834e+05 -2.3748e-01 +2.5787e-01 -6.9238e-02 -1.9699e-02 -6.2593e-02
8 0 +1.753580110e+05 +1.743580110e+05 +1.743580110e+05 -1.6247e-01 +1.4236e-01 -3.4938e-01 -1.5028e-01 -1.2257e-01
18 0 +1.578096800e+05 +1.568096800e+05 +1.568096800e+05 -3.3660e-01 -1.5711e-01 -3.6942e-01 -1.7548e-01 +3.1060e-01
30 0 +1.288477117e+05 +1.278477117e+05 +1.278477117e+05 +1.7062e-01 -6.4545e-01 -3.4149e-01 +1.9353e-01 +4.8440e-01
54 0 +1.007694387e+05 +9.976943871e+04 +9.976943871e+04 -1.7897e-01 -1.0206e+00 -6.8535e-01 +1.0789e-02 +3.2311e-01
58 0 +7.503307226e+04 +7.403307226e+04 +7.403307226e+04 -1.4671e-01 -1.3345e+00 -1.0772e+00 +4.2398e-01 +2.1216e-01
60 0 +6.143504649e+04 +6.043504649e+04 +6.043504649e+04 -4.5049e-01 -7.9376e-01 -9.7559e-01 +4.6796e-01 +1.5876e-01
66 0 +4.534114565e+04 +4.434114565e+04 +4.434114565e+04 -7.3229e-01 -9.0727e-01 -6.6135e-01 +2.2132e-01 +5.0279e-01
71 0 +3.796426563e+04 +3.696426563e+04 +3.696426563e+04 -9.6721e-01 -1.2999e+00 -1.5162e+00 +7.4722e-01 +3.8598e-01
82 0 +1.244628477e+04 +1.144628477e+04 +1.144628477e+04 -1.3290e+00 -1.6520e+00 -2.1463e+00 +1.5693e+00 +2.9745e-02
87 0 +3.996789584e+03 +2.996789584e+03 +2.996789584e+03 -4.9542e-01 -2.1433e+00 -1.4804e+00 +8.3935e-01 +7.0233e-01
134 0 +2.764880810e+03 +1.764880810e+03 +1.764880810e+03 -9.5686e-01 -1.6277e+00 -1.8983e+00 +1.4614e+00 +1.2798e-01
142 0 +1.987797243e+03 +9.877972428e+02 +9.877972428e+02 -1.7499e+00 -8.5204e-01 -2.1603e+00 +1.0704e+00 -6.7877e-01
158 0 +1.939287458e+03 +9.392874582e+02 +9.392874582e+02 -1.0553e+00 -1.5168e+00 -1.9877e+00 +9.5867e-01 -6.4172e-02
166 0 +1.315369178e+03 +3.153691781e+02 +3.153691781e+02 -1.6082e+00 -1.1386e+00 -2.0872e+00 +7.0667e-01 -4.3559e-01
209 0 +1.122393089e+03 +1.223930892e+02 +1.223930892e+02 -1.4416e+00 -1.3791e+00 -1.8485e+00 +5.2980e-01 -1.0280e-01
224 0 +9.706980326e+02 -2.930196739e+01 -2.930196739e+01 -1.5135e+00 -1.3922e+00 -1.8981e+00 +3.9413e-01 -1.2538e-01
243 0 +7.049065015e+02 -2.950934985e+02 -2.950934985e+02 -1.6616e+00 -1.3586e+00 -1.6780e+00 +4.6919e-01 +3.8813e-02
253 0 +6.338677396e+02 -3.661322604e+02 -3.661322604e+02 -1.5958e+00 -1.4577e+00 -1.6659e+00 +3.4160e-01 +9.6703e-02
273 0 +5.970086277e+02 -4.029913723e+02 -4.029913723e+02 -1.6819e+00 -1.4088e+00 -1.3410e+00 +3.9554e-01 +3.3736e-01
305 0 +5.749204182e+02 -4.250795818e+02 -4.250795818e+02 -1.2428e+00 -1.7431e+00 -1.4940e+00 +4.6783e-01 +4.5129e-01
308 0 +5.525831852e+02 -4.474168148e+02 -4.474168148e+02 -1.2019e+00 -1.9524e+00 -1.3833e+00 +3.7212e-01 +6.9189e-01
328 0 +4.912861479e+02 -5.087138521e+02 -5.087138521e+02 -1.0939e+00 -2.0546e+00 -1.4963e+00 +2.3581e-01 +6.7900e-01
331 0 +4.660295070e+02 -5.339704930e+02 -5.339704930e+02 -1.3776e+00 -1.7996e+00 -1.3156e+00 +2.1524e-01 +6.3191e-01
336 0 +4.044714473e+02 -5.955285527e+02 -5.955285527e+02 -9.3825e-01 -2.1785e+00 -1.3561e+00 +3.4970e-01 +8.8167e-01
358 0 +3.765266999e+02 -6.234733001e+02 -6.234733001e+02 -8.3761e-01 -2.3173e+00 -1.3073e+00 +2.2559e-01 +9.9923e-01
377 0 +3.350665066e+02 -6.649334934e+02 -6.649334934e+02 -7.6811e-01 -2.4052e+00 -1.2992e+00 +2.3808e-01 +1.0732e+00
385 0 +3.293723809e+02 -6.706276191e+02 -6.706276191e+02 -6.2842e-01 -2.5770e+00 -1.2950e+00 +2.1940e-01 +1.1951e+00
392 0 +3.016851049e+02 -6.983148951e+02 -6.983148951e+02 -5.2583e-01 -2.6457e+00 -1.2532e+00 +1.9404e-01 +1.2798e+00
393 0 +2.748107686e+02 -7.251892314e+02 -7.251892314e+02 -5.0056e-01 -2.8139e+00 -1.2879e+00 +3.3867e-02 +1.3578e+00
399 0 +2.595602060e+02 -7.404397940e+02 -7.404397940e+02 -5.6117e-01 -2.6886e+00 -1.2174e+00 +1.0303e-01 +1.3420e+00
422 0 +2.178144084e+02 -7.821855916e+02 -7.821855916e+02 -3.6226e-01 -2.9747e+00 -1.1804e+00 -2.6473e-03 +1.5639e+00
432 0 +1.951694089e+02 -8.048305911e+02 -8.048305911e+02 -2.0465e-01 -3.0882e+00 -1.1900e+00 +5.1362e-02 +1.6477e+00
442 0 +1.252542110e+02 -8.747457890e+02 -8.747457890e+02 +5.4167e-01 -3.9004e+00 -1.1298e+00 -2.8581e-02 +2.2708e+00
449 0 +8.388521445e+01 -9.161147855e+02 -9.161147855e+02 +1.1087e+00 -4.5562e+00 -9.9582e-01 -1.4402e-01 +2.8488e+00
460 0 +7.089250742e+01 -9.291074926e+02 -9.291074926e+02 +9.7808e-01 -4.4428e+00 -1.0718e+00 -1.8209e-01 +2.7002e+00
462 0 +4.942517240e+01 -9.505748276e+02 -9.505748276e+02 +1.6060e+00 -5.1703e+00 -9.3770e-01 -3.4953e-01 +3.3205e+00
493 0 +3.869392863e+01 -9.613060714e+02 -9.613060714e+02 +2.1638e+00 -5.9803e+00 -8.5876e-01 -7.2194e-01 +3.9359e+00
504 0 +3.869392863e+01 -9.613060714e+02 -9.613060714e+02 +2.1638e+00 -5.9803e+00 -8.5876e-01 -7.2194e-01 +3.9359e+00
% f evaluations | g evaluations | best noise-free fitness - Fopt (-1.527400000000e+02) + sum g_i+ | measured fitness | best measured fitness or single-digit g-values | x1 | x2...
1 0 +8.142985302e+06 +8.142832562e+06 +8.142832562e+06 +2.7361e-02 +3.2739e-01 -5.8410e-01 -4.1592e-01 -6.8898e-01
3 0 +7.025743883e+06 +7.025591143e+06 +7.025591143e+06 -3.5503e-01 +5.7491e-01 -3.3700e-01 -1.9922e-01 -1.1351e-01
9 0 +6.425184353e+06 +6.425031613e+06 +6.425031613e+06 -4.6756e-01 +3.4062e-01 -2.0980e-01 -2.0888e-01 +2.2774e-02
14 0 +4.097847824e+06 +4.097695084e+06 +4.097695084e+06 +1.8596e-01 +1.2623e-01 -5.2051e-01 -9.8779e-01 +5.6409e-02
19 0 +3.461232395e+06 +3.461079655e+06 +3.461079655e+06 -9.9529e-02 +1.1171e+00 -6.8036e-01 -1.5574e+00 -7.2258e-01
25 0 +2.439841648e+06 +2.439688908e+06 +2.439688908e+06 -7.7750e-01 +2.1796e-01 -1.3782e+00 -8.9366e-01 +2.1483e-01
33 0 +7.718300810e+05 +7.716773410e+05 +7.716773410e+05 -9.7248e-01 -1.6745e-01 -2.0641e+00 -1.4115e+00 +7.8939e-01
41 0 +7.246108589e+05 +7.244581189e+05 +7.244581189e+05 -7.1563e-01 +1.3243e-01 -1.7046e+00 -1.7592e+00 +6.0302e-01
49 0 +3.893621080e+05 +3.892093680e+05 +3.892093680e+05 -1.7362e+00 -3.0118e-01 -1.6407e+00 -2.0117e+00 +3.6326e-01
51 0 +1.395230992e+05 +1.393703592e+05 +1.393703592e+05 -7.2554e-02 +1.2501e+00 -1.6612e+00 -2.9714e+00 +3.5938e-01
57 0 +1.120528400e+05 +1.119001000e+05 +1.119001000e+05 -7.4997e-01 +9.2803e-01 -1.5018e+00 -3.7132e+00 -6.1357e-01
65 0 +6.893891792e+04 +6.878617792e+04 +6.878617792e+04 -1.4255e+00 +1.4696e+00 -2.0611e+00 -3.2127e+00 -4.6452e-01
66 0 +3.263188527e+04 +3.247914527e+04 +3.247914527e+04 -8.7918e-01 +1.8877e+00 -2.2944e+00 -2.9785e+00 +3.6126e-01
69 0 +2.394464562e+04 +2.379190562e+04 +2.379190562e+04 -7.0936e-01 +1.4760e+00 -3.3217e+00 -3.8688e+00 -1.0416e+00
75 0 +1.578242008e+04 +1.562968008e+04 +1.562968008e+04 -9.5780e-01 +2.8695e+00 -2.6408e+00 -4.1593e+00 -1.5192e+00
154 0 +7.242114538e+03 +7.089374538e+03 +7.089374538e+03 -1.9422e+00 +3.5124e+00 -2.5046e+00 -4.4415e+00 -2.4391e+00
161 0 +3.407805478e+03 +3.255065478e+03 +3.255065478e+03 -1.6411e+00 +4.3079e+00 -1.1731e+00 -5.6679e+00 -3.7711e+00
221 0 +1.804997124e+03 +1.652257124e+03 +1.652257124e+03 -2.3009e+00 +2.2354e+00 -3.5072e+00 -5.9340e+00 -4.5670e+00
236 0 +4.109611519e+02 +2.582211519e+02 +2.582211519e+02 -9.7454e-01 +3.0434e+00 -2.4628e+00 -6.7708e+00 -4.7887e+00
281 0 +1.737381888e+02 +2.099818881e+01 +2.099818881e+01 -4.9102e-01 +2.1049e+00 -3.0703e+00 -6.6509e+00 -4.2935e+00
303 0 +1.571636013e+02 +4.423601344e+00 +4.423601344e+00 -7.3229e-01 +2.5341e+00 -2.8721e+00 -6.6481e+00 -4.4669e+00
308 0 +4.468431598e+01 -1.080556840e+02 -1.080556840e+02 -6.3272e-01 +2.3460e+00 -2.9326e+00 -6.6042e+00 -4.3430e+00
392 0 +3.375605267e+01 -1.189839473e+02 -1.189839473e+02 -1.0393e+00 +2.5849e+00 -2.8203e+00 -6.5141e+00 -4.4840e+00
416 0 +1.985362543e+01 -1.328863746e+02 -1.328863746e+02 -1.1118e+00 +2.3825e+00 -3.0596e+00 -6.1410e+00 -4.0443e+00
493 0 +1.703912773e+01 -1.357008723e+02 -1.357008723e+02 -1.1339e+00 +2.3464e+00 -3.1153e+00 -6.1124e+00 -4.0239e+00
504 0 +1.703912773e+01 -1.357008723e+02 -1.357008723e+02 -1.1339e+00 +2.3464e+00 -3.1153e+00 -6.1124e+00 -4.0239e+00
