% f evaluations | g evaluations | best noise-free fitness - Fopt (-9.210000000000e+00) + sum g_i+ | measured fitness | best measured fitness or single-digit g-values | x1 | x2...
1 0 +2.026575949e+02 +1.934475949e+02 +1.934475949e+02 -2.6111e-01 -3.4499e-01 -1.0129e-01 +5.6738e-02 +1.6883e-01 -1.6703e-01 -1.3645e-01 +1.5751e-01 +2.7791e-01 -1.0508e-01
2 0 +1.978057969e+02 +1.885957969e+02 +1.885957969e+02 +1.2849e-02 -7.4756e-02 +2.5428e-01 +3.3687e-01 -2.1858e-01 -3.1936e-01 -5.0276e-02 -2.8525e-02 +5.2223e-01 -2.3760e-01
11 0 +1.937505066e+02 +1.845405066e+02 +1.845405066e+02 -8.3446e-02 +8.4901e-02 -3.1987e-01 -6.7128e-02 +1.4259e-02 +4.0615e-02 +1.4728e-01 +1.1254e-01 +7.0839e-01 -4.2998e-01
26 0 +1.893643601e+02 +1.801543601e+02 +1.801543601e+02 +5.5310e-01 -1.4591e-01 +2.3680e-01 -2.9620e-01 +9.5444e-02 -7.0015e-01 +1.5677e-01 +6.3535e-01 +1.2521e+00 -3.4129e-01
31 0 +1.856403155e+02 +1.764303155e+02 +1.764303155e+02 +7.0159e-01 +3.5565e-01 +1.0908e-01 +9.6127e-02 +5.3510e-02 -2.2223e-01 +1.1679e+00 +4.9971e-01 +1.0701e+00 -1.4025e-01
42 0 +1.762293338e+02 +1.670193338e+02 +1.670193338e+02 +6.7155e-01 +1.9287e-01 -2.5745e-02 -1.3113e-01 -9.7882e-02 -8.4669e-02 +2.8713e-01 +1.1197e+00 +1.6699e+00 -6.5807e-01
55 0 +1.723135209e+02 +1.631035209e+02 +1.631035209e+02 +6.7663e-01 -6.3014e-01 -2.1029e-01 -4.4939e-01 -2.1476e-01 -2.3774e-01 +3.8673e-01 +7.0923e-01 +2.0498e+00 -1.1830e+00
65 0 +1.664380175e+02 +1.572280175e+02 +1.572280175e+02 +1.3099e+00 -3.9632e-01 -2.3122e-01 -5.8402e-02 -1.0001e+00 -7.2421e-01 -6.2134e-01 +1.1344e+00 +2.5140e+00 -1.4061e+00
66 0 +1.599769588e+02 +1.507669588e+02 +1.507669588e+02 +1.0715e+00 +2.4288e-01 +1.8908e-01 -3.8378e-01 +2.9916e-01 +2.0670e-01 +5.6516e-01 +1.8149e+00 +2.4856e+00 -1.0838e+00
70 0 +1.474340050e+02 +1.382240050e+02 +1.382240050e+02 +7.7369e-01 +7.3719e-01 +4.5394e-01 +5.6149e-01 -7.6645e-01 +2.7272e-01 +9.2711e-01 +1.1974e+00 +3.3815e+00 -1.2445e+00
72 0 +1.418441302e+02 +1.326341302e+02 +1.326341302e+02 +1.1203e+00 +5.7293e-01 +4.4685e-01 +5.8738e-01 -1.3140e+00 -4.2118e-01 +8.2473e-01 +1.2740e+00 +3.4393e+00 -1.8395e+00
81 0 +1.349930266e+02 +1.257830266e+02 +1.257830266e+02 +1.4941e+00 +6.0869e-01 +2.1646e-01 -9.3715e-01 -8.5033e-01 -1.2794e+00 +4.1664e-01 +1.8260e+00 +4.2107e+00 -2.5482e+00
82 0 +1.180879713e+02 +1.088779713e+02 +1.088779713e+02 +7.6276e-01 +2.3599e-01 -1.3124e-01 +4.0221e-01 -1.0859e+00 -1.2755e+00 +1.2553e+00 +1.1026e+00 +5.2098e+00 -3.4957e+00
85 0 +1.147566902e+02 +1.055466902e+02 +1.055466902e+02 +1.4452e+00 +4.3308e-01 -2.2529e-02 +6.2043e-01 -1.6834e+00 -5.4491e-01 +9.1297e-01 +2.2269e+00 +4.7686e+00 -2.9052e+00
100 0 +9.450447400e+01 +8.529447400e+01 +8.529447400e+01 +2.3995e+00 +2.3464e+00 +6.3583e-01 +2.4729e-02 -1.8991e+00 -7.1917e-01 +2.0989e+00 +3.2693e+00 +4.8052e+00 -3.4053e+00
106 0 +9.127147198e+01 +8.206147198e+01 +8.206147198e+01 +1.9248e+00 +1.8356e+00 +2.1319e+00 +6.0498e-01 -1.1690e+00 +1.5313e-01 +1.1913e+00 +2.6803e+00 +4.7993e+00 -4.1361e+00
110 0 +8.236729236e+01 +7.315729236e+01 +7.315729236e+01 +1.8051e+00 +2.1802e+00 -3.1587e+00 +1.1833e+00 -1.0415e+00 +3.1836e-01 +5.6805e+00 +4.2463e+00 +3.7583e+00 -3.8274e+00
112 0 +7.016855805e+01 +6.095855805e+01 +6.095855805e+01 +4.4858e+00 +3.0334e+00 +1.8308e+00 -8.7904e-01 +1.6037e+00 +1.0963e+00 +3.5878e+00 +5.9084e+00 +9.5362e+00 -3.9797e+00
125 0 +5.939287350e+01 +5.018287350e+01 +5.018287350e+01 +3.4081e+00 +7.9744e+00 +4.2393e+00 +1.0208e+00 +7.0970e-01 -9.6731e-01 +9.2526e+00 +5.9442e+00 +8.1401e+00 -3.9374e+00
132 0 +5.634551251e+01 +4.713551251e+01 +4.713551251e+01 +4.4222e+00 +1.8747e+00 -1.3034e+00 +1.3438e-02 +9.9507e-02 +2.6296e+00 +4.8717e+00 +3.8041e+00 +5.6568e+00 -6.4707e+00
133 0 +3.786206299e+01 +2.865206299e+01 +2.865206299e+01 +6.0836e+00 +1.0182e+01 -8.5465e-01 -5.3504e-01 -3.0758e+00 +1.9902e+00 +7.4362e+00 +7.8106e+00 +7.2780e+00 -5.5478e+00
141 0 +2.187644800e+01 +1.266644800e+01 +1.266644800e+01 +7.3723e+00 +7.1520e+00 -2.3121e+00 +1.4385e+00 -5.9265e+00 +7.8720e+00 +4.5678e+00 +7.9642e+00 +1.1864e+01 -6.0149e+00
152 0 +1.560236356e+01 +6.392363558e+00 +6.392363558e+00 +6.1256e+00 +6.5248e+00 +4.2984e+00 +1.9076e+00 -3.6419e+00 +3.8896e+00 +6.4378e+00 +1.1590e+01 +1.0151e+01 -6.0939e+00
169 0 +7.913251148e+00 -1.296748852e+00 -1.296748852e+00 +1.0189e+01 +5.4945e+00 +4.4323e+00 +1.9863e+00 -7.0056e+00 +4.8683e+00 +5.7397e+00 +1.0170e+01 +1.2775e+01 -1.1490e+01
174 0 +7.316277311e+00 -1.893722689e+00 -1.893722689e+00 +1.1921e+01 +1.3300e+01 +1.3051e+01 +1.6041e+00 -5.8834e+00 +5.3472e+00 +6.5509e+00 +1.2624e+01 +1.8021e+01 -7.4164e+00
177 0 +6.879096197e+00 -2.330903803e+00 -2.330903803e+00 +6.5976e-01 +7.7005e+00 +1.2386e+01 +3.8216e+00 -5.6647e+00 +5.1823e+00 +1.1123e+01 +1.2283e+01 +8.3432e+00 -1.0179e+01
191 0 +6.638595546e+00 -2.571404454e+00 -2.571404454e+00 +8.8725e+00 +1.3366e+01 +1.5138e+01 +1.0457e+01 -2.6142e+00 +9.2577e+00 +1.0441e+01 +1.0156e+01 +6.0279e+00 -1.2896e+01
202 0 +4.886328652e+00 -4.323671348e+00 -4.323671348e+00 +1.5169e+01 +1.3702e+01 +2.2849e+01 +2.7320e+00 -1.2699e+01 +9.5545e+00 +1.3048e+01 +1.8713e+01 +2.2226e+01 -2.4394e+01
204 0 +3.554716598e+00 -5.655283402e+00 -5.655283402e+00 +3.6675e+00 +1.7863e+01 +1.1427e+01 +6.9095e+00 -7.8827e+00 +4.3816e+00 +1.5818e+01 +1.0409e+01 +9.6584e+00 -9.8935e+00
212 0 +1.985422997e+00 -7.224577003e+00 -7.224577003e+00 +3.0146e+00 +1.2019e+01 +7.3806e+00 +1.2863e+01 -1.1166e+01 +8.4145e+00 +1.2514e+01 +1.3365e+01 +1.6243e+01 -1.4010e+01
213 0 +7.688986894e-01 -8.441101311e+00 -8.441101311e+00 +1.4973e+01 +9.8425e+00 +1.2259e+01 +9.4212e+00 -4.7237e+00 +9.1406e+00 +1.8001e+01 +2.1392e+01 +1.3553e+01 -8.2960e+00
214 0 +3.591896829e-01 -8.850810317e+00 -8.850810317e+00 +2.0742e+01 +1.0423e+01 +1.2704e+01 +5.3976e+00 -4.8709e+00 +6.8104e+00 +1.6792e+01 +2.1903e+01 +2.7441e+01 -1.5561e+01
217 0 +0.000000000e+00 -9.210000000e+00 -9.210000000e+00 +1.7625e+01 +7.8224e+00 +1.6318e+01 +8.3291e+00 -7.6762e+00 +8.7954e+00 +8.1512e+00 +1.0760e+01 +1.0253e+01 -1.6670e+01
1000 0 +0.000000000e+00 -9.210000000e+00 -9.210000000e+00 +1.7625e+01 +7.8224e+00 +1.6318e+01 +8.3291e+00 -7.6762e+00 +8.7954e+00 +8.1512e+00 +1.0760e+01 +1.0253e+01 -1.6670e+01
% f evaluations | g evaluations | best noise-free fitness - Fopt (6.559900000000e+02) + sum g_i+ | measured fitness | best measured fitness or single-digit g-values | x1 | x2...
1 0 +1.988319641e+02 +8.548219641e+02 +8.548219641e+02 -1.6882e-01 -2.1618e-01 -4.2841e-01 -6.7237e-03 +3.9164e-01 +1.5359e-01 -2.6300e-01 +2.4726e-01 +2.5364e-01 -5.6077e-01
12 0 +1.974501813e+02 +8.534401813e+02 +8.534401813e+02 -3.1674e-02 +5.2992e-02 -2.1041e-01 -1.4753e-02 +2.0013e-02 +2.9163e-01 +1.1027e-01 +4.7079e-01 -8.5494e-02 -4.8097e-01
14 0 +1.913053110e+02 +8.472953110e+02 +8.472953110e+02 -5.9219e-02 +1.4896e-01 -2.4821e-01 -3.3818e-01 -1.5449e-01 -1.5941e-01 -3.3165e-01 +3.0800e-01 +1.4369e-01 -1.0332e+00
21 0 +1.894899853e+02 +8.454799853e+02 +8.454799853e+02 -2.5756e-01 +1.1498e-01 -8.3099e-01 +1.3964e-01 +1.9632e-01 -3.5957e-01 -4.2843e-01 +4.6492e-01 -8.4286e-02 -7.4024e-01
22 0 +1.850133348e+02 +8.410033348e+02 +8.410033348e+02 -1.3963e-01 -4.4268e-01 -2.2344e-02 -3.7958e-01 -2.8288e-01 -2.5944e-01 -5.7701e-01 +2.3821e-01 -3.3114e-01 -1.1293e+00
37 0 +1.784313189e+02 +8.344213189e+02 +8.344213189e+02 +2.4902e-01 +1.8200e-02 -5.7597e-01 -1.4895e-02 -3.9702e-01 -3.4547e-01 -6.4936e-01 +5.1181e-01 -2.4350e-01 -1.4448e+00
46 0 +1.765214801e+02 +8.325114801e+02 +8.325114801e+02 -4.6987e-01 +1.7855e-01 -7.6523e-01 -5.3408e-01 -3.4210e-01 -9.3949e-01 -3.2333e-01 +9.3088e-01 -7.0291e-01 -1.1549e+00
52 0 +1.574498383e+02 +8.134398383e+02 +8.134398383e+02 +1.8319e-01 -4.2029e-02 -7.4042e-01 +1.8552e-01 +1.4788e-01 -7.7547e-01 -1.0403e-01 +4.7247e-01 -1.0004e+00 -3.1589e+00
69 0 +1.380597154e+02 +7.940497154e+02 +7.940497154e+02 -4.3585e-02 -4.5469e-01 +3.1305e-01 +3.4377e-01 -1.3270e-01 -1.7801e+00 -1.3508e+00 +9.4573e-01 -9.1371e-01 -3.9745e+00
74 0 +1.371902065e+02 +7.931802065e+02 +7.931802065e+02 +5.3260e-01 +5.8417e-01 -6.7031e-01 -3.9579e-02 -1.3908e+00 -1.5370e+00 -1.7216e+00 +5.4628e-01 -1.1879e+00 -3.6489e+00
79 0 +1.270982250e+02 +7.830882250e+02 +7.830882250e+02 +4.6562e-01 +1.7012e+00 -6.6639e-01 +5.2789e-01 -8.7748e-01 -2.3704e+00 -1.4740e+00 +4.8797e-01 -9.3303e-01 -4.8781e+00
84 0 +1.167837137e+02 +7.727737137e+02 +7.727737137e+02 +2.2712e-01 +1.0351e+00 -1.6296e-01 +1.3426e+00 -2.3444e+00 -2.2194e+00 -2.1606e+00 +1.6308e+00 -1.2399e+00 -4.1604e+00
85 0 +1.078313362e+02 +7.638213362e+02 +7.638213362e+02 +5.3807e-01 +1.2991e-01 -5.8148e-01 +7.5358e-01 -2.5770e+00 -4.5806e+00 -1.4750e+00 +7.3662e-01 -1.1182e+00 -6.0971e+00
91 0 +8.454610424e+01 +7.405361042e+02 +7.405361042e+02 +2.1985e+00 -2.2319e+00 -1.4342e+00 +1.5897e+00 -2.8504e+00 -4.1143e+00 -3.1353e+00 +1.3625e+00 -1.7391e+00 -8.6514e+00
102 0 +8.157553298e+01 +7.375655330e+02 +7.375655330e+02 -1.8588e-01 -6.8988e-01 +1.7364e+00 +3.2273e+00 -5.8182e-01 -4.7635e+00 -2.0996e+00 +3.0862e+00 -2.7156e+00 -1.0430e+01
107 0 +7.180492507e+01 +7.277949251e+02 +7.277949251e+02 +4.3172e+00 -6.8796e-01 -3.1634e+00 +2.2083e-01 -5.1344e+00 -5.9408e+00 -1.5019e+00 +4.8027e+00 -5.0890e-01 -9.6440e+00
119 0 +6.389904519e+01 +7.198890452e+02 +7.198890452e+02 +4.4066e+00 -2.5344e-01 -2.8286e-01 +1.1750e+00 -2.1024e+00 -8.2769e+00 -2.4089e+00 +4.7283e+00 -2.5012e+00 -7.4922e+00
127 0 +6.083312311e+01 +7.168231231e+02 +7.168231231e+02 +9.7227e+00 -2.1811e+00 +1.2661e-01 +2.9573e-02 -1.0459e+01 -1.1672e+01 +9.7494e-01 +8.6455e+00 -3.6828e+00 -1.2617e+01
128 0 +5.103047881e+01 +7.070204788e+02 +7.070204788e+02 +4.4993e+00 +9.5941e-02 +1.3501e+00 +5.2425e-01 +1.1162e+00 -1.3961e+01 -4.9336e+00 +3.9348e+00 -7.4986e+00 -1.9555e+01
132 0 +3.275859329e+01 +6.887485933e+02 +6.887485933e+02 +1.0916e+01 -3.1763e+00 -1.0116e+00 +8.6008e-01 -6.5934e+00 -8.9566e+00 -7.4772e+00 +2.5260e+00 -6.3091e+00 -2.0930e+01
144 0 +1.727709004e+01 +6.732670900e+02 +6.732670900e+02 +9.1391e+00 -3.2701e+00 -1.7574e+00 +5.2840e-01 -5.6145e+00 -1.9850e+01 -1.0639e+01 +1.5788e+01 -6.7508e+00 -3.2322e+01
159 0 +6.692828542e+00 +6.626828285e+02 +6.626828285e+02 +1.4837e+01 +4.0261e-02 -7.8467e+00 +4.9150e+00 -5.2892e+00 -2.1747e+01 -9.9636e+00 +1.3172e+01 -2.1988e+01 -2.2978e+01
162 0 +3.660046658e+00 +6.596500467e+02 +6.596500467e+02 +3.4873e+00 -1.1270e+01 -3.7127e+00 +1.5228e+01 -1.3590e+01 -2.3831e+01 -1.5721e+01 +1.0758e+01 -2.4524e+01 -3.9227e+01
168 0 +0.000000000e+00 +6.559900000e+02 +6.559900000e+02 +1.4863e+01 -8.9317e+00 -6.5474e+00 +1.2815e+01 -2.2346e+01 -2.0924e+01 -1.4525e+01 +2.1641e+01 -2.7420e+01 -2.6562e+01
1010 0 +0.000000000e+00 +6.559900000e+02 +6.559900000e+02 +1.4863e+01 -8.9317e+00 -6.5474e+00 +1.2815e+01 -2.2346e+01 -2.0924e+01 -1.4525e+01 +2.1641e+01 -2.7420e+01 -2.6562e+01
% f evaluations | g evaluations | best noise-free fitness - Fopt (6.671000000000e+01) + sum g_i+ | measured fitness | best measured fitness or single-digit g-values | x1 | x2...
1 0 +2.105186194e+02 +2.772286194e+02 +2.772286194e+02 -3.3731e-01 +5.0102e-02 -3.5533e-01 -5.8918e-01 +1.3750e-01 -4.5475e-01 +4.1485e-01 +3.7514e-01 -2.8451e-02 -6.4463e-02
2 0 +2.042275814e+02 +2.709375814e+02 +2.709375814e+02 +3.7972e-02 +8.6067e-02 -1.0187e-01 -1.8082e-01 -3.1231e-01 -3.1197e-01 +1.5175e-01 +8.0182e-01 +1.3125e-01 -5.2359e-01
5 0 +2.023812346e+02 +2.690912346e+02 +2.690912346e+02 +7.4628e-01 -3.2985e-01 +1.1779e-01 +4.5978e-01 -3.1045e-01 +3.9541e-01 +3.2724e-01 -3.0959e-01 -2.0650e-01 -4.6945e-02
11 0 +1.937706647e+02 +2.604806647e+02 +2.604806647e+02 +1.5486e-01 -2.8566e-01 +1.0140e-01 +3.7522e-01 +1.4428e-01 -2.7701e-01 -2.1294e-01 -8.4198e-01 -1.1214e-01 -5.9530e-01
31 0 +1.866017967e+02 +2.533117967e+02 +2.533117967e+02 -2.6997e-01 -3.8247e-01 -6.1369e-01 +4.2696e-01 +5.9036e-01 +1.6504e-01 -6.2002e-02 -1.2629e+00 -2.3382e-01 -1.0040e+00
33 0 +1.850523311e+02 +2.517623311e+02 +2.517623311e+02 +8.4803e-01 -5.5627e-02 -2.9555e-01 +4.7341e-01 +4.0235e-01 +5.2625e-01 -1.0407e-01 -1.0336e+00 +3.0222e-01 -8.7678e-01
46 0 +1.784935269e+02 +2.452035269e+02 +2.452035269e+02 +3.4418e-01 -3.6781e-01 -5.3261e-02 +1.3263e+00 +3.7860e-01 +5.7729e-01 -7.6201e-01 -1.1107e+00 +4.5256e-01 -8.0563e-01
51 0 +1.775318755e+02 +2.442418755e+02 +2.442418755e+02 +2.8090e-01 -1.6470e-01 -8.2733e-01 +1.3520e+00 +6.8995e-01 +8.9869e-01 -1.2403e+00 -1.1499e+00 +1.1908e-02 -8.5383e-01
54 0 +1.716098094e+02 +2.383198094e+02 +2.383198094e+02 +2.0063e-01 +3.7309e-02 +2.4461e-01 +7.5415e-01 -4.3782e-01 +1.6963e+00 -6.7531e-01 -1.3114e+00 +3.8085e-01 -1.0511e+00
67 0 +1.583596395e+02 +2.250696395e+02 +2.250696395e+02 +4.9456e-01 -5.6726e-02 +1.9738e-01 +1.1281e+00 +6.6577e-01 +1.1155e+00 -9.6507e-01 -2.8494e+00 +7.7625e-01 -1.4581e+00
78 0 +1.491432818e+02 +2.158532818e+02 +2.158532818e+02 -2.4926e-01 +4.8095e-02 -3.8216e-01 +2.4530e+00 -3.7457e-01 +1.1077e+00 -1.4667e+00 -2.4777e+00 +2.7301e-01 -2.0296e+00
81 0 +1.437207070e+02 +2.104307070e+02 +2.104307070e+02 +1.7001e-01 +2.0151e-01 -1.1936e-01 +2.1742e+00 -7.0348e-01 +2.0318e+00 +3.4316e-01 -2.0918e+00 +1.5626e+00 -2.3869e+00
90 0 +1.216984436e+02 +1.884084436e+02 +1.884084436e+02 +8.4007e-01 +9.7747e-01 -2.1553e-01 +1.8563e+00 +1.4065e-02 +1.0110e+00 -1.7475e+00 -1.8576e+00 +2.1635e+00 -4.0800e+00
92 0 +1.191741990e+02 +1.858841990e+02 +1.858841990e+02 +1.0222e+00 +1.9948e+00 -1.9331e-02 +2.2399e+00 -8.9432e-01 +6.6997e-01 -7.2945e-01 -2.5465e+00 +2.0918e+00 -4.4170e+00
96 0 +1.125864423e+02 +1.792964423e+02 +1.792964423e+02 +1.1130e+00 +5.1457e-02 -2.4347e-01 +2.2147e+00 -3.0812e-01 +1.8345e+00 -1.5538e+00 -2.5103e+00 +2.2577e+00 -4.0571e+00
109 0 +9.077046079e+01 +1.574804608e+02 +1.574804608e+02 -5.5060e-02 +6.4970e-01 -5.0837e-01 +1.0669e+00 -1.8343e-01 +3.7989e+00 -2.9858e+00 -1.8800e+00 +3.0499e+00 -4.8308e+00
111 0 +7.983904260e+01 +1.465490426e+02 +1.465490426e+02 +2.2700e-01 +5.3218e-01 -7.2287e-01 +1.8221e+00 +9.5238e-01 +3.1725e+00 -3.7259e+00 -5.3021e+00 +3.3624e+00 -3.8238e+00
121 0 +6.077661982e+01 +1.274866198e+02 +1.274866198e+02 +1.8973e+00 +3.8120e-02 +1.0005e+00 +4.6499e+00 -2.8768e+00 +4.2154e+00 -1.1506e+00 -5.5474e+00 +3.7067e+00 -5.4529e+00
132 0 +4.307985628e+01 +1.097898563e+02 +1.097898563e+02 +3.4795e+00 +4.2106e-01 -8.9151e-01 +7.2570e+00 -2.1695e+00 +1.8667e+00 -4.6533e+00 -7.9464e+00 +5.4901e+00 -9.5594e+00
145 0 +3.721947771e+01 +1.039294777e+02 +1.039294777e+02 +1.7178e+00 -1.8541e+00 +2.4301e-01 +5.5852e+00 -3.4960e+00 +4.1368e+00 -4.1113e+00 -6.7705e+00 +4.1888e+00 -9.8053e+00
149 0 +2.924523809e+01 +9.595523809e+01 +9.595523809e+01 +4.1349e+00 +1.0866e+00 -1.9464e+00 +9.2294e+00 -5.2083e+00 +4.8427e+00 -3.5801e+00 -8.4127e+00 +7.1679e+00 -8.4484e+00
162 0 +1.424725021e+01 +8.095725021e+01 +8.095725021e+01 +1.0063e+00 -4.2083e+00 -6.7267e-01 +7.6157e+00 -6.0024e+00 +9.5320e+00 -1.0507e+01 -7.6112e+00 +9.7070e+00 -1.4723e+01
168 0 +1.243782494e+01 +7.914782494e+01 +7.914782494e+01 +1.8925e+00 -7.0649e-01 -5.0922e+00 +6.9930e+00 -5.4815e+00 +8.0250e+00 -7.1471e+00 -7.6241e+00 +8.6086e+00 -9.5252e+00
172 0 +1.101191047e+01 +7.772191047e+01 +7.772191047e+01 +3.5523e+00 -3.0956e+00 -5.1283e+00 +1.2588e+01 -6.6699e+00 +7.5209e+00 -5.6018e+00 -1.4645e+01 +6.9163e+00 -1.3879e+01
211 0 +8.707412146e+00 +7.541741215e+01 +7.541741215e+01 +7.9948e-01 -2.7485e+00 -5.5606e+00 +1.3150e+01 -1.0051e+01 +7.8253e+00 -1.2108e+01 -1.4767e+01 +1.4187e+01 -1.7380e+01
227 0 +6.252439523e+00 +7.296243952e+01 +7.296243952e+01 +1.2225e+00 -9.0398e+00 -4.9821e+00 +9.4501e+00 -1.7540e+01 +1.1093e+01 -1.4710e+01 -2.0488e+01 +8.3253e+00 -1.7492e+01
231 0 +1.564932007e+00 +6.827493201e+01 +6.827493201e+01 -3.4351e+00 -5.9433e+00 -8.0983e+00 +1.4568e+01 -1.6810e+01 +1.1260e+01 -1.4731e+01 -9.2426e+00 +1.1387e+01 -1.9201e+01
241 0 +1.328033144e+00 +6.803803314e+01 +6.803803314e+01 -3.6720e+00 -5.6434e+00 -5.1770e+00 +1.1543e+01 -1.8998e+01 +1.4616e+01 -1.5141e+01 -1.5707e+01 +1.3957e+01 -2.2375e+01
253 0 +1.009381077e+00 +6.771938108e+01 +6.771938108e+01 -9.1274e+00 -1.0449e+01 -4.3949e+00 +1.2152e+01 -1.9978e+01 +1.3101e+01 -1.1318e+01 -1.0412e+01 +1.0640e+01 -2.2947e+01
255 0 +0.000000000e+00 +6.671000000e+01 +6.671000000e+01 -5.1736e+00 -1.2614e+01 -5.5297e+00 +1.4033e+01 -2.1358e+01 +1.4610e+01 -1.4384e+01 -1.3114e+01 +1.0617e+01 -2.0824e+01
1000 0 +0.000000000e+00 +6.671000000e+01 +6.671000000e+01 -5.1736e+00 -1.2614e+01 -5.5297e+00 +1.4033e+01 -2.1358e+01 +1.4610e+01 -1.4384e+01 -1.3114e+01 +1.0617e+01 -2.0824e+01
% f evaluations | g evaluations | best noise-free fitness - Fopt (9.416700000000e+02) + sum g_i+ | measured fitness | best measured fitness or single-digit g-values | x1 | x2...
1 0 +2.046378707e+02 +1.146307871e+03 +1.146307871e+03 +1.2661e-01 -8.2612e-02 +4.6350e-02 -1.6992e-01 +3.5421e-01 +4.5911e-01 -1.1345e-01 -4.2549e-01 -3.6118e-01 -2.3732e-01
5 0 +2.037884180e+02 +1.145458418e+03 +1.145458418e+03 +1.9436e-01 -4.1869e-01 +1.5305e-01 +1.3317e-01 +2.2094e-02 -2.3626e-01 -3.4519e-01 -2.2108e-01 +1.5307e-02 +4.1631e-01
8 0 +1.966970579e+02 +1.138367058e+03 +1.138367058e+03 -4.3711e-02 +6.0264e-02 -3.3256e-01 -4.1023e-01 -4.7670e-01 -1.7966e-02 -1.5164e-01 -4.6236e-02 +4.0832e-01 -3.5897e-01
22 0 +1.922496867e+02 +1.133919687e+03 +1.133919687e+03 +2.3862e-01 -3.3045e-01 -4.0138e-01 +1.2514e-01 -7.3277e-01 +1.7593e-01 -3.1164e-01 -3.1952e-01 +3.9095e-01 -4.5140e-01
32 0 +1.834196929e+02 +1.125089693e+03 +1.125089693e+03 +3.8502e-01 +3.7821e-02 +5.3311e-02 -2.6554e-01 -5.5363e-01 -1.5769e-01 -6.2939e-01 -1.8570e-01 +1.0663e+00 -7.4473e-01
43 0 +1.789636518e+02 +1.120633652e+03 +1.120633652e+03 +3.2846e-01 +3.9377e-01 -2.2334e-01 -6.3114e-01 -5.8138e-01 -7.1570e-02 -8.6328e-01 -1.1809e-01 +1.1922e+00 -1.2133e+00
45 0 +1.724835036e+02 +1.114153504e+03 +1.114153504e+03 +3.5139e-01 +4.6566e-01 +1.3274e-01 +3.4976e-03 -8.4391e-01 -4.7189e-01 -1.0608e+00 -4.6167e-01 +1.0377e+00 -1.2818e+00
55 0 +1.644095052e+02 +1.106079505e+03 +1.106079505e+03 +3.2208e-01 +1.2341e-01 -1.7681e-02 -9.7710e-02 -1.2822e+00 -4.3965e-01 -9.9315e-01 -3.1092e-01 +1.6855e+00 -1.5988e+00
62 0 +1.564556028e+02 +1.098125603e+03 +1.098125603e+03 +3.5199e-01 -3.7877e-01 +1.2942e-01 -4.6755e-01 -1.5424e+00 -4.9932e-01 -2.0129e+00 -5.2967e-02 +1.6721e+00 -1.9853e+00
65 0 +1.480223028e+02 +1.089692303e+03 +1.089692303e+03 +1.3158e+00 +8.5502e-01 -6.3717e-01 -9.0842e-01 -1.3142e+00 -1.1815e+00 -1.2086e+00 -5.8146e-01 +2.3483e+00 -2.6585e+00
71 0 +1.476630014e+02 +1.089333001e+03 +1.089333001e+03 +2.7531e-01 +4.2706e-01 -3.3629e-01 +1.5084e-01 -1.6659e+00 -1.0174e+00 -1.7302e+00 -3.4449e-01 +2.1224e+00 -2.2927e+00
75 0 +1.281093241e+02 +1.069779324e+03 +1.069779324e+03 +1.0505e+00 +1.2467e+00 -1.8131e-01 -4.2197e-01 -2.9131e+00 -4.0599e-01 -1.3120e+00 -3.0232e-01 +3.3987e+00 -3.6329e+00
81 0 +1.166661008e+02 +1.058336101e+03 +1.058336101e+03 +1.7540e+00 +3.8731e-01 -1.7723e-01 -1.5279e+00 -3.7210e+00 -2.7168e-01 -1.8570e+00 -2.5933e+00 +3.0565e+00 -3.4362e+00
91 0 +9.250263513e+01 +1.034172635e+03 +1.034172635e+03 +1.5835e+00 -1.7006e+00 -5.2711e-01 -2.7601e+00 -4.5291e+00 +9.6852e-02 -2.4606e+00 -3.5698e+00 +4.0611e+00 -4.1538e+00
98 0 +8.379688251e+01 +1.025466883e+03 +1.025466883e+03 +3.4143e+00 -1.1929e+00 +1.2177e+00 +1.3511e-01 -4.7224e+00 -1.1472e+00 -2.2540e+00 -2.0961e+00 +3.8503e+00 -5.6634e+00
102 0 +6.374419605e+01 +1.005414196e+03 +1.005414196e+03 +1.8783e+00 +1.3220e+00 -3.7541e-01 -5.0060e+00 -6.0048e+00 -2.1733e+00 -7.2801e+00 -3.6625e+00 +5.3831e+00 -9.0853e+00
109 0 +4.925385888e+01 +9.909238589e+02 +9.909238589e+02 +4.0004e+00 +1.2546e+00 +2.0277e+00 -7.0102e-01 -3.4124e+00 -4.2122e+00 -5.0913e+00 -3.8407e+00 +4.9049e+00 -5.3039e+00
112 0 +4.757916151e+01 +9.892491615e+02 +9.892491615e+02 -1.9492e+00 -1.6859e+00 +1.2877e+00 -4.1397e+00 -7.8422e+00 -1.0030e+00 -6.0660e+00 -5.5614e+00 +6.2229e+00 -6.2648e+00
124 0 +2.549097749e+01 +9.671609775e+02 +9.671609775e+02 -2.3125e+00 -1.8630e+00 -1.2080e+00 +1.4071e+00 -6.5086e+00 -4.8175e+00 -1.0103e+01 -7.9868e+00 +9.0656e+00 -1.2264e+01
129 0 +2.412802342e+01 +9.657980234e+02 +9.657980234e+02 -8.7170e-01 +5.9002e-01 +1.6166e+00 +6.1756e+00 -5.7914e+00 -5.8037e+00 -3.4626e+00 -8.0929e+00 +1.0393e+01 -1.0639e+01
147 0 +2.346168837e+01 +9.651316884e+02 +9.651316884e+02 -2.4215e+00 +7.4424e+00 +5.5528e+00 +5.7847e+00 -8.3830e+00 -3.6607e+00 -6.7356e+00 -2.0843e+01 +1.3924e+01 -1.2560e+01
156 0 +1.399137362e+01 +9.556613736e+02 +9.556613736e+02 -6.0893e+00 +4.2054e+00 +4.9875e+00 +4.0339e+00 -1.0169e+01 -6.1308e+00 -2.0495e+01 -1.1809e+01 +1.5845e+01 -2.5826e+01
158 0 +8.126868442e+00 +9.497968684e+02 +9.497968684e+02 -2.2962e+00 -3.8258e+00 +7.3417e+00 +1.4095e+01 -1.5608e+01 -5.2980e+00 -4.1584e+00 -1.0765e+01 +2.1882e+01 -2.1804e+01
165 0 +0.000000000e+00 +9.416700000e+02 +9.416700000e+02 -1.2980e+01 -7.7965e+00 +1.1780e+01 +1.1785e+01 -7.0735e+00 -1.5345e+01 -1.4330e+01 -2.2268e+01 +2.0641e+01 -5.9339e+00
1010 0 +0.000000000e+00 +9.416700000e+02 +9.416700000e+02 -1.2980e+01 -7.7965e+00 +1.1780e+01 +1.1785e+01 -7.0735e+00 -1.5345e+01 -1.4330e+01 -2.2268e+01 +2.0641e+01 -5.9339e+00
% f evaluations | g evaluations | best noise-free fitness - Fopt (-3.745000000000e+01) + sum g_i+ | measured fitness | best measured fitness or single-digit g-values | x1 | x2...
1 0 +2.016259302e+02 +1.641759302e+02 +1.641759302e+02 -7.6658e-02 -2.5386e-01 +8.0099e-02 -1.9060e-01 -3.5082e-01 +6.5865e-02 -3.3145e-01 +2.9813e-01 +2.7669e-01 +2.5525e-01
8 0 +1.956104669e+02 +1.581604669e+02 +1.581604669e+02 +3.5617e-01 +1.3416e-01 -1.9277e-01 -6.8795e-01 -2.4800e-02 +2.1686e-01 +3.4146e-01 +1.2923e-01 +5.6816e-02 +4.9487e-01
15 0 +1.926880898e+02 +1.552380898e+02 +1.552380898e+02 +5.0476e-01 +1.1171e-01 -3.8108e-01 -3.4137e-01 -7.3491e-02 +3.1357e-01 -1.7801e-02 -5.2816e-01 +2.5353e-01 +4.5328e-01
36 0 +1.840361799e+02 +1.465861799e+02 +1.465861799e+02 +1.2187e+00 +2.8582e-01 -3.6982e-01 -1.4540e-01 -6.9741e-01 +9.5291e-01 +3.8552e-01 -4.8315e-01 +6.5137e-02 +8.4719e-01
42 0 +1.810898554e+02 +1.436398554e+02 +1.436398554e+02 +8.1089e-01 +3.7054e-01 -5.6801e-01 -7.8447e-02 -7.0746e-01 +8.6879e-01 +5.0350e-01 -4.6808e-01 +2.2536e-01 +1.0768e+00
52 0 +1.771443361e+02 +1.396943361e+02 +1.396943361e+02 +1.0367e+00 +4.2265e-01 -2.4372e-02 -1.1356e-01 -7.4528e-01 +7.1518e-01 +2.1251e-01 -1.0208e+00 +6.7714e-01 +8.4238e-01
62 0 +1.660145432e+02 +1.285645432e+02 +1.285645432e+02 +1.5939e+00 -6.2874e-02 -6.8928e-01 -6.0073e-02 -7.5852e-01 +1.1803e+00 +3.3773e-01 -1.0695e+00 +6.5298e-01 +1.8453e+00
67 0 +1.658392260e+02 +1.283892260e+02 +1.283892260e+02 +2.0456e+00 +5.7566e-01 -3.8086e-01 +2.2086e-01 -6.4871e-01 +9.6913e-01 +6.6071e-02 -1.0832e+00 +7.8784e-01 +1.8642e+00
73 0 +1.592906854e+02 +1.218406854e+02 +1.218406854e+02 +1.9893e+00 +1.0545e+00 -7.2490e-01 +3.4229e-01 -5.9500e-01 +1.0779e+00 +6.2767e-01 -1.5749e+00 +1.1427e+00 +1.6921e+00
81 0 +1.481730160e+02 +1.107230160e+02 +1.107230160e+02 +1.6816e+00 -9.9832e-02 +1.0899e-01 -1.2819e-01 -5.5257e-01 -1.0738e-01 +1.3158e+00 -8.1385e-01 +2.3084e+00 +2.4152e+00
83 0 +1.429522520e+02 +1.055022520e+02 +1.055022520e+02 +2.5091e+00 +7.8413e-01 -2.4597e-01 +1.2316e+00 -4.9023e-01 +1.0569e+00 +5.2636e-01 -1.5336e+00 +2.3305e+00 +2.6094e+00
91 0 +1.312267445e+02 +9.377674453e+01 +9.377674453e+01 +9.6065e-01 +1.4312e+00 -2.7988e-01 -1.0860e-01 -1.0247e+00 +5.7097e-01 +9.5876e-01 -1.4975e+00 +2.7847e+00 +3.0653e+00
106 0 +1.037263319e+02 +6.627633191e+01 +6.627633191e+01 +3.3269e+00 +1.7201e+00 +6.9772e-01 -4.3394e-01 -2.3616e+00 +1.9865e+00 +1.8643e+00 -1.5530e+00 +2.7062e+00 +4.0347e+00
114 0 +7.953815850e+01 +4.208815850e+01 +4.208815850e+01 +3.6975e+00 +1.9447e+00 -1.1550e+00 +3.5827e-01 -3.0689e+00 +3.1209e+00 +1.4110e+00 -2.9842e+00 +3.6121e+00 +4.9137e+00
125 0 +7.296550712e+01 +3.551550712e+01 +3.551550712e+01 +2.4599e+00 +3.1556e+00 -2.1700e-01 -1.2338e+00 -2.5349e+00 +3.3259e+00 +3.0547e+00 -3.6619e+00 +2.9200e+00 +4.4804e+00
132 0 +6.870832274e+01 +3.125832274e+01 +3.125832274e+01 +4.6464e+00 +2.7606e+00 +7.7070e-01 -5.2634e-01 -2.2860e+00 +3.5752e+00 +2.5572e+00 -2.7520e+00 +3.5429e+00 +5.8548e+00
133 0 +4.388509846e+01 +6.435098463e+00 +6.435098463e+00 +5.9216e+00 +4.0643e+00 +1.2078e-01 -6.3672e-01 -3.8565e+00 +3.8011e+00 +3.8128e+00 -2.9756e+00 +7.3930e+00 +5.4369e+00
142 0 +4.241178212e+01 +4.961782124e+00 +4.961782124e+00 +7.6458e+00 +5.6705e+00 +5.7393e-01 -2.3310e+00 -7.9070e-01 +4.7756e+00 +4.2037e+00 -2.8209e+00 +6.5320e+00 +6.7518e+00
151 0 +3.125864129e+01 -6.191358710e+00 -6.191358710e+00 +5.4679e+00 +7.9230e+00 +1.2361e+00 -8.1332e-01 +4.1817e-01 +7.1419e+00 +5.2373e+00 -4.8526e+00 +7.6225e+00 +5.9220e+00
161 0 +2.716785569e+01 -1.028214431e+01 -1.028214431e+01 +7.7564e+00 +1.0248e+01 -4.0437e+00 -3.0972e+00 -2.1312e+00 +9.7498e+00 +7.1662e+00 -6.0392e+00 +8.8518e+00 +1.0913e+01
174 0 +1.809391775e+01 -1.935608225e+01 -1.935608225e+01 +6.9398e+00 +1.4056e+01 +8.3547e-01 +1.7401e-01 -9.2265e+00 +6.0230e+00 +6.3570e+00 -7.7885e+00 +7.4255e+00 +7.6483e+00
175 0 +1.288306635e+01 -2.456693365e+01 -2.456693365e+01 +3.6743e+00 +1.1675e+01 -1.2102e+00 -5.8180e+00 -5.3830e+00 +9.3911e+00 +6.1361e+00 -4.8001e+00 +8.2376e+00 +1.1273e+01
194 0 +1.215560641e+01 -2.529439359e+01 -2.529439359e+01 +7.0405e+00 +1.3821e+01 -2.1761e+00 -1.1199e+01 -4.9335e+00 +1.0268e+01 +1.0372e+01 -7.8782e+00 +6.9857e+00 +1.0635e+01
197 0 +8.878270097e+00 -2.857172990e+01 -2.857172990e+01 +8.5790e+00 +1.4937e+01 -3.2238e-01 -7.6068e+00 -1.1656e+01 +1.3241e+01 +7.0604e+00 -6.3978e+00 +1.6435e+01 +1.4084e+01
202 0 +6.879273204e+00 -3.057072680e+01 -3.057072680e+01 +1.3211e+01 +1.8927e+01 +8.7598e-01 -9.0897e+00 -1.3495e+01 +1.0041e+01 +1.2401e+01 -1.4162e+01 +1.0325e+01 +1.4320e+01
210 0 +0.000000000e+00 -3.745000000e+01 -3.745000000e+01 +1.1173e+01 +1.0420e+01 +8.0031e+00 -1.0050e+01 -8.0486e+00 +1.6828e+01 +8.0724e+00 -1.0587e+01 +2.1600e+01 +1.8333e+01
1010 0 +0.000000000e+00 -3.745000000e+01 -3.745000000e+01 +1.1173e+01 +1.0420e+01 +8.0031e+00 -1.0050e+01 -8.0486e+00 +1.6828e+01 +8.0724e+00 -1.0587e+01 +2.1600e+01 +1.8333e+01
% f evaluations | g evaluations | best noise-free fitness - Fopt (-6.639000000000e+01) + sum g_i+ | measured fitness | best measured fitness or single-digit g-values | x1 | x2...
1 0 +2.018227397e+02 +1.354327397e+02 +1.354327397e+02 +4.0207e-01 -2.5832e-01 -3.0734e-02 +3.4467e-01 -4.5809e-02 -1.6363e-01 -2.3871e-01 -8.8868e-02 +4.7097e-02 -3.1379e-01
2 0 +2.008364979e+02 +1.344464979e+02 +1.344464979e+02 +2.7888e-01 +6.9310e-02 +4.5072e-01 -3.4363e-01 -2.5847e-01 +6.4386e-02 +5.3031e-02 +2.8442e-01 +3.2340e-01 -3.1970e-01
13 0 +1.991243900e+02 +1.327343900e+02 +1.327343900e+02 +3.2958e-01 -3.7432e-02 -4.3779e-01 -2.4967e-01 -8.2388e-02 +5.1627e-02 -1.5115e-01 -2.2093e-01 -8.4236e-02 -5.0233e-01
36 0 +1.885384810e+02 +1.221484810e+02 +1.221484810e+02 +4.3454e-02 +4.4777e-01 -4.4836e-01 +2.9800e-01 -5.9507e-01 -1.5659e-02 -5.8351e-01 -5.5574e-01 +9.1008e-01 -4.6153e-01
42 0 +1.837679078e+02 +1.173779078e+02 +1.173779078e+02 +1.6715e-01 +2.8426e-01 -3.6618e-01 +8.5757e-02 -5.5673e-01 +8.4607e-02 -4.4251e-01 -7.7306e-01 +1.0399e+00 -7.0988e-01
45 0 +1.781992241e+02 +1.118092241e+02 +1.118092241e+02 +2.3182e-01 +1.3894e-01 +1.2133e-01 +9.1871e-02 -4.6049e-01 +4.9370e-01 +4.1066e-02 -8.7773e-01 +1.2837e+00 -7.7582e-01
51 0 +1.747031417e+02 +1.083131417e+02 +1.083131417e+02 +2.6792e-02 -2.8538e-02 +6.2897e-03 +6.0835e-01 -1.8641e-01 +1.1265e+00 -3.5093e-01 -8.6882e-01 +1.6933e+00 -7.1510e-01
53 0 +1.715920311e+02 +1.052020311e+02 +1.052020311e+02 +2.7158e-01 +3.7110e-01 -7.0256e-02 -1.5126e-01 -7.9886e-01 +5.5475e-01 -2.1170e-01 -9.3016e-01 +1.7932e+00 -1.0062e+00
61 0 +1.664010572e+02 +1.000110572e+02 +1.000110572e+02 -5.0133e-02 -1.8781e-02 +1.6316e-01 +1.1149e+00 -4.9956e-01 +3.9928e-01 +3.5647e-01 -1.1911e+00 +1.6188e+00 -1.1637e+00
62 0 +1.609764269e+02 +9.458642692e+01 +9.458642692e+01 -3.8225e-01 +5.3749e-01 -3.1183e-01 -5.0856e-02 -1.0138e+00 +7.4311e-01 -1.3541e-02 -1.2390e+00 +2.5039e+00 -9.6407e-01
71 0 +1.568142729e+02 +9.042427288e+01 +9.042427288e+01 -1.1689e+00 +7.4222e-01 -1.6109e-01 +8.3492e-01 -9.8416e-01 +1.2158e-01 -3.6199e-01 -1.0420e+00 +2.3556e+00 -1.7358e+00
75 0 +1.413196312e+02 +7.492963121e+01 +7.492963121e+01 +5.1365e-01 +4.6410e-01 +6.2821e-01 +5.1971e-03 -1.7118e+00 +1.3846e+00 -3.4752e-01 -1.3092e+00 +3.1963e+00 -2.3256e+00
85 0 +1.339231258e+02 +6.753312579e+01 +6.753312579e+01 +4.3601e-01 +9.7479e-01 -4.1626e-01 +1.6012e+00 -1.5553e+00 +4.6320e-01 +3.3734e-01 -1.5852e+00 +3.0756e+00 -2.4583e+00
88 0 +1.270833142e+02 +6.069331425e+01 +6.069331425e+01 -6.5024e-01 +9.3138e-01 +8.0283e-01 -6.6430e-01 -2.8418e+00 +1.4890e+00 -5.9213e-01 -2.7151e+00 +4.3501e+00 -1.7714e+00
94 0 +1.004888045e+02 +3.409880446e+01 +3.409880446e+01 +1.1694e+00 -3.5378e-02 +2.7354e-01 +1.3396e+00 -3.0554e+00 +2.5702e+00 -8.2138e-01 -3.5989e+00 +4.0278e+00 -3.5957e+00
104 0 +9.534598005e+01 +2.895598005e+01 +2.895598005e+01 -4.7223e-01 +6.7449e-01 +8.6028e-01 +1.2377e+00 -6.2953e-01 +4.6076e+00 -1.6531e+00 -1.2940e+00 +4.9120e+00 -5.3093e+00
107 0 +6.465629824e+01 -1.733701762e+00 -1.733701762e+00 -7.9307e-01 +1.2446e+00 -1.8519e+00 +2.4662e+00 -4.0002e+00 +2.1339e+00 +1.9910e-01 -5.1616e+00 +4.8311e+00 -4.1785e+00
119 0 +5.852558005e+01 -7.864419953e+00 -7.864419953e+00 -3.8400e+00 -6.8712e-01 -6.7142e+00 -1.4361e+00 -4.9565e+00 +7.6625e+00 -2.4208e+00 -5.6568e+00 +4.7948e+00 -6.2375e+00
149 0 +4.829937911e+01 -1.809062089e+01 -1.809062089e+01 -5.1720e+00 -7.4508e-01 +3.4014e+00 +1.8730e-01 -3.8679e+00 +7.2047e+00 +2.1247e+00 -1.0040e+01 +8.9539e+00 -8.4077e+00
153 0 +4.438675788e+01 -2.200324212e+01 -2.200324212e+01 -2.3981e+00 -1.0658e+00 +2.0123e+00 +5.2650e-01 -5.4886e+00 +2.5365e+00 +4.1895e+00 -1.1449e+01 +8.0309e+00 -7.5172e+00
154 0 +3.921650786e+01 -2.717349214e+01 -2.717349214e+01 -2.5063e+00 -1.0445e-01 -1.4050e+00 -4.1125e-01 -8.2836e+00 +7.1928e+00 +2.3123e+00 -1.1537e+01 +7.8567e+00 -1.1277e+01
166 0 +2.258571490e+01 -4.380428510e+01 -4.380428510e+01 +7.9964e-02 +2.1204e+00 -3.8781e+00 +4.8237e+00 -7.2059e+00 +8.3299e+00 +2.9440e+00 -1.3678e+01 +7.1524e+00 -4.8008e+00
171 0 +1.460363315e+01 -5.178636685e+01 -5.178636685e+01 +6.8386e-01 +8.9060e-01 -2.8345e+00 +9.8684e+00 -1.1542e+01 +7.8507e+00 +8.7473e+00 -1.1096e+01 +1.0039e+01 -8.9806e+00
174 0 +1.265989508e+01 -5.373010492e+01 -5.373010492e+01 -2.6673e+00 +2.6412e+00 -2.4158e+00 +8.2495e+00 -1.0899e+01 +6.7277e+00 +4.3602e+00 -1.1872e+01 +6.4168e+00 -1.6239e+01
187 0 +5.299614183e+00 -6.109038582e+01 -6.109038582e+01 -4.1145e+00 +6.8765e+00 -3.2697e+00 +4.2908e+00 -1.2145e+01 +7.5580e+00 +6.7464e+00 -1.3760e+01 +1.5672e+01 -1.0249e+01
208 0 +2.885201833e+00 -6.350479817e+01 -6.350479817e+01 -1.1966e+01 +2.7661e+00 -8.5191e+00 +6.2925e+00 -1.6958e+01 +1.3026e+01 +1.5115e+01 -1.5991e+01 +2.5024e+01 -6.6705e+00
215 0 +0.000000000e+00 -6.639000000e+01 -6.639000000e+01 -5.3908e+00 +6.5454e+00 -1.9516e+01 +8.4480e+00 -1.8171e+01 +9.9435e+00 +1.0523e+01 -2.1319e+01 +1.9224e+01 -1.0408e+01
1000 0 +0.000000000e+00 -6.639000000e+01 -6.639000000e+01 -5.3908e+00 +6.5454e+00 -1.9516e+01 +8.4480e+00 -1.8171e+01 +9.9435e+00 +1.0523e+01 -2.1319e+01 +1.9224e+01 -1.0408e+01
% f evaluations | g evaluations | best noise-free fitness - Fopt (-2.260100000000e+02) + sum g_i+ | measured fitness | best measured fitness or single-digit g-values | x1 | x2...
1 0 +2.084923976e+02 -1.751760245e+01 -1.751760245e+01 +3.2814e-01 -2.4494e-02 -1.4814e-01 +3.4912e-01 +1.7184e-01 -4.0256e-01 +2.6466e-01 -3.0886e-01 +2.1183e-01 +3.8187e-01
2 0 +2.000186525e+02 -2.599134746e+01 -2.599134746e+01 +1.6275e-02 -5.6818e-02 +4.5301e-01 -6.3363e-02 -1.2560e-01 -2.8572e-02 +2.9533e-03 -1.3201e-02 -1.7708e-01 -4.8112e-01
15 0 +1.983768045e+02 -2.763319553e+01 -2.763319553e+01 -1.7274e-01 -5.9325e-01 +4.9682e-01 +1.4113e-01 -1.3101e-01 -2.5619e-01 +2.4446e-03 -1.9104e-01 -1.1765e-01 -6.2138e-01
31 0 +1.906696818e+02 -3.534031817e+01 -3.534031817e+01 +3.7975e-02 -2.1050e-01 +5.5305e-01 -6.0540e-01 -7.7818e-01 -5.3372e-02 +3.5451e-01 +2.5640e-03 +7.8326e-02 -1.3036e+00
37 0 +1.881490914e+02 -3.786090858e+01 -3.786090858e+01 +6.8551e-02 -1.3428e-01 +5.0926e-01 +1.3043e-02 -3.4837e-01 -3.9280e-01 +6.5860e-03 +4.7234e-01 +1.2810e-01 -9.3890e-01
41 0 +1.860427783e+02 -3.996722168e+01 -3.996722168e+01 +3.0393e-02 +2.0032e-01 +8.3036e-01 -4.5967e-01 -4.2959e-01 +8.4479e-02 +2.8068e-01 +4.1608e-01 +3.3644e-01 -1.2994e+00
51 0 +1.804961234e+02 -4.551387665e+01 -4.551387665e+01 -2.0713e-01 +5.5879e-01 +5.7120e-01 -1.9313e-01 +1.0270e-01 -3.7064e-01 -6.3342e-01 +8.2709e-01 +1.6217e-01 -1.2186e+00
52 0 +1.759066400e+02 -5.010335998e+01 -5.010335998e+01 -3.1647e-01 +7.7248e-02 +2.7467e-01 -6.5936e-02 +8.6297e-02 -6.5323e-01 -2.9000e-02 +1.1231e+00 +5.7764e-01 -1.4262e+00
60 0 +1.717691685e+02 -5.424083148e+01 -5.424083148e+01 +3.2236e-01 +1.0295e-01 +5.3545e-01 +9.9108e-03 -3.7122e-01 -4.8171e-01 +2.1491e-01 +1.1529e+00 +4.7367e-01 -1.9508e+00
61 0 +1.619820182e+02 -6.402798185e+01 -6.402798185e+01 +5.2638e-01 +1.2844e-01 +1.6390e+00 +2.1130e-02 -6.9243e-01 -8.4175e-01 -2.0306e-01 +1.7414e+00 +4.5351e-01 -2.0102e+00
76 0 +1.574499473e+02 -6.856005266e+01 -6.856005266e+01 +6.0999e-02 -3.9950e-01 +4.5495e-01 +5.7497e-01 -4.1669e-01 -8.5055e-02 -9.2006e-01 +1.4912e+00 +2.1424e-01 -2.9143e+00
80 0 +1.467812753e+02 -7.922872469e+01 -7.922872469e+01 +1.5036e-01 -1.3477e-01 +1.7006e+00 +6.5470e-02 -5.1124e-01 -2.3003e+00 +8.7556e-01 +1.1960e+00 +8.2037e-01 -3.5766e+00
83 0 +1.384549187e+02 -8.755508135e+01 -8.755508135e+01 -3.9795e-01 -1.1417e+00 +1.6929e+00 +4.7353e-01 -7.9982e-01 -9.5407e-01 +3.2032e-01 +1.6952e+00 +1.2044e+00 -3.9470e+00
84 0 +1.312202068e+02 -9.478979324e+01 -9.478979324e+01 -9.2638e-01 -4.9389e-01 +2.1386e+00 +1.9587e+00 -7.1870e-01 -1.9696e+00 -1.0630e+00 +2.3123e+00 +4.8919e-01 -3.3390e+00
93 0 +1.245742032e+02 -1.014357968e+02 -1.014357968e+02 -5.9424e-01 -2.5442e+00 +1.4504e+00 +1.6093e-01 -6.9157e-01 -1.6666e+00 -1.9433e+00 +1.5013e+00 +1.2394e+00 -4.4169e+00
95 0 +9.530376729e+01 -1.307062327e+02 -1.307062327e+02 -2.4918e-01 -8.8247e-01 +2.4241e+00 +1.9983e+00 -9.2837e-01 -1.6933e+00 -1.8690e+00 +3.1068e+00 +2.5949e+00 -4.5526e+00
117 0 +5.733687350e+01 -1.686731265e+02 -1.686731265e+02 +9.7128e-01 -1.4195e+00 +2.6954e+00 +3.9565e+00 +1.0794e+00 -5.7415e+00 -4.2581e+00 +5.3367e+00 +2.8531e+00 -6.2554e+00
126 0 +5.010607568e+01 -1.759039243e+02 -1.759039243e+02 +1.8606e+00 -1.3544e+00 +5.7280e+00 +1.4683e+00 -3.2408e-01 -6.5551e+00 -3.2506e+00 +3.9494e+00 +5.8073e+00 -8.7985e+00
130 0 +3.655174063e+01 -1.894582594e+02 -1.894582594e+02 -8.9792e-01 +3.9189e-01 +3.4423e+00 +4.2441e+00 +2.3384e-01 -5.8746e+00 -4.7187e+00 +7.4642e+00 +4.1731e+00 -8.6269e+00
151 0 +3.611168978e+01 -1.898983102e+02 -1.898983102e+02 -9.1340e+00 +7.6492e-01 +7.2179e+00 +3.4370e+00 +3.2867e+00 -5.4576e+00 -4.0916e+00 +5.7687e+00 +5.1587e+00 -8.1660e+00
154 0 +2.220070332e+01 -2.038092967e+02 -2.038092967e+02 -1.3808e+00 +5.2746e+00 +8.0052e+00 +6.2321e+00 +1.6778e+00 -9.5563e+00 -8.7104e+00 +5.7046e+00 +1.2057e+01 -5.3526e+00
171 0 +1.304231677e+01 -2.129676832e+02 -2.129676832e+02 -6.5967e+00 +3.5497e+00 +1.4187e+01 +6.2340e+00 -9.8600e-01 -1.0561e+01 -1.1525e+01 +1.1328e+01 +5.8301e+00 -1.4993e+01
174 0 +1.223206595e+01 -2.137779340e+02 -2.137779340e+02 -6.3150e+00 +4.0794e-01 +9.1563e+00 +2.0752e+00 -6.3174e+00 -1.0506e+01 -1.0611e+01 +7.9446e+00 +1.0548e+01 -1.3071e+01
188 0 +5.810394945e+00 -2.201996051e+02 -2.201996051e+02 -7.9451e+00 +9.5706e-01 +1.0913e+01 +8.7944e+00 -4.7884e+00 -8.7784e+00 -1.6949e+01 +1.3607e+01 +1.1912e+01 -1.7425e+01
191 0 +2.376864150e+00 -2.236331359e+02 -2.236331359e+02 -6.3097e+00 +9.2480e+00 +9.9307e+00 +5.7646e+00 -4.1458e+00 -1.2111e+01 -6.5630e+00 +1.1391e+01 +6.7317e+00 -1.6870e+01
213 0 +0.000000000e+00 -2.260100000e+02 -2.260100000e+02 -7.4109e+00 +1.0192e+01 +7.2492e+00 +1.1884e+01 -9.5947e+00 -2.5223e+01 -9.7048e+00 +1.6712e+01 +1.5337e+01 -1.5300e+01
1000 0 +0.000000000e+00 -2.260100000e+02 -2.260100000e+02 -7.4109e+00 +1.0192e+01 +7.2492e+00 +1.1884e+01 -9.5947e+00 -2.5223e+01 -9.7048e+00 +1.6712e+01 +1.5337e+01 -1.5300e+01
% f evaluations | g evaluations | best noise-free fitness - Fopt (1.000000000000e+03) + sum g_i+ | measured fitness | best measured fitness or single-digit g-values | x1 | x2...
1 0 +2.054803227e+02 +1.205480323e+03 +1.205480323e+03 -4.1085e-01 -3.4806e-02 +3.1956e-01 -5.1435e-02 +4.9342e-01 -4.3659e-01 +6.9664e-02 -1.3806e-01 +7.8281e-03 +2.6818e-01
2 0 +2.036225503e+02 +1.203622550e+03 +1.203622550e+03 +3.1627e-01 -2.8360e-01 +5.0091e-01 +2.6597e-01 -5.3538e-02 +9.3657e-02 -1.8170e-01 +2.5169e-02 +1.1882e-01 +1.4258e-01
15 0 +1.984888799e+02 +1.198488880e+03 +1.198488880e+03 +4.0453e-01 +7.3600e-02 +1.5497e-01 +7.3610e-01 +4.9757e-01 -7.3210e-02 -2.0837e-01 +2.2470e-01 +2.5724e-01 -3.8334e-01
23 0 +1.852401198e+02 +1.185240120e+03 +1.185240120e+03 -7.2213e-01 -6.5884e-01 +3.9028e-01 +5.1658e-01 +6.4508e-01 -6.8543e-02 -5.9209e-01 -5.2223e-01 +8.9513e-01 -6.2114e-01
41 0 +1.790549335e+02 +1.179054933e+03 +1.179054933e+03 -8.8382e-01 -1.0063e+00 +3.0577e-01 +5.9762e-01 +6.4259e-01 +5.2726e-01 -7.3999e-01 -4.7827e-01 +1.4792e+00 -9.8391e-01
53 0 +1.754418101e+02 +1.175441810e+03 +1.175441810e+03 -1.3270e+00 -1.2849e+00 +2.2740e-01 +1.4789e+00 +2.3612e-01 +2.3724e-01 -1.1886e+00 -1.7564e-01 +1.9552e+00 -5.4739e-01
59 0 +1.662917264e+02 +1.166291726e+03 +1.166291726e+03 -9.3016e-01 -4.4560e-01 +8.2674e-01 +5.0191e-01 +6.1575e-01 -2.3537e-01 -5.7995e-01 -1.2100e+00 +1.3028e+00 -1.6076e+00
65 0 +1.641422482e+02 +1.164142248e+03 +1.164142248e+03 -4.0755e-01 -8.0961e-01 +6.5959e-01 +9.8392e-01 +2.0663e-01 +4.1518e-01 -1.5044e+00 -9.5936e-01 +1.8481e+00 -1.2647e+00
73 0 +1.392118729e+02 +1.139211873e+03 +1.139211873e+03 -1.7253e+00 -1.1980e+00 +4.9094e-01 +1.8087e+00 -1.9946e-01 +1.0704e-01 -1.9180e+00 -7.8221e-01 +2.9072e+00 -2.3970e+00
84 0 +1.334039702e+02 +1.133403970e+03 +1.133403970e+03 -6.4355e-02 -2.1449e+00 +6.8712e-01 +2.3098e+00 -1.2363e+00 +1.9171e-01 -2.4660e+00 -7.4350e-01 +2.2606e+00 -3.1370e+00
92 0 +1.293790534e+02 +1.129379053e+03 +1.129379053e+03 -1.7841e-01 -9.5273e-01 +5.4842e-01 +1.0089e+00 -7.8169e-01 -6.0411e-02 -2.2580e+00 -1.8556e+00 +2.9259e+00 -2.6281e+00
93 0 +1.208930393e+02 +1.120893039e+03 +1.120893039e+03 +1.7990e-01 -1.5673e+00 +1.3644e+00 +1.3109e+00 -1.1945e+00 -8.7409e-01 -1.8342e+00 -6.0547e-01 +3.6394e+00 -3.3771e+00
97 0 +1.057592089e+02 +1.105759209e+03 +1.105759209e+03 -8.6320e-02 -2.8840e+00 +1.2605e+00 +1.6794e+00 +5.4391e-01 -4.6705e-01 -1.9101e+00 -2.2757e+00 +3.2214e+00 -4.8891e+00
104 0 +1.024981881e+02 +1.102498188e+03 +1.102498188e+03 -2.8695e+00 -3.9739e+00 +2.5527e+00 +2.3557e+00 +2.8164e-01 +6.3614e-02 -2.5865e+00 -5.0718e-01 +3.9709e+00 -5.8902e+00
108 0 +9.809070321e+01 +1.098090703e+03 +1.098090703e+03 -3.0873e-01 -4.1404e+00 -9.6758e-02 +1.5881e+00 +8.2417e-01 -2.4914e-01 -2.3564e+00 -3.9213e+00 +3.6971e+00 -4.6363e+00
112 0 +9.023240751e+01 +1.090232408e+03 +1.090232408e+03 -1.3425e+00 -6.6926e+00 +1.6131e+00 +2.1668e+00 +2.6345e+00 -2.1390e-01 -3.6422e+00 -2.5022e+00 +5.2886e+00 -7.2196e+00
113 0 +8.075863129e+01 +1.080758631e+03 +1.080758631e+03 +1.1255e+00 -4.4010e+00 +2.8385e+00 +3.2969e+00 -7.3775e-01 -6.3267e-01 -3.3249e+00 -2.8460e+00 +4.0993e+00 -6.7758e+00
121 0 +6.794219364e+01 +1.067942194e+03 +1.067942194e+03 +7.7323e-01 -5.6496e+00 +3.4079e+00 +2.1339e+00 -3.6161e+00 +3.3210e-01 -3.5965e+00 -3.3225e+00 +7.2514e+00 -5.9304e+00
125 0 +6.733749806e+01 +1.067337498e+03 +1.067337498e+03 -1.5483e+00 -6.1907e-01 +4.6230e+00 +1.4131e-01 -2.6550e-01 -2.0333e+00 -4.3961e+00 -3.8499e+00 +5.7161e+00 -3.8001e+00
128 0 +6.093931655e+01 +1.060939317e+03 +1.060939317e+03 +2.9747e+00 -4.2287e+00 +3.2359e+00 +1.9325e+00 -1.8450e+00 -1.4443e+00 -4.3059e+00 -3.8800e+00 +5.7970e+00 -5.4120e+00
136 0 +5.827077189e+01 +1.058270772e+03 +1.058270772e+03 +1.8326e+00 -5.7181e+00 +4.9306e-01 +3.4120e+00 -1.8550e+00 -1.3549e+00 -8.1341e+00 -4.1985e+00 +5.9953e+00 -6.7335e+00
140 0 +3.918967372e+01 +1.039189674e+03 +1.039189674e+03 +6.5175e-01 -3.8802e+00 +7.9673e+00 +3.0825e+00 -3.0612e+00 -2.3301e+00 -5.5800e+00 -4.5083e+00 +6.1034e+00 -6.1957e+00
144 0 +3.357239793e+01 +1.033572398e+03 +1.033572398e+03 -1.9885e+00 -5.1253e+00 +3.8278e+00 +4.1073e+00 -3.4580e+00 -2.4449e+00 -5.8384e+00 -4.9780e+00 +5.7597e+00 -8.3022e+00
158 0 +2.823765097e+01 +1.028237651e+03 +1.028237651e+03 +5.7124e-01 -5.2722e+00 +2.7459e+00 +3.7273e+00 -8.0820e+00 -4.1938e+00 -7.7387e+00 -8.0925e+00 +7.2200e+00 -9.3137e+00
160 0 +2.533833996e+01 +1.025338340e+03 +1.025338340e+03 -1.3517e+00 -5.4807e+00 +8.2724e+00 +3.1291e+00 -4.9448e+00 -3.8955e+00 -8.6150e+00 -5.0280e+00 +5.6724e+00 -1.1937e+01
164 0 +2.393613697e+01 +1.023936137e+03 +1.023936137e+03 +2.3553e-01 -1.4575e+00 +1.1017e+01 +6.0879e+00 -8.6522e+00 -3.8075e+00 -4.9321e+00 -7.1865e+00 +4.2561e+00 -6.5976e+00
172 0 +2.233887641e+01 +1.022338876e+03 +1.022338876e+03 +1.0847e+00 -2.7245e+00 +8.0859e+00 +2.0862e+00 -7.4601e+00 -7.1302e+00 -6.9405e+00 -6.1863e+00 +1.2071e+01 -9.2204e+00
180 0 +1.852595118e+01 +1.018525951e+03 +1.018525951e+03 -2.5411e+00 -3.4017e+00 +1.1434e+01 +2.5790e+00 -7.4847e+00 -8.0712e+00 -5.0721e+00 -6.4885e+00 +5.0571e+00 -1.2299e+01
185 0 +1.140053977e+01 +1.011400540e+03 +1.011400540e+03 -3.4696e+00 -2.6421e+00 +1.6278e+01 +8.9099e+00 -9.2630e+00 -1.0860e+01 -5.5267e+00 -1.3588e+01 +7.8663e+00 -6.2215e+00
193 0 +6.892495676e+00 +1.006892496e+03 +1.006892496e+03 -2.7422e+00 +1.4115e+00 +1.3697e+01 +5.0228e+00 -1.0705e+01 -5.5939e+00 -8.7016e+00 -7.5550e+00 +1.3187e+01 -1.3012e+01
202 0 +0.000000000e+00 +1.000000000e+03 +1.000000000e+03 -7.4589e+00 +1.0210e+01 +1.6828e+01 +1.0706e+01 -1.1203e+01 -1.1468e+01 -9.4860e+00 -1.6210e+01 +6.2741e+00 -1.3569e+01
1010 0 +0.000000000e+00 +1.000000000e+03 +1.000000000e+03 -7.4589e+00 +1.0210e+01 +1.6828e+01 +1.0706e+01 -1.1203e+01 -1.1468e+01 -9.4860e+00 -1.6210e+01 +6.2741e+00 -1.3569e+01
% f evaluations | g evaluations | best noise-free fitness - Fopt (-1.830200000000e+02) + sum g_i+ | measured fitness | best measured fitness or single-digit g-values | x1 | x2...
1 0 +2.091783495e+02 +2.615834947e+01 +2.615834947e+01 -2.3401e-01 -1.3499e-01 +2.6352e-01 +2.2730e-01 -6.8710e-01 -2.5557e-01 +6.1247e-02 +4.0000e-01 -5.8607e-01 +2.3848e-01
3 0 +2.082460116e+02 +2.522601164e+01 +2.522601164e+01 +2.4571e-01 -1.2996e-01 -3.5263e-01 +4.7809e-02 +2.5911e-01 +3.3101e-01 +6.0899e-02 -2.6316e-01 -5.5938e-01 -2.2296e-01
10 0 +2.040410875e+02 +2.102108753e+01 +2.102108753e+01 +2.6896e-01 +3.8026e-01 +3.4447e-01 +4.4162e-01 -4.2745e-04 -6.2159e-01 +6.7098e-02 -1.8253e-01 -3.2343e-01 +6.0089e-01
12 0 +1.975306614e+02 +1.451066141e+01 +1.451066141e+01 -5.3904e-02 -6.6899e-02 +1.6375e-01 +9.4138e-02 -4.8201e-01 -1.4373e-01 +2.1404e-01 -6.9242e-02 +2.6837e-01 +4.9363e-01
25 0 +1.921018329e+02 +9.081832868e+00 +9.081832868e+00 -4.9649e-02 +5.4129e-01 +3.6196e-01 +2.3409e-01 -3.5105e-01 -5.1407e-01 -5.8509e-03 -1.9693e-01 +4.2564e-01 +1.0470e+00
32 0 +1.818488283e+02 -1.171171684e+00 -1.171171684e+00 -7.6300e-01 +3.7175e-02 +2.4110e-01 -2.1362e-01 -5.7430e-01 -1.6212e-01 -5.7219e-03 -9.1654e-01 +8.8039e-01 +9.8987e-01
45 0 +1.775934106e+02 -5.426589407e+00 -5.426589407e+00 -2.1759e-01 -2.0831e-01 -6.6363e-01 -4.5748e-01 -6.7518e-01 -5.8176e-01 -5.9466e-01 -9.1455e-01 +7.2883e-01 +1.0936e+00
51 0 +1.679527311e+02 -1.506726888e+01 -1.506726888e+01 -1.0642e+00 +6.5464e-02 +7.2313e-02 -7.5820e-01 -9.3993e-01 +5.6318e-02 +2.2109e-01 -1.1615e+00 +1.5782e+00 +1.5057e+00
60 0 +1.653063797e+02 -1.771362035e+01 -1.771362035e+01 -1.4146e-01 -6.2887e-01 -6.0742e-01 -3.0803e-01 -6.7980e-01 +1.3438e-01 -3.1421e-01 -1.3024e+00 +1.3282e+00 +1.4769e+00
63 0 +1.504972256e+02 -3.252277445e+01 -3.252277445e+01 -6.8458e-01 +1.8649e-01 -6.2381e-01 +5.8381e-02 -1.4279e+00 +3.9506e-01 -3.8157e-01 -1.5374e+00 +1.6972e+00 +2.4340e+00
78 0 +1.428604592e+02 -4.015954085e+01 -4.015954085e+01 -7.2238e-02 -4.8191e-01 +2.7321e-01 -1.1022e+00 -1.1138e+00 +1.0349e-01 -3.4278e-01 -1.8263e+00 +2.5103e+00 +2.3571e+00
81 0 +1.334055802e+02 -4.961441976e+01 -4.961441976e+01 +4.7061e-01 -8.0344e-01 +8.9369e-01 -6.1313e-01 -1.1180e+00 +1.3668e-01 -8.1289e-01 -2.4219e+00 +3.0844e+00 +2.3828e+00
92 0 +1.149373936e+02 -6.808260643e+01 -6.808260643e+01 +7.3032e-02 -1.7542e+00 +1.8383e+00 +1.9864e-01 -5.8559e-01 -3.0350e-01 -1.3659e+00 -2.8906e+00 +4.7513e+00 +2.9571e+00
108 0 +9.996884969e+01 -8.305115031e+01 -8.305115031e+01 -1.3749e+00 -1.5430e+00 +5.3446e-01 -1.7420e+00 +1.4236e-01 +1.7465e+00 +5.4519e-01 -2.7344e+00 +5.0103e+00 +4.2444e+00
116 0 +7.989024013e+01 -1.031297599e+02 -1.031297599e+02 -6.9616e-01 -1.7220e+00 +8.0602e-02 -1.1834e+00 +2.8040e-02 -9.0702e-01 -2.2391e+00 -4.1278e+00 +5.4793e+00 +6.1638e+00
126 0 +7.265722747e+01 -1.103627725e+02 -1.103627725e+02 -2.2060e+00 -1.7336e+00 -6.8503e-01 -1.9984e+00 -1.6274e+00 -1.3767e+00 -1.7108e+00 -6.3211e+00 +8.2714e+00 +6.8770e+00
127 0 +6.889998544e+01 -1.141200146e+02 -1.141200146e+02 -1.1622e+00 -1.7478e+00 -6.5557e-01 -3.1614e+00 -1.8933e+00 -1.4616e+00 -3.4915e+00 -3.5886e+00 +5.9497e+00 +5.0407e+00
131 0 +5.272135135e+01 -1.302986486e+02 -1.302986486e+02 -2.4294e+00 -1.9698e+00 -2.0279e+00 -3.7803e+00 -2.1241e+00 -8.3063e-01 -3.9581e+00 -6.7229e+00 +6.8767e+00 +5.3697e+00
135 0 +4.796969700e+01 -1.350503030e+02 -1.350503030e+02 -2.1188e+00 -3.6986e+00 -2.5532e+00 -5.0910e+00 -2.6291e+00 +1.7334e+00 -3.7897e+00 -3.1427e+00 +6.7009e+00 +5.4018e+00
141 0 +3.707883308e+01 -1.459411669e+02 -1.459411669e+02 -3.6416e+00 -3.5719e+00 -4.2839e-01 -5.4257e+00 -4.3652e+00 +2.2290e+00 -3.4397e+00 -6.4408e+00 +1.0420e+01 +7.2819e+00
151 0 +3.350291879e+01 -1.495170812e+02 -1.495170812e+02 -2.5953e+00 -2.2635e+00 -1.9685e+00 -3.1033e+00 -3.8744e+00 +5.2988e+00 -2.8244e+00 -1.0446e+01 +8.9238e+00 +6.1029e+00
153 0 +2.645275171e+01 -1.565672483e+02 -1.565672483e+02 -1.4328e+00 -4.8123e+00 -3.1838e+00 -4.3937e+00 -7.5590e+00 +7.0326e-01 -7.2872e+00 -1.1574e+01 +1.3602e+01 +7.8227e+00
162 0 +2.338527915e+01 -1.596347209e+02 -1.596347209e+02 -9.0836e+00 -2.7476e+00 -1.1678e+00 -5.1156e+00 -5.6586e+00 +6.7762e+00 -7.3091e+00 -7.6711e+00 +1.4484e+01 +5.3483e+00
163 0 +1.670846347e+01 -1.663115365e+02 -1.663115365e+02 -4.6095e+00 -5.7529e+00 -4.0805e+00 -3.2652e+00 -6.2363e+00 +4.4915e+00 -6.7531e+00 -1.0913e+01 +1.0939e+01 +9.3483e+00
165 0 +1.585811441e+01 -1.671618856e+02 -1.671618856e+02 -4.0192e+00 -5.1507e+00 -1.2656e+00 -4.7170e+00 -8.1426e+00 +7.4578e+00 -5.1998e+00 -1.4146e+01 +1.7647e+01 +7.2080e+00
174 0 +1.155566591e+01 -1.714643341e+02 -1.714643341e+02 -6.4585e+00 -4.9248e+00 -5.0102e+00 -6.5743e+00 -1.2597e+01 +5.8303e+00 -9.9741e+00 -1.1845e+01 +1.5605e+01 +1.4444e+01
184 0 +1.037444009e+01 -1.726455599e+02 -1.726455599e+02 -1.3630e+00 -5.2778e+00 -2.5952e+00 -6.1617e+00 -1.5291e+01 +5.0715e+00 -8.7638e+00 -1.3703e+01 +1.7475e+01 +2.4696e+01
188 0 +4.532638701e+00 -1.784873613e+02 -1.784873613e+02 +1.1219e+00 -4.4932e+00 -1.5062e+01 -9.1675e+00 -1.0493e+01 +1.4992e+01 -9.6058e+00 -9.9265e+00 +2.1919e+01 +1.7029e+01
211 0 +2.613009242e+00 -1.804069908e+02 -1.804069908e+02 +2.3870e+00 -8.1588e+00 -1.1556e+01 -8.9442e+00 -2.4417e+01 +1.4193e+01 -1.2026e+01 -1.9390e+01 +2.6864e+01 +1.6463e+01
218 0 +0.000000000e+00 -1.830200000e+02 -1.830200000e+02 +7.7128e+00 -6.0831e+00 -1.1438e+01 -1.5206e+01 -2.3576e+01 +2.0178e+01 -1.4551e+01 -1.2389e+01 +1.5357e+01 +1.8639e+01
1000 0 +0.000000000e+00 -1.830200000e+02 -1.830200000e+02 +7.7128e+00 -6.0831e+00 -1.1438e+01 -1.5206e+01 -2.3576e+01 +2.0178e+01 -1.4551e+01 -1.2389e+01 +1.5357e+01 +1.8639e+01
% f evaluations | g evaluations | best noise-free fitness - Fopt (-1.026200000000e+02) + sum g_i+ | measured fitness | best measured fitness or single-digit g-values | x1 | x2...
1 0 +2.055633106e+02 +1.029433106e+02 +1.029433106e+02 +3.6734e-01 -5.5151e-01 +5.6411e-01 -2.8246e-01 -3.4707e-01 +3.8162e-03 -1.3555e-01 +1.1091e-01 +1.7581e-01 -3.4333e-02
3 0 +2.051929050e+02 +1.025729050e+02 +1.025729050e+02 -2.3343e-01 +1.0531e-01 +1.3049e-02 -3.4803e-01 -3.2681e-01 -2.1502e-02 -2.7900e-01 +1.2810e-01 -6.1937e-02 +1.8584e-01
4 0 +2.004890579e+02 +9.786905789e+01 +9.786905789e+01 -3.5797e-02 -5.5572e-01 -8.5563e-02 -2.2933e-01 +2.6515e-01 -4.1288e-02 +2.2837e-01 -2.0461e-02 +3.5059e-01 -2.0184e-01
7 0 +1.984814944e+02 +9.586149440e+01 +9.586149440e+01 +2.5942e-01 +4.0477e-01 +3.2117e-01 +2.0009e-01 +2.8751e-01 -2.0349e-01 +6.1854e-02 +1.0596e-01 +2.2102e-01 +6.1833e-01
20 0 +1.879340746e+02 +8.531407461e+01 +8.531407461e+01 +3.1661e-01 -2.5433e-01 +9.8529e-04 -3.6080e-01 -6.8824e-02 +2.2852e-01 +4.6612e-01 -4.9307e-01 +8.5250e-01 +3.2763e-01
31 0 +1.843199120e+02 +8.169991202e+01 +8.169991202e+01 +1.5650e-01 -2.5099e-01 -5.5936e-01 +4.3477e-01 -3.9691e-01 +1.1236e+00 +6.2725e-01 -5.3179e-01 +8.1909e-01 +4.4888e-01
43 0 +1.815357242e+02 +7.891572425e+01 +7.891572425e+01 +5.8321e-01 -3.4735e-01 -4.2733e-01 +6.0812e-01 -3.3076e-01 +4.6029e-01 +2.3945e-01 -8.4382e-01 +1.2474e+00 +6.9821e-01
54 0 +1.744447478e+02 +7.182474782e+01 +7.182474782e+01 +3.1300e-01 -4.8946e-01 -9.2717e-01 +4.3187e-01 -2.2036e-01 +1.1475e+00 +7.8393e-01 -7.2788e-01 +1.0965e+00 +8.9650e-01
60 0 +1.715685421e+02 +6.894854208e+01 +6.894854208e+01 -1.8745e-01 -4.6789e-01 -7.8492e-01 +9.3751e-01 -1.1522e-02 +1.2360e+00 +2.7824e-01 -5.9087e-01 +1.7962e+00 +9.5467e-01
67 0 +1.677660041e+02 +6.514600413e+01 +6.514600413e+01 +9.3514e-01 -5.2750e-01 -1.0483e+00 +1.0803e+00 -2.1067e-01 +8.2194e-01 +1.0108e+00 -1.7502e+00 +2.0252e+00 +4.1819e-01
71 0 +1.625193011e+02 +5.989930105e+01 +5.989930105e+01 +3.8153e-01 -8.7773e-01 -1.1257e+00 +1.0993e+00 -2.0080e-01 +2.0276e+00 +6.8669e-01 -1.5743e+00 +2.1803e+00 +5.3323e-01
74 0 +1.614164023e+02 +5.879640228e+01 +5.879640228e+01 +3.8897e-01 -6.4752e-01 -1.1325e+00 +6.3600e-01 -2.3225e-01 +1.1058e+00 +4.2856e-01 -1.5316e+00 +1.7693e+00 +1.3767e+00
75 0 +1.583599819e+02 +5.573998195e+01 +5.573998195e+01 +8.8086e-02 -2.7411e-01 -3.9382e-01 +3.4117e-01 +1.8834e-01 +7.2637e-01 +1.0459e+00 -8.1428e-01 +2.5397e+00 +1.3265e+00
82 0 +1.445306155e+02 +4.191061545e+01 +4.191061545e+01 -5.0827e-01 +1.5773e-01 -1.6221e-01 +1.5093e+00 -2.9500e-01 +1.7648e+00 +1.2500e+00 -1.6814e+00 +2.4849e+00 +2.1850e+00
86 0 +1.400207272e+02 +3.740072716e+01 +3.740072716e+01 +2.2787e-01 +4.9418e-01 -1.0488e+00 +7.6171e-01 -2.0355e-01 +1.4004e+00 +1.0732e+00 -1.0748e+00 +3.2665e+00 +2.3902e+00
91 0 +1.369018907e+02 +3.428189072e+01 +3.428189072e+01 +3.0594e-01 -8.2005e-02 -2.8553e-01 +6.7312e-01 -2.1584e-01 +1.1450e+00 +1.9816e+00 -2.1867e+00 +2.3780e+00 +2.4387e+00
92 0 +1.330219536e+02 +3.040195360e+01 +3.040195360e+01 +5.2774e-01 +7.5181e-02 -9.9572e-01 +5.7070e-01 -2.4810e-01 +2.5205e+00 +1.9409e+00 -2.1351e+00 +2.4831e+00 +2.2117e+00
104 0 +1.133827339e+02 +1.076273390e+01 +1.076273390e+01 -1.2824e-01 -7.3380e-01 -6.4510e-01 -1.2382e-01 +6.3494e-01 +1.6717e+00 +1.9225e+00 -1.7237e+00 +3.4781e+00 +3.4585e+00
111 0 +1.037017508e+02 +1.081750789e+00 +1.081750789e+00 +4.4487e-01 -5.3579e-01 +3.6053e-01 -4.9322e-02 +1.3603e+00 +2.7847e+00 +1.6148e+00 -1.9219e+00 +5.1708e+00 +2.9371e+00
122 0 +8.667351385e+01 -1.594648615e+01 -1.594648615e+01 +1.1041e+00 -2.2959e-01 +1.3894e-01 +2.6082e-01 +2.7063e-01 +4.4381e+00 +2.1827e+00 -3.4640e+00 +4.7607e+00 +3.4815e+00
124 0 +8.012085878e+01 -2.249914122e+01 -2.249914122e+01 +6.7478e-01 -3.4970e-01 -2.2681e-01 +7.5804e-01 +9.0554e-01 +2.8116e+00 +2.2944e+00 -4.0491e+00 +5.8910e+00 +3.9444e+00
125 0 +7.484334459e+01 -2.777665541e+01 -2.777665541e+01 +2.7013e-01 +3.9716e-02 +5.9213e-01 +3.2337e-01 +3.3110e-01 +2.8279e+00 +3.8783e+00 -4.3464e+00 +4.5388e+00 +4.1226e+00
133 0 +6.148469315e+01 -4.113530685e+01 -4.113530685e+01 +5.0300e-01 -1.3263e+00 +1.7524e+00 +3.8984e-01 +7.2765e-01 +3.5816e+00 +4.5822e+00 -3.4260e+00 +7.0530e+00 +5.1810e+00
137 0 +5.690044460e+01 -4.571955540e+01 -4.571955540e+01 -5.9172e-01 +7.8503e-01 -3.6116e-01 +1.0756e+00 -4.6905e-01 +3.9150e+00 +3.9065e+00 -5.8524e+00 +6.2650e+00 +6.6682e+00
141 0 +5.559196074e+01 -4.702803926e+01 -4.702803926e+01 -9.8248e-01 -8.5049e-01 +3.4619e-01 +1.8650e-01 -9.0599e-01 +4.1031e+00 +5.3444e+00 -4.0824e+00 +8.6751e+00 +4.9035e+00
152 0 +4.846525129e+01 -5.415474871e+01 -5.415474871e+01 +4.9488e-01 -8.1987e-01 +4.4960e+00 -2.0975e+00 +2.3425e-01 +4.6391e+00 +4.8018e+00 -5.9318e+00 +8.0689e+00 +6.2876e+00
153 0 +3.728372480e+01 -6.533627520e+01 -6.533627520e+01 -2.4154e+00 -8.9917e-01 -1.8058e+00 -2.7324e+00 +6.7271e-02 +5.5757e+00 +4.5536e+00 -7.0146e+00 +8.3301e+00 +4.6609e+00
170 0 +3.268264217e+01 -6.993735783e+01 -6.993735783e+01 -2.7541e+00 +3.6938e-01 +3.7454e+00 -7.2107e+00 +1.8540e+00 +4.9555e+00 +6.8868e+00 -5.2067e+00 +7.6139e+00 +6.1683e+00
172 0 +3.191308403e+01 -7.070691597e+01 -7.070691597e+01 -4.8420e+00 -2.8833e-01 +3.0899e+00 -3.7793e+00 +1.5697e+00 +6.9741e+00 +8.4590e+00 -1.0822e+01 +7.8662e+00 +6.0159e+00
185 0 +2.964318109e+01 -7.297681891e+01 -7.297681891e+01 -3.5410e+00 -2.8257e+00 +1.7576e+00 -5.0526e+00 +3.9038e+00 +1.9243e+00 +1.0039e+01 -1.0888e+01 +1.0987e+01 +9.1647e+00
187 0 +2.742060837e+01 -7.519939163e+01 -7.519939163e+01 -3.2142e+00 -3.5191e+00 +1.1426e+00 -4.2265e+00 +7.5602e-01 +7.1640e+00 +6.3169e+00 -1.0178e+01 +1.2474e+01 +7.8136e+00
192 0 +1.450893724e+01 -8.811106276e+01 -8.811106276e+01 -7.0516e+00 -3.1895e+00 +7.6910e-01 -5.9865e+00 +4.0846e+00 +8.2574e+00 +6.0478e+00 -8.0329e+00 +1.2887e+01 +1.0658e+01
206 0 +2.301974092e+00 -1.003180259e+02 -1.003180259e+02 -6.8340e+00 -5.9879e+00 -3.6200e+00 -8.9497e+00 +5.0351e+00 +7.0164e+00 +6.6307e+00 -7.2162e+00 +1.3121e+01 +1.6992e+01
224 0 +6.479582653e-01 -1.019720417e+02 -1.019720417e+02 -1.1717e+01 -8.8057e+00 -8.3421e+00 -6.1626e+00 +7.3602e+00 +4.8197e+00 +1.7011e+01 -5.9769e+00 +1.0691e+01 +1.5443e+01
234 0 +0.000000000e+00 -1.026200000e+02 -1.026200000e+02 -5.1903e+00 -6.0537e+00 -7.1146e+00 -6.8381e+00 +1.0061e+01 +5.4981e+00 +1.0905e+01 -6.9779e+00 +1.2100e+01 +9.6353e+00
1000 0 +0.000000000e+00 -1.026200000e+02 -1.026200000e+02 -5.1903e+00 -6.0537e+00 -7.1146e+00 -6.8381e+00 +1.0061e+01 +5.4981e+00 +1.0905e+01 -6.9779e+00 +1.2100e+01 +9.6353e+00
% f evaluations | g evaluations | best noise-free fitness - Fopt (9.953000000000e+01) + sum g_i+ | measured fitness | best measured fitness or single-digit g-values | x1 | x2...
1 0 +2.082184603e+02 +3.077484603e+02 +3.077484603e+02 +2.0575e-01 +1.1945e-01 +2.3149e-01 -3.1296e-01 +2.4161e-01 -3.1659e-01 +2.1037e-01 -1.0075e-01 +2.4497e-01 +1.6687e-01
2 0 +1.998036020e+02 +2.993336020e+02 +2.993336020e+02 +3.6754e-01 -9.2883e-02 -1.1083e-01 -2.1249e-01 -3.8382e-02 +3.2400e-01 +3.8393e-01 +1.2643e-01 +1.0791e-01 -3.8184e-01
3 0 +1.990584165e+02 +2.985884165e+02 +2.985884165e+02 +2.5085e-01 +1.3997e-01 +2.1370e-02 +7.5822e-02 -1.9162e-01 +4.1446e-01 +7.6332e-01 +3.2069e-02 -1.7789e-01 +9.1277e-03
15 0 +1.909585285e+02 +2.904885285e+02 +2.904885285e+02 +1.3438e-01 -5.8257e-01 -1.1019e-02 -8.3006e-02 -3.4549e-01 -3.3621e-01 +6.0166e-01 -6.5047e-01 -2.0767e-01 -6.8011e-01
22 0 +1.892029530e+02 +2.887329530e+02 +2.887329530e+02 +1.1866e-01 -1.0174e+00 +3.6263e-01 -5.2753e-01 -1.9757e-01 +2.2568e-01 +8.1136e-01 -5.8390e-01 -5.1298e-01 -4.1912e-01
24 0 +1.798246441e+02 +2.793546441e+02 +2.793546441e+02 +6.8750e-01 -6.0286e-01 -4.0941e-02 -6.1181e-01 +1.0279e-01 -2.1294e-01 +7.8980e-01 -8.8291e-01 -1.1262e+00 -8.4827e-01
38 0 +1.769266593e+02 +2.764566593e+02 +2.764566593e+02 +2.2190e-01 -8.5597e-01 +5.3854e-01 -2.6829e-01 +5.7575e-01 -1.9744e-01 +7.9544e-01 -8.0626e-01 -1.1873e+00 -9.4033e-01
42 0 +1.701646273e+02 +2.696946273e+02 +2.696946273e+02 +8.9228e-01 -8.5317e-01 +1.0929e-01 -2.1674e-01 +4.9181e-01 +1.3137e-01 +1.4776e+00 -1.4987e+00 -6.9938e-01 -1.1525e+00
51 0 +1.587937394e+02 +2.583237394e+02 +2.583237394e+02 +6.0878e-01 -1.0632e+00 -2.0886e-01 -9.3384e-01 +3.1501e-01 -6.4567e-01 +1.4206e+00 -1.6876e+00 -1.5214e+00 -1.9407e+00
59 0 +1.574095239e+02 +2.569395239e+02 +2.569395239e+02 +6.7054e-01 -5.5705e-01 -6.0002e-01 -2.6537e-01 +4.2273e-01 +3.3446e-01 +1.0473e+00 -1.8672e+00 -1.6384e+00 -1.5342e+00
63 0 +1.541632093e+02 +2.536932093e+02 +2.536932093e+02 +7.6209e-01 -1.0445e+00 -6.0894e-01 -3.4108e-01 +6.7545e-01 -1.6391e-02 +1.1820e+00 -1.2935e+00 -2.9189e+00 -1.1655e+00
66 0 +1.448746679e+02 +2.444046679e+02 +2.444046679e+02 +1.0029e+00 -6.5770e-01 +3.0908e-01 -4.4434e-01 -6.3131e-01 +9.7821e-02 +2.2786e+00 -2.7630e+00 -1.3025e+00 -2.5279e+00
80 0 +1.333145541e+02 +2.328445541e+02 +2.328445541e+02 +1.0625e+00 +1.3733e-01 -8.2705e-01 -1.2372e+00 -1.7161e-01 -7.9089e-01 +1.7540e+00 -3.7512e+00 -2.0699e+00 -3.0223e+00
87 0 +1.291823060e+02 +2.287123060e+02 +2.287123060e+02 +1.4700e+00 -1.0662e+00 -1.7004e+00 -5.4226e-01 +5.3636e-01 -2.3409e-01 +2.7783e+00 -2.6228e+00 -1.6738e+00 -3.1360e+00
89 0 +1.152324251e+02 +2.147624251e+02 +2.147624251e+02 +1.5184e+00 -1.8614e+00 -1.0797e+00 -5.7040e-01 +3.8451e-01 -2.4686e-02 +2.5635e+00 -2.7248e+00 -2.9936e+00 -3.5264e+00
96 0 +9.865884616e+01 +1.981888462e+02 +1.981888462e+02 +1.1044e+00 -1.1579e+00 -1.1695e+00 -5.6052e-01 -1.0112e-01 +8.4223e-01 +4.0435e+00 -2.5432e+00 -4.1018e+00 -3.6036e+00
101 0 +9.068011011e+01 +1.902101101e+02 +1.902101101e+02 -6.3999e-01 -1.9928e+00 -2.8074e+00 -5.9991e-01 +1.4981e+00 -5.2112e-01 +6.7593e+00 -4.4174e+00 -2.5428e+00 -3.5390e+00
107 0 +7.861107032e+01 +1.781410703e+02 +1.781410703e+02 +1.7130e-01 +3.9161e-01 -1.0813e+00 +2.5339e-01 +8.3844e-01 +1.1310e+00 +3.1808e+00 -4.6932e+00 -3.1988e+00 -5.7420e+00
108 0 +7.382129847e+01 +1.733512985e+02 +1.733512985e+02 +1.2808e+00 -3.3975e+00 +3.0303e-01 +1.2282e-01 -1.1640e+00 +4.2082e-01 +4.0496e+00 -5.4157e+00 -3.9542e+00 -5.7778e+00
115 0 +7.091855098e+01 +1.704485510e+02 +1.704485510e+02 -1.4467e+00 -2.8731e+00 -3.8604e-01 +5.7500e-01 +1.2852e+00 +1.1976e+00 +4.9596e+00 -5.2885e+00 -2.0037e+00 -5.8718e+00
118 0 +6.186686748e+01 +1.613968675e+02 +1.613968675e+02 +1.4176e-01 -3.4992e+00 +1.1884e+00 -1.4707e+00 -3.7412e-01 +9.6512e-01 +4.7697e+00 -5.4366e+00 -5.2792e+00 -6.3799e+00
125 0 +5.080475073e+01 +1.503347507e+02 +1.503347507e+02 -1.0492e+00 -2.0631e+00 -2.1919e+00 +2.2693e-01 +9.8019e-02 +9.7832e-01 +6.4763e+00 -6.6796e+00 -6.6515e+00 -9.0438e+00
132 0 +4.794579298e+01 +1.474757930e+02 +1.474757930e+02 +1.0227e+00 -2.5244e+00 +1.7970e-01 +1.3015e+00 +2.0041e+00 +1.5025e+00 +8.0603e+00 -6.7112e+00 -4.8435e+00 -6.6688e+00
137 0 +4.134907437e+01 +1.408790744e+02 +1.408790744e+02 +1.0883e+00 -2.8486e+00 +1.4490e-01 -7.2221e-01 +3.9668e+00 +2.5800e+00 +6.7106e+00 -6.7676e+00 -1.0668e+01 -7.8018e+00
150 0 +3.284084887e+01 +1.323708489e+02 +1.323708489e+02 +1.6556e+00 -1.4474e+00 -3.1851e+00 +1.5213e+00 +2.7039e+00 +5.4644e+00 +1.0280e+01 -4.2184e+00 -7.4778e+00 -1.1465e+01
154 0 +2.716815787e+01 +1.266981579e+02 +1.266981579e+02 +3.9563e-01 -1.0668e+00 -3.5442e+00 -2.9365e-01 +4.0567e+00 +9.0620e+00 +5.7618e+00 -5.2884e+00 -4.9697e+00 -9.5211e+00
163 0 +2.201088129e+01 +1.215408813e+02 +1.215408813e+02 -3.9681e+00 -2.9031e+00 -1.4326e+00 -7.1842e-01 +7.8714e+00 +5.9159e+00 +9.0864e+00 -7.4754e+00 -5.8648e+00 -1.3967e+01
174 0 +1.906840139e+01 +1.185984014e+02 +1.185984014e+02 -2.1504e+00 -6.1012e+00 -4.1344e+00 -9.6966e-01 +9.8951e+00 +4.4675e+00 +8.9253e+00 -5.9789e+00 -7.4245e+00 -8.3809e+00
177 0 +1.392754442e+01 +1.134575444e+02 +1.134575444e+02 -8.8432e-01 -7.7329e+00 -4.8489e+00 +5.6271e-01 +8.2623e+00 +6.4000e+00 +9.5439e+00 -9.1165e+00 -6.0641e+00 -1.4074e+01
190 0 +6.126255329e+00 +1.056562553e+02 +1.056562553e+02 -5.3871e+00 -4.1211e+00 -2.2040e+00 +7.1489e+00 +5.6321e+00 +1.1431e+01 +4.9295e+00 -1.1041e+01 -5.9822e+00 -9.1747e+00
192 0 +5.977969390e+00 +1.055079694e+02 +1.055079694e+02 -4.2794e+00 -6.8397e+00 -4.9101e+00 +2.9887e+00 +7.2137e+00 +8.3182e+00 +1.1434e+01 -1.4573e+01 -4.9000e+00 -2.1654e+01
206 0 +5.682248668e+00 +1.052122487e+02 +1.052122487e+02 -4.3023e+00 -9.5145e+00 -5.5077e+00 +3.5573e+00 +9.4806e+00 +1.3444e+01 +1.1982e+01 -1.4689e+01 -4.7577e+00 -1.8341e+01
213 0 +2.933804798e+00 +1.024638048e+02 +1.024638048e+02 -4.4880e+00 -1.1019e+01 -5.4445e+00 +3.8759e+00 +1.1375e+01 +1.1897e+01 +1.4606e+01 -1.9629e+01 -1.1313e+01 -1.4247e+01
214 0 +0.000000000e+00 +9.953000000e+01 +9.953000000e+01 -5.9992e+00 -8.5064e+00 -7.8012e+00 +8.7854e+00 +9.0425e+00 +1.0082e+01 +1.4028e+01 -1.5862e+01 -5.3189e+00 -1.8371e+01
1000 0 +0.000000000e+00 +9.953000000e+01 +9.953000000e+01 -5.9992e+00 -8.5064e+00 -7.8012e+00 +8.7854e+00 +9.0425e+00 +1.0082e+01 +1.4028e+01 -1.5862e+01 -5.3189e+00 -1.8371e+01
% f evaluations | g evaluations | best noise-free fitness - Fopt (1.495900000000e+02) + sum g_i+ | measured fitness | best measured fitness or single-digit g-values | x1 | x2...
1 0 +1.990870540e+02 +3.486770540e+02 +3.486770540e+02 -3.3786e-01 +2.3812e-01 -1.9997e-01 +3.0030e-01 +1.6706e-01 +1.3284e-01 -1.1155e-01 +1.9794e-01 +4.0427e-01 -2.5606e-01
3 0 +1.980225298e+02 +3.476125298e+02 +3.476125298e+02 +2.9505e-01 -2.6583e-01 -8.1257e-02 +3.6613e-02 -2.7223e-01 +1.3479e-01 +5.4202e-01 -3.3413e-01 +1.3503e-01 -1.6155e-01
16 0 +1.910455656e+02 +3.406355656e+02 +3.406355656e+02 +1.1971e-01 -8.5393e-02 -3.5175e-01 -2.8694e-01 +4.2288e-01 +4.4409e-02 +4.3507e-01 +2.8005e-01 -1.7551e-02 -1.0786e+00
17 0 +1.867166898e+02 +3.363066898e+02 +3.363066898e+02 -1.2366e-01 +6.9856e-01 +3.6637e-01 +7.2652e-01 +3.0839e-01 +7.8938e-01 +8.3552e-01 -3.9197e-01 +2.3319e-01 -7.0530e-01
27 0 +1.861126897e+02 +3.357026897e+02 +3.357026897e+02 -1.6921e-01 -5.0830e-01 +2.8569e-01 +3.8092e-01 +1.9962e-02 +3.5876e-01 +1.0196e+00 -4.1455e-01 +6.7285e-01 -6.2472e-01
32 0 +1.793667021e+02 +3.289567021e+02 +3.289567021e+02 +8.2835e-02 +9.4882e-01 +1.4372e+00 +2.4047e-01 +7.3067e-01 +1.5166e+00 +1.2356e+00 -3.1615e-01 +3.3662e-01 -9.0334e-01
41 0 +1.759953653e+02 +3.255853653e+02 +3.255853653e+02 -5.9634e-01 +1.7465e-02 +1.7426e-03 -5.9254e-02 +3.8144e-01 +1.3970e+00 +1.3948e+00 -3.2452e-01 +3.3639e-01 -1.0503e+00
42 0 +1.726871493e+02 +3.222771493e+02 +3.222771493e+02 -3.9324e-01 -5.7655e-02 +3.7289e-01 +6.5916e-01 +1.8940e-01 +1.4469e+00 +7.5578e-01 -1.0115e+00 +8.8085e-01 -1.1265e+00
44 0 +1.665242259e+02 +3.161142259e+02 +3.161142259e+02 -4.1249e-02 +3.4945e-01 +3.1222e-01 +1.2183e-01 +5.0406e-01 +4.5524e-01 +1.8729e+00 -4.9320e-01 +8.3000e-01 -1.6999e+00
49 0 +1.645965993e+02 +3.141865993e+02 +3.141865993e+02 -2.7751e-01 +5.6641e-01 +8.0251e-01 +4.2429e-01 +6.9033e-01 +9.7652e-01 +1.0231e+00 -8.8299e-01 +9.2526e-01 -1.8358e+00
53 0 +1.478551398e+02 +2.974451398e+02 +2.974451398e+02 -4.4015e-01 +9.8086e-01 +1.2032e+00 +2.1870e-01 +2.1877e-02 +1.2350e+00 +2.1116e+00 -1.0629e+00 +1.2878e+00 -2.6621e+00
67 0 +1.405707461e+02 +2.901607461e+02 +2.901607461e+02 -7.2366e-01 +9.5926e-01 +1.4069e+00 +4.6108e-01 -1.1103e-01 +1.3132e+00 +1.6478e+00 -4.2767e-01 +1.8591e+00 -3.6137e+00
71 0 +1.348370574e+02 +2.844270574e+02 +2.844270574e+02 -1.5467e+00 +1.0110e+00 +1.6027e+00 -3.0405e-01 +8.0962e-01 +1.0824e+00 +2.0787e+00 -1.1793e+00 +2.1261e+00 -2.9354e+00
76 0 +1.236697238e+02 +2.732597238e+02 +2.732597238e+02 -8.6662e-01 +8.0932e-01 +9.5352e-01 +1.2496e-01 +6.8691e-02 +3.1992e+00 +1.9526e+00 -2.8711e+00 +1.2629e+00 -3.2884e+00
77 0 +1.041343597e+02 +2.537243597e+02 +2.537243597e+02 +4.8735e-01 +2.2010e+00 +8.8485e-01 -5.8813e-01 -5.9976e-01 +1.9905e+00 +2.5527e+00 -1.6107e+00 +4.4144e+00 -3.6899e+00
88 0 +1.014454505e+02 +2.510354505e+02 +2.510354505e+02 -1.6082e+00 -1.5676e-01 +1.4682e+00 +3.7367e-01 +1.3270e+00 +1.9955e+00 +1.4202e+00 -1.4337e+00 +3.7068e+00 -5.6155e+00
91 0 +7.315141933e+01 +2.227414193e+02 +2.227414193e+02 -1.9015e+00 +2.7345e+00 +1.7999e+00 +7.0932e-01 +1.8084e+00 +2.8902e+00 +2.5777e+00 -4.1753e+00 +3.6008e+00 -6.4239e+00
109 0 +4.313338143e+01 +1.927233814e+02 +1.927233814e+02 -4.3374e+00 +1.5480e+00 +1.4886e+00 +1.4612e-01 +1.5181e+00 +3.4000e+00 +5.3345e+00 -5.4501e+00 +4.9144e+00 -8.9940e+00
126 0 +1.921102997e+01 +1.688010300e+02 +1.688010300e+02 -6.6084e+00 +3.7872e+00 +2.2036e+00 -2.9982e+00 +4.5272e+00 +9.1352e+00 +1.3987e+01 -6.7488e+00 +6.6125e+00 -9.6087e+00
186 0 +1.288659942e+01 +1.624765994e+02 +1.624765994e+02 -2.0434e+01 +1.7343e+01 -2.3514e+00 -1.0693e+00 +1.8705e+01 +1.5462e+01 +1.8275e+01 -1.0345e+01 +2.0172e+01 -2.3552e+01
194 0 +1.708802182e+00 +1.512988022e+02 +1.512988022e+02 -1.6353e+01 +3.6769e+00 -1.9660e+01 -5.4876e+00 +1.0814e+01 +1.4038e+01 +1.5155e+01 -1.9356e+01 +1.1032e+01 -1.5630e+01
209 0 +1.571540029e+00 +1.511615400e+02 +1.511615400e+02 -1.0817e+01 +6.8571e+00 -1.6197e+01 -4.2706e+00 +1.6803e+01 +1.5789e+01 +1.5647e+01 -1.9804e+01 +1.6237e+01 -1.5515e+01
212 0 +0.000000000e+00 +1.495900000e+02 +1.495900000e+02 -1.8357e+01 +1.8064e+01 -1.7663e+01 -1.6363e+01 +2.9322e+01 +1.8691e+01 +1.0627e+01 -1.3111e+01 +1.9495e+01 -2.2446e+01
1000 0 +0.000000000e+00 +1.495900000e+02 +1.495900000e+02 -1.8357e+01 +1.8064e+01 -1.7663e+01 -1.6363e+01 +2.9322e+01 +1.8691e+01 +1.0627e+01 -1.3111e+01 +1.9495e+01 -2.2446e+01
% f evaluations | g evaluations | best noise-free fitness - Fopt (-1.000000000000e+03) + sum g_i+ | measured fitness | best measured fitness or single-digit g-values | x1 | x2...
1 0 +1.988385314e+02 -8.011614686e+02 -8.011614686e+02 +3.1458e-01 +2.3147e-01 +1.5359e-01 +3.3087e-02 -5.0588e-02 +1.3985e-01 +5.6197e-01 -5.0204e-02 -1.8055e-01 -3.9476e-01
11 0 +1.940418163e+02 -8.059581837e+02 -8.059581837e+02 +1.5027e-01 -1.1866e-01 -1.2693e-01 -2.0824e-01 -4.3771e-01 +5.3278e-01 +1.0547e-02 -1.1291e-01 +1.9004e-01 -6.4479e-01
22 0 +1.897493590e+02 -8.102506410e+02 -8.102506410e+02 +5.2613e-01 +4.8164e-02 +5.9490e-02 -2.0696e-01 -8.4203e-01 +5.1110e-01 -8.7881e-02 -5.9782e-02 +3.6483e-01 -1.1519e+00
32 0 +1.832036598e+02 -8.167963402e+02 -8.167963402e+02 +1.1811e-01 -2.8451e-01 +7.6764e-02 -1.0146e-01 -7.0622e-02 +8.3030e-01 +2.9069e-01 -3.8578e-01 +8.2041e-01 -7.7663e-01
45 0 +1.815691841e+02 -8.184308159e+02 -8.184308159e+02 +3.1664e-01 -1.8649e-01 -1.3625e-01 +5.9284e-01 -5.5730e-02 +7.3003e-01 +2.7486e-01 -1.4513e-01 +7.9669e-01 -1.2488e+00
47 0 +1.734763970e+02 -8.265236030e+02 -8.265236030e+02 -4.6014e-01 +3.4141e-01 +4.1419e-02 -1.0372e-01 -1.4615e-01 +9.7301e-01 +2.2622e-01 -5.7562e-01 +1.2445e+00 -1.4391e+00
53 0 +1.624263734e+02 -8.375736266e+02 -8.375736266e+02 -1.7670e-01 +3.1297e-01 -7.2121e-01 +5.8929e-01 +1.7371e-01 +1.0062e+00 +7.1957e-01 -7.2435e-01 +1.8569e+00 -1.6409e+00
61 0 +1.588971554e+02 -8.411028446e+02 -8.411028446e+02 +3.3966e-01 +3.1874e-01 -6.4096e-01 +2.7373e-01 +2.0132e-01 +1.5223e+00 +1.1694e+00 -6.4272e-01 +1.7806e+00 -1.5945e+00
63 0 +1.534449981e+02 -8.465550019e+02 -8.465550019e+02 -3.7800e-01 -3.1733e-01 -2.9595e-01 +3.5823e-01 -1.1487e+00 +1.6908e+00 +4.6852e-01 -1.7241e-01 +2.1527e+00 -2.8393e+00
71 0 +1.490487802e+02 -8.509512198e+02 -8.509512198e+02 +7.4426e-01 -4.5386e-01 -2.1179e-01 +5.8375e-01 -1.0245e-01 +1.4008e+00 +7.8024e-02 +9.3030e-01 +2.1947e+00 -3.8346e+00
74 0 +1.477584992e+02 -8.522415008e+02 -8.522415008e+02 +3.8098e-02 -7.6374e-01 -6.3012e-01 +6.0656e-01 +5.8892e-01 +2.1281e+00 +1.2269e+00 +2.9458e-01 +2.1080e+00 -2.6283e+00
82 0 +1.346673343e+02 -8.653326657e+02 -8.653326657e+02 -3.0618e-01 -4.6799e-01 -1.5992e+00 +1.4241e-01 +5.5229e-01 +2.4463e+00 +1.1441e+00 -3.5196e-01 +2.5277e+00 -2.9702e+00
91 0 +1.196117225e+02 -8.803882775e+02 -8.803882775e+02 -3.5393e-01 -1.5828e+00 -1.7560e+00 +1.2466e-01 -3.2545e-01 +2.4973e+00 +8.5689e-01 -1.0868e+00 +3.6744e+00 -3.3374e+00
109 0 +1.084402089e+02 -8.915597911e+02 -8.915597911e+02 -1.1590e+00 -4.3329e-01 -1.9556e+00 +1.4079e-01 +8.9860e-01 +2.0070e+00 +5.1839e-01 -9.0414e-01 +4.3471e+00 -4.2350e+00
111 0 +9.436621666e+01 -9.056337833e+02 -9.056337833e+02 -3.1229e-01 -1.8733e+00 -3.4981e+00 +8.8020e-01 +2.3353e+00 +4.3548e+00 +2.4021e+00 +5.3005e-01 +3.7095e+00 -4.5094e+00
112 0 +9.278026357e+01 -9.072197364e+02 -9.072197364e+02 +7.1059e-01 -3.6400e-01 -1.9279e+00 -7.8563e-01 +5.2503e-01 +1.2795e+00 +1.4701e+00 -2.3632e+00 +3.6717e+00 -5.4868e+00
121 0 +7.834913650e+01 -9.216508635e+02 -9.216508635e+02 -8.0110e-01 -1.2764e-02 -4.2368e+00 +1.6694e+00 +2.2044e+00 +3.6329e+00 +1.1704e+00 -1.6642e+00 +7.4310e+00 -6.1326e+00
122 0 +7.358074105e+01 -9.264192590e+02 -9.264192590e+02 +1.2032e+00 -6.9625e-01 -3.7954e+00 +1.6764e+00 +3.5302e-01 +3.9409e+00 +1.6149e+00 -2.4339e+00 +6.0319e+00 -5.0472e+00
141 0 +6.473639984e+01 -9.352636002e+02 -9.352636002e+02 -1.7201e+00 +1.0035e+00 -2.9080e+00 +3.2736e+00 +1.5822e+00 +5.9718e+00 +5.2239e+00 -1.7576e+00 +9.8684e+00 -5.8871e+00
146 0 +6.209146203e+01 -9.379085380e+02 -9.379085380e+02 -3.4534e-02 -1.1112e+00 -1.7256e+00 +1.2313e+00 +5.9174e+00 +1.9923e+00 +3.6140e+00 -2.8737e+00 +4.5921e+00 -5.8991e+00
147 0 +5.933092162e+01 -9.406690784e+02 -9.406690784e+02 -1.6389e+00 +4.6299e-01 -3.4361e+00 -1.0639e+00 +1.2083e+00 +5.4612e+00 +3.7661e+00 -1.9524e+00 +5.8665e+00 -7.7600e+00
153 0 +5.639640840e+01 -9.436035916e+02 -9.436035916e+02 -1.7360e+00 -1.6434e+00 -3.0226e+00 +3.8330e-01 +1.4571e+00 +4.7906e+00 +3.7940e+00 -2.9659e+00 +6.7725e+00 -4.7974e+00
162 0 +5.392002285e+01 -9.460799771e+02 -9.460799771e+02 +1.1153e-01 +2.3168e-01 -5.2909e+00 +6.3283e-01 +1.6873e+00 +6.0996e+00 +1.6958e+00 -4.0684e+00 +1.1014e+01 -7.7455e+00
165 0 +3.994730131e+01 -9.600526987e+02 -9.600526987e+02 -1.3050e+00 +3.5999e-01 -3.1711e+00 -2.5412e+00 +2.9891e+00 +4.1399e+00 +3.2263e+00 -4.7578e+00 +8.0522e+00 -8.9210e+00
167 0 +3.416722385e+01 -9.658327761e+02 -9.658327761e+02 +1.0757e+00 -2.3935e+00 -3.4882e+00 +1.1426e+00 +3.1855e+00 +6.8806e+00 +5.2094e+00 -4.9585e+00 +6.0665e+00 -4.4177e+00
173 0 +2.604970662e+01 -9.739502934e+02 -9.739502934e+02 +1.9210e+00 -4.6793e+00 -1.8201e+00 -1.2822e-01 +4.2925e+00 +6.7531e+00 +5.1364e+00 -4.2014e+00 +6.4837e+00 -5.0954e+00
179 0 +2.275719711e+01 -9.772428029e+02 -9.772428029e+02 -2.3162e-01 +4.8528e-01 -5.5641e+00 -6.1231e-01 +4.6449e+00 +8.0060e+00 +5.6543e+00 -6.1746e+00 +7.8228e+00 -9.9409e+00
185 0 +2.046971764e+01 -9.795302824e+02 -9.795302824e+02 +3.3091e+00 -2.6090e+00 -2.8658e+00 -1.1905e+00 +3.9084e+00 +7.9161e+00 +4.8091e+00 -7.8316e+00 +7.5657e+00 -5.9350e+00
193 0 +1.518778753e+01 -9.848122125e+02 -9.848122125e+02 +3.1660e+00 -1.2226e+00 -4.3671e+00 -1.5563e+00 +9.0302e+00 +7.7886e+00 +7.6820e+00 -7.7688e+00 +7.4434e+00 -7.3936e+00
200 0 +1.424485770e+01 -9.857551423e+02 -9.857551423e+02 -1.4473e+00 -4.1619e+00 -5.2981e+00 -1.8831e+00 +6.7799e+00 +9.5837e+00 +5.7606e+00 -8.7504e+00 +1.0953e+01 -9.0261e+00
202 0 +1.252501485e+01 -9.874749852e+02 -9.874749852e+02 +3.5762e-01 -4.0996e+00 -8.8804e+00 -1.8810e+00 +6.3980e+00 +1.1571e+01 +1.0789e+01 -1.1829e+01 +9.9917e+00 -1.0744e+01
203 0 +7.728693933e+00 -9.922713061e+02 -9.922713061e+02 +1.3370e+00 -6.9696e+00 -2.5627e+00 -5.4387e+00 +8.6560e+00 +8.8171e+00 +5.4479e+00 -1.1026e+01 +9.5282e+00 -7.0723e+00
211 0 +5.719313139e+00 -9.942806869e+02 -9.942806869e+02 +1.4099e+00 -1.1175e+01 -5.3342e+00 -4.0117e+00 +1.1237e+01 +9.5522e+00 +6.0856e+00 -1.5205e+01 +9.2819e+00 -5.8402e+00
217 0 +1.402670287e+00 -9.985973297e+02 -9.985973297e+02 +4.2460e+00 -4.9188e+00 -8.1261e+00 -4.7476e+00 +6.0826e+00 +1.6820e+01 +8.1345e+00 -1.4647e+01 +9.4589e+00 -1.4054e+01
227 0 +0.000000000e+00 -1.000000000e+03 -1.000000000e+03 +6.2595e+00 -1.0082e+01 -8.3429e+00 -1.0405e+01 +9.6910e+00 +1.7414e+01 +1.0741e+01 -1.4875e+01 +7.5451e+00 -7.9125e+00
1010 0 +0.000000000e+00 -1.000000000e+03 -1.000000000e+03 +6.2595e+00 -1.0082e+01 -8.3429e+00 -1.0405e+01 +9.6910e+00 +1.7414e+01 +1.0741e+01 -1.4875e+01 +7.5451e+00 -7.9125e+00
% f evaluations | g evaluations | best noise-free fitness - Fopt (-2.922000000000e+01) + sum g_i+ | measured fitness | best measured fitness or single-digit g-values | x1 | x2...
1 0 +2.006517949e+02 +1.714317949e+02 +1.714317949e+02 -7.7894e-03 -4.4511e-02 +3.4276e-01 +4.9986e-02 -1.6241e-01 -5.9234e-02 -1.2526e-01 -1.9097e-01 -1.1113e-01 -2.1728e-01
6 0 +2.001483347e+02 +1.709283347e+02 +1.709283347e+02 -1.8100e-02 +9.0836e-01 -2.4036e-02 +2.3300e-01 +7.8236e-02 +1.8604e-01 -4.4829e-01 -2.9979e-01 +2.8895e-01 -2.2853e-01
11 0 +1.950081352e+02 +1.657881352e+02 +1.657881352e+02 -4.3335e-01 +2.8786e-01 +1.8268e-01 -2.3170e-02 +4.7930e-02 +4.4535e-01 -1.9437e-01 -4.0182e-01 -1.2613e-02 -4.4900e-01
13 0 +1.923992220e+02 +1.631792220e+02 +1.631792220e+02 -2.7941e-01 +3.8211e-01 +1.6600e-01 +3.7059e-01 -2.6373e-02 +2.6619e-01 -1.2521e-01 -6.4226e-01 -5.1547e-01 -2.3353e-01
31 0 +1.903710767e+02 +1.611510767e+02 +1.611510767e+02 -1.0952e+00 +1.8472e-01 +9.0436e-02 -3.4860e-02 +3.4101e-01 +9.5240e-01 +2.0832e-01 -6.4577e-01 -5.1450e-01 -2.0863e-01
32 0 +1.860715767e+02 +1.568515767e+02 +1.568515767e+02 -9.8731e-02 +4.1693e-01 -2.8937e-01 +4.3704e-01 -3.4155e-01 +7.1252e-01 -1.5271e-01 -1.2513e+00 +1.5142e-02 -7.5881e-01
43 0 +1.730582341e+02 +1.438382341e+02 +1.438382341e+02 -4.8486e-01 +4.9283e-01 +7.7793e-03 +7.3246e-01 +1.1970e-02 +8.8991e-01 -4.0294e-01 -1.2114e+00 -7.3444e-01 -1.1825e+00
52 0 +1.669660812e+02 +1.377460812e+02 +1.377460812e+02 -9.3661e-01 +1.2763e-01 +4.5988e-01 +5.1879e-01 +2.7333e-01 +7.3909e-01 -4.4373e-01 -1.7668e+00 -7.6211e-01 -1.4290e+00
62 0 +1.547307393e+02 +1.255107393e+02 +1.255107393e+02 -7.0551e-01 +4.8146e-01 -2.2988e-01 +7.6326e-01 +1.5666e-02 +1.8942e+00 -1.0092e+00 -2.5297e+00 -1.0629e+00 -1.2575e+00
70 0 +1.494510772e+02 +1.202310772e+02 +1.202310772e+02 -1.2232e+00 +7.3868e-01 +3.5147e-01 +1.6346e+00 +1.7346e-01 +2.1419e+00 -7.1525e-01 -2.7152e+00 -9.0199e-01 -1.6931e+00
72 0 +1.374616981e+02 +1.082416981e+02 +1.082416981e+02 -1.2971e+00 +1.2993e+00 -4.4997e-01 +4.6335e-01 +7.0240e-01 +2.2270e+00 -1.0041e+00 -2.8330e+00 -2.6460e+00 -1.3429e+00
85 0 +1.296157160e+02 +1.003957160e+02 +1.003957160e+02 +3.8754e-01 -9.1301e-01 -3.0465e-01 +1.4459e+00 +5.3756e-01 +2.3248e+00 -6.1642e-02 -5.3155e+00 -9.9827e-01 -2.2477e+00
88 0 +1.134974495e+02 +8.427744947e+01 +8.427744947e+01 -3.9340e-01 +8.6497e-01 -1.5016e+00 +1.4568e+00 +1.0785e+00 +3.2583e+00 -3.5229e-01 -3.2999e+00 -2.0367e+00 -3.4033e+00
97 0 +9.758988372e+01 +6.836988372e+01 +6.836988372e+01 +1.1275e-01 +1.3529e+00 -1.9330e+00 +4.6943e-01 +1.6923e+00 +3.6297e+00 +1.1427e+00 -5.4795e+00 -3.1992e+00 -3.7188e+00
101 0 +6.901164236e+01 +3.979164236e+01 +3.979164236e+01 +8.4756e-01 +6.7225e-01 -7.7339e-01 +5.1458e+00 +1.1486e+00 +6.1987e+00 -1.8210e-01 -5.9119e+00 -2.9712e+00 -6.6588e+00
114 0 +3.996379999e+01 +1.074379999e+01 +1.074379999e+01 -4.0038e+00 +2.1754e+00 -1.1103e+00 +3.4487e+00 +4.9539e+00 +5.3032e+00 -9.2608e-01 -6.1536e+00 -4.8926e+00 -8.4206e+00
116 0 +3.154163602e+01 +2.321636015e+00 +2.321636015e+00 -2.4832e+00 -6.3549e-02 -1.0407e+00 +5.4910e+00 +3.0433e+00 +4.6191e+00 -6.5704e+00 -5.0449e+00 -3.8078e+00 -8.9871e+00
125 0 +2.592544879e+01 -3.294551215e+00 -3.294551215e+00 -3.6933e+00 -1.5292e+00 -3.3933e+00 +5.4276e+00 +4.6106e+00 +3.7539e+00 -6.0537e+00 -3.0159e+00 -6.1639e+00 -6.2898e+00
130 0 +2.453754875e+01 -4.682451248e+00 -4.682451248e+00 -4.0448e+00 -3.7712e+00 -2.0522e+00 +6.5144e+00 +4.9937e+00 +5.5601e+00 -1.3244e+00 -6.0296e+00 -6.1288e+00 -9.9891e+00
132 0 +1.686881801e+01 -1.235118199e+01 -1.235118199e+01 -3.4197e+00 -4.7632e+00 +2.6545e-01 +6.4303e+00 +2.7721e+00 +8.1345e+00 -5.5506e+00 -8.8408e+00 -5.6661e+00 -1.0331e+01
139 0 +1.366603802e+01 -1.555396198e+01 -1.555396198e+01 -5.3625e+00 +2.5908e+00 -2.6847e+00 +1.0776e+01 +5.4443e+00 +1.3821e+01 -8.0953e+00 -1.0204e+01 -9.9119e+00 -7.0059e+00
151 0 +7.584810817e+00 -2.163518918e+01 -2.163518918e+01 -7.4386e+00 -4.2053e+00 -1.0684e+00 +9.0102e+00 +6.3076e+00 +1.3940e+01 -1.1223e+01 -1.2078e+01 -5.6555e+00 -1.3714e+01
161 0 +9.499982944e-01 -2.827000171e+01 -2.827000171e+01 -7.8902e+00 -6.7139e+00 -1.1876e+01 +4.5590e+00 +7.3387e+00 +3.2161e+01 -1.3671e+01 -1.6811e+01 -1.0441e+01 -1.1314e+01
163 0 +0.000000000e+00 -2.922000000e+01 -2.922000000e+01 -1.6405e+01 -8.1094e+00 -8.6970e+00 +9.1173e+00 +5.8081e+00 +1.6291e+01 -1.0009e+01 -1.1653e+01 -8.9836e+00 -1.7093e+01
1010 0 +0.000000000e+00 -2.922000000e+01 -2.922000000e+01 -1.6405e+01 -8.1094e+00 -8.6970e+00 +9.1173e+00 +5.8081e+00 +1.6291e+01 -1.0009e+01 -1.1653e+01 -8.9836e+00 -1.7093e+01
% f evaluations | g evaluations | best noise-free fitness - Fopt (-4.096000000000e+01) + sum g_i+ | measured fitness | best measured fitness or single-digit g-values | x1 | x2...
1 0 +2.042073570e+02 +1.632473570e+02 +1.632473570e+02 -2.3511e-01 +2.9356e-01 +1.2674e-01 +4.5103e-01 -2.2721e-01 +4.9073e-02 -1.1694e-01 -2.7883e-01 +7.4788e-02 +7.4673e-04
2 0 +2.016977628e+02 +1.607377628e+02 +1.607377628e+02 +6.0146e-01 +3.1058e-01 +2.7388e-01 -1.7969e-02 +1.2277e-03 +7.2665e-01 +9.0954e-02 -1.0275e-01 +5.3827e-01 +1.2981e-02
11 0 +1.958676825e+02 +1.549076825e+02 +1.549076825e+02 +4.1766e-01 -1.4746e-01 +2.3085e-01 +1.5936e-01 -8.9208e-02 +1.9013e-01 +5.9648e-01 +1.2053e-01 +1.4906e-01 -3.3141e-01
21 0 +1.890737954e+02 +1.481137954e+02 +1.481137954e+02 -1.1419e-01 +2.8574e-01 +1.4827e-01 +6.5327e-03 +2.7337e-01 +3.9428e-02 +5.9390e-01 +1.0231e-01 +7.8168e-01 -6.2377e-01
31 0 +1.816221919e+02 +1.406621919e+02 +1.406621919e+02 -4.1731e-02 +7.8513e-01 +8.1809e-02 +2.5570e-01 -1.5612e-01 -1.0818e-01 +7.3308e-01 +6.7814e-01 +1.0579e+00 -4.5833e-01
43 0 +1.760045452e+02 +1.350445452e+02 +1.350445452e+02 +1.3283e-01 +6.8464e-01 +1.4568e-02 +5.3112e-01 +3.6131e-01 +9.7223e-02 +3.7481e-01 +5.9889e-01 +1.0443e+00 -1.4096e+00
46 0 +1.697463996e+02 +1.287863996e+02 +1.287863996e+02 -5.6182e-01 +4.9555e-01 +1.1685e-01 +2.9056e-01 +6.5741e-01 -4.4231e-01 +1.2224e+00 +9.4928e-01 +1.3194e+00 -1.2361e+00
58 0 +1.644420544e+02 +1.234820544e+02 +1.234820544e+02 -2.3884e-01 +1.2301e-02 -1.1716e-01 +4.1778e-01 +8.6536e-01 -1.8211e-01 +1.1343e+00 +8.1669e-01 +1.2857e+00 -2.1062e+00
61 0 +1.536269957e+02 +1.126669957e+02 +1.126669957e+02 -6.0689e-01 +7.4350e-01 -5.5885e-01 +6.7337e-01 +5.9384e-01 +1.8620e-02 +1.4490e+00 +5.6285e-01 +2.6114e+00 -2.1249e+00
74 0 +1.414700262e+02 +1.005100262e+02 +1.005100262e+02 +6.8748e-02 +8.4450e-01 -2.6344e-02 +9.4874e-01 +3.8747e-01 -7.3143e-01 +1.0089e+00 +1.7739e+00 +3.0309e+00 -1.9383e+00
79 0 +1.392579658e+02 +9.829796576e+01 +9.829796576e+01 -2.8006e-01 +9.2292e-01 -9.9569e-02 +2.7170e-01 +3.9757e-01 -1.2929e+00 +1.2437e+00 +1.9458e+00 +3.1351e+00 -1.8507e+00
81 0 +1.282831034e+02 +8.732310339e+01 +8.732310339e+01 +1.5632e-02 +1.8754e+00 -5.6076e-01 +2.8420e-01 +1.2999e+00 +7.1079e-01 +1.0334e+00 +2.1890e+00 +3.6393e+00 -3.4025e+00
92 0 +1.226209966e+02 +8.166099655e+01 +8.166099655e+01 -1.6555e+00 +1.4605e+00 -6.6165e-01 -1.1475e+00 +7.3296e-01 -1.8165e+00 +2.4128e+00 +2.1566e+00 +5.6903e+00 -1.7742e+00
93 0 +1.161037852e+02 +7.514378523e+01 +7.514378523e+01 +5.6924e-01 +5.8205e-02 +1.1883e+00 +1.9551e+00 -1.5546e-01 -1.5610e+00 +9.1153e-01 +3.6747e+00 +2.5756e+00 -2.9160e+00
106 0 +1.039118526e+02 +6.295185260e+01 +6.295185260e+01 -7.7177e-02 +5.6034e-01 -9.4066e-01 +8.3502e-01 +9.1331e-01 -2.9550e+00 +1.8147e+00 +2.1808e+00 +4.3552e+00 -3.6264e+00
108 0 +8.671453701e+01 +4.575453701e+01 +4.575453701e+01 -2.5599e-01 -6.0724e-01 +5.2026e-01 +2.4003e+00 -1.4927e+00 -1.5441e+00 +1.3942e+00 +2.6510e+00 +3.9480e+00 -5.3898e+00
112 0 +7.060101101e+01 +2.964101101e+01 +2.964101101e+01 -3.9161e-01 +8.8516e-02 -1.5318e-01 +2.9273e+00 -6.3774e-01 -5.7171e-01 +1.8377e+00 +4.4873e+00 +5.4024e+00 -5.6636e+00
123 0 +6.349710792e+01 +2.253710792e+01 +2.253710792e+01 -4.5269e-01 -1.0813e+00 +2.2472e+00 +1.8675e+00 -3.0777e+00 -2.1869e+00 +1.3406e+00 +3.9315e+00 +5.1450e+00 -5.4581e+00
124 0 +5.943779324e+01 +1.847779324e+01 +1.847779324e+01 +9.9400e-01 +1.7975e+00 -8.1659e-01 +1.9149e+00 -2.2155e+00 -2.5990e+00 +1.8346e+00 +4.3533e+00 +5.3492e+00 -6.4060e+00
131 0 +4.819787552e+01 +7.237875522e+00 +7.237875522e+00 +1.2682e+00 +6.8581e-01 +2.3339e+00 +2.6527e+00 -1.4306e+00 -3.1495e+00 +3.6979e+00 +5.3243e+00 +5.2236e+00 -4.3237e+00
136 0 +3.914359160e+01 -1.816408403e+00 -1.816408403e+00 +1.8391e+00 +3.2939e+00 +6.6746e-01 +1.4310e+00 -1.1783e+00 -6.0402e+00 +3.2271e+00 +5.0739e+00 +5.3029e+00 -5.1867e+00
147 0 +2.924805873e+01 -1.171194127e+01 -1.171194127e+01 +4.1886e+00 +3.1001e+00 +1.2651e-01 +1.0900e+00 -1.6112e+00 -5.2858e+00 +5.3522e+00 +8.2624e+00 +6.7594e+00 -5.9538e+00
152 0 +1.893512348e+01 -2.202487652e+01 -2.202487652e+01 +6.1095e+00 +1.4200e+00 -1.0544e+00 +3.0450e+00 -6.8138e+00 -5.0703e+00 +6.5148e+00 +8.0613e+00 +5.9829e+00 -5.1273e+00
163 0 +7.610546765e+00 -3.334945323e+01 -3.334945323e+01 +7.2622e+00 +9.6086e-01 +4.1509e+00 +4.6132e+00 -5.0005e+00 -9.2888e+00 +6.6527e+00 +6.5663e+00 +4.9814e+00 -7.4021e+00
181 0 +3.653803533e+00 -3.730619647e+01 -3.730619647e+01 +7.9869e+00 +8.2118e+00 +9.4631e+00 +3.3041e+00 -7.2485e+00 -8.4175e+00 +9.1603e+00 +8.9506e+00 +9.8174e+00 -1.3092e+01
192 0 +0.000000000e+00 -4.096000000e+01 -4.096000000e+01 +8.2454e+00 +5.1118e+00 +8.7768e+00 +6.3701e+00 -6.6422e+00 -7.6892e+00 +8.8528e+00 +9.8065e+00 +9.0468e+00 -1.3477e+01
1000 0 +0.000000000e+00 -4.096000000e+01 -4.096000000e+01 +8.2454e+00 +5.1118e+00 +8.7768e+00 +6.3701e+00 -6.6422e+00 -7.6892e+00 +8.8528e+00 +9.8065e+00 +9.0468e+00 -1.3477e+01
