% f evaluations | g evaluations | best noise-free fitness - Fopt (-4.620900000000e+02) + sum g_i+ | measured fitness | best measured fitness or single-digit g-values | x1 | x2...
1 0 +1.420456517e+02 -3.200443483e+02 -3.200443483e+02 +1.7466e-03 -1.3366e-01 -5.9820e-01 +2.8801e-01 -2.1662e-01
2 0 +1.242132168e+02 -3.378767832e+02 -3.378767832e+02 +4.3901e-02 -8.5187e-02 -1.4220e-02 -3.7225e-01 +8.7491e-02
6 0 +1.121609162e+02 -3.499290838e+02 -3.499290838e+02 -4.1377e-01 +8.9757e-02 +2.0735e-01 -7.9181e-02 +6.1232e-04
22 0 +1.077756454e+02 -3.543143546e+02 -3.543143546e+02 -3.2485e-02 -1.8794e-02 +3.6477e-01 -1.2207e-01 +5.3082e-01
27 0 +1.013572984e+02 -3.607327016e+02 -3.607327016e+02 +1.2903e-01 +6.0621e-04 +6.1956e-01 +1.3143e-02 +4.7391e-01
42 0 +8.561153228e+01 -3.764784677e+02 -3.764784677e+02 +6.5087e-01 -4.0734e-02 +5.3278e-01 -4.4151e-01 +4.1062e-01
65 0 +7.335641352e+01 -3.887335865e+02 -3.887335865e+02 +6.0660e-01 +6.2914e-02 +1.1353e+00 -9.2730e-02 +5.6006e-01
107 0 +6.605044894e+01 -3.960395511e+02 -3.960395511e+02 +5.2087e-01 -6.9859e-02 +1.1784e+00 -2.0763e-01 +8.2115e-01
134 0 +6.408214657e+01 -3.980078534e+02 -3.980078534e+02 +6.0683e-01 -7.8406e-02 +1.1649e+00 -2.0190e-01 +9.0942e-01
145 0 +6.090851799e+01 -4.011814820e+02 -4.011814820e+02 +5.9813e-01 -1.7138e-02 +1.1722e+00 -1.1669e-01 +1.0497e+00
153 0 +5.964636803e+01 -4.024436320e+02 -4.024436320e+02 +7.0990e-01 +4.0847e-03 +1.4953e+00 -3.2114e-02 +1.1339e+00
154 0 +5.094671321e+01 -4.111432868e+02 -4.111432868e+02 +6.3609e-01 -2.9321e-03 +1.1490e+00 -1.8719e-01 +1.0752e+00
172 0 +4.746711881e+01 -4.146228812e+02 -4.146228812e+02 +5.5907e-01 +1.0100e-01 +1.1372e+00 -1.5589e-01 +1.1425e+00
207 0 +4.655678520e+01 -4.155332148e+02 -4.155332148e+02 +5.6033e-01 +8.2464e-02 +1.1641e+00 -1.7113e-01 +1.1181e+00
219 0 +4.412286640e+01 -4.179671336e+02 -4.179671336e+02 +5.8789e-01 +7.1712e-02 +1.1452e+00 -1.4763e-01 +1.1203e+00
279 0 +4.350936469e+01 -4.185806353e+02 -4.185806353e+02 +5.9623e-01 +6.4925e-02 +1.1332e+00 -1.5616e-01 +1.1214e+00
430 0 +4.265104457e+01 -4.194389554e+02 -4.194389554e+02 +6.1662e-01 +3.3590e-02 +1.1355e+00 -1.5073e-01 +1.1170e+00
504 0 +4.237783117e+01 -4.197121688e+02 -4.197121688e+02 +6.3858e-01 +2.9988e-03 +1.1395e+00 -1.4974e-01 +1.1151e+00
% f evaluations | g evaluations | best noise-free fitness - Fopt (7.766000000000e+01) + sum g_i+ | measured fitness | best measured fitness or single-digit g-values | x1 | x2...
1 0 +1.726975926e+02 +2.503575926e+02 +2.503575926e+02 -2.4423e-02 -2.1618e-01 +1.2986e-01 +6.5398e-01 -3.3162e-01
10 0 +1.111942095e+02 +1.888542095e+02 +1.888542095e+02 -6.6753e-01 -1.1910e-01 +1.2801e-01 +1.2656e+00 -7.6290e-01
12 0 +1.082498189e+02 +1.859098189e+02 +1.859098189e+02 -3.1136e-01 -1.7495e-01 +4.0919e-01 +8.0583e-01 -8.7146e-01
18 0 +9.080767326e+01 +1.684676733e+02 +1.684676733e+02 +7.9211e-01 -1.6603e-01 -5.2144e-01 +1.3389e+00 -8.5989e-01
27 0 +8.102114179e+01 +1.586811418e+02 +1.586811418e+02 -2.8759e-01 -3.6595e-01 +1.4586e-01 +2.1762e+00 -1.8389e+00
36 0 +7.598891105e+01 +1.536489111e+02 +1.536489111e+02 -2.6719e-01 -1.4600e+00 +3.3838e-01 +2.6862e+00 -1.8159e+00
40 0 +6.089613458e+01 +1.385561346e+02 +1.385561346e+02 -7.3335e-01 -7.1735e-01 +1.5499e+00 +3.7485e+00 -2.4045e+00
43 0 +5.393933460e+01 +1.315993346e+02 +1.315993346e+02 +1.8334e-01 -9.9011e-01 -1.3197e-01 +2.4303e+00 -1.3423e+00
46 0 +5.098512389e+01 +1.286451239e+02 +1.286451239e+02 +2.9866e-01 -1.1513e-01 +1.0015e+00 +3.7579e+00 -2.6798e+00
82 0 +3.219827878e+01 +1.098582788e+02 +1.098582788e+02 +1.0575e+00 -8.5286e-01 -1.1649e+00 +2.9565e+00 -2.0810e+00
194 0 +2.653747657e+01 +1.041974766e+02 +1.041974766e+02 -1.7546e-02 -1.6686e+00 -1.1961e+00 +3.3543e+00 -2.4857e+00
270 0 +2.539657733e+01 +1.030565773e+02 +1.030565773e+02 -1.2553e-02 -1.5977e+00 -1.2667e+00 +3.3529e+00 -2.7683e+00
281 0 +2.476326913e+01 +1.024232691e+02 +1.024232691e+02 -9.1193e-03 -1.6117e+00 -1.2603e+00 +3.3532e+00 -2.7804e+00
287 0 +2.424768522e+01 +1.019076852e+02 +1.019076852e+02 +1.0976e-02 -1.6006e+00 -1.2805e+00 +3.3529e+00 -2.7834e+00
293 0 +2.379622956e+01 +1.014562296e+02 +1.014562296e+02 +2.2378e-02 -1.6020e+00 -1.2660e+00 +3.3618e+00 -2.7807e+00
299 0 +2.294933946e+01 +1.006093395e+02 +1.006093395e+02 +2.3094e-02 -1.6024e+00 -1.2725e+00 +3.3457e+00 -2.7720e+00
308 0 +2.255029819e+01 +1.002102982e+02 +1.002102982e+02 +3.7149e-02 -1.5912e+00 -1.2642e+00 +3.3406e+00 -2.7682e+00
318 0 +2.210312480e+01 +9.976312480e+01 +9.976312480e+01 +5.2665e-02 -1.5905e+00 -1.2698e+00 +3.3487e+00 -2.7693e+00
332 0 +2.141215761e+01 +9.907215761e+01 +9.907215761e+01 +4.9946e-02 -1.5968e+00 -1.2706e+00 +3.3363e+00 -2.7705e+00
337 0 +2.118074118e+01 +9.884074118e+01 +9.884074118e+01 +5.6605e-02 -1.5944e+00 -1.2735e+00 +3.3377e+00 -2.7709e+00
347 0 +2.050124468e+01 +9.816124468e+01 +9.816124468e+01 +6.7191e-02 -1.5956e+00 -1.2781e+00 +3.3345e+00 -2.7697e+00
355 0 +2.033984991e+01 +9.799984991e+01 +9.799984991e+01 +7.4008e-02 -1.5901e+00 -1.2846e+00 +3.3300e+00 -2.7761e+00
366 0 +1.968794576e+01 +9.734794576e+01 +9.734794576e+01 +8.7464e-02 -1.5890e+00 -1.2892e+00 +3.3258e+00 -2.7736e+00
377 0 +1.892962963e+01 +9.658962963e+01 +9.658962963e+01 +1.0663e-01 -1.5871e+00 -1.2949e+00 +3.3212e+00 -2.7793e+00
392 0 +1.842945695e+01 +9.608945695e+01 +9.608945695e+01 +1.1957e-01 -1.5839e+00 -1.2958e+00 +3.3154e+00 -2.7781e+00
397 0 +1.747016959e+01 +9.513016959e+01 +9.513016959e+01 +1.4130e-01 -1.5857e+00 -1.2979e+00 +3.3067e+00 -2.7746e+00
408 0 +1.723422778e+01 +9.489422778e+01 +9.489422778e+01 +1.4784e-01 -1.5869e+00 -1.2982e+00 +3.3028e+00 -2.7763e+00
412 0 +1.626721638e+01 +9.392721638e+01 +9.392721638e+01 +1.7091e-01 -1.5882e+00 -1.3016e+00 +3.2999e+00 -2.7750e+00
422 0 +1.594537169e+01 +9.360537169e+01 +9.360537169e+01 +1.9167e-01 -1.5828e+00 -1.3060e+00 +3.2967e+00 -2.7737e+00
426 0 +1.565439755e+01 +9.331439755e+01 +9.331439755e+01 +1.9474e-01 -1.5857e+00 -1.2989e+00 +3.2929e+00 -2.7695e+00
435 0 +1.512423345e+01 +9.278423345e+01 +9.278423345e+01 +1.9448e-01 -1.5932e+00 -1.3051e+00 +3.2992e+00 -2.7748e+00
441 0 +1.462651938e+01 +9.228651938e+01 +9.228651938e+01 +1.9122e-01 -1.5932e+00 -1.2961e+00 +3.3050e+00 -2.7743e+00
449 0 +1.411082440e+01 +9.177082440e+01 +9.177082440e+01 +2.0210e-01 -1.5945e+00 -1.2956e+00 +3.3048e+00 -2.7692e+00
462 0 +1.357027411e+01 +9.123027411e+01 +9.123027411e+01 +2.4287e-01 -1.5905e+00 -1.3032e+00 +3.2922e+00 -2.7740e+00
469 0 +1.339303922e+01 +9.105303922e+01 +9.105303922e+01 +2.3297e-01 -1.5937e+00 -1.3043e+00 +3.2992e+00 -2.7762e+00
471 0 +1.310434598e+01 +9.076434598e+01 +9.076434598e+01 +2.7634e-01 -1.5878e+00 -1.3099e+00 +3.2896e+00 -2.7745e+00
476 0 +1.280920596e+01 +9.046920596e+01 +9.046920596e+01 +2.7696e-01 -1.5886e+00 -1.3108e+00 +3.2961e+00 -2.7838e+00
490 0 +1.233004581e+01 +8.999004581e+01 +8.999004581e+01 +3.3094e-01 -1.5845e+00 -1.3235e+00 +3.2928e+00 -2.7830e+00
500 0 +1.230066645e+01 +8.996066645e+01 +8.996066645e+01 +3.0230e-01 -1.5844e+00 -1.3142e+00 +3.2951e+00 -2.7789e+00
504 0 +1.204249797e+01 +8.970249797e+01 +8.970249797e+01 +3.1377e-01 -1.5873e+00 -1.3185e+00 +3.2960e+00 -2.7803e+00
% f evaluations | g evaluations | best noise-free fitness - Fopt (1.156800000000e+02) + sum g_i+ | measured fitness | best measured fitness or single-digit g-values | x1 | x2...
1 0 +5.061857356e+02 +6.218657356e+02 +6.218657356e+02 +3.4037e-01 -1.4008e-01 -1.0545e-02 +1.5489e-01 +2.1678e-01
2 0 +2.998666147e+02 +4.155466147e+02 +4.155466147e+02 +3.1158e-01 -5.8839e-02 -3.0122e-01 -2.3197e-01 -6.2514e-01
25 0 +2.907841935e+02 +4.064641935e+02 +4.064641935e+02 -9.7462e-02 +3.7834e-01 -8.3196e-01 -1.8541e-01 -5.0136e-01
27 0 +2.612151030e+02 +3.768951030e+02 +3.768951030e+02 +5.9569e-01 -8.6174e-02 -3.8844e-01 +8.6172e-02 -6.4692e-01
28 0 +2.493553234e+02 +3.650353234e+02 +3.650353234e+02 +7.5983e-02 -1.8561e-01 -5.6327e-01 +1.8215e-01 -1.0498e+00
33 0 +1.929475058e+02 +3.086275058e+02 +3.086275058e+02 +5.2226e-01 -2.9356e-02 -1.0226e+00 +6.0391e-02 -1.4994e+00
41 0 +1.680973603e+02 +2.837773603e+02 +2.837773603e+02 +3.0448e-01 -5.1880e-02 -5.8902e-01 +1.5446e-01 -1.5715e+00
47 0 +1.176668071e+02 +2.333468071e+02 +2.333468071e+02 +2.7984e-01 -1.6249e-01 -8.2055e-01 -2.8119e-01 -2.7395e+00
52 0 +1.174522995e+02 +2.331322995e+02 +2.331322995e+02 -7.1084e-02 -5.0838e-01 -5.1191e-01 -2.0123e-01 -2.8823e+00
57 0 +8.611266876e+01 +2.017926688e+02 +2.017926688e+02 -1.0334e+00 -3.2850e-01 -5.1467e-01 +5.0468e-01 -2.5840e+00
70 0 +6.624564514e+01 +1.819256451e+02 +1.819256451e+02 -9.6469e-01 -1.5291e+00 -6.6126e-01 +1.8909e+00 -3.1788e+00
79 0 +3.900318962e+01 +1.546831896e+02 +1.546831896e+02 -2.3467e+00 -1.8220e+00 -5.4405e-01 +1.4996e+00 -3.6077e+00
116 0 +3.046078969e+01 +1.461407897e+02 +1.461407897e+02 -2.0988e+00 -1.6453e+00 +2.3537e-01 +2.8325e+00 -3.8777e+00
166 0 +1.221368323e+01 +1.278936832e+02 +1.278936832e+02 -2.1136e+00 -2.3378e+00 +3.0651e-01 +2.7015e+00 -2.9922e+00
264 0 +1.066740715e+01 +1.263474071e+02 +1.263474071e+02 -2.2717e+00 -2.2798e+00 +2.6532e-01 +2.6533e+00 -3.2408e+00
269 0 +1.015244627e+01 +1.258324463e+02 +1.258324463e+02 -2.2837e+00 -2.3012e+00 +2.7287e-01 +2.6574e+00 -3.2538e+00
305 0 +9.343559677e+00 +1.250235597e+02 +1.250235597e+02 -2.2819e+00 -2.2981e+00 +2.6427e-01 +2.6798e+00 -3.2486e+00
313 0 +8.679536745e+00 +1.243595367e+02 +1.243595367e+02 -2.2714e+00 -2.3154e+00 +2.4693e-01 +2.6725e+00 -3.2742e+00
321 0 +8.209377977e+00 +1.238893780e+02 +1.238893780e+02 -2.2579e+00 -2.3211e+00 +2.6757e-01 +2.6716e+00 -3.2700e+00
332 0 +7.858429210e+00 +1.235384292e+02 +1.235384292e+02 -2.2625e+00 -2.3287e+00 +2.6248e-01 +2.6614e+00 -3.2452e+00
337 0 +7.720184676e+00 +1.234001847e+02 +1.234001847e+02 -2.2603e+00 -2.3236e+00 +2.5255e-01 +2.6675e+00 -3.2592e+00
346 0 +7.541910782e+00 +1.232219108e+02 +1.232219108e+02 -2.2658e+00 -2.3431e+00 +2.5754e-01 +2.6725e+00 -3.2582e+00
356 0 +7.375344586e+00 +1.230553446e+02 +1.230553446e+02 -2.2567e+00 -2.3494e+00 +2.5986e-01 +2.6671e+00 -3.2559e+00
362 0 +7.154774520e+00 +1.228347745e+02 +1.228347745e+02 -2.2460e+00 -2.3468e+00 +2.5941e-01 +2.6685e+00 -3.2586e+00
370 0 +6.989503111e+00 +1.226695031e+02 +1.226695031e+02 -2.2519e+00 -2.3422e+00 +2.5241e-01 +2.6756e+00 -3.2536e+00
382 0 +6.896615189e+00 +1.225766152e+02 +1.225766152e+02 -2.2471e+00 -2.3414e+00 +2.5243e-01 +2.6749e+00 -3.2523e+00
401 0 +6.745720779e+00 +1.224257208e+02 +1.224257208e+02 -2.2378e+00 -2.3379e+00 +2.5053e-01 +2.6767e+00 -3.2520e+00
504 0 +6.653570192e+00 +1.223335702e+02 +1.223335702e+02 -2.2349e+00 -2.3396e+00 +2.5147e-01 +2.6789e+00 -3.2482e+00
% f evaluations | g evaluations | best noise-free fitness - Fopt (-3.710000000000e+00) + sum g_i+ | measured fitness | best measured fitness or single-digit g-values | x1 | x2...
1 0 +2.171608528e+02 +2.134508528e+02 +2.134508528e+02 +3.5729e-01 -4.9118e-01 +5.5899e-02 +1.1649e-01 +4.7351e-01
10 0 +1.846789981e+02 +1.809689981e+02 +1.809689981e+02 +4.0348e-01 -1.1963e-01 +7.1066e-02 +8.0943e-01 +5.7420e-01
20 0 +1.545814660e+02 +1.508714660e+02 +1.508714660e+02 +1.0582e+00 -7.5720e-01 +1.2322e-02 +7.4440e-01 +8.8219e-01
35 0 +1.370848768e+02 +1.333748768e+02 +1.333748768e+02 +2.3214e-01 -7.7021e-01 +2.4831e-01 +1.1128e+00 +1.5539e+00
38 0 +1.233578970e+02 +1.196478970e+02 +1.196478970e+02 +9.6213e-01 -8.5450e-01 +3.3530e-01 +1.0161e+00 +1.3836e+00
42 0 +1.173604090e+02 +1.136504090e+02 +1.136504090e+02 +9.8068e-01 -1.1470e+00 -1.9488e-01 +1.8480e+00 +1.3613e+00
51 0 +1.039732938e+02 +1.002632938e+02 +1.002632938e+02 +1.0470e+00 -2.1707e-01 +3.1962e-01 +2.0877e+00 +1.3727e+00
56 0 +1.003925678e+02 +9.668256782e+01 +9.668256782e+01 +1.7051e+00 -1.7039e+00 +3.5280e-01 +2.6039e+00 +1.7593e+00
57 0 +6.241218557e+01 +5.870218557e+01 +5.870218557e+01 +1.7851e+00 -1.6472e+00 +7.9544e-01 +3.3199e+00 +2.1910e+00
68 0 +3.842311664e+01 +3.471311664e+01 +3.471311664e+01 +2.5884e+00 -2.1665e+00 +1.1914e+00 +4.2553e+00 +3.5498e+00
72 0 +3.554156749e+01 +3.183156749e+01 +3.183156749e+01 +1.3925e+00 -2.2151e+00 +1.1945e+00 +3.6766e+00 +2.4538e+00
203 0 +2.511029645e+01 +2.140029645e+01 +2.140029645e+01 +3.2333e+00 -3.5466e+00 +1.7553e+00 +3.0266e+00 +3.5984e+00
248 0 +1.794859648e+01 +1.423859648e+01 +1.423859648e+01 +3.3021e+00 -3.6079e+00 +1.7806e+00 +3.0206e+00 +3.5614e+00
259 0 +1.692812232e+01 +1.321812232e+01 +1.321812232e+01 +3.2263e+00 -3.6149e+00 +1.8024e+00 +2.9913e+00 +3.4672e+00
271 0 +1.477419719e+01 +1.106419719e+01 +1.106419719e+01 +3.2501e+00 -3.5938e+00 +1.7836e+00 +3.0274e+00 +3.5476e+00
274 0 +1.420782673e+01 +1.049782673e+01 +1.049782673e+01 +3.2646e+00 -3.6093e+00 +1.7846e+00 +3.0409e+00 +3.4979e+00
284 0 +1.276829431e+01 +9.058294307e+00 +9.058294307e+00 +3.2420e+00 -3.6455e+00 +1.7727e+00 +3.0081e+00 +3.5250e+00
301 0 +1.222871612e+01 +8.518716122e+00 +8.518716122e+00 +3.2432e+00 -3.6482e+00 +1.7854e+00 +3.0240e+00 +3.5380e+00
315 0 +1.192186310e+01 +8.211863104e+00 +8.211863104e+00 +3.2422e+00 -3.6553e+00 +1.7846e+00 +3.0263e+00 +3.5295e+00
340 0 +1.174115388e+01 +8.031153880e+00 +8.031153880e+00 +3.2374e+00 -3.6523e+00 +1.7876e+00 +3.0260e+00 +3.5195e+00
374 0 +1.147569820e+01 +7.765698196e+00 +7.765698196e+00 +3.2285e+00 -3.6575e+00 +1.7835e+00 +3.0274e+00 +3.5108e+00
427 0 +1.121460923e+01 +7.504609229e+00 +7.504609229e+00 +3.2199e+00 -3.6635e+00 +1.7848e+00 +3.0250e+00 +3.5061e+00
504 0 +1.103712215e+01 +7.327122155e+00 +7.327122155e+00 +3.2149e+00 -3.6658e+00 +1.7862e+00 +3.0249e+00 +3.5014e+00
% f evaluations | g evaluations | best noise-free fitness - Fopt (1.321800000000e+02) + sum g_i+ | measured fitness | best measured fitness or single-digit g-values | x1 | x2...
1 0 +1.799919220e+02 +3.121719220e+02 +3.121719220e+02 -2.6204e-01 -5.3279e-02 +8.9040e-02 +1.2055e-01 -4.6256e-01
4 0 +1.701010269e+02 +3.022810269e+02 +3.022810269e+02 -1.5467e-01 +7.7204e-03 +2.2149e-02 -3.3209e-01 -4.3017e-01
27 0 +1.565231545e+02 +2.887031545e+02 +2.887031545e+02 -1.0360e+00 +1.2245e-02 +8.5365e-02 +5.7574e-02 -7.6462e-01
33 0 +1.366861985e+02 +2.688661985e+02 +2.688661985e+02 -8.0035e-01 -6.4051e-02 +3.7439e-01 +3.5404e-02 -1.3637e+00
42 0 +1.302676270e+02 +2.624476270e+02 +2.624476270e+02 -6.8516e-01 +4.8944e-02 +3.7453e-02 +3.3484e-01 -9.9110e-01
44 0 +1.163263507e+02 +2.485063507e+02 +2.485063507e+02 -9.1526e-01 -8.3670e-02 +4.1670e-01 -3.1738e-01 -1.3270e+00
49 0 +1.076125423e+02 +2.397925423e+02 +2.397925423e+02 -3.9880e-01 +7.5616e-02 +1.0207e+00 +3.4451e-03 -1.3729e+00
52 0 +8.796935448e+01 +2.201493545e+02 +2.201493545e+02 -1.0847e+00 -8.9345e-02 +5.2941e-01 -4.8103e-02 -2.0798e+00
55 0 +8.324752020e+01 +2.154275202e+02 +2.154275202e+02 -6.9432e-01 +2.6684e-01 +6.3584e-01 -3.2259e-01 -1.3761e+00
68 0 +7.056167708e+01 +2.027416771e+02 +2.027416771e+02 -1.6824e+00 -4.6353e-02 +1.2459e+00 -6.4440e-01 -2.4748e+00
80 0 +5.983865970e+01 +1.920186597e+02 +1.920186597e+02 -1.8011e+00 +1.1080e-01 +1.1791e+00 -4.0737e-02 -2.7340e+00
110 0 +4.197327379e+01 +1.741532738e+02 +1.741532738e+02 -2.7463e+00 +2.1325e-01 +2.2924e+00 -1.9722e+00 -3.5099e+00
135 0 +3.361501511e+01 +1.657950151e+02 +1.657950151e+02 -2.7287e+00 +6.4063e-01 +2.8711e+00 -2.2623e+00 -3.0555e+00
153 0 +2.489877251e+01 +1.570787725e+02 +1.570787725e+02 -2.8154e+00 +1.3522e+00 +2.7372e+00 -1.5342e+00 -2.7528e+00
260 0 +2.028120498e+01 +1.524612050e+02 +1.524612050e+02 -3.0350e+00 +7.6895e-01 +2.8866e+00 -1.9421e+00 -2.1607e+00
262 0 +1.929729669e+01 +1.514772967e+02 +1.514772967e+02 -2.9284e+00 +7.5845e-01 +2.7655e+00 -1.9501e+00 -2.1469e+00
265 0 +1.181961598e+01 +1.439996160e+02 +1.439996160e+02 -2.8458e+00 +7.0195e-01 +2.7794e+00 -1.9301e+00 -2.1603e+00
295 0 +1.158921988e+01 +1.437692199e+02 +1.437692199e+02 -2.8541e+00 +7.0079e-01 +2.7872e+00 -1.9959e+00 -2.1465e+00
296 0 +1.131369885e+01 +1.434936989e+02 +1.434936989e+02 -2.8686e+00 +7.1857e-01 +2.8052e+00 -1.9644e+00 -2.1531e+00
298 0 +1.118969608e+01 +1.433696961e+02 +1.433696961e+02 -2.8381e+00 +6.8411e-01 +2.7936e+00 -2.0050e+00 -2.0998e+00
304 0 +1.006579053e+01 +1.422457905e+02 +1.422457905e+02 -2.8148e+00 +7.1184e-01 +2.7977e+00 -2.0126e+00 -2.1329e+00
305 0 +8.914161705e+00 +1.410941617e+02 +1.410941617e+02 -2.7572e+00 +6.7511e-01 +2.7599e+00 -1.9608e+00 -2.0941e+00
310 0 +8.899948426e+00 +1.410799484e+02 +1.410799484e+02 -2.7508e+00 +6.8171e-01 +2.7710e+00 -1.9999e+00 -2.1462e+00
315 0 +7.918082733e+00 +1.400980827e+02 +1.400980827e+02 -2.7336e+00 +6.8697e-01 +2.7723e+00 -1.9597e+00 -2.1385e+00
319 0 +7.383149317e+00 +1.395631493e+02 +1.395631493e+02 -2.7522e+00 +6.7571e-01 +2.7783e+00 -1.9878e+00 -2.1203e+00
326 0 +5.636025643e+00 +1.378160256e+02 +1.378160256e+02 -2.8048e+00 +6.7574e-01 +2.8266e+00 -1.9715e+00 -2.1489e+00
351 0 +5.315944071e+00 +1.374959441e+02 +1.374959441e+02 -2.7799e+00 +6.9128e-01 +2.8154e+00 -1.9815e+00 -2.1263e+00
361 0 +4.926473372e+00 +1.371064734e+02 +1.371064734e+02 -2.7786e+00 +6.8761e-01 +2.8276e+00 -1.9815e+00 -2.1400e+00
376 0 +4.649734389e+00 +1.368297344e+02 +1.368297344e+02 -2.7755e+00 +6.8039e-01 +2.8288e+00 -1.9748e+00 -2.1441e+00
385 0 +4.438972982e+00 +1.366189730e+02 +1.366189730e+02 -2.7625e+00 +6.8079e-01 +2.8317e+00 -1.9742e+00 -2.1341e+00
394 0 +4.354861997e+00 +1.365348620e+02 +1.365348620e+02 -2.7663e+00 +6.8105e-01 +2.8332e+00 -1.9704e+00 -2.1340e+00
405 0 +4.248350259e+00 +1.364283503e+02 +1.364283503e+02 -2.7692e+00 +6.8161e-01 +2.8398e+00 -1.9701e+00 -2.1371e+00
431 0 +4.167115049e+00 +1.363471150e+02 +1.363471150e+02 -2.7671e+00 +6.8052e-01 +2.8433e+00 -1.9687e+00 -2.1366e+00
483 0 +4.070434149e+00 +1.362504341e+02 +1.362504341e+02 -2.7706e+00 +6.7890e-01 +2.8519e+00 -1.9666e+00 -2.1370e+00
504 0 +4.062447675e+00 +1.362424477e+02 +1.362424477e+02 -2.7686e+00 +6.7878e-01 +2.8506e+00 -1.9663e+00 -2.1353e+00
% f evaluations | g evaluations | best noise-free fitness - Fopt (-3.930000000000e+01) + sum g_i+ | measured fitness | best measured fitness or single-digit g-values | x1 | x2...
1 0 +1.282133486e+02 +8.891334865e+01 +8.891334865e+01 +2.1042e-01 -4.4717e-01 +5.7155e-01 -1.3845e-01 +2.6386e-01
12 0 +1.205202061e+02 +8.122020609e+01 +8.122020609e+01 +3.9914e-01 -4.2733e-01 +4.6592e-01 +4.5684e-03 +5.3187e-03
16 0 +1.143679926e+02 +7.506799264e+01 +7.506799264e+01 -3.1859e-01 -3.1850e-01 +6.0842e-01 -4.9703e-02 +2.8621e-01
23 0 +1.059894402e+02 +6.668944021e+01 +6.668944021e+01 +4.3218e-01 +8.3464e-02 +1.9296e-01 +2.8208e-01 +1.8093e-02
24 0 +9.869397058e+01 +5.939397058e+01 +5.939397058e+01 +4.8464e-01 -5.1354e-01 +8.0346e-01 +6.1886e-02 +2.6267e-01
43 0 +9.634928758e+01 +5.704928758e+01 +5.704928758e+01 +1.0614e-01 -4.9897e-01 +7.2532e-01 +2.9588e-01 +4.0332e-01
53 0 +7.929829077e+01 +3.999829077e+01 +3.999829077e+01 +4.2601e-01 -6.9738e-01 +1.2083e+00 +3.8794e-01 +7.1557e-01
54 0 +7.756949263e+01 +3.826949263e+01 +3.826949263e+01 +4.1757e-01 -5.2981e-01 +6.2277e-01 +8.0137e-01 +3.9653e-01
81 0 +7.554888316e+01 +3.624888316e+01 +3.624888316e+01 +2.5712e-01 -4.0357e-01 +6.4794e-01 +1.2384e+00 +8.3403e-01
89 0 +7.217948356e+01 +3.287948356e+01 +3.287948356e+01 +5.7228e-01 -6.6946e-01 +7.9202e-01 +1.2976e+00 +8.4140e-01
95 0 +4.935032135e+01 +1.005032135e+01 +1.005032135e+01 +4.4121e-01 -3.0474e-01 +1.2135e+00 +1.3394e+00 +6.8674e-01
150 0 +4.607015064e+01 +6.770150642e+00 +6.770150642e+00 +4.7207e-01 -5.0043e-01 +8.6635e-01 +1.7782e+00 +1.0660e+00
179 0 +4.268744810e+01 +3.387448095e+00 +3.387448095e+00 +4.9745e-01 -4.8564e-01 +8.2974e-01 +1.8605e+00 +1.0566e+00
187 0 +4.107751286e+01 +1.777512859e+00 +1.777512859e+00 +5.5190e-01 -4.7255e-01 +7.3462e-01 +1.8465e+00 +1.0518e+00
193 0 +4.038824348e+01 +1.088243482e+00 +1.088243482e+00 +5.8989e-01 -3.9258e-01 +6.8026e-01 +1.8032e+00 +1.0064e+00
196 0 +3.888197699e+01 -4.180230106e-01 -4.180230106e-01 +5.3914e-01 -4.8612e-01 +7.7677e-01 +1.8822e+00 +1.0069e+00
205 0 +3.605999930e+01 -3.240000701e+00 -3.240000701e+00 +5.6434e-01 -5.1498e-01 +7.8304e-01 +1.8171e+00 +1.0036e+00
365 0 +3.547852063e+01 -3.821479372e+00 -3.821479372e+00 +5.1018e-01 -4.8082e-01 +7.7978e-01 +1.8224e+00 +1.0036e+00
504 0 +3.506688186e+01 -4.233118139e+00 -4.233118139e+00 +5.1458e-01 -4.2324e-01 +7.7413e-01 +1.8207e+00 +9.9688e-01
% f evaluations | g evaluations | best noise-free fitness - Fopt (4.296000000000e+01) + sum g_i+ | measured fitness | best measured fitness or single-digit g-values | x1 | x2...
1 0 +1.314047006e+02 +1.743647006e+02 +1.743647006e+02 -3.0900e-01 +1.6806e-02 +1.6140e-01 +4.5013e-02 -4.5261e-01
2 0 +9.164589903e+01 +1.346058990e+02 +1.346058990e+02 -3.4578e-01 -7.1613e-02 +9.9590e-02 -7.7971e-02 +5.9360e-01
3 0 +9.034044805e+01 +1.333004480e+02 +1.333004480e+02 -5.0198e-01 +2.1861e-01 +9.3218e-02 -9.7478e-02 -6.2165e-03
6 0 +8.199169223e+01 +1.249516922e+02 +1.249516922e+02 -6.8130e-01 -4.6122e-01 -1.4913e-01 +5.1449e-01 +2.7513e-01
14 0 +4.361401763e+01 +8.657401763e+01 +8.657401763e+01 -7.6814e-01 +4.8983e-01 -9.8276e-01 +9.7356e-01 +6.0187e-01
96 0 +3.442834683e+01 +7.738834683e+01 +7.738834683e+01 -1.4191e+00 +4.7937e-01 -2.2618e+00 +5.4008e-01 +8.4455e-01
151 0 +2.987860368e+01 +7.283860368e+01 +7.283860368e+01 -1.3285e+00 +9.6229e-01 -2.2473e+00 +1.1012e+00 +1.4989e+00
176 0 +2.601352695e+01 +6.897352695e+01 +6.897352695e+01 -1.4370e+00 +8.3510e-01 -2.2546e+00 +1.0632e+00 +1.4936e+00
252 0 +2.382413467e+01 +6.678413467e+01 +6.678413467e+01 -1.3979e+00 +9.5986e-01 -2.2373e+00 +1.0765e+00 +1.5511e+00
259 0 +2.130249644e+01 +6.426249644e+01 +6.426249644e+01 -1.3794e+00 +9.6213e-01 -2.2006e+00 +1.0312e+00 +1.5115e+00
260 0 +2.061704733e+01 +6.357704733e+01 +6.357704733e+01 -1.3839e+00 +9.4265e-01 -2.2375e+00 +1.0384e+00 +1.5094e+00
267 0 +1.983420898e+01 +6.279420898e+01 +6.279420898e+01 -1.3937e+00 +9.2219e-01 -2.2148e+00 +1.0381e+00 +1.5057e+00
290 0 +1.863824132e+01 +6.159824132e+01 +6.159824132e+01 -1.4110e+00 +9.3329e-01 -2.2247e+00 +1.0309e+00 +1.5064e+00
304 0 +1.804436721e+01 +6.100436721e+01 +6.100436721e+01 -1.4361e+00 +9.4240e-01 -2.2359e+00 +1.0409e+00 +1.5121e+00
309 0 +1.753127140e+01 +6.049127140e+01 +6.049127140e+01 -1.4375e+00 +9.3011e-01 -2.2324e+00 +1.0313e+00 +1.5096e+00
311 0 +1.717408509e+01 +6.013408509e+01 +6.013408509e+01 -1.4475e+00 +9.3590e-01 -2.2268e+00 +1.0328e+00 +1.5034e+00
316 0 +1.691337434e+01 +5.987337434e+01 +5.987337434e+01 -1.4591e+00 +9.3998e-01 -2.2362e+00 +1.0335e+00 +1.5144e+00
322 0 +1.616466725e+01 +5.912466725e+01 +5.912466725e+01 -1.4757e+00 +9.2571e-01 -2.2318e+00 +1.0143e+00 +1.5055e+00
330 0 +1.560726972e+01 +5.856726972e+01 +5.856726972e+01 -1.5358e+00 +9.3013e-01 -2.2286e+00 +1.0032e+00 +1.5002e+00
344 0 +1.504757757e+01 +5.800757757e+01 +5.800757757e+01 -1.5392e+00 +9.2281e-01 -2.2254e+00 +1.0165e+00 +1.5075e+00
504 0 +1.492649727e+01 +5.788649727e+01 +5.788649727e+01 -1.5402e+00 +9.3249e-01 -2.2226e+00 +1.0205e+00 +1.5128e+00
% f evaluations | g evaluations | best noise-free fitness - Fopt (2.842200000000e+02) + sum g_i+ | measured fitness | best measured fitness or single-digit g-values | x1 | x2...
1 0 +1.219968952e+02 +4.062168952e+02 +4.062168952e+02 -4.1930e-01 -3.5384e-01 +1.7374e-01 +4.3132e-02 +8.8083e-02
4 0 +1.146248257e+02 +3.988448257e+02 +3.988448257e+02 +5.0534e-01 -1.1833e-01 -3.2267e-01 -5.0898e-02 +1.0575e-01
15 0 +1.084404981e+02 +3.926604981e+02 +3.926604981e+02 -1.7280e-01 -4.1129e-01 -3.6942e-01 +3.4218e-01 +2.8820e-01
21 0 +9.907679175e+01 +3.832967918e+02 +3.832967918e+02 +1.4157e-01 -2.6835e-03 -6.0570e-01 +1.9055e-01 +4.0196e-01
23 0 +5.839911276e+01 +3.426191128e+02 +3.426191128e+02 -1.1452e-01 -7.4981e-01 -2.3080e-01 +6.5258e-01 +8.8175e-01
48 0 +5.702046845e+01 +3.412404685e+02 +3.412404685e+02 -5.1806e-01 -7.3895e-01 -2.8657e-03 +1.0793e+00 +1.1790e+00
59 0 +4.961036966e+01 +3.338303697e+02 +3.338303697e+02 -2.2746e-01 -1.7164e+00 -9.4336e-01 +2.9744e+00 +1.8808e+00
99 0 +4.897495767e+01 +3.331949577e+02 +3.331949577e+02 +3.2402e-01 -1.4785e+00 -1.4576e+00 +2.2742e+00 +2.2022e+00
100 0 +3.134786302e+01 +3.155678630e+02 +3.155678630e+02 +5.6528e-01 -1.0794e+00 -1.0332e+00 +1.7309e+00 +1.1757e+00
143 0 +2.914699455e+01 +3.133669945e+02 +3.133669945e+02 +4.9848e-01 -1.0658e+00 -1.7266e+00 +2.2203e+00 +1.1466e+00
186 0 +2.801100343e+01 +3.122310034e+02 +3.122310034e+02 +6.8517e-01 -9.7340e-01 -1.6531e+00 +2.3187e+00 +1.1454e+00
187 0 +2.667844679e+01 +3.108984468e+02 +3.108984468e+02 +6.2529e-01 -1.0093e+00 -1.7036e+00 +2.2305e+00 +1.1042e+00
206 0 +2.354056673e+01 +3.077605667e+02 +3.077605667e+02 +6.4919e-01 -1.0688e+00 -1.6251e+00 +2.2673e+00 +1.1669e+00
217 0 +2.308396256e+01 +3.073039626e+02 +3.073039626e+02 +6.0911e-01 -1.0160e+00 -1.6582e+00 +2.2546e+00 +1.1629e+00
270 0 +2.248346239e+01 +3.067034624e+02 +3.067034624e+02 +6.4121e-01 -1.0033e+00 -1.6514e+00 +2.2556e+00 +1.1715e+00
274 0 +2.208968230e+01 +3.063096823e+02 +3.063096823e+02 +6.4039e-01 -1.0033e+00 -1.6410e+00 +2.2497e+00 +1.1681e+00
283 0 +2.186304257e+01 +3.060830426e+02 +3.060830426e+02 +6.3505e-01 -9.9200e-01 -1.6391e+00 +2.2358e+00 +1.1600e+00
292 0 +2.136959375e+01 +3.055895937e+02 +3.055895937e+02 +6.4972e-01 -9.9868e-01 -1.6406e+00 +2.2442e+00 +1.1549e+00
321 0 +2.083442860e+01 +3.050544286e+02 +3.050544286e+02 +6.6001e-01 -1.0066e+00 -1.6438e+00 +2.2395e+00 +1.1489e+00
379 0 +2.041681431e+01 +3.046368143e+02 +3.046368143e+02 +6.7088e-01 -1.0154e+00 -1.6430e+00 +2.2405e+00 +1.1502e+00
450 0 +1.989810532e+01 +3.041181053e+02 +3.041181053e+02 +6.8723e-01 -1.0244e+00 -1.6429e+00 +2.2411e+00 +1.1513e+00
491 0 +1.947544667e+01 +3.036954467e+02 +3.036954467e+02 +7.0225e-01 -1.0321e+00 -1.6424e+00 +2.2403e+00 +1.1508e+00
504 0 +1.935397990e+01 +3.035739799e+02 +3.035739799e+02 +7.0712e-01 -1.0340e+00 -1.6416e+00 +2.2395e+00 +1.1492e+00
% f evaluations | g evaluations | best noise-free fitness - Fopt (-3.217000000000e+01) + sum g_i+ | measured fitness | best measured fitness or single-digit g-values | x1 | x2...
1 0 +2.982020351e+02 +2.660320351e+02 +2.660320351e+02 -3.3368e-02 -9.1878e-02 -3.9012e-03 +1.9461e-01 -4.2646e-01
9 0 +2.895539001e+02 +2.573839001e+02 +2.573839001e+02 +1.8990e-01 -6.4064e-01 -1.1630e-01 +9.9521e-02 -5.1953e-01
11 0 +2.572597603e+02 +2.250897603e+02 +2.250897603e+02 -2.9846e-01 +8.7068e-03 -2.7397e-01 +6.6147e-01 -6.0690e-01
19 0 +1.750918809e+02 +1.429218809e+02 +1.429218809e+02 -9.9623e-02 -5.8189e-01 -4.9380e-01 +7.9078e-01 -1.2979e+00
29 0 +1.687356027e+02 +1.365656027e+02 +1.365656027e+02 +5.5001e-01 -5.3635e-01 -5.3442e-01 +8.3317e-01 -1.2549e+00
30 0 +1.155291833e+02 +8.335918329e+01 +8.335918329e+01 -1.4384e-01 -3.9461e-01 -1.5270e-01 +9.6056e-01 -1.6295e+00
34 0 +1.061832575e+02 +7.401325754e+01 +7.401325754e+01 -2.8764e-02 -5.1639e-01 -5.0364e-01 +1.0897e+00 -2.1061e+00
41 0 +5.294661945e+01 +2.077661945e+01 +2.077661945e+01 +2.3200e-01 -1.0526e+00 +3.3386e-01 -1.4787e-01 -3.0141e+00
128 0 +5.201909264e+01 +1.984909264e+01 +1.984909264e+01 -1.9750e+00 -5.2433e-01 +3.4118e-01 -2.0034e-01 -3.6949e+00
135 0 +4.555629447e+01 +1.338629447e+01 +1.338629447e+01 -1.6740e+00 -2.8146e-01 +5.0462e-01 -3.6284e-01 -3.3452e+00
152 0 +3.926598992e+01 +7.095989920e+00 +7.095989920e+00 -1.2924e+00 -3.2761e-01 +5.2182e-01 -1.1436e-01 -3.9848e+00
156 0 +3.839003881e+01 +6.220038809e+00 +6.220038809e+00 -1.5852e+00 -3.7553e-01 +4.8804e-01 -1.8380e-01 -3.8155e+00
163 0 +3.454408468e+01 +2.374084675e+00 +2.374084675e+00 -1.5247e+00 -3.9192e-01 +4.3539e-01 -1.5802e-01 -3.4496e+00
206 0 +3.373616889e+01 +1.566168895e+00 +1.566168895e+00 -1.4880e+00 -3.9811e-01 +4.5543e-01 -2.4010e-01 -3.7426e+00
209 0 +2.320894838e+01 -8.961051621e+00 -8.961051621e+00 -1.4942e+00 -4.5997e-01 +4.7273e-01 -1.7371e-01 -3.6781e+00
237 0 +2.289415334e+01 -9.275846660e+00 -9.275846660e+00 -1.5128e+00 -3.5822e-01 +4.2765e-01 -1.0179e-01 -3.6967e+00
262 0 +2.041140815e+01 -1.175859185e+01 -1.175859185e+01 -1.5582e+00 -3.8954e-01 +4.1240e-01 -1.3855e-01 -3.7029e+00
284 0 +1.946236131e+01 -1.270763869e+01 -1.270763869e+01 -1.5351e+00 -4.2808e-01 +4.4417e-01 -1.2374e-01 -3.6998e+00
306 0 +1.899737646e+01 -1.317262354e+01 -1.317262354e+01 -1.5585e+00 -3.9380e-01 +4.5385e-01 -1.2759e-01 -3.6943e+00
329 0 +1.859294554e+01 -1.357705446e+01 -1.357705446e+01 -1.5634e+00 -4.0706e-01 +4.6826e-01 -1.4108e-01 -3.6940e+00
380 0 +1.818918210e+01 -1.398081790e+01 -1.398081790e+01 -1.5823e+00 -4.1336e-01 +4.6722e-01 -1.4434e-01 -3.7023e+00
504 0 +1.811234692e+01 -1.405765308e+01 -1.405765308e+01 -1.5876e+00 -4.1506e-01 +4.6669e-01 -1.4387e-01 -3.7021e+00
% f evaluations | g evaluations | best noise-free fitness - Fopt (-5.858000000000e+01) + sum g_i+ | measured fitness | best measured fitness or single-digit g-values | x1 | x2...
1 0 +3.612075501e+02 +3.026275501e+02 +3.026275501e+02 -8.3590e-01 -6.2974e-02 -1.3833e-01 +2.6156e-02 -2.6932e-01
2 0 +2.854500482e+02 +2.268700482e+02 +2.268700482e+02 +9.2370e-02 +8.8797e-03 -8.5302e-02 -9.8960e-02 -5.7016e-01
9 0 +2.801310069e+02 +2.215510069e+02 +2.215510069e+02 +2.9120e-01 +4.0512e-01 -3.6491e-02 -2.8945e-01 -4.7985e-01
14 0 +2.658020613e+02 +2.072220613e+02 +2.072220613e+02 +1.3474e-01 +1.0944e-01 -7.4742e-02 -5.2986e-01 -6.9866e-01
16 0 +2.424395754e+02 +1.838595754e+02 +1.838595754e+02 +5.5467e-02 +1.0369e-01 -8.5511e-03 +1.0207e-01 -9.3226e-01
17 0 +2.127137431e+02 +1.541337431e+02 +1.541337431e+02 +1.6093e-01 -6.8310e-01 -5.0899e-01 -2.6186e-01 -1.1293e+00
22 0 +1.385069680e+02 +7.992696800e+01 +7.992696800e+01 -3.1245e-01 +1.2101e-01 -5.7219e-02 -1.6443e-01 -1.5246e+00
26 0 +1.111407113e+02 +5.256071128e+01 +5.256071128e+01 +4.6534e-02 +1.0193e-01 -1.4565e-01 -2.8078e-01 -1.8220e+00
41 0 +9.797541035e+01 +3.939541035e+01 +3.939541035e+01 -7.2965e-01 -8.4221e-01 -7.7962e-01 -4.4765e-01 -3.5601e+00
46 0 +8.151377170e+01 +2.293377170e+01 +2.293377170e+01 -2.7333e-01 -2.9798e-02 +3.8269e-01 -2.4449e-01 -3.3563e+00
54 0 +5.605442359e+01 -2.525576406e+00 -2.525576406e+00 -5.3212e-01 -1.0375e+00 +8.4643e-01 +6.4180e-01 -4.1129e+00
66 0 +5.313018866e+01 -5.449811337e+00 -5.449811337e+00 +1.6149e+00 -1.8063e+00 -9.8757e-02 +1.3412e+00 -5.4280e+00
70 0 +4.639990086e+01 -1.218009914e+01 -1.218009914e+01 +2.2094e+00 -1.8442e+00 -6.9575e-02 +1.2566e+00 -3.1819e+00
116 0 +3.543894419e+01 -2.314105581e+01 -2.314105581e+01 +7.0760e-01 -2.4584e+00 +1.5494e+00 +7.4528e-01 -3.4908e+00
140 0 +3.258865242e+01 -2.599134758e+01 -2.599134758e+01 +6.5341e-01 -1.4966e+00 +1.0007e+00 +9.3309e-01 -3.8957e+00
146 0 +2.635471065e+01 -3.222528935e+01 -3.222528935e+01 +6.4356e-01 -1.6540e+00 +9.6535e-01 +9.0630e-01 -4.3186e+00
185 0 +2.390165140e+01 -3.467834860e+01 -3.467834860e+01 +3.8879e-01 -1.6179e+00 +1.0375e+00 +9.9625e-01 -3.5198e+00
219 0 +2.055852015e+01 -3.802147985e+01 -3.802147985e+01 +5.4442e-01 -1.7318e+00 +1.0416e+00 +1.0495e+00 -3.2666e+00
226 0 +1.957657388e+01 -3.900342612e+01 -3.900342612e+01 +5.1948e-01 -1.6974e+00 +1.0626e+00 +1.0333e+00 -3.2430e+00
242 0 +1.322799812e+01 -4.535200188e+01 -4.535200188e+01 +6.0840e-01 -1.7403e+00 +1.0424e+00 +1.0013e+00 -3.2155e+00
266 0 +1.215815223e+01 -4.642184777e+01 -4.642184777e+01 +6.1168e-01 -1.6957e+00 +1.0169e+00 +9.9927e-01 -3.2560e+00
274 0 +1.054186025e+01 -4.803813975e+01 -4.803813975e+01 +5.9829e-01 -1.6768e+00 +9.7947e-01 +9.9989e-01 -3.2318e+00
298 0 +1.009115989e+01 -4.848884011e+01 -4.848884011e+01 +6.1567e-01 -1.6880e+00 +9.7814e-01 +9.8012e-01 -3.2336e+00
345 0 +9.998617221e+00 -4.858138278e+01 -4.858138278e+01 +6.1808e-01 -1.6821e+00 +9.7617e-01 +9.8337e-01 -3.2301e+00
504 0 +9.972439093e+00 -4.860756091e+01 -4.860756091e+01 +6.2250e-01 -1.6815e+00 +9.7144e-01 +9.8428e-01 -3.2271e+00
% f evaluations | g evaluations | best noise-free fitness - Fopt (-6.049200000000e+02) + sum g_i+ | measured fitness | best measured fitness or single-digit g-values | x1 | x2...
1 0 +8.464160701e+01 -5.202783930e+02 -5.202783930e+02 +1.9437e-01 -3.8416e-01 +2.5070e-02 +3.8245e-01 +1.9244e-01
3 0 +6.416822434e+01 -5.407517757e+02 -5.407517757e+02 +7.8604e-02 -3.4837e-01 -4.0472e-01 -1.5732e-01 +3.7636e-01
36 0 +5.907102032e+01 -5.458489797e+02 -5.458489797e+02 +1.0362e-01 -2.7222e-01 -4.5044e-01 +6.5640e-01 +6.6636e-02
39 0 +5.347677116e+01 -5.514432288e+02 -5.514432288e+02 +3.7278e-02 -2.7363e-01 -5.8950e-01 +7.1081e-01 +4.8074e-02
58 0 +5.158541940e+01 -5.533345806e+02 -5.533345806e+02 +3.1268e-02 -2.1609e-01 -8.6683e-01 +6.7803e-01 +1.2483e-01
107 0 +4.968977095e+01 -5.552302291e+02 -5.552302291e+02 -1.4395e-01 -2.0599e-01 -7.5170e-01 +6.9247e-01 +8.5451e-02
108 0 +4.570158363e+01 -5.592184164e+02 -5.592184164e+02 +3.2117e-02 -2.7709e-01 -8.9753e-01 +6.7965e-01 +5.9779e-02
112 0 +4.465678703e+01 -5.602632130e+02 -5.602632130e+02 -6.1822e-02 -3.2004e-01 -8.0760e-01 +6.5757e-01 +5.4648e-02
118 0 +4.119716939e+01 -5.637228306e+02 -5.637228306e+02 -5.2624e-02 -2.3679e-01 -8.6135e-01 +7.1280e-01 +4.7273e-02
130 0 +4.059142072e+01 -5.643285793e+02 -5.643285793e+02 -2.8946e-02 -2.2786e-01 -7.9115e-01 +6.7496e-01 +3.4778e-02
138 0 +3.843984410e+01 -5.664801559e+02 -5.664801559e+02 -8.2605e-03 -2.2402e-01 -7.7188e-01 +6.9714e-01 +6.5080e-02
156 0 +3.781782574e+01 -5.671021743e+02 -5.671021743e+02 -1.5880e-02 -2.3020e-01 -8.3209e-01 +7.0293e-01 +5.4475e-02
186 0 +3.699873955e+01 -5.679212605e+02 -5.679212605e+02 -6.2832e-03 -1.9582e-01 -8.1133e-01 +7.0950e-01 +4.6659e-02
504 0 +3.681320137e+01 -5.681067986e+02 -5.681067986e+02 -1.0928e-03 -1.8397e-01 -8.0543e-01 +7.0634e-01 +5.2527e-02
% f evaluations | g evaluations | best noise-free fitness - Fopt (1.337000000000e+02) + sum g_i+ | measured fitness | best measured fitness or single-digit g-values | x1 | x2...
1 0 +6.022509315e+02 +7.359509315e+02 +7.359509315e+02 -4.8155e-01 -2.4856e-01 -2.2483e-01 +4.1930e-02 +3.9478e-01
2 0 +4.719258620e+02 +6.056258620e+02 +6.056258620e+02 -3.3138e-01 -3.2656e-02 +7.4371e-02 +8.0922e-01 +1.3313e-01
3 0 +4.504211824e+02 +5.841211824e+02 +5.841211824e+02 +3.2713e-01 -1.3558e-02 -2.0017e-01 +3.3226e-01 +9.9063e-02
4 0 +4.352323121e+02 +5.689323121e+02 +5.689323121e+02 +1.7567e-03 +2.8038e-02 -2.4198e-01 +1.1205e-01 -3.9706e-02
8 0 +4.246471870e+02 +5.583471870e+02 +5.583471870e+02 -1.0685e-01 +1.2734e-01 +2.2021e-01 +1.9723e-01 -3.1522e-02
9 0 +3.888167114e+02 +5.225167114e+02 +5.225167114e+02 -2.6854e-01 +4.6568e-01 +1.8320e-03 +1.8086e-02 -2.3107e-01
14 0 +3.491295145e+02 +4.828295145e+02 +4.828295145e+02 -3.4216e-01 +1.0924e-01 -2.4970e-01 +1.4942e-01 -2.6296e-01
17 0 +2.462080133e+02 +3.799080133e+02 +3.799080133e+02 -2.0801e-01 +1.6026e-01 -1.3814e-01 +2.8667e-01 -7.6264e-01
33 0 +2.281287031e+02 +3.618287031e+02 +3.618287031e+02 -5.5782e-01 +5.8757e-01 +8.1936e-02 +3.3343e-01 -8.5831e-01
42 0 +2.230357819e+02 +3.567357819e+02 +3.567357819e+02 -1.2619e+00 +5.8824e-01 -5.4148e-01 +2.9171e-01 -1.0891e+00
45 0 +1.869041072e+02 +3.206041072e+02 +3.206041072e+02 -4.7456e-01 +4.5963e-02 +1.1229e-01 +3.8414e-01 -1.1110e+00
49 0 +1.793177578e+02 +3.130177578e+02 +3.130177578e+02 -4.6844e-01 +4.3682e-01 -5.3347e-01 +7.5630e-01 -1.3244e+00
56 0 +7.377717552e+01 +2.074771755e+02 +2.074771755e+02 -4.9746e-01 +1.3111e-01 +3.3074e-02 +7.5849e-01 -1.9059e+00
66 0 +6.945695085e+01 +2.031569509e+02 +2.031569509e+02 +2.8377e-01 -2.6432e-01 -3.4429e-01 +1.1675e+00 -2.2709e+00
69 0 +6.315725194e+01 +1.968572519e+02 +1.968572519e+02 -5.6952e-01 +3.7742e-01 -1.0866e-01 +1.4665e+00 -2.7568e+00
80 0 +5.811593245e+01 +1.918159324e+02 +1.918159324e+02 +1.0092e-01 -2.6562e-02 +2.6161e-01 +2.0303e+00 -2.9479e+00
84 0 +5.684402336e+01 +1.905440234e+02 +1.905440234e+02 +1.3572e-01 +1.2724e+00 +1.6380e-01 +1.8176e+00 -3.4227e+00
90 0 +2.534114960e+01 +1.590411496e+02 +1.590411496e+02 -7.6478e-01 +9.8949e-01 -8.3720e-01 +2.3808e+00 -3.3444e+00
134 0 +2.485988756e+01 +1.585598876e+02 +1.585598876e+02 +3.5070e-01 +2.2225e+00 +2.2251e-01 +1.5540e+00 -3.0640e+00
163 0 +2.203913672e+01 +1.557391367e+02 +1.557391367e+02 +4.9886e-01 +2.6272e+00 -3.9851e-01 +1.8895e+00 -4.2955e+00
226 0 +1.010288222e+01 +1.438028822e+02 +1.438028822e+02 +5.0092e-01 +1.8170e+00 +1.7838e-01 +1.5548e+00 -3.6730e+00
333 0 +9.644231066e+00 +1.433442311e+02 +1.433442311e+02 +5.8118e-01 +2.4989e+00 -3.6496e-01 +1.9494e+00 -3.6999e+00
340 0 +9.132577486e+00 +1.428325775e+02 +1.428325775e+02 +5.7371e-01 +2.4956e+00 -3.5415e-01 +1.9384e+00 -3.6870e+00
361 0 +8.824018380e+00 +1.425240184e+02 +1.425240184e+02 +5.8279e-01 +2.4733e+00 -3.5677e-01 +1.9166e+00 -3.6957e+00
377 0 +8.692097209e+00 +1.423920972e+02 +1.423920972e+02 +5.8925e-01 +2.4838e+00 -3.6178e-01 +1.9212e+00 -3.6914e+00
391 0 +8.479472528e+00 +1.421794725e+02 +1.421794725e+02 +5.8618e-01 +2.4913e+00 -3.7309e-01 +1.9217e+00 -3.6838e+00
504 0 +8.357556627e+00 +1.420575566e+02 +1.420575566e+02 +5.8024e-01 +2.4869e+00 -3.7795e-01 +1.9177e+00 -3.6874e+00
% f evaluations | g evaluations | best noise-free fitness - Fopt (-2.098000000000e+01) + sum g_i+ | measured fitness | best measured fitness or single-digit g-values | x1 | x2...
1 0 +1.095510581e+02 +8.857105808e+01 +8.857105808e+01 +1.0082e-01 -4.6158e-01 -5.0525e-01 -2.9010e-02 -2.1895e-01
3 0 +1.083661488e+02 +8.738614879e+01 +8.738614879e+01 -4.1917e-02 +1.1573e-01 -4.2784e-01 -6.7147e-02 -4.9533e-02
4 0 +9.831664677e+01 +7.733664677e+01 +7.733664677e+01 +3.9735e-01 +4.0209e-01 +7.9490e-02 +4.5303e-01 +1.6972e-01
5 0 +9.049543262e+01 +6.951543262e+01 +6.951543262e+01 -5.0423e-02 +7.2294e-02 +1.6945e-01 +3.2662e-01 +2.1528e-01
10 0 +8.217846467e+01 +6.119846467e+01 +6.119846467e+01 +1.3784e-01 -1.4530e-01 +2.8926e-01 +3.0483e-01 +1.7685e-01
33 0 +8.075066672e+01 +5.977066672e+01 +5.977066672e+01 +1.2664e-01 -2.1041e-01 +2.6493e-01 +3.1914e-01 +4.8647e-01
41 0 +7.783877309e+01 +5.685877309e+01 +5.685877309e+01 -5.3350e-02 -1.4677e-01 -1.0558e-01 +3.2287e-01 +6.8057e-01
43 0 +6.311401010e+01 +4.213401010e+01 +4.213401010e+01 +5.0933e-02 -4.3289e-01 -2.0096e-01 +4.7563e-01 +6.5112e-01
64 0 +5.212050755e+01 +3.114050755e+01 +3.114050755e+01 -5.5822e-03 -2.9716e-01 -3.2488e-01 +7.5154e-01 +1.0199e+00
102 0 +4.917969345e+01 +2.819969345e+01 +2.819969345e+01 -1.4394e-01 -5.2847e-01 -1.9403e-01 +8.4538e-01 +1.3241e+00
120 0 +4.691679423e+01 +2.593679423e+01 +2.593679423e+01 +1.7369e-01 -5.7318e-01 -4.2647e-01 +7.3252e-01 +1.5215e+00
137 0 +4.637940833e+01 +2.539940833e+01 +2.539940833e+01 -1.6361e-01 -3.9075e-01 -1.6466e-01 +4.8625e-01 +1.5343e+00
152 0 +4.021963703e+01 +1.923963703e+01 +1.923963703e+01 -1.3364e-01 -5.7325e-01 -4.3293e-01 +4.5335e-01 +1.8171e+00
160 0 +3.901910349e+01 +1.803910349e+01 +1.803910349e+01 -1.7404e-02 -5.2633e-01 -3.3309e-01 +4.0360e-01 +1.7065e+00
169 0 +3.092174264e+01 +9.941742643e+00 +9.941742643e+00 -3.9077e-02 -5.5710e-01 -3.6270e-01 +4.0012e-01 +1.7653e+00
173 0 +3.010003554e+01 +9.120035538e+00 +9.120035538e+00 +5.7340e-02 -4.0777e-01 -4.6220e-01 +3.8425e-01 +1.8742e+00
180 0 +2.718794420e+01 +6.207944203e+00 +6.207944203e+00 +7.3699e-02 -4.5079e-01 -3.5089e-01 +3.0235e-01 +1.8380e+00
190 0 +2.369704784e+01 +2.717047841e+00 +2.717047841e+00 +5.1795e-02 -4.0140e-01 -3.6528e-01 +4.4491e-01 +1.7691e+00
193 0 +2.144999340e+01 +4.699933959e-01 +4.699933959e-01 +3.6772e-02 -4.1213e-01 -3.4228e-01 +4.3423e-01 +1.7911e+00
197 0 +1.921989264e+01 -1.760107361e+00 -1.760107361e+00 +8.9318e-02 -3.9777e-01 -2.7955e-01 +3.7093e-01 +1.7983e+00
230 0 +1.881788748e+01 -2.162112516e+00 -2.162112516e+00 +5.2026e-02 -3.6332e-01 -3.2059e-01 +3.6545e-01 +1.7944e+00
332 0 +1.861942029e+01 -2.360579708e+00 -2.360579708e+00 +2.5178e-02 -3.8374e-01 -3.3120e-01 +3.8314e-01 +1.8001e+00
504 0 +1.843561973e+01 -2.544380273e+00 -2.544380273e+00 +3.6666e-02 -3.7888e-01 -3.3637e-01 +3.8161e-01 +1.8010e+00
% f evaluations | g evaluations | best noise-free fitness - Fopt (1.353300000000e+02) + sum g_i+ | measured fitness | best measured fitness or single-digit g-values | x1 | x2...
1 0 +2.238470162e+02 +3.591770162e+02 +3.591770162e+02 +1.2656e-01 +2.7897e-02 -4.6069e-02 -4.7388e-02 -2.4236e-01
2 0 +2.131990697e+02 +3.485290697e+02 +3.485290697e+02 +3.7484e-01 -4.2878e-01 +1.3016e-01 +3.4268e-02 +2.9966e-01
8 0 +1.659071091e+02 +3.012371091e+02 +3.012371091e+02 +2.2158e-01 +6.0740e-01 -2.5547e-02 -5.8792e-01 +2.1360e-01
10 0 +1.591291649e+02 +2.944591649e+02 +2.944591649e+02 -8.1120e-02 -3.2007e-02 +3.0233e-01 -3.1585e-01 +2.6423e-01
11 0 +1.319473507e+02 +2.672773507e+02 +2.672773507e+02 +5.9856e-01 -3.7329e-02 -1.1381e-01 -4.4005e-01 +5.7429e-01
18 0 +1.236322539e+02 +2.589622539e+02 +2.589622539e+02 +9.1590e-01 +6.0406e-02 +2.4310e-01 -1.1527e+00 +6.3084e-01
30 0 +1.075341274e+02 +2.428641274e+02 +2.428641274e+02 +5.4244e-01 +1.1942e+00 -7.2291e-03 -1.8317e+00 +1.1347e+00
36 0 +9.089978143e+01 +2.262297814e+02 +2.262297814e+02 +1.2121e+00 +8.4108e-01 -2.7162e-01 -2.4792e+00 +1.8787e+00
39 0 +8.896361516e+01 +2.242936152e+02 +2.242936152e+02 +3.7380e-01 +1.2590e-01 -3.2156e-01 -1.4915e+00 +1.2707e+00
41 0 +6.670371342e+01 +2.020337134e+02 +2.020337134e+02 +1.1233e+00 +8.4715e-01 +1.0437e-01 -2.6653e+00 +2.0464e+00
50 0 +5.963151005e+01 +1.949615101e+02 +1.949615101e+02 +1.9412e+00 +1.4829e+00 -7.0853e-01 -2.5874e+00 +2.0137e+00
63 0 +5.136984050e+01 +1.866998405e+02 +1.866998405e+02 +1.5836e+00 +2.2314e+00 -5.8816e-02 -3.0398e+00 +2.6305e+00
83 0 +3.815877235e+01 +1.734887724e+02 +1.734887724e+02 +3.6359e+00 +9.4455e-01 +1.1466e+00 -2.6380e+00 +2.5787e+00
87 0 +3.543969601e+01 +1.707696960e+02 +1.707696960e+02 +1.3905e+00 +1.5386e+00 +1.0135e+00 -2.9850e+00 +2.7585e+00
107 0 +2.796494304e+01 +1.632949430e+02 +1.632949430e+02 +4.9342e-01 +2.1938e-01 +1.4085e+00 -2.5944e+00 +3.5039e+00
120 0 +2.442598761e+01 +1.597559876e+02 +1.597559876e+02 +6.1720e-01 +2.6874e-02 +1.5480e+00 -2.8135e+00 +2.8841e+00
135 0 +1.827464718e+01 +1.536046472e+02 +1.536046472e+02 +4.9679e-01 +2.0207e-02 +2.0143e+00 -3.0492e+00 +3.9737e+00
241 0 +1.246693504e+01 +1.477969350e+02 +1.477969350e+02 +4.4847e-01 +8.5903e-01 +1.9862e+00 -2.6035e+00 +3.1676e+00
276 0 +1.178670713e+01 +1.471167071e+02 +1.471167071e+02 +5.7996e-01 +8.4158e-01 +1.7252e+00 -2.6096e+00 +3.1773e+00
280 0 +1.156036206e+01 +1.468903621e+02 +1.468903621e+02 +5.9095e-01 +7.8553e-01 +1.6535e+00 -2.6342e+00 +3.1976e+00
301 0 +1.065265320e+01 +1.459826532e+02 +1.459826532e+02 +5.8106e-01 +8.4531e-01 +1.6777e+00 -2.6121e+00 +3.1711e+00
310 0 +9.658272646e+00 +1.449882726e+02 +1.449882726e+02 +5.9911e-01 +8.1226e-01 +1.6293e+00 -2.6249e+00 +3.1758e+00
336 0 +9.287205471e+00 +1.446172055e+02 +1.446172055e+02 +5.7673e-01 +8.2732e-01 +1.6339e+00 -2.6268e+00 +3.1801e+00
337 0 +8.980271223e+00 +1.443102712e+02 +1.443102712e+02 +5.8033e-01 +8.1754e-01 +1.6261e+00 -2.6248e+00 +3.1740e+00
339 0 +8.658079256e+00 +1.439880793e+02 +1.439880793e+02 +5.7547e-01 +8.0792e-01 +1.6180e+00 -2.6305e+00 +3.1784e+00
346 0 +8.436946234e+00 +1.437669462e+02 +1.437669462e+02 +5.9288e-01 +8.1623e-01 +1.6101e+00 -2.6193e+00 +3.1712e+00
347 0 +8.306736623e+00 +1.436367366e+02 +1.436367366e+02 +5.8288e-01 +8.2224e-01 +1.6134e+00 -2.6167e+00 +3.1716e+00
353 0 +7.732424028e+00 +1.430624240e+02 +1.430624240e+02 +5.7779e-01 +8.2671e-01 +1.6039e+00 -2.6116e+00 +3.1674e+00
355 0 +7.547332620e+00 +1.428773326e+02 +1.428773326e+02 +5.8573e-01 +8.2023e-01 +1.6012e+00 -2.6171e+00 +3.1718e+00
365 0 +7.170838043e+00 +1.425008380e+02 +1.425008380e+02 +5.8752e-01 +8.1256e-01 +1.5934e+00 -2.6114e+00 +3.1718e+00
367 0 +7.025895632e+00 +1.423558956e+02 +1.423558956e+02 +5.8611e-01 +8.1946e-01 +1.5949e+00 -2.6214e+00 +3.1738e+00
370 0 +6.687996964e+00 +1.420179970e+02 +1.420179970e+02 +5.9109e-01 +8.0925e-01 +1.5874e+00 -2.6223e+00 +3.1789e+00
377 0 +6.113997977e+00 +1.414439980e+02 +1.414439980e+02 +5.9465e-01 +8.1269e-01 +1.5789e+00 -2.6314e+00 +3.1768e+00
378 0 +5.996286510e+00 +1.413262865e+02 +1.413262865e+02 +5.8908e-01 +8.1932e-01 +1.5795e+00 -2.6152e+00 +3.1680e+00
385 0 +5.741992842e+00 +1.410719928e+02 +1.410719928e+02 +5.9414e-01 +8.1382e-01 +1.5751e+00 -2.6201e+00 +3.1714e+00
390 0 +5.441128847e+00 +1.407711288e+02 +1.407711288e+02 +5.9400e-01 +8.1378e-01 +1.5722e+00 -2.6252e+00 +3.1750e+00
393 0 +4.668901733e+00 +1.399989017e+02 +1.399989017e+02 +5.9731e-01 +8.1808e-01 +1.5607e+00 -2.6232e+00 +3.1668e+00
394 0 +3.941383536e+00 +1.392713835e+02 +1.392713835e+02 +5.9873e-01 +8.0805e-01 +1.5507e+00 -2.6260e+00 +3.1759e+00
406 0 +3.817269094e+00 +1.391472691e+02 +1.391472691e+02 +5.9672e-01 +8.1533e-01 +1.5507e+00 -2.6236e+00 +3.1760e+00
421 0 +3.757775060e+00 +1.390877751e+02 +1.390877751e+02 +5.9741e-01 +8.1506e-01 +1.5487e+00 -2.6210e+00 +3.1716e+00
427 0 +3.482451715e+00 +1.388124517e+02 +1.388124517e+02 +6.0344e-01 +8.1552e-01 +1.5432e+00 -2.6250e+00 +3.1726e+00
434 0 +3.275204799e+00 +1.386052048e+02 +1.386052048e+02 +6.0233e-01 +8.1805e-01 +1.5392e+00 -2.6242e+00 +3.1720e+00
441 0 +3.194301855e+00 +1.385243019e+02 +1.385243019e+02 +6.0402e-01 +8.1826e-01 +1.5358e+00 -2.6241e+00 +3.1696e+00
442 0 +3.079850306e+00 +1.384098503e+02 +1.384098503e+02 +6.0413e-01 +8.1779e-01 +1.5323e+00 -2.6248e+00 +3.1712e+00
453 0 +3.009476266e+00 +1.383394763e+02 +1.383394763e+02 +6.0491e-01 +8.1437e-01 +1.5237e+00 -2.6263e+00 +3.1730e+00
504 0 +2.970376266e+00 +1.383003763e+02 +1.383003763e+02 +6.0381e-01 +8.1533e-01 +1.5246e+00 -2.6243e+00 +3.1736e+00
% f evaluations | g evaluations | best noise-free fitness - Fopt (4.066000000000e+01) + sum g_i+ | measured fitness | best measured fitness or single-digit g-values | x1 | x2...
1 0 +2.087879832e+02 +2.494479832e+02 +2.494479832e+02 -1.1426e-01 -5.5011e-01 +5.1419e-01 +1.1093e-01 -1.9909e-01
8 0 +1.827117707e+02 +2.233717707e+02 +2.233717707e+02 +2.8181e-01 -4.8343e-02 +4.4478e-01 -1.6302e-01 +5.8480e-02
17 0 +1.624482677e+02 +2.031082677e+02 +2.031082677e+02 +1.4853e-01 -1.3758e-01 +1.2664e-01 -4.4729e-01 -1.5020e-01
19 0 +1.522946669e+02 +1.929546669e+02 +1.929546669e+02 +1.3112e-01 -6.2619e-01 +1.0146e+00 -1.8040e-01 +2.8332e-01
23 0 +1.375090210e+02 +1.781690210e+02 +1.781690210e+02 -2.0588e-01 -1.9178e-01 +6.3076e-01 -5.8543e-01 +2.2803e-01
43 0 +1.333514949e+02 +1.740114949e+02 +1.740114949e+02 +8.5991e-02 +8.3331e-02 +1.2942e+00 -1.4130e+00 +6.3507e-01
47 0 +8.903663119e+01 +1.296966312e+02 +1.296966312e+02 -5.6942e-02 -2.4312e-01 +9.9656e-01 -1.0265e+00 +3.2071e-01
60 0 +7.843921617e+01 +1.190992162e+02 +1.190992162e+02 -8.9288e-01 +2.2872e-01 +2.3621e+00 -2.2256e+00 +3.5877e-01
86 0 +7.199798147e+01 +1.126579815e+02 +1.126579815e+02 +8.9849e-01 +9.9773e-01 +1.6053e+00 -2.2288e+00 +6.6057e-01
88 0 +6.731567876e+01 +1.079756788e+02 +1.079756788e+02 -4.2915e-01 -9.8959e-02 +2.3367e+00 -2.2668e+00 +5.7368e-01
109 0 +3.253646315e+01 +7.319646315e+01 +7.319646315e+01 +1.1910e+00 -1.6684e-01 +3.3298e+00 -3.2872e+00 +1.3706e+00
131 0 +3.233905561e+01 +7.299905561e+01 +7.299905561e+01 +1.3111e+00 +3.6412e-01 +3.5023e+00 -3.6021e+00 +1.0036e+00
163 0 +3.154217450e+01 +7.220217450e+01 +7.220217450e+01 +1.3614e+00 +5.4842e-01 +3.3480e+00 -3.0665e+00 +7.9996e-01
166 0 +2.165426237e+01 +6.231426237e+01 +6.231426237e+01 +1.0804e+00 +4.2471e-01 +3.1975e+00 -3.5902e+00 +1.0703e+00
207 0 +2.128332031e+01 +6.194332031e+01 +6.194332031e+01 +1.0471e+00 +4.9442e-01 +3.2887e+00 -3.5461e+00 +1.0941e+00
215 0 +1.986291160e+01 +6.052291160e+01 +6.052291160e+01 +9.9519e-01 +4.2872e-01 +3.2436e+00 -3.5442e+00 +1.0374e+00
217 0 +1.812273579e+01 +5.878273579e+01 +5.878273579e+01 +1.0641e+00 +3.9152e-01 +3.3044e+00 -3.5447e+00 +1.0240e+00
225 0 +1.708776591e+01 +5.774776591e+01 +5.774776591e+01 +1.0575e+00 +3.8364e-01 +3.3800e+00 -3.5848e+00 +1.0206e+00
236 0 +1.468050591e+01 +5.534050591e+01 +5.534050591e+01 +1.1069e+00 +4.6019e-01 +3.3190e+00 -3.5945e+00 +1.0543e+00
244 0 +1.426101432e+01 +5.492101432e+01 +5.492101432e+01 +1.0940e+00 +4.5308e-01 +3.3078e+00 -3.5861e+00 +1.0493e+00
300 0 +1.406497030e+01 +5.472497030e+01 +5.472497030e+01 +1.1224e+00 +4.4769e-01 +3.3181e+00 -3.5834e+00 +1.0438e+00
504 0 +1.395474860e+01 +5.461474860e+01 +5.461474860e+01 +1.1113e+00 +4.4442e-01 +3.3291e+00 -3.5820e+00 +1.0402e+00
