% f evaluations | g evaluations | best noise-free fitness - Fopt (1.000000000000e+03) + sum g_i+ | measured fitness | best measured fitness or single-digit g-values | x1 | x2...
1 0 +2.516672874e+02 +1.251667287e+03 +1.251667287e+03 -1.8329e-01 +2.2438e-01 -3.3203e-01 -2.0008e-01 +2.1842e-02 -5.3645e-01 -4.2256e-01 +5.7119e-02 -1.4782e-01 -4.0570e-01
12 0 +2.238588380e+02 +1.223858838e+03 +1.223858838e+03 -2.1621e-02 +8.2224e-02 -1.1731e-01 +1.8147e-01 -2.6818e-01 -4.4436e-01 -3.7627e-01 +3.5075e-01 -2.9879e-01 -7.0194e-01
21 0 +2.136782515e+02 +1.213678251e+03 +1.213678251e+03 -1.0356e-02 +3.1924e-01 +2.3886e-01 +3.4854e-01 -5.7905e-02 -7.7581e-01 -3.6184e-01 +2.5273e-01 -7.2305e-01 -4.0365e-01
24 0 +1.972688339e+02 +1.197268834e+03 +1.197268834e+03 +1.8581e-01 +4.1370e-01 -9.1168e-02 +4.7765e-01 +5.0688e-01 -6.6436e-01 -5.6120e-01 +9.9793e-01 -2.1851e-01 -1.0365e+00
31 0 +1.858467661e+02 +1.185846766e+03 +1.185846766e+03 +7.6104e-01 +3.5499e-01 +3.3617e-01 +4.8047e-01 +6.3999e-02 -3.9758e-01 -4.2268e-01 +5.9394e-01 -2.4214e-01 -4.6210e-01
68 0 +1.798502046e+02 +1.179850205e+03 +1.179850205e+03 -1.2756e-01 +1.3926e-01 +2.5087e-01 +3.6425e-01 +2.8412e-01 -1.2776e+00 -1.0018e+00 +8.6514e-01 -3.6945e-01 -5.6424e-01
91 0 +1.550040126e+02 +1.155004013e+03 +1.155004013e+03 +7.3237e-01 +7.5531e-01 +3.7302e-01 +3.6234e-01 +6.4686e-02 -1.1074e+00 -1.5304e+00 +1.9193e-01 -2.2478e-01 -3.5117e-01
98 0 +1.353054356e+02 +1.135305436e+03 +1.135305436e+03 +2.3936e-01 +4.7963e-01 +3.1140e-01 +1.0816e+00 -2.1114e-01 -1.5451e+00 -1.0871e+00 +3.5675e-01 -4.6698e-01 -2.6047e-01
159 0 +1.071114437e+02 +1.107111444e+03 +1.107111444e+03 +8.1322e-01 +8.1928e-01 +3.1720e-01 +1.7530e+00 +2.8618e-01 -1.5760e+00 -1.5643e+00 -4.5118e-02 -9.2119e-01 +3.6048e-01
285 0 +1.034298195e+02 +1.103429820e+03 +1.103429820e+03 +9.9336e-01 +1.3548e+00 +4.6426e-01 +1.5097e+00 +2.4484e-01 -1.5720e+00 -1.6239e+00 +3.2167e-01 -8.4709e-01 +4.9617e-01
329 0 +9.654454383e+01 +1.096544544e+03 +1.096544544e+03 +1.1140e+00 +1.2588e+00 +4.9518e-01 +1.4532e+00 +5.7947e-01 -1.5502e+00 -1.7339e+00 +2.2031e-01 -9.6315e-01 +3.3839e-01
332 0 +9.535376957e+01 +1.095353770e+03 +1.095353770e+03 +9.6165e-01 +1.2148e+00 +4.1483e-01 +1.5839e+00 +3.3487e-01 -1.5262e+00 -1.6589e+00 +5.7488e-02 -9.9197e-01 +4.0955e-01
336 0 +8.720549847e+01 +1.087205498e+03 +1.087205498e+03 +8.9391e-01 +1.2931e+00 +3.7034e-01 +1.5414e+00 +3.3036e-01 -1.5571e+00 -1.8062e+00 +1.7956e-01 -9.4453e-01 +2.7203e-01
369 0 +8.709260466e+01 +1.087092605e+03 +1.087092605e+03 +1.0720e+00 +1.2412e+00 +3.8497e-01 +1.4768e+00 +4.0652e-01 -1.5196e+00 -1.6350e+00 +1.6172e-01 -1.1047e+00 +2.3500e-01
371 0 +7.951449041e+01 +1.079514490e+03 +1.079514490e+03 +1.0422e+00 +1.2984e+00 +4.1368e-01 +1.4773e+00 +3.6965e-01 -1.5253e+00 -1.7591e+00 +1.1505e-01 -1.0794e+00 +2.8141e-01
402 0 +7.293973956e+01 +1.072939740e+03 +1.072939740e+03 +1.0558e+00 +1.3320e+00 +4.8893e-01 +1.4861e+00 +3.9316e-01 -1.5247e+00 -1.6773e+00 +1.0869e-01 -9.2498e-01 +3.0951e-01
421 0 +7.098409611e+01 +1.070984096e+03 +1.070984096e+03 +1.0631e+00 +1.3405e+00 +4.5216e-01 +1.5232e+00 +4.3515e-01 -1.4643e+00 -1.6562e+00 +1.1831e-01 -1.0354e+00 +3.2345e-01
459 0 +6.998311197e+01 +1.069983112e+03 +1.069983112e+03 +1.0288e+00 +1.3190e+00 +5.1723e-01 +1.5254e+00 +4.4763e-01 -1.4622e+00 -1.6632e+00 +8.5713e-02 -1.0406e+00 +2.6961e-01
462 0 +6.812911628e+01 +1.068129116e+03 +1.068129116e+03 +1.0192e+00 +1.3330e+00 +4.8574e-01 +1.5126e+00 +4.6411e-01 -1.4802e+00 -1.6618e+00 +1.5381e-01 -1.0498e+00 +2.7813e-01
481 0 +6.618787221e+01 +1.066187872e+03 +1.066187872e+03 +1.0221e+00 +1.3406e+00 +5.0531e-01 +1.5192e+00 +4.7019e-01 -1.5029e+00 -1.6979e+00 +1.2674e-01 -1.0293e+00 +3.0357e-01
500 0 +6.473791420e+01 +1.064737914e+03 +1.064737914e+03 +1.0250e+00 +1.3218e+00 +5.1399e-01 +1.4679e+00 +4.5288e-01 -1.4892e+00 -1.6654e+00 +1.1662e-01 -1.0164e+00 +2.9239e-01
512 0 +6.332276362e+01 +1.063322764e+03 +1.063322764e+03 +1.0345e+00 +1.3467e+00 +5.2533e-01 +1.4630e+00 +4.4538e-01 -1.4544e+00 -1.6737e+00 +1.1883e-01 -1.0115e+00 +2.9884e-01
543 0 +6.306586939e+01 +1.063065869e+03 +1.063065869e+03 +1.0541e+00 +1.3471e+00 +5.2267e-01 +1.4836e+00 +4.6127e-01 -1.4949e+00 -1.7021e+00 +9.9618e-02 -1.0203e+00 +3.1087e-01
549 0 +6.153377385e+01 +1.061533774e+03 +1.061533774e+03 +1.0434e+00 +1.3529e+00 +5.3930e-01 +1.4619e+00 +4.6737e-01 -1.4867e+00 -1.6958e+00 +8.4009e-02 -1.0369e+00 +3.2135e-01
601 0 +6.009344203e+01 +1.060093442e+03 +1.060093442e+03 +1.0354e+00 +1.3700e+00 +5.6781e-01 +1.4656e+00 +4.9274e-01 -1.4848e+00 -1.6947e+00 +8.7126e-02 -1.0259e+00 +3.1475e-01
703 0 +5.886204973e+01 +1.058862050e+03 +1.058862050e+03 +1.0479e+00 +1.3913e+00 +5.9234e-01 +1.4274e+00 +5.0741e-01 -1.4682e+00 -1.6986e+00 +8.6296e-02 -1.0262e+00 +3.1662e-01
1000 0 +5.871016482e+01 +1.058710165e+03 +1.058710165e+03 +1.0501e+00 +1.3928e+00 +5.9117e-01 +1.4249e+00 +5.0544e-01 -1.4699e+00 -1.7083e+00 +8.4541e-02 -1.0266e+00 +3.0742e-01
% f evaluations | g evaluations | best noise-free fitness - Fopt (7.003000000000e+01) + sum g_i+ | measured fitness | best measured fitness or single-digit g-values | x1 | x2...
1 0 +3.503216136e+02 +4.203516136e+02 +4.203516136e+02 +4.0200e-04 -1.3418e-01 -8.2326e-02 -2.4130e-01 +4.3935e-01 -1.0449e-01 -6.1653e-01 +4.4947e-02 -8.6827e-03 -7.3033e-01
2 0 +3.382585513e+02 +4.082885513e+02 +4.082885513e+02 +2.5676e-01 +1.2023e-01 -6.5849e-02 -8.3133e-02 +1.3884e-01 -6.5483e-02 +1.4055e-01 -1.3541e-01 +2.6788e-01 -4.7755e-02
15 0 +3.186317040e+02 +3.886617040e+02 +3.886617040e+02 -3.5038e-01 -1.2445e-01 -7.6099e-01 +1.1859e-01 +5.1834e-02 +1.4487e-01 -2.3396e-01 +4.0200e-01 +9.4098e-02 +1.6478e-01
23 0 +2.928816696e+02 +3.629116696e+02 +3.629116696e+02 -3.3437e-01 -8.9474e-01 -5.8943e-01 +8.6596e-01 +1.4393e-01 -7.3043e-03 -2.5412e-02 +3.1322e-01 -3.1359e-02 -4.5354e-01
37 0 +2.656534152e+02 +3.356834152e+02 +3.356834152e+02 +3.6216e-02 -3.0292e-01 -9.1594e-01 +6.2154e-01 +1.0789e-01 -2.5295e-01 -1.8520e-01 +5.4161e-01 -1.1058e-01 -3.2497e-01
45 0 +2.535933193e+02 +3.236233193e+02 +3.236233193e+02 +3.1044e-01 -4.9908e-01 -9.5407e-01 +2.3490e-01 +2.2741e-01 -5.4894e-02 -4.1040e-01 +1.4999e-01 -3.4414e-01 -1.9909e-02
65 0 +2.459702120e+02 +3.160002120e+02 +3.160002120e+02 +1.8118e-01 -5.1868e-01 -1.2066e+00 +6.9520e-01 -3.6059e-02 -1.6682e-01 -3.4745e-01 +3.4090e-01 -3.7192e-01 +1.4788e-01
70 0 +2.239739905e+02 +2.940039905e+02 +2.940039905e+02 -4.3875e-01 -2.6649e-01 -1.1992e+00 +2.2502e-01 +7.1155e-01 -1.5357e-01 -4.0433e-01 +1.0217e-01 -7.3379e-02 +5.5654e-02
76 0 +2.211960091e+02 +2.912260091e+02 +2.912260091e+02 -3.8985e-01 -9.2662e-01 -1.8210e+00 +3.8575e-01 +6.5637e-01 -1.3956e-01 -2.6452e-02 +4.0720e-01 -1.9980e-01 +5.5371e-02
93 0 +1.838813113e+02 +2.539113113e+02 +2.539113113e+02 +7.7476e-02 -9.8864e-01 -2.2480e+00 +1.2944e-01 +8.4364e-01 -3.9958e-01 -3.2023e-01 +5.3355e-01 -9.2520e-01 +2.6813e-01
99 0 +1.785705464e+02 +2.486005464e+02 +2.486005464e+02 -1.6296e-01 -5.3714e-01 -2.0197e+00 +5.3790e-01 +8.5462e-01 -1.3431e+00 -6.2239e-01 +1.2269e+00 -5.4709e-01 -4.2894e-01
104 0 +1.753194213e+02 +2.453494213e+02 +2.453494213e+02 -2.7312e-01 -1.0586e+00 -2.6578e+00 +8.2819e-01 +1.3246e+00 -9.5491e-01 -1.3711e+00 +2.1299e+00 -6.8655e-01 -2.5309e-01
107 0 +1.543817674e+02 +2.244117674e+02 +2.244117674e+02 -1.5842e-01 -4.5288e-01 -1.9602e+00 +4.5800e-01 +5.9413e-01 -1.7455e+00 -5.2305e-01 +6.6749e-01 -8.1353e-01 -5.2756e-01
120 0 +1.473894865e+02 +2.174194865e+02 +2.174194865e+02 -6.6405e-02 -9.0067e-01 -2.8250e+00 -1.0412e-01 +8.3561e-01 -1.4586e+00 -5.7081e-01 +1.3994e+00 -8.5136e-01 -6.7997e-01
144 0 +1.165468321e+02 +1.865768321e+02 +1.865768321e+02 -3.4132e-01 -1.9490e+00 -3.7815e+00 +1.3558e+00 +9.6770e-01 -2.2683e+00 -1.3459e+00 +1.5149e+00 -1.6134e+00 -1.9053e+00
165 0 +1.092813676e+02 +1.793113676e+02 +1.793113676e+02 +4.0069e-01 -3.4359e+00 -4.1888e+00 +8.8962e-02 +9.5343e-01 -2.6775e+00 -2.4293e+00 +7.1201e-01 -1.3999e+00 -8.5402e-01
228 0 +1.069795986e+02 +1.770095986e+02 +1.770095986e+02 -3.7348e-01 -2.3773e+00 -3.2876e+00 -5.3064e-01 +6.6557e-01 -1.6088e+00 -1.4089e+00 +9.0721e-01 -1.7069e+00 +4.9920e-01
233 0 +1.037439616e+02 +1.737739616e+02 +1.737739616e+02 -1.3002e-01 -1.4946e+00 -2.7429e+00 -2.3373e-01 +5.2868e-01 -2.4689e+00 -8.7404e-01 -1.9543e-01 -1.5150e+00 +5.3495e-01
252 0 +9.579467393e+01 +1.658246739e+02 +1.658246739e+02 +8.0442e-01 -2.3558e+00 -3.6539e+00 -5.0909e-01 +1.1196e+00 -2.8923e+00 -1.1789e+00 +7.6311e-01 -1.5752e+00 +3.2667e-01
276 0 +9.269078856e+01 +1.627207886e+02 +1.627207886e+02 +7.6918e-01 -2.1194e+00 -3.8746e+00 -1.0247e+00 +1.5236e+00 -3.5346e+00 -1.5323e+00 +8.2512e-01 -1.4646e+00 +9.8910e-01
282 0 +8.842824631e+01 +1.584582463e+02 +1.584582463e+02 -2.4284e-01 -2.2241e+00 -2.9223e+00 -1.4108e+00 +6.9280e-01 -3.0232e+00 -6.4657e-01 +9.0441e-01 -1.2518e+00 +3.1860e-01
288 0 +6.007109701e+01 +1.301010970e+02 +1.301010970e+02 +1.8108e-01 -2.4443e+00 -3.8259e+00 -1.4327e+00 +1.3308e+00 -2.8581e+00 -1.2851e+00 +1.1847e+00 -2.3699e+00 +1.2114e+00
442 0 +5.836349200e+01 +1.283934920e+02 +1.283934920e+02 +5.0594e-02 -2.4630e+00 -2.9411e+00 -1.9074e+00 +8.9410e-01 -2.9861e+00 -8.3219e-02 +3.3881e-01 -2.5383e+00 +8.6125e-01
475 0 +5.449773427e+01 +1.245277343e+02 +1.245277343e+02 +2.3261e-02 -2.4395e+00 -2.9589e+00 -1.8590e+00 +7.2363e-01 -2.8769e+00 +6.3999e-02 +5.1551e-01 -2.4389e+00 +7.9010e-01
480 0 +5.131599471e+01 +1.213459947e+02 +1.213459947e+02 +2.2227e-02 -2.4277e+00 -3.1266e+00 -1.7971e+00 +8.5676e-01 -2.8513e+00 -5.2039e-03 +3.8486e-01 -2.3362e+00 +9.3943e-01
481 0 +4.955163699e+01 +1.195816370e+02 +1.195816370e+02 +3.0380e-02 -2.4178e+00 -3.1137e+00 -1.8386e+00 +8.8818e-01 -2.8700e+00 -9.6527e-03 +3.9007e-01 -2.3501e+00 +9.0065e-01
502 0 +4.463343205e+01 +1.146634320e+02 +1.146634320e+02 -3.5089e-02 -2.4553e+00 -2.9629e+00 -1.8942e+00 +6.9923e-01 -2.9246e+00 +3.4803e-02 +2.7067e-01 -2.5773e+00 +8.1748e-01
511 0 +3.297086633e+01 +1.030008663e+02 +1.030008663e+02 -4.4375e-02 -2.4943e+00 -2.9479e+00 -1.8633e+00 +6.6426e-01 -2.9303e+00 +8.4303e-02 +3.3130e-01 -2.4510e+00 +8.8914e-01
539 0 +2.779309584e+01 +9.782309584e+01 +9.782309584e+01 -1.4226e-02 -2.4944e+00 -2.9392e+00 -1.7960e+00 +7.2133e-01 -2.9823e+00 +5.7443e-02 +2.9361e-01 -2.3813e+00 +8.4014e-01
556 0 +2.635394269e+01 +9.638394269e+01 +9.638394269e+01 -4.9871e-02 -2.5278e+00 -2.9577e+00 -1.8264e+00 +8.2323e-01 -2.9592e+00 +4.9534e-02 +3.3931e-01 -2.3901e+00 +8.7925e-01
572 0 +2.572537096e+01 +9.575537096e+01 +9.575537096e+01 -1.7931e-02 -2.5049e+00 -2.9311e+00 -1.7626e+00 +7.8881e-01 -2.9276e+00 +4.1122e-02 +2.4618e-01 -2.4275e+00 +8.9967e-01
575 0 +2.552718710e+01 +9.555718710e+01 +9.555718710e+01 -8.0337e-03 -2.5184e+00 -2.9610e+00 -1.7831e+00 +8.1621e-01 -2.9526e+00 +7.7873e-02 +2.6475e-01 -2.3820e+00 +8.9772e-01
599 0 +2.333788874e+01 +9.336788874e+01 +9.336788874e+01 -3.6644e-02 -2.5217e+00 -2.9553e+00 -1.7837e+00 +7.7453e-01 -2.9253e+00 +6.2393e-02 +2.5837e-01 -2.4120e+00 +8.7220e-01
638 0 +2.280450500e+01 +9.283450500e+01 +9.283450500e+01 -1.5782e-02 -2.4973e+00 -2.9397e+00 -1.7885e+00 +7.5798e-01 -2.9505e+00 +4.8541e-02 +3.0693e-01 -2.4158e+00 +8.8895e-01
674 0 +2.230695049e+01 +9.233695049e+01 +9.233695049e+01 -1.3663e-02 -2.5204e+00 -2.9616e+00 -1.8087e+00 +7.6010e-01 -2.9525e+00 +4.8360e-02 +3.1532e-01 -2.4120e+00 +8.7983e-01
677 0 +2.180537158e+01 +9.183537158e+01 +9.183537158e+01 -1.0670e-02 -2.5071e+00 -2.9499e+00 -1.8050e+00 +7.6369e-01 -2.9326e+00 +4.6629e-02 +3.1865e-01 -2.4223e+00 +8.8139e-01
723 0 +2.137718575e+01 +9.140718575e+01 +9.140718575e+01 -9.6024e-03 -2.5257e+00 -2.9505e+00 -1.8047e+00 +7.8595e-01 -2.9327e+00 +4.9518e-02 +3.1571e-01 -2.4150e+00 +8.7464e-01
751 0 +2.053094720e+01 +9.056094720e+01 +9.056094720e+01 -6.0867e-03 -2.5262e+00 -2.9550e+00 -1.8091e+00 +7.7951e-01 -2.9178e+00 +5.6528e-02 +3.2794e-01 -2.4326e+00 +8.6803e-01
793 0 +2.041221355e+01 +9.044221355e+01 +9.044221355e+01 -4.5030e-03 -2.5280e+00 -2.9687e+00 -1.8095e+00 +7.8266e-01 -2.9146e+00 +5.2448e-02 +3.3361e-01 -2.4346e+00 +8.6847e-01
1000 0 +2.005421215e+01 +9.008421215e+01 +9.008421215e+01 +2.9334e-03 -2.5343e+00 -2.9718e+00 -1.8063e+00 +7.8482e-01 -2.8960e+00 +5.7208e-02 +3.3335e-01 -2.4414e+00 +8.6481e-01
% f evaluations | g evaluations | best noise-free fitness - Fopt (-4.822000000000e+01) + sum g_i+ | measured fitness | best measured fitness or single-digit g-values | x1 | x2...
1 0 +5.632110645e+02 +5.149910645e+02 +5.149910645e+02 -8.8141e-02 +3.3027e-01 -1.1532e-01 -4.2052e-01 -6.9736e-01 -1.0163e-01 -1.0058e-01 -2.0071e-01 -3.6561e-01 +6.8365e-02
4 0 +5.053872082e+02 +4.571672082e+02 +4.571672082e+02 -1.4254e-01 +1.4325e-02 +3.4925e-01 +1.5274e-01 -5.0931e-01 +3.3894e-01 -6.6647e-01 -7.5073e-01 +5.3146e-02 +2.9211e-04
11 0 +4.787935378e+02 +4.305735378e+02 +4.305735378e+02 -9.0610e-02 +3.0695e-01 -4.0658e-01 -4.1424e-02 -6.3272e-01 +5.1112e-01 -9.1199e-01 -8.0730e-01 +4.2746e-02 +1.7530e-02
13 0 +3.940896874e+02 +3.458696874e+02 +3.458696874e+02 -3.3114e-01 -2.1742e-01 +6.0744e-02 -5.5543e-02 -4.0153e-01 +3.4999e-01 -9.4248e-01 -6.0594e-01 -7.6696e-01 +5.0253e-01
22 0 +3.395127435e+02 +2.912927435e+02 +2.912927435e+02 -5.2614e-01 -3.1586e-01 -5.2470e-01 +1.5532e-01 -3.4738e-01 +5.8525e-01 -6.5672e-01 -1.1304e+00 -5.6849e-01 +3.9253e-01
33 0 +2.843461745e+02 +2.361261745e+02 +2.361261745e+02 -1.1759e+00 -4.2186e-01 +8.8457e-02 +7.4907e-01 -1.1683e+00 +1.4469e+00 -1.1829e+00 -1.3036e+00 -8.9873e-01 +6.9819e-02
45 0 +2.507952792e+02 +2.025752792e+02 +2.025752792e+02 -1.2707e+00 -4.0699e-02 +3.4026e-01 +1.3176e-01 -1.3347e+00 +1.2668e+00 -1.6863e+00 -2.0338e+00 -1.6053e+00 +4.9878e-01
58 0 +1.943264356e+02 +1.461064356e+02 +1.461064356e+02 -1.5744e+00 -2.6689e-01 -1.1127e+00 +6.2993e-01 -1.5604e+00 +1.1197e+00 -1.9553e+00 -1.5474e+00 -1.0037e+00 +6.0312e-01
71 0 +1.563421483e+02 +1.081221483e+02 +1.081221483e+02 -1.6692e-01 -8.3112e-02 -1.1981e+00 +1.0335e+00 -2.7431e+00 +2.7924e+00 -9.3811e-01 -9.5957e-01 -9.4258e-01 +2.4043e+00
88 0 +1.290673500e+02 +8.084735002e+01 +8.084735002e+01 -2.2355e+00 -6.3817e-01 -1.7332e+00 +9.7950e-01 -4.3292e+00 +2.7343e+00 -2.4333e+00 +1.8092e-01 -1.1699e+00 +3.1212e+00
114 0 +1.262568480e+02 +7.803684802e+01 +7.803684802e+01 -2.4148e-01 -2.0874e-01 -1.2650e+00 -6.4123e-01 -2.2352e+00 +4.7906e+00 -1.4318e+00 -4.6151e-01 -1.1213e+00 +2.6303e+00
122 0 +1.217902812e+02 +7.357028124e+01 +7.357028124e+01 -5.8728e-01 +8.8750e-02 -2.6750e+00 +6.2171e-01 -4.2860e+00 +5.0859e+00 -3.5313e-01 -1.0093e+00 -1.5957e+00 +3.3320e+00
123 0 +1.059613781e+02 +5.774137810e+01 +5.774137810e+01 -8.2016e-01 -2.6049e+00 -2.2246e+00 -5.9134e-01 -3.0518e+00 +5.4257e+00 -2.0645e+00 +8.5741e-02 -1.8347e+00 +3.6970e+00
134 0 +1.003776044e+02 +5.215760442e+01 +5.215760442e+01 -1.3263e+00 -1.1565e+00 -1.6226e+00 +9.9043e-01 -3.3635e+00 +3.1543e+00 -1.7634e+00 -1.1766e+00 -3.5647e+00 +3.5256e+00
157 0 +9.679812688e+01 +4.857812688e+01 +4.857812688e+01 -1.7472e+00 -1.1726e+00 -2.7470e+00 -8.0899e-02 -3.1545e+00 +6.3718e+00 -3.6592e+00 -1.0009e+00 -4.3129e+00 +2.5794e+00
251 0 +9.022936222e+01 +4.200936222e+01 +4.200936222e+01 -3.3121e-01 -1.5742e+00 -2.3379e+00 +8.9064e-01 -3.4814e+00 +3.9517e+00 -1.0787e+00 +1.9908e+00 -2.7517e+00 +3.7703e+00
335 0 +8.249632514e+01 +3.427632514e+01 +3.427632514e+01 -5.2801e-01 -1.6456e+00 -1.2185e+00 +3.9664e-01 -3.3063e+00 +5.3695e+00 -2.4472e+00 +1.8325e-01 -4.1622e+00 +3.6242e+00
347 0 +7.805624252e+01 +2.983624252e+01 +2.983624252e+01 -8.4513e-01 -1.2494e+00 -1.1766e+00 +9.5973e-01 -3.4370e+00 +4.7647e+00 -2.1815e+00 +5.6837e-01 -3.0879e+00 +3.7415e+00
384 0 +7.161747844e+01 +2.339747844e+01 +2.339747844e+01 -7.7280e-01 -1.4510e+00 -1.5585e+00 +1.0479e+00 -3.2089e+00 +5.0488e+00 -2.3868e+00 +9.7638e-02 -3.4396e+00 +3.6362e+00
410 0 +6.797053071e+01 +1.975053071e+01 +1.975053071e+01 -9.3557e-01 -1.4921e+00 -1.7139e+00 +1.0289e+00 -2.9884e+00 +4.3199e+00 -2.1229e+00 +5.2974e-01 -3.0227e+00 +3.6245e+00
428 0 +6.139476811e+01 +1.317476811e+01 +1.317476811e+01 -1.0990e+00 -1.7070e+00 -1.5301e+00 +7.0469e-01 -3.1607e+00 +4.4242e+00 -2.0210e+00 +8.3245e-01 -3.1321e+00 +3.5272e+00
546 0 +6.010787260e+01 +1.188787260e+01 +1.188787260e+01 -1.2592e+00 -1.4375e+00 -1.3423e+00 +8.6666e-01 -3.3178e+00 +4.5440e+00 -2.2677e+00 +1.9471e-01 -3.1870e+00 +3.7719e+00
554 0 +5.826808813e+01 +1.004808813e+01 +1.004808813e+01 -1.2251e+00 -1.4315e+00 -1.3463e+00 +8.4935e-01 -3.3760e+00 +4.5328e+00 -2.3087e+00 +2.6527e-01 -3.1959e+00 +3.7550e+00
563 0 +5.684101524e+01 +8.621015240e+00 +8.621015240e+00 -1.2332e+00 -1.4758e+00 -1.3160e+00 +8.6748e-01 -3.2676e+00 +4.5146e+00 -2.2115e+00 +3.9068e-01 -3.1401e+00 +3.7932e+00
567 0 +5.502406894e+01 +6.804068942e+00 +6.804068942e+00 -1.1831e+00 -1.4795e+00 -1.3728e+00 +8.3873e-01 -3.3538e+00 +4.5139e+00 -2.1492e+00 +3.8521e-01 -3.1673e+00 +3.7508e+00
570 0 +5.460347807e+01 +6.383478071e+00 +6.383478071e+00 -1.2386e+00 -1.4782e+00 -1.3759e+00 +8.9387e-01 -3.4240e+00 +4.5330e+00 -2.3352e+00 +3.0147e-01 -3.1344e+00 +3.7370e+00
572 0 +5.023170385e+01 +2.011703854e+00 +2.011703854e+00 -1.2395e+00 -1.4686e+00 -1.3723e+00 +9.0301e-01 -3.3208e+00 +4.5136e+00 -2.2023e+00 +4.0044e-01 -3.1218e+00 +3.7745e+00
576 0 +4.434983052e+01 -3.870169477e+00 -3.870169477e+00 -1.2394e+00 -1.4964e+00 -1.3500e+00 +8.9377e-01 -3.3888e+00 +4.5041e+00 -2.2117e+00 +3.6907e-01 -3.1650e+00 +3.7444e+00
591 0 +4.218772250e+01 -6.032277497e+00 -6.032277497e+00 -1.2373e+00 -1.5331e+00 -1.3830e+00 +8.8238e-01 -3.3741e+00 +4.5522e+00 -2.2552e+00 +3.5163e-01 -3.2019e+00 +3.6981e+00
631 0 +3.906811408e+01 -9.151885918e+00 -9.151885918e+00 -1.2439e+00 -1.5546e+00 -1.3638e+00 +9.0275e-01 -3.3329e+00 +4.5395e+00 -2.2351e+00 +3.1522e-01 -3.2000e+00 +3.7647e+00
646 0 +3.734573269e+01 -1.087426731e+01 -1.087426731e+01 -1.2310e+00 -1.5788e+00 -1.3758e+00 +8.9931e-01 -3.3262e+00 +4.5152e+00 -2.2278e+00 +3.1800e-01 -3.1735e+00 +3.7518e+00
669 0 +3.687833575e+01 -1.134166425e+01 -1.134166425e+01 -1.2263e+00 -1.5862e+00 -1.3994e+00 +8.9317e-01 -3.3402e+00 +4.5140e+00 -2.2223e+00 +3.2676e-01 -3.1708e+00 +3.7241e+00
692 0 +3.554046616e+01 -1.267953384e+01 -1.267953384e+01 -1.2444e+00 -1.5679e+00 -1.3783e+00 +9.2953e-01 -3.3465e+00 +4.5183e+00 -2.2034e+00 +3.0254e-01 -3.1749e+00 +3.7447e+00
705 0 +3.547646645e+01 -1.274353355e+01 -1.274353355e+01 -1.2277e+00 -1.5695e+00 -1.3679e+00 +9.1790e-01 -3.3244e+00 +4.5142e+00 -2.2216e+00 +2.9724e-01 -3.1867e+00 +3.7374e+00
721 0 +3.418442890e+01 -1.403557110e+01 -1.403557110e+01 -1.2250e+00 -1.5707e+00 -1.3754e+00 +9.3730e-01 -3.3253e+00 +4.5154e+00 -2.2129e+00 +3.0437e-01 -3.1691e+00 +3.7174e+00
763 0 +3.377041322e+01 -1.444958678e+01 -1.444958678e+01 -1.2217e+00 -1.5789e+00 -1.3755e+00 +9.4360e-01 -3.3388e+00 +4.5233e+00 -2.2049e+00 +2.8955e-01 -3.1877e+00 +3.7228e+00
785 0 +3.305609469e+01 -1.516390531e+01 -1.516390531e+01 -1.2159e+00 -1.5861e+00 -1.3842e+00 +9.5413e-01 -3.3417e+00 +4.5237e+00 -2.1993e+00 +3.0321e-01 -3.1698e+00 +3.7100e+00
825 0 +3.230712611e+01 -1.591287389e+01 -1.591287389e+01 -1.2126e+00 -1.5817e+00 -1.3830e+00 +9.5171e-01 -3.3494e+00 +4.5397e+00 -2.1964e+00 +2.9353e-01 -3.1789e+00 +3.6963e+00
876 0 +3.160473981e+01 -1.661526019e+01 -1.661526019e+01 -1.2062e+00 -1.5909e+00 -1.3798e+00 +9.5804e-01 -3.3509e+00 +4.5257e+00 -2.1747e+00 +3.0435e-01 -3.1643e+00 +3.6883e+00
916 0 +3.077892749e+01 -1.744107251e+01 -1.744107251e+01 -1.2094e+00 -1.5907e+00 -1.3840e+00 +9.6434e-01 -3.3587e+00 +4.5279e+00 -2.1732e+00 +2.9979e-01 -3.1656e+00 +3.6832e+00
941 0 +3.018533791e+01 -1.803466209e+01 -1.803466209e+01 -1.2040e+00 -1.5933e+00 -1.3893e+00 +9.6153e-01 -3.3631e+00 +4.5257e+00 -2.1701e+00 +2.9680e-01 -3.1685e+00 +3.6737e+00
963 0 +2.930840796e+01 -1.891159204e+01 -1.891159204e+01 -1.2064e+00 -1.5949e+00 -1.3864e+00 +9.6991e-01 -3.3723e+00 +4.5242e+00 -2.1597e+00 +3.0120e-01 -3.1662e+00 +3.6710e+00
993 0 +2.806536971e+01 -2.015463029e+01 -2.015463029e+01 -1.1975e+00 -1.5967e+00 -1.3859e+00 +9.7967e-01 -3.3833e+00 +4.5196e+00 -2.1516e+00 +3.0308e-01 -3.1624e+00 +3.6563e+00
1000 0 +2.806162470e+01 -2.015837530e+01 -2.015837530e+01 -1.1987e+00 -1.5975e+00 -1.3877e+00 +9.7470e-01 -3.3851e+00 +4.5214e+00 -2.1496e+00 +3.0070e-01 -3.1607e+00 +3.6611e+00
% f evaluations | g evaluations | best noise-free fitness - Fopt (2.547000000000e+01) + sum g_i+ | measured fitness | best measured fitness or single-digit g-values | x1 | x2...
1 0 +2.905851756e+02 +3.160551756e+02 +3.160551756e+02 -1.1109e-01 -1.4801e-01 -4.5005e-01 -5.9312e-01 +3.8515e-01 -2.7965e-01 +1.6592e-01 +2.6247e-01 +2.7207e-01 +1.7447e-01
5 0 +2.814586176e+02 +3.069286176e+02 +3.069286176e+02 -3.0018e-01 +3.2238e-01 +2.8923e-01 -1.2747e-01 +4.4495e-01 -5.6872e-01 +1.2188e-01 +6.5710e-01 +4.6264e-01 -2.4945e-01
18 0 +2.609686229e+02 +2.864386229e+02 +2.864386229e+02 -1.3091e-01 -5.5355e-02 -3.8921e-01 -5.9436e-02 +8.2661e-02 -2.3939e-01 -2.8188e-01 +3.5980e-01 +1.0051e-02 -2.8804e-01
40 0 +2.521374845e+02 +2.776074845e+02 +2.776074845e+02 -8.1438e-02 -2.7675e-01 -8.3359e-01 -3.7163e-01 -3.4989e-01 -4.1937e-01 -4.0192e-01 +8.9582e-01 +2.3402e-01 -3.3812e-01
48 0 +2.289639287e+02 +2.544339287e+02 +2.544339287e+02 -3.3546e-01 -4.4297e-01 -5.8907e-01 -4.7446e-01 -9.9112e-02 -6.3612e-01 -4.7300e-01 +6.1206e-01 +4.6629e-01 -3.1461e-01
54 0 +1.945208104e+02 +2.199908104e+02 +2.199908104e+02 -4.3668e-01 -1.1283e+00 -7.2207e-01 -7.0548e-01 -4.1207e-01 -8.6762e-01 -6.3941e-01 +8.1501e-01 +1.0291e+00 -3.5325e-01
70 0 +1.690035308e+02 +1.944735308e+02 +1.944735308e+02 -5.9180e-01 -8.8352e-01 -1.3957e+00 -1.0081e+00 -2.6722e-01 -2.8091e-01 -8.3734e-01 +8.0151e-01 +1.1647e+00 -3.1518e-01
78 0 +1.557647946e+02 +1.812347946e+02 +1.812347946e+02 -1.1994e+00 -1.5556e+00 -9.2480e-01 -1.3913e+00 -1.2445e+00 -1.1977e+00 -6.1062e-01 +1.7325e+00 +1.2411e+00 -6.9766e-01
89 0 +1.439349829e+02 +1.694049829e+02 +1.694049829e+02 -2.0051e+00 -1.1862e+00 -1.5122e+00 -1.9977e+00 -2.9423e-01 -6.2096e-01 +6.6126e-02 +2.3063e+00 +1.3762e+00 -9.4204e-01
93 0 +1.394873332e+02 +1.649573332e+02 +1.649573332e+02 -1.6267e+00 -1.5382e+00 -2.1577e+00 -1.8214e+00 +2.7566e-01 -4.8249e-01 -8.9124e-01 +2.5140e+00 +1.1547e+00 -3.8579e-01
114 0 +1.205980689e+02 +1.460680689e+02 +1.460680689e+02 -1.4213e+00 -2.1039e+00 -1.0780e+00 -3.0721e+00 -1.2959e+00 -1.3027e-01 -1.0194e+00 +1.2645e+00 +3.7734e+00 -7.4497e-01
140 0 +1.188475948e+02 +1.443175948e+02 +1.443175948e+02 -1.7470e+00 -2.9185e+00 -2.2800e+00 -1.5889e+00 -1.2662e+00 +4.7396e-02 +3.0586e-01 +1.3014e+00 +4.0700e+00 -6.2923e-01
156 0 +1.125631860e+02 +1.380331860e+02 +1.380331860e+02 -1.5354e+00 -3.1165e+00 -2.6144e+00 -2.4016e+00 -3.0398e-01 -1.7472e-01 -1.7139e+00 +2.2437e+00 +2.0735e+00 -1.8097e+00
190 0 +1.084903605e+02 +1.339603605e+02 +1.339603605e+02 -2.6778e+00 -1.4895e+00 -1.4425e+00 -6.3592e-01 -1.4011e+00 +4.9632e-01 -1.0100e+00 +2.4466e+00 +1.8059e+00 -7.8857e-01
207 0 +9.464752979e+01 +1.201175298e+02 +1.201175298e+02 -2.3160e+00 -1.6900e+00 -2.0582e+00 -2.3345e+00 -1.5406e+00 -1.7928e-01 -5.4494e-02 +1.0543e+00 +2.3106e+00 -5.4335e-01
220 0 +7.127711829e+01 +9.674711829e+01 +9.674711829e+01 -3.1149e+00 -1.6212e+00 -1.9739e+00 -1.7816e+00 -1.0047e+00 +3.9773e-01 -4.0247e-01 +6.6234e-01 +1.9827e+00 -4.4901e-01
301 0 +4.982456334e+01 +7.529456334e+01 +7.529456334e+01 -2.9344e+00 -1.3268e+00 -1.6329e+00 -1.6924e+00 -2.1541e+00 -1.9596e-01 +1.2673e+00 +9.5113e-01 +2.6152e+00 -6.5819e-01
494 0 +4.754290165e+01 +7.301290165e+01 +7.301290165e+01 -3.0041e+00 -8.9760e-01 -1.3586e+00 -1.8835e+00 -1.6940e+00 -8.5409e-02 +7.1253e-01 +1.1814e+00 +2.7545e+00 -6.9568e-01
547 0 +4.565704857e+01 +7.112704857e+01 +7.112704857e+01 -3.1237e+00 -8.7598e-01 -1.3821e+00 -1.8987e+00 -1.7209e+00 +4.9141e-03 +6.8374e-01 +1.2049e+00 +2.8370e+00 -7.3009e-01
562 0 +4.213148531e+01 +6.760148531e+01 +6.760148531e+01 -3.2118e+00 -8.5566e-01 -1.4068e+00 -1.9553e+00 -1.6486e+00 +4.4892e-02 +6.3333e-01 +1.2377e+00 +2.7730e+00 -7.1431e-01
592 0 +4.057191332e+01 +6.604191332e+01 +6.604191332e+01 -3.1746e+00 -8.5949e-01 -1.4861e+00 -1.9455e+00 -1.6790e+00 +2.3632e-02 +6.7772e-01 +1.2426e+00 +2.8059e+00 -6.9672e-01
614 0 +3.909702485e+01 +6.456702485e+01 +6.456702485e+01 -3.2195e+00 -8.4910e-01 -1.4571e+00 -1.9356e+00 -1.6726e+00 +7.0649e-02 +6.5314e-01 +1.2791e+00 +2.7996e+00 -7.0218e-01
619 0 +3.873244143e+01 +6.420244143e+01 +6.420244143e+01 -3.2642e+00 -8.0735e-01 -1.4342e+00 -1.9210e+00 -1.6960e+00 +4.8524e-02 +6.6282e-01 +1.2381e+00 +2.8234e+00 -7.0692e-01
633 0 +3.758842752e+01 +6.305842752e+01 +6.305842752e+01 -3.2353e+00 -8.5831e-01 -1.4662e+00 -1.9378e+00 -1.6987e+00 +6.1526e-02 +6.6425e-01 +1.2088e+00 +2.8096e+00 -7.2401e-01
642 0 +3.703510816e+01 +6.250510816e+01 +6.250510816e+01 -3.2370e+00 -8.2113e-01 -1.4581e+00 -1.9472e+00 -1.6759e+00 +6.9624e-02 +6.7195e-01 +1.2176e+00 +2.8363e+00 -6.9893e-01
655 0 +3.599223723e+01 +6.146223723e+01 +6.146223723e+01 -3.2940e+00 -8.1250e-01 -1.4216e+00 -1.9751e+00 -1.6534e+00 +6.7300e-02 +6.8798e-01 +1.1909e+00 +2.8094e+00 -7.1994e-01
662 0 +3.543560104e+01 +6.090560104e+01 +6.090560104e+01 -3.2872e+00 -8.1600e-01 -1.4301e+00 -1.9619e+00 -1.6487e+00 +7.6142e-02 +6.9509e-01 +1.1944e+00 +2.8314e+00 -7.2012e-01
681 0 +3.461256288e+01 +6.008256288e+01 +6.008256288e+01 -3.2951e+00 -8.0368e-01 -1.4604e+00 -1.9748e+00 -1.6407e+00 +9.0938e-02 +6.7902e-01 +1.1975e+00 +2.8277e+00 -7.1689e-01
684 0 +3.368622661e+01 +5.915622661e+01 +5.915622661e+01 -3.2807e+00 -7.9340e-01 -1.4524e+00 -1.9596e+00 -1.6594e+00 +9.5435e-02 +6.8757e-01 +1.2287e+00 +2.8204e+00 -7.0968e-01
736 0 +3.269575443e+01 +5.816575443e+01 +5.816575443e+01 -3.2983e+00 -7.8009e-01 -1.4688e+00 -1.9728e+00 -1.6320e+00 +9.5759e-02 +7.1178e-01 +1.2006e+00 +2.8017e+00 -7.0267e-01
754 0 +3.233354397e+01 +5.780354397e+01 +5.780354397e+01 -3.3037e+00 -7.9402e-01 -1.4842e+00 -1.9621e+00 -1.6332e+00 +1.0215e-01 +7.1543e-01 +1.1983e+00 +2.8087e+00 -7.0023e-01
779 0 +3.132826315e+01 +5.679826315e+01 +5.679826315e+01 -3.3092e+00 -7.8678e-01 -1.5111e+00 -1.9662e+00 -1.6311e+00 +9.4603e-02 +7.2139e-01 +1.2086e+00 +2.8052e+00 -7.0152e-01
808 0 +3.086323860e+01 +5.633323860e+01 +5.633323860e+01 -3.3041e+00 -7.9255e-01 -1.5088e+00 -1.9645e+00 -1.6333e+00 +8.7940e-02 +7.2685e-01 +1.2216e+00 +2.7922e+00 -6.9546e-01
831 0 +3.009798583e+01 +5.556798583e+01 +5.556798583e+01 -3.2970e+00 -7.9372e-01 -1.5259e+00 -1.9621e+00 -1.6339e+00 +8.6931e-02 +7.2283e-01 +1.2278e+00 +2.7891e+00 -6.9683e-01
864 0 +2.940970190e+01 +5.487970190e+01 +5.487970190e+01 -3.3027e+00 -7.9004e-01 -1.5421e+00 -1.9734e+00 -1.6351e+00 +7.8210e-02 +7.0722e-01 +1.2448e+00 +2.7959e+00 -6.9649e-01
873 0 +2.842096274e+01 +5.389096274e+01 +5.389096274e+01 -3.2972e+00 -7.8752e-01 -1.5581e+00 -1.9800e+00 -1.6309e+00 +7.5014e-02 +7.1631e-01 +1.2441e+00 +2.8003e+00 -6.9032e-01
894 0 +2.772368814e+01 +5.319368814e+01 +5.319368814e+01 -3.3052e+00 -7.9136e-01 -1.5767e+00 -1.9937e+00 -1.6221e+00 +6.4384e-02 +7.2171e-01 +1.2524e+00 +2.7904e+00 -6.8893e-01
903 0 +2.731427983e+01 +5.278427983e+01 +5.278427983e+01 -3.3092e+00 -7.8549e-01 -1.5832e+00 -1.9962e+00 -1.6230e+00 +7.3641e-02 +7.2743e-01 +1.2554e+00 +2.7932e+00 -6.8449e-01
914 0 +2.656406032e+01 +5.203406032e+01 +5.203406032e+01 -3.2965e+00 -7.8674e-01 -1.5868e+00 -1.9849e+00 -1.6192e+00 +7.3902e-02 +7.2068e-01 +1.2563e+00 +2.7864e+00 -6.8807e-01
945 0 +2.610137866e+01 +5.157137866e+01 +5.157137866e+01 -3.2944e+00 -7.8881e-01 -1.5999e+00 -1.9837e+00 -1.6135e+00 +7.3259e-02 +7.2888e-01 +1.2715e+00 +2.7817e+00 -6.8930e-01
982 0 +2.557543144e+01 +5.104543144e+01 +5.104543144e+01 -3.2894e+00 -7.9914e-01 -1.6013e+00 -1.9850e+00 -1.6189e+00 +8.4140e-02 +7.2383e-01 +1.2731e+00 +2.7888e+00 -6.8820e-01
1000 0 +2.547712029e+01 +5.094712029e+01 +5.094712029e+01 -3.2850e+00 -7.9966e-01 -1.5999e+00 -1.9823e+00 -1.6167e+00 +8.3383e-02 +7.2446e-01 +1.2752e+00 +2.7882e+00 -6.8768e-01
% f evaluations | g evaluations | best noise-free fitness - Fopt (-1.008100000000e+02) + sum g_i+ | measured fitness | best measured fitness or single-digit g-values | x1 | x2...
1 0 +1.877881825e+02 +8.697818247e+01 +8.697818247e+01 +1.8619e-01 -1.2041e-01 +3.2201e-01 -1.5734e-01 -6.2666e-02 -9.7155e-03 -2.5073e-01 +5.2318e-01 +1.1485e-01 +2.1080e-01
3 0 +1.596520738e+02 +5.884207378e+01 +5.884207378e+01 -5.3803e-02 -3.2594e-02 +2.9904e-01 -1.0051e-02 -2.3471e-01 -4.5431e-01 -8.5378e-02 -2.4889e-01 -2.3816e-01 +1.6907e-01
28 0 +1.574331903e+02 +5.662319027e+01 +5.662319027e+01 -1.8711e-01 +1.2852e-01 -2.1629e-01 -3.8498e-01 -3.1796e-01 -4.8900e-02 -2.3303e-01 +1.6539e-02 -4.1524e-01 -2.2043e-01
29 0 +1.361715629e+02 +3.536156289e+01 +3.536156289e+01 -7.9485e-03 -8.6038e-02 +2.6349e-01 -2.6209e-01 -5.6488e-01 -1.9128e-01 -3.9818e-01 +4.7880e-01 -5.5641e-01 +3.4165e-01
32 0 +1.211497255e+02 +2.033972549e+01 +2.033972549e+01 -9.9617e-02 +2.5845e-01 -3.1976e-01 -2.0194e-01 +1.1339e-01 -4.9157e-02 +2.4678e-01 +1.6942e-01 -8.2846e-01 +1.6093e-01
72 0 +1.159446975e+02 +1.513469749e+01 +1.513469749e+01 -2.3369e-01 +3.0691e-01 -5.3889e-01 -4.6591e-01 +4.4553e-01 -1.9888e-01 +2.5900e-01 +6.0766e-01 -4.1492e-01 +6.2546e-01
73 0 +1.116719066e+02 +1.086190660e+01 +1.086190660e+01 +5.2115e-01 -2.8188e-01 -3.7471e-01 +1.8734e-01 +8.5131e-02 -2.8802e-01 -8.3357e-02 +2.1467e-01 -6.7980e-01 +1.4290e-01
121 0 +1.035458534e+02 +2.735853423e+00 +2.735853423e+00 +6.5715e-01 +2.5934e-01 -6.4787e-01 +5.3388e-01 +5.7220e-01 -2.9185e-01 +2.4991e-01 -1.3151e-01 -4.8459e-01 +5.6640e-01
280 0 +1.009208717e+02 +1.108717273e-01 +1.108717273e-01 +7.1473e-01 +1.5926e-01 +1.7166e-01 +4.9857e-02 +1.2927e-01 -7.5949e-02 -2.6434e-01 +3.9159e-01 -1.0397e+00 +4.9716e-01
291 0 +9.938189604e+01 -1.428103964e+00 -1.428103964e+00 +7.5218e-01 +2.1496e-01 +2.0759e-01 -9.2036e-02 +1.4916e-01 -2.1935e-01 -2.1894e-01 +5.3325e-01 -1.2278e+00 +6.6998e-01
299 0 +9.664376364e+01 -4.166236364e+00 -4.166236364e+00 +6.2685e-01 +2.6826e-01 +1.9588e-01 +1.3286e-01 +8.0315e-02 -1.2249e-01 -2.9919e-02 +6.1852e-01 -1.0773e+00 +4.3951e-01
301 0 +9.358957145e+01 -7.220428547e+00 -7.220428547e+00 +7.1706e-01 +2.1440e-01 +7.6628e-02 +1.4798e-01 +3.0502e-01 -8.8915e-02 -6.6537e-02 +7.7095e-01 -1.1886e+00 +4.7950e-01
320 0 +8.735371793e+01 -1.345628207e+01 -1.345628207e+01 +5.7323e-01 +2.2912e-01 +2.3758e-02 +1.7417e-01 +3.5972e-01 -7.3771e-02 +4.8665e-02 +7.7462e-01 -1.0003e+00 +3.9437e-01
386 0 +8.452853572e+01 -1.628146428e+01 -1.628146428e+01 +4.5163e-01 +2.0461e-01 -4.6356e-02 +1.5971e-01 +4.4330e-01 -3.8123e-02 +6.1509e-02 +5.4962e-01 -8.9095e-01 +4.8981e-01
407 0 +7.541462760e+01 -2.539537240e+01 -2.539537240e+01 +5.1352e-01 +3.0379e-01 -1.1826e-01 +7.1780e-02 +4.1814e-01 -9.8943e-02 +1.5749e-01 +5.0914e-01 -7.5826e-01 +4.1758e-01
428 0 +6.481831518e+01 -3.599168482e+01 -3.599168482e+01 +5.5526e-01 +2.5652e-01 -1.1425e-01 +1.7286e-01 +3.8728e-01 -8.0528e-02 +8.0607e-02 +5.8143e-01 -8.3722e-01 +4.0090e-01
466 0 +6.435905646e+01 -3.645094354e+01 -3.645094354e+01 +5.9741e-01 +2.0814e-01 -8.5707e-02 +1.5816e-01 +3.3323e-01 +8.0695e-03 +1.3844e-02 +5.7052e-01 -7.9596e-01 +4.0829e-01
483 0 +6.227901646e+01 -3.853098354e+01 -3.853098354e+01 +5.8576e-01 +2.1426e-01 -8.7113e-02 +1.8229e-01 +3.0686e-01 -2.3767e-02 -1.7542e-02 +5.4132e-01 -8.2657e-01 +3.9547e-01
485 0 +6.149601215e+01 -3.931398785e+01 -3.931398785e+01 +5.9353e-01 +2.0724e-01 -6.6323e-02 +1.5233e-01 +2.6709e-01 -5.3151e-02 +4.1933e-02 +5.9016e-01 -8.4715e-01 +4.2103e-01
543 0 +5.988844899e+01 -4.092155101e+01 -4.092155101e+01 +5.8238e-01 +1.8323e-01 -2.6208e-03 +1.7441e-01 +2.9542e-01 -2.8313e-02 +2.9659e-02 +5.3203e-01 -8.4224e-01 +4.2141e-01
561 0 +5.887665661e+01 -4.193334339e+01 -4.193334339e+01 +5.7274e-01 +2.2601e-01 -2.4660e-03 +1.7567e-01 +2.8564e-01 -2.2700e-02 +2.8866e-02 +5.7725e-01 -8.5650e-01 +4.1414e-01
617 0 +5.734259599e+01 -4.346740401e+01 -4.346740401e+01 +5.5315e-01 +2.1083e-01 +1.7722e-03 +1.7915e-01 +2.9964e-01 -2.1883e-02 +2.7663e-02 +5.6232e-01 -8.4137e-01 +3.9539e-01
731 0 +5.622403829e+01 -4.458596171e+01 -4.458596171e+01 +5.5166e-01 +1.9798e-01 +5.4660e-03 +1.7197e-01 +2.8733e-01 -1.4000e-02 +4.1255e-02 +5.5741e-01 -8.5095e-01 +3.9657e-01
851 0 +5.480509193e+01 -4.600490807e+01 -4.600490807e+01 +5.4532e-01 +1.9265e-01 +2.2094e-02 +1.7467e-01 +2.7383e-01 +5.8950e-03 +4.5169e-02 +5.7615e-01 -8.7029e-01 +3.7507e-01
901 0 +5.346243377e+01 -4.734756623e+01 -4.734756623e+01 +5.4668e-01 +1.6555e-01 +2.7977e-02 +1.7754e-01 +2.5935e-01 +3.3578e-02 +4.5737e-02 +5.8270e-01 -8.8393e-01 +3.5272e-01
922 0 +5.240899339e+01 -4.840100661e+01 -4.840100661e+01 +5.4287e-01 +1.7340e-01 +4.5229e-02 +1.7130e-01 +2.5382e-01 +3.1431e-02 +4.9027e-02 +5.7399e-01 -8.9086e-01 +3.4991e-01
954 0 +5.090823904e+01 -4.990176096e+01 -4.990176096e+01 +5.5820e-01 +1.5282e-01 +6.0834e-02 +1.8038e-01 +2.4068e-01 +4.5664e-02 +5.2252e-02 +5.6805e-01 -8.9023e-01 +3.3248e-01
1000 0 +5.078429966e+01 -5.002570034e+01 -5.002570034e+01 +5.5851e-01 +1.5483e-01 +6.7108e-02 +1.8222e-01 +2.3914e-01 +4.9218e-02 +5.0487e-02 +5.7899e-01 -9.0230e-01 +3.3068e-01
% f evaluations | g evaluations | best noise-free fitness - Fopt (-3.531300000000e+02) + sum g_i+ | measured fitness | best measured fitness or single-digit g-values | x1 | x2...
1 0 +3.331542064e+02 -1.997579361e+01 -1.997579361e+01 +1.4357e-01 +1.7857e-01 -4.4548e-01 +1.9130e-01 +2.3916e-01 -3.0082e-01 +6.2069e-01 -7.4749e-02 -3.7591e-01 -2.1259e-01
2 0 +2.966736071e+02 -5.645639289e+01 -5.645639289e+01 +5.9585e-01 +1.6053e-01 +1.1946e-01 -5.7163e-01 +3.6842e-02 -2.4873e-01 -4.8347e-02 -3.4804e-01 -2.2572e-01 -3.4600e-01
4 0 +2.830324171e+02 -7.009758286e+01 -7.009758286e+01 +3.2313e-01 -1.1279e-01 -4.2465e-01 -2.9754e-01 -7.9094e-02 +6.7288e-01 +1.9039e-01 -4.3397e-01 +2.1544e-01 -3.3969e-01
9 0 +2.781752001e+02 -7.495479989e+01 -7.495479989e+01 +1.6821e-01 -1.4763e-01 +3.1417e-01 -2.7100e-01 -1.0509e-01 -6.4915e-01 +2.9965e-01 -3.5597e-02 +3.7522e-01 -5.7147e-02
11 0 +2.559647998e+02 -9.716520020e+01 -9.716520020e+01 +8.9480e-02 -3.0405e-01 +1.9167e-01 -9.5871e-02 -4.9623e-01 +2.8364e-01 +6.5674e-01 -3.1868e-01 +1.0022e-01 -1.9371e-01
13 0 +2.301196545e+02 -1.230103455e+02 -1.230103455e+02 +4.7282e-01 -1.5092e-01 +8.4658e-02 +1.8888e-02 +1.6633e-01 -1.7771e-01 +3.8363e-01 +2.8744e-01 +2.0166e-01 +7.5817e-01
34 0 +2.268969352e+02 -1.262330648e+02 -1.262330648e+02 -1.8763e-01 -5.8089e-01 -1.2324e-01 -6.8846e-02 -3.0508e-01 -1.6381e-01 +3.0368e-01 -4.2021e-01 +3.6731e-01 +2.7605e-01
51 0 +2.010865141e+02 -1.520434859e+02 -1.520434859e+02 -1.2767e-01 -4.7627e-01 -9.9396e-03 -9.1260e-01 +2.6021e-01 -3.8828e-01 +3.9889e-01 +5.2861e-02 +4.0794e-01 +5.0685e-01
73 0 +1.923300135e+02 -1.607999865e+02 -1.607999865e+02 -1.1002e-01 -7.1838e-01 -6.1703e-02 -9.7306e-01 -1.1829e-01 -4.9519e-01 +9.0789e-02 +9.4561e-02 +4.5142e-01 +7.7173e-01
88 0 +1.791010636e+02 -1.740289364e+02 -1.740289364e+02 +7.9782e-03 -6.1159e-01 -2.1211e-01 -8.5998e-01 -3.6378e-02 -8.8001e-01 +1.2325e-02 +3.2888e-01 +1.9521e-01 +1.1831e+00
95 0 +1.714450060e+02 -1.816849940e+02 -1.816849940e+02 -1.6807e-01 -3.1577e-01 -5.3994e-01 -8.2439e-01 +4.9241e-01 -1.2427e+00 +4.3491e-01 -2.8822e-02 +5.3035e-01 +1.3838e+00
125 0 +1.542556931e+02 -1.988743069e+02 -1.988743069e+02 -6.8249e-01 +1.7482e-01 -8.4111e-01 -1.1580e+00 +1.0937e-01 -7.3442e-01 -1.9218e-02 +5.7119e-01 -1.4770e-01 +1.0464e+00
142 0 +1.246516536e+02 -2.284783464e+02 -2.284783464e+02 -1.2596e-01 -5.3455e-01 -8.9126e-01 -1.4154e+00 -3.8704e-01 -5.0052e-01 +1.7569e-01 +7.2387e-01 +6.4817e-01 +1.6863e+00
172 0 +9.319682364e+01 -2.599331764e+02 -2.599331764e+02 -1.1498e+00 -6.0346e-01 -1.0635e+00 -2.1227e+00 +9.4549e-01 -5.5098e-01 -3.1072e-02 +1.2785e+00 +7.0694e-01 +1.4043e+00
184 0 +8.910106610e+01 -2.640289339e+02 -2.640289339e+02 -1.4121e+00 -5.2162e-01 -1.6192e+00 -2.0528e+00 +9.3657e-01 -8.5331e-01 -8.0338e-01 +1.7973e+00 +1.2777e+00 +1.7519e+00
201 0 +6.189521818e+01 -2.912347818e+02 -2.912347818e+02 -1.3473e+00 -5.7411e-01 -1.3054e+00 -2.3126e+00 +1.2133e+00 -5.0766e-01 -3.0702e-01 +2.0700e+00 +8.0928e-01 +2.1705e+00
340 0 +4.991978424e+01 -3.032102158e+02 -3.032102158e+02 -1.0827e+00 +6.0126e-02 -1.0916e+00 -2.4493e+00 +5.8992e-01 +8.3517e-01 -3.8868e-01 +3.0446e+00 +1.9347e+00 +2.3445e+00
379 0 +4.692557902e+01 -3.062044210e+02 -3.062044210e+02 -1.2447e+00 -4.9129e-01 -1.9281e+00 -2.7502e+00 +2.4739e-01 +3.2289e-01 -7.2207e-01 +2.6839e+00 +1.8061e+00 +1.8044e+00
519 0 +4.116473502e+01 -3.119652650e+02 -3.119652650e+02 -7.2548e-01 -7.2982e-02 -1.3632e+00 -2.7464e+00 +3.1140e-01 +5.4219e-01 -8.1537e-01 +2.7097e+00 +1.9284e+00 +1.3710e+00
527 0 +3.755270554e+01 -3.155772945e+02 -3.155772945e+02 -7.7422e-01 -9.9095e-02 -1.3805e+00 -2.7944e+00 +2.7219e-01 +5.2744e-01 -8.1670e-01 +2.6301e+00 +1.8733e+00 +1.3763e+00
556 0 +3.535358412e+01 -3.177764159e+02 -3.177764159e+02 -8.0359e-01 -1.1627e-01 -1.3321e+00 -2.7681e+00 +3.4820e-01 +6.1056e-01 -8.4060e-01 +2.6619e+00 +1.8878e+00 +1.3713e+00
573 0 +3.237325246e+01 -3.207567475e+02 -3.207567475e+02 -7.4531e-01 -1.5550e-02 -1.3538e+00 -2.7682e+00 +3.7113e-01 +6.7986e-01 -8.1536e-01 +2.6888e+00 +1.8575e+00 +1.3681e+00
597 0 +3.176143432e+01 -3.213685657e+02 -3.213685657e+02 -7.9386e-01 -4.5914e-02 -1.3964e+00 -2.7835e+00 +3.5621e-01 +6.4958e-01 -8.1662e-01 +2.6485e+00 +1.8610e+00 +1.3024e+00
598 0 +2.721283663e+01 -3.259171634e+02 -3.259171634e+02 -7.7453e-01 +5.7240e-03 -1.3635e+00 -2.7850e+00 +3.3780e-01 +6.3763e-01 -8.2165e-01 +2.6461e+00 +1.8680e+00 +1.3267e+00
607 0 +2.631068013e+01 -3.268193199e+02 -3.268193199e+02 -7.4556e-01 -1.1864e-02 -1.3787e+00 -2.8022e+00 +3.2797e-01 +6.5219e-01 -8.2407e-01 +2.6736e+00 +1.8955e+00 +1.3231e+00
619 0 +2.605154413e+01 -3.270784559e+02 -3.270784559e+02 -7.8560e-01 -1.2264e-02 -1.3571e+00 -2.7982e+00 +2.6445e-01 +6.8551e-01 -8.4739e-01 +2.6581e+00 +1.9222e+00 +1.3069e+00
637 0 +2.533679023e+01 -3.277932098e+02 -3.277932098e+02 -7.8632e-01 -1.3917e-02 -1.3639e+00 -2.8338e+00 +2.8776e-01 +6.5873e-01 -8.5346e-01 +2.6411e+00 +1.9291e+00 +1.3065e+00
640 0 +2.433534023e+01 -3.287946598e+02 -3.287946598e+02 -7.6230e-01 -2.2034e-02 -1.3285e+00 -2.8212e+00 +2.8528e-01 +6.4415e-01 -8.2751e-01 +2.6677e+00 +1.9034e+00 +1.3032e+00
658 0 +2.376926657e+01 -3.293607334e+02 -3.293607334e+02 -7.9217e-01 -7.0366e-04 -1.3525e+00 -2.8386e+00 +2.8095e-01 +6.2992e-01 -8.4885e-01 +2.6059e+00 +1.9358e+00 +1.2868e+00
699 0 +2.328702195e+01 -3.298429781e+02 -3.298429781e+02 -7.8634e-01 +1.0056e-02 -1.3490e+00 -2.8216e+00 +2.8210e-01 +6.7192e-01 -8.2904e-01 +2.6295e+00 +1.9360e+00 +1.2989e+00
751 0 +2.289768728e+01 -3.302323127e+02 -3.302323127e+02 -7.9006e-01 +7.2711e-03 -1.3374e+00 -2.8424e+00 +2.7443e-01 +6.6654e-01 -8.3033e-01 +2.6142e+00 +1.9431e+00 +1.2879e+00
780 0 +2.236778639e+01 -3.307622136e+02 -3.307622136e+02 -7.8040e-01 +5.5075e-03 -1.3265e+00 -2.8449e+00 +2.5612e-01 +6.8584e-01 -8.4077e-01 +2.6168e+00 +1.9526e+00 +1.2870e+00
815 0 +2.166904551e+01 -3.314609545e+02 -3.314609545e+02 -7.9296e-01 +4.5321e-03 -1.3232e+00 -2.8549e+00 +2.3627e-01 +6.8374e-01 -8.4491e-01 +2.6030e+00 +1.9666e+00 +1.2815e+00
862 0 +2.136935646e+01 -3.317606435e+02 -3.317606435e+02 -7.9890e-01 +3.1677e-03 -1.3257e+00 -2.8552e+00 +2.2504e-01 +6.7949e-01 -8.4229e-01 +2.6001e+00 +1.9748e+00 +1.2813e+00
1000 0 +2.109424431e+01 -3.320357557e+02 -3.320357557e+02 -8.0937e-01 +3.6757e-03 -1.3201e+00 -2.8586e+00 +2.1408e-01 +6.7528e-01 -8.4326e-01 +2.5933e+00 +1.9846e+00 +1.2843e+00
% f evaluations | g evaluations | best noise-free fitness - Fopt (8.716000000000e+01) + sum g_i+ | measured fitness | best measured fitness or single-digit g-values | x1 | x2...
1 0 +3.813418522e+02 +4.685018522e+02 +4.685018522e+02 -8.1758e-02 +4.9336e-02 +7.9819e-01 +4.9916e-01 -1.5369e-01 +2.0208e-02 +2.7208e-01 -4.2316e-01 -4.5945e-01 -6.0511e-01
3 0 +3.114278137e+02 +3.985878137e+02 +3.985878137e+02 +2.8249e-02 +4.4524e-01 +2.1867e-02 +2.0410e-01 +4.2657e-01 +2.5078e-01 -4.0714e-01 +3.3236e-01 +1.8844e-01 -5.2078e-02
12 0 +2.637653465e+02 +3.509253465e+02 +3.509253465e+02 +4.0993e-01 -1.9087e-01 -7.5219e-02 +5.3614e-01 +7.3016e-01 -3.8673e-01 -4.5077e-01 +3.9121e-01 +3.8525e-01 +4.4041e-02
26 0 +2.477074743e+02 +3.348674743e+02 +3.348674743e+02 +3.9445e-01 +1.3842e-01 -4.1063e-01 +4.3437e-01 +7.4715e-01 -1.4889e-01 -5.4780e-01 +4.6737e-01 +8.6822e-02 +2.3522e-02
37 0 +2.337727491e+02 +3.209327491e+02 +3.209327491e+02 +6.2013e-01 -2.0666e-02 -8.3587e-02 +9.3142e-01 +7.0860e-01 -2.1367e-01 -9.1209e-02 +8.2292e-01 -9.2159e-02 -6.7712e-01
44 0 +2.138298837e+02 +3.009898837e+02 +3.009898837e+02 +1.4069e+00 -9.5140e-01 -4.8647e-01 +1.2589e+00 +9.4620e-01 -1.8289e-02 -3.6336e-01 +1.0716e+00 -3.3870e-02 -4.5494e-01
59 0 +2.021163987e+02 +2.892763987e+02 +2.892763987e+02 +7.4439e-01 -4.5887e-01 -8.8455e-01 +2.0707e+00 +1.5042e+00 -4.6601e-01 +3.2570e-02 +8.5567e-01 +2.0584e-01 -5.8484e-01
60 0 +1.861237068e+02 +2.732837068e+02 +2.732837068e+02 +1.0260e+00 -1.9250e-01 +8.1403e-02 +2.3094e+00 +1.0203e+00 -1.6925e-01 -9.0550e-01 +1.0645e+00 -1.5645e-01 -8.5443e-01
69 0 +1.568421425e+02 +2.440021425e+02 +2.440021425e+02 +5.2904e-01 +9.7950e-01 -4.8613e-01 +2.0116e+00 +4.3545e-01 -5.2484e-01 -4.1623e-01 +1.2944e+00 -3.6941e-01 -6.6684e-01
73 0 +1.326663146e+02 +2.198263146e+02 +2.198263146e+02 +1.0527e+00 +3.8117e-01 -7.3484e-01 +2.2172e+00 +1.2381e+00 +1.0014e-01 -1.2512e+00 +1.8835e+00 +3.0439e-01 -9.4382e-01
112 0 +1.085056138e+02 +1.956656138e+02 +1.956656138e+02 +1.1394e+00 +1.4914e+00 -1.2864e+00 +2.0073e+00 +1.3257e+00 -1.5328e+00 -4.0508e-01 +3.4992e+00 -1.7643e+00 -8.9403e-01
119 0 +9.774526914e+01 +1.849052691e+02 +1.849052691e+02 +1.4067e+00 +3.2381e-01 -2.6457e+00 +2.7607e+00 +1.9286e-01 -1.2558e+00 -6.6220e-02 +2.7977e+00 -1.0790e+00 -3.0149e-01
144 0 +6.808956062e+01 +1.552495606e+02 +1.552495606e+02 +1.4746e+00 +1.3411e+00 -1.2560e+00 +3.4030e+00 +1.4304e+00 -2.1127e+00 -4.5698e-01 +2.8323e+00 -1.1483e+00 -1.8386e+00
347 0 +6.632301927e+01 +1.534830193e+02 +1.534830193e+02 +1.5526e+00 +9.5001e-01 -2.3095e+00 +2.7819e+00 +1.4258e+00 -2.3552e+00 +1.6089e+00 +3.0221e+00 -1.9721e+00 -1.0115e+00
412 0 +5.512037104e+01 +1.422803710e+02 +1.422803710e+02 +1.5171e+00 +1.1577e+00 -2.1554e+00 +2.6405e+00 +1.3516e+00 -2.2998e+00 +1.4083e+00 +2.4203e+00 -1.8149e+00 -1.0049e+00
487 0 +4.890750256e+01 +1.360675026e+02 +1.360675026e+02 +1.4582e+00 +1.1111e+00 -2.1823e+00 +2.6880e+00 +1.5891e+00 -2.2755e+00 +1.5653e+00 +2.4628e+00 -1.8136e+00 -9.7504e-01
497 0 +4.277305707e+01 +1.299330571e+02 +1.299330571e+02 +1.4542e+00 +1.0208e+00 -2.1437e+00 +2.7654e+00 +1.4679e+00 -2.3395e+00 +1.6236e+00 +2.5944e+00 -1.7833e+00 -9.2424e-01
520 0 +4.129031694e+01 +1.284503169e+02 +1.284503169e+02 +1.4733e+00 +1.0730e+00 -2.1895e+00 +2.6598e+00 +1.5149e+00 -2.2289e+00 +1.5326e+00 +2.4727e+00 -1.8194e+00 -1.0020e+00
531 0 +4.016215845e+01 +1.273221585e+02 +1.273221585e+02 +1.4784e+00 +1.1094e+00 -2.1539e+00 +2.6466e+00 +1.4930e+00 -2.2506e+00 +1.5061e+00 +2.4995e+00 -1.8036e+00 -9.9625e-01
545 0 +3.737868842e+01 +1.245386884e+02 +1.245386884e+02 +1.4788e+00 +1.1207e+00 -2.1817e+00 +2.6569e+00 +1.4898e+00 -2.2369e+00 +1.5104e+00 +2.5335e+00 -1.8477e+00 -1.0188e+00
552 0 +3.414537829e+01 +1.213053783e+02 +1.213053783e+02 +1.4741e+00 +1.1449e+00 -2.1342e+00 +2.6347e+00 +1.4899e+00 -2.2361e+00 +1.4813e+00 +2.5274e+00 -1.8474e+00 -9.9564e-01
564 0 +3.210504193e+01 +1.192650419e+02 +1.192650419e+02 +1.4387e+00 +1.1438e+00 -2.1498e+00 +2.6245e+00 +1.5097e+00 -2.2512e+00 +1.4892e+00 +2.5078e+00 -1.8353e+00 -9.8484e-01
573 0 +2.934111365e+01 +1.165011137e+02 +1.165011137e+02 +1.4417e+00 +1.0835e+00 -2.1864e+00 +2.6481e+00 +1.5382e+00 -2.2566e+00 +1.4540e+00 +2.5281e+00 -1.8615e+00 -1.0010e+00
581 0 +2.726809423e+01 +1.144280942e+02 +1.144280942e+02 +1.4432e+00 +1.1194e+00 -2.1900e+00 +2.6508e+00 +1.5156e+00 -2.2812e+00 +1.4726e+00 +2.5201e+00 -1.8751e+00 -9.7537e-01
584 0 +2.674775097e+01 +1.139077510e+02 +1.139077510e+02 +1.4352e+00 +1.1168e+00 -2.1771e+00 +2.6034e+00 +1.5071e+00 -2.2632e+00 +1.4740e+00 +2.5213e+00 -1.8577e+00 -9.9615e-01
591 0 +2.114866943e+01 +1.083086694e+02 +1.083086694e+02 +1.4338e+00 +1.1395e+00 -2.1951e+00 +2.5979e+00 +1.5142e+00 -2.2577e+00 +1.4034e+00 +2.4948e+00 -1.8926e+00 -9.9320e-01
603 0 +2.086942361e+01 +1.080294236e+02 +1.080294236e+02 +1.4097e+00 +1.1404e+00 -2.2168e+00 +2.5712e+00 +1.5016e+00 -2.2497e+00 +1.4315e+00 +2.4925e+00 -1.8901e+00 -9.9295e-01
622 0 +1.954545595e+01 +1.067054559e+02 +1.067054559e+02 +1.4196e+00 +1.1456e+00 -2.2181e+00 +2.5871e+00 +1.5060e+00 -2.2551e+00 +1.4100e+00 +2.5130e+00 -1.8943e+00 -1.0078e+00
627 0 +1.832434979e+01 +1.054843498e+02 +1.054843498e+02 +1.4222e+00 +1.1286e+00 -2.2436e+00 +2.6130e+00 +1.5379e+00 -2.3020e+00 +1.4237e+00 +2.5107e+00 -1.9079e+00 -1.0109e+00
639 0 +1.780122999e+01 +1.049612300e+02 +1.049612300e+02 +1.4211e+00 +1.1482e+00 -2.2314e+00 +2.5891e+00 +1.5210e+00 -2.2956e+00 +1.4130e+00 +2.5035e+00 -1.9143e+00 -1.0255e+00
691 0 +1.707956728e+01 +1.042395673e+02 +1.042395673e+02 +1.4239e+00 +1.1312e+00 -2.2359e+00 +2.5990e+00 +1.5355e+00 -2.3117e+00 +1.4061e+00 +2.5082e+00 -1.9042e+00 -9.9961e-01
716 0 +1.694064274e+01 +1.041006427e+02 +1.041006427e+02 +1.4050e+00 +1.1396e+00 -2.2441e+00 +2.6059e+00 +1.5361e+00 -2.3195e+00 +1.3998e+00 +2.4990e+00 -1.9015e+00 -1.0041e+00
746 0 +1.658209482e+01 +1.037420948e+02 +1.037420948e+02 +1.4044e+00 +1.1458e+00 -2.2469e+00 +2.5872e+00 +1.5205e+00 -2.3219e+00 +1.4000e+00 +2.5079e+00 -1.9124e+00 -9.9814e-01
801 0 +1.620120863e+01 +1.033612086e+02 +1.033612086e+02 +1.4102e+00 +1.1464e+00 -2.2390e+00 +2.5783e+00 +1.5222e+00 -2.3136e+00 +1.3874e+00 +2.5005e+00 -1.9071e+00 -1.0022e+00
1000 0 +1.593746397e+01 +1.030974640e+02 +1.030974640e+02 +1.4024e+00 +1.1499e+00 -2.2359e+00 +2.5640e+00 +1.5167e+00 -2.3142e+00 +1.3802e+00 +2.5027e+00 -1.8997e+00 -1.0035e+00
% f evaluations | g evaluations | best noise-free fitness - Fopt (-3.475000000000e+01) + sum g_i+ | measured fitness | best measured fitness or single-digit g-values | x1 | x2...
1 0 +6.453809091e+02 +6.106309091e+02 +6.106309091e+02 +5.5486e-01 -3.7950e-01 -1.6473e-01 -5.6278e-01 -2.9955e-01 +1.8856e-01 +1.0080e-01 +4.8254e-01 -7.2477e-02 +3.2808e-01
2 0 +5.291890935e+02 +4.944390935e+02 +4.944390935e+02 -2.3765e-01 +2.7937e-01 -1.2454e-01 +2.1340e-01 -2.6015e-01 -2.6275e-01 -3.3776e-01 -2.1482e-01 -2.0818e-01 -2.7140e-01
11 0 +5.134135260e+02 +4.786635260e+02 +4.786635260e+02 -3.4411e-01 +6.4713e-01 -1.2460e-01 +2.1509e-01 -1.2253e-01 -2.8935e-01 +2.7484e-01 -1.5766e-01 -2.5505e-02 +1.6645e-01
13 0 +4.955534639e+02 +4.608034639e+02 +4.608034639e+02 +8.0199e-02 +3.7562e-01 +1.9724e-01 +4.0704e-01 +1.6045e-01 +2.7297e-01 +1.5094e-01 +5.7221e-02 -1.0523e-01 +1.9495e-01
23 0 +4.695797593e+02 +4.348297593e+02 +4.348297593e+02 -1.2079e-02 +3.8813e-01 +4.4329e-01 +2.7697e-02 -8.5856e-02 -3.5312e-01 +2.4766e-02 +2.9071e-01 -7.6801e-01 -5.1934e-01
32 0 +4.574565639e+02 +4.227065639e+02 +4.227065639e+02 -2.8527e-01 +1.2956e-01 +3.2370e-01 +1.6144e-01 +1.6215e-01 -2.4018e-01 -2.1628e-01 +9.0666e-02 -7.6374e-01 -4.6549e-01
34 0 +4.189605689e+02 +3.842105689e+02 +3.842105689e+02 +2.3471e-02 +5.2305e-01 +2.5011e-01 +5.2614e-01 -2.3539e-01 -9.8851e-02 +3.1024e-01 -3.1192e-01 -7.8429e-01 -2.4646e-01
35 0 +4.045181858e+02 +3.697681858e+02 +3.697681858e+02 -5.8736e-01 +9.0989e-01 +4.9355e-01 -8.4786e-02 +2.4535e-01 +5.4533e-02 -2.1923e-01 -9.6278e-02 -1.2131e+00 -9.0211e-02
49 0 +3.937960435e+02 +3.590460435e+02 +3.590460435e+02 -1.4357e-01 +6.1698e-01 +1.8362e-01 -8.4500e-02 +3.7729e-01 -3.4267e-01 -3.6070e-01 -7.0613e-02 -1.7102e+00 -1.8872e-01
55 0 +3.455313800e+02 +3.107813800e+02 +3.107813800e+02 -1.5655e-01 +1.1106e+00 +2.3406e-01 -1.1718e-01 -1.0230e-02 -1.0415e+00 -4.6063e-01 -3.8392e-01 -1.4539e+00 +3.6615e-02
67 0 +3.099070721e+02 +2.751570721e+02 +2.751570721e+02 -9.4624e-01 +8.3980e-01 -9.2210e-02 +7.9795e-03 +3.4187e-01 -1.3792e+00 -2.2770e-01 -3.9286e-01 -1.7381e+00 -4.8313e-01
78 0 +3.019865358e+02 +2.672365358e+02 +2.672365358e+02 -1.2083e+00 +1.2066e+00 +5.1060e-01 +6.8437e-01 +8.1316e-01 -1.3257e+00 -7.4040e-01 -9.4283e-01 -1.7261e+00 -3.2830e-01
84 0 +2.690035101e+02 +2.342535101e+02 +2.342535101e+02 -1.3878e+00 +2.0762e+00 +6.9758e-01 -1.7140e-01 +9.5738e-01 -1.9396e+00 -9.8063e-01 -1.5671e+00 -2.1579e+00 -8.6469e-01
99 0 +1.776406065e+02 +1.428906065e+02 +1.428906065e+02 -1.2651e+00 +2.9925e+00 +6.2025e-01 +5.5983e-01 +2.6790e-01 -2.1409e+00 -3.6491e-01 -1.4915e+00 -2.8126e+00 -6.4838e-01
139 0 +1.408555583e+02 +1.061055583e+02 +1.061055583e+02 -1.1781e-01 +2.6546e+00 +3.2560e-01 +1.7687e+00 +1.9685e+00 -4.3159e+00 +5.4695e-01 -2.1600e+00 -4.1879e+00 -1.3949e+00
176 0 +1.244409459e+02 +8.969094593e+01 +8.969094593e+01 -6.1453e-01 +2.6091e+00 -9.5304e-01 +1.9803e+00 +1.1751e+00 -3.9244e+00 +1.6900e+00 -1.4076e+00 -4.4547e+00 -1.2301e+00
210 0 +1.174423420e+02 +8.269234197e+01 +8.269234197e+01 +1.7184e+00 +2.5534e+00 -1.6781e+00 +3.0043e+00 -5.8823e-01 -5.5922e+00 +1.5740e+00 -2.4530e+00 -5.0789e+00 -1.9851e-01
234 0 +8.287863380e+01 +4.812863380e+01 +4.812863380e+01 +1.9234e+00 +3.6282e+00 -1.5076e+00 +3.3261e+00 -9.8295e-01 -4.3533e+00 +1.3335e+00 -1.7441e+00 -4.0432e+00 -3.8390e-02
298 0 +5.909691586e+01 +2.434691586e+01 +2.434691586e+01 +3.0380e+00 +1.1994e+00 -1.5454e+00 +3.0693e+00 -1.1929e+00 -5.1339e+00 +1.9341e+00 -2.2673e+00 -3.1355e+00 +5.3126e-02
485 0 +5.696698806e+01 +2.221698806e+01 +2.221698806e+01 +2.1611e+00 +1.4710e+00 -1.0398e+00 +2.5565e+00 -9.0645e-02 -5.3408e+00 +1.5525e+00 -2.5124e+00 -3.6058e+00 -1.4731e-01
511 0 +5.157153875e+01 +1.682153875e+01 +1.682153875e+01 +2.1713e+00 +1.3196e+00 -1.1006e+00 +2.5343e+00 +3.7911e-02 -5.2617e+00 +1.9304e+00 -2.3872e+00 -3.5020e+00 -2.7367e-01
523 0 +4.201063437e+01 +7.260634369e+00 +7.260634369e+00 +1.9843e+00 +1.3500e+00 -1.2149e+00 +2.6573e+00 +7.3927e-02 -5.2779e+00 +1.8330e+00 -2.3525e+00 -3.5068e+00 -2.5399e-01
538 0 +2.630604224e+01 -8.443957758e+00 -8.443957758e+00 +2.0230e+00 +1.4078e+00 -1.1823e+00 +2.5654e+00 -1.1060e-02 -5.2773e+00 +1.7960e+00 -2.3754e+00 -3.4781e+00 -1.9417e-01
600 0 +2.596308480e+01 -8.786915196e+00 -8.786915196e+00 +1.9769e+00 +1.3983e+00 -1.2046e+00 +2.5696e+00 +2.4127e-02 -5.2949e+00 +1.7217e+00 -2.4692e+00 -3.3759e+00 -1.5596e-01
634 0 +2.566212424e+01 -9.087875760e+00 -9.087875760e+00 +2.0290e+00 +1.3941e+00 -1.2198e+00 +2.5688e+00 -4.4466e-02 -5.2721e+00 +1.7785e+00 -2.4969e+00 -3.3638e+00 -1.4795e-01
640 0 +2.422195224e+01 -1.052804776e+01 -1.052804776e+01 +2.0500e+00 +1.4300e+00 -1.2055e+00 +2.5650e+00 -5.8539e-02 -5.2471e+00 +1.7490e+00 -2.4693e+00 -3.3957e+00 -1.4785e-01
676 0 +2.335856856e+01 -1.139143144e+01 -1.139143144e+01 +2.0244e+00 +1.4210e+00 -1.1746e+00 +2.5511e+00 -4.3511e-02 -5.2670e+00 +1.7542e+00 -2.4887e+00 -3.3917e+00 -1.6203e-01
699 0 +2.268407278e+01 -1.206592722e+01 -1.206592722e+01 +2.0390e+00 +1.4130e+00 -1.1576e+00 +2.5575e+00 -4.2785e-02 -5.2524e+00 +1.7462e+00 -2.4832e+00 -3.3814e+00 -1.5675e-01
715 0 +2.235598575e+01 -1.239401425e+01 -1.239401425e+01 +2.0282e+00 +1.4258e+00 -1.1668e+00 +2.5490e+00 -4.7678e-03 -5.2493e+00 +1.7460e+00 -2.4833e+00 -3.4040e+00 -1.5974e-01
778 0 +2.184130507e+01 -1.290869493e+01 -1.290869493e+01 +2.0327e+00 +1.4295e+00 -1.1459e+00 +2.5603e+00 -2.7447e-02 -5.2485e+00 +1.7538e+00 -2.4802e+00 -3.3968e+00 -1.5747e-01
1000 0 +2.146018045e+01 -1.328981955e+01 -1.328981955e+01 +2.0381e+00 +1.4318e+00 -1.1296e+00 +2.5726e+00 -2.1251e-02 -5.2418e+00 +1.7570e+00 -2.4687e+00 -3.4205e+00 -1.6115e-01
% f evaluations | g evaluations | best noise-free fitness - Fopt (-1.000000000000e+03) + sum g_i+ | measured fitness | best measured fitness or single-digit g-values | x1 | x2...
1 0 +2.906321952e+02 -7.093678048e+02 -7.093678048e+02 +3.2416e-01 +3.0574e-01 -5.7258e-01 -2.1330e-01 +2.9428e-01 +3.0449e-01 +4.2046e-01 -1.4752e-01 +4.3065e-01 -5.9524e-01
2 0 +2.710005271e+02 -7.289994729e+02 -7.289994729e+02 +9.2621e-02 +5.5633e-01 +1.4878e-01 +4.2564e-01 -2.6132e-01 +9.4587e-02 +2.8587e-01 +4.9609e-02 -3.9219e-01 -1.6919e-01
6 0 +2.580318083e+02 -7.419681917e+02 -7.419681917e+02 -4.4260e-01 -1.6730e-01 +6.9118e-02 +2.6857e-01 +3.8419e-01 +9.8987e-02 +8.1357e-02 -3.6001e-01 -3.2485e-04 -1.7293e-01
8 0 +2.549615056e+02 -7.450384944e+02 -7.450384944e+02 -1.1456e-01 -1.1924e-01 -1.1843e-01 -1.7041e-01 -1.4522e-01 -8.0407e-02 -8.0891e-02 +1.2557e-01 +2.0107e-02 -2.3958e-01
23 0 +2.508849496e+02 -7.491150504e+02 -7.491150504e+02 -6.4341e-01 -1.8775e-01 -7.4833e-02 +2.3529e-02 -3.0580e-01 +4.8114e-01 -2.9818e-01 +1.6568e-02 +4.1248e-02 -6.4122e-01
25 0 +2.400443609e+02 -7.599556391e+02 -7.599556391e+02 -4.2415e-01 +7.8728e-02 +2.0154e-01 -4.1835e-01 +2.4523e-01 -2.3953e-02 -4.9784e-03 -2.6484e-01 +6.5988e-02 -7.3297e-01
37 0 +2.338482947e+02 -7.661517053e+02 -7.661517053e+02 -2.7226e-01 +1.2758e-01 +3.3761e-01 -2.9966e-01 +1.1025e-01 +4.8114e-01 -1.9313e-01 +2.0985e-01 -4.8027e-02 -5.2775e-01
51 0 +2.015357681e+02 -7.984642319e+02 -7.984642319e+02 -3.5847e-01 -7.6108e-02 +4.9745e-01 -7.1953e-01 +8.7029e-02 +7.7677e-02 -1.1152e-02 +4.7249e-01 -3.6545e-02 -1.4128e-01
80 0 +1.985351143e+02 -8.014648857e+02 -8.014648857e+02 -1.0080e+00 -2.5186e-01 -7.0992e-02 -8.7713e-01 -4.8091e-01 +4.5503e-01 +4.6324e-01 +5.2698e-01 +7.9808e-03 -4.5817e-01
85 0 +1.762596022e+02 -8.237403978e+02 -8.237403978e+02 -8.9727e-01 -4.1045e-01 +6.6626e-01 -1.1609e+00 -4.4776e-01 +2.6029e-01 +6.1786e-01 +9.2134e-01 +4.3732e-01 -2.5524e-01
135 0 +1.731243438e+02 -8.268756562e+02 -8.268756562e+02 -9.7680e-01 -5.4526e-01 +2.1571e-01 -8.7730e-01 -6.2973e-01 -4.8247e-01 +1.0857e-01 +1.1136e+00 +7.1992e-01 -6.9122e-01
173 0 +1.591130482e+02 -8.408869518e+02 -8.408869518e+02 -9.0874e-01 -7.1034e-01 +6.1641e-01 -8.2061e-01 -1.2853e-01 +2.9513e-02 +5.7765e-01 +1.3979e+00 +4.3533e-01 -1.0121e+00
186 0 +1.553971470e+02 -8.446028530e+02 -8.446028530e+02 -8.7078e-01 -8.7887e-01 +6.2741e-01 -8.2997e-01 -3.9938e-01 -3.1548e-01 +8.2235e-01 +1.2314e+00 +4.9594e-01 -7.0455e-01
204 0 +1.483601816e+02 -8.516398184e+02 -8.516398184e+02 -1.1894e+00 -1.1106e+00 +5.0703e-01 -1.1949e+00 -6.3477e-01 -4.4367e-01 +6.3464e-01 +1.4461e+00 +6.3814e-01 -7.2086e-01
211 0 +1.456218395e+02 -8.543781605e+02 -8.543781605e+02 -1.0747e+00 -1.3971e+00 +4.2959e-01 -1.1576e+00 -2.6824e-01 -7.9205e-02 +5.1413e-01 +1.2679e+00 +5.9235e-01 -9.2683e-01
215 0 +1.187306932e+02 -8.812693068e+02 -8.812693068e+02 -1.3231e+00 -1.6493e+00 +8.9347e-01 -1.4614e+00 -6.0435e-01 -3.9270e-01 +6.9822e-01 +2.3193e+00 +7.0995e-01 -1.4337e+00
255 0 +1.128522087e+02 -8.871477913e+02 -8.871477913e+02 -2.0316e+00 -1.7609e+00 +3.8999e-01 -1.4455e+00 +4.0802e-02 -5.2003e-02 +6.9554e-01 +2.4708e+00 +3.9039e-01 -2.0125e+00
266 0 +8.117366746e+01 -9.188263325e+02 -9.188263325e+02 -1.9925e+00 -1.9330e+00 +8.2490e-01 -1.4221e+00 -1.0468e+00 -3.3183e-01 +1.1183e+00 +2.7934e+00 +1.1116e+00 -2.2672e+00
459 0 +7.590996053e+01 -9.240900395e+02 -9.240900395e+02 -4.0918e+00 -3.5165e+00 +1.0267e+00 -2.8805e+00 -1.2284e+00 -2.2280e+00 +9.5665e-01 +2.4573e+00 +1.1485e+00 -3.8217e+00
498 0 +7.352863634e+01 -9.264713637e+02 -9.264713637e+02 -4.5212e+00 -3.8988e+00 +1.0140e+00 -2.4588e+00 -1.8766e+00 -1.9392e+00 +3.4376e-01 +2.5540e+00 +1.3589e+00 -4.1118e+00
502 0 +6.436414471e+01 -9.356358553e+02 -9.356358553e+02 -4.5779e+00 -3.8165e+00 +1.0203e+00 -2.8004e+00 -1.5821e+00 -1.8220e+00 +6.6990e-01 +2.5292e+00 +1.2939e+00 -3.9080e+00
637 0 +5.958535881e+01 -9.404146412e+02 -9.404146412e+02 -4.9746e+00 -4.1303e+00 +1.0332e+00 -2.3630e+00 -1.9106e+00 -1.9489e+00 +9.1954e-01 +2.5572e+00 +9.3019e-01 -4.0106e+00
658 0 +5.148008831e+01 -9.485199117e+02 -9.485199117e+02 -4.8565e+00 -4.0037e+00 +1.0833e+00 -2.3303e+00 -1.9747e+00 -1.8640e+00 +9.4467e-01 +2.5056e+00 +9.7543e-01 -3.9620e+00
687 0 +4.962509103e+01 -9.503749090e+02 -9.503749090e+02 -4.9878e+00 -4.1710e+00 +1.0584e+00 -2.4035e+00 -2.0021e+00 -2.0157e+00 +9.0773e-01 +2.5217e+00 +9.5112e-01 -4.0219e+00
692 0 +4.874688709e+01 -9.512531129e+02 -9.512531129e+02 -5.0129e+00 -4.2216e+00 +1.0790e+00 -2.3808e+00 -2.0013e+00 -2.0369e+00 +9.2304e-01 +2.4843e+00 +9.8147e-01 -4.1096e+00
699 0 +4.246694316e+01 -9.575330568e+02 -9.575330568e+02 -4.9518e+00 -4.1558e+00 +1.0991e+00 -2.3175e+00 -2.0186e+00 -1.9223e+00 +9.0666e-01 +2.5129e+00 +8.9244e-01 -4.0409e+00
721 0 +3.736064216e+01 -9.626393578e+02 -9.626393578e+02 -4.9540e+00 -4.1142e+00 +1.0465e+00 -2.3314e+00 -1.9976e+00 -1.9333e+00 +9.4214e-01 +2.4641e+00 +8.8880e-01 -4.0683e+00
746 0 +3.622704859e+01 -9.637729514e+02 -9.637729514e+02 -4.9436e+00 -4.1011e+00 +1.0440e+00 -2.3394e+00 -1.9929e+00 -1.9171e+00 +9.7176e-01 +2.4650e+00 +9.1227e-01 -4.0427e+00
783 0 +3.541670387e+01 -9.645832961e+02 -9.645832961e+02 -4.9268e+00 -4.0913e+00 +1.0600e+00 -2.3565e+00 -1.9819e+00 -1.9115e+00 +9.8555e-01 +2.4636e+00 +9.2049e-01 -4.0080e+00
795 0 +3.434661418e+01 -9.656533858e+02 -9.656533858e+02 -4.8990e+00 -4.0903e+00 +1.0723e+00 -2.3454e+00 -1.9740e+00 -1.8922e+00 +9.8972e-01 +2.4634e+00 +9.3438e-01 -3.9985e+00
813 0 +3.366555839e+01 -9.663344416e+02 -9.663344416e+02 -4.9096e+00 -4.1025e+00 +1.0671e+00 -2.3559e+00 -1.9742e+00 -1.9015e+00 +9.8755e-01 +2.4567e+00 +9.2311e-01 -4.0148e+00
821 0 +3.305184615e+01 -9.669481538e+02 -9.669481538e+02 -4.8947e+00 -4.1007e+00 +1.0695e+00 -2.3556e+00 -1.9700e+00 -1.9068e+00 +9.9388e-01 +2.4696e+00 +9.2054e-01 -4.0111e+00
891 0 +3.227795235e+01 -9.677220477e+02 -9.677220477e+02 -4.8977e+00 -4.1046e+00 +1.0679e+00 -2.3567e+00 -1.9853e+00 -1.8974e+00 +1.0065e+00 +2.4567e+00 +9.1046e-01 -4.0272e+00
977 0 +3.158938368e+01 -9.684106163e+02 -9.684106163e+02 -4.8860e+00 -4.1019e+00 +1.0826e+00 -2.3621e+00 -1.9793e+00 -1.8908e+00 +1.0124e+00 +2.4511e+00 +9.1264e-01 -4.0294e+00
1000 0 +3.144953030e+01 -9.685504697e+02 -9.685504697e+02 -4.8844e+00 -4.1031e+00 +1.0849e+00 -2.3633e+00 -1.9777e+00 -1.8990e+00 +1.0115e+00 +2.4525e+00 +9.1653e-01 -4.0283e+00
% f evaluations | g evaluations | best noise-free fitness - Fopt (-9.247000000000e+01) + sum g_i+ | measured fitness | best measured fitness or single-digit g-values | x1 | x2...
1 0 +3.312359025e+02 +2.387659025e+02 +2.387659025e+02 -4.0191e-02 -1.0327e-01 +1.8983e-01 +1.9215e-01 +2.4875e-01 -5.6094e-01 +1.4516e-01 -1.6319e-01 +1.5748e-01 -3.5491e-02
6 0 +3.304307417e+02 +2.379607417e+02 +2.379607417e+02 -1.1817e-02 +9.3839e-02 +8.0123e-02 -2.9534e-01 +4.0723e-01 -3.6712e-01 +3.7646e-01 -3.1709e-01 +2.6921e-01 +2.0252e-03
11 0 +3.176950893e+02 +2.252250893e+02 +2.252250893e+02 +3.0373e-01 +1.9720e-01 +6.5873e-02 +2.2732e-01 -7.1661e-02 -6.9003e-02 +5.3305e-01 -7.1639e-01 +5.0542e-01 -2.0745e-01
12 0 +2.490664808e+02 +1.565964808e+02 +1.565964808e+02 -7.2181e-03 -1.1565e-01 +1.0620e+00 -1.6923e-01 +1.1130e-01 +3.4929e-02 +2.6426e-01 -2.4940e-03 -1.6460e-01 +3.8028e-01
26 0 +2.336658568e+02 +1.411958568e+02 +1.411958568e+02 +1.8817e-01 +1.4751e-01 +6.7970e-01 -3.3964e-01 -4.0891e-02 -5.3807e-01 -1.0760e-01 +3.8498e-01 +5.6486e-01 +3.7862e-01
29 0 +2.268752325e+02 +1.344052325e+02 +1.344052325e+02 +6.6530e-02 -6.4750e-02 +8.5818e-01 +4.5228e-01 -1.1763e-01 -5.7907e-01 +5.7239e-01 -2.6766e-01 +5.6791e-01 +1.8728e-01
31 0 +2.124649218e+02 +1.199949218e+02 +1.199949218e+02 +2.7004e-01 +3.8418e-01 +7.6469e-01 +6.7021e-02 -5.4445e-01 -9.2301e-01 +8.6492e-02 +2.6040e-01 +6.6564e-01 +1.9741e-01
52 0 +1.703373891e+02 +7.786738907e+01 +7.786738907e+01 +5.5135e-01 +7.3526e-02 +6.3128e-01 +5.4129e-01 -7.3301e-02 -1.2291e+00 +2.8634e-01 +2.3734e-02 +1.1306e+00 +5.5075e-01
55 0 +1.481991693e+02 +5.572916928e+01 +5.572916928e+01 +9.2324e-01 -8.0835e-01 +1.1886e+00 +4.7850e-01 -3.6194e-01 -8.9834e-01 -3.6717e-02 +3.9735e-02 +1.6634e+00 +7.9138e-01
64 0 +1.399123581e+02 +4.744235809e+01 +4.744235809e+01 +9.2290e-01 -7.0141e-01 +1.2005e+00 +3.6124e-01 -7.6109e-01 -1.2948e+00 +3.0034e-01 +2.8159e-01 +5.0547e-01 +6.1299e-01
71 0 +1.243028603e+02 +3.183286031e+01 +3.183286031e+01 +1.5761e+00 -6.1550e-01 +2.4918e+00 +1.4190e-01 -3.8089e-01 -2.3293e+00 +6.2547e-01 -2.2202e-01 +1.0353e+00 +5.1566e-01
75 0 +1.117029034e+02 +1.923290340e+01 +1.923290340e+01 +1.2264e+00 -1.6988e+00 +2.4849e+00 +7.4955e-01 -7.4225e-01 -2.1662e+00 +8.6377e-02 +6.5870e-01 +1.8695e+00 +1.3956e+00
98 0 +8.220314597e+01 -1.026685403e+01 -1.026685403e+01 +1.3814e+00 -9.9848e-01 +2.3696e+00 -1.1828e-01 -1.7032e+00 -2.8941e+00 -6.1691e-01 +2.0930e+00 +1.7739e+00 +1.9228e+00
181 0 +6.124475898e+01 -3.122524102e+01 -3.122524102e+01 +3.4427e+00 -5.9371e-01 +3.2159e+00 +2.5649e-01 +1.3657e+00 -2.1317e+00 +3.5683e-02 +2.8342e+00 +1.2838e+00 +2.0640e+00
438 0 +5.889749208e+01 -3.357250792e+01 -3.357250792e+01 +2.5395e+00 -6.3316e-01 +1.6715e+00 +5.4593e-01 -4.7322e-01 -3.0629e+00 -7.9375e-01 +2.3556e+00 +8.7872e-01 +2.1111e+00
441 0 +5.712169570e+01 -3.534830430e+01 -3.534830430e+01 +2.5021e+00 -6.6919e-01 +1.8125e+00 +4.9007e-01 -6.1705e-01 -3.1499e+00 -7.3763e-01 +2.1978e+00 +8.2224e-01 +2.1108e+00
459 0 +4.542514746e+01 -4.704485254e+01 -4.704485254e+01 +2.5791e+00 -6.4149e-01 +1.7405e+00 +6.4358e-01 -6.5444e-01 -3.1600e+00 -7.0686e-01 +2.2407e+00 +9.4740e-01 +2.0950e+00
487 0 +4.073889269e+01 -5.173110731e+01 -5.173110731e+01 +2.5045e+00 -7.3477e-01 +1.7987e+00 +6.7563e-01 -5.8964e-01 -3.2196e+00 -7.6600e-01 +2.2169e+00 +9.5477e-01 +2.0681e+00
492 0 +3.637978461e+01 -5.609021539e+01 -5.609021539e+01 +2.5180e+00 -7.1070e-01 +1.7915e+00 +6.4961e-01 -5.9530e-01 -3.1697e+00 -6.7877e-01 +2.3194e+00 +9.2737e-01 +2.0537e+00
508 0 +3.546670598e+01 -5.700329402e+01 -5.700329402e+01 +2.5583e+00 -6.9228e-01 +1.8147e+00 +6.0022e-01 -5.4169e-01 -3.0679e+00 -6.5112e-01 +2.3030e+00 +7.9492e-01 +2.0789e+00
526 0 +3.318373669e+01 -5.928626331e+01 -5.928626331e+01 +2.5891e+00 -7.0822e-01 +1.8095e+00 +6.0838e-01 -5.7938e-01 -3.1208e+00 -6.9197e-01 +2.2875e+00 +8.3304e-01 +2.1081e+00
527 0 +2.977615530e+01 -6.269384470e+01 -6.269384470e+01 +2.5096e+00 -7.0188e-01 +1.7553e+00 +6.4443e-01 -6.2162e-01 -3.0834e+00 -6.6265e-01 +2.3231e+00 +8.1014e-01 +2.0615e+00
539 0 +2.903233596e+01 -6.343766404e+01 -6.343766404e+01 +2.5581e+00 -6.5349e-01 +1.8122e+00 +6.3817e-01 -6.2957e-01 -3.0851e+00 -6.7315e-01 +2.3505e+00 +8.2641e-01 +2.0542e+00
555 0 +2.449332437e+01 -6.797667563e+01 -6.797667563e+01 +2.5702e+00 -7.2278e-01 +1.8382e+00 +6.7098e-01 -6.6706e-01 -3.0882e+00 -6.7902e-01 +2.2867e+00 +8.4096e-01 +2.0858e+00
572 0 +2.380777845e+01 -6.866222155e+01 -6.866222155e+01 +2.5278e+00 -7.0537e-01 +1.8183e+00 +7.0724e-01 -6.6683e-01 -3.0871e+00 -6.3255e-01 +2.3095e+00 +8.0568e-01 +2.0963e+00
591 0 +2.270267026e+01 -6.976732974e+01 -6.976732974e+01 +2.5469e+00 -7.0226e-01 +1.8170e+00 +6.8945e-01 -6.7381e-01 -3.0684e+00 -6.5026e-01 +2.3348e+00 +7.9752e-01 +2.0757e+00
601 0 +2.152324608e+01 -7.094675392e+01 -7.094675392e+01 +2.5422e+00 -6.8520e-01 +1.8389e+00 +7.0708e-01 -6.5947e-01 -3.0704e+00 -6.2846e-01 +2.3124e+00 +8.2880e-01 +2.0595e+00
614 0 +2.124174218e+01 -7.122825782e+01 -7.122825782e+01 +2.5530e+00 -7.0942e-01 +1.8405e+00 +6.8853e-01 -6.4800e-01 -3.0947e+00 -6.2748e-01 +2.2937e+00 +8.1011e-01 +2.0591e+00
626 0 +2.086724460e+01 -7.160275540e+01 -7.160275540e+01 +2.5519e+00 -6.8569e-01 +1.8121e+00 +7.0970e-01 -6.5307e-01 -3.0937e+00 -6.1729e-01 +2.2878e+00 +8.0808e-01 +2.0648e+00
634 0 +2.012622424e+01 -7.234377576e+01 -7.234377576e+01 +2.5527e+00 -6.9700e-01 +1.8127e+00 +7.1434e-01 -6.5883e-01 -3.0880e+00 -6.4694e-01 +2.2865e+00 +8.1784e-01 +2.0442e+00
636 0 +1.964581389e+01 -7.282418611e+01 -7.282418611e+01 +2.5559e+00 -6.9805e-01 +1.8156e+00 +6.8903e-01 -6.6256e-01 -3.1107e+00 -6.3534e-01 +2.2805e+00 +8.0815e-01 +2.0576e+00
674 0 +1.932659404e+01 -7.314340596e+01 -7.314340596e+01 +2.5559e+00 -6.8802e-01 +1.8135e+00 +6.9038e-01 -6.6264e-01 -3.1054e+00 -6.2514e-01 +2.2726e+00 +7.9745e-01 +2.0625e+00
682 0 +1.880110707e+01 -7.366889293e+01 -7.366889293e+01 +2.5609e+00 -6.7569e-01 +1.8174e+00 +6.9180e-01 -6.6411e-01 -3.0957e+00 -6.4260e-01 +2.2804e+00 +7.9148e-01 +2.0477e+00
684 0 +1.846735300e+01 -7.400264700e+01 -7.400264700e+01 +2.5572e+00 -6.8332e-01 +1.8289e+00 +6.9054e-01 -6.7078e-01 -3.1104e+00 -6.3415e-01 +2.2727e+00 +7.9368e-01 +2.0523e+00
698 0 +1.802923159e+01 -7.444076841e+01 -7.444076841e+01 +2.5700e+00 -6.8633e-01 +1.8225e+00 +6.9715e-01 -6.6896e-01 -3.1104e+00 -6.2766e-01 +2.2743e+00 +7.9334e-01 +2.0483e+00
717 0 +1.773767005e+01 -7.473232995e+01 -7.473232995e+01 +2.5693e+00 -6.8308e-01 +1.8219e+00 +6.9387e-01 -6.6952e-01 -3.1097e+00 -6.2587e-01 +2.2766e+00 +7.8428e-01 +2.0427e+00
742 0 +1.731600662e+01 -7.515399338e+01 -7.515399338e+01 +2.5745e+00 -6.8056e-01 +1.8262e+00 +7.0082e-01 -6.7396e-01 -3.1089e+00 -6.1523e-01 +2.2698e+00 +7.8083e-01 +2.0338e+00
778 0 +1.695491303e+01 -7.551508697e+01 -7.551508697e+01 +2.5676e+00 -6.7480e-01 +1.8344e+00 +7.0180e-01 -6.7625e-01 -3.1013e+00 -6.0174e-01 +2.2682e+00 +7.7181e-01 +2.0161e+00
808 0 +1.655855289e+01 -7.591144711e+01 -7.591144711e+01 +2.5713e+00 -6.7071e-01 +1.8398e+00 +7.0201e-01 -6.8260e-01 -3.1061e+00 -6.0331e-01 +2.2716e+00 +7.7776e-01 +2.0086e+00
850 0 +1.617382377e+01 -7.629617623e+01 -7.629617623e+01 +2.5735e+00 -6.6542e-01 +1.8479e+00 +7.1028e-01 -6.7919e-01 -3.0983e+00 -5.9082e-01 +2.2794e+00 +7.7085e-01 +2.0051e+00
893 0 +1.583948797e+01 -7.663051203e+01 -7.663051203e+01 +2.5732e+00 -6.6401e-01 +1.8531e+00 +7.1029e-01 -6.8358e-01 -3.0998e+00 -5.9046e-01 +2.2760e+00 +7.6123e-01 +1.9964e+00
944 0 +1.543991527e+01 -7.703008473e+01 -7.703008473e+01 +2.5808e+00 -6.5609e-01 +1.8612e+00 +7.0167e-01 -6.8347e-01 -3.0876e+00 -5.8343e-01 +2.2846e+00 +7.4947e-01 +1.9888e+00
986 0 +1.507794013e+01 -7.739205987e+01 -7.739205987e+01 +2.5723e+00 -6.4941e-01 +1.8787e+00 +7.0048e-01 -6.8187e-01 -3.0726e+00 -5.7142e-01 +2.2953e+00 +7.4703e-01 +1.9818e+00
1000 0 +1.495095583e+01 -7.751904417e+01 -7.751904417e+01 +2.5729e+00 -6.4665e-01 +1.8819e+00 +6.9961e-01 -6.8478e-01 -3.0702e+00 -5.7023e-01 +2.2989e+00 +7.3951e-01 +1.9743e+00
% f evaluations | g evaluations | best noise-free fitness - Fopt (-2.153000000000e+02) + sum g_i+ | measured fitness | best measured fitness or single-digit g-values | x1 | x2...
1 0 +5.080730982e+02 +2.927730982e+02 +2.927730982e+02 +4.1172e-01 -2.0701e-01 +5.1910e-01 -9.5917e-02 -2.1305e-01 -5.0877e-01 +3.8470e-01 +4.0961e-01 -2.0269e-01 -3.8083e-01
2 0 +4.466118100e+02 +2.313118100e+02 +2.313118100e+02 -2.3749e-01 -6.4228e-02 -1.4207e-01 -4.2933e-01 -1.1077e-01 +6.8781e-02 -1.6960e-01 -2.0284e-01 +6.4435e-01 -6.6945e-01
3 0 +3.662406150e+02 +1.509406150e+02 +1.509406150e+02 -3.8839e-01 +3.2324e-01 -1.9754e-01 +1.0602e-01 +5.2983e-01 -6.9731e-02 -6.0286e-01 -5.0240e-01 -6.3085e-02 +3.3394e-01
12 0 +3.444745393e+02 +1.291745393e+02 +1.291745393e+02 -2.4055e-01 +7.9467e-01 -4.6012e-01 +7.2085e-01 +5.3380e-01 -1.9199e-01 -3.8354e-01 -4.1028e-01 +1.2261e-01 -3.1067e-01
16 0 +2.901849540e+02 +7.488495398e+01 +7.488495398e+01 -1.5823e-01 +6.1358e-01 -2.8880e-01 +1.5446e-02 +5.3618e-01 -1.1239e+00 -1.2815e-01 -3.2854e-02 +2.4693e-01 -9.0031e-02
24 0 +2.651874640e+02 +4.988746396e+01 +4.988746396e+01 -1.2448e-01 +6.7329e-02 -8.0805e-01 -1.7920e-01 +9.0564e-01 -7.4889e-01 -2.9639e-01 -2.2396e-01 -1.0172e-01 +2.6622e-01
32 0 +2.546100748e+02 +3.931007480e+01 +3.931007480e+01 -1.7775e-01 +6.8343e-03 -7.7464e-01 -1.5311e-01 +1.4299e+00 -1.2752e+00 -3.7801e-01 -5.8027e-01 -9.2502e-02 -1.5472e-01
34 0 +2.269995202e+02 +1.169952024e+01 +1.169952024e+01 -4.2251e-01 +9.6742e-02 -4.2952e-01 -2.2656e-02 +6.9902e-01 -1.4688e+00 -3.4019e-01 -7.8202e-02 -1.3162e-01 +1.4919e-02
40 0 +2.093601160e+02 -5.939884000e+00 -5.939884000e+00 +2.1370e-02 +8.0435e-02 -2.3347e-01 -3.2782e-01 +1.3499e+00 -1.2718e+00 -8.5032e-02 -3.8775e-01 +7.6060e-03 +9.1462e-04
41 0 +2.053906443e+02 -9.909355681e+00 -9.909355681e+00 -4.2650e-01 -3.9732e-01 -1.2268e-01 -8.0192e-02 +1.7939e+00 -1.4762e+00 +2.8546e-02 -8.9359e-01 -2.8430e-01 -3.1042e-02
53 0 +1.858361546e+02 -2.946384536e+01 -2.946384536e+01 -6.2211e-01 -6.0431e-01 -9.6474e-01 -5.2588e-02 +2.2715e+00 -1.9968e+00 +2.9567e-01 -5.3104e-01 -4.2135e-01 -2.3149e-01
54 0 +1.596918318e+02 -5.560816820e+01 -5.560816820e+01 -4.1587e-01 +1.3429e-01 -8.5145e-02 -5.8989e-03 +1.8559e+00 -2.0800e+00 -8.9468e-01 -4.5487e-01 +5.7287e-01 +7.1871e-01
61 0 +1.396212806e+02 -7.567871937e+01 -7.567871937e+01 -1.9199e+00 -6.1693e-01 -6.8035e-01 +6.5692e-02 +2.8601e+00 -2.6559e+00 -5.0835e-01 -4.7539e-01 -4.6412e-01 +7.5226e-01
80 0 +1.271055506e+02 -8.819444938e+01 -8.819444938e+01 -2.2425e+00 +6.4856e-01 -1.6055e-01 +2.1609e-01 +1.6925e+00 -2.2017e+00 -4.8184e-01 -8.4501e-01 -3.5842e-01 +8.8165e-01
98 0 +1.090814697e+02 -1.062185303e+02 -1.062185303e+02 -1.5250e+00 -1.3769e-02 -1.6874e+00 -7.1568e-01 +3.2049e+00 -2.0906e+00 -1.9114e+00 -1.0198e-01 +3.3836e-01 +2.1091e+00
150 0 +9.703750601e+01 -1.182624940e+02 -1.182624940e+02 -2.8656e+00 +2.4076e+00 -1.8850e+00 -1.4112e+00 +2.8750e+00 -3.7632e+00 -2.4921e+00 +4.3635e-01 +4.0442e-01 +1.3967e+00
208 0 +8.318927125e+01 -1.321107287e+02 -1.321107287e+02 -3.5431e+00 +1.9715e+00 -1.8359e-01 -2.4214e+00 +1.3974e+00 -2.6604e+00 -1.5338e+00 +1.2554e+00 +6.8632e-01 +8.3966e-01
262 0 +6.169134447e+01 -1.536086555e+02 -1.536086555e+02 -3.8990e+00 +2.9717e+00 +2.3231e-01 -1.3880e+00 +1.4125e+00 -3.4225e+00 -2.0458e+00 +2.2033e+00 +9.5531e-01 +9.7747e-01
604 0 +5.700329448e+01 -1.582967055e+02 -1.582967055e+02 -4.5136e+00 +4.0202e+00 -1.0225e+00 -1.7384e+00 +1.8116e+00 -2.5119e+00 -1.6485e+00 +3.3741e+00 +4.3600e-01 -4.2010e-01
617 0 +5.457436670e+01 -1.607256333e+02 -1.607256333e+02 -4.6509e+00 +4.1529e+00 -9.8723e-01 -1.7474e+00 +1.7952e+00 -2.5198e+00 -1.6798e+00 +3.5341e+00 +4.8657e-01 -5.0059e-01
622 0 +5.239963166e+01 -1.629003683e+02 -1.629003683e+02 -4.5022e+00 +4.0877e+00 -1.0152e+00 -1.7449e+00 +1.7688e+00 -2.5455e+00 -1.6208e+00 +3.4870e+00 +4.4276e-01 -4.7815e-01
625 0 +4.817030671e+01 -1.671296933e+02 -1.671296933e+02 -4.6082e+00 +4.0816e+00 -1.0103e+00 -1.7710e+00 +1.8177e+00 -2.5263e+00 -1.6201e+00 +3.5310e+00 +4.8696e-01 -4.5413e-01
634 0 +4.743011921e+01 -1.678698808e+02 -1.678698808e+02 -4.5670e+00 +4.0895e+00 -9.9189e-01 -1.7321e+00 +1.7678e+00 -2.5550e+00 -1.5763e+00 +3.4895e+00 +4.6428e-01 -4.3266e-01
665 0 +4.509484675e+01 -1.702051532e+02 -1.702051532e+02 -4.6063e+00 +4.1529e+00 -1.0553e+00 -1.7374e+00 +1.7306e+00 -2.6134e+00 -1.5451e+00 +3.5567e+00 +4.7224e-01 -4.4083e-01
698 0 +4.349198853e+01 -1.718080115e+02 -1.718080115e+02 -4.6144e+00 +4.1067e+00 -1.0503e+00 -1.7083e+00 +1.7666e+00 -2.5818e+00 -1.5801e+00 +3.5199e+00 +4.8783e-01 -4.2382e-01
721 0 +4.159997909e+01 -1.737000209e+02 -1.737000209e+02 -4.6268e+00 +4.1199e+00 -1.0479e+00 -1.7123e+00 +1.7698e+00 -2.5882e+00 -1.5557e+00 +3.5395e+00 +4.7138e-01 -4.0098e-01
785 0 +4.043627162e+01 -1.748637284e+02 -1.748637284e+02 -4.6268e+00 +4.1103e+00 -1.0358e+00 -1.7076e+00 +1.7490e+00 -2.5676e+00 -1.5432e+00 +3.5790e+00 +4.7118e-01 -4.2079e-01
805 0 +3.967269876e+01 -1.756273012e+02 -1.756273012e+02 -4.6368e+00 +4.1256e+00 -1.0256e+00 -1.7185e+00 +1.7458e+00 -2.5735e+00 -1.5274e+00 +3.6096e+00 +4.7933e-01 -4.2210e-01
840 0 +3.871831897e+01 -1.765816810e+02 -1.765816810e+02 -4.6494e+00 +4.1279e+00 -1.0336e+00 -1.7104e+00 +1.7388e+00 -2.5800e+00 -1.5190e+00 +3.6145e+00 +4.6964e-01 -4.2962e-01
858 0 +3.787365877e+01 -1.774263412e+02 -1.774263412e+02 -4.6608e+00 +4.1398e+00 -1.0373e+00 -1.7098e+00 +1.7310e+00 -2.5856e+00 -1.5130e+00 +3.6365e+00 +4.7750e-01 -4.4214e-01
893 0 +3.682283387e+01 -1.784771661e+02 -1.784771661e+02 -4.6713e+00 +4.1557e+00 -1.0345e+00 -1.7057e+00 +1.7104e+00 -2.5936e+00 -1.4940e+00 +3.6855e+00 +4.7557e-01 -4.5013e-01
896 0 +3.626441226e+01 -1.790355877e+02 -1.790355877e+02 -4.6674e+00 +4.1545e+00 -1.0163e+00 -1.6944e+00 +1.7022e+00 -2.5936e+00 -1.4998e+00 +3.6764e+00 +4.8632e-01 -4.4834e-01
955 0 +3.509674434e+01 -1.802032557e+02 -1.802032557e+02 -4.6776e+00 +4.1664e+00 -1.0120e+00 -1.6761e+00 +1.7117e+00 -2.5862e+00 -1.4862e+00 +3.6851e+00 +4.7279e-01 -4.4138e-01
980 0 +3.453997858e+01 -1.807600214e+02 -1.807600214e+02 -4.6841e+00 +4.1879e+00 -1.0229e+00 -1.6667e+00 +1.7119e+00 -2.5931e+00 -1.4838e+00 +3.6963e+00 +4.7003e-01 -4.4368e-01
1000 0 +3.447603095e+01 -1.808239690e+02 -1.808239690e+02 -4.6814e+00 +4.1885e+00 -1.0208e+00 -1.6639e+00 +1.7081e+00 -2.5997e+00 -1.4880e+00 +3.6859e+00 +4.6659e-01 -4.4389e-01
% f evaluations | g evaluations | best noise-free fitness - Fopt (-5.449000000000e+01) + sum g_i+ | measured fitness | best measured fitness or single-digit g-values | x1 | x2...
1 0 +2.255566734e+02 +1.710666734e+02 +1.710666734e+02 -2.0825e-01 -2.3931e-01 +1.3043e-01 -2.1149e-01 -3.6450e-01 +3.3842e-01 -2.2804e-01 +9.3820e-02 -9.4335e-01 +2.9590e-01
2 0 +1.971745414e+02 +1.426845414e+02 +1.426845414e+02 +5.6645e-01 +6.6969e-02 +1.3251e-01 -6.2169e-02 +1.4424e-01 -3.8023e-01 -3.0084e-01 -2.9135e-01 -1.0518e-01 -2.9555e-02
18 0 +1.636269820e+02 +1.091369820e+02 +1.091369820e+02 +3.5276e-01 -3.4577e-01 -1.4866e-01 -5.1002e-01 -2.7886e-01 -9.1534e-02 -5.0092e-01 -2.1568e-01 -3.0391e-01 +5.2170e-01
25 0 +1.389401262e+02 +8.445012616e+01 +8.445012616e+01 +9.0311e-01 -5.7710e-01 -4.2372e-01 -4.4232e-01 -6.0415e-01 -2.1305e-01 -1.1968e-01 -3.9285e-01 -2.8857e-01 -2.5798e-01
33 0 +1.375284511e+02 +8.303845106e+01 +8.303845106e+01 +1.1138e+00 -1.8597e-01 -1.8743e-01 -6.7628e-01 -8.5550e-02 +8.6255e-02 -4.1676e-01 +3.9907e-02 -3.3496e-01 -1.9393e-01
35 0 +1.302310143e+02 +7.574101433e+01 +7.574101433e+01 +6.6707e-01 -3.3116e-01 -2.7440e-01 -7.7675e-01 -6.0741e-01 +2.6178e-02 -4.9809e-01 -1.3856e-01 -9.9639e-02 -2.1070e-01
59 0 +1.232309020e+02 +6.874090195e+01 +6.874090195e+01 +1.3164e+00 -2.3404e-01 -5.9854e-02 -1.1046e+00 -4.9258e-01 +1.4458e-01 -8.6829e-01 -3.0008e-01 -6.2016e-01 +4.7744e-01
63 0 +1.066889244e+02 +5.219892444e+01 +5.219892444e+01 +1.2321e+00 -7.2229e-01 -2.7709e-01 -1.3819e+00 -6.8903e-01 +3.7369e-01 -1.0465e+00 +1.7713e-01 -6.0639e-01 +5.7596e-01
75 0 +1.007937559e+02 +4.630375587e+01 +4.630375587e+01 +1.2351e+00 -5.7530e-01 -6.2858e-01 -2.0179e+00 -9.0237e-01 -4.2717e-02 -9.6054e-01 +1.6251e-01 -3.1866e-01 +3.4035e-02
95 0 +9.439601840e+01 +3.990601840e+01 +3.990601840e+01 +1.7028e+00 -3.2680e-01 -2.8729e-01 -2.4398e+00 -6.5453e-01 +1.7789e-01 -1.8030e+00 -6.3779e-02 -5.2421e-01 -3.3404e-01
136 0 +8.856631340e+01 +3.407631340e+01 +3.407631340e+01 +2.0789e+00 -9.5991e-02 +2.4419e-01 -2.7886e+00 -2.3124e+00 -6.2033e-01 -1.9282e+00 -6.3084e-01 -9.1850e-01 -7.8520e-01
144 0 +8.114480459e+01 +2.665480459e+01 +2.665480459e+01 +2.2166e+00 -1.0013e+00 +8.3675e-01 -2.4802e+00 -1.9499e+00 -1.0345e+00 -1.4716e+00 -2.0111e-01 -9.0297e-01 -1.1058e+00
313 0 +7.812709020e+01 +2.363709020e+01 +2.363709020e+01 +1.8990e+00 -7.2014e-01 +2.6621e-01 -2.9944e+00 -2.1559e+00 -8.6422e-01 -2.4841e+00 -1.1524e-01 -1.1152e+00 -1.1950e+00
367 0 +7.138237066e+01 +1.689237066e+01 +1.689237066e+01 +2.3949e+00 -7.4432e-01 -1.9880e-03 -2.6659e+00 -2.1561e+00 -9.9952e-01 -2.0111e+00 -3.9084e-01 -6.0147e-01 -7.7574e-01
382 0 +6.615366975e+01 +1.166366975e+01 +1.166366975e+01 +2.4093e+00 -5.4196e-01 +3.5555e-01 -2.9074e+00 -2.0436e+00 -1.0573e+00 -1.9209e+00 -4.0871e-01 -1.0702e+00 -1.1325e+00
415 0 +6.361241465e+01 +9.122414651e+00 +9.122414651e+00 +2.5124e+00 -6.1134e-01 +2.0122e-01 -2.9266e+00 -2.1093e+00 -9.2578e-01 -1.7508e+00 -3.7742e-01 -9.1183e-01 -1.1177e+00
426 0 +5.875909734e+01 +4.269097343e+00 +4.269097343e+00 +2.7163e+00 -5.5429e-01 +1.8252e-01 -2.9550e+00 -2.3327e+00 -1.0684e+00 -1.8027e+00 -4.9154e-01 -9.4472e-01 -1.1861e+00
433 0 +5.000788396e+01 -4.482116043e+00 -4.482116043e+00 +2.7768e+00 -5.3051e-01 +2.5763e-01 -2.9942e+00 -2.1987e+00 -1.0544e+00 -1.7979e+00 -6.3950e-01 -9.1435e-01 -1.1236e+00
452 0 +2.893495278e+01 -2.555504722e+01 -2.555504722e+01 +2.7315e+00 -4.2342e-01 +3.1589e-01 -3.0198e+00 -2.1651e+00 -9.7713e-01 -1.7551e+00 -6.1995e-01 -9.0757e-01 -1.2639e+00
565 0 +2.847065290e+01 -2.601934710e+01 -2.601934710e+01 +2.8113e+00 -4.9570e-01 +3.1721e-01 -2.9527e+00 -2.1381e+00 -8.9754e-01 -1.7855e+00 -4.9414e-01 -7.2168e-01 -1.2527e+00
577 0 +2.781245932e+01 -2.667754068e+01 -2.667754068e+01 +2.8008e+00 -4.5987e-01 +3.0028e-01 -2.9423e+00 -2.1111e+00 -8.3618e-01 -1.7772e+00 -5.2275e-01 -7.1625e-01 -1.1846e+00
580 0 +2.625236453e+01 -2.823763547e+01 -2.823763547e+01 +2.8018e+00 -5.1057e-01 +3.0481e-01 -2.9931e+00 -2.1129e+00 -8.6857e-01 -1.7592e+00 -5.2028e-01 -7.2025e-01 -1.2325e+00
582 0 +2.541279165e+01 -2.907720835e+01 -2.907720835e+01 +2.7980e+00 -4.9192e-01 +3.1074e-01 -2.9981e+00 -2.0903e+00 -8.2268e-01 -1.7061e+00 -5.1641e-01 -7.6132e-01 -1.2461e+00
603 0 +2.430413211e+01 -3.018586789e+01 -3.018586789e+01 +2.8204e+00 -4.6253e-01 +3.0015e-01 -2.9822e+00 -2.1219e+00 -8.5316e-01 -1.6846e+00 -5.2101e-01 -7.7972e-01 -1.2619e+00
614 0 +2.323967402e+01 -3.125032598e+01 -3.125032598e+01 +2.7931e+00 -4.7483e-01 +2.7640e-01 -2.9840e+00 -2.1369e+00 -8.5784e-01 -1.7126e+00 -4.9524e-01 -7.6121e-01 -1.2375e+00
629 0 +2.275262509e+01 -3.173737491e+01 -3.173737491e+01 +2.7845e+00 -4.6124e-01 +2.8243e-01 -2.9905e+00 -2.1548e+00 -8.6000e-01 -1.7280e+00 -5.2513e-01 -7.7077e-01 -1.2528e+00
693 0 +2.232861838e+01 -3.216138162e+01 -3.216138162e+01 +2.7777e+00 -4.6286e-01 +2.9343e-01 -2.9687e+00 -2.1611e+00 -8.8165e-01 -1.7497e+00 -5.2123e-01 -7.8124e-01 -1.2375e+00
777 0 +2.187647472e+01 -3.261352528e+01 -3.261352528e+01 +2.7819e+00 -4.7443e-01 +2.8433e-01 -2.9762e+00 -2.1545e+00 -8.7165e-01 -1.7415e+00 -5.3342e-01 -7.7973e-01 -1.2303e+00
947 0 +2.137478337e+01 -3.311521663e+01 -3.311521663e+01 +2.7647e+00 -4.8097e-01 +2.7395e-01 -2.9885e+00 -2.1593e+00 -8.7244e-01 -1.7346e+00 -5.2825e-01 -7.8736e-01 -1.2311e+00
1000 0 +2.127527828e+01 -3.321472172e+01 -3.321472172e+01 +2.7562e+00 -4.8220e-01 +2.7199e-01 -2.9908e+00 -2.1612e+00 -8.7322e-01 -1.7310e+00 -5.2536e-01 -7.8979e-01 -1.2313e+00
% f evaluations | g evaluations | best noise-free fitness - Fopt (5.049000000000e+01) + sum g_i+ | measured fitness | best measured fitness or single-digit g-values | x1 | x2...
1 0 +2.636539615e+02 +3.141439615e+02 +3.141439615e+02 -2.3319e-01 -2.1481e-01 -5.9637e-01 +1.8351e-01 -3.6729e-02 -5.0160e-01 +5.5597e-01 -5.0311e-03 -3.3944e-01 +7.8204e-01
2 0 +2.310013417e+02 +2.814913417e+02 +2.814913417e+02 +1.2661e-01 -2.8397e-02 +1.0616e-01 -6.1322e-02 -3.2430e-02 +6.9261e-02 -1.3269e-01 -6.9808e-02 -1.7326e-01 +1.4262e-01
8 0 +2.264870594e+02 +2.769770594e+02 +2.769770594e+02 +2.8251e-01 -2.0876e-01 +6.9397e-02 +6.4018e-01 -2.0693e-01 -3.4263e-01 +1.7880e-02 +4.6308e-01 -1.8770e-01 +1.3258e-01
13 0 +1.940974506e+02 +2.445874506e+02 +2.445874506e+02 +5.9312e-01 +9.9000e-02 +2.6513e-01 +1.3450e-01 +1.8732e-01 -2.6191e-02 -6.8103e-02 +7.3258e-01 -4.2148e-02 +3.1478e-01
25 0 +1.740233780e+02 +2.245133780e+02 +2.245133780e+02 +5.0412e-01 +5.9437e-01 +2.8319e-03 +1.2335e-01 +2.4432e-01 -2.4293e-01 +2.7084e-03 +6.8312e-01 -3.1947e-02 +3.7648e-01
35 0 +1.714058690e+02 +2.218958690e+02 +2.218958690e+02 +6.1460e-01 +6.7946e-01 -4.2469e-02 +2.8988e-01 +8.0935e-02 -2.0352e-01 +1.4136e-02 -5.2150e-02 -2.1835e-01 +3.1431e-01
40 0 +1.604897592e+02 +2.109797592e+02 +2.109797592e+02 +7.1767e-01 +4.7295e-01 +9.7244e-02 -2.4776e-01 +6.7682e-01 -1.9427e-01 -1.4493e-01 +6.4037e-01 -5.8700e-01 +3.5764e-01
55 0 +1.330577866e+02 +1.835477866e+02 +1.835477866e+02 +1.0053e+00 +9.9601e-01 +3.0013e-01 +1.3911e-01 +8.0747e-01 -1.9372e-01 -4.0366e-01 +5.7889e-01 -3.6556e-01 +2.0722e-01
114 0 +1.161741765e+02 +1.666641765e+02 +1.666641765e+02 +1.6371e+00 +1.2899e+00 +1.4361e+00 +2.0221e-01 +2.1298e+00 -9.0186e-01 -2.3321e-01 +2.6038e-01 -1.9208e-01 +9.9813e-01
142 0 +1.027449782e+02 +1.532349782e+02 +1.532349782e+02 +2.0210e+00 +1.4522e+00 +1.7621e+00 -2.3297e-01 +2.6712e+00 -1.0263e+00 +2.1350e-01 +8.0058e-01 -1.0131e+00 +1.8386e+00
144 0 +9.266078969e+01 +1.431507897e+02 +1.431507897e+02 +2.4592e+00 +1.7897e+00 +1.3594e+00 +9.8303e-01 +2.5190e+00 -1.1692e+00 -5.0866e-01 +5.1832e-01 -4.3647e-01 +9.5021e-01
150 0 +8.907154036e+01 +1.395615404e+02 +1.395615404e+02 +1.6269e+00 +3.9856e-01 +2.0305e+00 -8.4409e-02 +3.0604e+00 -1.0423e+00 -2.9151e-01 +5.7921e-01 -5.3803e-01 +8.9990e-01
180 0 +6.671027628e+01 +1.172002763e+02 +1.172002763e+02 +3.3214e+00 +9.7887e-01 +1.2175e+00 +1.2734e-01 +3.6343e+00 -1.0805e+00 +2.1260e-01 -3.7269e-01 -1.5903e+00 +1.2999e+00
219 0 +6.542078352e+01 +1.159107835e+02 +1.159107835e+02 +3.1377e+00 +8.4623e-01 +2.2833e+00 +5.4091e-01 +3.1473e+00 -1.1661e+00 +2.3531e-01 +1.5863e-01 -1.7180e+00 +1.0669e+00
568 0 +6.412619777e+01 +1.146161978e+02 +1.146161978e+02 +3.4347e+00 -4.8658e-01 +2.5970e+00 +3.6274e-01 +3.5461e+00 -1.0475e+00 +1.0244e+00 -2.7236e-01 -1.6828e+00 +1.7793e+00
605 0 +5.910693871e+01 +1.095969387e+02 +1.095969387e+02 +3.3078e+00 -4.0571e-01 +2.5549e+00 +5.0408e-01 +3.2586e+00 -8.7748e-01 +1.2375e+00 -4.8587e-01 -1.8593e+00 +1.6210e+00
624 0 +5.851712454e+01 +1.090071245e+02 +1.090071245e+02 +2.9023e+00 -3.8421e-01 +2.6276e+00 +5.3754e-01 +3.1838e+00 -9.6706e-01 +1.2728e+00 -6.7854e-01 -1.6881e+00 +1.5494e+00
633 0 +4.475028764e+01 +9.524028764e+01 +9.524028764e+01 +3.2752e+00 -3.7300e-01 +2.5473e+00 +4.4921e-01 +3.1000e+00 -9.4670e-01 +1.1845e+00 -4.0000e-01 -1.9918e+00 +1.4227e+00
701 0 +4.188784507e+01 +9.237784507e+01 +9.237784507e+01 +3.1793e+00 -3.4321e-01 +2.5704e+00 +4.7550e-01 +3.1407e+00 -9.7053e-01 +1.2047e+00 -4.1583e-01 -1.8552e+00 +1.4493e+00
710 0 +3.846975232e+01 +8.895975232e+01 +8.895975232e+01 +3.2625e+00 -3.4608e-01 +2.5329e+00 +4.0101e-01 +3.1654e+00 -9.1679e-01 +1.1406e+00 -3.7676e-01 -1.8428e+00 +1.4537e+00
713 0 +3.631178134e+01 +8.680178134e+01 +8.680178134e+01 +3.2486e+00 -3.0165e-01 +2.5904e+00 +4.8997e-01 +3.1854e+00 -1.0031e+00 +1.1518e+00 -4.2096e-01 -1.8785e+00 +1.5266e+00
716 0 +3.327897302e+01 +8.376897302e+01 +8.376897302e+01 +3.2826e+00 -3.4396e-01 +2.5842e+00 +4.2490e-01 +3.1738e+00 -1.0114e+00 +1.1690e+00 -4.2708e-01 -1.8461e+00 +1.4814e+00
734 0 +3.286702732e+01 +8.335702732e+01 +8.335702732e+01 +3.2896e+00 -2.9012e-01 +2.5748e+00 +4.5215e-01 +3.1150e+00 -1.0268e+00 +1.1659e+00 -3.9678e-01 -1.8551e+00 +1.5023e+00
749 0 +2.861236191e+01 +7.910236191e+01 +7.910236191e+01 +3.1996e+00 -2.9732e-01 +2.5588e+00 +4.3981e-01 +3.1086e+00 -1.0181e+00 +1.1522e+00 -3.8325e-01 -1.8683e+00 +1.4910e+00
760 0 +2.607717483e+01 +7.656717483e+01 +7.656717483e+01 +3.2590e+00 -3.1174e-01 +2.5674e+00 +4.4425e-01 +3.1213e+00 -1.0055e+00 +1.1183e+00 -3.6746e-01 -1.8522e+00 +1.4882e+00
775 0 +2.563841065e+01 +7.612841065e+01 +7.612841065e+01 +3.2232e+00 -3.1500e-01 +2.5650e+00 +4.2354e-01 +3.1458e+00 -1.0317e+00 +1.1195e+00 -3.5891e-01 -1.8647e+00 +1.4663e+00
787 0 +2.486551851e+01 +7.535551851e+01 +7.535551851e+01 +3.2424e+00 -3.4515e-01 +2.5583e+00 +4.4959e-01 +3.0943e+00 -1.0346e+00 +1.1226e+00 -3.7241e-01 -1.8766e+00 +1.4792e+00
791 0 +2.375577276e+01 +7.424577276e+01 +7.424577276e+01 +3.2763e+00 -3.4691e-01 +2.5442e+00 +4.3763e-01 +3.1262e+00 -1.0239e+00 +1.0875e+00 -3.5990e-01 -1.8823e+00 +1.4678e+00
801 0 +2.293398127e+01 +7.342398127e+01 +7.342398127e+01 +3.2326e+00 -3.3233e-01 +2.5543e+00 +4.4214e-01 +3.1197e+00 -1.0416e+00 +1.0896e+00 -3.6685e-01 -1.8788e+00 +1.4663e+00
810 0 +2.283817561e+01 +7.332817561e+01 +7.332817561e+01 +3.2510e+00 -3.4012e-01 +2.5359e+00 +4.2951e-01 +3.1236e+00 -1.0191e+00 +1.0849e+00 -3.5326e-01 -1.8791e+00 +1.4828e+00
817 0 +2.176972734e+01 +7.225972734e+01 +7.225972734e+01 +3.2285e+00 -3.4125e-01 +2.5637e+00 +4.4233e-01 +3.1137e+00 -1.0367e+00 +1.0697e+00 -3.6216e-01 -1.8996e+00 +1.4700e+00
823 0 +2.134568884e+01 +7.183568884e+01 +7.183568884e+01 +3.2459e+00 -3.4591e-01 +2.5637e+00 +4.0800e-01 +3.1203e+00 -1.0254e+00 +1.0849e+00 -3.2436e-01 -1.8979e+00 +1.4712e+00
833 0 +2.029721217e+01 +7.078721217e+01 +7.078721217e+01 +3.2539e+00 -3.4031e-01 +2.5666e+00 +4.1600e-01 +3.1008e+00 -1.0382e+00 +1.0567e+00 -3.3259e-01 -1.8919e+00 +1.4683e+00
859 0 +1.994855018e+01 +7.043855018e+01 +7.043855018e+01 +3.2535e+00 -3.5360e-01 +2.5747e+00 +4.0735e-01 +3.1169e+00 -1.0411e+00 +1.0590e+00 -3.2198e-01 -1.8871e+00 +1.4645e+00
866 0 +1.903857064e+01 +6.952857064e+01 +6.952857064e+01 +3.2242e+00 -3.5451e-01 +2.5773e+00 +4.0080e-01 +3.0996e+00 -1.0434e+00 +1.0470e+00 -3.2528e-01 -1.8745e+00 +1.4656e+00
905 0 +1.862064868e+01 +6.911064868e+01 +6.911064868e+01 +3.2372e+00 -3.5223e-01 +2.5751e+00 +4.1930e-01 +3.1158e+00 -1.0407e+00 +1.0419e+00 -3.1747e-01 -1.8887e+00 +1.4726e+00
911 0 +1.818161907e+01 +6.867161907e+01 +6.867161907e+01 +3.2327e+00 -3.5076e-01 +2.5654e+00 +4.1861e-01 +3.1086e+00 -1.0465e+00 +1.0351e+00 -3.0945e-01 -1.8893e+00 +1.4734e+00
951 0 +1.771565506e+01 +6.820565506e+01 +6.820565506e+01 +3.2174e+00 -3.4906e-01 +2.5591e+00 +4.1564e-01 +3.1090e+00 -1.0337e+00 +1.0148e+00 -3.0423e-01 -1.8927e+00 +1.4706e+00
981 0 +1.718841133e+01 +6.767841133e+01 +6.767841133e+01 +3.2210e+00 -3.5373e-01 +2.5591e+00 +4.1993e-01 +3.1007e+00 -1.0464e+00 +1.0020e+00 -2.8720e-01 -1.8973e+00 +1.4815e+00
1000 0 +1.706089521e+01 +6.755089521e+01 +6.755089521e+01 +3.2152e+00 -3.5877e-01 +2.5612e+00 +4.1802e-01 +3.0950e+00 -1.0465e+00 +9.9584e-01 -2.8141e-01 -1.8953e+00 +1.4773e+00
% f evaluations | g evaluations | best noise-free fitness - Fopt (-3.641300000000e+02) + sum g_i+ | measured fitness | best measured fitness or single-digit g-values | x1 | x2...
1 0 +2.892605417e+02 -7.486945831e+01 -7.486945831e+01 +1.0893e-01 +2.4752e-01 +5.2807e-01 +1.2733e-02 -7.2811e-02 -5.4947e-02 +2.7047e-01 -1.0085e-01 -6.9544e-02 -1.4453e-01
3 0 +2.746112017e+02 -8.951879833e+01 -8.951879833e+01 +1.3504e-01 +4.9450e-01 +1.1404e-01 +1.7797e-01 -3.7404e-01 -1.0249e+00 -5.1784e-01 +2.8366e-01 -8.9164e-02 -2.4142e-01
4 0 +2.466495559e+02 -1.174804441e+02 -1.174804441e+02 -1.1253e-01 +3.8451e-01 +2.2732e-01 -4.0040e-01 -1.3124e-01 -1.9124e-01 +2.3044e-01 -1.1263e-01 -5.0971e-02 -5.3287e-01
11 0 +2.274488317e+02 -1.366811683e+02 -1.366811683e+02 -1.4552e-01 -2.4320e-01 -2.4434e-02 -3.1356e-01 +3.8113e-01 -4.6874e-01 +4.0719e-01 -1.9070e-01 +3.4986e-01 -4.2947e-01
14 0 +2.227584509e+02 -1.413715491e+02 -1.413715491e+02 -3.0754e-01 -4.7481e-01 +1.1925e-01 -5.7435e-01 +4.0604e-01 +1.2161e-02 -1.2142e-01 -1.7684e-01 -1.9433e-01 +5.2601e-02
28 0 +2.057097130e+02 -1.584202870e+02 -1.584202870e+02 -2.9516e-01 -3.4562e-01 -6.5376e-02 -3.3391e-01 +4.2174e-01 -5.7136e-02 -1.6964e-01 +1.0412e-01 +7.4773e-02 -6.5569e-01
34 0 +2.020893231e+02 -1.620406769e+02 -1.620406769e+02 -8.9665e-01 -4.5402e-01 -3.9278e-01 -7.4778e-01 +4.7433e-01 +4.2213e-01 +1.7804e-01 -3.6080e-02 +8.1209e-02 -8.2219e-01
45 0 +1.778903380e+02 -1.862396620e+02 -1.862396620e+02 -8.6331e-01 -5.2090e-01 -9.3063e-01 -3.9882e-01 +3.1253e-01 -5.1490e-01 +1.0667e-01 -1.9240e-01 +8.4679e-02 -7.3842e-01
46 0 +1.739844548e+02 -1.901455452e+02 -1.901455452e+02 -1.0204e+00 -2.0852e-01 +1.5764e-02 -7.3224e-01 +2.3619e-01 -1.9616e-01 +5.5302e-02 +2.3899e-02 -1.6406e-01 -8.9528e-01
60 0 +1.633433896e+02 -2.007866104e+02 -2.007866104e+02 -1.0298e+00 -1.5320e-01 -6.7005e-01 -7.1611e-01 +3.6826e-01 -9.0834e-02 +2.6605e-01 +3.3096e-01 -1.0826e-01 -9.5177e-01
96 0 +1.610042650e+02 -2.031257350e+02 -2.031257350e+02 -2.3287e+00 -7.4496e-01 -5.5919e-02 -1.6001e+00 +9.8684e-01 +1.6713e-01 +2.6081e-01 -5.9722e-01 +4.1611e-01 -2.0230e+00
103 0 +1.096652816e+02 -2.544647184e+02 -2.544647184e+02 -3.5714e+00 -1.1944e+00 -2.4687e-01 -2.2324e+00 +7.1347e-01 -2.6612e-01 +6.6840e-01 -3.9127e-01 -7.3046e-03 -1.9552e+00
168 0 +1.038479270e+02 -2.602820730e+02 -2.602820730e+02 -2.2775e+00 -2.4876e+00 -9.7387e-01 -3.5131e+00 +7.4154e-01 -1.2047e+00 +2.3407e+00 +1.8181e-01 +5.2728e-01 -3.2192e+00
191 0 +8.312413455e+01 -2.810058655e+02 -2.810058655e+02 -2.4138e+00 -2.8801e+00 -1.1108e-01 -2.0585e+00 +8.1184e-01 -1.3265e+00 +1.3843e+00 -1.5768e+00 +1.5961e+00 -2.6694e+00
241 0 +7.235314898e+01 -2.917768510e+02 -2.917768510e+02 -2.4203e+00 -9.1970e-01 -1.5669e+00 -2.0864e+00 +1.2964e+00 -2.2996e+00 +7.4531e-01 +7.8990e-01 +1.9108e-01 -2.0522e+00
499 0 +6.379033452e+01 -3.003396655e+02 -3.003396655e+02 -1.8050e+00 -1.3902e+00 -1.0832e+00 -2.5145e+00 +1.1578e+00 -2.3840e+00 +2.8190e-01 -1.0640e+00 +4.4517e-01 -3.2446e+00
517 0 +6.051607428e+01 -3.036139257e+02 -3.036139257e+02 -1.6991e+00 -1.3638e+00 -1.2470e+00 -2.3755e+00 +1.2280e+00 -2.2572e+00 +2.6840e-01 -1.0994e+00 +3.6769e-01 -3.2842e+00
531 0 +5.147216633e+01 -3.126578337e+02 -3.126578337e+02 -1.7930e+00 -1.2757e+00 -1.1910e+00 -2.4459e+00 +1.2393e+00 -2.1945e+00 +3.5792e-01 -1.0585e+00 +3.8667e-01 -3.2330e+00
560 0 +4.188585989e+01 -3.222441401e+02 -3.222441401e+02 -1.7554e+00 -1.2927e+00 -1.1861e+00 -2.5544e+00 +1.2639e+00 -2.2073e+00 +3.0808e-01 -1.0615e+00 +4.2923e-01 -3.2871e+00
587 0 +3.985123355e+01 -3.242787664e+02 -3.242787664e+02 -1.8712e+00 -1.3050e+00 -1.1655e+00 -2.5060e+00 +1.2020e+00 -2.1658e+00 +3.2275e-01 -1.0568e+00 +4.7743e-01 -3.2840e+00
602 0 +3.714006824e+01 -3.269899318e+02 -3.269899318e+02 -1.8368e+00 -1.3398e+00 -1.2225e+00 -2.5416e+00 +1.2484e+00 -2.2013e+00 +2.3922e-01 -9.8707e-01 +4.5989e-01 -3.2875e+00
620 0 +3.628938242e+01 -3.278406176e+02 -3.278406176e+02 -1.7887e+00 -1.2847e+00 -1.2218e+00 -2.5410e+00 +1.2515e+00 -2.1909e+00 +2.3848e-01 -9.7923e-01 +4.3574e-01 -3.3152e+00
636 0 +3.544923083e+01 -3.286807692e+02 -3.286807692e+02 -1.8032e+00 -1.3353e+00 -1.2232e+00 -2.5420e+00 +1.2646e+00 -2.2038e+00 +2.6098e-01 -1.0207e+00 +4.6038e-01 -3.2921e+00
652 0 +3.459649503e+01 -3.295335050e+02 -3.295335050e+02 -1.8207e+00 -1.3077e+00 -1.1930e+00 -2.5310e+00 +1.2434e+00 -2.1908e+00 +2.7190e-01 -1.0117e+00 +4.4802e-01 -3.3048e+00
656 0 +3.348677050e+01 -3.306432295e+02 -3.306432295e+02 -1.7856e+00 -1.3097e+00 -1.2028e+00 -2.5438e+00 +1.2535e+00 -2.2023e+00 +2.7278e-01 -9.7908e-01 +4.4709e-01 -3.2974e+00
671 0 +3.302609212e+01 -3.311039079e+02 -3.311039079e+02 -1.8022e+00 -1.3149e+00 -1.2234e+00 -2.5156e+00 +1.2447e+00 -2.1890e+00 +2.7698e-01 -9.4558e-01 +4.4695e-01 -3.3017e+00
691 0 +3.206981923e+01 -3.320601808e+02 -3.320601808e+02 -1.8020e+00 -1.3143e+00 -1.2258e+00 -2.5394e+00 +1.2660e+00 -2.1802e+00 +2.7865e-01 -9.5305e-01 +4.5798e-01 -3.2977e+00
711 0 +3.152914566e+01 -3.326008543e+02 -3.326008543e+02 -1.8019e+00 -1.3226e+00 -1.2268e+00 -2.5494e+00 +1.2553e+00 -2.1730e+00 +2.7506e-01 -9.5574e-01 +4.6126e-01 -3.2979e+00
742 0 +3.081757700e+01 -3.333124230e+02 -3.333124230e+02 -1.7893e+00 -1.3155e+00 -1.2257e+00 -2.5452e+00 +1.2450e+00 -2.1670e+00 +2.8168e-01 -9.6784e-01 +4.5497e-01 -3.3091e+00
775 0 +3.019199299e+01 -3.339380070e+02 -3.339380070e+02 -1.8003e+00 -1.3204e+00 -1.2300e+00 -2.5578e+00 +1.2439e+00 -2.1560e+00 +2.7989e-01 -9.6571e-01 +4.6150e-01 -3.3226e+00
872 0 +2.942182914e+01 -3.347081709e+02 -3.347081709e+02 -1.8029e+00 -1.3352e+00 -1.2564e+00 -2.5676e+00 +1.2455e+00 -2.1336e+00 +2.8025e-01 -9.6422e-01 +4.6632e-01 -3.3302e+00
1000 0 +2.893118400e+01 -3.351988160e+02 -3.351988160e+02 -1.7991e+00 -1.3456e+00 -1.2674e+00 -2.5882e+00 +1.2459e+00 -2.1168e+00 +2.7858e-01 -9.6895e-01 +4.7653e-01 -3.3535e+00
% f evaluations | g evaluations | best noise-free fitness - Fopt (1.592700000000e+02) + sum g_i+ | measured fitness | best measured fitness or single-digit g-values | x1 | x2...
1 0 +4.898863498e+02 +6.491563498e+02 +6.491563498e+02 +3.3163e-01 +4.4623e-01 +3.3794e-01 -6.0588e-01 +3.5834e-01 +3.8360e-01 +3.1921e-01 -1.6685e-01 -3.4628e-01 +7.8006e-03
2 0 +4.346461741e+02 +5.939161741e+02 +5.939161741e+02 +3.3892e-01 +3.2318e-01 -1.5813e-01 -4.6442e-02 -4.6555e-02 +4.8595e-01 -3.3422e-01 -1.4885e-01 +2.9886e-02 -1.8626e-01
3 0 +4.095749816e+02 +5.688449816e+02 +5.688449816e+02 -6.4353e-02 +4.6775e-01 -5.5259e-02 -1.2451e-02 +2.4481e-01 -1.6493e-01 +1.1424e-01 -3.7848e-01 -4.2125e-01 -1.1675e-01
4 0 +3.253039340e+02 +4.845739340e+02 +4.845739340e+02 +1.3196e-01 +5.4984e-01 +1.3382e-01 -1.6443e-01 -5.4186e-01 +1.2422e-01 -6.0051e-01 -3.0989e-01 +5.3613e-01 -3.3473e-01
15 0 +2.954632928e+02 +4.547332928e+02 +4.547332928e+02 +6.3461e-02 +8.5301e-01 +2.9282e-01 -2.3854e-02 -8.5402e-01 +2.1495e-01 -3.2155e-01 -1.2749e+00 +2.0761e-01 +1.9828e-01
23 0 +2.714029308e+02 +4.306729308e+02 +4.306729308e+02 -1.2380e-01 +1.1550e+00 -4.1148e-02 -4.1652e-01 -6.1782e-01 -3.8467e-01 -7.4831e-01 -9.3258e-01 +4.9562e-01 -4.9258e-01
29 0 +2.393209911e+02 +3.985909911e+02 +3.985909911e+02 -4.3927e-01 +5.8166e-01 +3.7081e-01 +1.2374e-01 -3.4953e-01 +9.8786e-02 -5.8861e-01 -1.5875e+00 +8.5075e-01 +3.8248e-02
34 0 +2.023922312e+02 +3.616622312e+02 +3.616622312e+02 -2.9834e-01 +8.6048e-01 +4.8882e-01 -5.5528e-01 -5.1350e-01 -3.4237e-01 -1.1227e+00 -5.0463e-01 +1.3375e+00 -4.6228e-01
51 0 +1.850694729e+02 +3.443394729e+02 +3.443394729e+02 -1.2679e+00 +7.9470e-01 +9.2827e-01 -5.4956e-01 -1.5386e+00 +3.3282e-01 -1.8811e+00 -7.0207e-01 +1.2913e+00 -3.0032e-01
57 0 +1.584438527e+02 +3.177138527e+02 +3.177138527e+02 -1.3741e+00 +7.9470e-01 +6.6352e-01 -2.8327e-01 -1.2042e+00 +7.8341e-01 -1.4717e+00 -1.6562e+00 +2.1683e+00 -1.2966e-01
63 0 +1.529788038e+02 +3.122488038e+02 +3.122488038e+02 -7.1329e-01 +3.8974e-01 +1.0935e-01 +6.1920e-01 -1.9431e+00 -2.9123e-01 -1.5299e+00 -9.2504e-01 +1.9556e+00 -5.0232e-01
100 0 +1.443362837e+02 +3.036062837e+02 +3.036062837e+02 -1.9759e+00 +4.6334e-01 +2.1482e+00 +8.7547e-01 -2.8645e+00 +7.4987e-01 -2.7102e+00 -2.2912e+00 +1.8239e+00 +1.5750e-02
114 0 +1.349357081e+02 +2.942057081e+02 +2.942057081e+02 -1.3721e+00 +1.7805e+00 +2.3485e+00 +6.8024e-01 -1.1952e+00 +1.6970e+00 -2.7667e+00 -2.5359e+00 +2.7633e+00 +6.1721e-02
116 0 +1.230329666e+02 +2.823029666e+02 +2.823029666e+02 -2.0771e+00 +6.3423e-01 +1.6225e+00 -3.4218e-01 -3.1031e+00 +1.9350e+00 -2.3585e+00 -2.7392e+00 +2.1627e+00 -1.3870e+00
130 0 +1.043192452e+02 +2.635892452e+02 +2.635892452e+02 -2.2142e+00 +1.0212e+00 +2.8772e+00 -1.0341e+00 -2.9951e+00 +1.1764e+00 -1.2126e+00 -2.9501e+00 +4.1957e+00 -1.0765e+00
158 0 +9.045856223e+01 +2.497285622e+02 +2.497285622e+02 -1.2555e+00 +7.4444e-01 +3.7877e+00 -5.1546e-01 -2.0467e+00 +5.6553e-02 -1.5414e+00 -2.9015e+00 +3.7832e+00 -1.7976e+00
199 0 +8.771136656e+01 +2.469813666e+02 +2.469813666e+02 -2.2770e+00 -5.8615e-01 +1.9404e+00 -5.7318e-01 -1.5640e+00 -1.7042e+00 -9.8126e-01 -1.0992e+00 +4.5200e+00 -2.3668e+00
266 0 +8.240076755e+01 +2.416707675e+02 +2.416707675e+02 -8.7639e-01 -1.3042e-01 +2.2884e+00 -8.5933e-01 -2.6221e+00 +1.2401e+00 -2.0072e+00 -1.6983e+00 +3.4628e+00 -1.6410e+00
285 0 +7.652264245e+01 +2.357926424e+02 +2.357926424e+02 -2.1436e+00 -3.9391e-01 +2.2798e+00 -1.0992e+00 -2.7666e+00 -1.8684e-01 -2.6323e+00 -1.9155e+00 +3.0078e+00 -1.8546e+00
315 0 +7.523534808e+01 +2.345053481e+02 +2.345053481e+02 -2.5264e+00 -1.7747e+00 +2.1806e+00 -2.1891e+00 -2.4857e+00 -1.4654e-01 -2.6978e+00 -1.3235e+00 +3.1477e+00 -1.6691e+00
339 0 +6.903843946e+01 +2.283084395e+02 +2.283084395e+02 -2.1384e+00 -1.1017e+00 +1.9854e+00 -1.9358e+00 -2.2549e+00 -9.4607e-01 -2.0000e+00 -1.8324e+00 +3.8300e+00 -2.0528e+00
378 0 +6.721426023e+01 +2.264842602e+02 +2.264842602e+02 -1.9835e+00 -1.2950e+00 +2.2392e+00 -2.1991e+00 -2.5455e+00 -5.1450e-01 -1.9664e+00 -1.6201e+00 +3.0197e+00 -1.6819e+00
406 0 +3.936417574e+01 +1.986341757e+02 +1.986341757e+02 -1.9651e+00 -1.6096e+00 +2.3770e+00 -2.1689e+00 -2.6204e+00 -5.5344e-01 -2.0008e+00 -1.8704e+00 +3.3232e+00 -1.6264e+00
501 0 +3.609558246e+01 +1.953655825e+02 +1.953655825e+02 -1.9190e+00 -1.5546e+00 +2.2264e+00 -2.1950e+00 -2.6958e+00 -5.2598e-01 -1.9539e+00 -1.8549e+00 +3.3786e+00 -1.7091e+00
508 0 +3.376955617e+01 +1.930395562e+02 +1.930395562e+02 -1.9338e+00 -1.6818e+00 +2.1483e+00 -2.2815e+00 -2.6414e+00 -5.3919e-01 -2.0204e+00 -1.8589e+00 +3.3612e+00 -1.7011e+00
532 0 +2.780005349e+01 +1.870700535e+02 +1.870700535e+02 -1.8873e+00 -1.6931e+00 +2.2008e+00 -2.1737e+00 -2.6045e+00 -5.5797e-01 -1.9811e+00 -1.8692e+00 +3.3956e+00 -1.6591e+00
541 0 +2.368603763e+01 +1.829560376e+02 +1.829560376e+02 -1.9231e+00 -1.7486e+00 +2.2737e+00 -2.1973e+00 -2.6402e+00 -5.3030e-01 -1.9924e+00 -1.9111e+00 +3.4056e+00 -1.7697e+00
550 0 +2.189392024e+01 +1.811639202e+02 +1.811639202e+02 -1.9102e+00 -1.6436e+00 +2.2269e+00 -2.1654e+00 -2.5907e+00 -5.4198e-01 -1.9238e+00 -1.8657e+00 +3.4119e+00 -1.7147e+00
555 0 +1.995847530e+01 +1.792284753e+02 +1.792284753e+02 -1.9145e+00 -1.6897e+00 +2.3211e+00 -2.1442e+00 -2.6148e+00 -6.2039e-01 -1.9733e+00 -1.9026e+00 +3.4316e+00 -1.7216e+00
562 0 +1.906778368e+01 +1.783377837e+02 +1.783377837e+02 -1.9395e+00 -1.7080e+00 +2.2720e+00 -2.1868e+00 -2.5831e+00 -6.0719e-01 -1.9912e+00 -1.8458e+00 +3.4777e+00 -1.7238e+00
589 0 +1.896736444e+01 +1.782373644e+02 +1.782373644e+02 -1.8858e+00 -1.7117e+00 +2.3228e+00 -2.2114e+00 -2.5808e+00 -5.3123e-01 -2.0441e+00 -1.8673e+00 +3.4336e+00 -1.6970e+00
593 0 +1.650443255e+01 +1.757744326e+02 +1.757744326e+02 -1.8286e+00 -1.6599e+00 +2.3355e+00 -2.1634e+00 -2.5848e+00 -5.1671e-01 -2.0544e+00 -1.8900e+00 +3.4501e+00 -1.6568e+00
613 0 +1.586506197e+01 +1.751350620e+02 +1.751350620e+02 -1.8267e+00 -1.6245e+00 +2.3634e+00 -2.1488e+00 -2.5975e+00 -5.4705e-01 -2.0212e+00 -1.8986e+00 +3.4578e+00 -1.6754e+00
624 0 +1.553743177e+01 +1.748074318e+02 +1.748074318e+02 -1.8345e+00 -1.6293e+00 +2.3762e+00 -2.1129e+00 -2.5911e+00 -5.2651e-01 -2.0231e+00 -1.8830e+00 +3.4604e+00 -1.6807e+00
630 0 +1.499462472e+01 +1.742646247e+02 +1.742646247e+02 -1.8291e+00 -1.6063e+00 +2.3313e+00 -2.1073e+00 -2.6196e+00 -5.4075e-01 -2.0542e+00 -1.9007e+00 +3.4466e+00 -1.6652e+00
633 0 +1.209891890e+01 +1.713689189e+02 +1.713689189e+02 -1.8487e+00 -1.6638e+00 +2.3193e+00 -2.1179e+00 -2.6042e+00 -5.6876e-01 -2.0377e+00 -1.8853e+00 +3.4714e+00 -1.6840e+00
655 0 +1.163736608e+01 +1.709073661e+02 +1.709073661e+02 -1.8240e+00 -1.6380e+00 +2.3481e+00 -2.0929e+00 -2.6420e+00 -5.1870e-01 -2.0414e+00 -1.8827e+00 +3.4431e+00 -1.6585e+00
733 0 +1.125040548e+01 +1.705204055e+02 +1.705204055e+02 -1.8361e+00 -1.6463e+00 +2.3252e+00 -2.0886e+00 -2.6381e+00 -5.2522e-01 -2.0357e+00 -1.8724e+00 +3.4512e+00 -1.6691e+00
746 0 +1.114719123e+01 +1.704171912e+02 +1.704171912e+02 -1.8351e+00 -1.6498e+00 +2.3167e+00 -2.0943e+00 -2.6348e+00 -5.3007e-01 -2.0446e+00 -1.8698e+00 +3.4491e+00 -1.6675e+00
794 0 +1.084704340e+01 +1.701170434e+02 +1.701170434e+02 -1.8353e+00 -1.6550e+00 +2.3222e+00 -2.0993e+00 -2.6317e+00 -5.2741e-01 -2.0514e+00 -1.8776e+00 +3.4600e+00 -1.6688e+00
823 0 +1.067667722e+01 +1.699466772e+02 +1.699466772e+02 -1.8367e+00 -1.6566e+00 +2.3194e+00 -2.1048e+00 -2.6361e+00 -5.2814e-01 -2.0489e+00 -1.8724e+00 +3.4556e+00 -1.6672e+00
903 0 +1.044970055e+01 +1.697197006e+02 +1.697197006e+02 -1.8361e+00 -1.6613e+00 +2.3233e+00 -2.1124e+00 -2.6401e+00 -5.2982e-01 -2.0576e+00 -1.8743e+00 +3.4538e+00 -1.6672e+00
1000 0 +1.032881847e+01 +1.695988185e+02 +1.695988185e+02 -1.8385e+00 -1.6654e+00 +2.3273e+00 -2.1171e+00 -2.6394e+00 -5.3070e-01 -2.0552e+00 -1.8769e+00 +3.4562e+00 -1.6723e+00
