% f evaluations | g evaluations | best noise-free fitness - Fopt (1.238300000000e+02) + sum g_i+ | measured fitness | best measured fitness or single-digit g-values | x1 | x2...
1 0 +1.450156987e+02 +2.688456987e+02 +2.688456987e+02 +2.0464e-01 +1.9336e-01 +6.1074e-01 +4.2588e-02 -1.5451e-01 +3.0605e-01 -2.8867e-01 -3.0453e-01 -1.3626e-01 +4.9681e-02
3 0 +1.113915460e+02 +2.352215460e+02 +2.352215460e+02 +4.4168e-02 +3.6954e-02 -5.2061e-02 -3.2786e-01 +1.5927e-01 +1.1269e-01 -3.2774e-01 +2.4652e-01 -3.9715e-01 +2.1329e-01
8 0 +7.658019445e+01 +2.004101944e+02 +2.004101944e+02 +3.0765e-02 -1.1840e-01 +2.7765e-01 +3.5873e-01 +1.5886e-01 -1.9111e-01 +7.6278e-03 -1.0843e-01 +2.9221e-01 +2.6028e-01
23 0 +5.105465252e+01 +1.748846525e+02 +1.748846525e+02 -1.6443e-02 +6.4543e-02 +2.3654e-02 +3.9670e-01 +3.3120e-02 -1.4400e-01 +1.8296e-01 +1.3201e-03 +2.8816e-01 -1.0789e-01
35 0 +4.893861368e+01 +1.727686137e+02 +1.727686137e+02 -1.6383e-01 -1.0293e-01 +4.7707e-02 +4.5907e-01 +3.3299e-02 +5.6267e-02 +3.2767e-01 +3.7358e-02 +2.9760e-01 -1.1813e-01
65 0 +4.046481092e+01 +1.642948109e+02 +1.642948109e+02 -1.0280e-01 +4.6114e-01 +3.1726e-01 +3.1662e-01 -3.2550e-01 +1.5337e-01 +3.0679e-01 -1.1955e-01 +4.1370e-01 -4.1097e-02
74 0 +3.326756498e+01 +1.570975650e+02 +1.570975650e+02 -8.1847e-02 +1.6725e-01 +3.4632e-01 +2.9607e-01 +9.3462e-02 +8.7799e-02 +1.2249e-01 -2.9704e-01 +5.9939e-01 +2.2625e-02
86 0 +3.022450126e+01 +1.540545013e+02 +1.540545013e+02 -4.9258e-01 +2.2988e-01 +5.3919e-02 +5.5109e-01 -3.7095e-02 +5.7906e-02 -3.3348e-02 -2.0218e-01 +8.7282e-01 -1.0501e-01
100 0 +2.896897532e+01 +1.527989753e+02 +1.527989753e+02 -4.1529e-01 +3.5195e-01 +2.3628e-01 +5.5098e-01 -9.8479e-02 +1.8793e-01 +1.8518e-01 -1.8736e-01 +7.9183e-01 -3.2736e-02
113 0 +2.750801289e+01 +1.513380129e+02 +1.513380129e+02 -6.6547e-02 +2.2156e-01 +2.1636e-01 +5.6637e-01 +1.1966e-01 +1.6445e-01 -6.7836e-02 -1.4903e-01 +7.3678e-01 +5.7654e-02
117 0 +2.300635435e+01 +1.468363544e+02 +1.468363544e+02 -2.4299e-01 +2.6852e-01 +3.7774e-01 +5.6183e-01 -1.5731e-01 +4.9485e-02 +1.2424e-01 -3.5454e-01 +8.7211e-01 -1.6527e-01
139 0 +2.011576636e+01 +1.439457664e+02 +1.439457664e+02 -1.5360e-01 +2.5466e-01 +3.2438e-01 +7.5926e-01 +2.2785e-03 +2.3275e-01 +9.2560e-02 -2.5373e-01 +8.7889e-01 +3.2152e-02
144 0 +1.410823935e+01 +1.379382394e+02 +1.379382394e+02 -1.1995e-01 +1.9439e-01 +2.3756e-01 +6.8266e-01 -9.0464e-03 +2.0990e-01 +1.4164e-01 -3.1755e-01 +8.9456e-01 +8.2665e-02
160 0 +1.249509628e+01 +1.363250963e+02 +1.363250963e+02 -9.4793e-02 +2.5044e-01 +2.5261e-01 +5.9603e-01 +3.8610e-02 +3.1900e-01 +2.2797e-01 -3.9380e-01 +8.5982e-01 -2.4968e-01
209 0 +8.678259531e+00 +1.325082595e+02 +1.325082595e+02 -1.1150e-01 +2.7334e-01 +2.2278e-01 +6.5442e-01 +9.3603e-02 +1.7566e-01 +1.8646e-01 -3.1123e-01 +9.3407e-01 -1.9750e-01
233 0 +8.318178924e+00 +1.321481789e+02 +1.321481789e+02 -1.4209e-01 +2.0252e-01 +2.3671e-01 +6.5764e-01 +1.6121e-01 +2.2913e-01 +1.0341e-01 -3.9943e-01 +9.4257e-01 -1.7430e-01
283 0 +8.260698807e+00 +1.320906988e+02 +1.320906988e+02 -1.8608e-01 +1.4337e-01 +2.6219e-01 +7.1506e-01 +2.0324e-01 +6.1982e-02 +1.1512e-01 -4.4841e-01 +9.3604e-01 -2.2382e-01
287 0 +8.036428095e+00 +1.318664281e+02 +1.318664281e+02 -1.7899e-01 +1.5917e-01 +2.6559e-01 +6.9171e-01 +1.7593e-01 +1.8352e-01 +1.2367e-01 -3.4618e-01 +9.8686e-01 -2.0664e-01
295 0 +7.650987174e+00 +1.314809872e+02 +1.314809872e+02 -1.6735e-01 +1.2725e-01 +2.5323e-01 +6.9949e-01 +2.7350e-01 +1.2036e-01 +1.0130e-01 -4.1391e-01 +9.8600e-01 -2.2924e-01
309 0 +7.428197286e+00 +1.312581973e+02 +1.312581973e+02 -1.6257e-01 +1.4607e-01 +2.3935e-01 +6.4753e-01 +1.9538e-01 +1.0905e-01 +1.2965e-01 -3.6802e-01 +9.3773e-01 -2.2064e-01
315 0 +7.279932592e+00 +1.311099326e+02 +1.311099326e+02 -1.4727e-01 +1.1683e-01 +2.3419e-01 +7.1557e-01 +2.0059e-01 +8.9185e-02 +1.0674e-01 -3.6631e-01 +9.5209e-01 -2.0908e-01
334 0 +7.239505830e+00 +1.310695058e+02 +1.310695058e+02 -1.6744e-01 +1.4993e-01 +2.1405e-01 +7.1918e-01 +2.1634e-01 +1.2111e-01 +9.0331e-02 -3.9242e-01 +9.6584e-01 -2.6594e-01
367 0 +7.071300210e+00 +1.309013002e+02 +1.309013002e+02 -1.8913e-01 +1.5964e-01 +2.1810e-01 +6.8141e-01 +1.7665e-01 +1.1615e-01 +1.4109e-01 -3.6669e-01 +9.5097e-01 -2.4664e-01
395 0 +6.856110588e+00 +1.306861106e+02 +1.306861106e+02 -1.7676e-01 +1.6176e-01 +2.0648e-01 +6.9267e-01 +1.7586e-01 +1.6086e-01 +1.5334e-01 -3.8345e-01 +9.6510e-01 -2.2430e-01
439 0 +6.679053376e+00 +1.305090534e+02 +1.305090534e+02 -1.7870e-01 +1.7730e-01 +1.8837e-01 +6.7966e-01 +1.4578e-01 +1.7611e-01 +1.6718e-01 -3.7245e-01 +9.4421e-01 -2.0336e-01
522 0 +6.597110471e+00 +1.304271105e+02 +1.304271105e+02 -1.9498e-01 +1.9471e-01 +1.8124e-01 +6.8241e-01 +1.0445e-01 +1.9212e-01 +1.9278e-01 -3.6053e-01 +9.3927e-01 -1.9407e-01
588 0 +6.407060940e+00 +1.302370609e+02 +1.302370609e+02 -1.9617e-01 +2.3250e-01 +1.5863e-01 +6.4195e-01 +8.8455e-02 +2.5196e-01 +2.2376e-01 -3.5067e-01 +9.3208e-01 -1.8112e-01
605 0 +6.308710261e+00 +1.301387103e+02 +1.301387103e+02 -2.0161e-01 +2.3781e-01 +1.6839e-01 +6.4041e-01 +7.6112e-02 +2.6531e-01 +2.3438e-01 -3.5908e-01 +9.2176e-01 -1.6453e-01
666 0 +6.098857614e+00 +1.299288576e+02 +1.299288576e+02 -2.1832e-01 +2.9630e-01 +1.3600e-01 +5.8580e-01 -7.1661e-03 +3.1138e-01 +2.7420e-01 -3.4063e-01 +8.6608e-01 -1.3170e-01
711 0 +5.926906532e+00 +1.297569065e+02 +1.297569065e+02 -2.0993e-01 +3.2451e-01 +1.3542e-01 +6.0164e-01 -5.8753e-02 +3.9196e-01 +3.0097e-01 -3.4689e-01 +8.5689e-01 -6.2711e-02
752 0 +5.886303994e+00 +1.297163040e+02 +1.297163040e+02 -2.0937e-01 +3.8003e-01 +1.2628e-01 +5.4435e-01 -9.1212e-02 +4.4199e-01 +3.2446e-01 -3.5685e-01 +8.3885e-01 -5.2748e-02
766 0 +5.750231954e+00 +1.295802320e+02 +1.295802320e+02 -2.1659e-01 +3.4059e-01 +1.2757e-01 +5.5947e-01 -6.3480e-02 +3.7233e-01 +2.9222e-01 -3.4866e-01 +8.7184e-01 -6.8649e-02
787 0 +5.557875245e+00 +1.293878752e+02 +1.293878752e+02 -1.9174e-01 +3.9006e-01 +1.1590e-01 +5.3645e-01 -1.3641e-01 +4.2983e-01 +3.5004e-01 -3.1298e-01 +8.2332e-01 -3.2203e-02
798 0 +5.461033446e+00 +1.292910334e+02 +1.292910334e+02 -2.0070e-01 +4.0276e-01 +1.1489e-01 +5.2105e-01 -1.4801e-01 +4.3110e-01 +3.4914e-01 -3.1648e-01 +8.1450e-01 -1.3871e-02
837 0 +5.320197079e+00 +1.291501971e+02 +1.291501971e+02 -1.6760e-01 +4.1834e-01 +1.1879e-01 +4.8902e-01 -1.6189e-01 +4.5849e-01 +3.7003e-01 -3.0467e-01 +7.8665e-01 +2.0778e-02
887 0 +5.246977603e+00 +1.290769776e+02 +1.290769776e+02 -1.8570e-01 +4.2649e-01 +1.2927e-01 +4.9577e-01 -1.8300e-01 +4.6389e-01 +3.5790e-01 -3.1313e-01 +8.0780e-01 +4.1831e-02
941 0 +5.092882880e+00 +1.289228829e+02 +1.289228829e+02 -1.6722e-01 +4.3821e-01 +1.1792e-01 +4.7437e-01 -1.9843e-01 +4.6360e-01 +3.6329e-01 -3.0123e-01 +7.9015e-01 +5.5457e-02
1000 0 +5.043706544e+00 +1.288737065e+02 +1.288737065e+02 -1.6252e-01 +4.4419e-01 +1.1589e-01 +4.7232e-01 -2.0413e-01 +4.6267e-01 +3.5799e-01 -2.9997e-01 +7.8759e-01 +6.0090e-02
% f evaluations | g evaluations | best noise-free fitness - Fopt (4.751000000000e+01) + sum g_i+ | measured fitness | best measured fitness or single-digit g-values | x1 | x2...
1 0 +1.843868394e+02 +2.318968394e+02 +2.318968394e+02 -4.2880e-01 +3.0924e-01 -1.9158e-01 -3.1379e-01 -1.2046e-01 -8.6106e-02 -2.9635e-01 +1.0549e-01 +3.7548e-01 -7.7116e-02
2 0 +1.211664194e+02 +1.686764194e+02 +1.686764194e+02 -1.9970e-01 -4.6688e-01 +1.8741e-01 +2.1971e-01 +6.1307e-01 -2.0664e-01 -1.1580e-01 -2.6892e-01 +1.0800e-01 -2.0708e-01
6 0 +1.101834648e+02 +1.576934648e+02 +1.576934648e+02 +2.0211e-01 -2.1833e-01 -8.0772e-02 -4.3922e-01 -1.4299e-01 -1.7778e-01 +1.8894e-02 +6.6348e-02 -1.1540e-01 -2.8093e-01
8 0 +1.077219660e+02 +1.552319660e+02 +1.552319660e+02 -3.5613e-01 -1.1654e-02 +1.2699e-01 +1.6084e-01 +2.0343e-01 +7.1168e-02 +5.0407e-01 +3.4037e-01 -3.4188e-01 +7.2735e-02
12 0 +9.526279201e+01 +1.427727920e+02 +1.427727920e+02 -3.1812e-01 -4.2997e-01 -8.8018e-02 -3.2293e-01 +5.3721e-01 -3.1542e-01 -2.2172e-02 +7.9317e-02 +6.4618e-01 +1.5317e-01
18 0 +8.235809401e+01 +1.298680940e+02 +1.298680940e+02 -2.0939e-01 -1.7903e-01 +3.8416e-01 +1.8246e-02 +4.4618e-01 -2.2254e-02 -1.3579e-02 -2.1216e-01 -2.7154e-01 +2.7842e-01
23 0 +7.677253665e+01 +1.242825366e+02 +1.242825366e+02 -2.7618e-01 -4.1837e-01 -1.4026e-01 -1.6256e-01 +8.6310e-01 -1.2840e-01 -1.7759e-01 +9.2171e-02 -8.4134e-02 +6.5351e-02
24 0 +2.693264366e+01 +7.444264366e+01 +7.444264366e+01 -3.4562e-01 -4.3603e-01 +4.9956e-02 -2.4061e-01 +8.6153e-02 -5.7214e-01 +3.9505e-01 +2.4070e-01 -1.5599e-02 -1.8836e-01
104 0 +2.632976842e+01 +7.383976842e+01 +7.383976842e+01 -6.0717e-01 -4.3641e-01 +5.5303e-02 -8.6517e-02 +6.7037e-01 -1.9901e-01 -3.4966e-03 +1.5068e-01 +1.3374e-01 -9.0973e-02
112 0 +2.353271521e+01 +7.104271521e+01 +7.104271521e+01 -8.6610e-01 -5.6367e-01 -8.3044e-02 -1.3851e-01 +9.5934e-01 -1.2704e-01 +1.1267e-01 +1.7497e-01 +2.7874e-01 -1.6334e-02
141 0 +2.132310849e+01 +6.883310849e+01 +6.883310849e+01 -8.3395e-01 -3.5595e-01 -4.6241e-01 -3.4005e-01 +1.0489e+00 -4.3549e-01 -1.7878e-01 +1.9540e-01 +1.5288e-01 -3.1589e-01
176 0 +1.568663936e+01 +6.319663936e+01 +6.319663936e+01 -8.7076e-01 -3.8264e-01 -3.2984e-01 -2.8940e-01 +8.7501e-01 -3.4131e-01 -1.3014e-01 +2.9648e-01 +7.7074e-02 -2.1623e-01
210 0 +1.526494384e+01 +6.277494384e+01 +6.277494384e+01 -9.2197e-01 -3.0754e-01 -2.6571e-01 -4.1608e-01 +1.0882e+00 -2.9265e-01 -8.0552e-02 +3.2510e-01 +1.4870e-01 -2.4627e-01
222 0 +1.376235875e+01 +6.127235875e+01 +6.127235875e+01 -9.6740e-01 -4.4578e-01 -2.4159e-01 -2.9592e-01 +1.0353e+00 -2.3905e-01 -1.6144e-01 +2.6706e-01 +1.9615e-01 -1.1103e-01
244 0 +1.319872546e+01 +6.070872546e+01 +6.070872546e+01 -9.3532e-01 -3.3144e-01 -4.2666e-01 -4.3965e-01 +9.3719e-01 -3.0450e-01 -1.2389e-01 +2.2552e-01 +1.9432e-01 -2.8253e-01
245 0 +1.206830896e+01 +5.957830896e+01 +5.957830896e+01 -9.9435e-01 -4.7098e-01 -2.9209e-01 -4.8691e-01 +1.0217e+00 -2.6102e-01 -2.0602e-01 +3.5335e-01 +2.1286e-01 -1.2796e-01
258 0 +1.170141976e+01 +5.921141976e+01 +5.921141976e+01 -9.9404e-01 -3.6999e-01 -3.4379e-01 -4.6808e-01 +1.0190e+00 -2.8050e-01 -1.3936e-01 +3.4372e-01 +1.6019e-01 -1.9496e-01
259 0 +1.125995363e+01 +5.876995363e+01 +5.876995363e+01 -1.0152e+00 -4.6686e-01 -3.0176e-01 -5.0839e-01 +9.7424e-01 -2.5952e-01 -1.0031e-01 +2.5758e-01 +2.5184e-01 -2.2919e-01
264 0 +1.050846539e+01 +5.801846539e+01 +5.801846539e+01 -9.4643e-01 -4.4244e-01 -3.2055e-01 -3.9481e-01 +8.9744e-01 -3.0745e-01 -1.0527e-01 +3.6857e-01 +3.0206e-01 -2.1876e-01
265 0 +1.008747028e+01 +5.759747028e+01 +5.759747028e+01 -9.6361e-01 -4.9079e-01 -2.8930e-01 -3.6321e-01 +9.4879e-01 -2.4113e-01 -1.2555e-01 +3.5395e-01 +3.2485e-01 -2.6142e-01
280 0 +9.941049395e+00 +5.745104940e+01 +5.745104940e+01 -9.1862e-01 -4.5506e-01 -3.2271e-01 -4.6325e-01 +9.6518e-01 -2.3677e-01 -1.8620e-01 +3.0234e-01 +3.0705e-01 -2.4169e-01
302 0 +9.521146684e+00 +5.703114668e+01 +5.703114668e+01 -9.6060e-01 -4.7961e-01 -2.8522e-01 -3.8832e-01 +9.7083e-01 -2.6151e-01 -1.3342e-01 +3.0709e-01 +2.5118e-01 -2.1861e-01
376 0 +9.326042246e+00 +5.683604225e+01 +5.683604225e+01 -9.3506e-01 -4.6624e-01 -2.6677e-01 -4.2349e-01 +9.4887e-01 -2.5153e-01 -1.5906e-01 +3.3253e-01 +2.5114e-01 -2.4969e-01
468 0 +9.108900621e+00 +5.661890062e+01 +5.661890062e+01 -9.2541e-01 -4.9352e-01 -2.2595e-01 -3.7495e-01 +9.4705e-01 -2.6471e-01 -1.0091e-01 +3.4738e-01 +2.5265e-01 -2.3894e-01
592 0 +8.890570377e+00 +5.640057038e+01 +5.640057038e+01 -9.2053e-01 -5.2702e-01 -1.5959e-01 -3.0067e-01 +9.0689e-01 -2.8015e-01 -3.1530e-02 +3.7622e-01 +2.4178e-01 -2.2754e-01
646 0 +8.702525422e+00 +5.621252542e+01 +5.621252542e+01 -8.7817e-01 -5.6548e-01 -1.1091e-01 -2.4486e-01 +8.6127e-01 -2.9445e-01 +5.0140e-03 +4.0699e-01 +2.2832e-01 -2.3376e-01
675 0 +8.426717848e+00 +5.593671785e+01 +5.593671785e+01 -8.5712e-01 -5.7792e-01 -7.5213e-02 -2.2431e-01 +8.0494e-01 -3.3820e-01 +3.5539e-02 +4.2254e-01 +2.1878e-01 -2.5490e-01
762 0 +8.260453123e+00 +5.577045312e+01 +5.577045312e+01 -8.3643e-01 -6.0328e-01 -8.4607e-03 -1.8025e-01 +7.3874e-01 -3.4693e-01 +6.8532e-02 +4.5465e-01 +2.3716e-01 -2.6809e-01
807 0 +8.114799635e+00 +5.562479963e+01 +5.562479963e+01 -8.0188e-01 -5.8906e-01 -4.3298e-03 -1.7898e-01 +6.9587e-01 -3.5808e-01 +8.4993e-02 +4.9005e-01 +2.2050e-01 -2.8482e-01
861 0 +7.925643720e+00 +5.543564372e+01 +5.543564372e+01 -8.0431e-01 -6.0094e-01 +2.3062e-02 -1.8176e-01 +6.4746e-01 -3.8423e-01 +1.1478e-01 +4.9759e-01 +2.2783e-01 -2.8859e-01
979 0 +7.749953303e+00 +5.525995330e+01 +5.525995330e+01 -7.8889e-01 -6.0626e-01 +4.5679e-02 -1.7677e-01 +6.0762e-01 -4.0992e-01 +1.2482e-01 +5.0690e-01 +2.0165e-01 -3.0505e-01
1000 0 +7.732288580e+00 +5.524228858e+01 +5.524228858e+01 -7.8137e-01 -6.0951e-01 +5.1162e-02 -1.7559e-01 +6.0476e-01 -4.1098e-01 +1.3054e-01 +5.0749e-01 +1.9849e-01 -3.0988e-01
% f evaluations | g evaluations | best noise-free fitness - Fopt (5.534000000000e+01) + sum g_i+ | measured fitness | best measured fitness or single-digit g-values | x1 | x2...
1 0 +2.524250900e+02 +3.077650900e+02 +3.077650900e+02 +3.6430e-02 -4.0191e-01 -9.4569e-03 +1.7284e-01 -5.3423e-01 +6.7268e-01 -1.2277e-01 -3.1376e-01 -2.8343e-01 +7.1914e-02
2 0 +1.351289816e+02 +1.904689816e+02 +1.904689816e+02 +6.2711e-01 +5.6532e-02 -4.7690e-02 -1.6815e-01 -6.8556e-02 -1.7636e-01 +1.8411e-01 -2.0621e-01 +6.7985e-01 -2.8477e-01
4 0 +7.519028423e+01 +1.305302842e+02 +1.305302842e+02 +2.3401e-02 +4.4396e-01 -1.7205e-01 -1.0588e-01 +1.6960e-01 +2.2200e-01 -4.9764e-02 +2.8385e-01 +5.2428e-02 +3.2642e-02
7 0 +6.652779726e+01 +1.218677973e+02 +1.218677973e+02 +2.0321e-01 -5.8993e-02 -2.9039e-01 +8.8298e-02 +1.4981e-02 -7.8646e-02 +1.0126e-01 +1.9532e-01 -7.0133e-02 -1.2769e-01
14 0 +6.087452604e+01 +1.162145260e+02 +1.162145260e+02 -2.7220e-02 +2.2882e-01 -3.3905e-01 -4.2935e-02 +2.7563e-02 +4.3925e-02 -3.2924e-01 +1.5181e-01 +3.2161e-01 +2.4670e-01
107 0 +5.962632320e+01 +1.149663232e+02 +1.149663232e+02 +2.1225e-01 +6.4563e-01 -3.9194e-01 -3.7378e-01 -1.1563e-01 -8.2203e-02 +4.1764e-01 +1.6510e-01 +9.6303e-01 -6.2880e-02
117 0 +5.743810557e+01 +1.127781056e+02 +1.127781056e+02 +2.7045e-01 +7.6868e-01 -6.9756e-02 -3.4583e-01 -1.7250e-01 -1.9781e-01 +5.4829e-01 +2.3728e-01 +8.2248e-01 -1.2135e-01
125 0 +4.696096995e+01 +1.023009699e+02 +1.023009699e+02 +1.0369e-01 +5.3179e-01 -1.6064e-01 -2.0305e-01 -7.2487e-02 -1.5975e-01 +2.4861e-01 +2.1524e-01 +7.5799e-01 +6.4324e-02
132 0 +4.044871125e+01 +9.578871125e+01 +9.578871125e+01 +2.3019e-01 +7.1944e-01 -2.6809e-01 -3.7329e-01 -5.8970e-02 -1.7311e-01 +2.5309e-01 +3.7162e-01 +8.3924e-01 -4.0435e-02
145 0 +2.644406158e+01 +8.178406158e+01 +8.178406158e+01 +9.9173e-02 +7.6512e-01 -2.5271e-01 -3.2997e-01 -1.6185e-01 -2.3326e-01 +2.1290e-02 +5.0725e-01 +7.0910e-01 +9.8977e-02
164 0 +2.434251049e+01 +7.968251049e+01 +7.968251049e+01 +8.6815e-02 +9.8574e-01 -1.2182e-01 -1.6182e-01 -3.8563e-01 -4.7077e-01 +1.4615e-01 +5.2366e-01 +9.1614e-01 -1.3687e-02
177 0 +2.270096616e+01 +7.804096616e+01 +7.804096616e+01 +9.9826e-02 +8.3024e-01 -1.5850e-01 -2.3918e-01 -3.0933e-01 -5.0961e-01 -1.0554e-01 +5.0602e-01 +1.0105e+00 -1.7156e-01
193 0 +2.102946530e+01 +7.636946530e+01 +7.636946530e+01 +2.0952e-01 +9.4010e-01 -3.0717e-01 -2.3699e-01 -2.1227e-01 -4.0332e-01 +1.3895e-01 +5.0999e-01 +9.8611e-01 -8.9805e-02
196 0 +1.975524685e+01 +7.509524685e+01 +7.509524685e+01 +1.7722e-01 +7.4658e-01 -1.5860e-01 -2.9913e-01 -2.3469e-01 -3.3927e-01 -1.3657e-01 +5.1690e-01 +1.0486e+00 -5.3427e-02
204 0 +1.929547855e+01 +7.463547855e+01 +7.463547855e+01 +1.7495e-01 +9.1936e-01 -1.7729e-01 -3.1401e-01 -2.1916e-01 -2.6444e-01 +1.1950e-01 +5.2440e-01 +1.1321e+00 -7.1842e-02
212 0 +1.615923811e+01 +7.149923811e+01 +7.149923811e+01 +1.0313e-01 +9.3050e-01 -5.5655e-02 -3.2231e-01 -1.2911e-01 -3.3946e-01 +2.6069e-02 +5.9298e-01 +1.0098e+00 +3.2957e-02
248 0 +1.345252206e+01 +6.879252206e+01 +6.879252206e+01 -7.1233e-02 +9.7446e-01 -1.0213e-01 -2.4794e-01 -1.9701e-01 -3.1033e-01 -1.3799e-01 +5.8009e-01 +1.0871e+00 +1.0846e-02
249 0 +1.291985613e+01 +6.825985613e+01 +6.825985613e+01 +1.1339e-01 +8.8392e-01 -1.9800e-01 -2.6762e-01 -1.3503e-01 -2.8911e-01 -4.3542e-02 +6.5682e-01 +1.1679e+00 +8.3200e-02
253 0 +1.126870301e+01 +6.660870301e+01 +6.660870301e+01 +2.9815e-02 +8.6021e-01 -2.1117e-01 -2.4649e-01 -1.3188e-01 -3.1133e-01 -8.7652e-02 +6.6322e-01 +1.0976e+00 +1.4028e-01
274 0 +1.086569301e+01 +6.620569301e+01 +6.620569301e+01 +1.0669e-01 +9.1785e-01 -1.6784e-01 -1.4239e-01 -1.4660e-01 -3.3006e-01 -6.2263e-02 +5.9709e-01 +1.1319e+00 +6.4928e-02
296 0 +9.918840301e+00 +6.525884030e+01 +6.525884030e+01 +5.1369e-02 +9.4844e-01 -2.2571e-01 -1.9705e-01 -2.0183e-01 -2.7242e-01 -6.7164e-02 +6.5425e-01 +1.0785e+00 +8.5391e-02
305 0 +9.706690207e+00 +6.504669021e+01 +6.504669021e+01 +4.2909e-02 +9.5777e-01 -1.8115e-01 -1.9172e-01 -1.7829e-01 -3.0962e-01 -4.3201e-02 +6.4055e-01 +1.0881e+00 +8.0277e-02
356 0 +9.526459438e+00 +6.486645944e+01 +6.486645944e+01 +6.4610e-02 +9.6231e-01 -1.7826e-01 -1.9712e-01 -2.0485e-01 -3.0994e-01 -7.0919e-02 +6.3810e-01 +1.0874e+00 +1.1976e-01
556 0 +9.330758508e+00 +6.467075851e+01 +6.467075851e+01 +7.2936e-03 +9.3310e-01 -2.1028e-01 -2.0972e-01 -2.2195e-01 -3.2892e-01 -1.0248e-01 +6.4375e-01 +1.0509e+00 +1.2196e-01
712 0 +9.110162991e+00 +6.445016299e+01 +6.445016299e+01 -7.5907e-02 +8.6023e-01 -2.5688e-01 -2.2817e-01 -2.8601e-01 -3.4642e-01 -1.8944e-01 +6.3285e-01 +9.6584e-01 +1.3175e-01
762 0 +8.879675936e+00 +6.421967594e+01 +6.421967594e+01 -1.0723e-01 +7.9960e-01 -2.9215e-01 -2.1425e-01 -3.2006e-01 -3.7276e-01 -2.6845e-01 +6.2975e-01 +9.0607e-01 +1.3266e-01
844 0 +8.692900138e+00 +6.403290014e+01 +6.403290014e+01 -1.1646e-01 +7.5287e-01 -3.2815e-01 -2.1637e-01 -3.3997e-01 -3.8110e-01 -3.1384e-01 +6.0963e-01 +8.6466e-01 +1.7286e-01
924 0 +8.503647949e+00 +6.384364795e+01 +6.384364795e+01 -1.2618e-01 +7.4151e-01 -3.5771e-01 -1.9306e-01 -3.4574e-01 -3.8300e-01 -3.4892e-01 +6.0363e-01 +8.2930e-01 +1.8489e-01
1000 0 +8.371574063e+00 +6.371157406e+01 +6.371157406e+01 -1.2681e-01 +7.3533e-01 -3.7584e-01 -1.7098e-01 -3.4630e-01 -3.8386e-01 -3.7515e-01 +5.9235e-01 +8.0789e-01 +2.0333e-01
% f evaluations | g evaluations | best noise-free fitness - Fopt (-9.033000000000e+01) + sum g_i+ | measured fitness | best measured fitness or single-digit g-values | x1 | x2...
1 0 +4.111162000e+02 +3.207862000e+02 +3.207862000e+02 -6.1270e-01 +1.1729e-01 -3.6258e-01 -1.1598e-01 +4.4437e-01 -8.7663e-01 -2.0198e-01 -2.5053e-01 +1.1573e-01 -3.4640e-01
2 0 +2.286527472e+02 +1.383227472e+02 +1.383227472e+02 -1.5479e-02 +6.7378e-01 -7.3020e-01 +1.8861e-01 +6.9830e-01 +1.0571e-01 -1.7120e-01 +1.4783e-01 -2.7328e-01 -8.0031e-03
3 0 +1.383597117e+02 +4.802971175e+01 +4.802971175e+01 -2.2351e-01 -2.7972e-02 +3.3818e-01 +2.7602e-01 +4.0329e-01 -1.1002e-01 -9.0023e-02 -3.1898e-01 -1.0564e-01 -2.6441e-01
4 0 +7.937238609e+01 -1.095761391e+01 -1.095761391e+01 +2.3026e-01 +5.1797e-02 -1.4716e-01 +1.5223e-01 +3.6986e-02 -1.0832e-01 -1.7823e-01 -1.9622e-01 -5.2536e-02 +7.3069e-02
18 0 +6.996923495e+01 -2.036076505e+01 -2.036076505e+01 +1.9165e-02 -2.1903e-01 -3.7872e-01 +5.2311e-01 +1.1218e-01 +5.5602e-03 +9.3530e-02 +2.6851e-01 +1.0465e-02 +1.0796e-01
96 0 +6.374535043e+01 -2.658464957e+01 -2.658464957e+01 -2.2819e-02 -1.1240e-01 -2.9073e-01 +1.9563e-01 +3.2080e-02 -1.8152e-01 +3.1492e-01 +1.6865e-01 -1.4441e-01 -5.9283e-02
101 0 +5.953823812e+01 -3.079176188e+01 -3.079176188e+01 +6.2277e-02 -9.3504e-02 -3.7679e-01 +2.8487e-01 +5.2653e-02 -1.4357e-01 +8.0171e-02 +2.8670e-01 -1.2134e-01 -1.1907e-01
124 0 +5.711640429e+01 -3.321359571e+01 -3.321359571e+01 +1.3918e-01 -4.1035e-02 -3.9695e-01 +1.1478e-01 +4.2855e-02 -2.1761e-01 +2.0919e-01 +2.2540e-01 -9.8033e-02 -4.0903e-02
133 0 +5.554884782e+01 -3.478115218e+01 -3.478115218e+01 +1.2873e-01 -1.2114e-01 -2.3535e-01 +2.9719e-01 +9.9545e-02 -1.3342e-01 +1.9041e-01 +2.7554e-01 -5.5617e-02 -1.0834e-01
143 0 +5.361062553e+01 -3.671937447e+01 -3.671937447e+01 +1.3976e-01 -3.1061e-02 -3.5119e-01 +2.1011e-01 +1.1330e-01 -2.7150e-01 +2.1207e-01 +2.6735e-01 -1.7710e-02 +1.9544e-02
155 0 +5.174753248e+01 -3.858246752e+01 -3.858246752e+01 +7.8096e-02 -1.9937e-02 -2.9027e-01 +2.7324e-01 +1.3612e-01 -2.5386e-01 +1.5827e-01 +1.7515e-01 -4.8071e-02 -3.2147e-02
167 0 +4.844302386e+01 -4.188697614e+01 -4.188697614e+01 +3.9460e-02 -4.2046e-02 -2.9032e-01 +2.5352e-01 +6.9628e-02 -1.9440e-01 +1.9516e-01 +2.7587e-01 -3.5514e-02 -2.6035e-02
174 0 +4.357792258e+01 -4.675207742e+01 -4.675207742e+01 +1.4039e-01 -4.8954e-02 -3.4178e-01 +3.3629e-01 +5.2008e-02 -2.0027e-01 +2.9685e-01 +2.8155e-01 +2.1963e-02 +5.4808e-02
176 0 +3.730596882e+01 -5.302403118e+01 -5.302403118e+01 +6.4011e-02 -1.2750e-01 -1.2162e-01 +2.6813e-01 +1.4724e-02 -1.7794e-01 +2.8523e-01 +2.4751e-01 +3.1418e-02 +5.3107e-02
189 0 +3.577065383e+01 -5.455934617e+01 -5.455934617e+01 +1.3216e-01 -1.4252e-01 -2.0781e-01 +2.5727e-01 +1.4806e-02 -7.9295e-02 +3.3188e-01 +3.1193e-01 +9.9918e-02 +1.1497e-01
210 0 +3.169800102e+01 -5.863199898e+01 -5.863199898e+01 +1.3143e-01 -1.6208e-01 -8.3590e-02 +2.4098e-01 -1.9865e-02 -1.1724e-01 +3.3970e-01 +2.4272e-01 +1.3159e-01 +9.1130e-02
258 0 +3.148202170e+01 -5.884797830e+01 -5.884797830e+01 +1.6030e-01 -1.2640e-01 -5.7236e-02 +4.0641e-01 +2.9067e-02 -1.2997e-01 +3.8018e-01 +1.7892e-01 +1.9998e-01 +1.6699e-01
271 0 +2.831841345e+01 -6.201158655e+01 -6.201158655e+01 +1.3054e-01 -1.5157e-01 -1.3294e-02 +3.7299e-01 +5.7990e-03 -1.1136e-01 +3.8701e-01 +1.9681e-01 +1.7653e-01 +1.6516e-01
276 0 +2.699315615e+01 -6.333684385e+01 -6.333684385e+01 +1.9942e-01 -2.2174e-01 -1.0157e-01 +3.1705e-01 +2.1859e-02 -1.6020e-01 +4.2805e-01 +2.4422e-01 +1.4326e-01 +1.2146e-01
280 0 +2.585468676e+01 -6.447531324e+01 -6.447531324e+01 +1.4617e-01 -1.7595e-01 -4.8901e-02 +3.3095e-01 +1.2536e-02 -8.7633e-02 +3.7444e-01 +2.4739e-01 +1.7643e-01 +1.7171e-01
284 0 +2.418128747e+01 -6.614871253e+01 -6.614871253e+01 +1.2854e-01 -2.1071e-01 -4.6377e-02 +3.6830e-01 +3.4585e-02 -7.6371e-02 +4.0790e-01 +2.1740e-01 +2.1838e-01 +1.9059e-01
290 0 +2.299007015e+01 -6.733992985e+01 -6.733992985e+01 +1.2907e-01 -2.3263e-01 +2.7954e-02 +3.0347e-01 +1.2138e-02 -1.3233e-01 +4.6220e-01 +1.8126e-01 +1.7325e-01 +2.0078e-01
297 0 +2.246647421e+01 -6.786352579e+01 -6.786352579e+01 +1.5124e-01 -2.1824e-01 -1.8546e-02 +3.8556e-01 +7.8216e-02 -6.9395e-02 +4.6211e-01 +1.4706e-01 +1.6252e-01 +2.3625e-01
302 0 +2.143156880e+01 -6.889843120e+01 -6.889843120e+01 +1.4016e-01 -2.2724e-01 +1.6165e-02 +3.0500e-01 +7.1198e-02 -7.9881e-02 +4.4698e-01 +1.9142e-01 +1.5493e-01 +2.0048e-01
305 0 +1.727037622e+01 -7.305962378e+01 -7.305962378e+01 +1.0663e-01 -2.5992e-01 +1.8040e-02 +3.7736e-01 +1.0278e-01 -3.7025e-02 +5.0894e-01 +2.2910e-01 +1.7603e-01 +2.6115e-01
317 0 +1.611360583e+01 -7.421639417e+01 -7.421639417e+01 +1.2860e-01 -3.2654e-01 +6.8123e-02 +4.4731e-01 +6.8762e-02 -2.7992e-02 +6.0864e-01 +1.8910e-01 +1.8893e-01 +3.5633e-01
318 0 +1.454947951e+01 -7.578052049e+01 -7.578052049e+01 +1.5110e-01 -3.0605e-01 +3.4671e-02 +3.2917e-01 +5.8684e-02 -1.0082e-01 +5.5069e-01 +2.7332e-01 +1.7212e-01 +2.6857e-01
322 0 +1.205864164e+01 -7.827135836e+01 -7.827135836e+01 +1.3966e-01 -3.1916e-01 +4.5598e-02 +3.2429e-01 +9.2168e-02 -5.6499e-02 +6.3996e-01 +2.6851e-01 +1.3316e-01 +3.3037e-01
332 0 +1.141135428e+01 -7.891864572e+01 -7.891864572e+01 +2.0186e-01 -2.8710e-01 -3.0906e-02 +4.0473e-01 +1.1498e-01 -7.3528e-02 +6.1879e-01 +2.8895e-01 +1.9802e-01 +3.5021e-01
338 0 +1.026558406e+01 -8.006441594e+01 -8.006441594e+01 +2.3508e-01 -3.3892e-01 +2.7342e-02 +3.4038e-01 +5.0203e-02 -1.0583e-01 +6.4833e-01 +2.7625e-01 +1.8167e-01 +3.2412e-01
372 0 +9.775890880e+00 -8.055410912e+01 -8.055410912e+01 +2.1642e-01 -2.5725e-01 -2.4792e-02 +4.2113e-01 +3.6056e-02 -1.2659e-01 +7.0651e-01 +3.2892e-01 +1.7831e-01 +2.7732e-01
384 0 +7.161756445e+00 -8.316824355e+01 -8.316824355e+01 +2.1529e-01 -3.2328e-01 -2.6385e-02 +4.2254e-01 +7.1996e-02 -1.0657e-01 +7.2933e-01 +3.1151e-01 +1.5766e-01 +3.8060e-01
392 0 +7.022291123e+00 -8.330770888e+01 -8.330770888e+01 +2.6883e-01 -3.3441e-01 +3.2799e-02 +4.5744e-01 +6.7002e-02 -6.6449e-02 +7.4808e-01 +3.2731e-01 +1.5620e-01 +4.3166e-01
393 0 +6.665771874e+00 -8.366422813e+01 -8.366422813e+01 +1.7864e-01 -3.0724e-01 -2.3572e-03 +3.7258e-01 +1.0093e-02 -9.8755e-02 +7.4426e-01 +3.1812e-01 +1.6492e-01 +3.4233e-01
401 0 +6.041894764e+00 -8.428810524e+01 -8.428810524e+01 +2.2134e-01 -3.5422e-01 +3.8976e-02 +4.3043e-01 +4.2707e-02 -7.9894e-02 +7.2431e-01 +3.0743e-01 +1.0637e-01 +3.7513e-01
408 0 +5.847988139e+00 -8.448201186e+01 -8.448201186e+01 +2.0717e-01 -3.3023e-01 -7.1514e-04 +3.9527e-01 +2.2794e-02 -6.1207e-02 +6.9467e-01 +3.6672e-01 +1.8175e-01 +3.5667e-01
420 0 +4.512587812e+00 -8.581741219e+01 -8.581741219e+01 +1.8791e-01 -3.1582e-01 +5.0501e-02 +4.3005e-01 -9.1600e-03 -5.3421e-02 +7.5475e-01 +3.3755e-01 +1.7441e-01 +3.8162e-01
434 0 +3.306794472e+00 -8.702320553e+01 -8.702320553e+01 +2.3774e-01 -3.5198e-01 +4.0403e-02 +4.8482e-01 +1.6254e-03 -6.7150e-02 +7.6728e-01 +3.7966e-01 +2.2688e-01 +3.8630e-01
479 0 +3.182399185e+00 -8.714760081e+01 -8.714760081e+01 +2.5127e-01 -3.6208e-01 +4.3462e-02 +4.3501e-01 -1.0193e-02 -7.6351e-02 +7.7331e-01 +3.8201e-01 +2.1811e-01 +3.7999e-01
485 0 +3.127652917e+00 -8.720234708e+01 -8.720234708e+01 +2.1895e-01 -3.5952e-01 +4.4433e-02 +4.2761e-01 -1.2067e-03 -8.2693e-02 +7.6586e-01 +3.6379e-01 +2.0511e-01 +3.7882e-01
486 0 +2.746200421e+00 -8.758379958e+01 -8.758379958e+01 +2.3967e-01 -3.7693e-01 +6.6329e-02 +4.3144e-01 -3.7359e-03 -6.8197e-02 +7.9578e-01 +3.8323e-01 +1.9298e-01 +3.8300e-01
490 0 +2.687605580e+00 -8.764239442e+01 -8.764239442e+01 +2.3364e-01 -3.7159e-01 +6.4552e-02 +4.3612e-01 -3.5101e-03 -7.5197e-02 +7.8893e-01 +4.0258e-01 +2.0039e-01 +3.8892e-01
491 0 +2.551695335e+00 -8.777830467e+01 -8.777830467e+01 +2.3908e-01 -3.8888e-01 +6.9367e-02 +4.5700e-01 -1.9112e-02 -7.6162e-02 +7.9349e-01 +3.7918e-01 +2.2186e-01 +4.0505e-01
502 0 +1.965744722e+00 -8.836425528e+01 -8.836425528e+01 +2.5438e-01 -3.8749e-01 +3.5869e-02 +4.6729e-01 -1.4095e-02 -6.9941e-02 +7.7011e-01 +4.0918e-01 +2.0397e-01 +3.7320e-01
523 0 +1.813670090e+00 -8.851632991e+01 -8.851632991e+01 +2.4433e-01 -3.7695e-01 +5.4850e-02 +4.4454e-01 -2.5806e-02 -9.3807e-02 +7.9286e-01 +3.9558e-01 +1.7497e-01 +3.6686e-01
525 0 +1.491670925e+00 -8.883832907e+01 -8.883832907e+01 +2.4192e-01 -3.8304e-01 +6.1838e-02 +4.6118e-01 -4.3845e-02 -9.3695e-02 +7.8094e-01 +4.0105e-01 +1.9491e-01 +3.8045e-01
536 0 +1.310100774e+00 -8.901989923e+01 -8.901989923e+01 +2.4105e-01 -4.0673e-01 +7.9571e-02 +4.7674e-01 -3.7667e-02 -7.1285e-02 +8.1796e-01 +4.4295e-01 +2.0121e-01 +3.9872e-01
537 0 +1.268649480e+00 -8.906135052e+01 -8.906135052e+01 +2.3710e-01 -3.8669e-01 +6.2699e-02 +4.5608e-01 -4.0947e-02 -9.0688e-02 +7.9339e-01 +4.0180e-01 +1.8704e-01 +3.9244e-01
545 0 +1.101953126e+00 -8.922804687e+01 -8.922804687e+01 +2.2745e-01 -3.8989e-01 +7.1086e-02 +4.6122e-01 -4.3350e-02 -7.6034e-02 +7.9396e-01 +4.1547e-01 +1.8236e-01 +3.8644e-01
560 0 +8.026272210e-01 -8.952737278e+01 -8.952737278e+01 +2.3668e-01 -3.9041e-01 +5.2793e-02 +4.6097e-01 -4.9747e-02 -8.3679e-02 +8.1262e-01 +4.3311e-01 +1.6956e-01 +3.9859e-01
587 0 +7.745008235e-01 -8.955549918e+01 -8.955549918e+01 +2.1640e-01 -3.9047e-01 +5.6464e-02 +4.7544e-01 -6.7133e-02 -8.9525e-02 +7.8778e-01 +4.4116e-01 +1.6997e-01 +3.7660e-01
600 0 +6.373603034e-01 -8.969263970e+01 -8.969263970e+01 +2.3476e-01 -4.0028e-01 +5.6407e-02 +4.7445e-01 -6.4259e-02 -9.0040e-02 +8.0933e-01 +4.4613e-01 +1.7199e-01 +3.8031e-01
611 0 +6.110742923e-01 -8.971892571e+01 -8.971892571e+01 +2.1707e-01 -3.9763e-01 +5.1538e-02 +4.7705e-01 -7.1822e-02 -8.6532e-02 +8.1397e-01 +4.5723e-01 +1.5779e-01 +3.8587e-01
618 0 +5.935197451e-01 -8.973648025e+01 -8.973648025e+01 +2.2346e-01 -4.0224e-01 +6.0445e-02 +4.7981e-01 -8.0803e-02 -8.8121e-02 +8.1703e-01 +4.6159e-01 +1.5739e-01 +4.0136e-01
637 0 +5.734665074e-01 -8.975653349e+01 -8.975653349e+01 +2.2506e-01 -4.0255e-01 +5.5473e-02 +4.7513e-01 -8.1657e-02 -8.7887e-02 +8.1738e-01 +4.6118e-01 +1.6166e-01 +3.8811e-01
659 0 +5.198342186e-01 -8.981016578e+01 -8.981016578e+01 +2.2606e-01 -4.0331e-01 +5.1920e-02 +4.8669e-01 -7.1997e-02 -8.5181e-02 +8.2451e-01 +4.5562e-01 +1.7603e-01 +3.9623e-01
668 0 +5.101017459e-01 -8.981989825e+01 -8.981989825e+01 +2.2123e-01 -4.0504e-01 +5.1822e-02 +4.8463e-01 -7.3772e-02 -8.3088e-02 +8.1475e-01 +4.6098e-01 +1.7465e-01 +3.9225e-01
705 0 +4.988593250e-01 -8.983114067e+01 -8.983114067e+01 +2.3413e-01 -4.0430e-01 +4.7926e-02 +4.8638e-01 -7.2277e-02 -8.3685e-02 +8.2101e-01 +4.6280e-01 +1.7394e-01 +3.8951e-01
741 0 +4.890825091e-01 -8.984091749e+01 -8.984091749e+01 +2.3063e-01 -4.0521e-01 +4.9642e-02 +4.8607e-01 -7.1998e-02 -8.6276e-02 +8.1668e-01 +4.6255e-01 +1.7732e-01 +3.8799e-01
785 0 +4.772611961e-01 -8.985273880e+01 -8.985273880e+01 +2.2964e-01 -4.0593e-01 +4.9588e-02 +4.9299e-01 -7.1795e-02 -8.2539e-02 +8.1756e-01 +4.6597e-01 +1.7736e-01 +3.8682e-01
861 0 +4.671767229e-01 -8.986282328e+01 -8.986282328e+01 +2.3082e-01 -4.0937e-01 +4.7962e-02 +4.9881e-01 -7.3915e-02 -8.1698e-02 +8.1808e-01 +4.7507e-01 +1.8048e-01 +3.8279e-01
934 0 +4.565331802e-01 -8.987346682e+01 -8.987346682e+01 +2.2941e-01 -4.0907e-01 +4.7139e-02 +5.0051e-01 -7.1442e-02 -7.8394e-02 +8.1385e-01 +4.7478e-01 +1.8478e-01 +3.7990e-01
1000 0 +4.495771999e-01 -8.988042280e+01 -8.988042280e+01 +2.3003e-01 -4.0914e-01 +4.4843e-02 +5.0115e-01 -7.1447e-02 -7.6740e-02 +8.1222e-01 +4.7631e-01 +1.8621e-01 +3.7608e-01
% f evaluations | g evaluations | best noise-free fitness - Fopt (6.561000000000e+01) + sum g_i+ | measured fitness | best measured fitness or single-digit g-values | x1 | x2...
1 0 +9.199494403e+01 +1.576049440e+02 +1.576049440e+02 -1.6417e-01 +1.3548e-02 +3.5565e-01 +1.2884e-01 +8.0616e-02 +7.4236e-01 -2.3008e-01 -2.3268e-01 -2.7969e-01 +2.1141e-01
5 0 +8.639878863e+01 +1.520087886e+02 +1.520087886e+02 +3.2555e-02 +3.8180e-01 +2.6101e-01 +6.0687e-02 +1.2604e-01 -4.4420e-02 -4.7310e-01 +6.2070e-02 +5.8976e-02 -6.8842e-02
18 0 +7.398435413e+01 +1.395943541e+02 +1.395943541e+02 -4.8585e-01 +4.1168e-02 -2.6792e-02 +7.8183e-02 +2.0040e-01 -3.6897e-01 -6.5049e-01 -1.2444e-01 +2.4995e-01 +5.8969e-02
19 0 +6.026547114e+01 +1.258754711e+02 +1.258754711e+02 +3.8538e-02 +2.5628e-01 +1.0099e+00 +3.1661e-02 -2.1696e-01 +5.8336e-01 -2.5696e-01 -1.3683e-01 +8.7519e-02 +7.9294e-02
43 0 +4.670970701e+01 +1.123197070e+02 +1.123197070e+02 +5.4401e-02 +1.5905e-02 +6.1896e-01 +1.0913e-01 -2.2765e-01 +2.0943e-01 -6.7596e-01 -2.5933e-01 +3.9542e-01 +4.2827e-01
61 0 +3.928455978e+01 +1.048945598e+02 +1.048945598e+02 +2.8306e-01 +5.6814e-01 +6.2661e-01 +4.5164e-01 -9.7827e-02 +6.3184e-02 -6.1438e-01 +1.6475e-01 +1.5031e-01 +1.4862e-01
71 0 +3.011474395e+01 +9.572474395e+01 +9.572474395e+01 +4.8307e-02 +1.2824e-01 +7.6402e-01 +6.0552e-01 -1.4974e-01 +3.7423e-01 -8.0894e-01 +2.1675e-02 +4.7144e-01 +1.9343e-01
117 0 +2.901720194e+01 +9.462720194e+01 +9.462720194e+01 +1.3999e-01 +1.6583e-01 +7.8449e-01 +2.0603e-01 -5.0553e-01 +4.5738e-01 -1.0885e+00 +6.3526e-02 +1.9957e-01 +1.5109e-01
124 0 +2.086140676e+01 +8.647140676e+01 +8.647140676e+01 -2.0417e-01 +2.8007e-01 +8.1511e-01 +1.9638e-01 -4.8091e-01 +2.9721e-01 -1.1118e+00 +2.7191e-01 +4.6171e-01 +2.1528e-01
137 0 +2.033247677e+01 +8.594247677e+01 +8.594247677e+01 +3.1750e-02 +3.1442e-01 +8.4919e-01 +1.2048e-01 -3.7867e-01 +2.7700e-01 -9.2093e-01 +2.5054e-01 +3.8175e-01 +1.9759e-01
139 0 +1.632132894e+01 +8.193132894e+01 +8.193132894e+01 -2.3729e-01 +1.9079e-01 +8.9147e-01 +3.9306e-01 -4.9706e-01 +2.4455e-01 -1.2184e+00 +2.7144e-01 +4.4829e-01 +4.3067e-01
164 0 +1.230021077e+01 +7.791021077e+01 +7.791021077e+01 +1.3122e-01 +1.3272e-01 +1.0344e+00 +3.8540e-01 -4.3185e-01 +2.4958e-01 -9.3449e-01 +2.6598e-01 +3.2500e-01 +2.8814e-01
251 0 +1.173349438e+01 +7.734349438e+01 +7.734349438e+01 -1.8394e-01 +1.3046e-01 +9.0789e-01 +3.5087e-01 -3.7637e-01 +2.2771e-01 -9.3236e-01 +2.3910e-01 +3.2934e-01 +3.2082e-01
253 0 +1.098710261e+01 +7.659710261e+01 +7.659710261e+01 -2.2231e-01 +1.1057e-01 +9.1114e-01 +4.3806e-01 -3.9967e-01 +2.0455e-01 -9.8665e-01 +2.2897e-01 +3.7131e-01 +3.0222e-01
255 0 +1.063392823e+01 +7.624392823e+01 +7.624392823e+01 -1.5118e-01 +1.4358e-01 +9.3847e-01 +3.5059e-01 -3.7820e-01 +2.0516e-01 -9.7431e-01 +1.7601e-01 +3.3979e-01 +3.0225e-01
280 0 +1.014996820e+01 +7.575996820e+01 +7.575996820e+01 -1.7133e-01 +1.8739e-01 +9.6472e-01 +3.5804e-01 -4.1471e-01 +1.9197e-01 -1.0144e+00 +2.0208e-01 +3.8858e-01 +3.5086e-01
297 0 +9.951814133e+00 +7.556181413e+01 +7.556181413e+01 -1.9901e-01 +1.3349e-01 +9.7544e-01 +4.1266e-01 -4.3167e-01 +1.7662e-01 -1.0850e+00 +2.3612e-01 +3.4760e-01 +3.1472e-01
345 0 +9.669798441e+00 +7.527979844e+01 +7.527979844e+01 -1.9641e-01 +1.2524e-01 +9.3317e-01 +3.6702e-01 -4.1253e-01 +1.8524e-01 -1.0800e+00 +2.8535e-01 +3.5016e-01 +3.2197e-01
405 0 +9.532653278e+00 +7.514265328e+01 +7.514265328e+01 -2.0316e-01 +1.3588e-01 +9.3808e-01 +3.7596e-01 -4.2266e-01 +2.0384e-01 -1.0854e+00 +2.7260e-01 +3.5913e-01 +3.1405e-01
766 0 +9.329614562e+00 +7.493961456e+01 +7.493961456e+01 -5.5314e-02 +1.8277e-01 +9.6157e-01 +3.9105e-01 -4.1671e-01 +2.4312e-01 -1.0034e+00 +1.9593e-01 +3.8403e-01 +3.2075e-01
874 0 +9.108025630e+00 +7.471802563e+01 +7.471802563e+01 +6.5322e-02 +2.0742e-01 +9.5920e-01 +3.9612e-01 -4.2064e-01 +2.6957e-01 -9.0586e-01 +1.4817e-01 +4.0043e-01 +2.8636e-01
1000 0 +8.947892390e+00 +7.455789239e+01 +7.455789239e+01 +8.9416e-02 +1.9981e-01 +9.7708e-01 +3.9091e-01 -4.2610e-01 +2.5744e-01 -8.7426e-01 +1.3666e-01 +3.8952e-01 +2.9098e-01
% f evaluations | g evaluations | best noise-free fitness - Fopt (9.348200000000e+02) + sum g_i+ | measured fitness | best measured fitness or single-digit g-values | x1 | x2...
1 0 +3.894421113e+02 +1.324262111e+03 +1.324262111e+03 +9.1027e-01 -7.0634e-01 +1.1943e-02 +1.2172e-01 +3.6838e-01 -8.3081e-02 -4.2144e-02 -2.2744e-02 +1.0858e-02 -5.5548e-01
2 0 +1.112741033e+02 +1.046094103e+03 +1.046094103e+03 +2.1043e-02 -3.6231e-02 +1.9792e-01 -2.3993e-01 -3.9636e-01 -1.1394e-01 +4.7566e-01 -2.0362e-02 -3.3243e-01 +7.3838e-03
9 0 +9.295456040e+01 +1.027774560e+03 +1.027774560e+03 -3.9847e-01 -9.7577e-02 +5.2279e-01 -1.2940e-01 -1.8491e-02 -2.2682e-01 -3.3130e-01 +2.9454e-03 -3.3160e-01 -3.7361e-01
10 0 +4.871968994e+01 +9.835396899e+02 +9.835396899e+02 -9.6899e-02 -2.5083e-01 -5.0386e-02 -9.8511e-02 -7.4536e-02 +8.8531e-02 -2.2377e-01 +9.5439e-02 -1.5034e-01 -2.3225e-01
12 0 +4.373031995e+01 +9.785503200e+02 +9.785503200e+02 -3.0158e-01 -4.4056e-02 +3.1965e-01 +3.9498e-02 -1.6077e-01 +5.6047e-02 -1.4410e-01 +1.0197e-01 -3.2940e-01 -4.0768e-01
48 0 +4.278001898e+01 +9.776000190e+02 +9.776000190e+02 -2.7981e-01 -4.7265e-01 +2.6595e-01 +5.3248e-01 -3.1169e-01 -6.8838e-02 +3.7827e-01 +7.8981e-01 -4.1360e-01 -6.6704e-01
67 0 +3.951211876e+01 +9.743321188e+02 +9.743321188e+02 -3.5340e-01 -2.6389e-02 +2.2961e-02 +1.2142e-01 -3.8081e-01 -2.5808e-01 +5.9047e-02 +1.3724e-01 -1.0070e+00 -4.6974e-01
82 0 +3.795894921e+01 +9.727789492e+02 +9.727789492e+02 -9.9834e-02 -3.7753e-01 +5.1294e-01 +6.2018e-01 -3.4069e-01 -2.4632e-01 +2.2860e-01 +1.4064e-01 -7.7113e-01 -5.2849e-01
100 0 +3.015361637e+01 +9.649736164e+02 +9.649736164e+02 -1.9277e-01 -3.7956e-01 +4.0937e-01 +3.8223e-01 -3.6096e-01 -9.8449e-02 +2.4848e-01 +5.0824e-02 -9.1995e-01 -5.5863e-01
102 0 +1.851183834e+01 +9.533318383e+02 +9.533318383e+02 -3.6272e-01 +1.8097e-02 +4.9437e-01 +4.3727e-01 -1.2486e-01 -1.0542e-01 +3.2187e-01 -1.5167e-01 -9.9213e-01 -6.8700e-01
134 0 +1.273810832e+01 +9.475581083e+02 +9.475581083e+02 -4.0259e-01 -1.0098e-01 +2.9124e-01 +3.2482e-01 -1.7753e-01 -2.8340e-02 +1.6185e-01 +4.5471e-02 -9.2010e-01 -6.3064e-01
167 0 +1.063213583e+01 +9.454521358e+02 +9.454521358e+02 -4.1922e-01 -1.2241e-01 +3.9490e-01 +2.7267e-01 -2.6263e-01 -9.4600e-02 +2.4281e-01 +1.3536e-01 -8.1134e-01 -6.4637e-01
193 0 +9.919856960e+00 +9.447398570e+02 +9.447398570e+02 -3.8361e-01 -6.3396e-02 +3.0554e-01 +4.3375e-01 -2.6579e-01 -1.9622e-01 +1.8888e-01 +5.2552e-02 -8.6820e-01 -7.2241e-01
203 0 +9.222366479e+00 +9.440423665e+02 +9.440423665e+02 -3.9123e-01 -8.2763e-02 +2.2160e-01 +4.7475e-01 -3.3648e-01 -1.1305e-01 +2.2484e-01 +4.0465e-02 -8.8788e-01 -7.5411e-01
206 0 +8.825141147e+00 +9.436451411e+02 +9.436451411e+02 -4.4648e-01 +1.4108e-02 +3.1678e-01 +3.9549e-01 -3.3235e-01 -9.8264e-02 +1.6230e-01 +9.9552e-02 -9.1616e-01 -6.6153e-01
252 0 +8.096437981e+00 +9.429164380e+02 +9.429164380e+02 -4.1569e-01 -7.6176e-02 +3.4212e-01 +4.3184e-01 -3.9898e-01 -1.1205e-01 +2.1716e-01 +1.2755e-01 -8.6943e-01 -7.4822e-01
290 0 +7.941279811e+00 +9.427612798e+02 +9.427612798e+02 -4.1660e-01 -7.2908e-02 +3.3413e-01 +3.8203e-01 -3.3489e-01 -1.2176e-01 +1.5688e-01 +1.4152e-01 -8.3647e-01 -7.4317e-01
294 0 +7.692701162e+00 +9.425127012e+02 +9.425127012e+02 -4.0856e-01 -9.1842e-02 +3.4097e-01 +3.6077e-01 -3.2241e-01 -1.0239e-01 +2.0103e-01 +1.1440e-01 -8.3223e-01 -6.9450e-01
300 0 +7.485943740e+00 +9.423059437e+02 +9.423059437e+02 -4.0673e-01 -7.7076e-02 +3.0085e-01 +3.6922e-01 -3.7187e-01 -9.9657e-02 +1.7796e-01 +1.4731e-01 -8.6317e-01 -7.3775e-01
321 0 +7.357983257e+00 +9.421779833e+02 +9.421779833e+02 -4.0782e-01 -9.2532e-02 +3.2602e-01 +3.6137e-01 -3.5805e-01 -1.1647e-01 +2.1708e-01 +1.7257e-01 -8.6362e-01 -6.8923e-01
394 0 +7.242038560e+00 +9.420620386e+02 +9.420620386e+02 -3.9052e-01 -9.4702e-02 +3.0635e-01 +3.7523e-01 -3.7407e-01 -9.1713e-02 +1.6832e-01 +1.6274e-01 -8.5221e-01 -6.9403e-01
439 0 +7.073665646e+00 +9.418936656e+02 +9.418936656e+02 -3.8726e-01 -1.0776e-01 +3.2389e-01 +3.7377e-01 -3.7929e-01 -9.5349e-02 +1.7650e-01 +1.9317e-01 -8.3686e-01 -6.8487e-01
541 0 +6.892672159e+00 +9.417126722e+02 +9.417126722e+02 -3.7200e-01 -1.4220e-01 +3.5039e-01 +3.7108e-01 -3.7020e-01 -1.0295e-01 +1.8029e-01 +2.7069e-01 -7.8927e-01 -6.6884e-01
624 0 +6.753193650e+00 +9.415731937e+02 +9.415731937e+02 -3.6433e-01 -1.5665e-01 +3.5501e-01 +3.6703e-01 -3.8358e-01 -9.9831e-02 +1.7240e-01 +3.0315e-01 -7.8373e-01 -6.5519e-01
666 0 +6.556576477e+00 +9.413765765e+02 +9.413765765e+02 -3.4984e-01 -1.9095e-01 +3.6426e-01 +3.4876e-01 -3.9347e-01 -8.5052e-02 +1.6403e-01 +3.6799e-01 -7.5073e-01 -6.3577e-01
750 0 +6.436635113e+00 +9.412566351e+02 +9.412566351e+02 -3.0616e-01 -2.5162e-01 +3.5225e-01 +3.0117e-01 -3.8257e-01 -8.3323e-02 +1.9299e-01 +4.6112e-01 -6.9694e-01 -6.0973e-01
782 0 +6.256625845e+00 +9.410766258e+02 +9.410766258e+02 -2.8557e-01 -2.9224e-01 +3.7624e-01 +3.1827e-01 -4.1897e-01 -9.1226e-02 +1.8764e-01 +5.0840e-01 -6.6492e-01 -5.8741e-01
802 0 +6.156298891e+00 +9.409762989e+02 +9.409762989e+02 -2.8159e-01 -2.8021e-01 +4.0491e-01 +3.3766e-01 -4.0736e-01 -9.4364e-02 +1.9365e-01 +5.0645e-01 -6.6648e-01 -5.6404e-01
857 0 +5.973620387e+00 +9.407936204e+02 +9.407936204e+02 -2.6379e-01 -3.0790e-01 +3.9866e-01 +3.1813e-01 -4.0442e-01 -9.5650e-02 +2.1461e-01 +5.4242e-01 -6.1940e-01 -5.6819e-01
896 0 +5.876411015e+00 +9.406964110e+02 +9.406964110e+02 -2.5201e-01 -3.1588e-01 +4.0789e-01 +3.2529e-01 -4.0074e-01 -9.5479e-02 +2.0894e-01 +5.9195e-01 -6.1277e-01 -5.5424e-01
924 0 +5.729529995e+00 +9.405495300e+02 +9.405495300e+02 -2.2504e-01 -3.3657e-01 +4.0696e-01 +3.2580e-01 -3.9934e-01 -1.0164e-01 +2.3183e-01 +6.2461e-01 -5.8484e-01 -5.3303e-01
986 0 +5.580345173e+00 +9.404003452e+02 +9.404003452e+02 -2.1122e-01 -3.5263e-01 +3.9522e-01 +3.2933e-01 -3.8602e-01 -9.4307e-02 +2.3243e-01 +6.2938e-01 -5.6061e-01 -5.2180e-01
1000 0 +5.580345173e+00 +9.404003452e+02 +9.404003452e+02 -2.1122e-01 -3.5263e-01 +3.9522e-01 +3.2933e-01 -3.8602e-01 -9.4307e-02 +2.3243e-01 +6.2938e-01 -5.6061e-01 -5.2180e-01
% f evaluations | g evaluations | best noise-free fitness - Fopt (-6.371000000000e+01) + sum g_i+ | measured fitness | best measured fitness or single-digit g-values | x1 | x2...
1 0 +1.904273096e+02 +1.267173096e+02 +1.267173096e+02 +3.9137e-01 -4.2134e-01 -2.6058e-01 -3.0095e-01 +2.4729e-01 +4.0672e-01 +1.5462e-01 -9.8458e-02 +3.4985e-01 -4.9611e-01
4 0 +1.209172091e+02 +5.720720915e+01 +5.720720915e+01 -1.3874e-01 +4.5016e-01 +2.5917e-01 +5.9609e-02 +1.3938e-01 +1.3949e-01 -4.5333e-01 +2.2112e-01 +1.8423e-01 +3.1235e-01
13 0 +9.148840869e+01 +2.777840869e+01 +2.777840869e+01 +8.1921e-02 +1.7306e-01 +2.1503e-01 +1.9834e-01 -3.3726e-01 +1.8456e-01 -9.8432e-02 -4.8550e-02 +3.3802e-01 -1.4405e-01
15 0 +7.195941189e+01 +8.249411891e+00 +8.249411891e+00 -3.4583e-01 +1.9138e-02 +1.6481e-02 +3.2767e-01 -5.7100e-02 +3.0661e-01 -8.7399e-02 +7.7814e-02 +8.2986e-02 -1.0565e-01
52 0 +6.401427404e+01 +3.042740389e-01 +3.042740389e-01 -2.4151e-01 -1.2039e-01 +4.5098e-02 -1.8400e-01 -2.1609e-01 -1.5025e-01 +2.1269e-01 +2.0507e-01 -4.2854e-02 +1.2804e-01
54 0 +5.758282491e+01 -6.127175094e+00 -6.127175094e+00 -2.8833e-01 -6.4334e-02 +5.1078e-02 +1.1434e-01 -2.0958e-01 -9.3405e-02 +1.0431e-01 +1.8525e-01 -9.1446e-02 +2.5654e-02
74 0 +5.468212898e+01 -9.027871019e+00 -9.027871019e+00 -3.8432e-01 -1.0306e-02 -2.4439e-01 +1.6642e-02 -1.9110e-01 -1.8146e-02 +3.1364e-01 +3.2257e-01 -1.8319e-01 -2.8561e-02
90 0 +5.042782044e+01 -1.328217956e+01 -1.328217956e+01 -2.4284e-01 +1.7688e-01 -1.2439e-01 -6.9777e-03 -8.0862e-02 -4.3770e-02 +1.8751e-01 +1.8214e-01 -1.6669e-01 +1.8843e-01
92 0 +4.467439689e+01 -1.903560311e+01 -1.903560311e+01 -2.2344e-01 +2.5095e-02 -1.9023e-01 -9.8835e-02 -4.6102e-02 -2.6164e-01 +3.0408e-01 +3.5953e-01 -4.3130e-01 -3.9772e-02
106 0 +4.431622333e+01 -1.939377667e+01 -1.939377667e+01 -2.5414e-01 +1.9490e-01 -1.7939e-01 +4.8985e-02 +1.2200e-01 -2.7685e-01 +3.5948e-01 +3.0176e-01 -2.2300e-01 +1.6905e-01
124 0 +3.688735248e+01 -2.682264752e+01 -2.682264752e+01 -2.8573e-01 +3.9094e-02 -3.0593e-01 +9.7372e-03 +1.0314e-01 -2.2683e-01 +5.1067e-01 +7.9411e-02 -4.6136e-01 -5.3145e-02
168 0 +3.391769544e+01 -2.979230456e+01 -2.979230456e+01 -3.6544e-01 +4.6743e-02 -2.6498e-01 -1.0334e-01 +8.1401e-02 -1.0853e-01 +4.5839e-01 +3.3840e-01 -2.9905e-01 -9.3664e-02
171 0 +2.781238658e+01 -3.589761342e+01 -3.589761342e+01 -4.6354e-01 -2.2936e-02 -4.4854e-01 -1.6446e-01 +1.8441e-01 -1.1502e-01 +6.9996e-01 +2.6423e-01 -3.1260e-01 +4.1511e-02
185 0 +2.582725040e+01 -3.788274960e+01 -3.788274960e+01 -3.5313e-01 -4.7142e-02 -3.7571e-01 -7.0948e-02 +2.5342e-01 -1.3513e-01 +6.6922e-01 +2.9613e-01 -3.8600e-01 -7.1590e-02
192 0 +2.442541365e+01 -3.928458635e+01 -3.928458635e+01 -2.9985e-01 -5.0367e-02 -3.6863e-01 -8.2015e-02 +1.7263e-01 -2.0657e-01 +6.3820e-01 +3.2538e-01 -4.1259e-01 +3.3627e-02
200 0 +2.385928682e+01 -3.985071318e+01 -3.985071318e+01 -2.6740e-01 -2.0272e-02 -4.0555e-01 -1.2738e-01 +1.2274e-01 -2.3838e-01 +5.3443e-01 +3.7623e-01 -4.7947e-01 -1.2864e-01
203 0 +1.904323913e+01 -4.466676087e+01 -4.466676087e+01 -2.1968e-01 +4.7363e-02 -4.5429e-01 -1.9007e-01 +2.4165e-01 -2.1900e-01 +6.8352e-01 +2.4968e-01 -5.2336e-01 -1.6171e-01
209 0 +1.782425697e+01 -4.588574303e+01 -4.588574303e+01 -1.6872e-01 +1.0424e-01 -5.6777e-01 -2.6689e-01 +2.5571e-01 -3.0865e-01 +6.8608e-01 +2.3343e-01 -4.8915e-01 -1.3687e-02
216 0 +1.777881347e+01 -4.593118653e+01 -4.593118653e+01 -2.0730e-01 +4.0537e-02 -6.2535e-01 -3.3244e-01 +2.8530e-01 -3.4833e-01 +6.3840e-01 +2.4899e-01 -5.7945e-01 -1.4882e-01
223 0 +1.539352450e+01 -4.831647550e+01 -4.831647550e+01 -1.8958e-01 +8.9333e-02 -6.4221e-01 -2.0049e-01 +2.4439e-01 -3.8065e-01 +6.9892e-01 +3.3194e-01 -6.6559e-01 -1.0753e-01
236 0 +1.233998140e+01 -5.137001860e+01 -5.137001860e+01 -2.7339e-01 +1.7545e-01 -6.0652e-01 -2.6545e-01 +1.9075e-01 -3.1116e-01 +5.7156e-01 +3.8626e-01 -6.7135e-01 -1.1757e-01
250 0 +1.228602026e+01 -5.142397974e+01 -5.142397974e+01 -3.3719e-01 +8.3591e-02 -6.3984e-01 -2.2606e-01 +2.1723e-01 -2.7576e-01 +6.6489e-01 +3.2505e-01 -6.3219e-01 -1.3822e-01
257 0 +1.094713430e+01 -5.276286570e+01 -5.276286570e+01 -2.7894e-01 +8.5447e-02 -6.4116e-01 -1.7536e-01 +2.8913e-01 -1.9937e-01 +5.9771e-01 +3.1509e-01 -6.0907e-01 -7.7794e-02
272 0 +1.046784342e+01 -5.324215658e+01 -5.324215658e+01 -2.1166e-01 +3.6794e-02 -6.5944e-01 -1.8753e-01 +3.2244e-01 -2.9759e-01 +6.2689e-01 +4.3351e-01 -6.7380e-01 -1.0285e-01
275 0 +9.766408852e+00 -5.394359115e+01 -5.394359115e+01 -3.0687e-01 +1.3756e-01 -6.9539e-01 -2.4618e-01 +2.8521e-01 -2.4281e-01 +5.4852e-01 +4.6120e-01 -6.2891e-01 -8.9371e-02
284 0 +9.128078845e+00 -5.458192116e+01 -5.458192116e+01 -3.1203e-01 +9.3478e-02 -7.1142e-01 -2.2060e-01 +4.2110e-01 -2.0411e-01 +6.6229e-01 +3.9245e-01 -5.9118e-01 -1.1084e-01
291 0 +8.603564125e+00 -5.510643588e+01 -5.510643588e+01 -3.4410e-01 +1.1805e-01 -7.0114e-01 -2.0887e-01 +3.6494e-01 -2.3934e-01 +6.4923e-01 +4.0212e-01 -5.8280e-01 -5.5270e-02
347 0 +7.987320301e+00 -5.572267970e+01 -5.572267970e+01 -3.3058e-01 +9.0980e-02 -6.9018e-01 -2.0190e-01 +4.1443e-01 -2.7144e-01 +6.3472e-01 +4.3019e-01 -6.6507e-01 -5.4152e-02
381 0 +7.882722425e+00 -5.582727757e+01 -5.582727757e+01 -2.8206e-01 +1.5346e-01 -6.7899e-01 -2.8434e-01 +4.1491e-01 -2.8571e-01 +6.0635e-01 +4.1927e-01 -6.8154e-01 -5.7903e-02
393 0 +7.666981344e+00 -5.604301866e+01 -5.604301866e+01 -2.8370e-01 +1.4337e-01 -6.5122e-01 -2.7460e-01 +3.9870e-01 -2.9614e-01 +6.2261e-01 +4.3414e-01 -6.4850e-01 -3.5080e-02
418 0 +7.505224562e+00 -5.620477544e+01 -5.620477544e+01 -2.8819e-01 +1.5870e-01 -6.3914e-01 -2.3523e-01 +3.8651e-01 -2.8194e-01 +6.4840e-01 +4.1718e-01 -6.3628e-01 -4.2761e-02
467 0 +7.353885608e+00 -5.635611439e+01 -5.635611439e+01 -2.7370e-01 +1.5758e-01 -6.6023e-01 -2.2543e-01 +4.0368e-01 -2.8737e-01 +6.4294e-01 +4.2649e-01 -6.5457e-01 -5.9196e-02
561 0 +7.240657863e+00 -5.646934214e+01 -5.646934214e+01 -2.9810e-01 +1.7310e-01 -6.5854e-01 -2.1269e-01 +3.9615e-01 -2.7587e-01 +6.1348e-01 +4.3384e-01 -6.5760e-01 -8.4927e-02
688 0 +7.072536950e+00 -5.663746305e+01 -5.663746305e+01 -2.6334e-01 +2.1007e-01 -6.6114e-01 -2.0337e-01 +4.0503e-01 -2.7314e-01 +5.7449e-01 +4.4447e-01 -6.6918e-01 -1.1978e-01
780 0 +6.911224735e+00 -5.679877527e+01 -5.679877527e+01 -2.5890e-01 +2.5548e-01 -6.5021e-01 -1.8509e-01 +4.1436e-01 -2.7336e-01 +5.2339e-01 +4.5084e-01 -6.7227e-01 -1.6226e-01
831 0 +6.714960631e+00 -5.699503937e+01 -5.699503937e+01 -2.4599e-01 +2.9647e-01 -6.4553e-01 -1.8500e-01 +4.2922e-01 -2.6265e-01 +4.6825e-01 +4.5231e-01 -6.6556e-01 -1.9432e-01
865 0 +6.535226444e+00 -5.717477356e+01 -5.717477356e+01 -2.2279e-01 +3.4396e-01 -6.3103e-01 -1.7763e-01 +4.2377e-01 -2.6139e-01 +4.1182e-01 +4.4662e-01 -6.7379e-01 -2.1109e-01
892 0 +6.452666607e+00 -5.725733339e+01 -5.725733339e+01 -1.9873e-01 +4.0333e-01 -5.8942e-01 -1.7442e-01 +4.2056e-01 -2.6146e-01 +3.3003e-01 +4.5168e-01 -6.5652e-01 -2.4141e-01
943 0 +6.244872781e+00 -5.746512722e+01 -5.746512722e+01 -1.6215e-01 +4.7933e-01 -5.9614e-01 -1.5508e-01 +4.1035e-01 -2.3906e-01 +2.3936e-01 +4.5968e-01 -6.7383e-01 -2.5299e-01
956 0 +6.039305777e+00 -5.767069422e+01 -5.767069422e+01 -1.8375e-01 +4.5830e-01 -5.8753e-01 -1.6315e-01 +4.2237e-01 -2.3182e-01 +2.3828e-01 +4.4833e-01 -6.6120e-01 -2.2846e-01
964 0 +5.869244137e+00 -5.784075586e+01 -5.784075586e+01 -1.7331e-01 +4.9459e-01 -5.7062e-01 -1.8070e-01 +4.3040e-01 -2.4136e-01 +1.8014e-01 +4.3731e-01 -6.6336e-01 -2.3803e-01
998 0 +5.730284071e+00 -5.797971593e+01 -5.797971593e+01 -1.4974e-01 +5.3371e-01 -5.6056e-01 -1.7276e-01 +4.0336e-01 -2.4512e-01 +1.2078e-01 +4.5052e-01 -6.4496e-01 -2.3348e-01
1000 0 +5.730284071e+00 -5.797971593e+01 -5.797971593e+01 -1.4974e-01 +5.3371e-01 -5.6056e-01 -1.7276e-01 +4.0336e-01 -2.4512e-01 +1.2078e-01 +4.5052e-01 -6.4496e-01 -2.3348e-01
% f evaluations | g evaluations | best noise-free fitness - Fopt (1.000000000000e+03) + sum g_i+ | measured fitness | best measured fitness or single-digit g-values | x1 | x2...
1 0 +2.910160372e+02 +1.291016037e+03 +1.291016037e+03 +1.0025e-02 +3.2437e-01 -4.2754e-01 -2.8419e-01 -3.4689e-01 -2.4193e-01 +3.4929e-01 -2.2746e-01 -1.3777e-01 +4.5696e-01
2 0 +1.460481329e+02 +1.146048133e+03 +1.146048133e+03 +5.8548e-02 -1.6936e-01 +3.3935e-01 +1.4382e-01 -3.8614e-01 +1.4049e-01 +3.2805e-01 +5.5775e-02 +1.4926e-02 -3.6517e-01
4 0 +1.435422493e+02 +1.143542249e+03 +1.143542249e+03 -2.3049e-01 -2.8110e-01 -9.3662e-02 -2.3509e-01 -2.6464e-01 +3.1421e-01 -2.7124e-01 -2.3186e-01 -1.2179e-01 -6.1727e-02
11 0 +8.857516003e+01 +1.088575160e+03 +1.088575160e+03 -6.9062e-01 +9.6084e-02 +1.2815e-01 +4.1334e-01 -1.9505e-01 +8.0842e-02 +5.8881e-02 +1.6697e-01 +5.9723e-02 -6.3917e-01
12 0 +6.307046258e+01 +1.063070463e+03 +1.063070463e+03 -3.8104e-01 -3.8129e-02 +4.3707e-01 -2.8867e-02 -2.2172e-01 -3.2366e-01 +8.8944e-02 +2.5481e-01 -5.4047e-03 -2.6366e-01
28 0 +5.817226259e+01 +1.058172263e+03 +1.058172263e+03 -7.4247e-01 +1.2371e-01 +4.9596e-01 -2.4924e-01 -3.1715e-01 -3.5368e-01 -1.7070e-01 +4.4530e-02 +1.3718e-01 -5.3805e-01
40 0 +2.829978069e+01 +1.028299781e+03 +1.028299781e+03 -1.8626e-01 +2.6469e-01 +8.6187e-01 -3.7263e-01 -2.6902e-02 -3.7175e-01 -2.2812e-01 -1.3148e-01 -1.7549e-01 -2.9632e-01
92 0 +2.434240357e+01 +1.024342404e+03 +1.024342404e+03 -4.5009e-01 -9.9969e-03 +8.3584e-01 -3.8372e-01 +2.8626e-01 -4.9807e-01 -2.0087e-01 +2.4672e-02 +8.0502e-02 -7.7957e-01
104 0 +2.076496879e+01 +1.020764969e+03 +1.020764969e+03 -2.4195e-01 +8.1383e-02 +8.7913e-01 -2.7070e-01 +3.1242e-01 -3.4749e-01 -2.0066e-01 -1.1883e-01 -9.7070e-02 -8.2730e-01
113 0 +2.032952484e+01 +1.020329525e+03 +1.020329525e+03 -3.2967e-01 +1.1479e-01 +6.5247e-01 -2.3044e-01 +3.3053e-01 -4.9148e-01 -1.7345e-01 -4.6532e-02 +1.4945e-02 -7.0334e-01
120 0 +1.589867208e+01 +1.015898672e+03 +1.015898672e+03 -4.5753e-01 -2.4619e-02 +6.5565e-01 -1.3938e-01 +2.8470e-01 -3.1376e-01 -8.9088e-02 +3.2320e-02 -1.2764e-01 -6.4532e-01
153 0 +1.572456546e+01 +1.015724565e+03 +1.015724565e+03 -5.6175e-01 +1.0421e-02 +6.2511e-01 -1.7546e-01 +2.6388e-01 -3.0355e-01 -2.3159e-01 -1.2237e-01 -1.0941e-01 -5.6638e-01
161 0 +9.405340092e+00 +1.009405340e+03 +1.009405340e+03 -5.3533e-01 -2.8557e-02 +7.4491e-01 -1.8538e-01 +1.8442e-01 -3.7857e-01 -1.4605e-01 -1.5746e-01 -7.7131e-02 -6.2416e-01
182 0 +9.169363041e+00 +1.009169363e+03 +1.009169363e+03 -6.2624e-01 +4.1652e-02 +7.1847e-01 -1.7017e-01 +9.0969e-02 -4.5268e-01 -3.7241e-02 -9.3746e-02 -5.2468e-02 -6.8098e-01
190 0 +9.111003397e+00 +1.009111003e+03 +1.009111003e+03 -5.5645e-01 +7.8955e-02 +6.5243e-01 -1.5863e-01 +2.6745e-01 -4.3864e-01 -3.5006e-02 -9.8023e-02 -6.8450e-02 -6.2184e-01
196 0 +8.685884368e+00 +1.008685884e+03 +1.008685884e+03 -5.1355e-01 +6.5817e-02 +7.3253e-01 -1.3867e-01 +1.0762e-01 -3.4733e-01 -7.2397e-02 -1.1065e-01 -3.5075e-02 -6.1560e-01
210 0 +7.856601513e+00 +1.007856602e+03 +1.007856602e+03 -5.3083e-01 +1.2511e-01 +7.5384e-01 -2.0980e-01 +1.2267e-01 -3.4355e-01 -6.8721e-02 -1.4884e-01 -5.2297e-02 -6.3731e-01
212 0 +7.471102987e+00 +1.007471103e+03 +1.007471103e+03 -5.0387e-01 +5.8514e-02 +7.6230e-01 -2.0710e-01 +2.2043e-01 -4.3178e-01 -1.1017e-01 -8.8563e-02 -9.6010e-03 -6.3426e-01
224 0 +6.545534511e+00 +1.006545535e+03 +1.006545535e+03 -5.5556e-01 +6.7675e-02 +7.2258e-01 -2.2015e-01 +2.1362e-01 -4.3752e-01 -1.2080e-01 -1.0404e-01 -7.1633e-02 -6.6732e-01
251 0 +6.235636511e+00 +1.006235637e+03 +1.006235637e+03 -5.6104e-01 +1.0440e-01 +7.6558e-01 -2.1511e-01 +1.5778e-01 -4.4137e-01 -1.1130e-01 -1.2695e-01 -6.3531e-02 -6.7226e-01
274 0 +5.994641635e+00 +1.005994642e+03 +1.005994642e+03 -5.2957e-01 +7.9220e-02 +7.7585e-01 -2.3234e-01 +1.4351e-01 -4.3845e-01 -1.2930e-01 -1.3056e-01 -8.2295e-02 -6.9150e-01
375 0 +5.859096693e+00 +1.005859097e+03 +1.005859097e+03 -5.2950e-01 +7.8834e-02 +7.5155e-01 -2.2573e-01 +1.5689e-01 -4.3311e-01 -1.2383e-01 -1.3270e-01 -5.0603e-02 -6.8853e-01
514 0 +5.748647448e+00 +1.005748647e+03 +1.005748647e+03 -4.9295e-01 +9.0981e-02 +7.5902e-01 -2.4445e-01 +1.5516e-01 -4.4242e-01 -1.2985e-01 -1.3969e-01 -6.4597e-02 -6.7932e-01
647 0 +5.623079991e+00 +1.005623080e+03 +1.005623080e+03 -4.5790e-01 +9.5046e-02 +7.6929e-01 -2.5307e-01 +1.3241e-01 -4.5957e-01 -1.4136e-01 -1.4407e-01 -7.9933e-02 -6.7281e-01
717 0 +5.469508053e+00 +1.005469508e+03 +1.005469508e+03 -3.9593e-01 +1.0756e-01 +7.8003e-01 -2.7959e-01 +9.5948e-02 -4.8353e-01 -1.5490e-01 -1.4979e-01 -1.2259e-01 -6.4628e-01
753 0 +5.316753840e+00 +1.005316754e+03 +1.005316754e+03 -3.2674e-01 +1.0431e-01 +7.9701e-01 -2.7782e-01 +7.9200e-02 -5.4206e-01 -1.8699e-01 -1.5715e-01 -1.6688e-01 -6.4292e-01
772 0 +5.190069131e+00 +1.005190069e+03 +1.005190069e+03 -2.2079e-01 +1.2508e-01 +7.8352e-01 -3.0592e-01 +2.5403e-02 -5.9779e-01 -1.8373e-01 -1.6334e-01 -2.2116e-01 -6.1095e-01
809 0 +4.913507913e+00 +1.004913508e+03 +1.004913508e+03 -2.4589e-01 +9.5597e-02 +7.5188e-01 -3.0035e-01 +8.7821e-03 -5.7514e-01 -2.2419e-01 -1.6053e-01 -1.9522e-01 -6.0716e-01
885 0 +4.828857258e+00 +1.004828857e+03 +1.004828857e+03 -1.6742e-01 +8.7341e-02 +7.1489e-01 -3.2742e-01 -3.3280e-02 -6.0911e-01 -2.3031e-01 -1.4981e-01 -2.2969e-01 -5.7251e-01
911 0 +4.722805874e+00 +1.004722806e+03 +1.004722806e+03 -1.5510e-01 +9.7980e-02 +7.1833e-01 -3.3262e-01 -4.6085e-02 -6.0406e-01 -2.4175e-01 -1.5255e-01 -2.2972e-01 -5.7615e-01
935 0 +4.641095957e+00 +1.004641096e+03 +1.004641096e+03 -1.4885e-01 +1.0812e-01 +7.3880e-01 -3.2930e-01 -3.5801e-02 -6.0361e-01 -2.3875e-01 -1.5200e-01 -2.4721e-01 -5.8857e-01
974 0 +4.562375260e+00 +1.004562375e+03 +1.004562375e+03 -1.2882e-01 +1.0468e-01 +7.2690e-01 -3.3263e-01 -4.8183e-02 -6.1375e-01 -2.5043e-01 -1.5600e-01 -2.6274e-01 -5.8487e-01
1000 0 +4.487231600e+00 +1.004487232e+03 +1.004487232e+03 -1.3321e-01 +9.1072e-02 +7.1609e-01 -3.1790e-01 -5.3397e-02 -6.1235e-01 -2.4642e-01 -1.5198e-01 -2.5996e-01 -5.8787e-01
% f evaluations | g evaluations | best noise-free fitness - Fopt (3.197000000000e+01) + sum g_i+ | measured fitness | best measured fitness or single-digit g-values | x1 | x2...
1 0 +1.223895218e+02 +1.543595218e+02 +1.543595218e+02 +3.8888e-01 +4.7615e-01 -1.1055e-01 -1.4887e-01 +1.0714e-01 -2.4617e-01 +2.0285e-01 -3.7531e-01 +1.1608e-02 -2.8887e-01
10 0 +1.170109951e+02 +1.489809951e+02 +1.489809951e+02 -1.1864e-01 -1.3430e-01 -3.0026e-01 +1.1301e-02 -3.7587e-01 -1.9730e-02 -1.7856e-01 +6.1801e-01 +3.9553e-01 +2.8056e-01
14 0 +9.988320243e+01 +1.318532024e+02 +1.318532024e+02 -2.2585e-01 +2.9812e-02 -6.4761e-02 +3.7480e-01 -3.1361e-01 -5.4765e-01 +1.6603e-01 +2.4296e-01 -9.6227e-03 -2.0197e-01
15 0 +5.928576184e+01 +9.125576184e+01 +9.125576184e+01 -4.0972e-02 -5.5218e-01 -1.3992e-01 +1.3186e-01 +1.8599e-02 -3.3337e-02 +1.9315e-01 -6.1151e-01 +3.1852e-01 -2.5222e-01
42 0 +5.273710719e+01 +8.470710719e+01 +8.470710719e+01 -2.5589e-02 -2.2245e-01 -3.6863e-01 +9.6788e-02 -1.2054e-01 -2.9210e-01 +2.2544e-01 -1.4434e-02 +5.6275e-03 +8.9993e-02
67 0 +3.901119669e+01 +7.098119669e+01 +7.098119669e+01 -1.0248e-01 -3.2976e-01 -4.2040e-01 +2.1617e-01 +1.2765e-02 -3.4829e-01 +1.3778e-01 -1.7604e-01 +2.5424e-01 -2.5150e-01
87 0 +3.435472518e+01 +6.632472518e+01 +6.632472518e+01 -2.2656e-01 -4.0999e-01 -6.2411e-01 -2.0257e-01 -1.8264e-01 -7.4297e-01 +4.3749e-02 -2.0256e-01 +3.3994e-01 -1.6750e-01
96 0 +3.142487620e+01 +6.339487620e+01 +6.339487620e+01 -5.3932e-01 -1.2090e-02 -6.5665e-01 -3.5817e-01 -2.2358e-01 -9.1155e-01 -8.6485e-02 -1.8376e-01 +5.1541e-01 -2.3332e-01
152 0 +2.982077755e+01 +6.179077755e+01 +6.179077755e+01 -4.9837e-01 -3.1521e-01 -9.1460e-01 -1.5965e-01 -7.6561e-02 -2.9934e-01 +2.7501e-01 -7.8699e-02 +3.9753e-01 -3.5818e-01
166 0 +2.876253139e+01 +6.073253139e+01 +6.073253139e+01 -6.0510e-01 -2.8061e-01 -9.8711e-01 -1.6922e-01 -1.3069e-01 -3.0303e-01 +2.4976e-01 -3.5289e-01 +2.8741e-01 -1.3890e-01
186 0 +2.161540893e+01 +5.358540893e+01 +5.358540893e+01 -5.0157e-01 -2.5233e-01 -1.0353e+00 -1.3737e-01 -2.1117e-01 -3.5121e-01 +2.9005e-01 -2.9753e-01 +5.5490e-01 -3.6299e-01
188 0 +1.431659307e+01 +4.628659307e+01 +4.628659307e+01 -4.6592e-01 -2.0020e-01 -9.4707e-01 -3.8009e-01 -2.0225e-01 -5.6682e-01 +4.6030e-02 -4.4855e-01 +4.5708e-01 -2.8677e-01
202 0 +1.401619291e+01 +4.598619291e+01 +4.598619291e+01 -2.4271e-01 -3.8706e-01 -8.5321e-01 -7.0251e-02 -1.1156e-01 -5.4514e-01 +3.6213e-01 -2.6986e-01 +4.7928e-01 -2.4025e-01
230 0 +1.360374721e+01 +4.557374721e+01 +4.557374721e+01 -3.0928e-01 -2.7996e-01 -1.0164e+00 -1.0616e-01 -2.4626e-01 -5.8308e-01 +1.4873e-01 -1.3522e-01 +4.2101e-01 -2.6408e-01
234 0 +1.198093091e+01 +4.395093091e+01 +4.395093091e+01 -4.4680e-01 -2.6321e-01 -9.0326e-01 -1.6890e-01 -9.4452e-02 -4.7329e-01 +2.0366e-01 -2.2348e-01 +4.7850e-01 -3.0387e-01
238 0 +1.141908213e+01 +4.338908213e+01 +4.338908213e+01 -3.3414e-01 -2.7940e-01 -8.8458e-01 -1.2468e-01 -1.7423e-01 -4.5540e-01 +5.3217e-02 -2.4951e-01 +4.7023e-01 -2.3432e-01
243 0 +1.111803670e+01 +4.308803670e+01 +4.308803670e+01 -2.6350e-01 -2.5460e-01 -8.9034e-01 -1.9306e-01 -2.8852e-01 -4.8069e-01 +2.5446e-01 -3.3138e-01 +5.3763e-01 -3.0407e-01
255 0 +9.043469923e+00 +4.101346992e+01 +4.101346992e+01 -2.9790e-01 -3.5175e-01 -9.0883e-01 -2.7860e-01 -2.9474e-01 -4.9142e-01 +2.2188e-01 -3.2699e-01 +5.8899e-01 -2.1705e-01
263 0 +8.392780099e+00 +4.036278010e+01 +4.036278010e+01 -2.6034e-01 -3.4894e-01 -9.2293e-01 -2.3496e-01 -2.5572e-01 -5.4032e-01 +1.9778e-01 -3.2544e-01 +4.7659e-01 -2.4834e-01
283 0 +8.109388709e+00 +4.007938871e+01 +4.007938871e+01 -3.3497e-01 -3.3663e-01 -9.4764e-01 -2.1042e-01 -2.5000e-01 -4.8555e-01 +1.6518e-01 -3.2201e-01 +4.9345e-01 -3.0191e-01
312 0 +7.558424878e+00 +3.952842488e+01 +3.952842488e+01 -3.0387e-01 -3.4326e-01 -8.6367e-01 -2.3348e-01 -2.0941e-01 -5.1308e-01 +1.8812e-01 -3.4192e-01 +4.8718e-01 -2.7361e-01
323 0 +7.376435734e+00 +3.934643573e+01 +3.934643573e+01 -3.4508e-01 -3.2523e-01 -8.9958e-01 -2.2904e-01 -2.3416e-01 -5.0793e-01 +2.4113e-01 -3.1734e-01 +5.1357e-01 -2.5844e-01
383 0 +7.231212811e+00 +3.920121281e+01 +3.920121281e+01 -3.2956e-01 -3.2973e-01 -8.7892e-01 -2.1189e-01 -2.1840e-01 -4.9268e-01 +2.1035e-01 -3.2311e-01 +4.9229e-01 -2.5191e-01
554 0 +7.071585704e+00 +3.904158570e+01 +3.904158570e+01 -3.2747e-01 -3.3545e-01 -8.7272e-01 -2.3915e-01 -2.1887e-01 -4.7861e-01 +2.2764e-01 -3.3377e-01 +4.9982e-01 -2.3757e-01
664 0 +6.901745680e+00 +3.887174568e+01 +3.887174568e+01 -3.1303e-01 -3.7248e-01 -8.4188e-01 -2.4500e-01 -2.2709e-01 -4.3067e-01 +2.6418e-01 -3.4243e-01 +5.0842e-01 -2.1379e-01
753 0 +6.673465379e+00 +3.864346538e+01 +3.864346538e+01 -3.0893e-01 -4.2318e-01 -8.0190e-01 -2.6510e-01 -2.2495e-01 -3.5353e-01 +2.9770e-01 -3.8316e-01 +5.3804e-01 -1.8577e-01
776 0 +6.513778075e+00 +3.848377808e+01 +3.848377808e+01 -3.0100e-01 -4.5267e-01 -7.6786e-01 -2.6458e-01 -2.1260e-01 -3.2694e-01 +3.3808e-01 -4.0456e-01 +5.2517e-01 -1.4942e-01
809 0 +6.415413857e+00 +3.838541386e+01 +3.838541386e+01 -2.8629e-01 -4.6486e-01 -7.7033e-01 -2.6253e-01 -2.2100e-01 -3.1238e-01 +3.1706e-01 -4.0710e-01 +5.3764e-01 -1.3988e-01
837 0 +6.288221713e+00 +3.825822171e+01 +3.825822171e+01 -2.8788e-01 -4.8045e-01 -7.2605e-01 -2.9251e-01 -2.2743e-01 -2.7907e-01 +3.3080e-01 -4.1854e-01 +5.4551e-01 -1.1618e-01
872 0 +6.155048476e+00 +3.812504848e+01 +3.812504848e+01 -2.6744e-01 -5.0952e-01 -6.5826e-01 -3.0819e-01 -2.0807e-01 -1.9959e-01 +3.7117e-01 -4.8019e-01 +5.7218e-01 -6.2877e-02
894 0 +5.993038579e+00 +3.796303858e+01 +3.796303858e+01 -2.6842e-01 -5.0367e-01 -6.5972e-01 -3.0722e-01 -1.8621e-01 -1.8614e-01 +3.4891e-01 -4.6739e-01 +5.6249e-01 -6.8759e-02
922 0 +5.823674923e+00 +3.779367492e+01 +3.779367492e+01 -2.4553e-01 -5.1703e-01 -6.0421e-01 -3.3736e-01 -1.8989e-01 -1.4667e-01 +3.8211e-01 -4.9088e-01 +5.5409e-01 -3.7814e-02
966 0 +5.726227195e+00 +3.769622720e+01 +3.769622720e+01 -2.5861e-01 -5.0294e-01 -6.1674e-01 -3.3585e-01 -1.7007e-01 -1.3145e-01 +3.7522e-01 -4.9400e-01 +5.6119e-01 -3.6003e-02
999 0 +5.611822049e+00 +3.758182205e+01 +3.758182205e+01 -2.4520e-01 -5.4346e-01 -5.6063e-01 -3.6877e-01 -1.6336e-01 -6.5298e-02 +4.1866e-01 -5.4148e-01 +5.5722e-01 +1.4841e-02
1000 0 +5.573776813e+00 +3.754377681e+01 +3.754377681e+01 -2.5456e-01 -5.1774e-01 -6.0077e-01 -3.5815e-01 -1.7460e-01 -1.0984e-01 +3.8631e-01 -5.2190e-01 +5.6121e-01 -2.0067e-02
% f evaluations | g evaluations | best noise-free fitness - Fopt (5.819000000000e+01) + sum g_i+ | measured fitness | best measured fitness or single-digit g-values | x1 | x2...
1 0 +8.582911868e+01 +1.440191187e+02 +1.440191187e+02 -2.2539e-01 -1.2005e-05 +3.8160e-02 +3.9472e-02 -7.0976e-02 +2.2641e-01 +1.7700e-01 +8.1132e-02 -1.3471e-03 -2.2479e-02
25 0 +7.410300016e+01 +1.322930002e+02 +1.322930002e+02 +3.9188e-02 -1.3427e-01 +2.5414e-01 -1.7713e-01 +1.4701e-01 -2.3387e-01 +7.1068e-02 +4.5966e-02 +8.7996e-02 -7.7451e-02
40 0 +6.319355562e+01 +1.213835556e+02 +1.213835556e+02 +1.7193e-01 -9.5633e-02 +2.9104e-01 -5.1310e-02 -1.2880e-02 -1.9279e-01 -4.1934e-03 +1.0356e-01 +1.2815e-01 +1.0697e-01
43 0 +5.893218012e+01 +1.171221801e+02 +1.171221801e+02 +1.2080e-01 -1.5779e-01 +2.6376e-01 -2.4536e-01 -1.8396e-01 -1.5781e-01 +1.6943e-01 +1.6890e-01 +1.1975e-01 -3.7354e-01
61 0 +4.685662308e+01 +1.050466231e+02 +1.050466231e+02 +2.3087e-01 -4.0556e-01 +5.4511e-01 -9.1486e-02 -3.1351e-01 -2.5478e-01 -1.0246e-01 +3.1346e-01 +1.2921e-02 -1.4881e-01
73 0 +3.937214913e+01 +9.756214913e+01 +9.756214913e+01 +6.1144e-02 -3.7639e-01 +2.9223e-01 -1.3516e-01 -2.5244e-01 -1.3740e-01 -1.8714e-01 +3.0996e-01 +1.1254e-01 -6.4579e-02
92 0 +2.929492688e+01 +8.748492688e+01 +8.748492688e+01 +4.4395e-01 -3.3623e-01 +6.3379e-01 +9.7977e-02 -7.0382e-01 -1.0527e-01 -8.1729e-02 +1.3717e-02 +1.9308e-01 +8.6418e-02
105 0 +2.504164753e+01 +8.323164753e+01 +8.323164753e+01 +3.8172e-01 -6.0994e-01 +5.3698e-01 +1.1903e-01 -7.4021e-01 +1.3203e-01 -2.9892e-01 -8.8277e-02 +4.1416e-01 -1.2438e-02
118 0 +2.090998804e+01 +7.909998804e+01 +7.909998804e+01 +3.0113e-01 -3.6570e-01 +1.9320e-01 +2.5009e-01 -5.8205e-01 +2.0132e-02 -2.2245e-01 -2.7672e-02 +3.8596e-01 +2.5943e-02
145 0 +1.969169155e+01 +7.788169155e+01 +7.788169155e+01 +4.6483e-01 -5.8135e-01 +1.8620e-01 +1.8783e-01 -8.0418e-01 -2.9622e-02 -3.7036e-03 -1.9352e-01 +4.5301e-01 -2.0587e-02
169 0 +1.866977736e+01 +7.685977736e+01 +7.685977736e+01 +2.7748e-01 -6.7768e-01 +3.4652e-01 +4.1956e-01 -7.4857e-01 +5.1346e-02 -1.5335e-01 -2.2163e-01 +3.4760e-01 +1.7369e-02
179 0 +1.592336131e+01 +7.411336131e+01 +7.411336131e+01 +4.3493e-01 -5.0612e-01 +4.7111e-01 +4.0627e-01 -7.4918e-01 -1.6929e-01 -2.4161e-01 -1.6533e-01 +4.7198e-01 +5.4332e-02
180 0 +1.510656892e+01 +7.329656892e+01 +7.329656892e+01 +2.5682e-01 -6.1531e-01 +3.3651e-01 +2.7608e-01 -8.5294e-01 -1.1210e-01 -2.2796e-01 +9.9263e-03 +4.6373e-01 +3.3944e-02
198 0 +1.179571564e+01 +6.998571564e+01 +6.998571564e+01 +2.5784e-01 -3.6792e-01 +3.1034e-01 +2.5910e-01 -7.9388e-01 -1.7682e-01 -1.8113e-01 -1.4415e-01 +5.1522e-01 +5.2884e-02
203 0 +1.150141368e+01 +6.969141368e+01 +6.969141368e+01 +3.1204e-01 -4.7524e-01 +2.6155e-01 +2.0480e-01 -8.3486e-01 -9.8283e-02 -1.7324e-01 -2.0747e-01 +4.8519e-01 +8.9443e-02
207 0 +9.030834684e+00 +6.722083468e+01 +6.722083468e+01 +3.1927e-01 -4.7448e-01 +3.9215e-01 +2.3126e-01 -7.9653e-01 -1.5969e-01 -1.2981e-01 -1.4434e-01 +5.2319e-01 +1.6209e-01
255 0 +8.309529774e+00 +6.649952977e+01 +6.649952977e+01 +3.1811e-01 -5.3877e-01 +4.8799e-01 +2.6410e-01 -8.3458e-01 -1.9321e-02 -2.0877e-01 -1.0697e-01 +5.2187e-01 +8.6017e-02
273 0 +7.591191052e+00 +6.578119105e+01 +6.578119105e+01 +3.7239e-01 -4.4867e-01 +4.5736e-01 +2.8257e-01 -8.7921e-01 -8.7505e-02 -2.3806e-01 -1.0539e-01 +5.1178e-01 +1.4141e-01
306 0 +6.994942017e+00 +6.518494202e+01 +6.518494202e+01 +3.4472e-01 -4.3765e-01 +3.6662e-01 +2.6068e-01 -8.2629e-01 -9.2813e-02 -1.7440e-01 -1.5023e-01 +5.5569e-01 +1.5474e-01
316 0 +6.647034079e+00 +6.483703408e+01 +6.483703408e+01 +3.6820e-01 -4.3523e-01 +4.1086e-01 +2.5730e-01 -8.2239e-01 -4.4811e-02 -2.0213e-01 -1.4416e-01 +5.5403e-01 +1.6235e-01
332 0 +6.598089476e+00 +6.478808948e+01 +6.478808948e+01 +3.4806e-01 -4.6554e-01 +4.2340e-01 +2.3356e-01 -8.4519e-01 -7.1007e-02 -1.8273e-01 -1.3704e-01 +5.4489e-01 +1.3014e-01
361 0 +6.382257800e+00 +6.457225780e+01 +6.457225780e+01 +3.4639e-01 -4.4805e-01 +3.9644e-01 +2.8306e-01 -8.1958e-01 -5.4139e-02 -2.0934e-01 -1.3406e-01 +4.8864e-01 +1.1976e-01
394 0 +6.278060316e+00 +6.446806032e+01 +6.446806032e+01 +3.6305e-01 -4.8053e-01 +4.2146e-01 +2.5412e-01 -8.3530e-01 -3.6333e-02 -1.9109e-01 -1.3427e-01 +5.0229e-01 +1.3911e-01
419 0 +6.132724949e+00 +6.432272495e+01 +6.432272495e+01 +3.6374e-01 -4.7052e-01 +4.0720e-01 +2.6980e-01 -8.3098e-01 -5.2767e-02 -2.0254e-01 -1.5330e-01 +4.9690e-01 +1.4920e-01
445 0 +6.021634292e+00 +6.421163429e+01 +6.421163429e+01 +3.5038e-01 -4.7847e-01 +3.9381e-01 +2.7563e-01 -8.4727e-01 -2.7657e-02 -2.1194e-01 -1.5297e-01 +4.9426e-01 +1.4207e-01
574 0 +5.877862244e+00 +6.406786224e+01 +6.406786224e+01 +3.1620e-01 -4.9045e-01 +3.9832e-01 +2.8096e-01 -8.4279e-01 -3.5353e-02 -2.2497e-01 -1.4474e-01 +4.7711e-01 +1.6401e-01
681 0 +5.728727310e+00 +6.391872731e+01 +6.391872731e+01 +2.7075e-01 -5.1458e-01 +3.9820e-01 +2.9717e-01 -8.3454e-01 -3.4132e-02 -2.5765e-01 -1.5161e-01 +4.4258e-01 +2.0268e-01
746 0 +5.608106727e+00 +6.379810673e+01 +6.379810673e+01 +2.4432e-01 -5.3202e-01 +3.8766e-01 +3.0178e-01 -8.2388e-01 -3.9308e-02 -2.7179e-01 -1.3239e-01 +4.0919e-01 +2.1464e-01
776 0 +5.488067680e+00 +6.367806768e+01 +6.367806768e+01 +2.1511e-01 -5.4104e-01 +3.9358e-01 +3.0922e-01 -8.1994e-01 -3.3261e-02 -2.8630e-01 -1.2372e-01 +3.8806e-01 +2.1496e-01
830 0 +5.299878393e+00 +6.348987839e+01 +6.348987839e+01 +1.5857e-01 -5.7743e-01 +4.0332e-01 +3.2595e-01 -8.1306e-01 -4.0384e-02 -3.2589e-01 -1.1401e-01 +3.2270e-01 +2.5358e-01
855 0 +5.239900866e+00 +6.342990087e+01 +6.342990087e+01 +1.3409e-01 -6.1523e-01 +4.2041e-01 +3.3033e-01 -8.0952e-01 -2.0641e-02 -3.5434e-01 -8.9418e-02 +3.0196e-01 +2.6389e-01
866 0 +5.103274810e+00 +6.329327481e+01 +6.329327481e+01 +1.0441e-01 -5.9745e-01 +4.2348e-01 +3.3787e-01 -8.0753e-01 -4.6830e-02 -3.5414e-01 -7.2093e-02 +2.7259e-01 +2.7346e-01
926 0 +4.914721976e+00 +6.310472198e+01 +6.310472198e+01 +6.0780e-02 -6.2118e-01 +4.3560e-01 +3.3507e-01 -7.6785e-01 -5.6890e-02 -3.8274e-01 -5.7705e-02 +2.4240e-01 +2.7208e-01
932 0 +4.896566761e+00 +6.308656676e+01 +6.308656676e+01 +5.1202e-02 -6.2351e-01 +4.5163e-01 +3.4587e-01 -7.6271e-01 -4.8453e-02 -3.9052e-01 -5.5630e-02 +2.2990e-01 +2.8133e-01
944 0 +4.781644920e+00 +6.297164492e+01 +6.297164492e+01 +4.4292e-02 -6.5260e-01 +4.4715e-01 +3.5281e-01 -7.4078e-01 -5.5130e-02 -3.9670e-01 -4.4309e-02 +2.1085e-01 +2.8764e-01
985 0 +4.648122944e+00 +6.283812294e+01 +6.283812294e+01 +1.7466e-02 -6.5425e-01 +4.3808e-01 +3.3747e-01 -7.3071e-01 -5.0124e-02 -3.9026e-01 -2.4663e-02 +1.8135e-01 +2.8592e-01
1000 0 +4.648122944e+00 +6.283812294e+01 +6.283812294e+01 +1.7466e-02 -6.5425e-01 +4.3808e-01 +3.3747e-01 -7.3071e-01 -5.0124e-02 -3.9026e-01 -2.4663e-02 +1.8135e-01 +2.8592e-01
% f evaluations | g evaluations | best noise-free fitness - Fopt (-4.840000000000e+00) + sum g_i+ | measured fitness | best measured fitness or single-digit g-values | x1 | x2...
1 0 +2.177657637e+02 +2.129257637e+02 +2.129257637e+02 -3.3588e-01 -1.0432e-01 -1.8187e-01 +1.8299e-01 -1.1775e-01 -1.2181e-01 -5.1730e-01 -2.7620e-01 +1.7407e-01 -3.0695e-01
2 0 +1.876496270e+02 +1.828096270e+02 +1.828096270e+02 -4.7647e-01 -4.7870e-02 -3.0826e-01 +1.2200e-01 -3.5328e-02 -1.9654e-01 -1.3975e-02 +8.9485e-02 +3.5516e-02 -5.2726e-01
3 0 +1.122781886e+02 +1.074381886e+02 +1.074381886e+02 +2.7122e-01 -2.0649e-01 -2.2262e-01 -1.4997e-01 -2.4981e-01 -2.1348e-01 +3.3496e-01 +1.8983e-01 -3.5551e-01 +2.9267e-01
11 0 +1.118115635e+02 +1.069715635e+02 +1.069715635e+02 +5.2664e-02 -4.5173e-01 +6.3419e-02 -8.6739e-02 -2.6691e-01 -3.0721e-01 +3.6157e-01 +1.5443e-01 -2.1318e-01 +2.9991e-01
20 0 +8.312749559e+01 +7.828749559e+01 +7.828749559e+01 -8.5470e-02 -2.2847e-01 -2.0332e-01 +2.5778e-01 -2.3085e-01 +2.9037e-01 +3.5445e-01 -3.3439e-02 -3.0115e-01 +6.2701e-02
41 0 +8.096830262e+01 +7.612830262e+01 +7.612830262e+01 +3.0715e-01 -3.2507e-01 -1.2503e-01 -2.5829e-02 +2.4197e-01 -2.4490e-01 +1.4008e-01 +4.1425e-01 -1.9007e-01 +1.8697e-01
42 0 +5.195995916e+01 +4.711995916e+01 +4.711995916e+01 +4.1804e-01 -4.6656e-01 +1.4396e-01 +2.0971e-01 -2.4069e-01 +1.9116e-01 +8.7832e-02 +9.6369e-02 -3.1262e-01 +3.7940e-01
80 0 +3.739125417e+01 +3.255125417e+01 +3.255125417e+01 +2.7245e-01 -4.4446e-01 +9.2074e-03 +3.1732e-02 -6.4584e-02 -1.0892e-01 -1.0459e-01 +2.6871e-01 -2.8868e-01 +1.4806e-01
82 0 +1.965308879e+01 +1.481308879e+01 +1.481308879e+01 +2.8313e-01 -6.0770e-01 +7.1593e-02 -1.5721e-01 -1.6872e-01 -5.5886e-02 -2.0667e-01 +1.5077e-01 -1.0132e-01 +3.8001e-01
153 0 +1.787883709e+01 +1.303883709e+01 +1.303883709e+01 +6.7431e-01 -8.2563e-01 +1.6338e-01 -2.8384e-01 -2.3577e-01 +1.0497e-01 -2.5586e-02 +1.6267e-01 -5.4945e-02 +5.4667e-01
178 0 +1.251632112e+01 +7.676321118e+00 +7.676321118e+00 +4.7786e-01 -9.0389e-01 +4.9129e-01 -1.7013e-01 -2.5542e-01 +2.0601e-01 -8.4309e-02 +7.3347e-02 +1.0424e-01 +4.8258e-01
194 0 +9.625418334e+00 +4.785418334e+00 +4.785418334e+00 +5.1527e-01 -8.0312e-01 +2.6624e-01 -1.2363e-01 -2.3156e-01 +1.0117e-01 -7.0611e-02 +1.1377e-01 -3.5696e-02 +4.9675e-01
220 0 +7.186429358e+00 +2.346429358e+00 +2.346429358e+00 +4.3352e-01 -6.7736e-01 +4.5078e-01 -1.6601e-01 -2.4100e-01 +2.6463e-01 -1.4246e-01 +1.6387e-02 +2.4290e-02 +5.9425e-01
273 0 +5.704979059e+00 +8.649790593e-01 +8.649790593e-01 +4.8047e-01 -7.3359e-01 +4.4207e-01 -2.2283e-01 -2.8230e-01 +1.8660e-01 -1.1344e-01 +1.4631e-01 +2.9046e-02 +5.4066e-01
291 0 +5.615007293e+00 +7.750072928e-01 +7.750072928e-01 +4.8639e-01 -7.1771e-01 +3.8025e-01 -2.1758e-01 -2.0758e-01 +2.4033e-01 -1.2605e-01 +1.1744e-01 +3.2556e-02 +5.6180e-01
303 0 +5.189864878e+00 +3.498648779e-01 +3.498648779e-01 +4.7262e-01 -7.3645e-01 +4.2174e-01 -2.3967e-01 -2.7825e-01 +2.0458e-01 -1.3884e-01 +1.2483e-01 -1.0412e-02 +5.3607e-01
338 0 +5.053996775e+00 +2.139967748e-01 +2.139967748e-01 +5.0619e-01 -7.4691e-01 +4.3883e-01 -2.4632e-01 -2.5800e-01 +2.9156e-01 -1.8096e-01 +1.6084e-01 +5.1949e-02 +5.6683e-01
339 0 +4.946784235e+00 +1.067842345e-01 +1.067842345e-01 +4.8149e-01 -7.5120e-01 +4.2436e-01 -2.2662e-01 -2.5733e-01 +2.7390e-01 -1.4798e-01 +1.1595e-01 +2.0152e-02 +5.6846e-01
359 0 +4.856253388e+00 +1.625338795e-02 +1.625338795e-02 +4.8376e-01 -7.3735e-01 +4.0724e-01 -2.3787e-01 -2.7089e-01 +2.6329e-01 -1.6994e-01 +1.1574e-01 +5.9659e-02 +5.7870e-01
384 0 +4.779279573e+00 -6.072042665e-02 -6.072042665e-02 +5.0163e-01 -7.1867e-01 +4.0509e-01 -2.4575e-01 -2.7057e-01 +2.8025e-01 -1.6330e-01 +1.0320e-01 +4.5324e-02 +5.9313e-01
416 0 +4.615912605e+00 -2.240873954e-01 -2.240873954e-01 +4.9824e-01 -7.2888e-01 +4.0923e-01 -2.4344e-01 -2.7088e-01 +2.6841e-01 -1.6203e-01 +1.2101e-01 +3.7710e-02 +5.6619e-01
521 0 +4.570527290e+00 -2.694727102e-01 -2.694727102e-01 +5.1074e-01 -7.3472e-01 +4.0413e-01 -2.4596e-01 -2.8420e-01 +2.6140e-01 -1.6366e-01 +1.2431e-01 +2.9432e-02 +5.6454e-01
668 0 +4.459969203e+00 -3.800307967e-01 -3.800307967e-01 +5.3197e-01 -7.4053e-01 +3.9991e-01 -2.5738e-01 -2.9977e-01 +2.3859e-01 -1.5190e-01 +1.3874e-01 +3.2332e-02 +5.3807e-01
739 0 +4.359637527e+00 -4.803624733e-01 -4.803624733e-01 +5.4559e-01 -7.4467e-01 +3.9288e-01 -2.6119e-01 -2.9691e-01 +2.1660e-01 -1.4278e-01 +1.5200e-01 +2.6340e-02 +5.1399e-01
791 0 +4.212321203e+00 -6.276787974e-01 -6.276787974e-01 +5.6779e-01 -7.5877e-01 +3.8251e-01 -2.6923e-01 -2.9666e-01 +1.7599e-01 -1.3330e-01 +1.8241e-01 +1.9099e-02 +4.8258e-01
820 0 +4.129099918e+00 -7.109000819e-01 -7.109000819e-01 +5.9115e-01 -7.8097e-01 +3.5349e-01 -2.8272e-01 -3.0567e-01 +1.3948e-01 -1.2631e-01 +2.0429e-01 +2.8195e-02 +4.4041e-01
872 0 +4.018194272e+00 -8.218057279e-01 -8.218057279e-01 +6.0876e-01 -7.9520e-01 +3.3962e-01 -2.9045e-01 -3.0772e-01 +9.2332e-02 -1.1478e-01 +1.9131e-01 +1.0113e-02 +4.0972e-01
881 0 +3.915962591e+00 -9.240374092e-01 -9.240374092e-01 +6.2125e-01 -8.0062e-01 +3.3477e-01 -3.0200e-01 -3.1431e-01 +5.8891e-02 -1.0882e-01 +2.1690e-01 -1.1355e-02 +3.7930e-01
898 0 +3.853949286e+00 -9.860507144e-01 -9.860507144e-01 +6.2008e-01 -8.0756e-01 +3.2951e-01 -2.9748e-01 -3.0937e-01 +3.4287e-02 -1.0533e-01 +2.2861e-01 -2.8530e-02 +3.6862e-01
911 0 +3.793440378e+00 -1.046559622e+00 -1.046559622e+00 +6.0786e-01 -8.0893e-01 +3.0882e-01 -2.9637e-01 -3.1299e-01 +3.1822e-02 -9.5375e-02 +2.2465e-01 -2.6196e-02 +3.6128e-01
961 0 +3.667969347e+00 -1.172030653e+00 -1.172030653e+00 +6.1420e-01 -8.0987e-01 +3.0425e-01 -2.9522e-01 -3.0157e-01 +1.2559e-02 -8.6100e-02 +2.5774e-01 -3.3554e-02 +3.4900e-01
979 0 +3.577855493e+00 -1.262144507e+00 -1.262144507e+00 +6.2232e-01 -8.2116e-01 +3.0543e-01 -3.0767e-01 -3.1515e-01 -1.9843e-02 -8.9734e-02 +2.7526e-01 -3.5371e-02 +3.3063e-01
1000 0 +3.577855493e+00 -1.262144507e+00 -1.262144507e+00 +6.2232e-01 -8.2116e-01 +3.0543e-01 -3.0767e-01 -3.1515e-01 -1.9843e-02 -8.9734e-02 +2.7526e-01 -3.5371e-02 +3.3063e-01
% f evaluations | g evaluations | best noise-free fitness - Fopt (-6.337000000000e+01) + sum g_i+ | measured fitness | best measured fitness or single-digit g-values | x1 | x2...
1 0 +1.951713742e+02 +1.318013742e+02 +1.318013742e+02 -5.3256e-01 -3.3897e-01 +1.3922e-01 +4.7728e-01 +2.6612e-02 -2.1121e-01 +2.6309e-02 -5.0011e-01 +9.5730e-02 -2.9473e-01
2 0 +9.599464265e+01 +3.262464265e+01 +3.262464265e+01 -3.5911e-01 -2.3832e-01 +1.6861e-01 -7.5680e-02 +1.5846e-01 +6.4298e-03 +7.1932e-02 +2.7888e-02 +4.1727e-02 +5.3221e-02
8 0 +7.798243048e+01 +1.461243048e+01 +1.461243048e+01 -1.6471e-01 +1.3120e-01 +2.7580e-01 -1.7135e-01 +3.0758e-01 -1.9658e-01 -6.3871e-02 +1.2797e-01 -7.3316e-03 +1.2612e-01
15 0 +6.355703017e+01 +1.870301667e-01 +1.870301667e-01 -2.1844e-01 -1.2552e-01 +7.2841e-02 +5.4743e-01 -1.1464e-02 -2.2914e-01 -3.5970e-02 -6.0729e-02 -6.8043e-02 +1.2414e-01
56 0 +6.168638874e+01 -1.683611263e+00 -1.683611263e+00 +1.8722e-03 +2.5024e-01 -1.2280e-01 +3.8346e-01 +3.4816e-01 -2.5442e-01 -1.3926e-01 -1.4030e-01 -2.6886e-01 +4.1011e-02
90 0 +5.724522917e+01 -6.124770834e+00 -6.124770834e+00 -1.0231e-01 +8.2021e-02 -4.0697e-01 +3.6403e-01 +3.4564e-01 +5.9260e-03 -5.9449e-01 -7.1482e-01 -3.7868e-01 +4.5344e-01
93 0 +4.854273519e+01 -1.482726481e+01 -1.482726481e+01 -4.5101e-02 +3.2696e-01 -3.9266e-01 +5.9969e-01 +3.2446e-01 +1.3249e-01 -3.0135e-01 -4.1612e-01 -2.8927e-01 +6.0198e-01
95 0 +4.587917791e+01 -1.749082209e+01 -1.749082209e+01 -2.4943e-01 +5.2306e-02 -4.1283e-01 +6.9408e-01 +2.7015e-01 -3.1612e-01 -4.8241e-01 -6.9191e-01 -4.4932e-01 +4.6961e-01
100 0 +4.124281669e+01 -2.212718331e+01 -2.212718331e+01 -2.7388e-01 +1.4142e-01 +2.6873e-01 +5.2955e-01 +5.4361e-01 -3.0486e-01 -3.9898e-01 -1.5640e-01 -3.5910e-01 +5.2662e-01
131 0 +3.033197700e+01 -3.303802300e+01 -3.303802300e+01 +4.7997e-02 +2.9575e-02 -6.6165e-02 +5.2983e-01 +2.4280e-01 -2.0211e-01 -4.9103e-01 -4.6338e-01 -1.9101e-01 +4.8566e-01
134 0 +2.664524986e+01 -3.672475014e+01 -3.672475014e+01 -1.2215e-01 -6.9552e-02 -4.2071e-01 +6.3480e-01 +1.5357e-01 -1.9034e-01 -2.4571e-01 -3.3838e-01 -2.4905e-01 +7.1695e-01
144 0 +2.416598822e+01 -3.920401178e+01 -3.920401178e+01 -2.7547e-01 -7.2039e-02 -3.3980e-01 +8.6474e-01 +3.0052e-01 -2.2057e-01 -2.3243e-01 -3.3095e-01 -2.2091e-01 +6.2874e-01
147 0 +1.768387395e+01 -4.568612605e+01 -4.568612605e+01 -3.0760e-02 -2.2686e-01 -1.0427e-01 +7.6803e-01 +3.0317e-01 -2.7069e-01 -3.8654e-01 -3.5069e-01 -1.2068e-01 +8.0786e-01
166 0 +1.643113006e+01 -4.693886994e+01 -4.693886994e+01 -2.7775e-01 -1.2220e-01 -1.4570e-01 +9.6908e-01 +2.8599e-01 -4.2000e-01 -4.8621e-01 -4.9847e-01 -6.0739e-02 +6.8132e-01
173 0 +1.602060631e+01 -4.734939369e+01 -4.734939369e+01 -3.1069e-01 -3.7469e-02 -9.9113e-02 +8.2711e-01 +3.7901e-01 -4.7528e-01 -4.3510e-01 -4.5595e-01 -5.1916e-02 +7.7522e-01
178 0 +1.581701597e+01 -4.755298403e+01 -4.755298403e+01 -2.0763e-01 +2.1700e-01 -5.6173e-02 +7.8924e-01 +1.6322e-01 -2.0959e-01 -3.8194e-01 -3.6053e-01 -8.5399e-02 +6.5337e-01
187 0 +1.305903437e+01 -5.031096563e+01 -5.031096563e+01 -2.2251e-01 +3.4237e-02 -1.5488e-01 +8.5835e-01 +3.9027e-01 -2.6565e-01 -3.6954e-01 -4.9218e-01 -1.6252e-01 +8.4218e-01
189 0 +1.250639682e+01 -5.086360318e+01 -5.086360318e+01 -1.6398e-01 +1.6323e-01 +1.8307e-01 +8.2766e-01 +3.3432e-01 -3.4734e-01 -4.7756e-01 -5.2616e-01 -1.1968e-01 +6.4978e-01
213 0 +9.903623107e+00 -5.346637689e+01 -5.346637689e+01 -2.6437e-01 +1.6222e-02 +8.2620e-02 +9.1407e-01 +2.7203e-01 -3.0410e-01 -4.1020e-01 -4.2631e-01 -1.3133e-01 +5.1715e-01
219 0 +9.382504342e+00 -5.398749566e+01 -5.398749566e+01 -2.4478e-01 +9.8174e-02 +1.3240e-02 +8.6305e-01 +2.2690e-01 -2.6700e-01 -4.5964e-01 -4.8207e-01 -9.6239e-02 +6.2081e-01
273 0 +8.152509234e+00 -5.521749077e+01 -5.521749077e+01 -3.0773e-01 +1.4954e-01 +5.9991e-02 +9.1113e-01 +3.4678e-01 -2.7023e-01 -4.4728e-01 -4.4376e-01 -1.7781e-01 +6.1437e-01
289 0 +7.643999063e+00 -5.572600094e+01 -5.572600094e+01 -2.3619e-01 +1.3891e-01 +7.4631e-02 +9.4704e-01 +3.3049e-01 -3.2744e-01 -4.0615e-01 -3.9389e-01 -1.4127e-01 +5.8888e-01
344 0 +7.460582601e+00 -5.590941740e+01 -5.590941740e+01 -2.6070e-01 +1.4524e-01 +8.1512e-02 +9.4492e-01 +3.1341e-01 -3.1549e-01 -4.3433e-01 -4.0756e-01 -1.3346e-01 +5.8791e-01
396 0 +7.407440898e+00 -5.596255910e+01 -5.596255910e+01 -2.7790e-01 +1.6387e-01 +7.2159e-02 +9.3253e-01 +3.0888e-01 -2.9166e-01 -4.1595e-01 -4.1961e-01 -1.3867e-01 +5.9563e-01
436 0 +7.243552308e+00 -5.612644769e+01 -5.612644769e+01 -2.7503e-01 +1.6125e-01 +9.8082e-02 +9.2037e-01 +3.0995e-01 -2.9986e-01 -4.1242e-01 -4.1115e-01 -1.3323e-01 +5.5656e-01
552 0 +7.078733053e+00 -5.629126695e+01 -5.629126695e+01 -3.1460e-01 +1.7346e-01 +1.2570e-01 +9.1559e-01 +3.3273e-01 -2.9445e-01 -4.0175e-01 -4.1431e-01 -1.3638e-01 +5.3931e-01
631 0 +6.895337665e+00 -5.647466234e+01 -5.647466234e+01 -3.6905e-01 +2.0326e-01 +1.6709e-01 +8.8985e-01 +3.4057e-01 -2.6384e-01 -3.7419e-01 -3.9217e-01 -1.3634e-01 +4.7939e-01
698 0 +6.753720304e+00 -5.661627970e+01 -5.661627970e+01 -3.9785e-01 +2.1189e-01 +1.9761e-01 +8.9312e-01 +3.7324e-01 -2.5746e-01 -3.4801e-01 -3.6322e-01 -1.2999e-01 +4.3262e-01
747 0 +6.500531187e+00 -5.686946881e+01 -5.686946881e+01 -4.2412e-01 +2.7141e-01 +2.9507e-01 +8.8142e-01 +3.8634e-01 -2.4014e-01 -3.3011e-01 -3.2717e-01 -1.3567e-01 +3.4710e-01
768 0 +6.451837904e+00 -5.691816210e+01 -5.691816210e+01 -4.5268e-01 +2.7386e-01 +3.0880e-01 +9.1177e-01 +3.9858e-01 -2.3640e-01 -2.7470e-01 -3.2478e-01 -9.9174e-02 +3.4073e-01
805 0 +6.262018475e+00 -5.710798152e+01 -5.710798152e+01 -4.7617e-01 +3.0992e-01 +3.3968e-01 +8.3797e-01 +4.0209e-01 -2.2969e-01 -2.5819e-01 -2.9910e-01 -1.0688e-01 +2.7010e-01
822 0 +6.159283705e+00 -5.721071629e+01 -5.721071629e+01 -4.5406e-01 +3.0546e-01 +3.1024e-01 +8.4932e-01 +4.1315e-01 -2.3895e-01 -2.5022e-01 -3.0556e-01 -9.9415e-02 +2.8349e-01
851 0 +6.018822026e+00 -5.735117797e+01 -5.735117797e+01 -4.7941e-01 +3.0539e-01 +3.4905e-01 +8.5057e-01 +4.2320e-01 -2.2469e-01 -2.2433e-01 -3.0728e-01 -1.0241e-01 +2.6175e-01
964 0 +5.886602077e+00 -5.748339792e+01 -5.748339792e+01 -4.8303e-01 +3.2743e-01 +3.6932e-01 +8.3761e-01 +4.4075e-01 -2.0962e-01 -2.1138e-01 -2.8988e-01 -1.0246e-01 +2.4527e-01
1000 0 +5.822485914e+00 -5.754751409e+01 -5.754751409e+01 -4.8468e-01 +3.2855e-01 +3.8971e-01 +8.3522e-01 +4.4222e-01 -2.0714e-01 -2.0364e-01 -2.7857e-01 -9.5799e-02 +2.2879e-01
% f evaluations | g evaluations | best noise-free fitness - Fopt (2.750000000000e+00) + sum g_i+ | measured fitness | best measured fitness or single-digit g-values | x1 | x2...
1 0 +1.753064007e+02 +1.780564007e+02 +1.780564007e+02 -4.2307e-01 +1.6404e-01 -5.8774e-02 -1.9668e-01 +3.9521e-01 +1.1628e-01 +6.1910e-02 +2.0495e-01 -1.9273e-02 -4.7593e-02
3 0 +1.171586434e+02 +1.199086434e+02 +1.199086434e+02 +3.8007e-01 +6.2451e-02 +9.2164e-02 -1.6334e-01 +2.7723e-01 +1.3424e-01 +2.9849e-02 +3.9793e-02 -4.1069e-01 +2.4334e-01
15 0 +9.575764878e+01 +9.850764878e+01 +9.850764878e+01 +3.7905e-01 +2.8743e-01 -1.7345e-01 -7.2753e-02 -2.3226e-01 -1.5425e-02 +3.1221e-01 +4.6898e-01 +7.1341e-03 +4.2059e-01
22 0 +9.519977411e+01 +9.794977411e+01 +9.794977411e+01 +4.6573e-01 +2.6540e-01 +1.1328e-01 +4.6495e-01 -5.9511e-02 -3.2404e-01 +3.8669e-01 +6.2062e-01 +8.8302e-02 +3.3336e-01
23 0 +6.687721084e+01 +6.962721084e+01 +6.962721084e+01 -2.0996e-01 +5.9756e-02 -1.1871e-01 -2.3132e-02 -3.9758e-02 -2.3039e-01 -7.2469e-03 +3.7627e-02 +3.4080e-02 -1.9787e-01
36 0 +5.539952166e+01 +5.814952166e+01 +5.814952166e+01 +8.9069e-02 -3.1629e-02 -1.3052e-01 +4.4914e-01 -2.2615e-01 +5.0697e-02 +2.8822e-01 +5.8391e-01 -4.3138e-01 +1.1702e-01
43 0 +4.728940286e+01 +5.003940286e+01 +5.003940286e+01 +4.4003e-01 -1.6600e-01 -1.1250e-02 +2.0141e-01 -2.2202e-01 -1.5027e-01 +3.2060e-01 +3.2506e-01 -5.1822e-01 +2.5850e-01
63 0 +3.578249274e+01 +3.853249274e+01 +3.853249274e+01 +5.7993e-01 -1.1327e-01 +2.0220e-01 +3.8091e-01 -7.4793e-02 -5.8762e-02 +1.4323e-01 +6.8589e-01 -2.5573e-01 +1.7399e-01
80 0 +2.654256614e+01 +2.929256614e+01 +2.929256614e+01 +5.1099e-01 -3.7877e-01 -8.0575e-03 +6.5240e-01 -1.0181e-01 +2.6562e-01 +3.2462e-01 +5.1730e-01 -4.1366e-01 +2.9239e-01
98 0 +2.101421207e+01 +2.376421207e+01 +2.376421207e+01 +5.9170e-01 -2.9497e-01 +6.7964e-03 +5.6497e-01 -1.4401e-01 +1.3638e-01 +2.5042e-01 +4.1902e-01 -1.6934e-01 +1.5803e-02
103 0 +1.938141552e+01 +2.213141552e+01 +2.213141552e+01 +7.0415e-01 -1.3359e-01 +1.5755e-01 +5.1868e-01 -1.4734e-01 +1.7482e-01 +2.9607e-01 +4.7166e-01 -3.7283e-01 +3.2375e-02
135 0 +1.566988121e+01 +1.841988121e+01 +1.841988121e+01 +6.0204e-01 -1.2809e-01 +8.3183e-02 +7.1327e-01 -2.1476e-01 +2.8683e-01 +3.9321e-01 +6.1726e-01 -2.4564e-01 -1.1717e-02
146 0 +1.528584782e+01 +1.803584782e+01 +1.803584782e+01 +6.7164e-01 -1.8951e-01 -2.3391e-02 +6.0885e-01 -1.3687e-01 +1.9154e-01 +4.8258e-01 +4.4028e-01 -1.7339e-01 -9.2318e-02
153 0 +1.206741482e+01 +1.481741482e+01 +1.481741482e+01 +6.7612e-01 -1.3180e-01 -9.5735e-04 +7.4180e-01 -2.5114e-01 +3.0347e-01 +3.5611e-01 +4.1347e-01 -3.1710e-01 -3.1089e-02
163 0 +1.114954746e+01 +1.389954746e+01 +1.389954746e+01 +6.9510e-01 -2.6817e-01 -1.1485e-01 +8.5436e-01 -1.9115e-01 +2.2015e-01 +3.7438e-01 +4.0628e-01 -2.4354e-01 +4.3320e-02
187 0 +9.659883161e+00 +1.240988316e+01 +1.240988316e+01 +7.1404e-01 -2.5408e-01 -7.8915e-03 +7.9391e-01 -2.0145e-01 +2.0399e-01 +3.8643e-01 +4.6012e-01 -2.4268e-01 +3.8455e-02
206 0 +8.985223834e+00 +1.173522383e+01 +1.173522383e+01 +6.2086e-01 -2.0169e-01 -1.1500e-01 +7.9472e-01 -2.8284e-01 +1.6387e-01 +5.7845e-01 +2.8997e-01 -1.7562e-01 -5.8510e-02
216 0 +8.582456886e+00 +1.133245689e+01 +1.133245689e+01 +6.8020e-01 -1.7496e-01 -2.3943e-02 +8.2902e-01 -2.8091e-01 +1.8499e-01 +5.4873e-01 +4.0438e-01 -2.1814e-01 +1.3672e-02
220 0 +8.462010029e+00 +1.121201003e+01 +1.121201003e+01 +6.7411e-01 -1.5392e-01 -4.3181e-02 +8.2956e-01 -3.1119e-01 +1.9196e-01 +5.8685e-01 +3.3918e-01 -2.4718e-01 +4.7390e-02
252 0 +8.162112030e+00 +1.091211203e+01 +1.091211203e+01 +6.8931e-01 -1.5432e-01 -3.3938e-02 +8.6145e-01 -3.4280e-01 +2.8454e-01 +5.4517e-01 +3.3059e-01 -2.4797e-01 -2.2577e-02
256 0 +7.679806436e+00 +1.042980644e+01 +1.042980644e+01 +7.1119e-01 -1.6923e-01 +2.6861e-03 +8.0877e-01 -2.3171e-01 +2.3855e-01 +4.6196e-01 +3.6498e-01 -2.4533e-01 -2.7699e-02
274 0 +7.482538635e+00 +1.023253864e+01 +1.023253864e+01 +6.5632e-01 -2.0374e-01 +1.8349e-02 +8.1534e-01 -2.8038e-01 +2.3008e-01 +5.1930e-01 +3.5965e-01 -2.3810e-01 -5.3976e-03
280 0 +7.316442618e+00 +1.006644262e+01 +1.006644262e+01 +6.5989e-01 -2.2048e-01 -8.2861e-03 +8.1665e-01 -2.9588e-01 +2.6744e-01 +4.7782e-01 +3.1953e-01 -2.3056e-01 -3.3473e-03
298 0 +7.047193670e+00 +9.797193670e+00 +9.797193670e+00 +6.8002e-01 -1.7088e-01 -2.3258e-02 +8.3171e-01 -2.7322e-01 +2.3187e-01 +4.6101e-01 +3.3270e-01 -2.4813e-01 +4.8828e-03
347 0 +6.899408470e+00 +9.649408470e+00 +9.649408470e+00 +6.7284e-01 -1.9280e-01 -7.9639e-03 +8.5330e-01 -2.7457e-01 +2.6623e-01 +5.0078e-01 +3.5260e-01 -2.6629e-01 -5.1585e-03
445 0 +6.748756736e+00 +9.498756736e+00 +9.498756736e+00 +6.6753e-01 -1.7740e-01 -2.1579e-02 +8.4202e-01 -2.6277e-01 +2.4924e-01 +4.9966e-01 +3.3774e-01 -2.6946e-01 +1.7854e-03
712 0 +6.602772602e+00 +9.352772602e+00 +9.352772602e+00 +6.4164e-01 -1.6137e-01 -5.3279e-02 +8.5420e-01 -2.6616e-01 +2.4275e-01 +5.0003e-01 +3.0863e-01 -2.5090e-01 -4.7043e-03
811 0 +6.448750962e+00 +9.198750962e+00 +9.198750962e+00 +6.0755e-01 -1.3885e-01 -1.0093e-01 +8.6859e-01 -2.7394e-01 +2.2173e-01 +5.0327e-01 +2.8238e-01 -2.4635e-01 -1.0677e-02
862 0 +6.293331737e+00 +9.043331737e+00 +9.043331737e+00 +5.6752e-01 -1.1811e-01 -1.4847e-01 +8.8406e-01 -2.8760e-01 +1.9703e-01 +4.9835e-01 +2.4439e-01 -2.3566e-01 -3.0393e-02
927 0 +6.121511398e+00 +8.871511398e+00 +8.871511398e+00 +5.2606e-01 -1.0087e-01 -2.0346e-01 +9.0846e-01 -3.2523e-01 +1.7031e-01 +5.1616e-01 +2.1319e-01 -2.3124e-01 -5.6016e-02
974 0 +5.997590463e+00 +8.747590463e+00 +8.747590463e+00 +4.9509e-01 -6.6475e-02 -2.5278e-01 +9.1335e-01 -3.2712e-01 +1.3424e-01 +5.1615e-01 +1.9412e-01 -2.1780e-01 -4.8509e-02
1000 0 +5.900445411e+00 +8.650445411e+00 +8.650445411e+00 +4.8290e-01 -6.6584e-02 -2.5280e-01 +9.0854e-01 -3.2484e-01 +1.2693e-01 +5.1883e-01 +2.0432e-01 -2.2048e-01 -5.4912e-02
% f evaluations | g evaluations | best noise-free fitness - Fopt (-4.681000000000e+01) + sum g_i+ | measured fitness | best measured fitness or single-digit g-values | x1 | x2...
1 0 +2.626727223e+02 +2.158627223e+02 +2.158627223e+02 +1.0856e-01 +2.2114e-01 +1.8073e-01 -5.1158e-01 -2.5503e-01 -1.1486e-01 -2.0704e-01 +2.0562e-01 +6.6974e-02 -7.1293e-01
2 0 +1.704240636e+02 +1.236140636e+02 +1.236140636e+02 +2.9099e-01 -1.1888e-01 -1.9956e-01 +6.0543e-02 +5.7037e-02 -7.4933e-01 -3.0395e-01 -8.5345e-02 +4.3560e-01 +1.3326e-01
3 0 +1.337866554e+02 +8.697665537e+01 +8.697665537e+01 +1.4709e-01 +7.5222e-02 -1.8443e-02 -1.4677e-01 -5.0179e-01 +6.4308e-02 +1.4749e-01 +9.4723e-02 +1.1335e-01 +2.9791e-01
10 0 +9.469870978e+01 +4.788870978e+01 +4.788870978e+01 -1.6823e-01 -4.3266e-01 -7.3157e-02 +9.0191e-02 +3.0319e-01 -1.0670e-01 +5.3836e-01 +2.6803e-02 +1.9895e-02 +2.2031e-01
32 0 +8.714449957e+01 +4.033449957e+01 +4.033449957e+01 +2.6483e-01 -5.8849e-02 +8.5435e-02 -1.5189e-01 +5.9491e-02 -9.7727e-02 +1.0297e-01 -2.2067e-01 -8.9350e-02 +1.2316e-01
37 0 +7.491486415e+01 +2.810486415e+01 +2.810486415e+01 +8.3114e-02 +1.3162e-01 +2.6364e-01 +2.9676e-01 +5.5637e-02 -7.4614e-02 -6.9069e-02 +2.4616e-01 -4.3698e-02 -2.1758e-01
55 0 +6.580648649e+01 +1.899648649e+01 +1.899648649e+01 +8.7937e-03 -1.2356e-02 +4.6231e-01 +2.4610e-01 -2.3242e-02 -9.3830e-02 +1.2268e-01 +1.8246e-01 +2.0502e-01 -2.9870e-02
64 0 +6.398884940e+01 +1.717884940e+01 +1.717884940e+01 +4.6797e-02 -1.1412e-01 +2.1871e-01 +1.9878e-01 -7.8589e-02 +1.1182e-01 -2.6198e-01 +2.6937e-01 -7.7487e-02 -2.2663e-01
84 0 +6.262276399e+01 +1.581276399e+01 +1.581276399e+01 -6.6120e-02 +1.3446e-01 +5.1340e-01 +1.6782e-02 -5.1852e-02 +9.6830e-02 -3.4214e-02 +3.3812e-01 +1.3882e-01 -2.7281e-01
96 0 +4.832115864e+01 +1.511158639e+00 +1.511158639e+00 -1.4866e-01 +1.3173e-02 +4.0880e-01 +9.5418e-02 -5.1731e-02 +8.3660e-02 -3.1891e-01 +3.9132e-01 +2.0619e-01 -2.2824e-01
104 0 +4.390359193e+01 -2.906408072e+00 -2.906408072e+00 -2.5252e-01 +4.5860e-02 +3.0165e-01 +1.7565e-01 +2.3431e-02 +8.4983e-03 -3.1860e-02 +5.1497e-01 +3.0838e-01 -1.4597e-01
107 0 +4.358592559e+01 -3.224074411e+00 -3.224074411e+00 -2.2961e-01 +7.0436e-02 +4.8781e-01 +1.5761e-01 +1.3371e-01 +7.1936e-03 -5.1117e-02 +5.8529e-01 +3.8208e-01 -2.1722e-01
111 0 +3.467226117e+01 -1.213773883e+01 -1.213773883e+01 -3.4830e-01 +3.8476e-02 +4.5567e-01 +6.1513e-03 +7.0510e-02 +3.5679e-01 -1.5183e-01 +6.5607e-01 +3.6189e-01 -2.3276e-01
116 0 +3.187369047e+01 -1.493630953e+01 -1.493630953e+01 -3.4858e-01 -2.0447e-01 +4.3661e-01 +2.3869e-01 +4.1908e-02 +5.4109e-02 +4.3529e-03 +4.9391e-01 +4.1462e-01 -2.7444e-01
128 0 +2.805436634e+01 -1.875563366e+01 -1.875563366e+01 -4.2820e-01 -2.2508e-01 +5.5069e-01 +4.1763e-01 +6.1330e-02 +2.2333e-01 +1.1257e-01 +6.6619e-01 +4.7448e-01 -1.8986e-01
131 0 +2.275187080e+01 -2.405812920e+01 -2.405812920e+01 -4.8238e-01 -2.6306e-01 +5.6640e-01 +7.4882e-02 -3.2218e-01 +4.0102e-01 -2.6226e-01 +8.2495e-01 +2.5438e-01 -2.4765e-01
147 0 +1.998172306e+01 -2.682827694e+01 -2.682827694e+01 -3.6918e-01 -2.4782e-01 +3.1569e-01 -1.5324e-02 -2.4801e-01 +3.3348e-01 -2.1600e-01 +6.5395e-01 +3.7289e-01 -5.2380e-01
155 0 +1.784940054e+01 -2.896059946e+01 -2.896059946e+01 -6.0337e-01 -2.0451e-01 +4.8884e-01 +2.0338e-01 -9.1074e-02 +4.3698e-01 -1.8767e-01 +8.3197e-01 +2.7828e-01 -5.1507e-01
164 0 +1.512143812e+01 -3.168856188e+01 -3.168856188e+01 -4.5432e-01 -2.4171e-01 +4.6076e-01 +2.5744e-01 -1.6647e-01 +6.2787e-01 -7.5869e-02 +8.8769e-01 +3.5480e-01 -4.1800e-01
172 0 +1.466015298e+01 -3.214984702e+01 -3.214984702e+01 -4.5623e-01 -1.5430e-01 +5.0822e-01 +9.5135e-02 -6.2446e-02 +5.3353e-01 -9.7889e-02 +9.5345e-01 +3.9368e-01 -5.3552e-01
206 0 +1.281540339e+01 -3.399459661e+01 -3.399459661e+01 -4.3906e-01 -5.4682e-01 +4.0999e-01 +1.3198e-01 +3.9208e-02 +3.7882e-01 -9.9402e-02 +7.4405e-01 +4.3975e-01 -4.9435e-01
215 0 +1.167808895e+01 -3.513191105e+01 -3.513191105e+01 -4.5703e-01 -3.4151e-01 +4.2888e-01 +3.8046e-02 +1.5894e-02 +3.6661e-01 +3.6245e-02 +7.0805e-01 +3.3049e-01 -6.5173e-01
262 0 +1.058518459e+01 -3.622481541e+01 -3.622481541e+01 -4.2503e-01 -3.0031e-01 +4.0449e-01 +2.0596e-01 -9.1180e-02 +4.1107e-01 -8.1287e-02 +7.2383e-01 +2.6476e-01 -5.9307e-01
270 0 +9.820113044e+00 -3.698988696e+01 -3.698988696e+01 -3.5619e-01 -3.6704e-01 +2.3566e-01 +1.8914e-01 +2.7589e-02 +4.2487e-01 +6.5261e-04 +7.6880e-01 +3.7757e-01 -6.1743e-01
281 0 +9.571704999e+00 -3.723829500e+01 -3.723829500e+01 -5.0692e-01 -3.9731e-01 +3.6041e-01 +2.2115e-01 -1.1325e-01 +4.7086e-01 -1.3063e-02 +8.6242e-01 +3.9494e-01 -5.4685e-01
287 0 +9.095229981e+00 -3.771477002e+01 -3.771477002e+01 -4.5485e-01 -4.1030e-01 +2.9575e-01 +1.5956e-01 -6.5359e-02 +4.3759e-01 -1.4230e-02 +6.8794e-01 +3.8618e-01 -5.5109e-01
295 0 +8.067321968e+00 -3.874267803e+01 -3.874267803e+01 -4.8869e-01 -4.1531e-01 +3.8004e-01 +1.2649e-01 -7.0400e-02 +4.0822e-01 -3.9264e-02 +7.7078e-01 +3.3079e-01 -5.8695e-01
317 0 +7.691283493e+00 -3.911871651e+01 -3.911871651e+01 -4.4782e-01 -4.4721e-01 +3.6963e-01 +1.1240e-01 +9.5327e-03 +3.8215e-01 -7.2861e-03 +7.8386e-01 +3.5899e-01 -5.8591e-01
320 0 +7.513397674e+00 -3.929660233e+01 -3.929660233e+01 -4.2115e-01 -4.0044e-01 +3.8081e-01 +1.0905e-01 -3.1357e-02 +3.9432e-01 +3.2811e-02 +8.0259e-01 +3.8243e-01 -5.7656e-01
322 0 +7.399139133e+00 -3.941086087e+01 -3.941086087e+01 -4.6339e-01 -4.3252e-01 +3.3460e-01 +1.0424e-01 -5.4508e-02 +4.2473e-01 +1.0274e-02 +8.1966e-01 +3.5008e-01 -6.3539e-01
362 0 +7.145305400e+00 -3.966469460e+01 -3.966469460e+01 -4.5388e-01 -3.9752e-01 +3.6545e-01 +1.0614e-01 -2.7844e-02 +4.2479e-01 +1.3037e-02 +7.7658e-01 +3.4290e-01 -5.9042e-01
375 0 +7.052207393e+00 -3.975779261e+01 -3.975779261e+01 -4.2163e-01 -3.9533e-01 +3.1245e-01 +9.8148e-02 -4.0156e-02 +4.0590e-01 -2.2212e-02 +8.0517e-01 +3.5330e-01 -6.0484e-01
406 0 +6.819675547e+00 -3.999032445e+01 -3.999032445e+01 -4.3334e-01 -4.0868e-01 +3.3237e-01 +1.0081e-01 -1.3830e-02 +4.2476e-01 -1.8972e-02 +7.8160e-01 +3.3875e-01 -6.0229e-01
480 0 +6.746903607e+00 -4.006309639e+01 -4.006309639e+01 -4.2031e-01 -4.0865e-01 +3.2092e-01 +9.6033e-02 -3.7211e-03 +4.3754e-01 -7.1662e-03 +7.7507e-01 +3.3910e-01 -6.1166e-01
682 0 +6.595783346e+00 -4.021421665e+01 -4.021421665e+01 -4.2292e-01 -4.1875e-01 +3.0243e-01 +8.0620e-02 +2.9236e-03 +4.3379e-01 +1.2219e-02 +7.5800e-01 +3.0636e-01 -6.3713e-01
786 0 +6.453272845e+00 -4.035672716e+01 -4.035672716e+01 -4.1865e-01 -4.3665e-01 +2.7722e-01 +5.6109e-02 +2.6436e-02 +4.3508e-01 +3.2214e-02 +7.2856e-01 +2.7082e-01 -6.5364e-01
881 0 +6.307965998e+00 -4.050203400e+01 -4.050203400e+01 -4.2483e-01 -4.5448e-01 +2.6044e-01 +3.1094e-02 +4.3664e-02 +4.3763e-01 +4.5888e-02 +7.1351e-01 +2.3614e-01 -6.7504e-01
977 0 +6.158695422e+00 -4.065130458e+01 -4.065130458e+01 -4.2671e-01 -4.8559e-01 +2.3081e-01 -7.2565e-03 +6.4123e-02 +4.3590e-01 +7.6472e-02 +6.9283e-01 +1.8677e-01 -6.9706e-01
1000 0 +6.131863262e+00 -4.067813674e+01 -4.067813674e+01 -4.3147e-01 -4.8075e-01 +2.3458e-01 -8.1237e-04 +7.2432e-02 +4.3650e-01 +7.8744e-02 +6.9427e-01 +1.7194e-01 -6.9630e-01
% f evaluations | g evaluations | best noise-free fitness - Fopt (6.134000000000e+01) + sum g_i+ | measured fitness | best measured fitness or single-digit g-values | x1 | x2...
1 0 +1.791764337e+02 +2.405164337e+02 +2.405164337e+02 +2.3510e-01 +6.5915e-01 +2.7599e-02 -1.8535e-02 -2.7925e-02 +4.9868e-01 +4.5568e-02 +3.7179e-01 -1.2609e-02 -2.2870e-01
2 0 +1.043412226e+02 +1.656812226e+02 +1.656812226e+02 +5.5786e-02 +3.8949e-01 -4.8778e-01 -1.7061e-01 -1.3440e-01 +3.5553e-02 +1.0299e-01 -8.3598e-02 -2.4214e-01 +1.5450e-01
6 0 +9.806852237e+01 +1.594085224e+02 +1.594085224e+02 +8.4527e-02 +2.1330e-02 +2.5226e-01 -5.1524e-01 +3.7890e-02 -5.7172e-02 -2.9263e-01 -4.9228e-01 -1.2409e-01 -2.4484e-01
8 0 +8.634794955e+01 +1.476879496e+02 +1.476879496e+02 +4.2657e-01 +2.6212e-01 -1.4657e-01 -1.8872e-01 -1.6504e-01 -1.8676e-01 -5.7552e-03 -4.0962e-03 -3.6162e-01 +1.3435e-01
16 0 +5.853811283e+01 +1.198781128e+02 +1.198781128e+02 +4.2973e-01 -6.2719e-02 -1.9650e-01 -7.3810e-01 +2.6474e-02 -2.5772e-01 -2.5687e-01 -6.3259e-02 -2.4694e-01 +1.3761e-01
37 0 +5.401448656e+01 +1.153544866e+02 +1.153544866e+02 +2.9046e-01 -5.4283e-02 +2.2699e-01 -7.4203e-01 +3.7722e-02 -4.1471e-01 -1.3901e-01 -2.3597e-01 +5.7022e-01 +7.2835e-02
43 0 +4.517975888e+01 +1.065197589e+02 +1.065197589e+02 +1.0414e-01 -1.2863e-01 +1.5870e-01 -5.0692e-01 -3.1521e-02 -6.1034e-01 -3.4723e-01 -3.4818e-01 +7.5323e-02 +1.5482e-01
80 0 +3.056710954e+01 +9.190710954e+01 +9.190710954e+01 +3.7046e-01 +7.0305e-02 +1.4272e-01 -5.9809e-01 +1.7010e-01 -2.2649e-01 -5.7626e-01 -9.1932e-01 +3.4794e-01 +1.2095e-01
104 0 +2.560756868e+01 +8.694756868e+01 +8.694756868e+01 +3.0935e-01 +5.9389e-02 +2.4434e-01 -6.4833e-01 -1.8243e-01 -3.7086e-01 -7.1633e-01 -1.0241e+00 +2.2632e-01 +2.4424e-01
117 0 +1.649269937e+01 +7.783269937e+01 +7.783269937e+01 +5.0824e-01 +2.0023e-01 +6.4861e-02 -6.8553e-01 -2.1538e-03 -2.5612e-01 -5.7681e-01 -7.2725e-01 +3.7004e-02 +2.0109e-01
172 0 +1.295417725e+01 +7.429417725e+01 +7.429417725e+01 +5.6405e-01 -1.5052e-01 +7.6284e-02 -5.8226e-01 -6.7130e-02 -3.0121e-01 -4.7313e-01 -7.9565e-01 +1.3408e-01 +2.5722e-01
200 0 +1.174116849e+01 +7.308116849e+01 +7.308116849e+01 +4.7394e-01 +5.6268e-02 -2.0788e-02 -6.7057e-01 -6.7358e-02 -3.8691e-01 -4.3442e-01 -8.2801e-01 +1.2475e-01 +4.2010e-01
201 0 +1.112306212e+01 +7.246306212e+01 +7.246306212e+01 +4.5727e-01 +1.1679e-01 +1.0881e-01 -5.3507e-01 +3.8599e-02 -3.6262e-01 -5.2255e-01 -7.9744e-01 +1.3376e-01 +3.8890e-01
211 0 +1.054558815e+01 +7.188558815e+01 +7.188558815e+01 +4.5870e-01 -2.2643e-02 +3.9412e-02 -6.0167e-01 -8.2584e-02 -4.0178e-01 -4.3654e-01 -7.9153e-01 +2.4117e-01 +3.2567e-01
228 0 +1.022371654e+01 +7.156371654e+01 +7.156371654e+01 +4.3753e-01 +1.4623e-02 +6.7350e-02 -5.5571e-01 -8.3069e-02 -3.7003e-01 -4.3048e-01 -7.7295e-01 +2.1338e-01 +3.1938e-01
230 0 +9.916285739e+00 +7.125628574e+01 +7.125628574e+01 +4.3147e-01 -3.4703e-02 +1.9787e-02 -6.5636e-01 -5.6890e-02 -3.1896e-01 -4.0787e-01 -7.7928e-01 +1.4899e-01 +3.3746e-01
242 0 +9.545906890e+00 +7.088590689e+01 +7.088590689e+01 +3.8720e-01 -4.6034e-02 +1.0243e-01 -6.6230e-01 -8.2296e-02 -3.4792e-01 -4.5666e-01 -8.5049e-01 +2.6815e-01 +3.2629e-01
251 0 +9.156380357e+00 +7.049638036e+01 +7.049638036e+01 +4.1044e-01 -5.3592e-02 +2.0991e-02 -6.8907e-01 -8.3900e-02 -3.9285e-01 -4.9260e-01 -8.6982e-01 +1.9983e-01 +2.7140e-01
252 0 +8.093973987e+00 +6.943397399e+01 +6.943397399e+01 +4.5978e-01 -3.0501e-03 +8.0400e-02 -6.7056e-01 -5.7337e-02 -3.3432e-01 -4.8942e-01 -8.6482e-01 +1.7344e-01 +3.4117e-01
278 0 +7.594855280e+00 +6.893485528e+01 +6.893485528e+01 +4.3167e-01 +8.7722e-02 +1.2618e-01 -6.6930e-01 -8.4915e-02 -3.6183e-01 -4.9095e-01 -8.5865e-01 +2.2468e-01 +2.7257e-01
284 0 +7.584422024e+00 +6.892442202e+01 +6.892442202e+01 +4.2880e-01 +8.3801e-02 +8.9270e-02 -6.3867e-01 -7.1234e-02 -3.5771e-01 -4.8693e-01 -8.2684e-01 +1.9379e-01 +2.6925e-01
338 0 +7.364943470e+00 +6.870494347e+01 +6.870494347e+01 +4.5872e-01 +8.8225e-02 +1.3043e-01 -6.7124e-01 -7.7952e-02 -3.6504e-01 -4.9846e-01 -8.1179e-01 +1.9810e-01 +2.8209e-01
474 0 +7.240211664e+00 +6.858021166e+01 +6.858021166e+01 +4.4982e-01 +1.1070e-01 +1.2239e-01 -6.5262e-01 -8.6943e-02 -3.6890e-01 -4.9675e-01 -8.2316e-01 +1.9066e-01 +2.7996e-01
629 0 +7.037420306e+00 +6.837742031e+01 +6.837742031e+01 +4.2165e-01 +2.0785e-01 +1.6049e-01 -6.4180e-01 -7.6055e-02 -3.6143e-01 -4.9634e-01 -7.8646e-01 +2.0177e-01 +2.6494e-01
664 0 +6.877358690e+00 +6.821735869e+01 +6.821735869e+01 +4.3057e-01 +2.6693e-01 +1.7910e-01 -6.3144e-01 -8.0044e-02 -3.5181e-01 -4.9867e-01 -7.6600e-01 +2.0052e-01 +2.6063e-01
717 0 +6.730874188e+00 +6.807087419e+01 +6.807087419e+01 +4.2359e-01 +3.5326e-01 +2.1480e-01 -6.0400e-01 -7.7853e-02 -3.4269e-01 -5.2414e-01 -7.3008e-01 +1.9362e-01 +2.4892e-01
749 0 +6.350675472e+00 +6.769067547e+01 +6.769067547e+01 +4.0713e-01 +4.4214e-01 +2.3363e-01 -5.6231e-01 -5.4558e-02 -3.2770e-01 -5.1604e-01 -6.8830e-01 +2.0053e-01 +2.4216e-01
798 0 +6.293104322e+00 +6.763310432e+01 +6.763310432e+01 +3.8326e-01 +4.5537e-01 +2.3920e-01 -5.1336e-01 -5.7992e-02 -3.3183e-01 -5.3689e-01 -6.7726e-01 +1.9857e-01 +2.5655e-01
815 0 +6.123494513e+00 +6.746349451e+01 +6.746349451e+01 +3.8012e-01 +5.4987e-01 +2.6542e-01 -4.9123e-01 -5.0947e-02 -2.9692e-01 -5.4005e-01 -6.2914e-01 +2.1333e-01 +2.4523e-01
864 0 +6.021773044e+00 +6.736177304e+01 +6.736177304e+01 +3.7485e-01 +5.7279e-01 +2.7100e-01 -4.8132e-01 -4.5163e-02 -3.2020e-01 -5.5154e-01 -6.1332e-01 +2.0796e-01 +2.4422e-01
926 0 +5.856332847e+00 +6.719633285e+01 +6.719633285e+01 +3.7524e-01 +5.7644e-01 +2.7722e-01 -4.5611e-01 -2.2746e-02 -3.1430e-01 -5.3377e-01 -6.1025e-01 +1.9672e-01 +2.4005e-01
961 0 +5.690480566e+00 +6.703048057e+01 +6.703048057e+01 +3.5182e-01 +6.3494e-01 +2.9910e-01 -4.1161e-01 -1.7641e-02 -3.1085e-01 -5.3953e-01 -5.8039e-01 +1.8365e-01 +2.3012e-01
1000 0 +5.643688626e+00 +6.698368863e+01 +6.698368863e+01 +3.4988e-01 +6.5380e-01 +3.1838e-01 -3.9708e-01 -1.5759e-02 -3.0355e-01 -5.3156e-01 -5.6774e-01 +1.6768e-01 +2.2215e-01
