% f evaluations | g evaluations | best noise-free fitness - Fopt (2.997000000000e+01) + sum g_i+ | measured fitness | best measured fitness or single-digit g-values | x1 | x2...
1 0 +9.369938684e+02 +9.669638684e+02 +9.669638684e+02 +5.3659e-01 +1.3095e-01 +2.8950e-02 -5.5906e-01 -8.3220e-02
7 0 +9.067732328e+02 +9.367432328e+02 +9.367432328e+02 +2.2352e-01 +5.9284e-01 -3.7324e-01 -1.8793e-01 -2.4114e-01
12 0 +8.267479033e+02 +8.567179033e+02 +8.567179033e+02 +9.6939e-01 +6.6970e-01 -1.4307e-01 -9.0396e-01 -5.0861e-01
17 0 +7.181098103e+02 +7.480798103e+02 +7.480798103e+02 +4.4652e-01 +5.1802e-01 -7.4284e-01 -8.9960e-01 -9.9542e-02
28 0 +6.868156601e+02 +7.167856601e+02 +7.167856601e+02 +1.4803e+00 +1.0349e+00 -5.0051e-01 -1.3971e+00 -2.6094e-01
34 0 +6.664720359e+02 +6.964420359e+02 +6.964420359e+02 +4.7364e-01 +1.6548e+00 -8.9651e-01 -7.6351e-01 +1.9460e-01
35 0 +6.521021923e+02 +6.820721923e+02 +6.820721923e+02 +8.9920e-01 +1.0735e+00 -9.3880e-01 -1.2615e+00 -6.4085e-01
37 0 +6.304273906e+02 +6.603973906e+02 +6.603973906e+02 +2.1089e+00 +1.2826e+00 -1.4464e+00 -2.0399e+00 -8.8708e-01
41 0 +5.653729549e+02 +5.953429549e+02 +5.953429549e+02 +9.9579e-01 +9.8568e-01 -1.2760e+00 -1.3790e+00 -1.4347e-01
43 0 +5.301331210e+02 +5.601031210e+02 +5.601031210e+02 +8.0754e-01 +2.3787e+00 -1.8792e+00 -2.2856e+00 +2.4628e-01
49 0 +4.955849680e+02 +5.255549680e+02 +5.255549680e+02 -5.3122e-01 +1.5464e+00 -8.2274e-01 -3.2486e+00 +1.0328e+00
52 0 +4.645688267e+02 +4.945388267e+02 +4.945388267e+02 -8.3539e-02 +2.5294e+00 -2.8273e+00 -8.8727e-01 +2.0884e+00
53 0 +4.517313686e+02 +4.817013686e+02 +4.817013686e+02 -1.4009e-01 +2.2921e+00 -1.7469e+00 -2.2770e+00 +5.8071e-01
57 0 +4.242682803e+02 +4.542382803e+02 +4.542382803e+02 -1.7825e+00 +1.5891e+00 -1.7808e+00 -1.6058e+00 +3.1753e+00
87 0 +3.769246156e+02 +4.068946156e+02 +4.068946156e+02 -1.6510e-01 +1.4373e+00 -2.9924e+00 -1.1086e+00 +2.0624e+00
90 0 +3.684264537e+02 +3.983964537e+02 +3.983964537e+02 +1.3640e+00 +1.0856e-01 -2.2370e+00 -3.0905e+00 +1.7465e+00
91 0 +5.148166142e+01 +8.145166142e+01 +8.145166142e+01 +2.0109e-01 +2.4377e-01 -3.2151e+00 -1.5862e+00 +3.8385e+00
167 0 +2.279209955e+01 +5.276209955e+01 +5.276209955e+01 +2.0063e-01 +3.0519e-02 -3.2386e+00 -1.7714e+00 +3.7089e+00
296 0 +1.564252280e+01 +4.561252280e+01 +4.561252280e+01 +3.6463e-01 -2.6914e-01 -3.2775e+00 -1.8119e+00 +3.6807e+00
366 0 +1.435194401e+01 +4.432194401e+01 +4.432194401e+01 +4.3593e-01 -4.2444e-01 -3.3351e+00 -1.7952e+00 +3.6105e+00
394 0 +1.401263660e+01 +4.398263660e+01 +4.398263660e+01 +4.4615e-01 -5.5577e-01 -3.3462e+00 -1.8136e+00 +3.5210e+00
401 0 +1.361416425e+01 +4.358416425e+01 +4.358416425e+01 +3.5011e-01 -2.9973e-01 -3.2952e+00 -1.7885e+00 +3.6618e+00
406 0 +1.223577255e+01 +4.220577255e+01 +4.220577255e+01 +3.8997e-01 -3.6962e-01 -3.3091e+00 -1.8048e+00 +3.6079e+00
408 0 +1.158735410e+01 +4.155735410e+01 +4.155735410e+01 +3.9238e-01 -4.5148e-01 -3.3452e+00 -1.8138e+00 +3.5605e+00
409 0 +1.057819459e+01 +4.054819459e+01 +4.054819459e+01 +4.4619e-01 -6.1719e-01 -3.3705e+00 -1.8456e+00 +3.4805e+00
428 0 +7.570411367e+00 +3.754041137e+01 +3.754041137e+01 +4.4566e-01 -5.7490e-01 -3.3709e+00 -1.8273e+00 +3.5530e+00
450 0 +6.499252544e+00 +3.646925254e+01 +3.646925254e+01 +4.2638e-01 -5.0306e-01 -3.3537e+00 -1.8350e+00 +3.5689e+00
464 0 +6.428412741e+00 +3.639841274e+01 +3.639841274e+01 +4.1160e-01 -4.9243e-01 -3.3555e+00 -1.8326e+00 +3.5676e+00
466 0 +5.842152449e+00 +3.581215245e+01 +3.581215245e+01 +4.4278e-01 -5.6651e-01 -3.3722e+00 -1.8424e+00 +3.5594e+00
470 0 +5.682039189e+00 +3.565203919e+01 +3.565203919e+01 +4.2565e-01 -5.1350e-01 -3.3577e+00 -1.8336e+00 +3.5693e+00
485 0 +4.951153560e+00 +3.492115356e+01 +3.492115356e+01 +4.5000e-01 -6.0139e-01 -3.3823e+00 -1.8427e+00 +3.5445e+00
504 0 +4.951153560e+00 +3.492115356e+01 +3.492115356e+01 +4.5000e-01 -6.0139e-01 -3.3823e+00 -1.8427e+00 +3.5445e+00
% f evaluations | g evaluations | best noise-free fitness - Fopt (-5.171000000000e+01) + sum g_i+ | measured fitness | best measured fitness or single-digit g-values | x1 | x2...
1 0 +1.149241703e+03 +1.097531703e+03 +1.097531703e+03 +5.3659e-01 +1.3095e-01 +2.8950e-02 -5.5906e-01 -8.3220e-02
11 0 +1.039198766e+03 +9.874887657e+02 +9.874887657e+02 +5.7292e-01 +5.2522e-01 -2.0370e-01 -1.0623e+00 +2.1995e-01
18 0 +9.393526214e+02 +8.876426214e+02 +8.876426214e+02 +5.3561e-01 +1.3050e+00 -2.5227e-01 -1.6256e+00 +9.1629e-01
26 0 +8.912431498e+02 +8.395331498e+02 +8.395331498e+02 +8.3779e-01 +1.3110e+00 -4.0122e-01 -1.6663e+00 +8.3570e-02
27 0 +8.652095105e+02 +8.134995105e+02 +8.134995105e+02 +1.4624e+00 +7.1011e-01 -6.7474e-01 -7.9360e-01 +5.6996e-01
28 0 +8.375730767e+02 +7.858630767e+02 +7.858630767e+02 +9.7939e-01 +2.0629e+00 -2.7228e-01 -1.8332e+00 +9.5567e-02
34 0 +7.981878881e+02 +7.464778881e+02 +7.464778881e+02 +1.0346e+00 +1.5923e+00 -8.7763e-01 -1.1744e+00 +1.6059e+00
37 0 +7.633194777e+02 +7.116094777e+02 +7.116094777e+02 +1.8808e+00 +2.7756e+00 +3.0729e-01 -2.5863e+00 -1.5001e-01
38 0 +6.803998463e+02 +6.286898463e+02 +6.286898463e+02 +1.4684e+00 +1.3494e+00 -1.2626e+00 -1.9298e+00 +1.7671e-01
42 0 +6.700973397e+02 +6.183873397e+02 +6.183873397e+02 +1.7909e+00 +1.5043e+00 -6.2944e-01 -2.8139e+00 +1.1753e+00
48 0 +4.814779469e+02 +4.297679469e+02 +4.297679469e+02 +2.0328e+00 +2.5108e+00 -1.2308e+00 -2.9009e+00 +5.9924e-01
51 0 +3.256543879e+02 +2.739443879e+02 +2.739443879e+02 +1.7727e+00 +4.1459e+00 -2.3587e+00 -2.6928e+00 +5.6911e-02
63 0 +2.824429953e+02 +2.307329953e+02 +2.307329953e+02 +1.9062e+00 +3.6071e+00 -2.5520e+00 -3.0054e+00 +1.4033e+00
81 0 +1.780845720e+02 +1.263745720e+02 +1.263745720e+02 +3.7261e+00 +4.3499e+00 -2.4966e+00 -3.0567e+00 +3.5046e-01
109 0 +1.384962044e+02 +8.678620443e+01 +8.678620443e+01 +3.0060e+00 +4.3944e+00 -2.7600e+00 -2.6977e+00 +3.0207e-01
152 0 +1.313279787e+02 +7.961797873e+01 +7.961797873e+01 +2.8657e+00 +3.8461e+00 -2.7053e+00 -4.5120e+00 -3.6161e-01
167 0 +1.062823609e+02 +5.457236085e+01 +5.457236085e+01 +2.8813e+00 +3.5497e+00 -2.6597e+00 -4.3270e+00 +3.1053e-01
193 0 +5.144516342e+01 -2.648365792e-01 -2.648365792e-01 +2.9369e+00 +3.6800e+00 -2.9226e+00 -3.4856e+00 +2.5866e-01
229 0 +4.688863909e+01 -4.821360908e+00 -4.821360908e+00 +2.7667e+00 +3.0753e+00 -3.2856e+00 -3.8621e+00 +7.9187e-01
241 0 +3.789205989e+01 -1.381794011e+01 -1.381794011e+01 +2.6158e+00 +2.8920e+00 -3.3670e+00 -3.8875e+00 +1.0313e+00
245 0 +1.259197779e+01 -3.911802221e+01 -3.911802221e+01 +2.5919e+00 +3.1388e+00 -3.4145e+00 -3.6554e+00 +1.0310e+00
303 0 +9.684198339e+00 -4.202580166e+01 -4.202580166e+01 +2.7325e+00 +3.4777e+00 -3.1994e+00 -3.6972e+00 +7.5366e-01
331 0 +9.199581898e+00 -4.251041810e+01 -4.251041810e+01 +2.6882e+00 +3.3487e+00 -3.2846e+00 -3.6760e+00 +8.8575e-01
342 0 +4.508216459e+00 -4.720178354e+01 -4.720178354e+01 +2.6762e+00 +3.2929e+00 -3.2465e+00 -3.6764e+00 +8.6691e-01
346 0 +3.705422526e+00 -4.800457747e+01 -4.800457747e+01 +2.6587e+00 +3.2382e+00 -3.2923e+00 -3.6298e+00 +9.4036e-01
373 0 +2.258756257e+00 -4.945124374e+01 -4.945124374e+01 +2.6275e+00 +3.2118e+00 -3.3270e+00 -3.6487e+00 +9.8677e-01
419 0 +1.738709762e+00 -4.997129024e+01 -4.997129024e+01 +2.6131e+00 +3.1365e+00 -3.3635e+00 -3.6507e+00 +1.0468e+00
428 0 +1.572083165e+00 -5.013791683e+01 -5.013791683e+01 +2.6195e+00 +3.1618e+00 -3.3432e+00 -3.6673e+00 +1.0188e+00
429 0 +1.496693442e+00 -5.021330656e+01 -5.021330656e+01 +2.6250e+00 +3.1785e+00 -3.3415e+00 -3.6607e+00 +1.0059e+00
439 0 +1.314768912e+00 -5.039523109e+01 -5.039523109e+01 +2.6134e+00 +3.1729e+00 -3.3406e+00 -3.6582e+00 +1.0127e+00
440 0 +1.265768181e+00 -5.044423182e+01 -5.044423182e+01 +2.6009e+00 +3.1250e+00 -3.3599e+00 -3.6630e+00 +1.0486e+00
450 0 +8.104556554e-01 -5.089954434e+01 -5.089954434e+01 +2.6009e+00 +3.1282e+00 -3.3679e+00 -3.6527e+00 +1.0537e+00
482 0 +6.978101764e-01 -5.101218982e+01 -5.101218982e+01 +2.6108e+00 +3.1470e+00 -3.3564e+00 -3.6581e+00 +1.0370e+00
497 0 +5.732292274e-01 -5.113677077e+01 -5.113677077e+01 +2.6186e+00 +3.1571e+00 -3.3455e+00 -3.6540e+00 +1.0229e+00
504 0 +5.732292274e-01 -5.113677077e+01 -5.113677077e+01 +2.6186e+00 +3.1571e+00 -3.3455e+00 -3.6540e+00 +1.0229e+00
% f evaluations | g evaluations | best noise-free fitness - Fopt (-2.799500000000e+02) + sum g_i+ | measured fitness | best measured fitness or single-digit g-values | x1 | x2...
1 0 +2.047424723e+03 +1.767474723e+03 +1.767474723e+03 +5.3659e-01 +1.3095e-01 +2.8950e-02 -5.5906e-01 -8.3220e-02
2 0 +1.890961582e+03 +1.611011582e+03 +1.611011582e+03 -1.0643e-01 -2.4823e-02 -1.8810e-01 -1.3146e-02 -1.4317e-01
4 0 +1.856844874e+03 +1.576894874e+03 +1.576894874e+03 -1.2140e-01 -1.6361e-01 -4.6395e-01 +2.9472e-01 -3.3033e-01
5 0 +1.794792580e+03 +1.514842580e+03 +1.514842580e+03 -3.5551e-01 -6.1696e-02 +4.4585e-01 +7.1017e-02 -3.0715e-01
8 0 +1.737015874e+03 +1.457065874e+03 +1.457065874e+03 -7.2572e-01 -2.7714e-01 -3.0717e-01 +3.3720e-01 -3.9576e-02
11 0 +1.670790835e+03 +1.390840835e+03 +1.390840835e+03 -1.0921e+00 -1.4007e-01 +2.3109e-01 +8.6482e-01 -2.0969e-01
14 0 +1.593146095e+03 +1.313196095e+03 +1.313196095e+03 -9.8448e-01 -5.4208e-01 -2.5329e-01 +5.8720e-01 -6.8209e-01
18 0 +1.562016104e+03 +1.282066104e+03 +1.282066104e+03 -5.6582e-01 -5.9646e-01 +9.1965e-01 +2.2991e-02 -1.1351e+00
20 0 +1.447515779e+03 +1.167565779e+03 +1.167565779e+03 -2.0766e+00 -4.5850e-01 -2.7756e-01 +1.0425e+00 -1.0710e+00
24 0 +1.387442304e+03 +1.107492304e+03 +1.107492304e+03 -1.6807e+00 -9.3130e-01 -2.1388e-01 +6.1105e-01 -7.8692e-01
27 0 +1.259101146e+03 +9.791511462e+02 +9.791511462e+02 -1.8500e+00 -1.3542e+00 -7.6828e-01 +3.0744e-01 -1.5887e+00
33 0 +1.104145549e+03 +8.241955495e+02 +8.241955495e+02 -3.3957e+00 -1.6973e+00 -1.6200e+00 +9.3900e-01 -3.3492e+00
41 0 +1.084449292e+03 +8.044992923e+02 +8.044992923e+02 -2.8926e+00 -1.8662e+00 -1.6112e+00 +8.0396e-01 -3.5335e+00
42 0 +9.869052451e+02 +7.069552451e+02 +7.069552451e+02 -2.8109e+00 -1.8409e+00 -7.3849e-01 -5.3693e-01 -2.0947e+00
46 0 +8.313113261e+02 +5.513613261e+02 +5.513613261e+02 -1.5098e+00 -3.0138e+00 +7.3918e-01 +1.6225e+00 -2.9163e+00
50 0 +7.849957561e+02 +5.050457561e+02 +5.050457561e+02 -3.7609e+00 -3.6631e+00 -1.7758e+00 +6.5958e-01 -7.2552e-01
55 0 +7.723209262e+02 +4.923709262e+02 +4.923709262e+02 -3.4550e+00 -3.3274e+00 -2.0361e+00 -2.2976e-01 -2.5325e+00
63 0 +7.397533083e+02 +4.598033083e+02 +4.598033083e+02 -2.1873e+00 -3.7032e+00 -1.5231e+00 +1.8508e-01 -2.0680e+00
64 0 +5.968501997e+02 +3.169001997e+02 +3.169001997e+02 -1.2899e+00 -5.1341e+00 +1.1943e+00 +5.9336e-01 +3.8673e-01
67 0 +5.310607347e+02 +2.511107347e+02 +2.511107347e+02 -4.5428e+00 -4.5032e+00 +2.8331e+00 +9.5637e-01 -3.4326e+00
68 0 +4.936994021e+02 +2.137494021e+02 +2.137494021e+02 -1.5463e+00 -5.4626e+00 -1.2489e+00 -1.3392e+00 -3.5264e+00
74 0 +3.874155802e+02 +1.074655802e+02 +1.074655802e+02 -9.9438e-01 -5.2167e+00 +3.2247e+00 +4.8760e-01 -4.4197e+00
91 0 +3.253813450e+02 +4.543134500e+01 +4.543134500e+01 -3.0678e+00 -5.6875e+00 +1.1524e+00 +6.0406e-01 -3.1417e+00
103 0 +2.425339999e+02 -3.741600011e+01 -3.741600011e+01 -2.7282e+00 -4.4627e+00 +3.2256e+00 +8.1642e-01 -2.5887e+00
109 0 +2.136469170e+02 -6.630308305e+01 -6.630308305e+01 -2.3216e+00 -5.0471e+00 +2.8698e+00 +6.5399e-01 -3.3941e+00
127 0 +1.270204262e+02 -1.529295738e+02 -1.529295738e+02 -2.4182e+00 -4.9811e+00 +2.2114e+00 +4.2424e-01 -3.0335e+00
156 0 +1.166038774e+02 -1.633461226e+02 -1.633461226e+02 -2.3677e+00 -5.3679e+00 +2.3389e+00 -4.0816e-02 -2.6162e+00
158 0 +1.087543577e+02 -1.711956423e+02 -1.711956423e+02 -2.4215e+00 -4.7977e+00 +2.4655e+00 -4.3449e-01 -3.6681e+00
175 0 +9.104695384e+01 -1.889030462e+02 -1.889030462e+02 -2.7191e+00 -5.0663e+00 +2.1353e+00 +2.7963e-01 -2.5176e+00
189 0 +7.683796323e+01 -2.031120368e+02 -2.031120368e+02 -2.6095e+00 -4.9445e+00 +2.1816e+00 +1.0187e-01 -3.1197e+00
199 0 +6.443699004e+01 -2.155130100e+02 -2.155130100e+02 -3.0604e+00 -4.5319e+00 +2.0967e+00 -5.0234e-01 -3.1045e+00
218 0 +4.941048310e+01 -2.305395169e+02 -2.305395169e+02 -2.8756e+00 -4.9087e+00 +2.3398e+00 -2.9740e-01 -2.8471e+00
226 0 +4.566096848e+01 -2.342890315e+02 -2.342890315e+02 -2.7585e+00 -4.8221e+00 +2.3442e+00 -1.7871e-01 -2.7751e+00
235 0 +3.915537977e+01 -2.407946202e+02 -2.407946202e+02 -2.8170e+00 -4.7123e+00 +2.2420e+00 -2.3333e-01 -3.0758e+00
241 0 +3.065709038e+01 -2.492929096e+02 -2.492929096e+02 -2.9280e+00 -4.7129e+00 +2.2404e+00 -3.5202e-01 -2.9424e+00
252 0 +2.062932073e+01 -2.593206793e+02 -2.593206793e+02 -2.8276e+00 -4.7979e+00 +2.2789e+00 -3.4551e-01 -3.0021e+00
289 0 +1.914288715e+01 -2.608071128e+02 -2.608071128e+02 -2.8374e+00 -4.7791e+00 +2.2939e+00 -3.3080e-01 -2.9922e+00
290 0 +1.745729377e+01 -2.624927062e+02 -2.624927062e+02 -2.8107e+00 -4.8397e+00 +2.2653e+00 -2.7407e-01 -2.9750e+00
291 0 +1.517420984e+01 -2.647757902e+02 -2.647757902e+02 -2.8159e+00 -4.7987e+00 +2.2683e+00 -2.8488e-01 -3.0734e+00
328 0 +1.511467229e+01 -2.648353277e+02 -2.648353277e+02 -2.8560e+00 -4.7955e+00 +2.2758e+00 -3.4651e-01 -3.0424e+00
329 0 +1.467169466e+01 -2.652783053e+02 -2.652783053e+02 -2.7969e+00 -4.8241e+00 +2.2368e+00 -3.1204e-01 -3.0867e+00
332 0 +1.343272736e+01 -2.665172726e+02 -2.665172726e+02 -2.8166e+00 -4.8147e+00 +2.2468e+00 -3.1954e-01 -3.0821e+00
337 0 +1.128889681e+01 -2.686611032e+02 -2.686611032e+02 -2.7906e+00 -4.8366e+00 +2.2210e+00 -2.8674e-01 -3.0349e+00
406 0 +1.007679232e+01 -2.698732077e+02 -2.698732077e+02 -2.8503e+00 -4.7818e+00 +2.2957e+00 -3.3087e-01 -3.0709e+00
424 0 +9.282226002e+00 -2.706677740e+02 -2.706677740e+02 -2.8515e+00 -4.7828e+00 +2.2941e+00 -3.2110e-01 -3.0521e+00
444 0 +8.667486957e+00 -2.712825130e+02 -2.712825130e+02 -2.8633e+00 -4.7652e+00 +2.3124e+00 -3.3923e-01 -3.0626e+00
468 0 +8.384507709e+00 -2.715654923e+02 -2.715654923e+02 -2.8813e+00 -4.7480e+00 +2.3349e+00 -3.4748e-01 -3.0661e+00
500 0 +7.902962384e+00 -2.720470376e+02 -2.720470376e+02 -2.8943e+00 -4.7291e+00 +2.3521e+00 -3.6494e-01 -3.0802e+00
504 0 +7.902962384e+00 -2.720470376e+02 -2.720470376e+02 -2.8943e+00 -4.7291e+00 +2.3521e+00 -3.6494e-01 -3.0802e+00
% f evaluations | g evaluations | best noise-free fitness - Fopt (9.319900000000e+02) + sum g_i+ | measured fitness | best measured fitness or single-digit g-values | x1 | x2...
1 0 +8.271700352e+02 +1.759160035e+03 +1.759160035e+03 +5.3659e-01 +1.3095e-01 +2.8950e-02 -5.5906e-01 -8.3220e-02
3 0 +7.336165131e+02 +1.665606513e+03 +1.665606513e+03 -3.9416e-01 +2.6539e-01 +2.6440e-01 +5.1289e-01 +1.5011e-02
11 0 +6.511941073e+02 +1.583184107e+03 +1.583184107e+03 -8.4103e-01 +6.7055e-01 +4.6351e-01 +3.8055e-01 +2.7373e-01
17 0 +5.839043203e+02 +1.515894320e+03 +1.515894320e+03 -8.2146e-01 +8.0657e-01 +6.6348e-01 +2.0120e-01 +5.4937e-01
30 0 +5.243965658e+02 +1.456386566e+03 +1.456386566e+03 -8.2595e-01 +7.6429e-01 +1.3532e+00 +1.3362e-01 +8.6385e-02
35 0 +4.792726467e+02 +1.411262647e+03 +1.411262647e+03 -1.1574e+00 +3.9670e-01 +1.3045e+00 +1.0949e-01 +4.5933e-01
41 0 +4.334771649e+02 +1.365467165e+03 +1.365467165e+03 -1.3643e+00 +5.9751e-01 +1.7518e+00 -7.8864e-02 +4.1769e-01
43 0 +3.385114288e+02 +1.270501429e+03 +1.270501429e+03 -9.7823e-01 -4.4567e-01 +1.8678e+00 -4.4113e-01 +1.0454e+00
58 0 +2.555987854e+02 +1.187588785e+03 +1.187588785e+03 -1.9166e-01 +1.4874e+00 +3.4800e+00 +1.5921e-01 +1.3526e+00
65 0 +1.668941587e+02 +1.098884159e+03 +1.098884159e+03 +7.0491e-01 -1.3168e-01 +2.5005e+00 -9.1680e-01 +2.9526e+00
102 0 +1.561985715e+02 +1.088188572e+03 +1.088188572e+03 +5.4091e-01 +4.3397e-01 +1.2133e+00 -1.8018e+00 +2.6284e+00
107 0 +9.138048289e+01 +1.023370483e+03 +1.023370483e+03 +1.1135e+00 +2.1840e-01 +2.6841e+00 -1.0711e+00 +2.4029e+00
127 0 +8.781040739e+01 +1.019800407e+03 +1.019800407e+03 +1.2316e+00 +1.5869e+00 +3.5169e+00 -3.0122e-01 +1.7215e+00
148 0 +6.420512593e+01 +9.961951259e+02 +9.961951259e+02 +1.1543e+00 +6.7147e-01 +2.6224e+00 -1.1121e+00 +2.2357e+00
158 0 +2.935771748e+01 +9.613477175e+02 +9.613477175e+02 +1.1839e+00 +5.2510e-01 +2.1697e+00 -1.4796e+00 +2.6652e+00
205 0 +2.555685267e+01 +9.575468527e+02 +9.575468527e+02 +1.1296e+00 +4.7953e-01 +2.1465e+00 -1.3781e+00 +2.7025e+00
235 0 +1.653121132e+01 +9.485212113e+02 +9.485212113e+02 +1.0072e+00 +3.7766e-01 +2.1213e+00 -1.4366e+00 +2.6622e+00
246 0 +1.345264695e+01 +9.454426469e+02 +9.454426469e+02 +1.1602e+00 +5.1048e-01 +2.3161e+00 -1.3109e+00 +2.6059e+00
255 0 +7.876981094e+00 +9.398669811e+02 +9.398669811e+02 +1.1873e+00 +6.2957e-01 +2.4643e+00 -1.1456e+00 +2.5455e+00
267 0 +6.783925998e+00 +9.387739260e+02 +9.387739260e+02 +1.2315e+00 +6.6330e-01 +2.5516e+00 -1.0513e+00 +2.5016e+00
304 0 +6.134597042e+00 +9.381245970e+02 +9.381245970e+02 +1.2203e+00 +7.3178e-01 +2.6888e+00 -8.9259e-01 +2.4156e+00
305 0 +5.478342419e+00 +9.374683424e+02 +9.374683424e+02 +1.1988e+00 +6.3526e-01 +2.5452e+00 -1.0345e+00 +2.4989e+00
316 0 +4.109256304e+00 +9.360992563e+02 +9.360992563e+02 +1.2712e+00 +7.3413e-01 +2.6902e+00 -8.9591e-01 +2.4429e+00
343 0 +3.340002642e+00 +9.353300026e+02 +9.353300026e+02 +1.2268e+00 +6.8159e-01 +2.6154e+00 -9.7543e-01 +2.4715e+00
346 0 +2.419959844e+00 +9.344099598e+02 +9.344099598e+02 +1.2410e+00 +7.1481e-01 +2.6708e+00 -9.3371e-01 +2.4589e+00
390 0 +2.216979544e+00 +9.342069795e+02 +9.342069795e+02 +1.2626e+00 +7.2169e-01 +2.6841e+00 -9.2001e-01 +2.4521e+00
414 0 +1.832705604e+00 +9.338227056e+02 +9.338227056e+02 +1.2569e+00 +7.2769e-01 +2.6810e+00 -9.1870e-01 +2.4535e+00
428 0 +1.185079610e+00 +9.331750796e+02 +9.331750796e+02 +1.2437e+00 +7.0792e-01 +2.6596e+00 -9.4349e-01 +2.4612e+00
438 0 +1.107856473e+00 +9.330978565e+02 +9.330978565e+02 +1.2440e+00 +7.0384e-01 +2.6480e+00 -9.6023e-01 +2.4687e+00
468 0 +9.287114011e-01 +9.329187114e+02 +9.329187114e+02 +1.2326e+00 +6.8949e-01 +2.6263e+00 -9.8123e-01 +2.4770e+00
485 0 +7.551394738e-01 +9.327451395e+02 +9.327451395e+02 +1.2435e+00 +7.0799e-01 +2.6554e+00 -9.5060e-01 +2.4638e+00
504 0 +7.551394738e-01 +9.327451395e+02 +9.327451395e+02 +1.2435e+00 +7.0799e-01 +2.6554e+00 -9.5060e-01 +2.4638e+00
% f evaluations | g evaluations | best noise-free fitness - Fopt (1.133100000000e+02) + sum g_i+ | measured fitness | best measured fitness or single-digit g-values | x1 | x2...
1 0 +4.681396056e+02 +5.814496056e+02 +5.814496056e+02 +5.3659e-01 +1.3095e-01 +2.8950e-02 -5.5906e-01 -8.3220e-02
7 0 +4.626859000e+02 +5.759959000e+02 +5.759959000e+02 +2.2352e-01 +5.9284e-01 -3.7324e-01 -1.8793e-01 -2.4114e-01
12 0 +4.379518083e+02 +5.512618083e+02 +5.512618083e+02 +2.3141e-01 +1.4049e+00 -2.5448e-01 -1.3184e-01 -3.6194e-01
13 0 +4.000990276e+02 +5.134090276e+02 +5.134090276e+02 +3.7023e-01 +6.7304e-01 +4.2133e-02 -9.0021e-01 +1.8185e-01
17 0 +3.863316391e+02 +4.996416391e+02 +4.996416391e+02 +8.5501e-01 +7.6350e-01 -1.1864e-01 -2.0935e-01 -2.3446e-01
19 0 +3.586941818e+02 +4.720041818e+02 +4.720041818e+02 +3.9414e-01 +1.1867e+00 +1.9383e-01 -5.8920e-01 +2.1655e-01
26 0 +3.281389400e+02 +4.414489400e+02 +4.414489400e+02 +6.9708e-01 +1.5344e+00 +4.4304e-02 -6.3316e-01 -3.9828e-02
34 0 +3.026911502e+02 +4.160011502e+02 +4.160011502e+02 +9.8572e-01 +2.1319e+00 -2.8238e-01 -1.7218e-01 +2.9922e-02
45 0 +2.519461297e+02 +3.652561297e+02 +3.652561297e+02 +1.2659e+00 +2.0465e+00 -3.5196e-01 +3.2594e-01 +1.3372e-01
51 0 +1.187576831e+02 +2.320676831e+02 +2.320676831e+02 +2.0093e+00 +2.7610e+00 +5.1105e-01 +8.9498e-01 +2.7317e-01
95 0 +1.053918446e+02 +2.187018446e+02 +2.187018446e+02 +1.8938e+00 +3.1812e+00 +9.8810e-01 -3.6370e-01 +7.9088e-01
109 0 +5.019463876e+01 +1.635046388e+02 +1.635046388e+02 +2.0001e+00 +2.5208e+00 +5.7646e-02 +4.4643e-01 +9.3398e-01
125 0 +3.642950556e+01 +1.497395056e+02 +1.497395056e+02 +2.3621e+00 +2.5424e+00 -1.9805e-01 +6.2266e-01 +1.0688e+00
167 0 +3.185304537e+01 +1.451630454e+02 +1.451630454e+02 +2.3898e+00 +2.0011e+00 -6.9588e-01 +6.5327e-01 +1.0587e+00
196 0 +2.917746847e+01 +1.424874685e+02 +1.424874685e+02 +2.3632e+00 +2.0785e+00 -4.8458e-01 +7.2245e-01 +1.0371e+00
211 0 +2.454718859e+01 +1.378571886e+02 +1.378571886e+02 +2.3901e+00 +2.1774e+00 -4.3830e-01 +7.4964e-01 +1.0312e+00
226 0 +1.538821050e+01 +1.286982105e+02 +1.286982105e+02 +2.4213e+00 +2.2035e+00 -4.5214e-01 +7.2272e-01 +1.0229e+00
235 0 +1.311279032e+01 +1.264227903e+02 +1.264227903e+02 +2.3643e+00 +2.2058e+00 -4.0610e-01 +6.3278e-01 +9.7789e-01
244 0 +1.209000631e+01 +1.254000063e+02 +1.254000063e+02 +2.4211e+00 +2.2141e+00 -4.1512e-01 +6.6889e-01 +9.5224e-01
266 0 +1.164692745e+01 +1.249569274e+02 +1.249569274e+02 +2.3977e+00 +2.1785e+00 -4.3240e-01 +6.8172e-01 +9.9410e-01
273 0 +9.973620602e+00 +1.232836206e+02 +1.232836206e+02 +2.4338e+00 +2.2075e+00 -4.3169e-01 +7.0371e-01 +9.9017e-01
297 0 +8.582829696e+00 +1.218928297e+02 +1.218928297e+02 +2.4097e+00 +2.2284e+00 -4.0563e-01 +6.9393e-01 +9.7360e-01
305 0 +7.263231874e+00 +1.205732319e+02 +1.205732319e+02 +2.4062e+00 +2.2167e+00 -4.1215e-01 +6.7584e-01 +9.8407e-01
322 0 +6.870217263e+00 +1.201802173e+02 +1.201802173e+02 +2.4096e+00 +2.2089e+00 -4.1824e-01 +6.6940e-01 +9.8438e-01
390 0 +6.740442498e+00 +1.200504425e+02 +1.200504425e+02 +2.4170e+00 +2.2036e+00 -4.2673e-01 +6.8125e-01 +9.8228e-01
407 0 +6.464542038e+00 +1.197745420e+02 +1.197745420e+02 +2.4140e+00 +2.2114e+00 -4.1833e-01 +6.7390e-01 +9.8052e-01
408 0 +6.415497407e+00 +1.197254974e+02 +1.197254974e+02 +2.4148e+00 +2.2083e+00 -4.2364e-01 +6.7699e-01 +9.8159e-01
439 0 +6.190988418e+00 +1.195009884e+02 +1.195009884e+02 +2.4135e+00 +2.2107e+00 -4.1940e-01 +6.7684e-01 +9.8168e-01
444 0 +6.064946763e+00 +1.193749468e+02 +1.193749468e+02 +2.4117e+00 +2.2152e+00 -4.1553e-01 +6.7572e-01 +9.8078e-01
504 0 +6.059208537e+00 +1.193692085e+02 +1.193692085e+02 +2.4126e+00 +2.2129e+00 -4.1741e-01 +6.7568e-01 +9.8159e-01
% f evaluations | g evaluations | best noise-free fitness - Fopt (2.849000000000e+01) + sum g_i+ | measured fitness | best measured fitness or single-digit g-values | x1 | x2...
1 0 +8.812298796e+02 +9.097198796e+02 +9.097198796e+02 +5.3659e-01 +1.3095e-01 +2.8950e-02 -5.5906e-01 -8.3220e-02
2 0 +8.614893461e+02 +8.899793461e+02 +8.899793461e+02 -1.0643e-01 -2.4823e-02 -1.8810e-01 -1.3146e-02 -1.4317e-01
6 0 +8.179439261e+02 +8.464339261e+02 +8.464339261e+02 -2.1390e-01 +1.8758e-01 -4.8155e-02 -2.3066e-01 -6.9012e-02
9 0 +8.020526107e+02 +8.305426107e+02 +8.305426107e+02 -1.9439e-02 -1.9056e-01 +8.3338e-02 -3.6471e-01 -5.3091e-01
11 0 +7.540275625e+02 +7.825175625e+02 +7.825175625e+02 -9.4511e-01 +2.6381e-02 -4.2982e-02 -1.4950e-01 +3.3783e-01
16 0 +7.294663071e+02 +7.579563071e+02 +7.579563071e+02 -8.2491e-01 -5.8896e-02 +2.7948e-01 -1.9932e-01 -3.4240e-01
17 0 +6.606832671e+02 +6.891732671e+02 +6.891732671e+02 -8.0129e-01 +5.6362e-02 +1.7145e-01 -6.0635e-01 -2.9196e-01
20 0 +6.204440852e+02 +6.489340852e+02 +6.489340852e+02 -1.6705e+00 -4.8528e-01 +2.6878e-01 -3.0837e-01 -4.7556e-01
25 0 +5.274229261e+02 +5.559129261e+02 +5.559129261e+02 -1.5348e+00 +2.2563e-01 +5.8975e-01 -8.4605e-01 -5.6210e-01
33 0 +4.308111558e+02 +4.593011558e+02 +4.593011558e+02 -3.3937e+00 +1.5735e-01 +1.2688e+00 -1.5217e+00 -9.5135e-01
41 0 +3.676659777e+02 +3.961559777e+02 +3.961559777e+02 -3.0806e+00 +4.0533e-01 +1.1421e+00 -1.6296e+00 -1.0225e+00
43 0 +3.018650945e+02 +3.303550945e+02 +3.303550945e+02 -1.7278e+00 +1.0351e+00 +1.6236e+00 -2.1968e+00 -1.7551e-01
72 0 +2.948953445e+02 +3.233853445e+02 +3.233853445e+02 -2.2342e+00 +1.1576e+00 +1.2706e+00 -1.7269e+00 -1.5079e+00
86 0 +2.656273640e+02 +2.941173640e+02 +2.941173640e+02 -1.7359e+00 +1.2921e+00 +1.1477e+00 -3.3046e+00 -9.4976e-03
87 0 +2.425959204e+02 +2.710859204e+02 +2.710859204e+02 -1.4880e+00 -1.1463e+00 +1.0061e+00 -2.5347e+00 -1.3609e+00
91 0 +2.183728749e+02 +2.468628749e+02 +2.468628749e+02 -1.5443e+00 +2.1046e-01 +1.0432e+00 -2.8147e+00 -3.2762e-01
103 0 +1.595447732e+02 +1.880347732e+02 +1.880347732e+02 -1.5887e+00 -8.9757e-01 +9.7140e-01 -3.2616e+00 -1.0259e+00
107 0 +1.477023241e+02 +1.761923241e+02 +1.761923241e+02 -1.0750e+00 -4.1506e-01 +1.0438e+00 -3.4287e+00 -7.9097e-01
113 0 +1.121717710e+02 +1.406617710e+02 +1.406617710e+02 -1.3673e+00 -2.0029e-01 +8.1722e-01 -3.7538e+00 -1.2783e+00
125 0 +8.810380034e+01 +1.165938003e+02 +1.165938003e+02 -1.6940e+00 -1.5507e-01 +1.3073e+00 -3.7119e+00 -1.4735e+00
144 0 +8.583706330e+01 +1.143270633e+02 +1.143270633e+02 -1.4376e+00 -6.8562e-01 +9.0886e-01 -3.7386e+00 -1.4626e+00
155 0 +5.022821827e+01 +7.871821827e+01 +7.871821827e+01 -1.5007e+00 -3.7057e-01 +9.1759e-01 -3.5183e+00 -1.8276e+00
167 0 +4.015367383e+01 +6.864367383e+01 +6.864367383e+01 -1.3607e+00 -5.1128e-01 +9.1557e-01 -3.6126e+00 -2.0136e+00
212 0 +2.891739312e+01 +5.740739312e+01 +5.740739312e+01 -1.2937e+00 -5.0180e-01 +9.3999e-01 -3.5921e+00 -1.6646e+00
235 0 +2.473618393e+01 +5.322618393e+01 +5.322618393e+01 -1.3127e+00 -5.5929e-01 +9.7771e-01 -3.6394e+00 -1.8061e+00
244 0 +2.230968092e+01 +5.079968092e+01 +5.079968092e+01 -1.3020e+00 -5.9072e-01 +8.5409e-01 -3.5491e+00 -1.7852e+00
245 0 +1.739479257e+01 +4.588479257e+01 +4.588479257e+01 -1.3292e+00 -5.1030e-01 +9.7965e-01 -3.5539e+00 -1.7788e+00
267 0 +1.681193140e+01 +4.530193140e+01 +4.530193140e+01 -1.1721e+00 -8.9466e-01 +6.7821e-01 -3.6212e+00 -1.9607e+00
273 0 +1.044678727e+01 +3.893678727e+01 +3.893678727e+01 -1.1814e+00 -8.4803e-01 +7.5579e-01 -3.6467e+00 -1.9062e+00
314 0 +9.731841288e+00 +3.822184129e+01 +3.822184129e+01 -1.1936e+00 -8.3121e-01 +7.5168e-01 -3.6076e+00 -1.9525e+00
317 0 +9.301102211e+00 +3.779110221e+01 +3.779110221e+01 -1.2569e+00 -7.3524e-01 +8.2755e-01 -3.5859e+00 -1.8856e+00
380 0 +8.195264115e+00 +3.668526412e+01 +3.668526412e+01 -1.2458e+00 -7.3268e-01 +8.2417e-01 -3.5933e+00 -1.8865e+00
381 0 +7.914884824e+00 +3.640488482e+01 +3.640488482e+01 -1.2295e+00 -7.5970e-01 +8.0843e-01 -3.6060e+00 -1.9052e+00
391 0 +7.387820121e+00 +3.587782012e+01 +3.587782012e+01 -1.2534e+00 -7.1593e-01 +8.3978e-01 -3.5854e+00 -1.8784e+00
410 0 +6.754914876e+00 +3.524491488e+01 +3.524491488e+01 -1.2275e+00 -7.7311e-01 +8.0688e-01 -3.6011e+00 -1.9036e+00
452 0 +6.466775572e+00 +3.495677557e+01 +3.495677557e+01 -1.2216e+00 -7.7827e-01 +8.0113e-01 -3.6054e+00 -1.9103e+00
455 0 +6.428769938e+00 +3.491876994e+01 +3.491876994e+01 -1.2167e+00 -7.8314e-01 +7.9864e-01 -3.6089e+00 -1.9078e+00
504 0 +6.317111719e+00 +3.480711172e+01 +3.480711172e+01 -1.2158e+00 -7.9041e-01 +7.9428e-01 -3.6083e+00 -1.9160e+00
% f evaluations | g evaluations | best noise-free fitness - Fopt (-7.405800000000e+02) + sum g_i+ | measured fitness | best measured fitness or single-digit g-values | x1 | x2...
1 0 +4.405631378e+02 -3.000168622e+02 -3.000168622e+02 +5.3659e-01 +1.3095e-01 +2.8950e-02 -5.5906e-01 -8.3220e-02
2 0 +3.475695708e+02 -3.930104292e+02 -3.930104292e+02 -1.0643e-01 -2.4823e-02 -1.8810e-01 -1.3146e-02 -1.4317e-01
4 0 +3.098102520e+02 -4.307697480e+02 -4.307697480e+02 -1.2140e-01 -1.6361e-01 -4.6395e-01 +2.9472e-01 -3.3033e-01
14 0 +2.870261182e+02 -4.535538818e+02 -4.535538818e+02 +1.6248e-01 +2.4284e-01 -7.8601e-01 +3.9429e-01 -7.9934e-01
19 0 +2.648135408e+02 -4.757664592e+02 -4.757664592e+02 -4.0467e-01 +1.9674e-01 -7.0679e-01 +7.6147e-02 -4.8406e-01
21 0 +2.443454751e+02 -4.962345249e+02 -4.962345249e+02 +7.6180e-03 +7.0637e-02 -1.5646e+00 +1.8525e-01 -8.5486e-01
25 0 +2.378547877e+02 -5.027252123e+02 -5.027252123e+02 -8.5816e-01 +5.4457e-01 -1.2674e+00 -8.5771e-02 -8.6406e-01
32 0 +2.122325586e+02 -5.283474414e+02 -5.283474414e+02 -1.7994e-01 +8.0659e-02 -1.9011e+00 +5.5343e-02 -7.5326e-01
33 0 +1.617064469e+02 -5.788735531e+02 -5.788735531e+02 -1.5055e+00 +7.0340e-01 -2.9183e+00 +1.8292e-01 -1.1085e+00
44 0 +1.307268844e+02 -6.098531156e+02 -6.098531156e+02 -8.3140e-01 -4.7377e-02 -2.3326e+00 +5.0160e-01 -6.3722e-01
71 0 +1.028699786e+02 -6.377100214e+02 -6.377100214e+02 -1.6728e+00 +4.3037e-01 -2.9827e+00 +3.6164e-01 -1.0076e+00
91 0 +7.514423583e+01 -6.654357642e+02 -6.654357642e+02 -1.2343e+00 +2.1649e-01 -2.4572e+00 +2.5900e-01 -9.7178e-01
102 0 +7.125349843e+01 -6.693265016e+02 -6.693265016e+02 -1.6497e+00 -1.1524e-01 -2.2761e+00 +9.7946e-02 -9.6695e-01
109 0 +4.674250971e+01 -6.938374903e+02 -6.938374903e+02 -1.9230e+00 +8.9340e-02 -2.7003e+00 -1.7058e-02 -7.6116e-01
154 0 +2.771986938e+01 -7.128601306e+02 -7.128601306e+02 -1.6896e+00 +1.7849e-03 -2.6616e+00 +3.1675e-01 -1.1675e+00
185 0 +2.608537471e+01 -7.144946253e+02 -7.144946253e+02 -1.9034e+00 -4.0243e-01 -2.7518e+00 +3.5547e-01 -1.4357e+00
212 0 +1.538000806e+01 -7.251999919e+02 -7.251999919e+02 -1.9472e+00 -3.7009e-01 -2.7115e+00 +3.9337e-01 -1.4492e+00
224 0 +1.485635057e+01 -7.257236494e+02 -7.257236494e+02 -1.9950e+00 -3.0580e-01 -2.7261e+00 +4.2693e-01 -1.4167e+00
238 0 +1.328874855e+01 -7.272912515e+02 -7.272912515e+02 -1.9895e+00 -3.1679e-01 -2.6833e+00 +4.7971e-01 -1.5600e+00
244 0 +8.043370863e+00 -7.325366291e+02 -7.325366291e+02 -1.9584e+00 -3.2972e-01 -2.7509e+00 +4.4604e-01 -1.4864e+00
264 0 +5.030024695e+00 -7.355499753e+02 -7.355499753e+02 -1.9662e+00 -3.0182e-01 -2.7407e+00 +4.2975e-01 -1.4793e+00
274 0 +4.579365897e+00 -7.360006341e+02 -7.360006341e+02 -1.9696e+00 -3.2171e-01 -2.7392e+00 +4.1335e-01 -1.4596e+00
280 0 +3.702728837e+00 -7.368772712e+02 -7.368772712e+02 -1.9457e+00 -2.8630e-01 -2.7342e+00 +3.8016e-01 -1.4114e+00
304 0 +3.176155060e+00 -7.374038449e+02 -7.374038449e+02 -1.8926e+00 -1.8065e-01 -2.7305e+00 +3.2818e-01 -1.2884e+00
305 0 +2.600305721e+00 -7.379796943e+02 -7.379796943e+02 -1.8991e+00 -2.2651e-01 -2.7301e+00 +3.6174e-01 -1.3452e+00
344 0 +2.087663525e+00 -7.384923365e+02 -7.384923365e+02 -1.8590e+00 -1.5859e-01 -2.7224e+00 +3.1525e-01 -1.2484e+00
356 0 +1.545051014e+00 -7.390349490e+02 -7.390349490e+02 -1.8824e+00 -1.9965e-01 -2.7177e+00 +3.3589e-01 -1.2931e+00
379 0 +1.388109290e+00 -7.391918907e+02 -7.391918907e+02 -1.8610e+00 -1.6138e-01 -2.7247e+00 +3.0089e-01 -1.2331e+00
390 0 +9.152433359e-01 -7.396647567e+02 -7.396647567e+02 -1.8529e+00 -1.4766e-01 -2.7220e+00 +2.9741e-01 -1.2217e+00
424 0 +9.054864843e-01 -7.396745135e+02 -7.396745135e+02 -1.8420e+00 -1.3390e-01 -2.7206e+00 +2.9002e-01 -1.2020e+00
432 0 +7.640407837e-01 -7.398159592e+02 -7.398159592e+02 -1.8507e+00 -1.5466e-01 -2.7180e+00 +3.0553e-01 -1.2298e+00
439 0 +4.258826092e-01 -7.401541174e+02 -7.401541174e+02 -1.8500e+00 -1.5242e-01 -2.7197e+00 +2.9994e-01 -1.2239e+00
493 0 +4.082788074e-01 -7.401717212e+02 -7.401717212e+02 -1.8558e+00 -1.5758e-01 -2.7210e+00 +3.0507e-01 -1.2334e+00
500 0 +3.970279447e-01 -7.401829721e+02 -7.401829721e+02 -1.8655e+00 -1.7236e-01 -2.7214e+00 +3.1523e-01 -1.2561e+00
503 0 +3.349725961e-01 -7.402450274e+02 -7.402450274e+02 -1.8594e+00 -1.6379e-01 -2.7214e+00 +3.0956e-01 -1.2434e+00
504 0 +3.349725961e-01 -7.402450274e+02 -7.402450274e+02 -1.8594e+00 -1.6379e-01 -2.7214e+00 +3.0956e-01 -1.2434e+00
% f evaluations | g evaluations | best noise-free fitness - Fopt (-5.177000000000e+01) + sum g_i+ | measured fitness | best measured fitness or single-digit g-values | x1 | x2...
1 0 +1.039320378e+03 +9.875503780e+02 +9.875503780e+02 +5.3659e-01 +1.3095e-01 +2.8950e-02 -5.5906e-01 -8.3220e-02
2 0 +1.034381922e+03 +9.826119215e+02 +9.826119215e+02 -1.0643e-01 -2.4823e-02 -1.8810e-01 -1.3146e-02 -1.4317e-01
3 0 +9.844166664e+02 +9.326466664e+02 +9.326466664e+02 -3.9416e-01 +2.6539e-01 +2.6440e-01 +5.1289e-01 +1.5011e-02
6 0 +9.679502217e+02 +9.161802217e+02 +9.161802217e+02 -2.1390e-01 +1.8758e-01 -4.8155e-02 -2.3066e-01 -6.9012e-02
11 0 +9.270925715e+02 +8.753225715e+02 +8.753225715e+02 -2.9449e-01 +7.0671e-01 +4.2742e-01 +3.2850e-01 -2.9560e-02
14 0 +8.773477345e+02 +8.255777345e+02 +8.255777345e+02 -6.6887e-01 +5.9747e-01 +2.2873e-01 -1.5954e-01 -2.6936e-01
20 0 +8.169487618e+02 +7.651787618e+02 +7.651787618e+02 -1.1690e+00 +1.2570e+00 +3.9546e-01 +3.5571e-02 -4.3828e-01
21 0 +7.840186616e+02 +7.322486616e+02 +7.322486616e+02 -9.1096e-01 +9.7706e-01 +4.7265e-01 -1.8114e-01 +2.6175e-01
25 0 +7.249591281e+02 +6.731891281e+02 +6.731891281e+02 -1.4354e+00 +7.5530e-01 +4.7033e-01 -4.7581e-01 +3.9739e-01
33 0 +6.187975371e+02 +5.670275371e+02 +5.670275371e+02 -3.0108e+00 +1.8571e+00 +6.6503e-01 -7.6412e-01 +7.4029e-01
41 0 +5.989672775e+02 +5.471972775e+02 +5.471972775e+02 -3.0561e+00 +1.5456e+00 +8.3815e-01 -7.6909e-01 +8.3042e-01
42 0 +5.699292568e+02 +5.181592568e+02 +5.181592568e+02 -1.6860e+00 +1.3029e+00 +6.3767e-01 -1.0254e+00 +1.0596e+00
63 0 +5.239007373e+02 +4.721307373e+02 +4.721307373e+02 -1.8462e+00 +2.0736e+00 -5.2919e-02 -1.3872e+00 +1.0404e+00
75 0 +4.477328340e+02 +3.959628340e+02 +3.959628340e+02 -2.4011e+00 +2.1990e+00 +2.0510e-01 -2.6423e+00 +6.2475e-01
87 0 +4.113292109e+02 +3.595592109e+02 +3.595592109e+02 -2.0191e+00 +1.5506e+00 +5.2220e-01 -2.1158e+00 +1.4268e+00
101 0 +3.002222933e+02 +2.484522933e+02 +2.484522933e+02 -1.8033e+00 +2.5371e+00 +4.1066e-01 -2.7322e+00 +2.2282e+00
145 0 +2.796590836e+02 +2.278890836e+02 +2.278890836e+02 -1.8505e+00 +1.2403e+00 +1.0537e+00 -3.0348e+00 +3.6467e+00
153 0 +1.910555721e+02 +1.392855721e+02 +1.392855721e+02 -2.1671e+00 +2.3273e+00 +6.6152e-01 -3.6575e+00 +3.2086e+00
161 0 +1.605219884e+02 +1.087519884e+02 +1.087519884e+02 -3.1416e+00 +1.9258e+00 +1.7048e+00 -3.8425e+00 +3.8878e+00
166 0 +1.144322162e+02 +6.266221624e+01 +6.266221624e+01 -2.9933e+00 +1.4876e+00 +1.6305e+00 -4.0567e+00 +3.9141e+00
182 0 +7.408709635e+01 +2.231709635e+01 +2.231709635e+01 -3.7091e+00 +5.8755e-01 +2.3698e+00 -3.6700e+00 +4.1654e+00
230 0 +6.249108482e+01 +1.072108482e+01 +1.072108482e+01 -2.3667e+00 +1.8689e+00 +1.9986e+00 -3.6991e+00 +3.4217e+00
246 0 +4.450006888e+01 -7.269931119e+00 -7.269931119e+00 -2.1752e+00 +1.9311e+00 +1.9328e+00 -3.6146e+00 +3.7516e+00
252 0 +3.454629045e+01 -1.722370955e+01 -1.722370955e+01 -2.1904e+00 +1.7962e+00 +2.0795e+00 -3.6137e+00 +3.8029e+00
280 0 +2.980445155e+01 -2.196554845e+01 -2.196554845e+01 -2.0762e+00 +1.9745e+00 +1.9775e+00 -3.7579e+00 +3.7242e+00
283 0 +2.696838000e+01 -2.480162000e+01 -2.480162000e+01 -2.1869e+00 +1.8267e+00 +2.0164e+00 -3.7447e+00 +3.8547e+00
299 0 +2.637213440e+01 -2.539786560e+01 -2.539786560e+01 -2.2236e+00 +1.8973e+00 +2.0244e+00 -3.7334e+00 +3.7887e+00
303 0 +1.266382045e+01 -3.910617955e+01 -3.910617955e+01 -2.3474e+00 +1.6791e+00 +2.1301e+00 -3.7582e+00 +3.7709e+00
315 0 +8.504264355e+00 -4.326573564e+01 -4.326573564e+01 -2.4369e+00 +1.6375e+00 +2.2095e+00 -3.7324e+00 +3.8345e+00
346 0 +6.351678588e+00 -4.541832141e+01 -4.541832141e+01 -2.2703e+00 +1.7579e+00 +2.1590e+00 -3.7788e+00 +3.8203e+00
380 0 +4.830840454e+00 -4.693915955e+01 -4.693915955e+01 -2.3435e+00 +1.6911e+00 +2.2411e+00 -3.7942e+00 +3.8591e+00
395 0 +4.135402057e+00 -4.763459794e+01 -4.763459794e+01 -2.2324e+00 +1.7914e+00 +2.1746e+00 -3.7957e+00 +3.8401e+00
401 0 +2.525567367e+00 -4.924443263e+01 -4.924443263e+01 -2.2979e+00 +1.7309e+00 +2.2212e+00 -3.7852e+00 +3.8471e+00
432 0 +1.462678137e+00 -5.030732186e+01 -5.030732186e+01 -2.2429e+00 +1.7739e+00 +2.2061e+00 -3.7937e+00 +3.8399e+00
433 0 +1.180014534e+00 -5.058998547e+01 -5.058998547e+01 -2.2828e+00 +1.7462e+00 +2.2019e+00 -3.7864e+00 +3.8361e+00
450 0 +8.436729551e-01 -5.092632704e+01 -5.092632704e+01 -2.2700e+00 +1.7537e+00 +2.2053e+00 -3.7944e+00 +3.8361e+00
462 0 +8.107200538e-01 -5.095927995e+01 -5.095927995e+01 -2.2902e+00 +1.7413e+00 +2.2084e+00 -3.7882e+00 +3.8370e+00
463 0 +7.475860482e-01 -5.102241395e+01 -5.102241395e+01 -2.2732e+00 +1.7520e+00 +2.2059e+00 -3.7923e+00 +3.8398e+00
470 0 +2.936196060e-01 -5.147638039e+01 -5.147638039e+01 -2.2712e+00 +1.7555e+00 +2.2081e+00 -3.7945e+00 +3.8382e+00
504 0 +2.936196060e-01 -5.147638039e+01 -5.147638039e+01 -2.2712e+00 +1.7555e+00 +2.2081e+00 -3.7945e+00 +3.8382e+00
% f evaluations | g evaluations | best noise-free fitness - Fopt (-2.229800000000e+02) + sum g_i+ | measured fitness | best measured fitness or single-digit g-values | x1 | x2...
1 0 +1.843968674e+03 +1.620988674e+03 +1.620988674e+03 +5.3659e-01 +1.3095e-01 +2.8950e-02 -5.5906e-01 -8.3220e-02
2 0 +1.831329902e+03 +1.608349902e+03 +1.608349902e+03 -1.0643e-01 -2.4823e-02 -1.8810e-01 -1.3146e-02 -1.4317e-01
4 0 +1.728085341e+03 +1.505105341e+03 +1.505105341e+03 -1.2140e-01 -1.6361e-01 -4.6395e-01 +2.9472e-01 -3.3033e-01
11 0 +1.665330403e+03 +1.442350403e+03 +1.442350403e+03 +1.8600e-01 +4.8075e-01 -9.7383e-01 +3.3151e-01 -1.9022e-01
14 0 +1.586458555e+03 +1.363478555e+03 +1.363478555e+03 +2.4900e-01 +2.6748e-01 -7.9032e-01 +3.7069e-02 -8.1901e-01
18 0 +1.425887990e+03 +1.202907990e+03 +1.202907990e+03 +8.4598e-01 +1.0008e+00 -6.0137e-01 +2.3684e-01 -1.2053e+00
26 0 +1.406886475e+03 +1.183906475e+03 +1.183906475e+03 +4.8399e-01 +7.8866e-01 -1.1392e+00 +1.4859e-01 -1.3762e+00
28 0 +1.228403145e+03 +1.005423145e+03 +1.005423145e+03 +1.0215e+00 +9.4805e-01 -1.2374e+00 +3.0489e-01 -1.7181e+00
37 0 +1.066673856e+03 +8.436938556e+02 +8.436938556e+02 +2.1069e+00 +1.8810e+00 -1.6791e+00 -8.6744e-02 -2.0707e+00
45 0 +9.899161907e+02 +7.669361907e+02 +7.669361907e+02 +9.4404e-01 +1.8244e+00 -2.4230e+00 +8.9382e-01 -2.2644e+00
48 0 +9.737174617e+02 +7.507374617e+02 +7.507374617e+02 +1.9986e+00 +2.5162e+00 -1.5984e+00 +1.4790e-01 -2.6728e+00
56 0 +7.324623092e+02 +5.094823092e+02 +5.094823092e+02 +2.7123e+00 +1.7950e+00 -2.8561e+00 -2.3529e-01 -3.1541e+00
61 0 +5.961443232e+02 +3.731643232e+02 +3.731643232e+02 +1.2945e+00 +2.1454e+00 -3.3759e+00 -2.4637e-02 -5.2296e+00
64 0 +4.986036268e+02 +2.756236268e+02 +2.756236268e+02 +3.7491e+00 +1.7052e+00 -3.9037e+00 -4.0359e-01 -5.5309e+00
66 0 +1.957538605e+02 -2.722613947e+01 -2.722613947e+01 +2.3116e+00 +6.2415e-01 -2.1826e+00 +2.2352e+00 -4.6161e+00
142 0 +1.530983709e+02 -6.988162908e+01 -6.988162908e+01 +2.0838e+00 +1.4430e+00 -2.9533e+00 +3.0254e+00 -4.5674e+00
152 0 +1.324441809e+02 -9.053581912e+01 -9.053581912e+01 +2.0452e+00 +2.0232e+00 -2.9045e+00 +2.5771e+00 -4.7117e+00
156 0 +9.231350938e+01 -1.306664906e+02 -1.306664906e+02 +2.4812e+00 +1.0895e+00 -2.8067e+00 +2.7564e+00 -4.2949e+00
205 0 +7.529892760e+01 -1.476810724e+02 -1.476810724e+02 +2.4185e+00 +1.8634e+00 -2.6973e+00 +2.5364e+00 -4.5531e+00
218 0 +5.450640725e+01 -1.684735928e+02 -1.684735928e+02 +2.4295e+00 +1.7819e+00 -2.6962e+00 +3.0195e+00 -4.2067e+00
249 0 +5.314482960e+01 -1.698351704e+02 -1.698351704e+02 +2.4606e+00 +1.7829e+00 -2.7286e+00 +2.9282e+00 -4.1234e+00
251 0 +5.234787523e+01 -1.706321248e+02 -1.706321248e+02 +2.5493e+00 +1.9697e+00 -2.5216e+00 +2.7998e+00 -4.3438e+00
257 0 +4.856297211e+01 -1.744170279e+02 -1.744170279e+02 +2.6483e+00 +1.5379e+00 -2.7409e+00 +2.6963e+00 -4.0758e+00
262 0 +4.421999027e+01 -1.787600097e+02 -1.787600097e+02 +2.5450e+00 +1.7059e+00 -2.6346e+00 +2.8500e+00 -4.1934e+00
271 0 +4.038336461e+01 -1.825966354e+02 -1.825966354e+02 +2.6160e+00 +1.9017e+00 -2.6165e+00 +2.8268e+00 -4.3117e+00
279 0 +3.400576342e+01 -1.889742366e+02 -1.889742366e+02 +2.7391e+00 +1.6597e+00 -2.7985e+00 +2.6674e+00 -4.1242e+00
283 0 +3.017430020e+01 -1.928056998e+02 -1.928056998e+02 +2.7099e+00 +1.7466e+00 -2.7312e+00 +2.7391e+00 -4.2262e+00
290 0 +2.231511280e+01 -2.006648872e+02 -2.006648872e+02 +2.6671e+00 +1.6523e+00 -2.7746e+00 +2.7645e+00 -4.2031e+00
316 0 +2.026701464e+01 -2.027129854e+02 -2.027129854e+02 +2.8503e+00 +1.4090e+00 -2.7866e+00 +2.6555e+00 -4.1120e+00
337 0 +1.707448286e+01 -2.059055171e+02 -2.059055171e+02 +2.8676e+00 +1.3562e+00 -2.8915e+00 +2.6115e+00 -4.0488e+00
343 0 +1.621577650e+01 -2.067642235e+02 -2.067642235e+02 +2.8047e+00 +1.4796e+00 -2.8328e+00 +2.6698e+00 -4.1265e+00
347 0 +1.045695218e+01 -2.125230478e+02 -2.125230478e+02 +2.8964e+00 +1.2709e+00 -2.8629e+00 +2.6222e+00 -4.0485e+00
390 0 +9.250064438e+00 -2.137299356e+02 -2.137299356e+02 +2.9710e+00 +1.0904e+00 -2.9167e+00 +2.5397e+00 -4.0073e+00
405 0 +6.467899818e+00 -2.165121002e+02 -2.165121002e+02 +3.1943e+00 +7.5670e-01 -3.0265e+00 +2.3726e+00 -3.8986e+00
439 0 +5.674612208e+00 -2.173053878e+02 -2.173053878e+02 +3.3252e+00 +4.1061e-01 -3.1389e+00 +2.2405e+00 -3.8038e+00
477 0 +3.272328600e+00 -2.197076714e+02 -2.197076714e+02 +3.3435e+00 +4.0503e-01 -3.1158e+00 +2.2006e+00 -3.8408e+00
485 0 +2.706824022e+00 -2.202731760e+02 -2.202731760e+02 +3.4301e+00 +2.4566e-01 -3.1606e+00 +2.1332e+00 -3.7831e+00
504 0 +2.706824022e+00 -2.202731760e+02 -2.202731760e+02 +3.4301e+00 +2.4566e-01 -3.1606e+00 +2.1332e+00 -3.7831e+00
% f evaluations | g evaluations | best noise-free fitness - Fopt (5.860000000000e+00) + sum g_i+ | measured fitness | best measured fitness or single-digit g-values | x1 | x2...
1 0 +1.271696504e+03 +1.277556504e+03 +1.277556504e+03 +5.3659e-01 +1.3095e-01 +2.8950e-02 -5.5906e-01 -8.3220e-02
2 0 +1.150402504e+03 +1.156262504e+03 +1.156262504e+03 -1.0643e-01 -2.4823e-02 -1.8810e-01 -1.3146e-02 -1.4317e-01
3 0 +1.048151178e+03 +1.054011178e+03 +1.054011178e+03 -3.9416e-01 +2.6539e-01 +2.6440e-01 +5.1289e-01 +1.5011e-02
11 0 +8.888803157e+02 +8.947403157e+02 +8.947403157e+02 -9.6830e-01 +3.9554e-01 -3.6747e-01 +4.5170e-01 +3.3846e-01
20 0 +7.020186596e+02 +7.078786596e+02 +7.078786596e+02 -1.7012e+00 +8.0598e-01 -1.6038e-01 +1.0867e+00 +6.4679e-02
27 0 +6.033096301e+02 +6.091696301e+02 +6.091696301e+02 -1.3333e+00 +1.4450e+00 +2.1549e-01 +1.6021e+00 +2.6074e-01
33 0 +3.014710545e+02 +3.073310545e+02 +3.073310545e+02 -3.4058e+00 +1.7260e+00 +3.5733e-02 +2.3576e+00 -2.6482e-01
41 0 +2.521937117e+02 +2.580537117e+02 +2.580537117e+02 -2.8489e+00 +1.9817e+00 -4.7208e-02 +2.3713e+00 +2.7839e-01
97 0 +1.444969211e+02 +1.503569211e+02 +1.503569211e+02 -3.2918e+00 +1.9484e+00 -1.8837e-01 +2.4455e+00 +1.1568e+00
125 0 +6.480164990e+01 +7.066164990e+01 +7.066164990e+01 -2.6695e+00 +2.1509e+00 -3.8117e-01 +3.0991e+00 +1.1523e+00
158 0 +6.267758906e+01 +6.853758906e+01 +6.853758906e+01 -3.1319e+00 +2.0465e+00 -1.3853e-01 +3.4871e+00 +9.6041e-01
167 0 +5.643619255e+01 +6.229619255e+01 +6.229619255e+01 -3.0317e+00 +1.9895e+00 -2.6710e-01 +3.6639e+00 +9.4843e-01
182 0 +3.426648928e+01 +4.012648928e+01 +4.012648928e+01 -3.2179e+00 +2.0441e+00 -5.3228e-01 +3.1204e+00 +1.1986e+00
211 0 +2.635157145e+01 +3.221157145e+01 +3.221157145e+01 -3.1440e+00 +2.0159e+00 -4.4953e-01 +3.1499e+00 +1.1546e+00
226 0 +2.368922595e+01 +2.954922595e+01 +2.954922595e+01 -3.2104e+00 +2.0519e+00 -4.6981e-01 +3.0509e+00 +1.0840e+00
252 0 +2.314069111e+01 +2.900069111e+01 +2.900069111e+01 -3.1611e+00 +2.0354e+00 -4.3364e-01 +3.1707e+00 +1.1284e+00
262 0 +1.960998275e+01 +2.546998275e+01 +2.546998275e+01 -3.1634e+00 +2.0566e+00 -4.3701e-01 +3.1073e+00 +1.0789e+00
264 0 +1.547447177e+01 +2.133447177e+01 +2.133447177e+01 -3.1897e+00 +2.0768e+00 -4.6665e-01 +3.0724e+00 +1.1897e+00
274 0 +1.422530213e+01 +2.008530213e+01 +2.008530213e+01 -3.1834e+00 +2.0673e+00 -4.7171e-01 +3.0572e+00 +1.1972e+00
279 0 +1.313354412e+01 +1.899354412e+01 +1.899354412e+01 -3.1060e+00 +2.0789e+00 -4.4275e-01 +3.1187e+00 +1.1423e+00
281 0 +1.248208953e+01 +1.834208953e+01 +1.834208953e+01 -3.1104e+00 +2.0811e+00 -4.3622e-01 +3.1277e+00 +1.1585e+00
290 0 +1.162399480e+01 +1.748399480e+01 +1.748399480e+01 -3.1502e+00 +2.0811e+00 -4.4105e-01 +3.0933e+00 +1.1749e+00
294 0 +1.134545401e+01 +1.720545401e+01 +1.720545401e+01 -3.1165e+00 +2.0845e+00 -4.0616e-01 +3.1543e+00 +1.1134e+00
317 0 +1.118466038e+01 +1.704466038e+01 +1.704466038e+01 -3.1054e+00 +2.1091e+00 -4.2808e-01 +3.0985e+00 +1.1489e+00
331 0 +1.079188276e+01 +1.665188276e+01 +1.665188276e+01 -3.1102e+00 +2.0961e+00 -4.4005e-01 +3.0779e+00 +1.1914e+00
343 0 +1.059054283e+01 +1.645054283e+01 +1.645054283e+01 -3.1113e+00 +2.0970e+00 -4.2600e-01 +3.1081e+00 +1.1695e+00
346 0 +1.013006972e+01 +1.599006972e+01 +1.599006972e+01 -3.1098e+00 +2.0920e+00 -4.2864e-01 +3.1232e+00 +1.1544e+00
352 0 +9.151748246e+00 +1.501174825e+01 +1.501174825e+01 -3.1281e+00 +2.0969e+00 -4.2177e-01 +3.1083e+00 +1.1426e+00
379 0 +8.960680680e+00 +1.482068068e+01 +1.482068068e+01 -3.1240e+00 +2.0924e+00 -4.1964e-01 +3.1194e+00 +1.1321e+00
389 0 +8.276288345e+00 +1.413628835e+01 +1.413628835e+01 -3.1351e+00 +2.0963e+00 -4.3661e-01 +3.0787e+00 +1.1684e+00
414 0 +7.967559402e+00 +1.382755940e+01 +1.382755940e+01 -3.1184e+00 +2.0951e+00 -4.2932e-01 +3.1044e+00 +1.1489e+00
433 0 +7.324802667e+00 +1.318480267e+01 +1.318480267e+01 -3.1454e+00 +2.0923e+00 -4.5202e-01 +3.0498e+00 +1.1871e+00
468 0 +7.074769177e+00 +1.293476918e+01 +1.293476918e+01 -3.1818e+00 +2.0906e+00 -4.8216e-01 +2.9779e+00 +1.2425e+00
500 0 +6.408832385e+00 +1.226883238e+01 +1.226883238e+01 -3.1946e+00 +2.0869e+00 -4.9210e-01 +2.9506e+00 +1.2603e+00
504 0 +6.408832385e+00 +1.226883238e+01 +1.226883238e+01 -3.1946e+00 +2.0869e+00 -4.9210e-01 +2.9506e+00 +1.2603e+00
% f evaluations | g evaluations | best noise-free fitness - Fopt (2.048600000000e+02) + sum g_i+ | measured fitness | best measured fitness or single-digit g-values | x1 | x2...
1 0 +4.250036949e+02 +6.298636949e+02 +6.298636949e+02 +5.3659e-01 +1.3095e-01 +2.8950e-02 -5.5906e-01 -8.3220e-02
2 0 +3.532553590e+02 +5.581153590e+02 +5.581153590e+02 -1.0643e-01 -2.4823e-02 -1.8810e-01 -1.3146e-02 -1.4317e-01
4 0 +2.847011344e+02 +4.895611344e+02 +4.895611344e+02 -1.2140e-01 -1.6361e-01 -4.6395e-01 +2.9472e-01 -3.3033e-01
14 0 +2.309097127e+02 +4.357697127e+02 +4.357697127e+02 -6.7724e-01 -5.5478e-01 -6.8199e-01 +4.3318e-01 -7.1610e-01
17 0 +2.185556134e+02 +4.234156134e+02 +4.234156134e+02 -2.5888e-01 -2.4186e-02 -1.1837e+00 +2.9754e-01 -6.2119e-01
20 0 +1.351077881e+02 +3.399677881e+02 +3.399677881e+02 -7.1427e-01 -4.2586e-01 -1.2409e+00 +1.0770e+00 -1.4273e+00
24 0 +1.343892873e+02 +3.392492873e+02 +3.392492873e+02 -7.2471e-01 -2.4379e-01 -1.2874e+00 +1.0283e+00 -7.2965e-01
30 0 +1.201095438e+02 +3.249695438e+02 +3.249695438e+02 -8.8554e-01 -2.4672e-01 -1.7379e+00 +1.1929e+00 -7.3023e-01
52 0 +7.610849852e+01 +2.809684985e+02 +2.809684985e+02 -9.2208e-01 -2.9072e-01 -1.0973e+00 +1.7458e+00 -1.1170e+00
91 0 +4.725457379e+01 +2.521145738e+02 +2.521145738e+02 -1.0385e+00 -4.8990e-01 -1.0105e+00 +1.8467e+00 -1.1648e+00
125 0 +3.975055419e+01 +2.446105542e+02 +2.446105542e+02 -1.1713e+00 -5.2666e-01 -1.2926e+00 +1.9683e+00 -1.0257e+00
141 0 +3.286464947e+01 +2.377246495e+02 +2.377246495e+02 -1.4071e+00 -6.0621e-01 -7.6216e-01 +2.0016e+00 -1.5405e+00
148 0 +2.549045807e+01 +2.303504581e+02 +2.303504581e+02 -1.3352e+00 -6.0884e-01 -9.9140e-01 +2.1110e+00 -1.3927e+00
158 0 +1.763038958e+01 +2.224903896e+02 +2.224903896e+02 -1.4586e+00 -6.3163e-01 -7.2246e-01 +2.2801e+00 -1.4024e+00
164 0 +1.507278603e+01 +2.199327860e+02 +2.199327860e+02 -1.4162e+00 -5.7784e-01 -6.0891e-01 +2.2139e+00 -1.5231e+00
212 0 +1.213187309e+01 +2.169918731e+02 +2.169918731e+02 -1.6729e+00 -5.9813e-01 -2.7137e-02 +2.5639e+00 -1.9331e+00
264 0 +1.045342845e+01 +2.153134285e+02 +2.153134285e+02 -1.8131e+00 -6.3509e-01 +1.8873e-01 +2.7758e+00 -2.0370e+00
265 0 +9.510903095e+00 +2.143709031e+02 +2.143709031e+02 -1.7632e+00 -6.3361e-01 +2.8345e-02 +2.6254e+00 -1.9090e+00
273 0 +6.657899977e+00 +2.115179000e+02 +2.115179000e+02 -1.7316e+00 -6.6570e-01 +5.7801e-02 +2.6268e+00 -1.9305e+00
274 0 +6.459132314e+00 +2.113191323e+02 +2.113191323e+02 -1.8205e+00 -6.7299e-01 +1.7628e-01 +2.7145e+00 -1.9926e+00
282 0 +2.592148529e+00 +2.074521485e+02 +2.074521485e+02 -1.8106e+00 -6.4591e-01 +2.1193e-01 +2.7023e+00 -2.0340e+00
317 0 +2.074666306e+00 +2.069346663e+02 +2.069346663e+02 -1.7997e+00 -6.5719e-01 +1.6090e-01 +2.6939e+00 -2.0217e+00
394 0 +9.922606100e-01 +2.058522606e+02 +2.058522606e+02 -1.7649e+00 -6.5368e-01 +9.3418e-02 +2.6507e+00 -1.9667e+00
414 0 +8.002100464e-01 +2.056602100e+02 +2.056602100e+02 -1.7431e+00 -6.4995e-01 +3.8151e-02 +2.6239e+00 -1.9308e+00
437 0 +7.529223334e-01 +2.056129223e+02 +2.056129223e+02 -1.7556e+00 -6.5168e-01 +6.2086e-02 +2.6382e+00 -1.9501e+00
458 0 +4.003498299e-01 +2.052603498e+02 +2.052603498e+02 -1.7472e+00 -6.4816e-01 +5.3251e-02 +2.6245e+00 -1.9425e+00
480 0 +2.662063210e-01 +2.051262063e+02 +2.051262063e+02 -1.7458e+00 -6.4976e-01 +4.2415e-02 +2.6231e+00 -1.9355e+00
504 0 +2.662063210e-01 +2.051262063e+02 +2.051262063e+02 -1.7458e+00 -6.4976e-01 +4.2415e-02 +2.6231e+00 -1.9355e+00
% f evaluations | g evaluations | best noise-free fitness - Fopt (1.154900000000e+02) + sum g_i+ | measured fitness | best measured fitness or single-digit g-values | x1 | x2...
1 0 +1.359737464e+03 +1.475227464e+03 +1.475227464e+03 +5.3659e-01 +1.3095e-01 +2.8950e-02 -5.5906e-01 -8.3220e-02
11 0 +1.322850251e+03 +1.438340251e+03 +1.438340251e+03 -1.1729e-01 +8.3505e-02 +2.7569e-02 -2.3914e-01 +5.6423e-01
13 0 +1.263474106e+03 +1.378964106e+03 +1.378964106e+03 +4.2335e-01 +5.2944e-02 -9.5620e-02 -8.0260e-01 +3.7421e-01
19 0 +1.218718715e+03 +1.334208715e+03 +1.334208715e+03 -2.1695e-02 +2.2077e-01 +1.1300e-01 -7.7544e-01 +5.5325e-01
25 0 +1.194164860e+03 +1.309654860e+03 +1.309654860e+03 -4.7955e-01 +1.6899e-01 +3.9269e-01 -4.5460e-01 +8.8246e-01
27 0 +1.077154638e+03 +1.192644638e+03 +1.192644638e+03 +1.2504e-01 -2.3375e-01 +5.5822e-01 -8.1971e-01 +9.5636e-01
33 0 +8.239573439e+02 +9.394473439e+02 +9.394473439e+02 +3.6703e-01 -1.9177e-01 +6.6754e-01 -1.3045e+00 +2.0004e+00
48 0 +7.046535386e+02 +8.201435386e+02 +8.201435386e+02 +3.6652e-01 -2.5215e-01 +1.1660e+00 -1.5241e+00 +2.1366e+00
52 0 +6.590281984e+02 +7.745181984e+02 +7.745181984e+02 -1.0696e+00 +5.6079e-01 +2.5831e+00 -1.6880e+00 +1.4244e+00
57 0 +3.867691557e+02 +5.022591557e+02 +5.022591557e+02 -1.4399e+00 +5.9168e-01 +3.8779e+00 -2.0282e+00 +2.4937e+00
71 0 +3.226694452e+02 +4.381594452e+02 +4.381594452e+02 -1.8897e-01 -4.0340e-01 +3.7402e+00 -1.9153e+00 +3.1153e+00
74 0 +2.960399481e+02 +4.115299481e+02 +4.115299481e+02 -5.2862e-01 -3.5123e-02 +1.9646e+00 -2.0565e+00 +4.9709e+00
83 0 +2.788351688e+02 +3.943251688e+02 +3.943251688e+02 -1.6328e+00 -9.2570e-02 +3.5986e+00 -2.6220e+00 +2.5282e+00
95 0 +1.819761065e+02 +2.974661065e+02 +2.974661065e+02 -3.5131e+00 +6.4795e-01 +2.1322e+00 -2.8361e+00 +4.4533e+00
138 0 +1.259630071e+02 +2.414530071e+02 +2.414530071e+02 -2.4265e+00 +2.0592e-03 +1.7084e+00 -2.4680e+00 +5.2641e+00
148 0 +1.101894520e+02 +2.256794520e+02 +2.256794520e+02 -1.9324e+00 -8.3850e-02 +2.4728e+00 -2.6156e+00 +4.4643e+00
158 0 +9.020685498e+01 +2.056968550e+02 +2.056968550e+02 -2.7911e+00 -1.5975e-02 +1.3840e+00 -2.8471e+00 +4.9499e+00
181 0 +8.767886727e+01 +2.031688673e+02 +2.031688673e+02 -2.8547e+00 -1.7221e-01 +1.5662e+00 -2.9520e+00 +4.9262e+00
200 0 +8.355982567e+01 +1.990498257e+02 +1.990498257e+02 -2.2608e+00 -5.7834e-01 +2.6925e+00 -2.7615e+00 +4.2676e+00
203 0 +4.856153078e+01 +1.640515308e+02 +1.640515308e+02 -2.7950e+00 -4.9024e-01 +2.3564e+00 -2.8720e+00 +4.3955e+00
211 0 +4.545499048e+01 +1.609449905e+02 +1.609449905e+02 -2.7854e+00 -6.8244e-01 +2.2882e+00 -2.8152e+00 +4.3259e+00
226 0 +3.669185387e+01 +1.521818539e+02 +1.521818539e+02 -2.6287e+00 -5.5684e-01 +2.2525e+00 -2.9347e+00 +4.3273e+00
237 0 +3.408161705e+01 +1.495716170e+02 +1.495716170e+02 -2.5228e+00 -3.3978e-01 +2.2553e+00 -2.8393e+00 +4.2558e+00
241 0 +2.443202484e+01 +1.399220248e+02 +1.399220248e+02 -2.5606e+00 -3.1385e-01 +2.2507e+00 -2.8008e+00 +4.3871e+00
266 0 +2.005314232e+01 +1.355431423e+02 +1.355431423e+02 -2.5500e+00 -5.0929e-01 +2.3784e+00 -2.8209e+00 +4.2263e+00
273 0 +1.713920018e+01 +1.326292002e+02 +1.326292002e+02 -2.5830e+00 -6.1140e-01 +2.3676e+00 -2.8229e+00 +4.2297e+00
282 0 +1.610807506e+01 +1.315980751e+02 +1.315980751e+02 -2.5888e+00 -6.0154e-01 +2.2936e+00 -2.8247e+00 +4.2670e+00
283 0 +1.104543961e+01 +1.265354396e+02 +1.265354396e+02 -2.5786e+00 -5.8874e-01 +2.3487e+00 -2.8341e+00 +4.2115e+00
314 0 +9.297067248e+00 +1.247870672e+02 +1.247870672e+02 -2.5567e+00 -7.6501e-01 +2.4165e+00 -2.8719e+00 +4.1121e+00
343 0 +7.160875869e+00 +1.226508759e+02 +1.226508759e+02 -2.5358e+00 -6.9508e-01 +2.3866e+00 -2.8580e+00 +4.1290e+00
373 0 +6.699223896e+00 +1.221892239e+02 +1.221892239e+02 -2.5463e+00 -7.7221e-01 +2.4499e+00 -2.8803e+00 +4.0621e+00
380 0 +6.499872883e+00 +1.219898729e+02 +1.219898729e+02 -2.5475e+00 -7.3833e-01 +2.4270e+00 -2.8720e+00 +4.0940e+00
405 0 +5.185178984e+00 +1.206751790e+02 +1.206751790e+02 -2.5395e+00 -8.2910e-01 +2.4776e+00 -2.8857e+00 +4.0285e+00
452 0 +4.942021658e+00 +1.204320217e+02 +1.204320217e+02 -2.5349e+00 -8.2599e-01 +2.4776e+00 -2.8845e+00 +4.0272e+00
455 0 +4.496508300e+00 +1.199865083e+02 +1.199865083e+02 -2.5357e+00 -8.4007e-01 +2.4774e+00 -2.8902e+00 +4.0234e+00
480 0 +4.348520646e+00 +1.198385206e+02 +1.198385206e+02 -2.5279e+00 -8.3550e-01 +2.4768e+00 -2.8861e+00 +4.0216e+00
485 0 +3.928623105e+00 +1.194186231e+02 +1.194186231e+02 -2.5296e+00 -8.6617e-01 +2.4925e+00 -2.8934e+00 +4.0013e+00
504 0 +3.916422372e+00 +1.194064224e+02 +1.194064224e+02 -2.5264e+00 -8.6627e-01 +2.4963e+00 -2.8921e+00 +3.9982e+00
% f evaluations | g evaluations | best noise-free fitness - Fopt (1.950500000000e+02) + sum g_i+ | measured fitness | best measured fitness or single-digit g-values | x1 | x2...
1 0 +4.000150255e+02 +5.950650255e+02 +5.950650255e+02 +5.3659e-01 +1.3095e-01 +2.8950e-02 -5.5906e-01 -8.3220e-02
7 0 +3.857422396e+02 +5.807922396e+02 +5.807922396e+02 +2.2352e-01 +5.9284e-01 -3.7324e-01 -1.8793e-01 -2.4114e-01
9 0 +3.705495239e+02 +5.655995239e+02 +5.655995239e+02 +4.4001e-01 +3.5644e-01 -1.5309e-01 -4.2638e-01 +5.2504e-01
14 0 +3.389883364e+02 +5.340383364e+02 +5.340383364e+02 +2.6017e-01 +9.1701e-01 -7.7445e-01 -2.7382e-01 -4.7231e-01
15 0 +3.187810191e+02 +5.138310191e+02 +5.138310191e+02 +5.5430e-01 +3.0175e-01 -7.3460e-01 +2.1993e-01 -3.1565e-01
17 0 +2.936185289e+02 +4.886685289e+02 +4.886685289e+02 +3.3901e-01 +1.8317e-01 -9.7936e-01 -2.5563e-01 -4.7266e-02
18 0 +2.690218653e+02 +4.640718653e+02 +4.640718653e+02 +8.7784e-01 +1.4006e-01 -1.3580e+00 +6.7202e-01 -7.2470e-01
19 0 +2.401905809e+02 +4.352405809e+02 +4.352405809e+02 +9.2340e-01 +6.8875e-01 -6.3920e-01 -1.9061e-01 -2.4411e-01
26 0 +1.752262650e+02 +3.702762650e+02 +3.702762650e+02 +1.2415e+00 +4.1161e-01 -1.1917e+00 +1.6733e-01 -4.6750e-01
38 0 +1.637992361e+02 +3.588492361e+02 +3.588492361e+02 +1.7410e+00 +8.8154e-01 -1.1655e+00 -2.3599e-01 -7.3020e-01
45 0 +1.162309397e+02 +3.112809397e+02 +3.112809397e+02 +1.3220e+00 +1.1815e-01 -1.4125e+00 +5.1089e-02 -9.8310e-01
61 0 +1.066306641e+02 +3.016806641e+02 +3.016806641e+02 +6.3396e-01 -2.9838e-01 -2.8719e+00 -7.4000e-01 -1.2267e+00
73 0 +1.023412532e+02 +2.973912532e+02 +2.973912532e+02 +4.3456e-01 -2.7087e-01 -3.4390e+00 -5.7005e-01 -1.5760e+00
109 0 +7.059658778e+01 +2.656465878e+02 +2.656465878e+02 +1.2434e+00 +7.5230e-02 -2.0259e+00 -6.8150e-01 -1.0369e+00
122 0 +6.884897342e+01 +2.638989734e+02 +2.638989734e+02 +1.4263e+00 -2.6268e-03 -1.7427e+00 -9.7874e-02 -7.4598e-01
133 0 +6.098218077e+01 +2.560321808e+02 +2.560321808e+02 +1.1185e+00 +4.9057e-02 -1.8062e+00 -5.3374e-01 -1.2902e+00
140 0 +5.229292614e+01 +2.473429261e+02 +2.473429261e+02 +1.0681e+00 +4.0445e-02 -2.3800e+00 -2.5755e-01 -1.4243e+00
144 0 +4.968834992e+01 +2.447383499e+02 +2.447383499e+02 +1.5038e+00 +3.3403e-04 -1.6001e+00 -3.0033e-01 -7.3312e-01
153 0 +4.822019571e+01 +2.432701957e+02 +2.432701957e+02 +1.1571e+00 -1.1961e-02 -1.9548e+00 -6.1353e-01 -1.2585e+00
158 0 +4.254590659e+01 +2.375959066e+02 +2.375959066e+02 +1.0749e+00 -1.2652e-01 -2.1086e+00 -3.4869e-01 -1.1106e+00
164 0 +3.949747114e+01 +2.345474711e+02 +2.345474711e+02 +1.3012e+00 -1.6945e-01 -2.0347e+00 -2.5491e-01 -1.1528e+00
167 0 +3.494834418e+01 +2.299983442e+02 +2.299983442e+02 +1.1351e+00 +4.8676e-02 -1.9879e+00 -4.3625e-01 -1.0937e+00
168 0 +1.983453460e+01 +2.148845346e+02 +2.148845346e+02 +1.0457e+00 -1.4489e-01 -2.3717e+00 -3.6962e-01 -1.3993e+00
170 0 +1.867658460e+01 +2.137265846e+02 +2.137265846e+02 +9.2140e-01 -1.5464e-01 -2.5096e+00 -4.7435e-01 -1.5997e+00
226 0 +1.130141272e+01 +2.063514127e+02 +2.063514127e+02 +1.0109e+00 -1.6688e-02 -2.3339e+00 -5.2502e-01 -1.5168e+00
251 0 +9.741458452e+00 +2.047914585e+02 +2.047914585e+02 +1.1057e+00 -5.1061e-02 -2.2195e+00 -4.0357e-01 -1.3875e+00
264 0 +7.781935729e+00 +2.028319357e+02 +2.028319357e+02 +1.0756e+00 -1.7613e-02 -2.2916e+00 -4.8716e-01 -1.4819e+00
274 0 +5.893852409e+00 +2.009438524e+02 +2.009438524e+02 +1.0722e+00 -3.2966e-02 -2.2539e+00 -4.4647e-01 -1.3924e+00
282 0 +4.087166075e+00 +1.991371661e+02 +1.991371661e+02 +1.0835e+00 -4.0980e-02 -2.2792e+00 -4.3658e-01 -1.4226e+00
316 0 +3.929656463e+00 +1.989796565e+02 +1.989796565e+02 +1.0987e+00 -2.7008e-02 -2.2350e+00 -4.2920e-01 -1.4026e+00
320 0 +3.362109522e+00 +1.984121095e+02 +1.984121095e+02 +1.0291e+00 -2.8021e-02 -2.3160e+00 -4.5910e-01 -1.4685e+00
343 0 +2.472419749e+00 +1.975224197e+02 +1.975224197e+02 +1.0842e+00 -1.0445e-02 -2.2551e+00 -4.5721e-01 -1.4204e+00
391 0 +2.157608486e+00 +1.972076085e+02 +1.972076085e+02 +1.0652e+00 -2.6127e-02 -2.2786e+00 -4.5879e-01 -1.4420e+00
401 0 +1.085420297e+00 +1.961354203e+02 +1.961354203e+02 +1.0755e+00 -2.0682e-02 -2.2722e+00 -4.5148e-01 -1.4388e+00
468 0 +1.006616789e+00 +1.960566168e+02 +1.960566168e+02 +1.0373e+00 -3.4079e-02 -2.3297e+00 -4.6172e-01 -1.4703e+00
477 0 +9.827973848e-01 +1.960327974e+02 +1.960327974e+02 +1.0552e+00 -2.9394e-02 -2.3054e+00 -4.5577e-01 -1.4529e+00
483 0 +9.482158508e-01 +1.959982159e+02 +1.959982159e+02 +1.0376e+00 -3.5275e-02 -2.3311e+00 -4.5753e-01 -1.4686e+00
485 0 +6.086792466e-01 +1.956586792e+02 +1.956586792e+02 +1.0688e+00 -2.5227e-02 -2.2830e+00 -4.5243e-01 -1.4399e+00
504 0 +6.086792466e-01 +1.956586792e+02 +1.956586792e+02 +1.0688e+00 -2.5227e-02 -2.2830e+00 -4.5243e-01 -1.4399e+00
% f evaluations | g evaluations | best noise-free fitness - Fopt (-2.144800000000e+02) + sum g_i+ | measured fitness | best measured fitness or single-digit g-values | x1 | x2...
1 0 +8.747457420e+02 +6.602657420e+02 +6.602657420e+02 +5.3659e-01 +1.3095e-01 +2.8950e-02 -5.5906e-01 -8.3220e-02
9 0 +7.939606905e+02 +5.794806905e+02 +5.794806905e+02 +7.2361e-01 +1.7757e-01 +4.4563e-01 -7.6264e-01 -2.7340e-01
12 0 +7.261149173e+02 +5.116349173e+02 +5.116349173e+02 +1.2141e+00 +5.4681e-01 +7.0071e-03 -6.1834e-01 -4.8444e-01
18 0 +6.476389676e+02 +4.331589676e+02 +4.331589676e+02 +1.4322e+00 +2.1536e-01 +1.3747e+00 -1.3170e+00 -7.1921e-01
25 0 +5.816281470e+02 +3.671481470e+02 +3.671481470e+02 +1.8421e+00 +1.1442e+00 +1.0703e-01 -1.0423e+00 -1.8498e-01
26 0 +5.540697879e+02 +3.395897879e+02 +3.395897879e+02 +1.6426e+00 +3.1782e-01 +5.9523e-01 -1.7281e+00 -6.9550e-01
28 0 +4.589378465e+02 +2.444578465e+02 +2.444578465e+02 +1.6769e+00 +6.1294e-01 +1.0441e+00 -2.3372e+00 -1.0714e+00
34 0 +4.119142023e+02 +1.974342023e+02 +1.974342023e+02 +1.3976e+00 +1.7237e+00 -3.2397e-01 -2.7598e+00 -1.0002e+00
39 0 +4.038793025e+02 +1.893993025e+02 +1.893993025e+02 +1.2618e+00 +1.1116e+00 +4.0293e-01 -1.6245e+00 -1.8096e+00
54 0 +3.420129466e+02 +1.275329466e+02 +1.275329466e+02 -2.8081e-01 +2.0634e+00 +1.4593e+00 -1.5761e+00 -1.1653e+00
57 0 +2.843209581e+02 +6.984095812e+01 +6.984095812e+01 -1.4037e+00 +2.7615e+00 +2.5562e+00 -2.3469e+00 -1.8121e+00
62 0 +2.247729644e+02 +1.029296444e+01 +1.029296444e+01 -1.6865e+00 +1.4871e+00 +1.8889e+00 -2.7969e+00 -1.8638e+00
65 0 +1.823824603e+02 -3.209753975e+01 -3.209753975e+01 +8.8798e-01 +3.5815e+00 +7.3821e-01 -1.2314e+00 -1.5157e+00
103 0 +1.738848391e+02 -4.059516094e+01 -4.059516094e+01 -2.7038e-01 +3.6492e+00 +2.8729e-02 -2.0643e+00 -9.9340e-01
139 0 +1.462753285e+02 -6.820467154e+01 -6.820467154e+01 +7.5846e-01 +4.2676e+00 -1.9215e-01 -8.0652e-01 -1.0038e+00
148 0 +1.120993598e+02 -1.023806402e+02 -1.023806402e+02 +3.5608e-01 +4.4629e+00 +5.2561e-01 -1.2664e+00 -1.0465e+00
156 0 +6.009949220e+01 -1.543805078e+02 -1.543805078e+02 +5.7694e-02 +4.7495e+00 +7.7844e-02 -1.0070e+00 -1.4020e+00
220 0 +5.363075518e+01 -1.608492448e+02 -1.608492448e+02 -8.3234e-01 +3.8313e+00 +4.1998e-01 -1.5811e+00 -1.7959e+00
233 0 +4.487755367e+01 -1.696024463e+02 -1.696024463e+02 -1.1786e+00 +3.8814e+00 +7.2458e-01 -1.9320e+00 -1.4837e+00
238 0 +4.363219415e+01 -1.708478058e+02 -1.708478058e+02 -9.5530e-01 +3.6160e+00 +6.0517e-01 -1.9117e+00 -1.5569e+00
242 0 +3.032295196e+01 -1.841570480e+02 -1.841570480e+02 -1.1770e+00 +3.6730e+00 +8.0646e-01 -1.9867e+00 -1.6569e+00
251 0 +2.839355252e+01 -1.860864475e+02 -1.860864475e+02 -8.4870e-01 +4.0101e+00 +7.2581e-01 -1.6431e+00 -1.5940e+00
266 0 +2.023976260e+01 -1.942402374e+02 -1.942402374e+02 -8.0574e-01 +4.0028e+00 +6.3607e-01 -1.6203e+00 -1.5279e+00
282 0 +1.616197102e+01 -1.983180290e+02 -1.983180290e+02 -9.4928e-01 +3.8837e+00 +6.6079e-01 -1.7272e+00 -1.5550e+00
289 0 +1.449388159e+01 -1.999861184e+02 -1.999861184e+02 -1.0068e+00 +3.8289e+00 +7.6362e-01 -1.7410e+00 -1.6394e+00
290 0 +1.421547209e+01 -2.002645279e+02 -2.002645279e+02 -8.7604e-01 +3.8611e+00 +6.8197e-01 -1.6663e+00 -1.6123e+00
303 0 +1.103493844e+01 -2.034450616e+02 -2.034450616e+02 -1.0028e+00 +3.8127e+00 +6.8479e-01 -1.7750e+00 -1.6431e+00
305 0 +9.737959906e+00 -2.047420401e+02 -2.047420401e+02 -9.6564e-01 +3.8017e+00 +6.8558e-01 -1.7628e+00 -1.6181e+00
343 0 +9.490906549e+00 -2.049890935e+02 -2.049890935e+02 -9.7044e-01 +3.8652e+00 +6.7242e-01 -1.7058e+00 -1.6125e+00
346 0 +8.407433539e+00 -2.060725665e+02 -2.060725665e+02 -9.3486e-01 +3.8906e+00 +6.7650e-01 -1.7052e+00 -1.6054e+00
349 0 +6.987506315e+00 -2.074924937e+02 -2.074924937e+02 -1.0329e+00 +3.7695e+00 +7.1684e-01 -1.7789e+00 -1.6417e+00
355 0 +6.693773293e+00 -2.077862267e+02 -2.077862267e+02 -1.0311e+00 +3.8331e+00 +6.9837e-01 -1.7573e+00 -1.6343e+00
364 0 +5.684710327e+00 -2.087952897e+02 -2.087952897e+02 -1.0601e+00 +3.7744e+00 +7.3147e-01 -1.7939e+00 -1.6533e+00
401 0 +4.633638252e+00 -2.098463617e+02 -2.098463617e+02 -1.0543e+00 +3.7977e+00 +7.3098e-01 -1.7748e+00 -1.6411e+00
406 0 +4.568533195e+00 -2.099114668e+02 -2.099114668e+02 -1.0285e+00 +3.8039e+00 +7.1843e-01 -1.7681e+00 -1.6413e+00
416 0 +4.363434136e+00 -2.101165659e+02 -2.101165659e+02 -1.0564e+00 +3.7978e+00 +7.1895e-01 -1.7709e+00 -1.6586e+00
433 0 +4.235122141e+00 -2.102448779e+02 -2.102448779e+02 -1.0640e+00 +3.7856e+00 +7.3294e-01 -1.7863e+00 -1.6531e+00
436 0 +3.853772239e+00 -2.106262278e+02 -2.106262278e+02 -1.0470e+00 +3.8033e+00 +7.1741e-01 -1.7702e+00 -1.6492e+00
438 0 +3.769658622e+00 -2.107103414e+02 -2.107103414e+02 -1.0546e+00 +3.8024e+00 +7.2656e-01 -1.7734e+00 -1.6498e+00
442 0 +3.145199737e+00 -2.113348003e+02 -2.113348003e+02 -1.0738e+00 +3.7822e+00 +7.3402e-01 -1.7851e+00 -1.6531e+00
468 0 +2.889022304e+00 -2.115909777e+02 -2.115909777e+02 -1.1208e+00 +3.7590e+00 +7.5778e-01 -1.8063e+00 -1.6671e+00
500 0 +2.820125208e+00 -2.116598748e+02 -2.116598748e+02 -1.1297e+00 +3.7566e+00 +7.5786e-01 -1.8143e+00 -1.6635e+00
503 0 +2.722254049e+00 -2.117577460e+02 -2.117577460e+02 -1.1134e+00 +3.7663e+00 +7.5132e-01 -1.8048e+00 -1.6612e+00
504 0 +2.722254049e+00 -2.117577460e+02 -2.117577460e+02 -1.1134e+00 +3.7663e+00 +7.5132e-01 -1.8048e+00 -1.6612e+00
% f evaluations | g evaluations | best noise-free fitness - Fopt (-4.590000000000e+01) + sum g_i+ | measured fitness | best measured fitness or single-digit g-values | x1 | x2...
1 0 +9.979270897e+02 +9.520270897e+02 +9.520270897e+02 +5.3659e-01 +1.3095e-01 +2.8950e-02 -5.5906e-01 -8.3220e-02
2 0 +9.567062987e+02 +9.108062987e+02 +9.108062987e+02 -1.0643e-01 -2.4823e-02 -1.8810e-01 -1.3146e-02 -1.4317e-01
4 0 +9.157437661e+02 +8.698437661e+02 +8.698437661e+02 -1.2140e-01 -1.6361e-01 -4.6395e-01 +2.9472e-01 -3.3033e-01
5 0 +8.996888658e+02 +8.537888658e+02 +8.537888658e+02 -3.5551e-01 -6.1696e-02 +4.4585e-01 +7.1017e-02 -3.0715e-01
12 0 +8.820097458e+02 +8.361097458e+02 +8.361097458e+02 -1.2498e+00 -2.5034e-01 -5.3908e-02 +3.3827e-01 -3.2056e-01
19 0 +8.613980816e+02 +8.154980816e+02 +8.154980816e+02 -6.0512e-01 -1.2127e-01 +2.6485e-01 +5.9865e-01 -4.6228e-01
20 0 +7.580818026e+02 +7.121818026e+02 +7.121818026e+02 -1.6328e+00 -3.4945e-01 -2.3305e-01 +4.4612e-01 -9.2175e-01
30 0 +6.761111150e+02 +6.302111150e+02 +6.302111150e+02 -1.4658e+00 -5.3551e-01 +5.6839e-02 +4.2169e-01 -1.2070e+00
33 0 +5.511715135e+02 +5.052715135e+02 +5.052715135e+02 -2.1681e+00 -9.6987e-01 -1.3787e+00 +5.6583e-01 -2.1857e+00
60 0 +4.565375858e+02 +4.106375858e+02 +4.106375858e+02 -2.7601e+00 -1.9044e+00 -1.1612e+00 +3.4192e-01 -3.3136e+00
61 0 +3.903672084e+02 +3.444672084e+02 +3.444672084e+02 -1.1810e+00 -8.1510e-01 -1.8380e-01 +5.9509e-01 -2.5521e+00
65 0 +3.704047090e+02 +3.245047090e+02 +3.245047090e+02 -3.6757e-01 -2.3308e+00 +8.0487e-01 -7.1747e-01 -2.9055e+00
67 0 +1.084143182e+02 +6.251431816e+01 +6.251431816e+01 +7.3249e-02 -2.0534e+00 -2.4385e-01 +4.5043e-01 -4.1867e+00
142 0 +9.710487714e+01 +5.120487714e+01 +5.120487714e+01 -3.5151e-01 -1.2569e+00 -3.6565e-01 -2.7825e+00 -4.4303e+00
156 0 +6.706767000e+01 +2.116767000e+01 +2.116767000e+01 -1.8673e-01 -1.1257e+00 -3.7879e-01 -2.6345e+00 -4.1160e+00
164 0 +6.402894633e+01 +1.812894633e+01 +1.812894633e+01 -1.2365e-01 -1.2511e+00 -3.1014e-01 -2.5639e+00 -4.0261e+00
167 0 +6.009201267e+01 +1.419201267e+01 +1.419201267e+01 -3.7018e-01 -1.2771e+00 -7.1859e-01 -2.9225e+00 -4.0778e+00
193 0 +3.962769477e+01 -6.272305226e+00 -6.272305226e+00 -1.0501e-01 -1.3680e+00 -6.2815e-01 -2.7524e+00 -4.2277e+00
226 0 +3.733242978e+01 -8.567570218e+00 -8.567570218e+00 -8.1298e-02 -1.2964e+00 -5.6394e-01 -2.7530e+00 -4.2764e+00
244 0 +3.064523109e+01 -1.525476891e+01 -1.525476891e+01 -1.8223e-01 -1.2503e+00 -5.7374e-01 -2.7621e+00 -4.2468e+00
265 0 +2.840159088e+01 -1.749840912e+01 -1.749840912e+01 -7.3049e-02 -1.3001e+00 -5.6921e-01 -2.5948e+00 -4.2248e+00
273 0 +2.189790290e+01 -2.400209710e+01 -2.400209710e+01 -1.5868e-01 -1.3341e+00 -5.7687e-01 -2.5653e+00 -4.1788e+00
280 0 +1.900927937e+01 -2.689072063e+01 -2.689072063e+01 -1.3082e-01 -1.2931e+00 -5.6274e-01 -2.5806e+00 -4.1634e+00
346 0 +1.797001000e+01 -2.792999000e+01 -2.792999000e+01 -1.2414e-01 -1.3381e+00 -5.3023e-01 -2.4667e+00 -4.1638e+00
364 0 +1.709495760e+01 -2.880504240e+01 -2.880504240e+01 -1.5685e-01 -1.3123e+00 -5.5328e-01 -2.4317e+00 -4.1529e+00
369 0 +1.641900616e+01 -2.948099384e+01 -2.948099384e+01 -1.2898e-01 -1.3188e+00 -5.4960e-01 -2.4549e+00 -4.1622e+00
385 0 +1.536374977e+01 -3.053625023e+01 -3.053625023e+01 -1.3582e-01 -1.3081e+00 -5.3885e-01 -2.4664e+00 -4.1702e+00
394 0 +1.489899652e+01 -3.100100348e+01 -3.100100348e+01 -1.6475e-01 -1.3077e+00 -5.6432e-01 -2.5279e+00 -4.1765e+00
401 0 +1.436450480e+01 -3.153549520e+01 -3.153549520e+01 -1.4635e-01 -1.3117e+00 -5.5373e-01 -2.5363e+00 -4.1752e+00
406 0 +1.410805812e+01 -3.179194188e+01 -3.179194188e+01 -1.5602e-01 -1.3123e+00 -5.4676e-01 -2.5169e+00 -4.1769e+00
414 0 +1.329272493e+01 -3.260727507e+01 -3.260727507e+01 -1.5199e-01 -1.3163e+00 -5.4566e-01 -2.4622e+00 -4.1714e+00
429 0 +1.310266833e+01 -3.279733167e+01 -3.279733167e+01 -1.4591e-01 -1.3183e+00 -5.4242e-01 -2.4651e+00 -4.1682e+00
439 0 +1.276110835e+01 -3.313889165e+01 -3.313889165e+01 -1.4997e-01 -1.3180e+00 -5.3871e-01 -2.4706e+00 -4.1685e+00
504 0 +1.263878285e+01 -3.326121715e+01 -3.326121715e+01 -1.5009e-01 -1.3140e+00 -5.4354e-01 -2.4815e+00 -4.1691e+00
