% f evaluations | g evaluations | best noise-free fitness - Fopt (-1.025500000000e+02) + sum g_i+ | measured fitness | best measured fitness or single-digit g-values | x1 | x2...
1 0 +8.993176739e+00 -9.355682326e+01 -9.355682326e+01 -1.1784e-01 +3.9745e-01 -1.6986e-01 -4.4214e-01 +4.2588e-01 -2.7617e-02 +3.2544e-01 -3.4572e-01 +1.4435e-01 +1.6566e-01
2 0 +6.796012161e+00 -9.575398784e+01 -9.575398784e+01 -5.0169e-01 +3.2827e-01 -2.1310e-01 -7.8731e-01 +4.0872e-01 -1.7532e-01 +5.8059e-02 +1.0038e-01 -2.5347e-01 +6.5549e-02
8 0 +6.574668931e+00 -9.597533107e+01 -9.597533107e+01 +9.3610e-02 +1.6910e-01 +3.1193e-02 -1.1737e-01 +3.2911e-01 +4.5688e-03 +7.0372e-02 +3.6355e-01 -1.2564e-01 -1.8427e-01
20 0 +5.976237541e+00 -9.657376246e+01 -9.657376246e+01 +6.8095e-02 +1.5156e-01 -7.2060e-02 +2.5452e-01 +3.2926e-01 +2.9445e-01 +5.8313e-02 +8.2322e-02 -1.5980e-01 -2.4087e-01
25 0 +4.586337025e+00 -9.796366298e+01 -9.796366298e+01 -2.6691e-01 +2.4796e-02 +2.9225e-01 +9.8430e-02 +3.7258e-02 +6.6516e-02 +3.6706e-01 +4.1324e-01 +3.1816e-02 -3.5311e-01
43 0 +3.621402537e+00 -9.892859746e+01 -9.892859746e+01 +4.5849e-02 +2.1442e-01 +4.6951e-01 +2.7913e-01 +3.2626e-01 -6.7879e-02 +3.2493e-01 +7.1204e-01 -1.8668e-01 -3.5275e-01
50 0 +3.487978246e+00 -9.906202175e+01 -9.906202175e+01 -1.5270e-01 +4.2176e-01 +1.4148e-01 +1.3235e-01 +7.5200e-02 +1.0519e-01 +2.4486e-01 +5.2077e-01 +7.9966e-03 -5.5188e-01
155 0 +2.979847982e+00 -9.957015202e+01 -9.957015202e+01 -3.1223e-01 +4.7924e-01 -4.9776e-02 +5.0780e-02 -4.3310e-01 -3.4396e-02 +8.6143e-01 -2.6378e-01 -2.9384e-02 -6.3790e-01
308 0 +1.978301662e+00 -1.005716983e+02 -1.005716983e+02 -4.9103e-01 +7.9595e-01 +3.2305e-02 +4.3010e-02 -3.6420e-01 -1.3304e-01 +8.7373e-01 -4.0060e-01 +1.2670e-01 -4.0050e-01
561 0 +1.228372910e+00 -1.013216271e+02 -1.013216271e+02 -5.4148e-01 +8.3803e-01 +5.1679e-02 +6.8766e-02 -3.8542e-01 -1.4630e-01 +9.0027e-01 -3.7139e-01 +1.1520e-01 -3.6253e-01
619 0 +1.116372348e+00 -1.014336277e+02 -1.014336277e+02 -5.1067e-01 +8.3001e-01 +6.5256e-02 +6.8987e-02 -3.8348e-01 -1.4566e-01 +8.8381e-01 -3.8051e-01 +1.2408e-01 -3.5862e-01
662 0 +3.577453491e-01 -1.021922547e+02 -1.021922547e+02 -5.2137e-01 +8.3223e-01 +5.8085e-02 +6.8048e-02 -3.8358e-01 -1.4419e-01 +8.9413e-01 -3.7552e-01 +1.2011e-01 -3.5813e-01
742 0 +3.527693197e-01 -1.021972307e+02 -1.021972307e+02 -5.3127e-01 +8.3311e-01 +5.6247e-02 +6.9589e-02 -3.8524e-01 -1.4534e-01 +8.9493e-01 -3.7242e-01 +1.1950e-01 -3.6293e-01
776 0 +3.467016025e-01 -1.022032984e+02 -1.022032984e+02 -5.3055e-01 +8.3241e-01 +5.5808e-02 +7.0466e-02 -3.8614e-01 -1.4485e-01 +8.9338e-01 -3.7350e-01 +1.1970e-01 -3.6251e-01
786 0 +3.265357769e-01 -1.022234642e+02 -1.022234642e+02 -5.3236e-01 +8.3267e-01 +5.6741e-02 +6.9825e-02 -3.8699e-01 -1.4475e-01 +8.9395e-01 -3.7276e-01 +1.1823e-01 -3.6256e-01
794 0 +2.968563953e-01 -1.022531436e+02 -1.022531436e+02 -5.3236e-01 +8.3311e-01 +5.7200e-02 +6.9960e-02 -3.8693e-01 -1.4412e-01 +8.9395e-01 -3.7221e-01 +1.1795e-01 -3.6244e-01
811 0 +2.947075109e-01 -1.022552925e+02 -1.022552925e+02 -5.3081e-01 +8.3301e-01 +5.7136e-02 +7.1018e-02 -3.8650e-01 -1.4438e-01 +8.9332e-01 -3.7132e-01 +1.1818e-01 -3.6244e-01
827 0 +2.860032303e-01 -1.022639968e+02 -1.022639968e+02 -5.3132e-01 +8.3304e-01 +5.7095e-02 +7.0952e-02 -3.8637e-01 -1.4431e-01 +8.9357e-01 -3.7152e-01 +1.1782e-01 -3.6361e-01
838 0 +2.690872025e-01 -1.022809128e+02 -1.022809128e+02 -5.3174e-01 +8.3287e-01 +5.7662e-02 +7.0581e-02 -3.8673e-01 -1.4393e-01 +8.9348e-01 -3.7160e-01 +1.1762e-01 -3.6298e-01
868 0 +2.602236229e-01 -1.022897764e+02 -1.022897764e+02 -5.3174e-01 +8.3285e-01 +5.7383e-02 +7.1306e-02 -3.8676e-01 -1.4411e-01 +8.9406e-01 -3.7160e-01 +1.1747e-01 -3.6273e-01
873 0 +2.563253710e-01 -1.022936746e+02 -1.022936746e+02 -5.3203e-01 +8.3286e-01 +5.7474e-02 +7.1176e-02 -3.8684e-01 -1.4392e-01 +8.9424e-01 -3.7168e-01 +1.1752e-01 -3.6287e-01
881 0 +2.494409866e-01 -1.023005590e+02 -1.023005590e+02 -5.3175e-01 +8.3317e-01 +5.7979e-02 +7.1374e-02 -3.8644e-01 -1.4406e-01 +8.9431e-01 -3.7174e-01 +1.1761e-01 -3.6260e-01
893 0 +2.442810519e-01 -1.023057189e+02 -1.023057189e+02 -5.3188e-01 +8.3294e-01 +5.8254e-02 +7.1174e-02 -3.8654e-01 -1.4401e-01 +8.9470e-01 -3.7169e-01 +1.1736e-01 -3.6267e-01
914 0 +2.367594429e-01 -1.023132406e+02 -1.023132406e+02 -5.3172e-01 +8.3279e-01 +5.8562e-02 +7.1220e-02 -3.8672e-01 -1.4368e-01 +8.9477e-01 -3.7187e-01 +1.1723e-01 -3.6272e-01
934 0 +2.331045749e-01 -1.023168954e+02 -1.023168954e+02 -5.3136e-01 +8.3266e-01 +5.8852e-02 +7.1345e-02 -3.8667e-01 -1.4361e-01 +8.9493e-01 -3.7196e-01 +1.1718e-01 -3.6261e-01
953 0 +2.266806295e-01 -1.023233194e+02 -1.023233194e+02 -5.3147e-01 +8.3266e-01 +5.9028e-02 +7.1300e-02 -3.8674e-01 -1.4350e-01 +8.9480e-01 -3.7154e-01 +1.1685e-01 -3.6277e-01
975 0 +2.222205637e-01 -1.023277794e+02 -1.023277794e+02 -5.3127e-01 +8.3264e-01 +5.9105e-02 +7.1423e-02 -3.8655e-01 -1.4334e-01 +8.9468e-01 -3.7126e-01 +1.1657e-01 -3.6271e-01
1000 0 +2.192631758e-01 -1.023307368e+02 -1.023307368e+02 -5.3164e-01 +8.3269e-01 +5.9352e-02 +7.1206e-02 -3.8684e-01 -1.4320e-01 +8.9485e-01 -3.7145e-01 +1.1666e-01 -3.6255e-01
% f evaluations | g evaluations | best noise-free fitness - Fopt (7.169000000000e+01) + sum g_i+ | measured fitness | best measured fitness or single-digit g-values | x1 | x2...
1 0 +6.325369774e+00 +7.801536977e+01 +7.801536977e+01 -6.8090e-02 -1.1896e-01 -5.5890e-02 -6.8269e-02 -6.2681e-01 +3.0476e-01 +2.4505e-01 +5.0267e-01 -2.8642e-01 -1.9349e-01
9 0 +5.130419084e+00 +7.682041908e+01 +7.682041908e+01 -4.2339e-02 +1.4826e-01 +3.2482e-01 -3.0010e-01 +1.3062e-01 -1.1913e-01 -3.8891e-01 -6.3386e-03 +1.5105e-02 +3.3634e-01
35 0 +5.105972988e+00 +7.679597299e+01 +7.679597299e+01 -5.5177e-01 +4.6239e-01 +1.1676e-01 +1.5137e-01 -1.2127e-01 +1.2194e-02 -5.7681e-02 +4.9498e-01 -9.2135e-01 +4.9161e-01
39 0 +3.778591451e+00 +7.546859145e+01 +7.546859145e+01 +3.6629e-01 -2.2637e-01 -3.3431e-01 +1.4289e-01 -1.8960e-02 +3.0420e-01 +9.8117e-02 +4.4231e-01 -4.7044e-01 +1.7737e-01
249 0 +3.115869673e+00 +7.480586967e+01 +7.480586967e+01 -4.5683e-01 +5.0904e-01 +3.2354e-01 -4.6428e-01 -4.9131e-01 -3.8027e-01 +3.3049e-01 -1.6379e-01 +3.4931e-01 +7.7595e-01
386 0 +2.413050120e+00 +7.410305012e+01 +7.410305012e+01 -5.2265e-01 +7.1714e-01 +5.3470e-01 -1.5453e-01 +5.1376e-03 -5.3988e-01 +3.7698e-01 -2.9313e-01 -1.3198e-02 +5.0110e-01
743 0 +2.381654916e+00 +7.407165492e+01 +7.407165492e+01 -3.4561e-01 +8.1836e-01 +5.7044e-01 -8.1685e-02 +2.1905e-01 -8.9954e-01 +3.0273e-01 -2.9766e-01 +7.9051e-02 +5.8959e-01
752 0 +2.082795194e+00 +7.377279519e+01 +7.377279519e+01 -3.4249e-01 +8.1585e-01 +5.6293e-01 -7.2402e-02 +2.1842e-01 -8.7720e-01 +3.2408e-01 -2.8033e-01 +7.3170e-02 +5.9592e-01
773 0 +2.020511662e+00 +7.371051166e+01 +7.371051166e+01 -3.3811e-01 +8.1802e-01 +5.8023e-01 -9.1213e-02 +2.1620e-01 -8.8742e-01 +3.2104e-01 -2.8201e-01 +6.8563e-02 +6.0688e-01
807 0 +1.114356086e+00 +7.280435609e+01 +7.280435609e+01 -3.4112e-01 +8.0897e-01 +5.7250e-01 -8.5815e-02 +2.1698e-01 -8.9021e-01 +3.2348e-01 -2.8157e-01 +6.9780e-02 +5.9042e-01
818 0 +8.837730843e-01 +7.257377308e+01 +7.257377308e+01 -3.4794e-01 +8.0248e-01 +5.7013e-01 -8.2938e-02 +2.1781e-01 -8.9350e-01 +3.2432e-01 -2.8385e-01 +6.4995e-02 +5.9153e-01
850 0 +5.776324997e-01 +7.226763250e+01 +7.226763250e+01 -3.4790e-01 +8.0756e-01 +5.7129e-01 -8.3870e-02 +2.1711e-01 -8.9264e-01 +3.2500e-01 -2.7729e-01 +6.6638e-02 +5.9272e-01
861 0 +5.505939788e-01 +7.224059398e+01 +7.224059398e+01 -3.4690e-01 +8.0790e-01 +5.6885e-01 -8.2840e-02 +2.1743e-01 -8.9212e-01 +3.2473e-01 -2.7882e-01 +6.8592e-02 +5.9259e-01
872 0 +5.315762103e-01 +7.222157621e+01 +7.222157621e+01 -3.4800e-01 +8.0650e-01 +5.6979e-01 -8.2488e-02 +2.1783e-01 -8.9225e-01 +3.2502e-01 -2.8045e-01 +6.9437e-02 +5.9433e-01
873 0 +5.144984373e-01 +7.220449844e+01 +7.220449844e+01 -3.4778e-01 +8.0552e-01 +5.6641e-01 -8.4955e-02 +2.1493e-01 -8.8865e-01 +3.2679e-01 -2.8243e-01 +7.1938e-02 +5.9469e-01
900 0 +4.627794038e-01 +7.215277940e+01 +7.215277940e+01 -3.4836e-01 +8.0619e-01 +5.6863e-01 -8.2558e-02 +2.1533e-01 -8.8906e-01 +3.2646e-01 -2.8098e-01 +6.9741e-02 +5.9426e-01
980 0 +4.516487599e-01 +7.214164876e+01 +7.214164876e+01 -3.4808e-01 +8.0604e-01 +5.6805e-01 -8.3257e-02 +2.1572e-01 -8.8994e-01 +3.2585e-01 -2.8230e-01 +7.2280e-02 +5.9447e-01
997 0 +4.454845733e-01 +7.213548457e+01 +7.213548457e+01 -3.4865e-01 +8.0607e-01 +5.6816e-01 -8.2661e-02 +2.1565e-01 -8.8900e-01 +3.2579e-01 -2.8151e-01 +7.2165e-02 +5.9471e-01
1000 0 +4.454845733e-01 +7.213548457e+01 +7.213548457e+01 -3.4865e-01 +8.0607e-01 +5.6816e-01 -8.2661e-02 +2.1565e-01 -8.8900e-01 +3.2579e-01 -2.8151e-01 +7.2165e-02 +5.9471e-01
% f evaluations | g evaluations | best noise-free fitness - Fopt (2.140100000000e+02) + sum g_i+ | measured fitness | best measured fitness or single-digit g-values | x1 | x2...
1 0 +1.070090415e+01 +2.247109042e+02 +2.247109042e+02 -6.7830e-02 -2.7446e-01 -4.2203e-01 +1.0899e-01 +2.3176e-01 -2.6625e-01 -1.0596e-01 +3.4685e-01 +1.4859e-02 +5.3729e-01
2 0 +6.423505391e+00 +2.204335054e+02 +2.204335054e+02 +2.1849e-01 +3.2691e-02 +4.4568e-01 -5.1730e-01 -9.5064e-02 +6.8107e-01 +3.3549e-01 +1.0382e-02 -1.8158e-01 +1.1428e-03
7 0 +5.229409910e+00 +2.192394099e+02 +2.192394099e+02 -1.1343e-01 +5.5796e-02 +2.5461e-01 -1.4835e-01 -1.4601e-01 +1.1908e-02 -4.7187e-01 -3.3182e-02 +2.3261e-01 -1.9104e-01
40 0 +3.753755728e+00 +2.177637557e+02 +2.177637557e+02 -4.3272e-01 +4.4330e-02 -3.0121e-01 -5.8905e-01 -2.3703e-01 +1.5286e-01 +2.1465e-01 +2.4989e-02 +2.3729e-02 -5.5103e-01
291 0 +3.378312175e+00 +2.173883122e+02 +2.173883122e+02 -8.7041e-02 -3.0640e-01 +3.2926e-02 +1.3340e-01 +4.3339e-01 +6.3433e-01 +5.2693e-01 -8.3749e-01 -7.2943e-01 +1.0517e-01
293 0 +3.229568266e+00 +2.172395683e+02 +2.172395683e+02 -1.6283e-01 -3.4462e-01 +2.6517e-01 +3.1682e-01 +4.1302e-01 +7.8766e-01 +5.5875e-01 -9.5133e-01 -7.7059e-01 +9.4777e-02
335 0 +3.106758498e+00 +2.171167585e+02 +2.171167585e+02 -1.1143e-01 -1.8055e-01 +2.8773e-01 +2.7224e-01 +4.5109e-01 +7.6422e-01 +5.7380e-01 -8.6230e-01 -6.5653e-01 +1.5986e-01
427 0 +2.931885228e+00 +2.169418852e+02 +2.169418852e+02 -1.5554e-01 -2.0384e-01 +2.3899e-01 +2.0362e-01 +5.4279e-01 +6.9942e-01 +4.3972e-01 -8.3924e-01 -7.5139e-01 +1.8757e-01
509 0 +1.706989568e+00 +2.157169896e+02 +2.157169896e+02 -1.5125e-01 -1.7023e-01 +2.1558e-01 +1.9921e-01 +5.4416e-01 +6.3692e-01 +4.4073e-01 -8.5227e-01 -6.4010e-01 +1.8577e-01
585 0 +9.761059999e-01 +2.149861060e+02 +2.149861060e+02 -1.8446e-01 -1.1609e-01 +2.2450e-01 +1.8342e-01 +5.1954e-01 +6.0676e-01 +3.8466e-01 -8.2644e-01 -6.3949e-01 +2.3123e-01
706 0 +9.452918046e-01 +2.149552918e+02 +2.149552918e+02 -1.6641e-01 -1.2577e-01 +2.2870e-01 +1.8115e-01 +5.2716e-01 +5.7029e-01 +3.9366e-01 -8.4594e-01 -6.3992e-01 +2.3979e-01
710 0 +7.107656599e-01 +2.147207657e+02 +2.147207657e+02 -1.6007e-01 -1.2538e-01 +2.2306e-01 +1.7982e-01 +5.3448e-01 +5.7286e-01 +4.0280e-01 -8.3901e-01 -6.4146e-01 +2.4388e-01
721 0 +5.202440228e-01 +2.145302440e+02 +2.145302440e+02 -1.5914e-01 -1.2873e-01 +2.2330e-01 +1.7795e-01 +5.2709e-01 +5.7904e-01 +3.9502e-01 -8.3526e-01 -6.4190e-01 +2.4288e-01
737 0 +3.864117115e-01 +2.143964117e+02 +2.143964117e+02 -1.6317e-01 -1.2870e-01 +2.2328e-01 +1.8439e-01 +5.2711e-01 +5.7964e-01 +3.9656e-01 -8.3626e-01 -6.3915e-01 +2.4059e-01
745 0 +3.373502744e-01 +2.143473503e+02 +2.143473503e+02 -1.6132e-01 -1.3051e-01 +2.2205e-01 +1.7905e-01 +5.2758e-01 +5.8095e-01 +3.9421e-01 -8.3592e-01 -6.3832e-01 +2.4123e-01
753 0 +3.204423037e-01 +2.143304423e+02 +2.143304423e+02 -1.6222e-01 -1.3000e-01 +2.2295e-01 +1.8009e-01 +5.2831e-01 +5.7780e-01 +3.9124e-01 -8.3506e-01 -6.3670e-01 +2.4108e-01
769 0 +2.878467227e-01 +2.142978467e+02 +2.142978467e+02 -1.6181e-01 -1.3047e-01 +2.2040e-01 +1.8061e-01 +5.2688e-01 +5.8575e-01 +3.9323e-01 -8.3656e-01 -6.3433e-01 +2.3743e-01
773 0 +2.089099364e-01 +2.142189099e+02 +2.142189099e+02 -1.6113e-01 -1.3194e-01 +2.2062e-01 +1.8007e-01 +5.2847e-01 +5.8097e-01 +3.9205e-01 -8.3458e-01 -6.3625e-01 +2.3922e-01
792 0 +2.011572267e-01 +2.142111572e+02 +2.142111572e+02 -1.6009e-01 -1.3097e-01 +2.2453e-01 +1.8056e-01 +5.2863e-01 +5.8154e-01 +3.9360e-01 -8.3455e-01 -6.3588e-01 +2.3659e-01
806 0 +1.757613188e-01 +2.141857613e+02 +2.141857613e+02 -1.6245e-01 -1.3040e-01 +2.2353e-01 +1.8162e-01 +5.2861e-01 +5.7988e-01 +3.9455e-01 -8.3430e-01 -6.3700e-01 +2.3957e-01
836 0 +1.643845284e-01 +2.141743845e+02 +2.141743845e+02 -1.6225e-01 -1.3003e-01 +2.2373e-01 +1.8159e-01 +5.2930e-01 +5.7992e-01 +3.9453e-01 -8.3464e-01 -6.3601e-01 +2.3797e-01
851 0 +1.575551890e-01 +2.141675552e+02 +2.141675552e+02 -1.6215e-01 -1.3040e-01 +2.2319e-01 +1.8176e-01 +5.2796e-01 +5.8139e-01 +3.9410e-01 -8.3483e-01 -6.3662e-01 +2.3965e-01
875 0 +1.436343095e-01 +2.141536343e+02 +2.141536343e+02 -1.6193e-01 -1.3085e-01 +2.2249e-01 +1.8201e-01 +5.2887e-01 +5.8126e-01 +3.9517e-01 -8.3447e-01 -6.3602e-01 +2.3932e-01
920 0 +1.412120755e-01 +2.141512121e+02 +2.141512121e+02 -1.6178e-01 -1.3056e-01 +2.2266e-01 +1.8276e-01 +5.2888e-01 +5.8130e-01 +3.9503e-01 -8.3494e-01 -6.3648e-01 +2.3923e-01
922 0 +1.373227064e-01 +2.141473227e+02 +2.141473227e+02 -1.6205e-01 -1.3040e-01 +2.2247e-01 +1.8264e-01 +5.2872e-01 +5.8164e-01 +3.9514e-01 -8.3487e-01 -6.3600e-01 +2.3911e-01
937 0 +1.348385380e-01 +2.141448385e+02 +2.141448385e+02 -1.6210e-01 -1.3057e-01 +2.2243e-01 +1.8255e-01 +5.2843e-01 +5.8181e-01 +3.9504e-01 -8.3472e-01 -6.3597e-01 +2.3936e-01
973 0 +1.317517555e-01 +2.141417518e+02 +2.141417518e+02 -1.6229e-01 -1.3053e-01 +2.2214e-01 +1.8230e-01 +5.2862e-01 +5.8187e-01 +3.9526e-01 -8.3443e-01 -6.3557e-01 +2.3932e-01
1000 0 +1.291182868e-01 +2.141391183e+02 +2.141391183e+02 -1.6248e-01 -1.3081e-01 +2.2199e-01 +1.8294e-01 +5.2853e-01 +5.8231e-01 +3.9539e-01 -8.3449e-01 -6.3581e-01 +2.3944e-01
% f evaluations | g evaluations | best noise-free fitness - Fopt (-5.848000000000e+01) + sum g_i+ | measured fitness | best measured fitness or single-digit g-values | x1 | x2...
1 0 +8.889471889e+00 -4.959052811e+01 -4.959052811e+01 +4.8790e-02 +5.2367e-02 -4.1175e-01 +4.0639e-02 -6.2305e-02 +1.4919e-02 -9.5165e-02 -1.9996e-03 -3.7951e-01 -2.0626e-01
5 0 +7.170833098e+00 -5.130916690e+01 -5.130916690e+01 -5.6165e-01 +2.0950e-02 +1.0355e-01 +3.2815e-01 +1.7430e-01 +6.4556e-02 +4.6197e-02 +3.5782e-01 -7.4108e-03 -9.7337e-02
9 0 +5.911016896e+00 -5.256898310e+01 -5.256898310e+01 +4.1733e-01 -7.0024e-02 +1.8743e-01 +6.5921e-01 +3.3247e-01 -2.2332e-02 +2.8081e-01 +3.7335e-01 -3.9148e-01 -4.1295e-02
27 0 +5.244376065e+00 -5.323562393e+01 -5.323562393e+01 -1.0012e-01 -5.1391e-01 -3.7742e-01 -1.7506e-01 +1.9918e-01 +3.7239e-01 +3.7277e-01 -1.6373e-01 +9.7924e-02 +1.7533e-01
58 0 +4.337358660e+00 -5.414264134e+01 -5.414264134e+01 -2.6154e-01 -5.9073e-01 -2.8925e-01 -5.8608e-01 +1.2753e-01 +1.8711e-01 +1.7032e-01 +3.9534e-01 -4.3882e-01 -3.7565e-01
90 0 +2.871545309e+00 -5.560845469e+01 -5.560845469e+01 -1.8730e-01 -1.0540e+00 -3.0319e-01 -3.8265e-01 +9.1922e-02 -1.3805e-01 +6.5794e-01 +1.7090e-01 -4.5870e-01 -5.8332e-01
577 0 +2.510770464e+00 -5.596922954e+01 -5.596922954e+01 -1.7121e-01 -6.3946e-01 +2.0651e-01 -4.8109e-01 +1.2745e-01 -1.4910e-01 -2.5699e-01 +1.7798e-01 -2.6181e-02 -1.0709e-01
623 0 +1.884519674e+00 -5.659548033e+01 -5.659548033e+01 -1.7145e-01 -5.9717e-01 +1.9879e-01 -4.5728e-01 +1.5644e-01 -1.3726e-01 -2.3635e-01 +1.8682e-01 +9.1360e-03 -1.2251e-01
649 0 +1.271395761e+00 -5.720860424e+01 -5.720860424e+01 -1.6612e-01 -5.8816e-01 +1.9597e-01 -4.6111e-01 +1.5722e-01 -1.2902e-01 -2.3552e-01 +1.9245e-01 +1.4602e-02 -1.3052e-01
678 0 +7.502089131e-01 -5.772979109e+01 -5.772979109e+01 -1.6560e-01 -5.8701e-01 +1.8768e-01 -4.4876e-01 +1.4833e-01 -1.3178e-01 -2.4692e-01 +1.9415e-01 +1.4996e-02 -1.2952e-01
692 0 +6.974321954e-01 -5.778256780e+01 -5.778256780e+01 -1.7322e-01 -5.8484e-01 +1.8518e-01 -4.4798e-01 +1.4738e-01 -1.3181e-01 -2.4884e-01 +1.9282e-01 +1.4028e-02 -1.2294e-01
714 0 +5.653103706e-01 -5.791468963e+01 -5.791468963e+01 -1.6929e-01 -5.8458e-01 +1.8798e-01 -4.4646e-01 +1.4933e-01 -1.2637e-01 -2.4796e-01 +1.8896e-01 +8.2882e-03 -1.2540e-01
717 0 +4.144709231e-01 -5.806552908e+01 -5.806552908e+01 -1.6789e-01 -5.8667e-01 +1.9167e-01 -4.5071e-01 +1.5215e-01 -1.3383e-01 -2.4751e-01 +1.9561e-01 +1.6670e-02 -1.2720e-01
718 0 +4.060370158e-01 -5.807396298e+01 -5.807396298e+01 -1.6781e-01 -5.8262e-01 +1.9254e-01 -4.5338e-01 +1.4818e-01 -1.2917e-01 -2.4811e-01 +1.8988e-01 +1.2121e-02 -1.2637e-01
731 0 +3.931430578e-01 -5.808685694e+01 -5.808685694e+01 -1.6964e-01 -5.8707e-01 +1.8778e-01 -4.4850e-01 +1.4861e-01 -1.3374e-01 -2.5008e-01 +1.8928e-01 +9.6156e-03 -1.2532e-01
734 0 +3.722281017e-01 -5.810777190e+01 -5.810777190e+01 -1.6280e-01 -5.8696e-01 +1.9527e-01 -4.5371e-01 +1.5439e-01 -1.3154e-01 -2.4762e-01 +1.8715e-01 +1.3227e-02 -1.2823e-01
759 0 +3.154375172e-01 -5.816456248e+01 -5.816456248e+01 -1.6331e-01 -5.8881e-01 +1.8905e-01 -4.5365e-01 +1.5366e-01 -1.3233e-01 -2.4832e-01 +1.8942e-01 +1.1018e-02 -1.2636e-01
764 0 +3.013070169e-01 -5.817869298e+01 -5.817869298e+01 -1.6390e-01 -5.8963e-01 +1.8940e-01 -4.5061e-01 +1.5168e-01 -1.3041e-01 -2.4744e-01 +1.8707e-01 +9.8117e-03 -1.2745e-01
765 0 +2.571364178e-01 -5.822286358e+01 -5.822286358e+01 -1.6648e-01 -5.9026e-01 +1.9327e-01 -4.5222e-01 +1.5257e-01 -1.3087e-01 -2.4758e-01 +1.8866e-01 +1.2345e-02 -1.2710e-01
802 0 +2.456755827e-01 -5.823432442e+01 -5.823432442e+01 -1.6554e-01 -5.8765e-01 +1.9174e-01 -4.5079e-01 +1.5030e-01 -1.3110e-01 -2.4878e-01 +1.8956e-01 +1.1567e-02 -1.2817e-01
812 0 +2.177605471e-01 -5.826223945e+01 -5.826223945e+01 -1.6356e-01 -5.8857e-01 +1.9218e-01 -4.5148e-01 +1.4977e-01 -1.2981e-01 -2.4915e-01 +1.8983e-01 +1.1695e-02 -1.2709e-01
850 0 +2.102780280e-01 -5.826972197e+01 -5.826972197e+01 -1.6515e-01 -5.8741e-01 +1.9317e-01 -4.5168e-01 +1.4926e-01 -1.2920e-01 -2.4980e-01 +1.8912e-01 +1.2445e-02 -1.2700e-01
868 0 +1.974638996e-01 -5.828253610e+01 -5.828253610e+01 -1.6516e-01 -5.8799e-01 +1.9373e-01 -4.5168e-01 +1.4798e-01 -1.2968e-01 -2.4948e-01 +1.8951e-01 +1.2191e-02 -1.2711e-01
881 0 +1.921836956e-01 -5.828781630e+01 -5.828781630e+01 -1.6521e-01 -5.8810e-01 +1.9379e-01 -4.5172e-01 +1.4830e-01 -1.2978e-01 -2.5018e-01 +1.8932e-01 +1.2455e-02 -1.2705e-01
901 0 +1.861271028e-01 -5.829387290e+01 -5.829387290e+01 -1.6447e-01 -5.8838e-01 +1.9424e-01 -4.5200e-01 +1.4829e-01 -1.2940e-01 -2.5023e-01 +1.8962e-01 +1.2271e-02 -1.2708e-01
1000 0 +1.827803570e-01 -5.829721964e+01 -5.829721964e+01 -1.6420e-01 -5.8816e-01 +1.9394e-01 -4.5189e-01 +1.4808e-01 -1.2943e-01 -2.5052e-01 +1.8947e-01 +1.1963e-02 -1.2753e-01
% f evaluations | g evaluations | best noise-free fitness - Fopt (-6.130800000000e+02) + sum g_i+ | measured fitness | best measured fitness or single-digit g-values | x1 | x2...
1 0 +7.052924489e+00 -6.060270755e+02 -6.060270755e+02 +2.8133e-01 +1.4137e-01 +5.0841e-02 -8.3905e-03 +4.4625e-01 +1.2679e-02 -2.9367e-01 -2.5303e-01 -3.1873e-01 -3.0102e-01
2 0 +6.424465298e+00 -6.066555347e+02 -6.066555347e+02 -3.6749e-01 +2.9324e-01 -1.4645e-01 -2.1296e-01 +3.7071e-01 +7.3304e-01 +1.2307e-01 +2.7510e-01 -9.7868e-02 -2.7833e-01
6 0 +4.998314006e+00 -6.080816860e+02 -6.080816860e+02 +5.4020e-02 +8.5140e-01 -3.5984e-01 -2.4686e-01 +2.0313e-01 -1.1225e-01 +3.6065e-01 -6.7549e-01 -2.9743e-01 +6.5430e-02
8 0 +4.179158247e+00 -6.089008418e+02 -6.089008418e+02 -3.8908e-01 +5.2664e-01 +3.8290e-01 -2.8177e-01 -7.0517e-01 -7.8754e-01 +7.6290e-01 +4.1986e-01 -1.8957e-01 -1.4281e-01
25 0 +3.061106774e+00 -6.100188932e+02 -6.100188932e+02 -5.0549e-01 +2.9488e-01 +5.3768e-01 -3.2079e-01 -4.4668e-02 -3.9052e-01 +7.0882e-01 +4.4208e-01 -7.6104e-01 +9.2850e-02
104 0 +2.693385128e+00 -6.103866149e+02 -6.103866149e+02 +2.8065e-01 +7.4592e-01 +6.3956e-01 -2.8311e-01 -1.0051e+00 -5.0230e-01 -3.2138e-01 +7.5265e-01 -4.3179e-01 +4.2520e-01
538 0 +2.053625706e+00 -6.110263743e+02 -6.110263743e+02 +3.7357e-01 +9.2417e-01 +8.5319e-01 -3.1461e-01 +1.3862e-01 -1.0610e+00 +6.1922e-01 +3.6809e-01 +1.1144e-01 +1.1078e-01
577 0 +1.817165061e+00 -6.112628349e+02 -6.112628349e+02 +3.6250e-01 +9.3579e-01 +8.5825e-01 -3.1705e-01 +1.6670e-01 -1.0872e+00 +6.2142e-01 +3.7796e-01 +1.0394e-01 +1.1718e-01
728 0 +1.592741964e+00 -6.114872580e+02 -6.114872580e+02 +3.8124e-01 +9.6039e-01 +8.4559e-01 -3.3926e-01 +1.5800e-01 -1.0973e+00 +6.2144e-01 +3.7625e-01 +1.0605e-01 +9.5159e-02
739 0 +1.018448610e+00 -6.120615514e+02 -6.120615514e+02 +3.8563e-01 +9.6089e-01 +8.4918e-01 -3.4664e-01 +1.5863e-01 -1.0983e+00 +6.2233e-01 +3.8356e-01 +1.0577e-01 +9.4398e-02
1000 0 +1.018448610e+00 -6.120615514e+02 -6.120615514e+02 +3.8563e-01 +9.6089e-01 +8.4918e-01 -3.4664e-01 +1.5863e-01 -1.0983e+00 +6.2233e-01 +3.8356e-01 +1.0577e-01 +9.4398e-02
% f evaluations | g evaluations | best noise-free fitness - Fopt (6.189000000000e+01) + sum g_i+ | measured fitness | best measured fitness or single-digit g-values | x1 | x2...
1 0 +7.392408297e+00 +6.928240830e+01 +6.928240830e+01 -4.0806e-01 +1.3645e-01 +1.9827e-01 -5.6570e-01 +2.1999e-01 +2.1852e-01 -1.5323e-02 +3.8197e-01 -2.6458e-01 -3.5204e-01
2 0 +7.158239770e+00 +6.904823977e+01 +6.904823977e+01 -7.3305e-02 -1.8720e-02 +2.8498e-01 -4.7179e-01 +5.0578e-01 +5.8311e-02 +1.0703e-01 -1.7213e-01 +3.3506e-01 +2.6728e-01
3 0 +7.024406693e+00 +6.891440669e+01 +6.891440669e+01 +9.1372e-02 +4.5258e-01 +5.5441e-02 +1.5464e-01 +6.4901e-02 -1.4586e-01 -6.7736e-02 -3.7651e-01 -2.1438e-01 -3.6487e-02
6 0 +6.235682311e+00 +6.812568231e+01 +6.812568231e+01 -2.8523e-01 -3.5494e-01 +1.6885e-01 -4.9880e-01 -1.2290e-01 -5.7933e-02 +3.1343e-02 -5.5971e-01 +2.6671e-02 -9.5171e-02
9 0 +5.751344686e+00 +6.764134469e+01 +6.764134469e+01 -2.9473e-01 -9.9166e-02 -3.5259e-01 -2.5429e-01 +4.8585e-01 +1.1949e-01 -4.5549e-01 +1.7558e-01 -3.2011e-02 +1.2026e-02
13 0 +4.477818203e+00 +6.636781820e+01 +6.636781820e+01 -1.4810e-02 +1.9593e-01 -4.2421e-01 -7.5897e-01 -1.1476e-03 -2.4405e-02 -5.2913e-01 -2.2816e-01 -2.9751e-01 -3.1935e-01
34 0 +3.576286269e+00 +6.546628627e+01 +6.546628627e+01 -1.2921e-01 +1.0470e-03 +3.7208e-01 -1.5631e-01 +3.8728e-01 -2.1632e-01 -1.3989e-01 +3.3865e-01 -1.7764e-01 -2.8328e-03
105 0 +2.797910788e+00 +6.468791079e+01 +6.468791079e+01 -3.6823e-01 -3.2972e-01 -2.5055e-01 -1.5476e-01 +4.0032e-01 +1.6816e-01 -1.7515e-02 -5.4420e-02 -5.7202e-03 -2.5324e-01
356 0 +1.646135935e+00 +6.353613593e+01 +6.353613593e+01 -2.7031e-01 -7.7225e-02 -1.2825e-01 -3.4053e-01 +1.6572e-01 +3.0823e-01 -1.8598e-01 -4.1499e-01 -1.1748e-01 -3.4304e-02
653 0 +1.596717219e+00 +6.348671722e+01 +6.348671722e+01 -3.4813e-01 +1.3715e-02 -3.4881e-02 -2.7463e-01 +2.3447e-01 +2.8224e-01 -1.4094e-01 -4.4538e-01 -1.5127e-01 +1.3229e-02
669 0 +1.566727278e+00 +6.345672728e+01 +6.345672728e+01 -3.4770e-01 +1.0299e-02 -2.9892e-02 -2.7590e-01 +2.3042e-01 +2.8373e-01 -1.4076e-01 -4.4399e-01 -1.5110e-01 +1.1617e-02
706 0 +1.494793005e+00 +6.338479301e+01 +6.338479301e+01 -3.4866e-01 +9.8854e-03 -3.1531e-02 -2.7872e-01 +2.3398e-01 +2.8074e-01 -1.4217e-01 -4.4355e-01 -1.5170e-01 +1.1679e-02
716 0 +1.372464109e+00 +6.326246411e+01 +6.326246411e+01 -3.4739e-01 +1.1643e-02 -3.1800e-02 -2.7635e-01 +2.3237e-01 +2.7992e-01 -1.4302e-01 -4.4735e-01 -1.4996e-01 +1.0422e-02
770 0 +1.341146041e+00 +6.323114604e+01 +6.323114604e+01 -3.4696e-01 +1.0446e-02 -3.1830e-02 -2.7733e-01 +2.3151e-01 +2.7943e-01 -1.4335e-01 -4.4528e-01 -1.4984e-01 +1.3563e-02
783 0 +1.315068872e+00 +6.320506887e+01 +6.320506887e+01 -3.4710e-01 +9.6660e-03 -3.2480e-02 -2.7702e-01 +2.3125e-01 +2.7821e-01 -1.4342e-01 -4.4577e-01 -1.4995e-01 +1.4117e-02
805 0 +1.286278569e+00 +6.317627857e+01 +6.317627857e+01 -3.4724e-01 +1.0581e-02 -3.1519e-02 -2.7679e-01 +2.3253e-01 +2.7739e-01 -1.4390e-01 -4.4617e-01 -1.5003e-01 +1.4256e-02
824 0 +1.252778979e+00 +6.314277898e+01 +6.314277898e+01 -3.4686e-01 +1.1407e-02 -3.1836e-02 -2.7661e-01 +2.3262e-01 +2.7722e-01 -1.4600e-01 -4.4724e-01 -1.5048e-01 +1.3894e-02
845 0 +1.225084422e+00 +6.311508442e+01 +6.311508442e+01 -3.4684e-01 +1.0359e-02 -3.1647e-02 -2.7642e-01 +2.3210e-01 +2.7598e-01 -1.4643e-01 -4.4720e-01 -1.5110e-01 +1.4402e-02
876 0 +1.197523864e+00 +6.308752386e+01 +6.308752386e+01 -3.4578e-01 +9.6360e-03 -3.0673e-02 -2.7665e-01 +2.3181e-01 +2.7520e-01 -1.4801e-01 -4.4757e-01 -1.5036e-01 +1.4691e-02
913 0 +1.172946525e+00 +6.306294653e+01 +6.306294653e+01 -3.4605e-01 +1.0026e-02 -2.9986e-02 -2.7538e-01 +2.3218e-01 +2.7462e-01 -1.4852e-01 -4.4856e-01 -1.5075e-01 +1.5549e-02
932 0 +1.137412579e+00 +6.302741258e+01 +6.302741258e+01 -3.4581e-01 +1.0471e-02 -3.0034e-02 -2.7647e-01 +2.3270e-01 +2.7405e-01 -1.4855e-01 -4.4892e-01 -1.5156e-01 +1.4886e-02
956 0 +1.105598692e+00 +6.299559869e+01 +6.299559869e+01 -3.4537e-01 +1.1564e-02 -3.0104e-02 -2.7601e-01 +2.3280e-01 +2.7342e-01 -1.4979e-01 -4.4977e-01 -1.5195e-01 +1.4749e-02
974 0 +1.095973355e+00 +6.298597335e+01 +6.298597335e+01 -3.4519e-01 +1.1089e-02 -2.9759e-02 -2.7592e-01 +2.3245e-01 +2.7330e-01 -1.5010e-01 -4.4988e-01 -1.5231e-01 +1.4570e-02
992 0 +1.064669245e+00 +6.295466924e+01 +6.295466924e+01 -3.4484e-01 +1.1316e-02 -2.9281e-02 -2.7578e-01 +2.3275e-01 +2.7143e-01 -1.5125e-01 -4.5075e-01 -1.5264e-01 +1.5408e-02
1000 0 +1.064669245e+00 +6.295466924e+01 +6.295466924e+01 -3.4484e-01 +1.1316e-02 -2.9281e-02 -2.7578e-01 +2.3275e-01 +2.7143e-01 -1.5125e-01 -4.5075e-01 -1.5264e-01 +1.5408e-02
% f evaluations | g evaluations | best noise-free fitness - Fopt (-8.456000000000e+01) + sum g_i+ | measured fitness | best measured fitness or single-digit g-values | x1 | x2...
1 0 +1.099613496e+01 -7.356386504e+01 -7.356386504e+01 +1.0030e-01 -4.1701e-01 +2.6137e-01 +4.6145e-01 +2.9806e-01 +6.5469e-01 -2.2020e-01 -2.8831e-01 -6.1955e-02 +1.3110e-01
4 0 +8.086183812e+00 -7.647381619e+01 -7.647381619e+01 +5.5876e-02 -1.5948e-02 +2.4142e-02 -3.1245e-01 -3.4193e-01 +1.3017e-01 -1.6067e-01 +5.9158e-02 -3.4639e-01 +2.1856e-01
17 0 +7.701846648e+00 -7.685815335e+01 -7.685815335e+01 -8.5153e-03 +8.7851e-03 +2.4547e-02 -3.4937e-01 -3.7119e-01 -5.0041e-02 -6.6474e-01 -1.0021e-01 +7.1935e-03 +3.0827e-01
20 0 +5.116297843e+00 -7.944370216e+01 -7.944370216e+01 +2.6887e-02 +8.7176e-02 +1.1835e-01 -4.3510e-02 -6.2593e-02 -2.7631e-01 -5.1337e-01 -5.5889e-01 -9.6051e-02 +3.0489e-02
34 0 +4.279299329e+00 -8.028070067e+01 -8.028070067e+01 -2.6027e-01 +8.1256e-01 -3.7206e-02 -1.7464e-01 +2.0580e-01 -4.7444e-01 -6.7400e-01 -5.7445e-01 +9.6256e-03 -2.2944e-01
207 0 +3.899943737e+00 -8.066005626e+01 -8.066005626e+01 -2.7157e-01 +2.4523e-01 +1.3831e-01 -3.8009e-02 +2.5304e-01 -3.3250e-01 -1.1482e+00 -6.9077e-01 -3.5214e-01 -4.0914e-01
511 0 +3.846267679e+00 -8.071373232e+01 -8.071373232e+01 -3.0792e-01 +5.5421e-02 +5.9664e-01 -1.0091e-01 +3.8697e-01 -1.7031e-01 -1.2107e+00 -9.2080e-01 -6.3020e-01 -5.8015e-01
535 0 +3.779005919e+00 -8.078099408e+01 -8.078099408e+01 -1.8887e-01 +2.0586e-01 +5.4807e-01 -2.2934e-01 +7.2273e-01 -7.5958e-02 -1.1962e+00 -1.0777e+00 -9.4328e-01 -6.1677e-01
591 0 +3.509130215e+00 -8.105086978e+01 -8.105086978e+01 -2.5735e-01 -7.1815e-03 +6.8463e-01 -2.8028e-01 +3.8246e-01 -1.8591e-01 -1.2595e+00 -1.1999e+00 -8.8218e-01 -6.4454e-01
695 0 +3.091530080e+00 -8.146846992e+01 -8.146846992e+01 -2.2860e-01 -6.8306e-02 +6.6427e-01 -2.9225e-01 +4.2305e-01 -1.6347e-01 -1.1352e+00 -1.0686e+00 -8.0214e-01 -5.0298e-01
701 0 +2.530044315e+00 -8.202995569e+01 -8.202995569e+01 -2.4558e-01 -8.9307e-02 +6.2123e-01 -2.9135e-01 +4.1513e-01 -1.6891e-01 -1.1227e+00 -1.0569e+00 -7.7143e-01 -5.2073e-01
769 0 +2.281821609e+00 -8.227817839e+01 -8.227817839e+01 -2.6591e-01 -1.4457e-01 +5.5696e-01 -2.5617e-01 +3.9373e-01 -1.3477e-01 -1.0252e+00 -8.4812e-01 -6.9775e-01 -4.2145e-01
785 0 +1.982424046e+00 -8.257757595e+01 -8.257757595e+01 -2.6637e-01 -8.1573e-02 +4.6786e-01 -2.3570e-01 +4.3825e-01 -8.7821e-02 -1.0125e+00 -8.1329e-01 -6.7374e-01 -4.1354e-01
830 0 +1.832977230e+00 -8.272702277e+01 -8.272702277e+01 -2.1080e-01 -1.1949e-01 +5.4540e-01 -2.8567e-01 +4.2761e-01 -5.6709e-02 -1.0669e+00 -8.6598e-01 -7.2974e-01 -4.4540e-01
847 0 +1.776352407e+00 -8.278364759e+01 -8.278364759e+01 -2.1737e-01 -1.1354e-01 +5.6327e-01 -2.8240e-01 +4.3387e-01 -5.9165e-02 -1.0790e+00 -8.9221e-01 -6.9774e-01 -4.5635e-01
961 0 +1.332466898e+00 -8.322753310e+01 -8.322753310e+01 -2.4108e-01 -8.5285e-02 +5.1802e-01 -2.7356e-01 +4.1762e-01 -5.3531e-02 -1.0201e+00 -8.4643e-01 -6.2513e-01 -4.4302e-01
997 0 +5.197885558e-01 -8.404021144e+01 -8.404021144e+01 -2.4193e-01 -8.9349e-02 +5.3041e-01 -2.7989e-01 +4.2062e-01 -6.1413e-02 -1.0218e+00 -8.3946e-01 -6.2354e-01 -4.4489e-01
1000 0 +5.197885558e-01 -8.404021144e+01 -8.404021144e+01 -2.4193e-01 -8.9349e-02 +5.3041e-01 -2.7989e-01 +4.2062e-01 -6.1413e-02 -1.0218e+00 -8.3946e-01 -6.2354e-01 -4.4489e-01
% f evaluations | g evaluations | best noise-free fitness - Fopt (-2.602000000000e+01) + sum g_i+ | measured fitness | best measured fitness or single-digit g-values | x1 | x2...
1 0 +9.007440899e+00 -1.701255910e+01 -1.701255910e+01 -6.6247e-01 +2.0226e-01 -7.5027e-02 +9.9380e-02 +2.3199e-02 +1.2970e-01 -2.2631e-02 +4.7396e-01 -3.8865e-01 +3.5004e-01
3 0 +6.917185918e+00 -1.910281408e+01 -1.910281408e+01 -4.3939e-01 -6.0523e-01 -6.7762e-02 -1.7573e-01 -3.8412e-01 -1.2631e-01 +4.1613e-01 +6.7039e-01 -9.5666e-02 +3.6630e-03
5 0 +5.865296607e+00 -2.015470339e+01 -2.015470339e+01 -7.4015e-02 +2.0852e-01 +2.9094e-01 -3.7620e-02 -5.7160e-01 +4.2419e-01 -5.5636e-02 +2.3437e-02 +2.1226e-01 -5.8301e-02
21 0 +4.059682591e+00 -2.196031741e+01 -2.196031741e+01 -2.4752e-01 +4.5355e-01 +1.7535e-02 +8.5630e-03 -5.7898e-02 +1.8643e-01 +8.1809e-03 +1.0677e-01 -2.1858e-01 -4.2309e-01
55 0 +2.890726384e+00 -2.312927362e+01 -2.312927362e+01 +1.5910e-01 +3.4595e-01 +1.4065e-01 +9.3751e-02 -1.9646e-01 +7.8624e-01 -1.6002e-01 +7.4725e-02 +5.7948e-02 -3.3752e-01
253 0 +2.074036498e+00 -2.394596350e+01 -2.394596350e+01 -1.0227e-01 +1.7842e-01 +2.1518e-01 +6.1419e-01 -5.6254e-01 +3.5719e-01 +1.3308e-01 +1.7966e-01 -1.0041e-01 -4.2944e-01
389 0 +1.481265723e+00 -2.453873428e+01 -2.453873428e+01 -1.2131e-01 +3.8176e-01 +3.5454e-01 +7.0310e-01 -6.8053e-01 +2.9745e-01 +2.8426e-01 +3.0394e-01 -2.1979e-01 -3.6607e-01
569 0 +1.355288857e+00 -2.466471114e+01 -2.466471114e+01 -1.2899e-01 +4.2758e-01 +3.9162e-01 +6.9573e-01 -7.0304e-01 +2.7169e-01 +3.0664e-01 +3.5462e-01 -2.2199e-01 -4.0666e-01
591 0 +1.154910700e+00 -2.486508930e+01 -2.486508930e+01 -1.3861e-01 +4.2215e-01 +3.8697e-01 +7.0685e-01 -7.0063e-01 +2.8220e-01 +3.0896e-01 +3.5699e-01 -2.2069e-01 -4.0515e-01
597 0 +1.087988401e+00 -2.493201160e+01 -2.493201160e+01 -1.4141e-01 +4.2113e-01 +3.8913e-01 +7.0563e-01 -7.0299e-01 +2.7940e-01 +3.1061e-01 +3.5693e-01 -2.1672e-01 -4.1024e-01
602 0 +8.399115965e-01 -2.518008840e+01 -2.518008840e+01 -1.3731e-01 +4.2252e-01 +3.8437e-01 +7.0659e-01 -7.0428e-01 +2.7809e-01 +3.0882e-01 +3.5402e-01 -2.2371e-01 -4.0349e-01
605 0 +4.690470229e-01 -2.555095298e+01 -2.555095298e+01 -1.3919e-01 +4.2148e-01 +3.8976e-01 +7.0556e-01 -7.0824e-01 +2.7822e-01 +3.0611e-01 +3.5884e-01 -2.2552e-01 -4.1136e-01
634 0 +4.152992988e-01 -2.560470070e+01 -2.560470070e+01 -1.4274e-01 +4.2334e-01 +3.9218e-01 +7.1118e-01 -7.0332e-01 +2.7801e-01 +3.0504e-01 +3.5694e-01 -2.2068e-01 -4.0910e-01
644 0 +4.030400334e-01 -2.561695997e+01 -2.561695997e+01 -1.4164e-01 +4.2294e-01 +3.9309e-01 +7.0840e-01 -7.0383e-01 +2.7660e-01 +3.0523e-01 +3.5829e-01 -2.2203e-01 -4.1024e-01
650 0 +3.141443677e-01 -2.570585563e+01 -2.570585563e+01 -1.4541e-01 +4.1966e-01 +3.9559e-01 +7.1097e-01 -7.0360e-01 +2.7662e-01 +3.0559e-01 +3.5958e-01 -2.2183e-01 -4.1378e-01
689 0 +2.597761093e-01 -2.576022389e+01 -2.576022389e+01 -1.4430e-01 +4.1915e-01 +3.9233e-01 +7.0984e-01 -7.0518e-01 +2.7789e-01 +3.0818e-01 +3.6111e-01 -2.2172e-01 -4.1022e-01
702 0 +2.462131367e-01 -2.577378686e+01 -2.577378686e+01 -1.4437e-01 +4.1864e-01 +3.9368e-01 +7.0862e-01 -7.0588e-01 +2.7663e-01 +3.0718e-01 +3.5986e-01 -2.2225e-01 -4.1302e-01
711 0 +2.340758595e-01 -2.578592414e+01 -2.578592414e+01 -1.4456e-01 +4.1941e-01 +3.9383e-01 +7.0812e-01 -7.0602e-01 +2.7712e-01 +3.0696e-01 +3.5984e-01 -2.2357e-01 -4.1189e-01
726 0 +2.199057251e-01 -2.580009427e+01 -2.580009427e+01 -1.4524e-01 +4.1869e-01 +3.9261e-01 +7.0976e-01 -7.0595e-01 +2.7823e-01 +3.0705e-01 +3.6020e-01 -2.2242e-01 -4.1067e-01
745 0 +2.161976483e-01 -2.580380235e+01 -2.580380235e+01 -1.4529e-01 +4.1867e-01 +3.9343e-01 +7.0964e-01 -7.0725e-01 +2.7844e-01 +3.0631e-01 +3.6116e-01 -2.2356e-01 -4.1123e-01
769 0 +2.029749316e-01 -2.581702507e+01 -2.581702507e+01 -1.4545e-01 +4.1828e-01 +3.9279e-01 +7.0996e-01 -7.0705e-01 +2.7875e-01 +3.0623e-01 +3.6117e-01 -2.2370e-01 -4.1113e-01
771 0 +1.916765908e-01 -2.582832341e+01 -2.582832341e+01 -1.4560e-01 +4.1741e-01 +3.9326e-01 +7.1001e-01 -7.0853e-01 +2.7787e-01 +3.0596e-01 +3.6161e-01 -2.2345e-01 -4.1170e-01
784 0 +1.897718390e-01 -2.583022816e+01 -2.583022816e+01 -1.4518e-01 +4.1697e-01 +3.9317e-01 +7.0915e-01 -7.0838e-01 +2.7757e-01 +3.0614e-01 +3.6178e-01 -2.2383e-01 -4.1180e-01
794 0 +1.821506854e-01 -2.583784931e+01 -2.583784931e+01 -1.4584e-01 +4.1736e-01 +3.9310e-01 +7.0948e-01 -7.0821e-01 +2.7715e-01 +3.0634e-01 +3.6169e-01 -2.2374e-01 -4.1222e-01
799 0 +1.817155464e-01 -2.583828445e+01 -2.583828445e+01 -1.4555e-01 +4.1733e-01 +3.9296e-01 +7.0951e-01 -7.0788e-01 +2.7741e-01 +3.0626e-01 +3.6151e-01 -2.2342e-01 -4.1191e-01
812 0 +1.759522660e-01 -2.584404773e+01 -2.584404773e+01 -1.4615e-01 +4.1794e-01 +3.9231e-01 +7.1051e-01 -7.0791e-01 +2.7773e-01 +3.0640e-01 +3.6104e-01 -2.2314e-01 -4.1194e-01
823 0 +1.647573951e-01 -2.585524260e+01 -2.585524260e+01 -1.4603e-01 +4.1732e-01 +3.9248e-01 +7.1042e-01 -7.0842e-01 +2.7786e-01 +3.0639e-01 +3.6187e-01 -2.2259e-01 -4.1221e-01
843 0 +1.619813296e-01 -2.585801867e+01 -2.585801867e+01 -1.4612e-01 +4.1760e-01 +3.9230e-01 +7.1023e-01 -7.0824e-01 +2.7744e-01 +3.0602e-01 +3.6194e-01 -2.2279e-01 -4.1243e-01
862 0 +1.581055104e-01 -2.586189449e+01 -2.586189449e+01 -1.4610e-01 +4.1749e-01 +3.9223e-01 +7.1079e-01 -7.0838e-01 +2.7763e-01 +3.0620e-01 +3.6197e-01 -2.2297e-01 -4.1241e-01
873 0 +1.540484939e-01 -2.586595151e+01 -2.586595151e+01 -1.4625e-01 +4.1746e-01 +3.9218e-01 +7.1067e-01 -7.0839e-01 +2.7743e-01 +3.0613e-01 +3.6208e-01 -2.2284e-01 -4.1265e-01
892 0 +1.496463795e-01 -2.587035362e+01 -2.587035362e+01 -1.4614e-01 +4.1731e-01 +3.9205e-01 +7.1105e-01 -7.0875e-01 +2.7753e-01 +3.0601e-01 +3.6247e-01 -2.2267e-01 -4.1287e-01
915 0 +1.474833592e-01 -2.587251664e+01 -2.587251664e+01 -1.4640e-01 +4.1693e-01 +3.9197e-01 +7.1119e-01 -7.0886e-01 +2.7762e-01 +3.0588e-01 +3.6259e-01 -2.2239e-01 -4.1292e-01
931 0 +1.434685006e-01 -2.587653150e+01 -2.587653150e+01 -1.4660e-01 +4.1657e-01 +3.9240e-01 +7.1094e-01 -7.0913e-01 +2.7731e-01 +3.0601e-01 +3.6341e-01 -2.2218e-01 -4.1336e-01
941 0 +1.404812662e-01 -2.587951873e+01 -2.587951873e+01 -1.4674e-01 +4.1628e-01 +3.9193e-01 +7.1139e-01 -7.0960e-01 +2.7737e-01 +3.0599e-01 +3.6362e-01 -2.2215e-01 -4.1363e-01
1000 0 +1.384383335e-01 -2.588156167e+01 -2.588156167e+01 -1.4721e-01 +4.1628e-01 +3.9193e-01 +7.1193e-01 -7.0989e-01 +2.7708e-01 +3.0582e-01 +3.6404e-01 -2.2197e-01 -4.1390e-01
% f evaluations | g evaluations | best noise-free fitness - Fopt (-3.015000000000e+01) + sum g_i+ | measured fitness | best measured fitness or single-digit g-values | x1 | x2...
1 0 +9.754716542e+00 -2.039528346e+01 -2.039528346e+01 +1.0883e-01 -5.0816e-01 -1.8554e-01 +2.3944e-01 -1.6214e-01 +2.4700e-01 +3.2713e-01 +6.7379e-01 +1.9826e-01 -6.2279e-02
2 0 +9.694637114e+00 -2.045536289e+01 -2.045536289e+01 -4.3926e-01 +1.8810e-01 -4.3611e-02 -3.2423e-01 -9.4452e-03 -2.3848e-01 +1.3802e-01 +3.5092e-01 +1.8723e-01 -2.7995e-01
4 0 +7.114894730e+00 -2.303510527e+01 -2.303510527e+01 +2.9839e-02 +3.9860e-01 +1.5464e-01 -1.1495e-01 -4.5170e-02 +5.9691e-03 -3.7563e-01 -6.4156e-01 +4.8087e-01 -5.1037e-02
15 0 +3.630883843e+00 -2.651911616e+01 -2.651911616e+01 +5.5605e-01 +1.0283e-01 +1.2379e-01 -5.5298e-01 -6.6208e-02 -2.6209e-01 +2.2088e-02 -3.1193e-01 +7.7860e-01 +1.9776e-01
29 0 +3.428295275e+00 -2.672170472e+01 -2.672170472e+01 +5.8895e-01 +1.7663e-01 -3.2152e-02 -1.6534e-01 +2.8221e-01 -4.8178e-01 +1.9156e-01 +3.7866e-01 +5.2388e-01 +7.3031e-01
221 0 +3.225962473e+00 -2.692403753e+01 -2.692403753e+01 +6.5677e-01 +3.7323e-03 -1.1589e-01 -6.2473e-01 -7.2310e-01 -3.6917e-01 -3.3472e-01 -1.5816e-01 +6.0271e-01 +5.2940e-01
501 0 +2.957471876e+00 -2.719252812e+01 -2.719252812e+01 +4.5875e-01 -6.0440e-01 -4.8869e-01 -3.8706e-01 -8.7157e-01 -1.9016e-01 -8.4899e-02 -2.7753e-01 +7.0119e-01 +5.0747e-01
637 0 +2.868318936e+00 -2.728168106e+01 -2.728168106e+01 +4.1904e-01 -5.9394e-01 -5.3366e-01 -4.3326e-01 -9.1582e-01 -2.5196e-01 -8.3888e-02 -2.3793e-01 +6.2851e-01 +5.8103e-01
678 0 +2.137822788e+00 -2.801217721e+01 -2.801217721e+01 +4.4107e-01 -5.9324e-01 -5.2499e-01 -4.1958e-01 -9.2314e-01 -2.6239e-01 -8.0352e-02 -2.3926e-01 +6.2591e-01 +6.0029e-01
753 0 +1.616129010e+00 -2.853387099e+01 -2.853387099e+01 +4.3647e-01 -5.9212e-01 -5.2379e-01 -4.2476e-01 -9.2471e-01 -2.6578e-01 -8.3744e-02 -2.4226e-01 +6.3500e-01 +5.9614e-01
776 0 +1.572876704e+00 -2.857712330e+01 -2.857712330e+01 +4.3700e-01 -5.9255e-01 -5.2521e-01 -4.1752e-01 -9.2575e-01 -2.6808e-01 -8.4702e-02 -2.4019e-01 +6.3166e-01 +6.0136e-01
790 0 +1.409268306e+00 -2.874073169e+01 -2.874073169e+01 +4.3487e-01 -5.9240e-01 -5.2579e-01 -4.1871e-01 -9.2441e-01 -2.6381e-01 -8.5219e-02 -2.4236e-01 +6.2788e-01 +5.9892e-01
814 0 +1.200061149e+00 -2.894993885e+01 -2.894993885e+01 +4.3391e-01 -5.9090e-01 -5.2445e-01 -4.2297e-01 -9.2308e-01 -2.6246e-01 -8.8338e-02 -2.4170e-01 +6.3390e-01 +6.0019e-01
837 0 +1.147091069e+00 -2.900290893e+01 -2.900290893e+01 +4.3216e-01 -5.9144e-01 -5.2630e-01 -4.2357e-01 -9.2323e-01 -2.6229e-01 -8.9332e-02 -2.4322e-01 +6.3116e-01 +5.9904e-01
854 0 +1.016463487e+00 -2.913353651e+01 -2.913353651e+01 +4.3300e-01 -5.9348e-01 -5.2564e-01 -4.2171e-01 -9.2488e-01 -2.6225e-01 -8.5454e-02 -2.4252e-01 +6.3185e-01 +5.9961e-01
898 0 +9.976148173e-01 -2.915238518e+01 -2.915238518e+01 +4.3314e-01 -5.9353e-01 -5.2476e-01 -4.2184e-01 -9.2414e-01 -2.6092e-01 -8.5393e-02 -2.4285e-01 +6.3402e-01 +6.0015e-01
908 0 +9.462786794e-01 -2.920372132e+01 -2.920372132e+01 +4.3307e-01 -5.9441e-01 -5.2491e-01 -4.2102e-01 -9.2440e-01 -2.6126e-01 -8.5018e-02 -2.4209e-01 +6.3273e-01 +6.0061e-01
913 0 +9.133437032e-01 -2.923665630e+01 -2.923665630e+01 +4.3356e-01 -5.9361e-01 -5.2577e-01 -4.2288e-01 -9.2329e-01 -2.5978e-01 -8.5801e-02 -2.4363e-01 +6.3362e-01 +6.0018e-01
920 0 +8.868597258e-01 -2.926314027e+01 -2.926314027e+01 +4.3277e-01 -5.9510e-01 -5.2555e-01 -4.2152e-01 -9.2421e-01 -2.6067e-01 -8.4529e-02 -2.4263e-01 +6.3396e-01 +6.0072e-01
924 0 +8.678261350e-01 -2.928217386e+01 -2.928217386e+01 +4.3258e-01 -5.9495e-01 -5.2589e-01 -4.2164e-01 -9.2380e-01 -2.6110e-01 -8.4258e-02 -2.4270e-01 +6.3316e-01 +6.0068e-01
941 0 +8.455553487e-01 -2.930444465e+01 -2.930444465e+01 +4.3347e-01 -5.9540e-01 -5.2523e-01 -4.2124e-01 -9.2414e-01 -2.6139e-01 -8.4093e-02 -2.4158e-01 +6.3388e-01 +6.0203e-01
958 0 +8.292105140e-01 -2.932078949e+01 -2.932078949e+01 +4.3308e-01 -5.9554e-01 -5.2574e-01 -4.2142e-01 -9.2441e-01 -2.6102e-01 -8.4088e-02 -2.4226e-01 +6.3390e-01 +6.0161e-01
969 0 +8.123541099e-01 -2.933764589e+01 -2.933764589e+01 +4.3317e-01 -5.9575e-01 -5.2569e-01 -4.2149e-01 -9.2437e-01 -2.6098e-01 -8.3752e-02 -2.4282e-01 +6.3440e-01 +6.0140e-01
982 0 +7.921387218e-01 -2.935786128e+01 -2.935786128e+01 +4.3368e-01 -5.9603e-01 -5.2552e-01 -4.2167e-01 -9.2461e-01 -2.6099e-01 -8.2858e-02 -2.4239e-01 +6.3496e-01 +6.0124e-01
1000 0 +7.821233629e-01 -2.936787664e+01 -2.936787664e+01 +4.3312e-01 -5.9646e-01 -5.2537e-01 -4.2184e-01 -9.2441e-01 -2.6073e-01 -8.3190e-02 -2.4250e-01 +6.3505e-01 +6.0155e-01
% f evaluations | g evaluations | best noise-free fitness - Fopt (-1.000000000000e+03) + sum g_i+ | measured fitness | best measured fitness or single-digit g-values | x1 | x2...
1 0 +1.063599164e+01 -9.893640084e+02 -9.893640084e+02 -3.0969e-01 -7.5524e-02 -2.7313e-01 +2.6325e-01 +4.1912e-02 +7.7490e-02 -6.1713e-01 -3.1652e-01 -3.2944e-01 +5.7738e-02
2 0 +6.494316474e+00 -9.935056835e+02 -9.935056835e+02 +2.6777e-01 -2.9466e-02 +3.5609e-01 +3.4281e-01 -2.4716e-01 +1.4977e-01 +8.6365e-03 -3.5532e-01 -3.1062e-01 -2.0184e-01
9 0 +6.265863212e+00 -9.937341368e+02 -9.937341368e+02 +1.4618e-01 -5.5953e-01 +9.8418e-02 -2.9217e-01 -1.7626e-01 -1.2936e-01 -1.3304e-01 +1.2245e-01 -1.2386e-02 -4.4391e-01
25 0 +5.004285603e+00 -9.949957144e+02 -9.949957144e+02 +1.0079e-01 +7.8025e-02 +2.9932e-01 +1.8022e-01 -2.4078e-01 +1.6061e-01 -5.6083e-01 +1.8600e-01 -2.8380e-01 +2.6242e-01
70 0 +4.724332335e+00 -9.952756677e+02 -9.952756677e+02 -6.2337e-02 +1.9598e-01 -2.8860e-02 +8.4876e-02 -2.5844e-01 +3.5753e-01 -3.5784e-01 +4.6007e-01 +4.8693e-01 -2.7622e-01
100 0 +2.746559424e+00 -9.972534406e+02 -9.972534406e+02 -1.1761e-01 +9.0146e-02 -2.4266e-01 -9.5135e-02 -4.2893e-01 +2.0779e-01 -9.8384e-01 +1.7062e-01 +3.5809e-01 -2.9972e-01
424 0 +2.211809348e+00 -9.977881907e+02 -9.977881907e+02 -3.1091e-01 +4.0770e-01 -2.8800e-01 -4.0290e-01 -8.8612e-01 -5.5832e-01 -1.4683e+00 -1.1127e-01 +3.9992e-01 -2.6357e-01
507 0 +1.852816044e+00 -9.981471840e+02 -9.981471840e+02 -3.8732e-01 +3.9538e-01 -4.1511e-01 -3.5758e-01 -8.5950e-01 -5.1291e-01 -1.3531e+00 -1.0237e-01 +4.3448e-01 -2.6765e-01
811 0 +1.704141780e+00 -9.982958582e+02 -9.982958582e+02 -3.8729e-01 +3.3951e-01 -3.9903e-01 -3.6654e-01 -8.9967e-01 -5.5311e-01 -1.4141e+00 -1.0155e-01 +4.3436e-01 -2.8381e-01
816 0 +1.619688180e+00 -9.983803118e+02 -9.983803118e+02 -3.8557e-01 +3.3843e-01 -3.9869e-01 -3.6470e-01 -9.0054e-01 -5.5667e-01 -1.4142e+00 -9.9106e-02 +4.3123e-01 -2.8233e-01
829 0 +1.276744580e+00 -9.987232554e+02 -9.987232554e+02 -3.8575e-01 +3.3819e-01 -4.0087e-01 -3.6516e-01 -9.0121e-01 -5.5750e-01 -1.4152e+00 -1.0310e-01 +4.3253e-01 -2.8457e-01
830 0 +7.292068774e-01 -9.992707931e+02 -9.992707931e+02 -3.8696e-01 +3.3997e-01 -3.9775e-01 -3.6482e-01 -9.0032e-01 -5.5680e-01 -1.4160e+00 -1.0093e-01 +4.3314e-01 -2.8159e-01
872 0 +7.125416129e-01 -9.992874584e+02 -9.992874584e+02 -3.8653e-01 +3.3914e-01 -3.9941e-01 -3.6397e-01 -8.9985e-01 -5.5537e-01 -1.4166e+00 -1.0173e-01 +4.3203e-01 -2.8137e-01
878 0 +6.295099963e-01 -9.993704900e+02 -9.993704900e+02 -3.8610e-01 +3.3935e-01 -3.9780e-01 -3.6509e-01 -8.9839e-01 -5.5517e-01 -1.4167e+00 -1.0257e-01 +4.3034e-01 -2.8076e-01
898 0 +5.861669047e-01 -9.994138331e+02 -9.994138331e+02 -3.8711e-01 +3.3936e-01 -3.9927e-01 -3.6526e-01 -8.9940e-01 -5.5533e-01 -1.4165e+00 -1.0201e-01 +4.3081e-01 -2.8098e-01
919 0 +5.526528039e-01 -9.994473472e+02 -9.994473472e+02 -3.8728e-01 +3.3926e-01 -3.9862e-01 -3.6580e-01 -8.9967e-01 -5.5657e-01 -1.4163e+00 -1.0164e-01 +4.3166e-01 -2.8149e-01
931 0 +5.262715911e-01 -9.994737284e+02 -9.994737284e+02 -3.8701e-01 +3.3953e-01 -3.9931e-01 -3.6547e-01 -8.9974e-01 -5.5584e-01 -1.4162e+00 -1.0115e-01 +4.3138e-01 -2.8165e-01
952 0 +5.059394777e-01 -9.994940605e+02 -9.994940605e+02 -3.8767e-01 +3.3945e-01 -3.9923e-01 -3.6565e-01 -8.9979e-01 -5.5594e-01 -1.4170e+00 -1.0132e-01 +4.3170e-01 -2.8191e-01
966 0 +4.928149681e-01 -9.995071850e+02 -9.995071850e+02 -3.8770e-01 +3.3934e-01 -3.9909e-01 -3.6557e-01 -8.9977e-01 -5.5643e-01 -1.4167e+00 -1.0106e-01 +4.3193e-01 -2.8195e-01
988 0 +4.834690917e-01 -9.995165309e+02 -9.995165309e+02 -3.8741e-01 +3.3954e-01 -3.9896e-01 -3.6567e-01 -8.9959e-01 -5.5595e-01 -1.4165e+00 -1.0128e-01 +4.3190e-01 -2.8178e-01
1000 0 +4.834690917e-01 -9.995165309e+02 -9.995165309e+02 -3.8741e-01 +3.3954e-01 -3.9896e-01 -3.6567e-01 -8.9959e-01 -5.5595e-01 -1.4165e+00 -1.0128e-01 +4.3190e-01 -2.8178e-01
% f evaluations | g evaluations | best noise-free fitness - Fopt (-9.243000000000e+02) + sum g_i+ | measured fitness | best measured fitness or single-digit g-values | x1 | x2...
1 0 +1.350676136e+01 -9.107932386e+02 -9.107932386e+02 +1.9144e-01 +3.3694e-01 +3.1383e-01 +3.4671e-01 +7.0315e-02 +1.5568e-01 +4.7243e-01 -3.6259e-01 +4.8796e-01 -3.1162e-02
2 0 +9.605380150e+00 -9.146946198e+02 -9.146946198e+02 +5.0037e-01 -1.7640e-01 +1.6816e-01 -2.1090e-01 +3.9752e-01 -2.2979e-01 +3.3308e-01 -5.1740e-01 +3.1086e-01 +1.0590e-01
3 0 +7.528088526e+00 -9.167719115e+02 -9.167719115e+02 -1.8340e-01 +2.3441e-01 -2.4246e-02 -4.0626e-02 +2.4007e-02 -4.1867e-01 +2.8644e-01 -5.0495e-01 -4.5893e-01 -3.3594e-01
5 0 +5.941381469e+00 -9.183586185e+02 -9.183586185e+02 +2.6745e-01 +9.3704e-02 +2.2577e-01 +4.5745e-01 +1.6342e-01 -2.6925e-01 +3.5396e-01 -4.9414e-03 +6.7033e-02 +3.0465e-02
15 0 +5.646545079e+00 -9.186534549e+02 -9.186534549e+02 +1.5881e-01 -5.2820e-02 +2.4830e-01 +1.0042e-01 +2.8637e-01 -4.6058e-01 +1.7782e-01 -1.6830e-01 +5.7863e-02 -1.5640e-02
24 0 +4.882444222e+00 -9.194175558e+02 -9.194175558e+02 -2.0192e-02 -9.0504e-03 +4.0990e-01 +1.0422e-02 +2.5300e-01 -5.9602e-01 +8.8231e-04 +2.0714e-01 +3.3704e-01 +5.5603e-02
94 0 +4.585217205e+00 -9.197147828e+02 -9.197147828e+02 +4.5793e-01 +2.2204e-01 +3.3021e-01 -8.8014e-02 +3.3989e-01 -1.0292e-01 -1.3169e-01 -3.0255e-01 +1.4991e-01 +1.1848e-02
128 0 +3.378499222e+00 -9.209215008e+02 -9.209215008e+02 +3.7693e-01 +2.1810e-01 +4.0879e-01 -1.1250e-01 +2.3932e-01 -2.3549e-02 -5.6871e-02 -6.4775e-02 +1.2270e-01 -6.1854e-02
136 0 +2.925274405e+00 -9.213747256e+02 -9.213747256e+02 +2.4736e-01 +2.2555e-01 +4.9235e-01 +4.4197e-02 +2.1482e-01 +1.0756e-01 +6.2545e-02 -1.7424e-01 +1.4358e-01 +6.7306e-02
288 0 +1.984693940e+00 -9.223153061e+02 -9.223153061e+02 +5.0529e-01 +3.6476e-01 +3.1078e-01 +5.3224e-02 -1.5932e-02 +4.6247e-02 -1.6713e-01 -1.2356e-01 -3.2842e-01 +1.7698e-01
312 0 +1.681390355e+00 -9.226186096e+02 -9.226186096e+02 +5.3122e-01 +2.1102e-01 +3.5783e-01 -1.9384e-02 +6.9679e-03 +1.2702e-02 -1.3796e-01 -1.9016e-01 -3.4279e-01 +1.9343e-01
440 0 +1.431342198e+00 -9.228686578e+02 -9.228686578e+02 +3.2410e-01 +2.4141e-01 +3.7052e-01 -5.7442e-02 +2.6278e-02 +8.9821e-02 -6.9881e-02 -3.7476e-02 -2.5882e-01 +1.5228e-01
447 0 +8.807139805e-01 -9.234192860e+02 -9.234192860e+02 +3.4357e-01 +2.5225e-01 +3.6416e-01 -2.6421e-02 +4.3901e-02 +5.3914e-02 -8.0706e-02 -6.5528e-02 -2.8319e-01 +1.6053e-01
598 0 +8.380059486e-01 -9.234619941e+02 -9.234619941e+02 +3.4790e-01 +2.5710e-01 +3.7665e-01 -1.4188e-02 +6.9174e-02 +8.1972e-02 -9.8204e-02 -4.4177e-02 -2.8835e-01 +1.9503e-01
608 0 +7.753295515e-01 -9.235246704e+02 -9.235246704e+02 +3.4212e-01 +2.6033e-01 +3.7599e-01 -1.8769e-02 +6.4127e-02 +7.7462e-02 -9.9194e-02 -4.6676e-02 -2.8883e-01 +1.8601e-01
614 0 +7.179323070e-01 -9.235820677e+02 -9.235820677e+02 +3.4921e-01 +2.5301e-01 +3.7788e-01 -1.6160e-02 +6.2499e-02 +7.8202e-02 -9.3144e-02 -4.1732e-02 -2.8849e-01 +1.8726e-01
620 0 +7.076483722e-01 -9.235923516e+02 -9.235923516e+02 +3.4437e-01 +2.5620e-01 +3.7805e-01 -2.0691e-02 +6.2750e-02 +7.5206e-02 -9.4565e-02 -4.1481e-02 -2.8898e-01 +1.8678e-01
625 0 +6.853560695e-01 -9.236146439e+02 -9.236146439e+02 +3.4549e-01 +2.5648e-01 +3.7861e-01 -1.6749e-02 +5.9474e-02 +7.5834e-02 -9.5047e-02 -4.1853e-02 -2.9230e-01 +1.8674e-01
647 0 +6.628361428e-01 -9.236371639e+02 -9.236371639e+02 +3.4974e-01 +2.5912e-01 +3.7829e-01 -2.0360e-02 +6.2521e-02 +7.0685e-02 -9.7298e-02 -4.5247e-02 -2.9085e-01 +1.8428e-01
662 0 +6.446452748e-01 -9.236553547e+02 -9.236553547e+02 +3.4626e-01 +2.5850e-01 +3.7878e-01 -2.0804e-02 +6.3372e-02 +6.8398e-02 -9.6358e-02 -4.7161e-02 -2.9227e-01 +1.8752e-01
669 0 +6.130786106e-01 -9.236869214e+02 -9.236869214e+02 +3.4461e-01 +2.6119e-01 +3.8335e-01 -2.0827e-02 +6.3662e-02 +7.0765e-02 -9.1994e-02 -4.6988e-02 -2.9039e-01 +1.8154e-01
685 0 +6.011464099e-01 -9.236988536e+02 -9.236988536e+02 +3.5138e-01 +2.6171e-01 +3.7985e-01 -2.3896e-02 +6.1682e-02 +6.8699e-02 -9.6492e-02 -4.3565e-02 -2.9250e-01 +1.8469e-01
689 0 +5.867633016e-01 -9.237132367e+02 -9.237132367e+02 +3.4943e-01 +2.6121e-01 +3.8234e-01 -1.8955e-02 +6.2129e-02 +6.9132e-02 -9.2850e-02 -4.8032e-02 -2.8951e-01 +1.8196e-01
701 0 +5.631772405e-01 -9.237368228e+02 -9.237368228e+02 +3.4772e-01 +2.6033e-01 +3.8244e-01 -2.2881e-02 +6.2370e-02 +6.7077e-02 -9.1527e-02 -4.5973e-02 -2.9306e-01 +1.8189e-01
711 0 +5.485834807e-01 -9.237514165e+02 -9.237514165e+02 +3.5075e-01 +2.5874e-01 +3.8470e-01 -2.1769e-02 +6.0344e-02 +6.9413e-02 -9.1153e-02 -4.4113e-02 -2.9190e-01 +1.8334e-01
721 0 +5.301726941e-01 -9.237698273e+02 -9.237698273e+02 +3.5088e-01 +2.6239e-01 +3.8601e-01 -2.1770e-02 +6.3600e-02 +6.5007e-02 -9.0006e-02 -4.5278e-02 -2.8986e-01 +1.8153e-01
722 0 +5.130393786e-01 -9.237869606e+02 -9.237869606e+02 +3.5159e-01 +2.6226e-01 +3.8658e-01 -2.3171e-02 +6.1731e-02 +6.7406e-02 -9.1625e-02 -4.3035e-02 -2.9208e-01 +1.8166e-01
739 0 +5.022761657e-01 -9.237977238e+02 -9.237977238e+02 +3.5104e-01 +2.6127e-01 +3.8688e-01 -2.3477e-02 +6.0176e-02 +6.7374e-02 -8.8871e-02 -4.1462e-02 -2.9072e-01 +1.8019e-01
748 0 +4.789628193e-01 -9.238210372e+02 -9.238210372e+02 +3.5137e-01 +2.6189e-01 +3.8704e-01 -2.2286e-02 +5.7831e-02 +6.6894e-02 -8.7564e-02 -4.2743e-02 -2.9185e-01 +1.7789e-01
757 0 +4.623878775e-01 -9.238376121e+02 -9.238376121e+02 +3.5183e-01 +2.6352e-01 +3.8990e-01 -2.3270e-02 +5.8990e-02 +6.5392e-02 -8.8341e-02 -4.1276e-02 -2.9293e-01 +1.7879e-01
764 0 +4.445279540e-01 -9.238554720e+02 -9.238554720e+02 +3.5171e-01 +2.6519e-01 +3.9117e-01 -2.2635e-02 +5.6797e-02 +6.3878e-02 -8.6587e-02 -4.2476e-02 -2.9350e-01 +1.7691e-01
772 0 +4.280677055e-01 -9.238719323e+02 -9.238719323e+02 +3.5281e-01 +2.6468e-01 +3.9233e-01 -2.2939e-02 +5.6775e-02 +6.3513e-02 -8.5580e-02 -4.2513e-02 -2.9507e-01 +1.7723e-01
776 0 +4.224211530e-01 -9.238775788e+02 -9.238775788e+02 +3.5218e-01 +2.6355e-01 +3.9069e-01 -2.5609e-02 +5.4789e-02 +6.6356e-02 -8.5230e-02 -4.0304e-02 -2.9359e-01 +1.7553e-01
783 0 +4.045367333e-01 -9.238954633e+02 -9.238954633e+02 +3.5373e-01 +2.6481e-01 +3.9355e-01 -2.3858e-02 +5.3925e-02 +6.4839e-02 -8.3674e-02 -4.1435e-02 -2.9293e-01 +1.7343e-01
793 0 +3.935677598e-01 -9.239064322e+02 -9.239064322e+02 +3.5705e-01 +2.6575e-01 +3.9517e-01 -2.4929e-02 +5.7818e-02 +6.2988e-02 -8.3094e-02 -4.0418e-02 -2.9074e-01 +1.7238e-01
798 0 +3.877147262e-01 -9.239122853e+02 -9.239122853e+02 +3.5425e-01 +2.6527e-01 +3.9469e-01 -2.6614e-02 +5.0702e-02 +6.3955e-02 -8.0568e-02 -3.7494e-02 -2.9382e-01 +1.7227e-01
801 0 +3.752136531e-01 -9.239247863e+02 -9.239247863e+02 +3.5535e-01 +2.6603e-01 +3.9469e-01 -2.5062e-02 +5.1855e-02 +5.9696e-02 -8.0716e-02 -4.2289e-02 -2.9417e-01 +1.7045e-01
806 0 +3.572699410e-01 -9.239427301e+02 -9.239427301e+02 +3.5712e-01 +2.6885e-01 +3.9783e-01 -2.6282e-02 +4.8622e-02 +5.8266e-02 -8.0063e-02 -3.9324e-02 -2.9545e-01 +1.7013e-01
835 0 +3.283543461e-01 -9.239716457e+02 -9.239716457e+02 +3.6008e-01 +2.6830e-01 +4.0012e-01 -2.5318e-02 +4.6701e-02 +5.2048e-02 -7.7460e-02 -4.2209e-02 -3.0003e-01 +1.6411e-01
836 0 +3.112407193e-01 -9.239887593e+02 -9.239887593e+02 +3.6189e-01 +2.7311e-01 +4.0250e-01 -2.8367e-02 +4.3547e-02 +5.3132e-02 -7.4914e-02 -4.0113e-02 -2.9845e-01 +1.6029e-01
911 0 +3.062854289e-01 -9.239937146e+02 -9.239937146e+02 +3.5999e-01 +2.6973e-01 +4.0535e-01 -2.9410e-02 +4.6799e-02 +5.2716e-02 -7.2693e-02 -3.8649e-02 -2.9445e-01 +1.6067e-01
928 0 +3.005872022e-01 -9.239994128e+02 -9.239994128e+02 +3.5991e-01 +2.7212e-01 +4.0623e-01 -3.1736e-02 +4.4857e-02 +5.0107e-02 -7.2916e-02 -3.8533e-02 -2.9766e-01 +1.5932e-01
949 0 +2.950740221e-01 -9.240049260e+02 -9.240049260e+02 +3.6314e-01 +2.7567e-01 +4.0862e-01 -3.1727e-02 +4.4109e-02 +4.7371e-02 -7.1563e-02 -4.0340e-02 -2.9498e-01 +1.5799e-01
988 0 +2.879035933e-01 -9.240120964e+02 -9.240120964e+02 +3.6479e-01 +2.7392e-01 +4.1236e-01 -3.4121e-02 +4.2422e-02 +4.4713e-02 -6.6122e-02 -3.8926e-02 -2.9569e-01 +1.5565e-01
1000 0 +2.858955126e-01 -9.240141045e+02 -9.240141045e+02 +3.6308e-01 +2.7361e-01 +4.1067e-01 -3.3901e-02 +4.3498e-02 +4.5538e-02 -6.7897e-02 -3.9164e-02 -2.9481e-01 +1.5611e-01
% f evaluations | g evaluations | best noise-free fitness - Fopt (-1.035000000000e+01) + sum g_i+ | measured fitness | best measured fitness or single-digit g-values | x1 | x2...
1 0 +6.740299079e+00 -3.609700921e+00 -3.609700921e+00 -7.2822e-02 -5.6814e-01 +5.8611e-01 +1.4778e-01 -2.3809e-01 -5.8998e-03 -3.6960e-01 -5.2846e-02 +2.4320e-01 +2.7891e-01
2 0 +6.367254337e+00 -3.982745663e+00 -3.982745663e+00 -3.2081e-01 -2.7294e-01 -9.8062e-02 -8.8509e-02 +3.0272e-01 -1.3427e-01 +7.8546e-03 +2.7233e-01 +5.0110e-02 +1.4136e-01
7 0 +6.112661895e+00 -4.237338105e+00 -4.237338105e+00 -2.0572e-01 -2.0472e-01 +1.2398e-03 +2.1451e-01 -5.2448e-02 +5.5623e-01 +4.8978e-01 -3.7182e-01 +1.7140e-02 -1.9918e-02
26 0 +5.255441088e+00 -5.094558912e+00 -5.094558912e+00 +6.2717e-02 -2.5317e-02 -7.6252e-03 +6.2624e-01 -2.1539e-01 +4.3932e-01 +3.5628e-01 +1.7145e-01 -2.3059e-01 +6.2439e-01
360 0 +5.086691874e+00 -5.263308126e+00 -5.263308126e+00 -2.5575e-01 +5.7581e-01 +4.0606e-01 +7.5904e-01 -2.7488e-02 +5.7204e-01 +9.3440e-01 +3.9222e-01 +1.2273e-01 +8.0968e-01
426 0 +3.855481736e+00 -6.494518264e+00 -6.494518264e+00 -3.5069e-01 +5.0894e-01 +2.3867e-01 +9.5858e-01 -5.2314e-02 +8.9254e-01 +9.0138e-01 +3.6048e-01 +1.5447e-01 +7.5807e-01
490 0 +3.752411388e+00 -6.597588612e+00 -6.597588612e+00 -3.9903e-01 +4.5876e-01 +1.6628e-01 +8.8975e-01 +8.7358e-02 +7.7358e-01 +8.7607e-01 +4.6223e-01 +2.7092e-01 +6.2502e-01
562 0 +2.830022625e+00 -7.519977375e+00 -7.519977375e+00 -4.4014e-01 +4.2152e-01 +2.1494e-01 +9.1010e-01 +3.7862e-02 +7.3301e-01 +9.6281e-01 +4.0325e-01 +3.2587e-01 +6.4713e-01
655 0 +1.885110786e+00 -8.464889214e+00 -8.464889214e+00 -4.4958e-01 +4.2708e-01 +2.2878e-01 +9.4491e-01 +7.6990e-02 +7.4978e-01 +9.6387e-01 +3.9718e-01 +3.5716e-01 +6.6500e-01
744 0 +9.839523018e-01 -9.366047698e+00 -9.366047698e+00 -4.4497e-01 +4.0588e-01 +2.2350e-01 +9.4825e-01 +7.3407e-02 +7.4863e-01 +9.6194e-01 +3.9193e-01 +3.6003e-01 +6.6315e-01
792 0 +8.866212200e-01 -9.463378780e+00 -9.463378780e+00 -4.4466e-01 +4.0353e-01 +2.1718e-01 +9.4890e-01 +7.1900e-02 +7.4549e-01 +9.6127e-01 +3.9192e-01 +3.6073e-01 +6.6389e-01
807 0 +8.032593987e-01 -9.546740601e+00 -9.546740601e+00 -4.4443e-01 +4.0305e-01 +2.1857e-01 +9.4828e-01 +7.0348e-02 +7.4590e-01 +9.6218e-01 +3.9150e-01 +3.6071e-01 +6.6451e-01
812 0 +7.604979182e-01 -9.589502082e+00 -9.589502082e+00 -4.4477e-01 +4.0445e-01 +2.1934e-01 +9.4881e-01 +7.1946e-02 +7.4602e-01 +9.6266e-01 +3.9343e-01 +3.6068e-01 +6.6398e-01
844 0 +6.663216906e-01 -9.683678309e+00 -9.683678309e+00 -4.4479e-01 +4.0417e-01 +2.1886e-01 +9.4906e-01 +7.3066e-02 +7.4580e-01 +9.6229e-01 +3.9374e-01 +3.6073e-01 +6.6419e-01
862 0 +6.439328049e-01 -9.706067195e+00 -9.706067195e+00 -4.4562e-01 +4.0378e-01 +2.1877e-01 +9.4899e-01 +7.2556e-02 +7.4558e-01 +9.6224e-01 +3.9269e-01 +3.6114e-01 +6.6346e-01
872 0 +5.547657161e-01 -9.795234284e+00 -9.795234284e+00 -4.4564e-01 +4.0375e-01 +2.1886e-01 +9.4926e-01 +7.3337e-02 +7.4546e-01 +9.6290e-01 +3.9330e-01 +3.6138e-01 +6.6328e-01
920 0 +5.407502949e-01 -9.809249705e+00 -9.809249705e+00 -4.4578e-01 +4.0411e-01 +2.1944e-01 +9.4927e-01 +7.3892e-02 +7.4585e-01 +9.6324e-01 +3.9324e-01 +3.6166e-01 +6.6299e-01
940 0 +5.325454190e-01 -9.817454581e+00 -9.817454581e+00 -4.4592e-01 +4.0380e-01 +2.1905e-01 +9.4921e-01 +7.3663e-02 +7.4560e-01 +9.6349e-01 +3.9314e-01 +3.6196e-01 +6.6302e-01
983 0 +5.232972016e-01 -9.826702798e+00 -9.826702798e+00 -4.4591e-01 +4.0395e-01 +2.1927e-01 +9.4925e-01 +7.3920e-02 +7.4564e-01 +9.6356e-01 +3.9318e-01 +3.6185e-01 +6.6307e-01
1000 0 +5.144140602e-01 -9.835585940e+00 -9.835585940e+00 -4.4609e-01 +4.0373e-01 +2.1950e-01 +9.4916e-01 +7.3862e-02 +7.4560e-01 +9.6373e-01 +3.9323e-01 +3.6189e-01 +6.6284e-01
% f evaluations | g evaluations | best noise-free fitness - Fopt (-1.000000000000e+03) + sum g_i+ | measured fitness | best measured fitness or single-digit g-values | x1 | x2...
1 0 +8.094347398e+00 -9.919056526e+02 -9.919056526e+02 +5.1856e-01 -1.3344e-01 +1.3736e-01 -5.1892e-02 -1.4454e-01 +1.7901e-01 +6.7170e-02 -2.8362e-01 +1.3996e-01 +5.2595e-02
4 0 +7.843162518e+00 -9.921568375e+02 -9.921568375e+02 -4.7469e-02 -4.7965e-04 -1.7944e-01 +1.1322e-01 -3.6391e-01 -1.6701e-01 -1.7627e-02 +3.9145e-01 -4.6805e-01 -1.7196e-01
5 0 +7.285430895e+00 -9.927145691e+02 -9.927145691e+02 -2.2680e-01 +1.8124e-01 -5.0473e-01 +3.7983e-01 -3.0572e-01 +1.5422e-02 -1.7446e-01 +5.5826e-01 -3.4402e-01 -7.4508e-02
8 0 +2.995261072e+00 -9.970047389e+02 -9.970047389e+02 +2.2634e-01 -3.5126e-02 +8.8901e-02 -3.3513e-01 -1.6587e-01 +6.6002e-01 -6.2913e-01 -1.3255e-01 -6.3252e-02 -2.0200e-01
506 0 +2.863555816e+00 -9.971364442e+02 -9.971364442e+02 -5.8396e-01 -5.0237e-01 +1.0801e+00 +1.3991e+00 +1.0898e-01 +1.0197e-01 +1.5486e-01 +4.2868e-01 +6.1041e-01 +7.3232e-01
700 0 +2.095958359e+00 -9.979040416e+02 -9.979040416e+02 -4.8716e-01 -5.4746e-01 +1.0737e+00 +1.2618e+00 +7.1552e-03 +2.0367e-01 +1.3044e-01 +5.1228e-01 +5.9416e-01 +5.5662e-01
737 0 +1.456269580e+00 -9.985437304e+02 -9.985437304e+02 -4.8115e-01 -5.5716e-01 +1.0761e+00 +1.2707e+00 -3.4446e-03 +1.9698e-01 +1.3540e-01 +5.1673e-01 +5.9665e-01 +5.5332e-01
1000 0 +1.456269580e+00 -9.985437304e+02 -9.985437304e+02 -4.8115e-01 -5.5716e-01 +1.0761e+00 +1.2707e+00 -3.4446e-03 +1.9698e-01 +1.3540e-01 +5.1673e-01 +5.9665e-01 +5.5332e-01
% f evaluations | g evaluations | best noise-free fitness - Fopt (2.880000000000e+01) + sum g_i+ | measured fitness | best measured fitness or single-digit g-values | x1 | x2...
1 0 +7.340012799e+00 +3.614001280e+01 +3.614001280e+01 +1.7800e-01 -2.9505e-02 +2.4537e-01 -7.0915e-01 +3.5355e-02 -1.8651e-01 -2.5109e-01 +6.8251e-02 -4.6460e-01 +2.2101e-01
4 0 +3.902626495e+00 +3.270262649e+01 +3.270262649e+01 +8.8739e-02 +2.9554e-01 -6.9294e-02 -3.0472e-01 +2.1491e-01 +1.0887e-01 -4.3768e-01 +5.9609e-03 -5.6498e-01 -1.4916e-01
10 0 +3.451888952e+00 +3.225188895e+01 +3.225188895e+01 -3.7093e-02 -1.6093e-01 -3.1952e-01 +1.7388e-01 -7.8442e-02 +1.0896e-01 +2.0243e-01 -3.9374e-02 -9.3606e-02 -2.1021e-01
72 0 +2.709065021e+00 +3.150906502e+01 +3.150906502e+01 -2.1279e-01 -4.1863e-01 -1.6980e-01 -6.1594e-01 +6.1407e-03 -4.6675e-01 +3.4916e-01 +5.7646e-01 +4.5904e-01 -2.0820e-01
405 0 +2.645166522e+00 +3.144516652e+01 +3.144516652e+01 +1.9490e-01 +5.4261e-01 -1.8339e-01 -2.2968e-01 +2.3731e-01 -4.2862e-01 +4.3713e-01 -9.1632e-02 +9.1581e-02 -4.6627e-01
498 0 +1.807603126e+00 +3.060760313e+01 +3.060760313e+01 +1.1324e-01 +5.3245e-01 -8.1954e-02 -3.0232e-01 +2.2603e-01 -4.3006e-01 +3.6164e-01 -1.2446e-01 +9.7394e-02 -4.6419e-01
512 0 +1.447700534e+00 +3.024770053e+01 +3.024770053e+01 +1.2047e-01 +5.1816e-01 -5.6507e-02 -2.8620e-01 +2.1001e-01 -4.1227e-01 +3.6057e-01 -1.0638e-01 +1.0254e-01 -4.6503e-01
658 0 +1.337082391e+00 +3.013708239e+01 +3.013708239e+01 +1.0850e-01 +5.2732e-01 -7.5599e-02 -2.7737e-01 +2.3888e-01 -4.3676e-01 +3.8454e-01 -1.0444e-01 +1.1146e-01 -4.5909e-01
671 0 +8.454578396e-01 +2.964545784e+01 +2.964545784e+01 +1.1166e-01 +5.3092e-01 -7.8659e-02 -2.8178e-01 +2.3445e-01 -4.3200e-01 +3.7564e-01 -1.0576e-01 +1.1393e-01 -4.5560e-01
676 0 +6.790744931e-01 +2.947907449e+01 +2.947907449e+01 +1.0703e-01 +5.2498e-01 -7.4994e-02 -2.7772e-01 +2.2770e-01 -4.3059e-01 +3.7279e-01 -1.1209e-01 +1.0487e-01 -4.5448e-01
735 0 +6.498564585e-01 +2.944985646e+01 +2.944985646e+01 +1.0691e-01 +5.2789e-01 -7.4604e-02 -2.7749e-01 +2.3214e-01 -4.2815e-01 +3.7683e-01 -1.0774e-01 +1.0482e-01 -4.6001e-01
752 0 +6.343132286e-01 +2.943431323e+01 +2.943431323e+01 +1.0466e-01 +5.2855e-01 -7.4336e-02 -2.7756e-01 +2.3508e-01 -4.2724e-01 +3.8195e-01 -1.0965e-01 +1.0445e-01 -4.6145e-01
759 0 +5.836549892e-01 +2.938365499e+01 +2.938365499e+01 +1.0696e-01 +5.2820e-01 -7.6925e-02 -2.7792e-01 +2.3288e-01 -4.2887e-01 +3.7941e-01 -1.0889e-01 +1.0506e-01 -4.6032e-01
802 0 +5.454797278e-01 +2.934547973e+01 +2.934547973e+01 +1.0709e-01 +5.2783e-01 -7.5928e-02 -2.7755e-01 +2.3407e-01 -4.2841e-01 +3.7986e-01 -1.0934e-01 +1.0478e-01 -4.6008e-01
851 0 +5.358549910e-01 +2.933585499e+01 +2.933585499e+01 +1.0706e-01 +5.2724e-01 -7.6516e-02 -2.7762e-01 +2.3449e-01 -4.2884e-01 +3.7987e-01 -1.0912e-01 +1.0534e-01 -4.5875e-01
870 0 +5.211748132e-01 +2.932117481e+01 +2.932117481e+01 +1.0791e-01 +5.2699e-01 -7.6268e-02 -2.7809e-01 +2.3505e-01 -4.2921e-01 +3.8000e-01 -1.0907e-01 +1.0548e-01 -4.5950e-01
882 0 +5.128043309e-01 +2.931280433e+01 +2.931280433e+01 +1.0784e-01 +5.2707e-01 -7.6691e-02 -2.7830e-01 +2.3514e-01 -4.2893e-01 +3.8036e-01 -1.0894e-01 +1.0576e-01 -4.5928e-01
910 0 +4.985320337e-01 +2.929853203e+01 +2.929853203e+01 +1.0813e-01 +5.2689e-01 -7.7079e-02 -2.7821e-01 +2.3556e-01 -4.2943e-01 +3.8120e-01 -1.0870e-01 +1.0541e-01 -4.5981e-01
946 0 +4.832568513e-01 +2.928325685e+01 +2.928325685e+01 +1.0858e-01 +5.2650e-01 -7.7567e-02 -2.7823e-01 +2.3553e-01 -4.2980e-01 +3.8183e-01 -1.0921e-01 +1.0494e-01 -4.5937e-01
963 0 +4.666908075e-01 +2.926669081e+01 +2.926669081e+01 +1.0927e-01 +5.2616e-01 -7.7847e-02 -2.7814e-01 +2.3649e-01 -4.3020e-01 +3.8239e-01 -1.0880e-01 +1.0530e-01 -4.5974e-01
993 0 +4.556916653e-01 +2.925569167e+01 +2.925569167e+01 +1.0963e-01 +5.2579e-01 -7.8739e-02 -2.7837e-01 +2.3662e-01 -4.3021e-01 +3.8264e-01 -1.0903e-01 +1.0500e-01 -4.6010e-01
996 0 +4.452398575e-01 +2.924523986e+01 +2.924523986e+01 +1.1038e-01 +5.2553e-01 -7.8958e-02 -2.7796e-01 +2.3727e-01 -4.3066e-01 +3.8317e-01 -1.0905e-01 +1.0542e-01 -4.5986e-01
1000 0 +4.452398575e-01 +2.924523986e+01 +2.924523986e+01 +1.1038e-01 +5.2553e-01 -7.8958e-02 -2.7796e-01 +2.3727e-01 -4.3066e-01 +3.8317e-01 -1.0905e-01 +1.0542e-01 -4.5986e-01
% f evaluations | g evaluations | best noise-free fitness - Fopt (3.534000000000e+01) + sum g_i+ | measured fitness | best measured fitness or single-digit g-values | x1 | x2...
1 0 +9.676946345e+00 +4.501694635e+01 +4.501694635e+01 -3.5448e-01 -5.2231e-01 -2.3835e-01 +1.5733e-01 +2.4530e-02 -2.5956e-01 +1.5974e-01 -4.9318e-01 -1.0890e-01 -5.4572e-01
2 0 +7.416130046e+00 +4.275613005e+01 +4.275613005e+01 -1.2867e-01 +5.4074e-01 -3.0403e-01 +1.1624e-01 +2.8488e-01 +1.6125e-02 +6.6374e-02 +7.7097e-02 -8.9212e-02 +8.9725e-03
16 0 +7.343358481e+00 +4.268335848e+01 +4.268335848e+01 +3.3154e-01 +5.7454e-01 -1.8284e-01 -9.7250e-02 -2.3342e-01 +2.2767e-01 -2.5555e-01 -1.9413e-01 -4.9899e-02 +4.7982e-01
17 0 +3.859580127e+00 +3.919958013e+01 +3.919958013e+01 +1.4765e-01 +7.5768e-01 -7.6294e-01 +6.0804e-02 +1.5402e-01 -2.9328e-01 +5.4967e-02 -1.6071e-01 +3.0606e-01 -4.1841e-01
200 0 +3.179979807e+00 +3.851997981e+01 +3.851997981e+01 +1.8496e-01 +9.1822e-01 +1.9542e-01 +2.5811e-01 +2.3503e-01 +2.0409e-01 +3.3015e-01 -1.7691e-01 +4.9281e-01 +6.7073e-02
325 0 +1.815871280e+00 +3.715587128e+01 +3.715587128e+01 -4.5080e-02 +5.2146e-01 +1.9997e-01 -1.2468e-01 +2.9737e-01 +1.6479e-01 +2.4572e-01 -3.9649e-02 +1.7402e-01 -3.6719e-01
507 0 +1.511034411e+00 +3.685103441e+01 +3.685103441e+01 -1.4940e-01 +4.0919e-01 +3.3074e-01 +9.3293e-03 +2.2214e-01 +1.1622e-01 +2.4602e-01 -8.4026e-02 +3.5151e-01 -4.5077e-01
550 0 +1.456555497e+00 +3.679655550e+01 +3.679655550e+01 -1.4710e-01 +4.2204e-01 +3.0907e-01 +1.9814e-02 +2.2613e-01 +1.1544e-01 +2.5237e-01 -1.0626e-01 +3.5856e-01 -4.4785e-01
557 0 +1.410055016e+00 +3.675005502e+01 +3.675005502e+01 -1.4519e-01 +4.1667e-01 +3.0935e-01 +1.9993e-02 +2.1605e-01 +1.0797e-01 +2.5476e-01 -1.0895e-01 +3.5584e-01 -4.4940e-01
564 0 +1.246446422e+00 +3.658644642e+01 +3.658644642e+01 -1.4178e-01 +4.1313e-01 +3.1598e-01 +6.6783e-03 +2.1129e-01 +1.1444e-01 +2.4809e-01 -9.8467e-02 +3.5790e-01 -4.4761e-01
583 0 +1.147772356e+00 +3.648777236e+01 +3.648777236e+01 -1.4181e-01 +4.1780e-01 +3.1746e-01 +6.3297e-04 +2.0946e-01 +1.1952e-01 +2.6297e-01 -1.0528e-01 +3.5894e-01 -4.3989e-01
584 0 +1.041992609e+00 +3.638199261e+01 +3.638199261e+01 -1.3822e-01 +4.1411e-01 +3.0926e-01 +1.4092e-02 +2.1263e-01 +1.1176e-01 +2.5960e-01 -1.0321e-01 +3.5030e-01 -4.5442e-01
587 0 +9.106610301e-01 +3.625066103e+01 +3.625066103e+01 -1.4720e-01 +4.1206e-01 +3.1936e-01 +1.1256e-02 +2.1095e-01 +1.1203e-01 +2.6213e-01 -1.0760e-01 +3.5524e-01 -4.4290e-01
598 0 +7.563647069e-01 +3.609636471e+01 +3.609636471e+01 -1.4300e-01 +4.0514e-01 +3.2064e-01 +1.4254e-02 +2.1007e-01 +1.1337e-01 +2.5711e-01 -1.0627e-01 +3.5354e-01 -4.4902e-01
630 0 +5.911404590e-01 +3.593114046e+01 +3.593114046e+01 -1.4078e-01 +4.0946e-01 +3.1649e-01 +1.1937e-02 +2.0849e-01 +1.0659e-01 +2.6975e-01 -1.0693e-01 +3.6138e-01 -4.5074e-01
654 0 +4.863471964e-01 +3.582634720e+01 +3.582634720e+01 -1.4186e-01 +4.0944e-01 +3.2404e-01 +9.7025e-03 +2.0696e-01 +1.0733e-01 +2.6549e-01 -1.0965e-01 +3.6290e-01 -4.4905e-01
669 0 +4.720447959e-01 +3.581204480e+01 +3.581204480e+01 -1.4011e-01 +4.1156e-01 +3.2295e-01 +1.1160e-02 +2.0838e-01 +1.0783e-01 +2.6638e-01 -1.0786e-01 +3.6573e-01 -4.5012e-01
681 0 +4.421123393e-01 +3.578211234e+01 +3.578211234e+01 -1.3991e-01 +4.0987e-01 +3.2174e-01 +9.5090e-03 +2.0247e-01 +1.0658e-01 +2.6596e-01 -1.0966e-01 +3.6292e-01 -4.4993e-01
691 0 +4.341212236e-01 +3.577412122e+01 +3.577412122e+01 -1.3979e-01 +4.0406e-01 +3.2301e-01 +8.6611e-03 +2.0222e-01 +1.0654e-01 +2.6385e-01 -1.0673e-01 +3.6098e-01 -4.5011e-01
694 0 +4.099272401e-01 +3.574992724e+01 +3.574992724e+01 -1.3806e-01 +4.0601e-01 +3.2605e-01 +9.6725e-03 +2.0271e-01 +1.0667e-01 +2.6678e-01 -1.0710e-01 +3.6412e-01 -4.5085e-01
702 0 +3.879373332e-01 +3.572793733e+01 +3.572793733e+01 -1.3826e-01 +4.0804e-01 +3.2335e-01 +8.3412e-03 +2.0503e-01 +1.0630e-01 +2.6674e-01 -1.0844e-01 +3.6505e-01 -4.5291e-01
751 0 +3.796021326e-01 +3.571960213e+01 +3.571960213e+01 -1.3999e-01 +4.0737e-01 +3.2736e-01 +7.4319e-03 +2.0340e-01 +1.0909e-01 +2.6782e-01 -1.0738e-01 +3.6326e-01 -4.5367e-01
767 0 +3.713531796e-01 +3.571135318e+01 +3.571135318e+01 -1.3943e-01 +4.0677e-01 +3.2926e-01 +6.5551e-03 +2.0192e-01 +1.0831e-01 +2.6883e-01 -1.0741e-01 +3.6425e-01 -4.5148e-01
794 0 +3.614052015e-01 +3.570140520e+01 +3.570140520e+01 -1.3863e-01 +4.0784e-01 +3.2808e-01 +6.1892e-03 +1.9977e-01 +1.0738e-01 +2.7050e-01 -1.0783e-01 +3.6429e-01 -4.5345e-01
827 0 +3.531396028e-01 +3.569313960e+01 +3.569313960e+01 -1.3821e-01 +4.0701e-01 +3.2733e-01 +5.0582e-03 +1.9991e-01 +1.0713e-01 +2.7091e-01 -1.0833e-01 +3.6377e-01 -4.5305e-01
896 0 +3.460024818e-01 +3.568600248e+01 +3.568600248e+01 -1.3885e-01 +4.0771e-01 +3.2715e-01 +5.3724e-03 +1.9985e-01 +1.0757e-01 +2.7234e-01 -1.0898e-01 +3.6429e-01 -4.5374e-01
1000 0 +3.412486649e-01 +3.568124866e+01 +3.568124866e+01 -1.3879e-01 +4.0754e-01 +3.2725e-01 +4.8893e-03 +1.9909e-01 +1.0737e-01 +2.7358e-01 -1.0942e-01 +3.6478e-01 -4.5415e-01
