% f evaluations | g evaluations | best noise-free fitness - Fopt (-1.025500000000e+02) + sum g_i+ | measured fitness | best measured fitness or single-digit g-values | x1 | x2...
1 0 +5.402570412e+00 -9.714742959e+01 -9.714742959e+01 +2.1362e-01 +7.3263e-02 +7.6698e-02 +2.5932e-01 -3.1979e-01 -1.0417e-01 +2.4337e-01 -3.0532e-02 +1.2749e-01 -1.1324e-01 +1.4851e-01 -5.9204e-02 -1.7615e-01 +9.7570e-02 -1.8352e-01 +2.1097e-01 +3.4923e-01 +3.6867e-01 +2.8503e-01 -2.8300e-02
45 0 +5.332954305e+00 -9.721704569e+01 -9.721704569e+01 -1.1957e-01 -3.7649e-01 +5.4156e-01 -2.7042e-01 -1.7132e-01 +2.6337e-01 +7.0854e-01 +5.3482e-01 +3.5552e-02 +2.8642e-01 +2.7677e-02 +1.6343e-01 -4.7074e-01 +3.8219e-01 -1.1413e-01 -5.3208e-02 +3.3511e-01 +8.3672e-02 -2.9936e-01 -1.7638e-02
84 0 +5.024016631e+00 -9.752598337e+01 -9.752598337e+01 -9.1539e-02 -2.9796e-01 +4.3293e-01 +2.4581e-01 -5.8010e-01 -4.3928e-01 +6.3692e-01 +5.3118e-01 +3.6123e-03 +3.6027e-01 +4.7611e-02 +4.7375e-01 -5.9713e-01 +7.3458e-02 +6.2325e-01 +5.7016e-01 +1.5943e-02 +5.9006e-01 -3.1530e-01 +1.9801e-01
407 0 +4.819131238e+00 -9.773086876e+01 -9.773086876e+01 -4.8046e-01 -4.3202e-01 +2.7573e-01 +4.3328e-01 +4.2634e-01 -2.5118e-01 -4.0754e-01 -4.0816e-01 -6.0121e-01 +3.5314e-01 -3.3964e-01 -3.5534e-01 -1.8594e-01 -8.9852e-02 +2.1745e-01 -2.5286e-01 -1.1552e-01 -8.0528e-02 -7.5225e-01 +5.7983e-01
1246 0 +3.803661104e+00 -9.874633890e+01 -9.874633890e+01 +2.3719e-01 +1.9567e-01 +5.4035e-01 -1.0516e-01 -7.5326e-01 +9.9323e-02 -1.2695e-01 +1.4645e-01 -2.4768e-02 -2.4932e-01 -1.5069e-01 -2.7817e-01 +2.2357e-01 -2.2797e-01 +9.7213e-02 -1.7067e-01 -4.7572e-01 -7.9913e-02 +5.5602e-02 +2.1657e-01
2016 0 +3.803661104e+00 -9.874633890e+01 -9.874633890e+01 +2.3719e-01 +1.9567e-01 +5.4035e-01 -1.0516e-01 -7.5326e-01 +9.9323e-02 -1.2695e-01 +1.4645e-01 -2.4768e-02 -2.4932e-01 -1.5069e-01 -2.7817e-01 +2.2357e-01 -2.2797e-01 +9.7213e-02 -1.7067e-01 -4.7572e-01 -7.9913e-02 +5.5602e-02 +2.1657e-01
% f evaluations | g evaluations | best noise-free fitness - Fopt (7.169000000000e+01) + sum g_i+ | measured fitness | best measured fitness or single-digit g-values | x1 | x2...
1 0 +9.477439979e+00 +8.116743998e+01 +8.116743998e+01 -8.4069e-03 -3.5051e-01 +6.7212e-02 -2.3150e-02 +3.6331e-01 +1.4665e-01 -9.8781e-02 -6.1489e-01 -2.8175e-01 +5.0445e-01 +7.6994e-02 -4.1798e-01 -2.3517e-01 -9.9547e-02 -4.0323e-02 +3.1078e-01 +1.3972e-01 -2.1762e-01 +2.6986e-03 +2.7195e-02
2 0 +8.521235580e+00 +8.021123558e+01 +8.021123558e+01 -3.3863e-03 -4.0870e-01 +5.2156e-02 -2.1834e-01 +1.6889e-01 -7.8407e-01 -9.9252e-02 +2.0914e-01 -1.6897e-01 -8.6496e-02 +3.8479e-01 +9.2725e-03 -2.0193e-01 +2.2348e-01 -1.0821e-01 -7.9109e-01 +1.1203e-01 -1.4835e-01 +1.7818e-01 +3.5654e-01
6 0 +7.067193791e+00 +7.875719379e+01 +7.875719379e+01 -4.8297e-01 +3.1280e-01 +2.4911e-01 -2.7355e-01 +1.0911e-01 +2.2731e-01 +1.7392e-01 +1.0393e-01 -8.1718e-02 +1.6522e-01 -2.0685e-01 -1.5639e-01 -1.1310e-01 -4.2736e-01 +1.7181e-01 +1.9801e-01 -2.3262e-01 -4.5506e-02 +2.8512e-01 +7.2686e-02
8 0 +5.554013503e+00 +7.724401350e+01 +7.724401350e+01 -6.7633e-02 +6.3405e-02 -6.0761e-01 -1.9453e-01 -4.0676e-01 -2.0506e-01 -2.9383e-01 -1.3139e-01 +5.8339e-02 -1.1586e-01 +2.4288e-01 +1.7438e-01 -4.3239e-01 -1.4196e-01 -1.6758e-01 -2.4997e-01 +4.2221e-01 -3.6243e-02 +2.8918e-03 -1.4184e-01
838 0 +5.221003432e+00 +7.691100343e+01 +7.691100343e+01 +8.1527e-01 -1.9486e-02 +4.2380e-01 -2.2296e-01 -1.3824e-01 +7.4359e-02 +9.5923e-02 -1.1377e-01 -1.7441e-01 -2.6974e-01 +5.2558e-01 -1.3562e-01 +3.6460e-01 -2.9542e-02 -7.6277e-01 -3.3142e-01 -2.0165e-01 -9.8033e-02 +9.6283e-02 -1.1125e-01
956 0 +5.022683430e+00 +7.671268343e+01 +7.671268343e+01 +4.7085e-01 -5.5966e-01 -9.4863e-02 -3.0953e-01 +2.0240e-02 +4.5339e-01 +2.9082e-01 +1.4974e-01 -3.8260e-01 -6.1861e-01 -1.0801e-01 -2.7742e-01 +3.4203e-01 +1.4384e-02 -2.8574e-01 -2.4150e-01 -3.1101e-01 +1.4857e-01 +4.1413e-01 -1.6422e-01
957 0 +3.788571678e+00 +7.547857168e+01 +7.547857168e+01 +4.6112e-01 -2.6601e-01 -2.1540e-01 -4.3351e-01 -1.7691e-01 +3.4430e-01 +4.2144e-01 +3.6292e-01 -3.1540e-01 -7.4887e-01 -2.0693e-01 -2.8209e-01 +1.4628e-01 -2.4402e-01 -4.3902e-01 -2.2387e-01 -4.3707e-01 +6.1141e-02 +1.0052e-01 -3.9851e-01
1846 0 +3.540265880e+00 +7.523026588e+01 +7.523026588e+01 +7.9309e-01 -6.7548e-02 -7.0966e-02 -2.6243e-01 -2.3681e-01 -9.2696e-02 +9.7905e-02 +1.7595e-01 -3.4864e-01 -6.5795e-01 -1.7669e-01 -2.5755e-02 +1.3983e-01 -4.2647e-02 -7.7875e-01 -4.6992e-01 -2.7831e-01 +2.2552e-01 +8.6054e-02 -1.2799e-01
2004 0 +3.540265880e+00 +7.523026588e+01 +7.523026588e+01 +7.9309e-01 -6.7548e-02 -7.0966e-02 -2.6243e-01 -2.3681e-01 -9.2696e-02 +9.7905e-02 +1.7595e-01 -3.4864e-01 -6.5795e-01 -1.7669e-01 -2.5755e-02 +1.3983e-01 -4.2647e-02 -7.7875e-01 -4.6992e-01 -2.7831e-01 +2.2552e-01 +8.6054e-02 -1.2799e-01
% f evaluations | g evaluations | best noise-free fitness - Fopt (2.140100000000e+02) + sum g_i+ | measured fitness | best measured fitness or single-digit g-values | x1 | x2...
1 0 +1.026410600e+01 +2.242741060e+02 +2.242741060e+02 +6.9968e-01 -2.1477e-02 +1.2029e-01 -5.3905e-01 +1.0501e-01 -3.4185e-01 +1.5495e-01 -8.9529e-02 -9.2920e-02 -2.3854e-01 +9.8042e-02 -3.8310e-01 +3.1959e-01 +5.1224e-01 +2.0849e-01 +3.1708e-02 +1.7506e-01 -9.1685e-02 -5.4326e-01 -1.5946e-01
3 0 +7.448596865e+00 +2.214585969e+02 +2.214585969e+02 +2.0085e-01 -2.1925e-02 -7.0796e-02 +2.3038e-01 +3.0813e-01 -1.1552e-01 -1.8510e-01 -3.5530e-01 +1.4227e-01 -6.3137e-01 -2.5247e-01 +6.9826e-01 -7.9866e-01 -6.6108e-02 -2.5335e-01 +1.5504e-01 +3.5300e-01 +2.6739e-01 -7.5128e-02 +2.2600e-01
5 0 +6.831474582e+00 +2.208414746e+02 +2.208414746e+02 -3.2057e-01 +1.8721e-02 -3.8856e-01 -2.8284e-01 +7.5212e-02 +2.3709e-01 +1.0805e-01 -1.5104e-01 +6.7589e-01 -1.0393e-01 -4.3122e-01 +1.3224e-01 -2.6914e-01 -7.2872e-02 -1.5082e-02 +4.2495e-02 -3.5027e-01 -5.5290e-02 -2.3105e-01 -2.7940e-01
45 0 +4.656585145e+00 +2.186665851e+02 +2.186665851e+02 +7.7173e-01 -3.5777e-01 -4.0380e-01 -9.9984e-01 +1.9227e-01 +5.3600e-02 -2.0527e-01 -5.9704e-02 +3.0340e-01 -9.5732e-02 +4.2648e-01 +3.9485e-01 +7.1012e-01 -3.4638e-01 -1.4193e-01 -4.9820e-01 -3.9551e-01 +4.2988e-01 +3.5702e-01 +7.9489e-02
821 0 +4.011608698e+00 +2.180216087e+02 +2.180216087e+02 -5.1003e-01 +6.6430e-02 -1.4090e-01 +1.3976e-01 -5.9233e-01 -4.0456e-01 -1.3915e-01 +7.2936e-02 +2.4032e-01 -1.0724e-01 +9.4931e-02 -3.9606e-01 -2.0553e-01 -3.4608e-01 +1.7490e-01 -1.0754e-01 -1.1985e+00 +4.7431e-01 -1.8989e-01 +6.6032e-01
1827 0 +3.384283386e+00 +2.173942834e+02 +2.173942834e+02 -1.7335e-01 +1.7514e-01 -3.1216e-03 -8.2965e-02 +1.7795e-01 -5.4736e-03 +3.6044e-02 -2.8623e-02 +2.5656e-01 -5.5178e-01 +3.2868e-01 -1.7631e-01 -2.0072e-01 -7.2029e-01 +1.9650e-01 -2.3831e-01 -3.3431e-01 +3.6306e-02 -2.6926e-01 +3.2159e-01
2016 0 +3.384283386e+00 +2.173942834e+02 +2.173942834e+02 -1.7335e-01 +1.7514e-01 -3.1216e-03 -8.2965e-02 +1.7795e-01 -5.4736e-03 +3.6044e-02 -2.8623e-02 +2.5656e-01 -5.5178e-01 +3.2868e-01 -1.7631e-01 -2.0072e-01 -7.2029e-01 +1.9650e-01 -2.3831e-01 -3.3431e-01 +3.6306e-02 -2.6926e-01 +3.2159e-01
% f evaluations | g evaluations | best noise-free fitness - Fopt (-5.848000000000e+01) + sum g_i+ | measured fitness | best measured fitness or single-digit g-values | x1 | x2...
1 0 +9.348859122e+00 -4.913114088e+01 -4.913114088e+01 -3.0590e-01 +3.4794e-02 +2.3920e-01 +5.0397e-01 +1.0193e-01 -2.3584e-02 -3.3754e-01 +4.4445e-01 -1.1563e-01 -2.8076e-01 -8.0014e-01 +3.4925e-01 +2.3214e-01 -1.6026e-01 -1.2222e-01 +3.6003e-01 +5.4230e-01 -7.8690e-02 +3.3454e-01 -4.7050e-04
4 0 +6.098706889e+00 -5.238129311e+01 -5.238129311e+01 -5.0534e-03 -3.5488e-01 +1.8518e-01 +4.9496e-02 -5.2829e-01 -7.0458e-01 +6.8477e-01 -2.6481e-01 +1.7233e-01 +6.6627e-01 -3.1726e-01 -2.1759e-01 -2.1708e-01 -1.7092e-01 -1.8097e-02 +3.2191e-01 -1.3219e-01 +7.5417e-01 +2.8215e-01 +4.7299e-02
21 0 +5.439196804e+00 -5.304080320e+01 -5.304080320e+01 +2.0243e-01 +5.8349e-03 +3.2964e-01 +6.0089e-02 +3.2088e-01 -4.5029e-02 +3.7304e-01 -1.4432e-01 -2.5550e-02 +6.0625e-01 -1.0891e-02 +3.5298e-01 -3.3907e-01 -3.9138e-01 -2.4786e-01 +5.1556e-02 +1.6764e-01 +5.3399e-01 +2.5880e-01 -1.9616e-01
57 0 +5.132511055e+00 -5.334748895e+01 -5.334748895e+01 -1.4044e-01 +5.4754e-01 -1.2499e-01 +3.6693e-01 -9.8111e-01 +2.2844e-01 +4.3926e-01 +5.9215e-02 -5.8222e-01 +4.2798e-02 -1.7761e-02 +3.2632e-02 +6.1947e-01 -2.1895e-01 -2.2457e-01 +3.0886e-01 +5.0168e-02 +3.0302e-02 +2.5470e-01 -1.1588e-01
139 0 +4.245723914e+00 -5.423427609e+01 -5.423427609e+01 -2.6116e-01 +7.2304e-01 +1.9668e-01 +9.8594e-02 -4.0845e-01 +1.5022e-01 +3.3860e-01 -3.3046e-01 +3.1188e-01 -8.9042e-01 +4.4396e-01 +2.7794e-01 +5.5947e-01 +1.1310e-01 -6.6190e-02 +1.9805e-01 +8.3147e-01 -5.9357e-01 -2.2399e-01 +3.9354e-01
1041 0 +4.134300127e+00 -5.434569987e+01 -5.434569987e+01 -3.6186e-01 +1.7892e-01 -1.5382e-01 +9.6905e-02 +3.7850e-01 +2.8295e-01 -1.9454e-01 +4.2119e-01 +1.5812e-02 -4.7488e-01 +6.4878e-02 +2.1100e-01 -7.0933e-01 +5.5267e-01 -3.6286e-01 +5.8937e-01 -1.0271e-01 -2.1903e-01 +4.2350e-01 -1.8008e-01
1806 0 +4.048335655e+00 -5.443166435e+01 -5.443166435e+01 -3.4990e-01 +1.4242e-01 -1.6749e-01 +5.9042e-03 -8.5498e-02 +3.8128e-01 -3.5994e-01 +4.7161e-02 +9.6934e-02 -4.5883e-01 -2.2506e-01 +1.6674e-01 +3.9733e-01 +6.5228e-01 -6.2389e-01 -4.9672e-03 +2.0671e-01 +1.7919e-01 +1.7502e-01 +2.0845e-01
2016 0 +4.048335655e+00 -5.443166435e+01 -5.443166435e+01 -3.4990e-01 +1.4242e-01 -1.6749e-01 +5.9042e-03 -8.5498e-02 +3.8128e-01 -3.5994e-01 +4.7161e-02 +9.6934e-02 -4.5883e-01 -2.2506e-01 +1.6674e-01 +3.9733e-01 +6.5228e-01 -6.2389e-01 -4.9672e-03 +2.0671e-01 +1.7919e-01 +1.7502e-01 +2.0845e-01
% f evaluations | g evaluations | best noise-free fitness - Fopt (-6.130800000000e+02) + sum g_i+ | measured fitness | best measured fitness or single-digit g-values | x1 | x2...
1 0 +1.049710909e+01 -6.025828909e+02 -6.025828909e+02 -2.5592e-01 +3.7373e-02 -1.0010e-01 -4.3447e-01 -4.5021e-01 +1.2547e-01 +5.9946e-02 +3.0887e-01 +1.9866e-01 +3.3266e-01 +1.7644e-02 -6.2466e-02 +4.8800e-01 -1.8584e-01 -2.7066e-01 +3.2690e-01 -1.8446e-01 +2.0261e-01 +4.9086e-02 +9.3460e-02
2 0 +9.445410496e+00 -6.036345895e+02 -6.036345895e+02 -1.6516e-01 +3.0838e-01 +4.9944e-02 +2.3706e-01 +2.4842e-01 -4.7733e-01 -2.2180e-02 +1.2766e-01 -1.6942e-01 +9.5583e-02 -4.9640e-01 -5.6730e-02 -1.3025e-01 +1.6813e-01 +1.8247e-01 +2.2074e-01 +3.5658e-01 +1.2287e-02 +9.0656e-02 -1.9725e-01
4 0 +8.452046639e+00 -6.046279534e+02 -6.046279534e+02 +1.6942e-01 -1.8071e-01 +4.0486e-01 -3.6134e-01 +2.1621e-01 -3.2285e-01 -4.4096e-01 +2.8083e-01 +5.8288e-01 +1.6732e-01 +3.6058e-01 +8.7702e-02 +3.0592e-03 +2.7367e-01 -7.4996e-01 +7.9522e-02 +2.3910e-01 -3.5807e-01 +3.4210e-01 +6.9038e-02
8 0 +7.705711927e+00 -6.053742881e+02 -6.053742881e+02 +5.1756e-01 +3.2685e-01 +2.7988e-01 -3.4487e-01 +1.0983e-02 -1.8183e-02 +2.8924e-02 -2.2026e-01 +1.1290e-01 +2.1777e-01 -5.8016e-02 -2.5795e-02 -4.5390e-01 +2.6178e-01 +4.5857e-01 -2.9728e-01 -1.6724e-01 -1.2295e-01 +3.1093e-01 +2.3164e-02
10 0 +7.131794635e+00 -6.059482054e+02 -6.059482054e+02 +8.8603e-02 -1.0295e-01 -1.1212e-01 +1.8946e-01 -1.0708e-01 +2.2663e-01 -1.9249e-01 +2.0212e-01 -1.2597e-01 +1.2906e-01 -3.6825e-01 -5.2252e-01 +3.2401e-01 +2.6507e-02 +2.4381e-01 +4.8687e-01 +4.6737e-01 -1.7371e-01 +3.8726e-01 +5.9056e-01
15 0 +6.138848602e+00 -6.069411514e+02 -6.069411514e+02 +3.6621e-01 -1.7085e-01 +4.0622e-01 +3.7458e-01 -4.3225e-02 -2.4877e-01 -3.5005e-01 +2.3818e-01 +1.4670e-02 +3.8190e-01 +2.5631e-02 +3.3965e-01 -2.6931e-01 +4.5003e-01 +2.8440e-01 -2.2537e-02 +1.1562e-01 -3.3333e-01 -1.2947e-01 -5.3210e-02
31 0 +5.390980663e+00 -6.076890193e+02 -6.076890193e+02 +7.2116e-01 -3.9692e-01 +3.4078e-01 +3.5586e-01 +3.8766e-01 -1.2964e-01 -4.6996e-01 -6.9142e-02 -4.2106e-01 +4.8656e-01 -2.6846e-02 -2.1610e-01 +6.0060e-02 +5.7661e-01 +1.1438e-01 -3.9378e-01 +5.8277e-01 -2.9781e-01 +4.9696e-01 -1.0682e-01
927 0 +5.364658667e+00 -6.077153413e+02 -6.077153413e+02 -2.1056e-01 -4.8855e-01 -2.0937e-01 -1.3040e-01 +7.2089e-02 +2.9572e-01 -4.3188e-02 -1.6543e-02 +1.2153e-01 +3.4837e-01 +3.7302e-01 -1.2168e-02 -2.0246e-02 -4.3866e-01 -1.3506e-01 -8.1865e-02 +1.2458e-01 +4.9584e-02 -3.5485e-01 -3.0055e-01
936 0 +4.976860667e+00 -6.081031393e+02 -6.081031393e+02 +2.0150e-02 +3.1003e-01 -3.2078e-01 +3.0903e-01 +4.6640e-01 +7.7148e-02 +4.4712e-01 -2.2496e-01 +2.8317e-01 -2.3033e-01 +1.7235e-01 -1.9900e-01 -3.7209e-01 -2.1758e-01 -2.0254e-01 -9.2804e-02 -5.1487e-02 -1.9972e-02 -5.6026e-01 -2.6372e-01
1239 0 +4.210832819e+00 -6.088691672e+02 -6.088691672e+02 -3.3376e-02 -3.5052e-02 -5.9291e-01 +3.0632e-01 +3.2652e-01 +4.4125e-01 -2.1833e-02 +9.3934e-02 +2.9665e-01 +3.4169e-01 +1.2391e-01 +2.1289e-01 -9.6895e-02 -4.8402e-01 -1.9866e-02 -3.9932e-01 +1.9956e-02 +9.0637e-02 -3.5506e-01 -1.5349e-01
1690 0 +4.060451017e+00 -6.090195490e+02 -6.090195490e+02 +1.4700e-01 +2.0078e-01 -4.1464e-01 +2.2049e-01 +1.5049e-01 +5.1126e-01 +2.4049e-01 -6.0883e-02 +3.2748e-01 +1.4150e-01 +1.3961e-01 +1.0495e-01 -3.6912e-01 -4.2218e-01 +2.5926e-01 -2.1729e-01 -4.6458e-03 +7.1535e-02 -3.7852e-01 -4.6389e-02
1816 0 +3.910399923e+00 -6.091696001e+02 -6.091696001e+02 +1.0026e-01 +1.8928e-01 -5.0960e-01 +2.6530e-01 +2.0098e-01 +4.7867e-01 +1.6434e-01 -2.8655e-03 +4.0929e-01 +6.2576e-02 +7.1601e-02 +3.0871e-02 -4.0565e-01 -4.7303e-01 +3.0418e-01 -2.1099e-01 -1.2374e-01 +1.1864e-01 -2.9025e-01 -4.1322e-02
1867 0 +3.147605191e+00 -6.099323948e+02 -6.099323948e+02 +8.6173e-02 +1.8347e-01 -4.2221e-01 +2.2709e-01 +1.3695e-01 +5.1436e-01 +2.2663e-01 +2.0031e-02 +4.0861e-01 +3.5574e-02 +1.0289e-01 +5.7267e-02 -3.9981e-01 -4.1519e-01 +2.8669e-01 -2.1339e-01 -1.8432e-01 +5.5915e-02 -3.5819e-01 -1.1808e-01
1917 0 +3.061208714e+00 -6.100187913e+02 -6.100187913e+02 +4.4576e-02 +2.1816e-01 -4.2781e-01 +2.3937e-01 +1.8791e-01 +5.8997e-01 +1.6496e-01 -1.8303e-02 +3.4627e-01 +9.1970e-02 +1.1237e-01 +1.3707e-01 -3.8045e-01 -3.5452e-01 +3.2894e-01 -2.2719e-01 -1.1479e-01 +8.5165e-02 -3.3780e-01 -5.8997e-02
2004 0 +3.061208714e+00 -6.100187913e+02 -6.100187913e+02 +4.4576e-02 +2.1816e-01 -4.2781e-01 +2.3937e-01 +1.8791e-01 +5.8997e-01 +1.6496e-01 -1.8303e-02 +3.4627e-01 +9.1970e-02 +1.1237e-01 +1.3707e-01 -3.8045e-01 -3.5452e-01 +3.2894e-01 -2.2719e-01 -1.1479e-01 +8.5165e-02 -3.3780e-01 -5.8997e-02
% f evaluations | g evaluations | best noise-free fitness - Fopt (6.189000000000e+01) + sum g_i+ | measured fitness | best measured fitness or single-digit g-values | x1 | x2...
1 0 +1.187116285e+01 +7.376116285e+01 +7.376116285e+01 +3.2620e-01 +5.1847e-01 +9.8735e-02 -1.0054e-01 +3.2968e-01 -3.2204e-01 +2.8298e-01 -2.2587e-01 +1.9167e-01 +5.2546e-02 -4.4868e-01 -6.0974e-01 -6.3991e-01 -1.3942e-01 -1.7328e-01 +8.4751e-02 +6.9213e-02 +2.7137e-01 +3.3583e-02 +3.6233e-01
2 0 +9.617906843e+00 +7.150790684e+01 +7.150790684e+01 -1.5528e-01 +7.9338e-02 +1.6811e-01 +4.4932e-01 -7.2959e-01 +3.3371e-01 +1.7631e-01 -4.3983e-01 +1.6328e-01 -2.8280e-01 -1.3300e-01 +2.3370e-01 -5.2200e-03 +1.2565e-03 +3.1403e-01 -3.9401e-01 +1.5711e-01 +2.7811e-01 +6.5586e-01 +1.9187e-01
4 0 +6.525651624e+00 +6.841565162e+01 +6.841565162e+01 -2.9921e-01 +3.3015e-01 +6.4949e-02 +6.5504e-01 +3.5189e-01 -4.4075e-02 -7.9265e-02 +5.4037e-01 +2.6742e-02 +1.8430e-01 +4.5846e-02 -2.3357e-01 +3.5461e-01 -3.1117e-01 -3.7503e-01 +5.3389e-02 +4.3075e-01 +4.6755e-01 +6.1562e-02 +3.4422e-01
41 0 +5.433861607e+00 +6.732386161e+01 +6.732386161e+01 -4.6013e-01 -3.7076e-01 +9.9605e-02 -2.5416e-01 +6.0272e-01 -5.0168e-01 +3.7010e-01 +4.8520e-01 -4.9985e-01 +5.1761e-01 -3.1976e-01 +5.9391e-02 +3.7995e-01 +2.6823e-01 -2.4312e-01 -3.6547e-01 -1.8323e-01 -3.2676e-01 -3.6598e-01 +7.4771e-02
606 0 +5.155087872e+00 +6.704508787e+01 +6.704508787e+01 -7.3150e-01 +1.3051e-01 -3.7490e-01 -6.5699e-01 +1.4201e+00 -3.2189e-01 +2.6599e-01 +8.0284e-01 +1.0971e-01 +3.0178e-01 -1.4945e-02 -9.7994e-01 +1.2388e-01 -5.3289e-01 -3.0709e-01 -1.6399e-01 +6.8418e-01 -9.8722e-01 +1.7674e-01 +6.8472e-01
698 0 +3.783283258e+00 +6.567328326e+01 +6.567328326e+01 -9.2180e-01 +3.0466e-01 -2.2882e-01 -5.8884e-01 +1.4969e+00 -4.0335e-01 +2.8218e-01 +6.8724e-01 +1.2558e-01 +2.1777e-01 -1.3753e-02 -1.0199e+00 +3.5482e-01 -4.1485e-01 -2.6929e-01 -2.9564e-01 +5.8271e-01 -9.0375e-01 +1.2215e-01 +5.7120e-01
1137 0 +3.304160142e+00 +6.519416014e+01 +6.519416014e+01 -9.9880e-01 +3.8726e-01 -2.0966e-01 -6.7647e-01 +1.3815e+00 -4.2296e-01 +4.3060e-01 +7.0882e-01 +7.2053e-02 +2.1046e-01 -6.7913e-02 -8.7189e-01 +2.9606e-01 -4.1040e-01 -2.2879e-01 -4.5692e-01 +6.3987e-01 -9.3039e-01 -1.8603e-01 +7.2541e-01
1297 0 +2.350522331e+00 +6.424052233e+01 +6.424052233e+01 -9.5553e-01 +3.7144e-01 -2.0457e-01 -6.4208e-01 +1.3816e+00 -4.0830e-01 +4.1231e-01 +7.3390e-01 +9.0621e-02 +2.0517e-01 -4.1892e-02 -8.6591e-01 +2.8885e-01 -4.3347e-01 -2.3001e-01 -4.5230e-01 +6.5187e-01 -9.0262e-01 -2.0298e-01 +7.6375e-01
1415 0 +2.137291498e+00 +6.402729150e+01 +6.402729150e+01 -9.4936e-01 +3.7978e-01 -2.1530e-01 -6.4872e-01 +1.3786e+00 -4.0785e-01 +4.1297e-01 +7.2569e-01 +7.8929e-02 +2.0392e-01 -7.0843e-02 -8.7761e-01 +2.8048e-01 -4.2001e-01 -2.2755e-01 -4.4890e-01 +6.5083e-01 -8.8691e-01 -2.1208e-01 +7.5670e-01
1561 0 +1.986209749e+00 +6.387620975e+01 +6.387620975e+01 -9.4910e-01 +3.7827e-01 -2.1243e-01 -6.3951e-01 +1.3764e+00 -4.0809e-01 +4.0764e-01 +7.3544e-01 +7.8716e-02 +2.0548e-01 -6.8721e-02 -8.7673e-01 +2.8177e-01 -4.1331e-01 -2.2215e-01 -4.5294e-01 +6.4963e-01 -8.8929e-01 -2.1061e-01 +7.5652e-01
1579 0 +1.840696220e+00 +6.373069622e+01 +6.373069622e+01 -9.4952e-01 +3.7898e-01 -2.1355e-01 -6.4094e-01 +1.3747e+00 -4.0947e-01 +4.0900e-01 +7.3303e-01 +8.0452e-02 +2.0301e-01 -6.8098e-02 -8.7706e-01 +2.8129e-01 -4.1379e-01 -2.2019e-01 -4.5501e-01 +6.4758e-01 -8.8859e-01 -2.1246e-01 +7.5530e-01
1609 0 +1.648984119e+00 +6.353898412e+01 +6.353898412e+01 -9.5115e-01 +3.8239e-01 -2.1402e-01 -6.3733e-01 +1.3748e+00 -4.0892e-01 +4.0660e-01 +7.3746e-01 +8.2661e-02 +2.0600e-01 -6.9847e-02 -8.7593e-01 +2.8217e-01 -4.1535e-01 -2.1930e-01 -4.5354e-01 +6.4776e-01 -8.8968e-01 -2.1121e-01 +7.5783e-01
1623 0 +1.587404632e+00 +6.347740463e+01 +6.347740463e+01 -9.5096e-01 +3.7976e-01 -2.1379e-01 -6.3664e-01 +1.3763e+00 -4.1041e-01 +4.0810e-01 +7.3645e-01 +8.3289e-02 +2.0315e-01 -6.8707e-02 -8.7485e-01 +2.8064e-01 -4.1307e-01 -2.1938e-01 -4.5455e-01 +6.4737e-01 -8.8943e-01 -2.1310e-01 +7.5792e-01
1635 0 +1.514456800e+00 +6.340445680e+01 +6.340445680e+01 -9.5008e-01 +3.8061e-01 -2.1391e-01 -6.3709e-01 +1.3786e+00 -4.0802e-01 +4.0805e-01 +7.3656e-01 +8.3040e-02 +2.0521e-01 -6.9999e-02 -8.7543e-01 +2.8172e-01 -4.1528e-01 -2.2128e-01 -4.5403e-01 +6.4856e-01 -8.8924e-01 -2.1126e-01 +7.5794e-01
1640 0 +1.169240274e+00 +6.305924027e+01 +6.305924027e+01 -9.5091e-01 +3.7934e-01 -2.1556e-01 -6.3730e-01 +1.3779e+00 -4.0974e-01 +4.0828e-01 +7.3738e-01 +8.4844e-02 +2.0396e-01 -6.9993e-02 -8.7455e-01 +2.8045e-01 -4.1487e-01 -2.1902e-01 -4.5222e-01 +6.4864e-01 -8.8817e-01 -2.1163e-01 +7.5818e-01
1697 0 +1.034101805e+00 +6.292410180e+01 +6.292410180e+01 -9.5088e-01 +3.8096e-01 -2.1332e-01 -6.3749e-01 +1.3756e+00 -4.0942e-01 +4.0890e-01 +7.3401e-01 +8.5478e-02 +2.0440e-01 -6.9917e-02 -8.7462e-01 +2.8187e-01 -4.1603e-01 -2.2018e-01 -4.5024e-01 +6.4712e-01 -8.8849e-01 -2.0966e-01 +7.5766e-01
2004 0 +1.034101805e+00 +6.292410180e+01 +6.292410180e+01 -9.5088e-01 +3.8096e-01 -2.1332e-01 -6.3749e-01 +1.3756e+00 -4.0942e-01 +4.0890e-01 +7.3401e-01 +8.5478e-02 +2.0440e-01 -6.9917e-02 -8.7462e-01 +2.8187e-01 -4.1603e-01 -2.2018e-01 -4.5024e-01 +6.4712e-01 -8.8849e-01 -2.0966e-01 +7.5766e-01
% f evaluations | g evaluations | best noise-free fitness - Fopt (-8.456000000000e+01) + sum g_i+ | measured fitness | best measured fitness or single-digit g-values | x1 | x2...
1 0 +7.923155770e+00 -7.663684423e+01 -7.663684423e+01 -1.4622e-01 -7.5973e-02 -4.8694e-01 +1.8896e-01 +3.2850e-01 -4.9023e-01 -3.1956e-01 -5.7824e-01 +9.4735e-03 +1.8407e-01 -2.7646e-01 +2.7942e-01 -3.5526e-01 -1.1599e-01 -3.2284e-02 +3.0724e-01 -4.9668e-02 -6.3159e-02 +2.6935e-01 -7.6702e-01
2 0 +6.752997939e+00 -7.780700206e+01 -7.780700206e+01 +2.5120e-01 -2.9606e-01 -6.1129e-01 +1.3916e-01 +8.7037e-02 -1.0172e-01 -1.8100e-01 -4.2926e-01 -2.0967e-01 -3.2473e-02 -1.0079e-01 -2.2818e-01 +1.0914e-01 +6.0219e-01 -1.0508e-01 +1.3864e-01 -2.1347e-01 +1.0765e-01 -2.2911e-01 -1.4231e-01
5 0 +5.511949807e+00 -7.904805019e+01 -7.904805019e+01 -3.6932e-01 +3.6183e-01 -2.8726e-01 +4.1220e-01 -1.4326e-01 +4.4742e-01 -3.8195e-01 -8.1034e-02 +3.9268e-01 -3.0417e-01 +2.6529e-01 +3.2715e-03 +2.1345e-01 +7.1982e-02 +3.4744e-01 +3.5367e-01 -4.6868e-01 +1.8055e-01 -1.6625e-01 +2.1631e-01
148 0 +4.567182400e+00 -7.999281760e+01 -7.999281760e+01 -3.0582e-02 -5.3728e-02 +6.4398e-02 +2.0852e-01 -1.5742e-01 +2.0523e-01 +1.0362e-02 +3.4882e-01 +1.1549e-01 +3.8209e-01 +7.0990e-02 -6.1527e-02 -3.3887e-01 -7.5612e-02 -1.1929e-01 -1.2905e-01 +3.1187e-03 -2.7831e-01 +1.0172e-01 -2.2492e-01
267 0 +4.151456072e+00 -8.040854393e+01 -8.040854393e+01 -1.2968e-01 +3.9315e-02 -5.4053e-02 +2.3946e-01 +5.6270e-01 -6.2792e-02 +8.1113e-02 -3.4568e-02 +1.9999e-01 -3.0464e-02 +4.2522e-01 +1.8764e-02 -3.2101e-01 -1.7738e-01 -3.9401e-01 +3.5673e-02 -1.5185e-01 -4.7059e-01 -1.9783e-01 +3.5415e-02
618 0 +3.877317713e+00 -8.068268229e+01 -8.068268229e+01 -1.8250e-01 +5.7856e-02 +5.3556e-02 +5.6961e-01 +5.1311e-01 -2.2303e-01 -2.5944e-01 +2.8751e-01 -2.1965e-01 +2.7801e-01 +2.5890e-01 +1.4117e-01 -1.7616e-01 -6.5653e-02 -7.1082e-02 -9.7859e-02 -1.4494e-01 -1.9895e-01 -2.8982e-01 -9.3148e-02
791 0 +3.615785815e+00 -8.094421418e+01 -8.094421418e+01 -1.2253e-01 -5.5526e-03 +6.0852e-02 +5.1134e-01 +4.1033e-01 -1.9065e-01 -2.9103e-01 +2.9498e-01 -2.6747e-01 +2.9376e-01 +2.6870e-01 +1.7053e-01 -1.6492e-01 -3.3284e-02 -2.2594e-02 -5.3798e-02 -1.5200e-01 -1.8679e-01 -2.4141e-01 -9.4523e-02
827 0 +3.533601798e+00 -8.102639820e+01 -8.102639820e+01 -1.4837e-01 +2.5787e-03 +5.4879e-02 +4.8577e-01 +4.1178e-01 -1.7415e-01 -2.5778e-01 +2.7337e-01 -2.1342e-01 +2.5354e-01 +2.5784e-01 +1.7922e-01 -1.7060e-01 -6.4363e-02 -7.9963e-02 -5.1419e-02 -1.4875e-01 -1.4176e-01 -2.1085e-01 -7.8009e-02
851 0 +3.435519099e+00 -8.112448090e+01 -8.112448090e+01 -1.7254e-01 -3.3592e-02 +4.9881e-02 +4.7754e-01 +4.3865e-01 -1.7020e-01 -2.8248e-01 +2.5396e-01 -2.6433e-01 +2.7777e-01 +2.3954e-01 +2.0184e-01 -1.3200e-01 -4.1160e-02 -7.5816e-02 -5.6301e-02 -1.5214e-01 -1.5581e-01 -2.2658e-01 -7.4783e-02
852 0 +2.512940204e+00 -8.204705980e+01 -8.204705980e+01 -1.4168e-01 -3.1323e-02 +5.4721e-02 +4.8511e-01 +4.0165e-01 -1.7947e-01 -3.0996e-01 +2.7149e-01 -2.7148e-01 +2.7961e-01 +2.3980e-01 +1.5120e-01 -1.7063e-01 -6.1448e-02 -8.3837e-02 -7.6223e-02 -1.5069e-01 -1.5902e-01 -2.5113e-01 -6.7920e-02
866 0 +1.824044658e+00 -8.273595534e+01 -8.273595534e+01 -1.8415e-01 -2.6548e-02 +2.9036e-02 +5.0895e-01 +4.2227e-01 -1.6217e-01 -3.0293e-01 +2.5347e-01 -2.3431e-01 +2.8935e-01 +2.7063e-01 +1.5549e-01 -1.4876e-01 -5.5109e-02 -1.0166e-01 -7.9815e-02 -1.2863e-01 -1.7713e-01 -2.2958e-01 -7.3859e-02
953 0 +1.570774895e+00 -8.298922511e+01 -8.298922511e+01 -1.7073e-01 -4.4193e-02 +3.9715e-02 +4.8926e-01 +4.2004e-01 -1.5979e-01 -2.9955e-01 +2.5106e-01 -2.6802e-01 +2.8228e-01 +2.3497e-01 +1.8391e-01 -1.4131e-01 -3.7593e-02 -1.1941e-01 -4.4761e-02 -1.1907e-01 -1.5777e-01 -2.1152e-01 -6.4521e-02
1012 0 +1.443689048e+00 -8.311631095e+01 -8.311631095e+01 -1.6829e-01 -3.5949e-02 +4.9242e-02 +4.9785e-01 +4.2546e-01 -1.6603e-01 -2.9766e-01 +2.5601e-01 -2.7559e-01 +2.8870e-01 +2.4241e-01 +1.8067e-01 -1.3787e-01 -5.7016e-02 -1.0526e-01 -5.6900e-02 -1.2937e-01 -1.6377e-01 -2.1041e-01 -8.0158e-02
1028 0 +1.410966893e+00 -8.314903311e+01 -8.314903311e+01 -1.6486e-01 -4.7147e-02 +3.7374e-02 +4.8779e-01 +4.2021e-01 -1.6159e-01 -2.9697e-01 +2.5621e-01 -2.7015e-01 +2.8357e-01 +2.3895e-01 +1.7980e-01 -1.3244e-01 -6.1820e-02 -1.1012e-01 -5.7506e-02 -1.1803e-01 -1.4995e-01 -2.2148e-01 -7.4112e-02
1031 0 +1.048763217e+00 -8.351123678e+01 -8.351123678e+01 -1.7133e-01 -3.8548e-02 +4.9928e-02 +4.9999e-01 +4.2637e-01 -1.7241e-01 -3.0337e-01 +2.5313e-01 -2.8074e-01 +2.8214e-01 +2.4620e-01 +1.7031e-01 -1.4592e-01 -6.5716e-02 -9.9502e-02 -5.7866e-02 -1.1955e-01 -1.7146e-01 -2.1352e-01 -8.3913e-02
1037 0 +9.641420126e-01 -8.359585799e+01 -8.359585799e+01 -1.6164e-01 -4.6944e-02 +5.3904e-02 +4.9959e-01 +4.1747e-01 -1.7273e-01 -3.0771e-01 +2.5418e-01 -2.8172e-01 +2.8438e-01 +2.4153e-01 +1.7526e-01 -1.4070e-01 -6.0952e-02 -1.0698e-01 -6.0418e-02 -1.1714e-01 -1.5751e-01 -2.1116e-01 -7.2330e-02
1051 0 +7.789662207e-01 -8.378103378e+01 -8.378103378e+01 -1.6770e-01 -4.7556e-02 +5.7066e-02 +4.9543e-01 +4.1788e-01 -1.7232e-01 -2.9456e-01 +2.5070e-01 -2.7926e-01 +2.8038e-01 +2.4378e-01 +1.8273e-01 -1.4545e-01 -6.3146e-02 -1.0551e-01 -6.3520e-02 -1.2247e-01 -1.6069e-01 -2.1028e-01 -7.3167e-02
1087 0 +7.273805167e-01 -8.383261948e+01 -8.383261948e+01 -1.6272e-01 -4.6782e-02 +5.4910e-02 +4.8549e-01 +4.1812e-01 -1.7847e-01 -2.9258e-01 +2.5613e-01 -2.7583e-01 +2.8247e-01 +2.4538e-01 +1.7832e-01 -1.4273e-01 -5.9289e-02 -9.6372e-02 -4.8767e-02 -1.1905e-01 -1.6222e-01 -2.2017e-01 -7.9727e-02
1117 0 +6.848271135e-01 -8.387517289e+01 -8.387517289e+01 -1.6442e-01 -5.0541e-02 +5.9563e-02 +4.9608e-01 +4.1874e-01 -1.7529e-01 -2.9460e-01 +2.5157e-01 -2.7333e-01 +2.8197e-01 +2.4678e-01 +1.7563e-01 -1.4775e-01 -5.5424e-02 -9.5363e-02 -6.2995e-02 -1.2741e-01 -1.6865e-01 -2.1721e-01 -7.3192e-02
1145 0 +6.365856452e-01 -8.392341435e+01 -8.392341435e+01 -1.6170e-01 -4.9327e-02 +5.5095e-02 +5.0026e-01 +4.2156e-01 -1.7681e-01 -3.0175e-01 +2.5230e-01 -2.7036e-01 +2.7945e-01 +2.5081e-01 +1.7571e-01 -1.4927e-01 -5.9527e-02 -9.9983e-02 -5.8313e-02 -1.2205e-01 -1.6749e-01 -2.1278e-01 -7.4190e-02
1166 0 +5.465277221e-01 -8.401347228e+01 -8.401347228e+01 -1.6845e-01 -5.0066e-02 +5.5322e-02 +5.0554e-01 +4.1736e-01 -1.7798e-01 -2.9541e-01 +2.5186e-01 -2.7229e-01 +2.8155e-01 +2.4872e-01 +1.8388e-01 -1.5056e-01 -5.4015e-02 -9.3663e-02 -6.6580e-02 -1.2777e-01 -1.6029e-01 -2.1333e-01 -7.1832e-02
1169 0 +5.249552217e-01 -8.403504478e+01 -8.403504478e+01 -1.6634e-01 -5.4902e-02 +5.1989e-02 +5.0049e-01 +4.1322e-01 -1.7648e-01 -3.0134e-01 +2.5253e-01 -2.7356e-01 +2.8282e-01 +2.4766e-01 +1.7751e-01 -1.4719e-01 -5.8381e-02 -9.7580e-02 -5.9833e-02 -1.1913e-01 -1.5987e-01 -2.0997e-01 -7.4813e-02
1172 0 +5.082695435e-01 -8.405173046e+01 -8.405173046e+01 -1.6980e-01 -4.9711e-02 +4.9436e-02 +5.0547e-01 +4.2008e-01 -1.7682e-01 -3.0225e-01 +2.5371e-01 -2.7632e-01 +2.7648e-01 +2.4819e-01 +1.7889e-01 -1.4874e-01 -5.0928e-02 -1.0048e-01 -6.2314e-02 -1.2489e-01 -1.6836e-01 -2.1522e-01 -7.9405e-02
1174 0 +4.554461409e-01 -8.410455386e+01 -8.410455386e+01 -1.6266e-01 -4.8301e-02 +5.0810e-02 +4.9721e-01 +4.1603e-01 -1.7852e-01 -3.0478e-01 +2.5274e-01 -2.7185e-01 +2.8354e-01 +2.4305e-01 +1.7591e-01 -1.5171e-01 -5.4963e-02 -9.6751e-02 -6.3610e-02 -1.2549e-01 -1.6377e-01 -2.1861e-01 -7.5785e-02
1197 0 +3.967344613e-01 -8.416326554e+01 -8.416326554e+01 -1.6502e-01 -4.8891e-02 +4.6884e-02 +5.0103e-01 +4.1618e-01 -1.7617e-01 -3.0330e-01 +2.5091e-01 -2.7613e-01 +2.7981e-01 +2.4465e-01 +1.8050e-01 -1.5003e-01 -5.2276e-02 -1.0067e-01 -6.0681e-02 -1.2293e-01 -1.5912e-01 -2.1571e-01 -7.1975e-02
1288 0 +3.754764495e-01 -8.418452355e+01 -8.418452355e+01 -1.6659e-01 -5.1130e-02 +5.1660e-02 +5.0209e-01 +4.1641e-01 -1.7419e-01 -3.0677e-01 +2.5065e-01 -2.6896e-01 +2.7839e-01 +2.4536e-01 +1.8275e-01 -1.4974e-01 -5.2767e-02 -1.0148e-01 -5.7632e-02 -1.2421e-01 -1.5788e-01 -2.1082e-01 -7.3471e-02
1315 0 +3.549586265e-01 -8.420504137e+01 -8.420504137e+01 -1.6629e-01 -5.3770e-02 +5.1537e-02 +4.9927e-01 +4.1628e-01 -1.7080e-01 -3.0540e-01 +2.5221e-01 -2.7167e-01 +2.7718e-01 +2.4315e-01 +1.8499e-01 -1.4817e-01 -5.5233e-02 -1.0400e-01 -5.6452e-02 -1.2245e-01 -1.5751e-01 -2.1054e-01 -7.3194e-02
1338 0 +3.148157671e-01 -8.424518423e+01 -8.424518423e+01 -1.6852e-01 -5.1842e-02 +5.0665e-02 +4.9916e-01 +4.1499e-01 -1.6840e-01 -3.0643e-01 +2.5005e-01 -2.7241e-01 +2.7548e-01 +2.4265e-01 +1.8301e-01 -1.4813e-01 -5.5328e-02 -1.0508e-01 -5.5860e-02 -1.2325e-01 -1.5803e-01 -2.1359e-01 -7.4439e-02
1473 0 +3.071844294e-01 -8.425281557e+01 -8.425281557e+01 -1.6848e-01 -5.1814e-02 +5.2112e-02 +5.0197e-01 +4.1475e-01 -1.6711e-01 -3.0780e-01 +2.4966e-01 -2.7557e-01 +2.7659e-01 +2.4508e-01 +1.8636e-01 -1.4657e-01 -5.6618e-02 -1.0448e-01 -5.6802e-02 -1.2465e-01 -1.5840e-01 -2.1240e-01 -7.2450e-02
1490 0 +3.018360176e-01 -8.425816398e+01 -8.425816398e+01 -1.6812e-01 -5.1656e-02 +5.1312e-02 +5.0090e-01 +4.1415e-01 -1.6772e-01 -3.0730e-01 +2.5046e-01 -2.7546e-01 +2.7738e-01 +2.4379e-01 +1.8599e-01 -1.4756e-01 -5.6145e-02 -1.0285e-01 -5.8091e-02 -1.2392e-01 -1.5875e-01 -2.1363e-01 -7.0832e-02
1569 0 +2.942489413e-01 -8.426575106e+01 -8.426575106e+01 -1.6772e-01 -5.2459e-02 +5.1624e-02 +4.9928e-01 +4.1473e-01 -1.6843e-01 -3.0709e-01 +2.4942e-01 -2.7439e-01 +2.7947e-01 +2.4386e-01 +1.8709e-01 -1.4812e-01 -5.6915e-02 -1.0364e-01 -5.7526e-02 -1.2352e-01 -1.5949e-01 -2.1199e-01 -6.9377e-02
1608 0 +2.880209607e-01 -8.427197904e+01 -8.427197904e+01 -1.6843e-01 -5.1500e-02 +5.1394e-02 +4.9902e-01 +4.1409e-01 -1.6877e-01 -3.0676e-01 +2.5009e-01 -2.7416e-01 +2.7964e-01 +2.4364e-01 +1.8787e-01 -1.4856e-01 -5.6550e-02 -1.0218e-01 -5.7210e-02 -1.2340e-01 -1.6025e-01 -2.1173e-01 -6.9018e-02
1689 0 +2.797113649e-01 -8.428028864e+01 -8.428028864e+01 -1.6931e-01 -5.1825e-02 +5.1141e-02 +4.9998e-01 +4.1271e-01 -1.6914e-01 -3.0706e-01 +2.5084e-01 -2.7402e-01 +2.7958e-01 +2.4346e-01 +1.8718e-01 -1.4916e-01 -5.7471e-02 -1.0235e-01 -5.7637e-02 -1.2318e-01 -1.5985e-01 -2.1201e-01 -7.0225e-02
1757 0 +2.753243201e-01 -8.428467568e+01 -8.428467568e+01 -1.6918e-01 -5.1449e-02 +5.1439e-02 +4.9969e-01 +4.1225e-01 -1.7015e-01 -3.0731e-01 +2.5078e-01 -2.7368e-01 +2.7980e-01 +2.4325e-01 +1.8719e-01 -1.4985e-01 -5.7314e-02 -1.0196e-01 -5.7177e-02 -1.2329e-01 -1.6032e-01 -2.1223e-01 -6.9672e-02
1850 0 +2.686527593e-01 -8.429134724e+01 -8.429134724e+01 -1.7042e-01 -5.1993e-02 +5.2017e-02 +4.9937e-01 +4.1212e-01 -1.7057e-01 -3.0710e-01 +2.5155e-01 -2.7224e-01 +2.8015e-01 +2.4326e-01 +1.8726e-01 -1.5036e-01 -5.7845e-02 -1.0102e-01 -5.7343e-02 -1.2313e-01 -1.5991e-01 -2.1179e-01 -6.9707e-02
2004 0 +2.641723693e-01 -8.429582763e+01 -8.429582763e+01 -1.7122e-01 -5.1834e-02 +5.2780e-02 +4.9910e-01 +4.1182e-01 -1.7217e-01 -3.0695e-01 +2.5223e-01 -2.7178e-01 +2.8068e-01 +2.4334e-01 +1.8678e-01 -1.5055e-01 -5.8110e-02 -9.9483e-02 -5.7906e-02 -1.2358e-01 -1.5984e-01 -2.1191e-01 -7.0271e-02
% f evaluations | g evaluations | best noise-free fitness - Fopt (-2.602000000000e+01) + sum g_i+ | measured fitness | best measured fitness or single-digit g-values | x1 | x2...
1 0 +1.003451660e+01 -1.598548340e+01 -1.598548340e+01 +3.5449e-01 +7.0731e-02 -1.8584e-01 -1.4220e-01 +4.6978e-01 -1.6543e-01 -1.9326e-01 -5.3048e-01 -3.1341e-01 -3.9982e-02 +2.2579e-01 -8.3303e-02 +1.4264e-01 +3.2732e-01 -1.3002e-01 -3.3397e-01 -3.5988e-01 -1.0538e-02 +1.0337e-01 -3.0408e-01
4 0 +7.296420368e+00 -1.872357963e+01 -1.872357963e+01 +2.3105e-01 -7.0156e-02 -2.2312e-01 +5.1264e-01 +4.4149e-01 -1.0211e-01 -1.0555e-02 +4.2497e-01 -2.7229e-01 +1.5177e-01 -3.4066e-01 +3.2088e-01 -3.5135e-01 -1.4388e-01 +1.9035e-01 -2.9211e-01 -7.8181e-01 +9.3864e-02 -3.2531e-01 +4.4988e-01
13 0 +6.828007643e+00 -1.919199236e+01 -1.919199236e+01 +7.2403e-02 -9.9752e-02 -5.4544e-01 +5.5114e-01 +3.2077e-01 +2.1403e-01 -3.6903e-02 +4.3057e-01 -1.7219e-01 -2.7007e-01 +4.6610e-01 -2.5668e-01 -2.1873e-01 -3.9239e-02 +2.6111e-02 -2.4787e-01 +5.9057e-02 -8.6954e-02 +2.4900e-02 -6.4014e-01
15 0 +6.640605209e+00 -1.937939479e+01 -1.937939479e+01 +2.1466e-01 -4.1144e-01 +2.0069e-02 +1.5124e-01 -5.5281e-02 -2.1993e-01 +1.4511e-01 +1.1880e-01 -4.3309e-01 +1.8629e-01 -2.3915e-01 -1.4605e-01 -5.4478e-01 -1.1150e-01 +5.1567e-01 -9.2097e-02 -4.6479e-01 +2.0537e-01 -1.3353e-01 -9.7100e-02
46 0 +5.484018397e+00 -2.053598160e+01 -2.053598160e+01 -1.2698e-01 -1.8733e-01 +4.2418e-01 +1.6525e-01 +3.6918e-01 +3.6388e-01 -1.8853e-01 -2.3736e-01 -1.5933e-01 -6.9965e-02 -6.8362e-01 +2.8547e-01 -3.3976e-01 +4.2151e-01 +6.2635e-01 -1.0747e-01 -1.6708e-01 -3.2530e-01 +3.7095e-02 -3.4553e-01
175 0 +5.262910830e+00 -2.075708917e+01 -2.075708917e+01 +4.0933e-01 -3.6077e-01 -1.0954e-01 +2.5350e-01 +4.9780e-01 +1.5442e-01 -1.4301e-01 +2.2997e-01 +7.7807e-02 +3.0199e-01 -3.1010e-01 +3.2629e-01 -2.8756e-01 +4.4743e-01 +1.3002e-01 +1.8629e-01 -2.3763e-01 -1.6952e-01 +2.4007e-01 -3.6033e-02
374 0 +4.396686904e+00 -2.162331310e+01 -2.162331310e+01 +1.4736e-01 -1.9142e-01 +3.9813e-01 +5.6049e-01 +7.2954e-02 +1.7902e-01 -2.4478e-02 +9.8600e-02 -1.5190e-01 +9.5693e-02 -3.1309e-01 +4.5739e-01 -3.2219e-01 +4.3424e-01 +6.1538e-01 +1.8207e-02 -1.0768e-01 +1.1274e-01 -3.3656e-01 +4.6938e-02
469 0 +4.068619816e+00 -2.195138018e+01 -2.195138018e+01 +2.9625e-01 -2.6947e-01 +3.1894e-01 +6.9723e-01 +7.5553e-02 +1.4603e-01 +1.9124e-02 +1.4691e-01 -2.0886e-01 +1.1357e-01 -4.7202e-01 +1.9199e-01 -3.6034e-01 +4.2991e-01 +6.6055e-01 -1.8824e-02 -3.9978e-02 +2.1018e-02 -3.7230e-01 -1.1213e-02
635 0 +3.380169162e+00 -2.263983084e+01 -2.263983084e+01 +3.4062e-01 -2.1739e-01 +1.6051e-01 +4.9899e-01 +1.4019e-01 +1.4109e-01 +5.6459e-02 +2.4185e-01 -1.9624e-01 +2.1081e-01 -5.4376e-01 +1.1711e-01 -3.9774e-01 +3.5634e-01 +4.9007e-01 +4.4744e-02 -2.3343e-02 -3.8588e-03 -3.2389e-01 -1.6581e-01
707 0 +3.113770487e+00 -2.290622951e+01 -2.290622951e+01 +3.1485e-01 -2.2780e-01 +1.3065e-01 +4.8937e-01 +8.4737e-02 +6.2743e-02 +4.3912e-02 +1.1068e-01 -6.3388e-02 +2.5896e-01 -5.6893e-01 +1.5469e-01 -4.2618e-01 +2.9132e-01 +5.2987e-01 +5.9345e-02 -4.8524e-02 +3.7818e-02 -2.6997e-01 -1.0483e-01
749 0 +2.354637730e+00 -2.366536227e+01 -2.366536227e+01 +2.5100e-01 -2.4899e-01 +9.4394e-02 +4.8478e-01 +1.1548e-01 +8.7078e-02 +9.8860e-02 +5.4538e-02 -1.0046e-01 +2.6436e-01 -5.1882e-01 +1.1854e-01 -4.1574e-01 +2.8275e-01 +6.1178e-01 +7.8106e-02 -8.0310e-02 +6.6514e-02 -2.4591e-01 -1.1069e-01
929 0 +2.015551780e+00 -2.400444822e+01 -2.400444822e+01 +2.6326e-01 -2.5796e-01 +6.0986e-02 +4.8802e-01 +1.2188e-01 +1.3045e-01 +9.9640e-02 +1.0247e-01 -1.4551e-01 +2.4862e-01 -4.6600e-01 +4.7404e-02 -3.5134e-01 +3.2928e-01 +6.3824e-01 +1.0315e-01 -7.6822e-02 +4.6476e-02 -3.6015e-01 -1.5459e-01
948 0 +1.734349701e+00 -2.428565030e+01 -2.428565030e+01 +2.5586e-01 -2.4214e-01 +5.3409e-02 +5.0630e-01 +1.1275e-01 +1.4265e-01 +7.2744e-02 +7.8653e-02 -1.1909e-01 +2.3491e-01 -4.6239e-01 +5.6019e-02 -3.5954e-01 +3.0928e-01 +6.1042e-01 +7.4244e-02 -9.0851e-02 +3.3782e-02 -3.6617e-01 -1.6045e-01
1042 0 +1.676362088e+00 -2.434363791e+01 -2.434363791e+01 +2.5575e-01 -2.7171e-01 +7.0521e-02 +5.1603e-01 +8.1048e-02 +1.2532e-01 +1.0622e-01 +8.8665e-02 -1.2769e-01 +2.6394e-01 -4.6556e-01 +3.8386e-02 -3.6342e-01 +3.2675e-01 +5.9894e-01 +7.3134e-02 -9.3878e-02 +6.2523e-02 -3.7731e-01 -1.4522e-01
1050 0 +1.132878018e+00 -2.488712198e+01 -2.488712198e+01 +2.6267e-01 -2.7047e-01 +7.0583e-02 +5.1044e-01 +9.7562e-02 +1.2323e-01 +1.1125e-01 +8.7219e-02 -1.4070e-01 +2.6028e-01 -4.8640e-01 +4.3894e-02 -3.6780e-01 +3.2828e-01 +6.0633e-01 +7.1377e-02 -9.0543e-02 +4.8556e-02 -3.6811e-01 -1.5505e-01
1087 0 +7.732704243e-01 -2.524672958e+01 -2.524672958e+01 +2.6921e-01 -2.7794e-01 +8.1532e-02 +5.2413e-01 +9.1123e-02 +1.2689e-01 +1.0397e-01 +1.0292e-01 -1.3848e-01 +2.5381e-01 -4.7080e-01 +4.2700e-02 -3.6020e-01 +3.2850e-01 +6.0721e-01 +9.2099e-02 -1.0748e-01 +4.9980e-02 -3.6923e-01 -1.5970e-01
1160 0 +5.722563225e-01 -2.544774368e+01 -2.544774368e+01 +2.6526e-01 -2.6549e-01 +7.3080e-02 +5.1451e-01 +9.7979e-02 +1.2717e-01 +1.1169e-01 +9.7356e-02 -1.3833e-01 +2.5504e-01 -4.7661e-01 +4.5689e-02 -3.7207e-01 +3.2462e-01 +6.0355e-01 +8.9871e-02 -1.0622e-01 +4.8807e-02 -3.5801e-01 -1.5412e-01
1201 0 +3.259602212e-01 -2.569403978e+01 -2.569403978e+01 +2.6673e-01 -2.6874e-01 +7.5724e-02 +5.1694e-01 +9.4662e-02 +1.3129e-01 +1.1039e-01 +9.3963e-02 -1.3893e-01 +2.5097e-01 -4.6644e-01 +4.1478e-02 -3.7166e-01 +3.2433e-01 +6.0392e-01 +9.2832e-02 -1.0465e-01 +4.4177e-02 -3.5812e-01 -1.5598e-01
1296 0 +3.151274479e-01 -2.570487255e+01 -2.570487255e+01 +2.6841e-01 -2.7388e-01 +7.2575e-02 +5.1479e-01 +9.5481e-02 +1.3209e-01 +1.0591e-01 +9.3282e-02 -1.3951e-01 +2.5149e-01 -4.6526e-01 +4.8414e-02 -3.7251e-01 +3.1982e-01 +6.0651e-01 +9.3856e-02 -1.0867e-01 +4.5154e-02 -3.5871e-01 -1.5487e-01
1315 0 +2.712344292e-01 -2.574876557e+01 -2.574876557e+01 +2.6772e-01 -2.7292e-01 +7.5204e-02 +5.1673e-01 +9.8671e-02 +1.3222e-01 +1.0820e-01 +9.2660e-02 -1.3690e-01 +2.4856e-01 -4.6653e-01 +4.6514e-02 -3.7138e-01 +3.2345e-01 +6.0738e-01 +9.3983e-02 -1.0827e-01 +4.5520e-02 -3.5568e-01 -1.5433e-01
1325 0 +2.299195371e-01 -2.579008046e+01 -2.579008046e+01 +2.6905e-01 -2.7172e-01 +7.4237e-02 +5.1491e-01 +9.5611e-02 +1.3215e-01 +1.0766e-01 +9.3622e-02 -1.3522e-01 +2.4632e-01 -4.6771e-01 +4.8598e-02 -3.7063e-01 +3.1961e-01 +6.0635e-01 +9.2818e-02 -1.0660e-01 +4.6645e-02 -3.5675e-01 -1.5393e-01
1346 0 +2.159062590e-01 -2.580409374e+01 -2.580409374e+01 +2.6973e-01 -2.7175e-01 +7.5421e-02 +5.1570e-01 +9.7111e-02 +1.3414e-01 +1.0601e-01 +9.4026e-02 -1.3351e-01 +2.4823e-01 -4.6617e-01 +5.2258e-02 -3.7308e-01 +3.2196e-01 +6.0644e-01 +9.3053e-02 -1.0618e-01 +4.4384e-02 -3.5645e-01 -1.5733e-01
1349 0 +2.137839688e-01 -2.580621603e+01 -2.580621603e+01 +2.6982e-01 -2.7205e-01 +7.6262e-02 +5.1570e-01 +9.6820e-02 +1.3341e-01 +1.0426e-01 +9.3763e-02 -1.3580e-01 +2.4670e-01 -4.6652e-01 +4.9392e-02 -3.7260e-01 +3.2027e-01 +6.0669e-01 +9.5269e-02 -1.0791e-01 +4.5135e-02 -3.5678e-01 -1.5703e-01
1407 0 +1.950737126e-01 -2.582492629e+01 -2.582492629e+01 +2.6992e-01 -2.7148e-01 +7.5803e-02 +5.1290e-01 +9.8444e-02 +1.3264e-01 +1.0559e-01 +9.4483e-02 -1.3643e-01 +2.4728e-01 -4.6696e-01 +5.0879e-02 -3.7329e-01 +3.2185e-01 +6.0734e-01 +9.5781e-02 -1.0578e-01 +4.3723e-02 -3.5456e-01 -1.5485e-01
1427 0 +1.894815056e-01 -2.583051849e+01 -2.583051849e+01 +2.6870e-01 -2.7098e-01 +7.5227e-02 +5.1337e-01 +9.9549e-02 +1.3174e-01 +1.0626e-01 +9.3923e-02 -1.3457e-01 +2.4720e-01 -4.6758e-01 +5.0236e-02 -3.7361e-01 +3.2171e-01 +6.0794e-01 +9.4276e-02 -1.0581e-01 +4.4142e-02 -3.5469e-01 -1.5528e-01
1532 0 +1.861864808e-01 -2.583381352e+01 -2.583381352e+01 +2.6951e-01 -2.7135e-01 +7.5572e-02 +5.1211e-01 +9.8550e-02 +1.3308e-01 +1.0749e-01 +9.3314e-02 -1.3419e-01 +2.4558e-01 -4.6718e-01 +5.1016e-02 -3.7433e-01 +3.2138e-01 +6.0801e-01 +9.4068e-02 -1.0637e-01 +4.4520e-02 -3.5380e-01 -1.5447e-01
1563 0 +1.791729022e-01 -2.584082710e+01 -2.584082710e+01 +2.6876e-01 -2.7146e-01 +7.5617e-02 +5.1164e-01 +9.9502e-02 +1.3364e-01 +1.0690e-01 +9.3733e-02 -1.3325e-01 +2.4558e-01 -4.6693e-01 +5.1284e-02 -3.7429e-01 +3.2188e-01 +6.0852e-01 +9.4300e-02 -1.0522e-01 +4.4040e-02 -3.5340e-01 -1.5503e-01
1584 0 +1.764624501e-01 -2.584353755e+01 -2.584353755e+01 +2.6893e-01 -2.7154e-01 +7.6353e-02 +5.1202e-01 +1.0049e-01 +1.3339e-01 +1.0694e-01 +9.3593e-02 -1.3300e-01 +2.4508e-01 -4.6731e-01 +5.1398e-02 -3.7508e-01 +3.2167e-01 +6.0767e-01 +9.4395e-02 -1.0503e-01 +4.3556e-02 -3.5345e-01 -1.5500e-01
1596 0 +1.737502399e-01 -2.584624976e+01 -2.584624976e+01 +2.6909e-01 -2.7101e-01 +7.6445e-02 +5.1212e-01 +9.9628e-02 +1.3400e-01 +1.0664e-01 +9.3048e-02 -1.3327e-01 +2.4528e-01 -4.6770e-01 +5.1909e-02 -3.7468e-01 +3.2123e-01 +6.0788e-01 +9.4588e-02 -1.0550e-01 +4.3953e-02 -3.5341e-01 -1.5525e-01
1624 0 +1.690319650e-01 -2.585096804e+01 -2.585096804e+01 +2.6925e-01 -2.7132e-01 +7.5631e-02 +5.1151e-01 +1.0019e-01 +1.3423e-01 +1.0713e-01 +9.4049e-02 -1.3290e-01 +2.4508e-01 -4.6791e-01 +5.2524e-02 -3.7500e-01 +3.2171e-01 +6.0827e-01 +9.4725e-02 -1.0474e-01 +4.3260e-02 -3.5264e-01 -1.5464e-01
1636 0 +1.657015681e-01 -2.585429843e+01 -2.585429843e+01 +2.6910e-01 -2.7106e-01 +7.5684e-02 +5.1166e-01 +1.0060e-01 +1.3452e-01 +1.0683e-01 +9.3546e-02 -1.3271e-01 +2.4493e-01 -4.6780e-01 +5.2779e-02 -3.7468e-01 +3.2222e-01 +6.0829e-01 +9.5023e-02 -1.0461e-01 +4.2952e-02 -3.5305e-01 -1.5467e-01
1726 0 +1.615888015e-01 -2.585841120e+01 -2.585841120e+01 +2.6834e-01 -2.7067e-01 +7.5320e-02 +5.1129e-01 +1.0117e-01 +1.3467e-01 +1.0639e-01 +9.3484e-02 -1.3257e-01 +2.4379e-01 -4.6833e-01 +5.4269e-02 -3.7495e-01 +3.2238e-01 +6.0889e-01 +9.5230e-02 -1.0351e-01 +4.3363e-02 -3.5257e-01 -1.5479e-01
1773 0 +1.574017984e-01 -2.586259820e+01 -2.586259820e+01 +2.6848e-01 -2.7033e-01 +7.5438e-02 +5.1114e-01 +1.0138e-01 +1.3488e-01 +1.0595e-01 +9.3467e-02 -1.3357e-01 +2.4441e-01 -4.6876e-01 +5.4190e-02 -3.7522e-01 +3.2227e-01 +6.0905e-01 +9.5075e-02 -1.0373e-01 +4.3134e-02 -3.5269e-01 -1.5498e-01
1851 0 +1.540908946e-01 -2.586590911e+01 -2.586590911e+01 +2.6844e-01 -2.7027e-01 +7.5799e-02 +5.1104e-01 +1.0105e-01 +1.3543e-01 +1.0625e-01 +9.3201e-02 -1.3325e-01 +2.4444e-01 -4.6888e-01 +5.5157e-02 -3.7516e-01 +3.2235e-01 +6.0915e-01 +9.5359e-02 -1.0342e-01 +4.3085e-02 -3.5221e-01 -1.5481e-01
1921 0 +1.511380005e-01 -2.586886200e+01 -2.586886200e+01 +2.6838e-01 -2.7007e-01 +7.5516e-02 +5.1064e-01 +1.0161e-01 +1.3570e-01 +1.0600e-01 +9.2678e-02 -1.3268e-01 +2.4391e-01 -4.6872e-01 +5.5790e-02 -3.7559e-01 +3.2181e-01 +6.0918e-01 +9.5718e-02 -1.0287e-01 +4.2513e-02 -3.5175e-01 -1.5432e-01
1982 0 +1.462354573e-01 -2.587376454e+01 -2.587376454e+01 +2.6771e-01 -2.7005e-01 +7.5311e-02 +5.1037e-01 +1.0205e-01 +1.3616e-01 +1.0570e-01 +9.2339e-02 -1.3276e-01 +2.4341e-01 -4.6944e-01 +5.5762e-02 -3.7613e-01 +3.2241e-01 +6.0977e-01 +9.5178e-02 -1.0258e-01 +4.2585e-02 -3.5204e-01 -1.5465e-01
2004 0 +1.459804533e-01 -2.587401955e+01 -2.587401955e+01 +2.6786e-01 -2.6986e-01 +7.5338e-02 +5.1049e-01 +1.0252e-01 +1.3620e-01 +1.0549e-01 +9.2615e-02 -1.3249e-01 +2.4302e-01 -4.6964e-01 +5.5915e-02 -3.7634e-01 +3.2209e-01 +6.1010e-01 +9.5011e-02 -1.0257e-01 +4.2642e-02 -3.5144e-01 -1.5429e-01
% f evaluations | g evaluations | best noise-free fitness - Fopt (-3.015000000000e+01) + sum g_i+ | measured fitness | best measured fitness or single-digit g-values | x1 | x2...
1 0 +1.188705426e+01 -1.826294574e+01 -1.826294574e+01 -3.0237e-01 +2.5936e-01 -5.5027e-01 -4.8714e-01 +1.9014e-01 +1.8670e-01 +7.4350e-02 -1.7360e-01 -9.9327e-02 -6.2105e-01 -2.9327e-03 +3.7655e-01 -1.3591e-01 +3.5650e-01 +2.5996e-01 +2.8355e-01 -4.5645e-02 +1.2656e-01 +7.9061e-02 -2.3737e-01
2 0 +1.100395502e+01 -1.914604498e+01 -1.914604498e+01 -1.1564e-03 -3.0879e-02 -1.0792e-01 +2.7155e-02 +2.5555e-01 +1.6319e-01 -1.0781e-01 -2.4515e-01 -2.4158e-01 -3.5791e-01 -2.1852e-01 +1.2794e-01 -3.1719e-02 -3.3072e-01 +3.0179e-01 +5.0391e-01 +4.2122e-01 +1.1804e-01 +1.4796e-01 +3.8269e-01
3 0 +8.606636283e+00 -2.154336372e+01 -2.154336372e+01 -2.3411e-01 +2.1479e-01 -1.6231e-01 +2.9654e-01 +8.1747e-03 -4.8661e-01 -2.6619e-01 -2.3453e-02 +1.6543e-01 +1.5681e-02 -1.3455e-01 -1.5779e-01 +1.1213e-01 -2.0445e-01 -5.8678e-01 +1.8669e-01 -1.6279e-01 -3.0747e-01 +5.8985e-03 -2.8331e-01
8 0 +8.208046162e+00 -2.194195384e+01 -2.194195384e+01 -3.4407e-01 -2.4111e-01 +8.6427e-02 +3.2807e-01 -1.2506e-01 +1.9354e-01 +6.4490e-02 +2.6033e-01 +2.7355e-02 -3.5681e-01 +3.0424e-01 +4.1125e-02 -2.8152e-01 -3.8047e-01 -2.0430e-01 -1.9208e-01 +3.1969e-01 +5.5981e-01 +7.4347e-02 -1.3497e-01
10 0 +5.416285142e+00 -2.473371486e+01 -2.473371486e+01 +3.7749e-01 -3.6065e-01 -5.0116e-02 +1.9837e-01 +1.6814e-01 +5.1840e-01 +2.2737e-01 +1.0642e-01 +5.4990e-01 +4.9196e-01 +9.7686e-02 +2.2437e-01 -3.8879e-01 -1.2002e-02 +2.0676e-01 +3.1705e-01 -4.7118e-01 -3.3935e-01 -5.8579e-01 -2.0245e-01
134 0 +3.956173783e+00 -2.619382622e+01 -2.619382622e+01 +6.0462e-01 +2.8419e-01 -3.2226e-01 +3.8097e-01 +1.8950e-01 +1.5178e-01 +3.0718e-01 +2.0351e-01 +2.3765e-01 -2.1902e-02 +4.8589e-01 +4.6564e-01 +1.9810e-02 -1.1504e+00 +4.2034e-01 +3.3569e-02 -8.7536e-02 -2.7679e-01 -7.7819e-01 -4.6719e-02
2016 0 +3.956173783e+00 -2.619382622e+01 -2.619382622e+01 +6.0462e-01 +2.8419e-01 -3.2226e-01 +3.8097e-01 +1.8950e-01 +1.5178e-01 +3.0718e-01 +2.0351e-01 +2.3765e-01 -2.1902e-02 +4.8589e-01 +4.6564e-01 +1.9810e-02 -1.1504e+00 +4.2034e-01 +3.3569e-02 -8.7536e-02 -2.7679e-01 -7.7819e-01 -4.6719e-02
% f evaluations | g evaluations | best noise-free fitness - Fopt (-1.000000000000e+03) + sum g_i+ | measured fitness | best measured fitness or single-digit g-values | x1 | x2...
1 0 +1.454617171e+01 -9.854538283e+02 -9.854538283e+02 +5.1623e-02 +2.0336e-01 -1.4627e-01 +6.5175e-01 -2.9987e-01 -1.1725e-01 +2.4972e-02 +3.0694e-02 -1.7198e-01 -1.7874e-01 -1.4578e-01 +7.2916e-03 +1.3126e-01 +3.9370e-02 -2.0921e-01 +3.3270e-01 -2.0761e-02 -2.8930e-01 +2.6972e-01 +4.8288e-02
2 0 +8.235706742e+00 -9.917642933e+02 -9.917642933e+02 -2.4904e-01 +7.0914e-02 +1.5037e-01 -1.5977e-01 -2.8753e-01 -8.3695e-02 +4.5792e-01 +7.2764e-01 +6.8834e-01 -3.0321e-01 +2.5123e-02 +1.6712e-01 -1.7633e-01 -1.5023e-01 -4.1538e-01 +1.0934e-01 +3.9173e-02 -2.3331e-02 +5.5135e-02 +3.9453e-01
20 0 +8.042328044e+00 -9.919576720e+02 -9.919576720e+02 +1.8421e-01 +3.3651e-01 +4.3110e-01 +3.4065e-02 -1.5375e-01 -4.2473e-02 -1.0594e-02 -1.8808e-01 +3.3362e-01 -3.8032e-01 +1.3665e-01 +2.5515e-01 -3.0174e-01 -5.1572e-02 +2.8607e-01 +4.9046e-01 +1.4127e-01 +2.8594e-01 -4.0085e-02 +2.9112e-01
24 0 +6.009577933e+00 -9.939904221e+02 -9.939904221e+02 -3.8819e-01 -2.3053e-01 +2.2410e-02 +1.9836e-01 -1.2397e-01 -5.4622e-01 -7.5663e-02 -2.8403e-02 +7.7712e-01 -3.6326e-01 +5.9169e-01 +1.9737e-02 -3.5905e-01 -1.3109e-02 +1.3737e-01 -2.8437e-02 -1.9338e-01 -8.6868e-02 -9.6110e-02 -3.5781e-01
89 0 +5.129520167e+00 -9.948704798e+02 -9.948704798e+02 -5.2470e-01 +4.4878e-01 -1.5166e-01 -9.6341e-02 -2.0254e-01 -1.1398e-01 -2.8797e-01 +6.2000e-01 -1.3860e-02 +4.9125e-02 +1.2395e-01 -2.2044e-01 -7.2113e-01 -4.2060e-01 -3.3205e-01 +1.6056e-01 +4.8428e-01 +1.9902e-01 +1.8000e-01 -3.2254e-01
298 0 +4.955497524e+00 -9.950445025e+02 -9.950445025e+02 -2.8039e-01 +5.7374e-01 -9.9595e-02 +2.8452e-01 -5.1230e-01 -9.9380e-03 +4.7546e-01 +4.6354e-01 -1.9687e-01 +1.4801e+00 -1.4402e-01 +3.8674e-01 +1.8699e-01 -5.5016e-01 -4.9073e-01 +1.4120e-01 +1.2606e-02 +4.0027e-01 -4.4983e-01 -1.1377e-01
587 0 +4.653534903e+00 -9.953464651e+02 -9.953464651e+02 -8.9911e-02 +7.6725e-01 -2.1435e-01 +4.7611e-02 +8.9475e-02 -4.2278e-01 +4.8981e-02 +8.5746e-02 -6.5039e-01 +6.9095e-01 -5.3339e-01 -6.8725e-02 -2.2536e-01 -8.5624e-02 -5.6212e-01 +6.0207e-01 +2.4868e-01 +2.5578e-01 +1.2726e-01 -3.4242e-01
697 0 +4.540111821e+00 -9.954598882e+02 -9.954598882e+02 +2.5951e-01 +6.8178e-01 +1.6076e-02 +1.0534e-01 -6.0801e-02 -2.8959e-01 -2.3201e-01 +2.8567e-01 -6.3722e-01 +4.7384e-01 -6.1756e-01 -1.6447e-01 -1.2012e-01 -1.8157e-02 -2.7523e-01 +6.0507e-01 +2.0611e-01 +3.8069e-01 +4.4928e-01 -5.6469e-01
1038 0 +3.654362308e+00 -9.963456377e+02 -9.963456377e+02 +5.4368e-01 +4.0701e-01 +2.6118e-01 +2.5210e-01 -1.7454e-01 +2.5283e-02 -1.3277e-01 +4.9364e-01 -3.0379e-01 +9.5064e-02 -5.8393e-01 +1.1424e-01 -2.9412e-01 -3.7366e-01 -3.3984e-01 +4.4068e-01 +3.8364e-02 +5.0165e-01 +4.2710e-01 -3.7412e-01
1106 0 +3.326995892e+00 -9.966730041e+02 -9.966730041e+02 +4.8612e-01 +3.8350e-01 +2.8229e-01 +2.7814e-01 -1.1357e-01 -6.9760e-02 -5.3833e-02 +4.5551e-01 -2.9567e-01 +1.2434e-01 -4.9597e-01 +1.7123e-01 -3.0962e-01 -3.6980e-01 -1.9022e-01 +4.8113e-01 +6.8163e-02 +4.7785e-01 +3.3129e-01 -3.2347e-01
1143 0 +3.151710274e+00 -9.968482897e+02 -9.968482897e+02 +4.8635e-01 +3.7660e-01 +2.5966e-01 +3.0908e-01 -1.2216e-01 +8.6800e-03 -5.5627e-02 +4.3870e-01 -3.1989e-01 +1.1556e-01 -5.1667e-01 +1.1115e-01 -2.8921e-01 -3.4576e-01 -2.7084e-01 +4.9123e-01 +7.9542e-02 +5.1220e-01 +3.6398e-01 -3.6069e-01
1175 0 +2.711539522e+00 -9.972884605e+02 -9.972884605e+02 +4.8571e-01 +3.3637e-01 +3.0540e-01 +2.8820e-01 -1.3062e-01 -3.8758e-02 -5.1686e-02 +3.9233e-01 -3.3975e-01 +8.3246e-02 -5.0434e-01 +1.4385e-01 -3.1909e-01 -3.0373e-01 -2.5084e-01 +4.9034e-01 +8.8205e-02 +5.2400e-01 +3.5073e-01 -3.4682e-01
1254 0 +2.243288045e+00 -9.977567120e+02 -9.977567120e+02 +5.2887e-01 +4.0591e-01 +2.7190e-01 +3.0913e-01 -1.0579e-01 -1.9956e-02 -5.3291e-02 +4.6983e-01 -3.4752e-01 +1.0217e-01 -5.2203e-01 +1.8211e-01 -3.2610e-01 -3.5650e-01 -2.7618e-01 +4.9471e-01 +1.2394e-01 +5.0995e-01 +3.2718e-01 -3.7189e-01
1390 0 +2.231198364e+00 -9.977688016e+02 -9.977688016e+02 +5.1773e-01 +3.9495e-01 +2.4762e-01 +3.2007e-01 -1.5766e-01 +7.8744e-03 -7.8880e-02 +4.9711e-01 -3.4807e-01 +1.2886e-01 -5.1649e-01 +1.5073e-01 -3.1536e-01 -3.6344e-01 -2.8516e-01 +5.0914e-01 +1.2802e-01 +4.9778e-01 +3.0638e-01 -3.7998e-01
1419 0 +1.926744454e+00 -9.980732555e+02 -9.980732555e+02 +5.1449e-01 +3.8689e-01 +2.7145e-01 +3.1278e-01 -1.6295e-01 +1.4544e-03 -7.8467e-02 +5.0502e-01 -3.5941e-01 +1.1644e-01 -5.0465e-01 +1.3751e-01 -3.2508e-01 -3.5520e-01 -2.6587e-01 +5.1850e-01 +1.1171e-01 +5.0156e-01 +3.1320e-01 -3.6767e-01
1463 0 +1.696835368e+00 -9.983031646e+02 -9.983031646e+02 +5.2345e-01 +3.8700e-01 +2.5500e-01 +2.9801e-01 -1.4440e-01 +7.3458e-03 -6.9416e-02 +5.0771e-01 -3.5476e-01 +1.3375e-01 -5.2581e-01 +1.4179e-01 -3.2785e-01 -3.4424e-01 -2.6555e-01 +5.1883e-01 +1.1564e-01 +5.0805e-01 +3.0233e-01 -3.6393e-01
1482 0 +1.193129407e+00 -9.988068706e+02 -9.988068706e+02 +5.1820e-01 +3.8516e-01 +2.5788e-01 +3.0090e-01 -1.5952e-01 -1.0341e-03 -7.2195e-02 +5.1230e-01 -3.5175e-01 +1.2893e-01 -5.2247e-01 +1.4452e-01 -3.2277e-01 -3.5426e-01 -2.7101e-01 +5.1956e-01 +1.2289e-01 +5.1216e-01 +3.0769e-01 -3.6830e-01
1782 0 +1.161178277e+00 -9.988388217e+02 -9.988388217e+02 +5.2031e-01 +3.9327e-01 +2.5841e-01 +3.0226e-01 -1.5603e-01 -5.3393e-03 -7.4012e-02 +5.0780e-01 -3.5500e-01 +1.2984e-01 -5.2651e-01 +1.4053e-01 -3.2975e-01 -3.5414e-01 -2.5970e-01 +5.2098e-01 +1.2283e-01 +5.1347e-01 +3.0974e-01 -3.7022e-01
1790 0 +1.127433013e+00 -9.988725670e+02 -9.988725670e+02 +5.2089e-01 +3.9318e-01 +2.5906e-01 +3.0488e-01 -1.5719e-01 -3.8171e-03 -7.3472e-02 +5.0884e-01 -3.5467e-01 +1.2870e-01 -5.2456e-01 +1.3932e-01 -3.2928e-01 -3.5427e-01 -2.5949e-01 +5.2169e-01 +1.2216e-01 +5.1368e-01 +3.0870e-01 -3.6877e-01
1825 0 +1.116999421e+00 -9.988830006e+02 -9.988830006e+02 +5.2051e-01 +3.9315e-01 +2.5680e-01 +3.0344e-01 -1.5526e-01 -5.3253e-03 -7.4613e-02 +5.0825e-01 -3.5384e-01 +1.2813e-01 -5.2597e-01 +1.4058e-01 -3.3008e-01 -3.5535e-01 -2.5960e-01 +5.2033e-01 +1.2241e-01 +5.1209e-01 +3.0939e-01 -3.7009e-01
1853 0 +1.075674111e+00 -9.989243259e+02 -9.989243259e+02 +5.2075e-01 +3.9303e-01 +2.5766e-01 +3.0355e-01 -1.5620e-01 -6.8877e-03 -7.4466e-02 +5.0782e-01 -3.5409e-01 +1.2883e-01 -5.2643e-01 +1.3940e-01 -3.2900e-01 -3.5346e-01 -2.5972e-01 +5.2187e-01 +1.2167e-01 +5.1211e-01 +3.0967e-01 -3.7078e-01
1862 0 +1.049868639e+00 -9.989501314e+02 -9.989501314e+02 +5.2016e-01 +3.9392e-01 +2.5827e-01 +3.0461e-01 -1.5641e-01 -5.9597e-03 -7.4661e-02 +5.0793e-01 -3.5503e-01 +1.2854e-01 -5.2553e-01 +1.3977e-01 -3.2912e-01 -3.5485e-01 -2.5991e-01 +5.2155e-01 +1.2206e-01 +5.1241e-01 +3.0991e-01 -3.7054e-01
1884 0 +1.021755612e+00 -9.989782444e+02 -9.989782444e+02 +5.1999e-01 +3.9443e-01 +2.5891e-01 +3.0589e-01 -1.5665e-01 -6.1094e-03 -7.4798e-02 +5.0779e-01 -3.5485e-01 +1.2904e-01 -5.2619e-01 +1.3960e-01 -3.2993e-01 -3.5545e-01 -2.5998e-01 +5.2174e-01 +1.2160e-01 +5.1096e-01 +3.1097e-01 -3.7096e-01
1901 0 +9.942311308e-01 -9.990057689e+02 -9.990057689e+02 +5.1930e-01 +3.9356e-01 +2.5874e-01 +3.0601e-01 -1.5671e-01 -6.4275e-03 -7.4639e-02 +5.0805e-01 -3.5563e-01 +1.2839e-01 -5.2768e-01 +1.3927e-01 -3.2980e-01 -3.5608e-01 -2.6086e-01 +5.2104e-01 +1.2125e-01 +5.1039e-01 +3.1075e-01 -3.7094e-01
1984 0 +9.636291217e-01 -9.990363709e+02 -9.990363709e+02 +5.1939e-01 +3.9502e-01 +2.5952e-01 +3.0598e-01 -1.5662e-01 -6.9266e-03 -7.4788e-02 +5.0808e-01 -3.5513e-01 +1.2752e-01 -5.2769e-01 +1.3788e-01 -3.3061e-01 -3.5594e-01 -2.6012e-01 +5.2002e-01 +1.2191e-01 +5.1004e-01 +3.1151e-01 -3.7097e-01
2004 0 +9.636291217e-01 -9.990363709e+02 -9.990363709e+02 +5.1939e-01 +3.9502e-01 +2.5952e-01 +3.0598e-01 -1.5662e-01 -6.9266e-03 -7.4788e-02 +5.0808e-01 -3.5513e-01 +1.2752e-01 -5.2769e-01 +1.3788e-01 -3.3061e-01 -3.5594e-01 -2.6012e-01 +5.2002e-01 +1.2191e-01 +5.1004e-01 +3.1151e-01 -3.7097e-01
% f evaluations | g evaluations | best noise-free fitness - Fopt (-9.243000000000e+02) + sum g_i+ | measured fitness | best measured fitness or single-digit g-values | x1 | x2...
1 0 +4.953178435e+00 -9.193468216e+02 -9.193468216e+02 +4.0460e-02 -4.0933e-02 +1.4763e-01 +1.7344e-01 +2.9394e-02 +4.8685e-01 -6.3415e-02 +4.2133e-01 +1.2691e-02 +7.9228e-03 +3.1924e-01 -3.2800e-02 +4.9739e-01 -3.8900e-01 -3.0116e-02 +5.1582e-02 +2.3244e-01 +1.5359e-01 +1.6593e-01 +3.3476e-01
1350 0 +4.926103608e+00 -9.193738964e+02 -9.193738964e+02 +1.1435e-01 +4.2691e-01 -8.0815e-03 -1.5375e-01 +5.4053e-02 +1.8552e-01 -3.7215e-02 -3.2592e-01 +9.5100e-02 -6.3014e-01 -2.2755e-01 -5.6893e-01 +1.3198e-01 -2.1310e-01 +2.5631e-01 -4.0279e-01 -5.9696e-01 -2.0075e-01 +7.2088e-01 +6.9692e-01
1976 0 +4.411710311e+00 -9.198882897e+02 -9.198882897e+02 +7.2572e-02 +4.1846e-01 +4.7685e-01 -3.1228e-01 +4.1300e-01 +2.8291e-02 -2.8202e-03 -9.1404e-02 -6.0971e-02 -3.4778e-01 -2.4738e-01 -6.4678e-01 -1.1291e-01 +1.9098e-03 -1.0196e-01 -3.9575e-01 -2.0191e-01 -3.0033e-01 +7.2252e-01 +7.3701e-01
2004 0 +4.411710311e+00 -9.198882897e+02 -9.198882897e+02 +7.2572e-02 +4.1846e-01 +4.7685e-01 -3.1228e-01 +4.1300e-01 +2.8291e-02 -2.8202e-03 -9.1404e-02 -6.0971e-02 -3.4778e-01 -2.4738e-01 -6.4678e-01 -1.1291e-01 +1.9098e-03 -1.0196e-01 -3.9575e-01 -2.0191e-01 -3.0033e-01 +7.2252e-01 +7.3701e-01
% f evaluations | g evaluations | best noise-free fitness - Fopt (-1.035000000000e+01) + sum g_i+ | measured fitness | best measured fitness or single-digit g-values | x1 | x2...
1 0 +8.771403339e+00 -1.578596661e+00 -1.578596661e+00 +4.6615e-01 -1.3165e-01 +2.6845e-01 -1.1780e-01 +1.1346e-01 +2.9394e-01 -3.6061e-01 -1.8707e-01 -2.3755e-01 -1.6451e-01 -1.2276e-01 +3.2228e-01 +1.2201e-01 +5.0818e-02 +2.6759e-01 -3.5298e-01 -9.9495e-02 +2.2147e-01 +4.7966e-01 +3.5628e-01
5 0 +7.882299763e+00 -2.467700237e+00 -2.467700237e+00 -5.3555e-02 +1.8140e-01 -1.5699e-01 -1.9425e-01 -1.7605e-01 +1.2085e-01 +8.3281e-02 -1.8079e-01 -2.9855e-01 -1.2438e-01 +1.4495e-02 +1.8758e-01 +1.1531e-01 -2.7253e-01 +2.3739e-01 +3.6280e-01 +4.5062e-01 -1.0241e+00 +1.4125e-01 +2.7516e-01
7 0 +5.760132793e+00 -4.589867207e+00 -4.589867207e+00 +1.4807e-01 -3.1489e-01 +2.0562e-01 -5.9677e-02 -8.6048e-02 +7.4733e-02 -2.1089e-01 -3.1599e-03 +7.2628e-02 -1.8926e-01 -8.0858e-02 +3.8983e-01 -4.8007e-01 +2.3647e-01 +1.1471e-01 +1.6271e-01 +4.8283e-01 +2.8254e-01 +3.1735e-01 -8.9773e-02
41 0 +5.682306884e+00 -4.667693116e+00 -4.667693116e+00 -3.9843e-03 +5.5894e-01 +3.2175e-01 -1.2485e-01 -1.7363e-01 +5.6330e-02 -2.7909e-01 +8.7655e-02 -3.7990e-01 +3.1613e-01 -3.6449e-01 +9.0672e-01 -1.1364e+00 -1.9119e-01 +3.5686e-01 +1.6680e-01 +4.2331e-01 +4.3882e-01 +1.5966e-03 +5.3095e-01
605 0 +5.103649340e+00 -5.246350660e+00 -5.246350660e+00 -3.7155e-01 +2.7489e-01 +7.8728e-01 +7.7674e-02 -9.4908e-01 -1.0875e-01 +9.4661e-01 -3.8847e-03 +4.4304e-01 -3.8478e-01 -6.2049e-01 +3.3653e-01 -8.9766e-01 +5.1686e-01 +6.4094e-02 +4.5932e-01 +1.6097e+00 +3.1196e-01 -6.6239e-01 -5.6936e-02
719 0 +4.499027558e+00 -5.850972442e+00 -5.850972442e+00 -5.6304e-01 +2.5964e-02 +8.3916e-01 -2.2076e-01 -8.0550e-01 +5.3821e-02 +8.1534e-01 +1.8195e-01 +4.4582e-01 -2.3586e-01 -6.8997e-01 +3.3408e-01 -1.1707e+00 +4.6116e-01 +2.2090e-01 +5.7300e-01 +1.3615e+00 +4.9425e-01 -5.0035e-01 +1.9089e-01
1000 0 +4.228100929e+00 -6.121899071e+00 -6.121899071e+00 -5.6098e-01 +4.4220e-02 +7.4267e-01 -3.2005e-01 -9.8523e-01 +2.0461e-01 +7.0482e-01 +8.7246e-02 +4.7208e-01 -2.3525e-01 -7.2742e-01 +2.4581e-01 -1.1064e+00 +4.1921e-01 +1.4977e-01 +7.0681e-01 +1.5468e+00 +6.9134e-01 -5.5112e-01 +2.3596e-02
1589 0 +3.545095595e+00 -6.804904405e+00 -6.804904405e+00 -5.1935e-01 +7.7769e-03 +6.4809e-01 -1.4109e-01 -1.0445e+00 +3.6948e-01 +7.3873e-01 +7.8658e-02 +3.1702e-01 -1.1950e-01 -8.2564e-01 +2.3330e-01 -1.1227e+00 +3.8820e-01 +1.9660e-01 +4.3801e-01 +1.5772e+00 +6.2029e-01 -7.2778e-01 +8.8939e-02
1677 0 +2.472057166e+00 -7.877942834e+00 -7.877942834e+00 -5.1778e-01 +2.2919e-02 +6.4182e-01 -1.3014e-01 -1.0440e+00 +3.7096e-01 +7.4372e-01 +6.0201e-02 +3.3028e-01 -1.3094e-01 -8.2596e-01 +2.4265e-01 -1.1254e+00 +3.9168e-01 +2.0769e-01 +4.1442e-01 +1.5797e+00 +6.2443e-01 -7.1740e-01 +8.9000e-02
1754 0 +2.416192285e+00 -7.933807715e+00 -7.933807715e+00 -5.2048e-01 +1.6633e-02 +6.4205e-01 -1.3975e-01 -1.0522e+00 +3.6123e-01 +7.5161e-01 +7.1324e-02 +3.3339e-01 -1.3024e-01 -8.3028e-01 +2.3926e-01 -1.1192e+00 +3.9198e-01 +2.0322e-01 +4.1845e-01 +1.5723e+00 +6.1382e-01 -7.2105e-01 +9.4841e-02
1759 0 +1.994562419e+00 -8.355437581e+00 -8.355437581e+00 -5.2284e-01 +1.7744e-02 +6.3671e-01 -1.3716e-01 -1.0434e+00 +3.6303e-01 +7.5228e-01 +7.7183e-02 +3.2874e-01 -1.2669e-01 -8.2350e-01 +2.3217e-01 -1.1088e+00 +3.9054e-01 +2.1077e-01 +4.2485e-01 +1.5760e+00 +6.2273e-01 -7.2469e-01 +8.8272e-02
1855 0 +1.927750903e+00 -8.422249097e+00 -8.422249097e+00 -5.1442e-01 +1.9883e-02 +6.3377e-01 -1.3937e-01 -1.0479e+00 +3.5724e-01 +7.5232e-01 +7.3652e-02 +3.3278e-01 -1.3493e-01 -8.3681e-01 +2.4135e-01 -1.1139e+00 +3.9680e-01 +2.0958e-01 +4.1670e-01 +1.5769e+00 +6.1591e-01 -7.1955e-01 +9.1661e-02
1895 0 +1.700477639e+00 -8.649522361e+00 -8.649522361e+00 -5.1479e-01 +1.8867e-02 +6.3789e-01 -1.3889e-01 -1.0512e+00 +3.5545e-01 +7.4591e-01 +7.2173e-02 +3.3389e-01 -1.3599e-01 -8.3941e-01 +2.3865e-01 -1.1147e+00 +3.9474e-01 +2.1049e-01 +4.1656e-01 +1.5760e+00 +6.1285e-01 -7.2352e-01 +9.2981e-02
1964 0 +1.651594839e+00 -8.698405161e+00 -8.698405161e+00 -5.1299e-01 +1.8330e-02 +6.3476e-01 -1.3826e-01 -1.0522e+00 +3.5313e-01 +7.4758e-01 +7.1416e-02 +3.2940e-01 -1.3610e-01 -8.4198e-01 +2.3938e-01 -1.1207e+00 +3.9752e-01 +2.0668e-01 +4.2156e-01 +1.5787e+00 +6.1662e-01 -7.2542e-01 +9.2930e-02
1996 0 +1.607739620e+00 -8.742260380e+00 -8.742260380e+00 -5.1224e-01 +1.9619e-02 +6.3699e-01 -1.3776e-01 -1.0523e+00 +3.5256e-01 +7.4866e-01 +7.2579e-02 +3.3407e-01 -1.3743e-01 -8.4266e-01 +2.4028e-01 -1.1200e+00 +3.9669e-01 +2.0499e-01 +4.2143e-01 +1.5829e+00 +6.1634e-01 -7.2471e-01 +9.2209e-02
2004 0 +1.603250984e+00 -8.746749016e+00 -8.746749016e+00 -5.1139e-01 +2.0736e-02 +6.3656e-01 -1.3983e-01 -1.0505e+00 +3.5179e-01 +7.4842e-01 +7.2725e-02 +3.3569e-01 -1.3831e-01 -8.4152e-01 +2.3864e-01 -1.1195e+00 +3.9584e-01 +2.0371e-01 +4.2011e-01 +1.5822e+00 +6.1556e-01 -7.2758e-01 +9.3758e-02
% f evaluations | g evaluations | best noise-free fitness - Fopt (-1.000000000000e+03) + sum g_i+ | measured fitness | best measured fitness or single-digit g-values | x1 | x2...
1 0 +8.846730836e+00 -9.911532692e+02 -9.911532692e+02 +3.2487e-02 +2.7722e-01 -1.3606e-01 -1.7527e-01 +5.5191e-01 +2.1257e-01 +4.0756e-01 -2.7225e-01 +2.2056e-01 -1.0654e-01 +7.8960e-02 -3.2057e-01 -3.3728e-01 +1.8088e-01 +9.5604e-03 +6.9160e-02 +4.7862e-01 -2.1536e-01 +6.7748e-01 -1.7745e-02
2 0 +8.132840516e+00 -9.918671595e+02 -9.918671595e+02 +2.8544e-01 +2.4231e-01 -1.6063e-01 -2.0116e-01 +1.6763e-01 -1.5896e-01 +8.5222e-01 +2.2827e-01 +3.1063e-02 -6.2384e-01 +2.6217e-01 +3.1004e-02 +1.6154e-01 -2.7222e-01 +3.8680e-01 -2.6131e-01 +1.5094e-01 +2.4739e-01 +9.6820e-02 +1.7557e-01
15 0 +8.119409937e+00 -9.918805901e+02 -9.918805901e+02 -2.0128e-01 +3.2936e-01 -1.1984e-01 +4.7275e-01 +7.6680e-01 +9.9909e-02 +5.6066e-01 +4.0596e-01 +1.3334e-01 -4.0896e-01 +2.2485e-01 +9.1993e-02 +3.6719e-01 -4.4342e-01 -2.6758e-01 +3.1010e-01 +4.0977e-01 -1.8277e-01 +5.4543e-01 -2.0580e-02
20 0 +6.693382681e+00 -9.933066173e+02 -9.933066173e+02 +2.5796e-01 -2.3301e-01 -1.5780e-02 -2.3072e-02 +1.0650e-01 +2.5804e-01 +7.2657e-01 +1.1525e-01 +2.7668e-01 -1.7301e-01 +1.0200e-03 -2.2828e-03 -1.9036e-01 +4.1621e-01 +2.0784e-01 +3.2457e-02 +3.0841e-01 -1.0261e-01 +3.8567e-01 +9.0193e-02
26 0 +6.362681792e+00 -9.936373182e+02 -9.936373182e+02 -6.0285e-01 -3.1945e-02 +3.4328e-02 +1.2209e-02 +3.7510e-01 -2.3379e-01 +2.2312e-01 +1.2482e-01 -3.1075e-01 -3.9313e-02 -9.2985e-02 +4.1036e-01 +3.4149e-01 +9.0971e-02 -1.1903e-01 -1.9200e-01 +2.9557e-01 +2.6443e-01 -1.8709e-01 +8.9931e-03
46 0 +5.869737202e+00 -9.941302628e+02 -9.941302628e+02 -4.7495e-01 +3.8519e-01 +2.6682e-01 +1.1053e-01 +1.8235e-01 -5.3234e-02 +6.5022e-01 -1.4360e-02 -1.7227e-01 +6.2912e-02 -1.2442e-01 +6.7562e-02 +6.2101e-02 +2.7071e-01 -2.3599e-01 +1.6199e-01 +4.5869e-01 -2.3945e-01 +4.5811e-01 -2.2875e-02
73 0 +5.616672436e+00 -9.943833276e+02 -9.943833276e+02 +1.2886e-01 +7.2887e-01 +1.3346e+00 +1.8267e-02 +6.6854e-01 -3.6344e-01 +1.0491e+00 -2.9788e-01 -3.9741e-01 +4.9469e-01 -2.9562e-01 +1.1404e-01 -7.7162e-02 +1.5177e-01 -2.6849e-02 +5.8900e-02 +1.2990e+00 +2.8871e-02 +5.4658e-01 -3.6431e-01
124 0 +5.385836033e+00 -9.946141640e+02 -9.946141640e+02 -4.7870e-01 +6.6895e-01 +7.5542e-01 +3.7876e-01 +2.6988e-01 +4.8650e-02 +1.2168e+00 -1.3340e-01 -4.5903e-01 +4.6409e-01 +9.6420e-02 +9.0659e-01 -3.6967e-01 +6.3172e-01 -1.6737e-01 +3.2078e-02 +8.1798e-01 -6.4118e-01 +4.6279e-01 -4.4566e-01
537 0 +5.353573343e+00 -9.946464267e+02 -9.946464267e+02 -5.7112e-01 +9.8624e-01 +7.1202e-01 -1.0693e-01 +4.4673e-01 +4.6646e-01 +7.8010e-01 -7.1947e-01 -9.0159e-01 +1.3425e-02 -1.3981e-01 +5.8728e-01 +4.1839e-03 +1.2052e-01 -4.3713e-01 +2.6840e-01 +1.1572e+00 +5.2226e-01 +2.3135e-02 -4.2360e-01
1040 0 +4.287474806e+00 -9.957125252e+02 -9.957125252e+02 -5.8465e-01 +1.1267e+00 +3.5397e-01 +3.2256e-01 +5.5057e-01 +7.6156e-01 +8.6460e-01 -8.1789e-01 -8.9063e-01 +8.1749e-02 +8.4809e-03 +1.0670e+00 +8.2835e-02 +2.9884e-01 -8.5486e-01 +2.4795e-01 +1.1978e+00 +7.7475e-01 -2.3189e-01 -6.8156e-01
1311 0 +3.612421768e+00 -9.963875782e+02 -9.963875782e+02 -5.6561e-01 +1.1128e+00 +3.1443e-01 +2.9511e-01 +5.7535e-01 +7.1858e-01 +8.4307e-01 -8.3411e-01 -9.7419e-01 +9.9144e-02 +2.1009e-02 +9.8688e-01 +6.6636e-02 +2.3375e-01 -8.1907e-01 +2.7760e-01 +1.2371e+00 +7.0280e-01 -2.2481e-01 -7.1641e-01
1487 0 +3.267323607e+00 -9.967326764e+02 -9.967326764e+02 -5.5252e-01 +1.1005e+00 +3.3220e-01 +2.9143e-01 +5.9025e-01 +7.4069e-01 +8.5094e-01 -7.9836e-01 -9.8266e-01 +1.0063e-01 +2.4971e-02 +9.6533e-01 +5.0000e-02 +2.3613e-01 -8.1800e-01 +2.8740e-01 +1.2365e+00 +6.9821e-01 -2.2021e-01 -6.9474e-01
1503 0 +3.163186885e+00 -9.968368131e+02 -9.968368131e+02 -5.5415e-01 +1.1008e+00 +3.3221e-01 +2.9343e-01 +5.9350e-01 +7.3704e-01 +8.5106e-01 -7.9165e-01 -9.8156e-01 +9.6543e-02 +2.5692e-02 +9.6620e-01 +5.0884e-02 +2.3269e-01 -8.2685e-01 +2.8707e-01 +1.2303e+00 +6.9651e-01 -2.2279e-01 -6.9622e-01
1526 0 +3.119005998e+00 -9.968809940e+02 -9.968809940e+02 -5.5164e-01 +1.1001e+00 +3.4212e-01 +2.9612e-01 +5.9492e-01 +7.4451e-01 +8.5642e-01 -7.9986e-01 -9.7588e-01 +9.3502e-02 +2.8334e-02 +9.7253e-01 +4.9467e-02 +2.3552e-01 -8.1519e-01 +2.8840e-01 +1.2303e+00 +6.9465e-01 -2.1381e-01 -6.9682e-01
1603 0 +3.042605160e+00 -9.969573948e+02 -9.969573948e+02 -5.5831e-01 +1.1015e+00 +3.3897e-01 +2.9813e-01 +5.9112e-01 +7.4565e-01 +8.5452e-01 -8.0757e-01 -9.8024e-01 +9.4171e-02 +2.9228e-02 +9.7283e-01 +4.5107e-02 +2.3568e-01 -8.1890e-01 +2.9049e-01 +1.2322e+00 +7.0203e-01 -2.1828e-01 -6.9913e-01
1609 0 +2.161002304e+00 -9.978389977e+02 -9.978389977e+02 -5.5166e-01 +1.0986e+00 +3.4352e-01 +3.0076e-01 +5.9094e-01 +7.4851e-01 +8.5750e-01 -7.9748e-01 -9.7725e-01 +9.2765e-02 +2.4948e-02 +9.6959e-01 +4.6036e-02 +2.3451e-01 -8.2028e-01 +2.8962e-01 +1.2332e+00 +7.0153e-01 -2.1755e-01 -6.9544e-01
1625 0 +2.014138651e+00 -9.979858613e+02 -9.979858613e+02 -5.5551e-01 +1.0982e+00 +3.4141e-01 +3.0075e-01 +5.9268e-01 +7.4556e-01 +8.5691e-01 -8.0044e-01 -9.7660e-01 +9.5497e-02 +2.3879e-02 +9.6956e-01 +4.6346e-02 +2.3518e-01 -8.2046e-01 +2.9378e-01 +1.2332e+00 +7.0015e-01 -2.1852e-01 -6.9673e-01
1683 0 +1.986051103e+00 -9.980139489e+02 -9.980139489e+02 -5.4949e-01 +1.0976e+00 +3.4001e-01 +2.9768e-01 +5.9186e-01 +7.4683e-01 +8.5876e-01 -7.9762e-01 -9.7801e-01 +9.4117e-02 +2.6275e-02 +9.7270e-01 +4.8336e-02 +2.3676e-01 -8.1907e-01 +2.9524e-01 +1.2322e+00 +6.9927e-01 -2.1499e-01 -6.9862e-01
1688 0 +1.948088409e+00 -9.980519116e+02 -9.980519116e+02 -5.5290e-01 +1.0958e+00 +3.3981e-01 +2.9837e-01 +5.9382e-01 +7.4689e-01 +8.5938e-01 -7.9731e-01 -9.7910e-01 +9.3845e-02 +2.7328e-02 +9.7243e-01 +4.7131e-02 +2.3413e-01 -8.1838e-01 +2.9424e-01 +1.2355e+00 +7.0109e-01 -2.1669e-01 -6.9831e-01
1728 0 +1.708148556e+00 -9.982918514e+02 -9.982918514e+02 -5.5329e-01 +1.0952e+00 +3.3862e-01 +2.9906e-01 +5.9389e-01 +7.4668e-01 +8.5753e-01 -7.9941e-01 -9.7944e-01 +9.3957e-02 +2.5338e-02 +9.7293e-01 +4.6069e-02 +2.3329e-01 -8.1890e-01 +2.9562e-01 +1.2335e+00 +6.9925e-01 -2.1752e-01 -7.0055e-01
1810 0 +1.593471771e+00 -9.984065282e+02 -9.984065282e+02 -5.5291e-01 +1.0979e+00 +3.3985e-01 +2.9912e-01 +5.9355e-01 +7.4779e-01 +8.5687e-01 -7.9736e-01 -9.7967e-01 +9.4259e-02 +2.4501e-02 +9.7288e-01 +4.4273e-02 +2.3285e-01 -8.2073e-01 +2.9627e-01 +1.2330e+00 +6.9836e-01 -2.1665e-01 -6.9818e-01
1831 0 +1.584164681e+00 -9.984158353e+02 -9.984158353e+02 -5.5335e-01 +1.0974e+00 +3.3967e-01 +2.9841e-01 +5.9438e-01 +7.4635e-01 +8.5607e-01 -7.9812e-01 -9.7999e-01 +9.4307e-02 +2.3876e-02 +9.7249e-01 +4.4840e-02 +2.3200e-01 -8.2126e-01 +2.9654e-01 +1.2330e+00 +6.9875e-01 -2.1622e-01 -6.9834e-01
1848 0 +1.332734582e+00 -9.986672654e+02 -9.986672654e+02 -5.5340e-01 +1.0979e+00 +3.3914e-01 +2.9870e-01 +5.9380e-01 +7.4629e-01 +8.5693e-01 -7.9736e-01 -9.7999e-01 +9.4521e-02 +2.4440e-02 +9.7315e-01 +4.4813e-02 +2.3340e-01 -8.2049e-01 +2.9580e-01 +1.2327e+00 +6.9966e-01 -2.1678e-01 -6.9753e-01
1900 0 +1.316369525e+00 -9.986836305e+02 -9.986836305e+02 -5.5376e-01 +1.0982e+00 +3.3788e-01 +2.9834e-01 +5.9412e-01 +7.4619e-01 +8.5615e-01 -7.9757e-01 -9.8003e-01 +9.4633e-02 +2.4233e-02 +9.7319e-01 +4.5442e-02 +2.3321e-01 -8.2086e-01 +2.9594e-01 +1.2335e+00 +6.9906e-01 -2.1647e-01 -6.9790e-01
1926 0 +1.242620656e+00 -9.987573793e+02 -9.987573793e+02 -5.5316e-01 +1.0983e+00 +3.3795e-01 +2.9832e-01 +5.9369e-01 +7.4617e-01 +8.5605e-01 -7.9764e-01 -9.8054e-01 +9.4319e-02 +2.4536e-02 +9.7364e-01 +4.5340e-02 +2.3285e-01 -8.2095e-01 +2.9680e-01 +1.2334e+00 +6.9872e-01 -2.1676e-01 -6.9782e-01
2004 0 +1.239102593e+00 -9.987608974e+02 -9.987608974e+02 -5.5338e-01 +1.0987e+00 +3.3774e-01 +2.9819e-01 +5.9389e-01 +7.4619e-01 +8.5594e-01 -7.9737e-01 -9.8042e-01 +9.4078e-02 +2.4579e-02 +9.7352e-01 +4.5281e-02 +2.3321e-01 -8.2143e-01 +2.9639e-01 +1.2334e+00 +6.9872e-01 -2.1697e-01 -6.9806e-01
% f evaluations | g evaluations | best noise-free fitness - Fopt (2.880000000000e+01) + sum g_i+ | measured fitness | best measured fitness or single-digit g-values | x1 | x2...
1 0 +7.351199852e+00 +3.615119985e+01 +3.615119985e+01 -8.4915e-02 +1.7595e-01 -1.0153e-01 +1.0162e-01 -5.1526e-01 +3.0945e-01 -5.5202e-01 -7.9755e-02 -3.2521e-01 -4.1929e-01 -3.0530e-01 +7.5423e-03 -2.2583e-01 -4.0465e-01 +3.1444e-01 +1.6339e-01 +5.1826e-01 -2.6916e-01 +1.8161e-01 +9.3336e-02
4 0 +7.253790338e+00 +3.605379034e+01 +3.605379034e+01 +1.1509e-01 +4.2791e-01 +1.9885e-01 +6.7021e-01 +1.6633e-01 +3.1484e-01 +1.3157e-01 +2.1638e-01 +2.6450e-01 +2.8415e-01 +4.5671e-03 -7.2594e-02 +1.5142e-01 -2.7463e-01 +3.4512e-01 +3.4023e-01 +1.6566e-01 +1.7653e-01 +1.3077e-01 -4.0543e-01
21 0 +6.148645036e+00 +3.494864504e+01 +3.494864504e+01 +1.2325e-01 -1.3231e-01 +4.0117e-02 +2.6122e-01 +5.9486e-02 +2.3414e-01 +5.4680e-01 +2.4635e-01 +3.6687e-01 +5.1842e-01 -2.4473e-01 -4.4408e-02 +4.8354e-02 -5.8902e-02 +3.5735e-01 +3.0645e-01 +4.0556e-01 +2.6162e-02 +3.3866e-01 +1.3983e-02
533 0 +5.826913224e+00 +3.462691322e+01 +3.462691322e+01 -2.3680e-01 +8.8420e-01 +1.3265e+00 +6.2024e-01 -6.4694e-01 -1.2831e+00 +1.9467e-01 +4.4273e-01 -2.7785e-01 -1.3715e-01 -1.1556e+00 +1.3514e+00 -7.1452e-01 +4.4930e-01 +1.4877e-01 +1.1836e+00 +1.0078e+00 -2.8061e-01 -1.8035e-01 -4.5758e-01
605 0 +5.533892902e+00 +3.433389290e+01 +3.433389290e+01 -2.5850e-01 +7.8777e-01 +9.7985e-01 +5.1188e-01 -9.9340e-01 -1.2339e+00 -1.3138e-01 +5.7776e-01 -4.3505e-01 -1.5584e-01 -8.8186e-01 +1.5265e+00 -6.4425e-01 +6.9391e-01 -2.4126e-01 +1.3644e+00 +1.2664e+00 -5.9265e-02 -3.3915e-02 -2.6595e-01
959 0 +5.108327207e+00 +3.390832721e+01 +3.390832721e+01 -1.9362e-01 +9.8531e-01 +1.0871e+00 +7.7723e-01 -1.0294e+00 -1.3529e+00 -3.1627e-01 +8.0582e-01 -5.9474e-01 +9.7931e-02 -8.8202e-01 +1.8075e+00 -7.8062e-01 +5.8009e-01 -2.2024e-01 +1.4219e+00 +1.1293e+00 -6.0532e-01 -6.2080e-02 -5.3449e-01
1377 0 +4.720657670e+00 +3.352065767e+01 +3.352065767e+01 -2.1330e-01 +1.0285e+00 +8.5421e-01 +8.4545e-01 -9.9135e-01 -1.4916e+00 -1.7643e-01 +7.4159e-01 -8.2031e-01 +7.1138e-02 -8.5778e-01 +1.7757e+00 -7.7517e-01 +6.0840e-01 -2.8566e-01 +1.4645e+00 +1.0929e+00 -6.1216e-01 -2.0004e-01 -6.6163e-01
1449 0 +4.636352958e+00 +3.343635296e+01 +3.343635296e+01 -2.1285e-01 +1.0774e+00 +8.5901e-01 +8.6065e-01 -1.0156e+00 -1.5317e+00 -1.5427e-01 +7.4568e-01 -7.9371e-01 +6.6121e-02 -8.7172e-01 +1.7755e+00 -7.6798e-01 +5.9638e-01 -2.8915e-01 +1.4731e+00 +1.0981e+00 -6.2715e-01 -2.3189e-01 -6.5483e-01
1527 0 +3.733796500e+00 +3.253379650e+01 +3.253379650e+01 -2.1646e-01 +1.0811e+00 +8.3629e-01 +8.7692e-01 -1.0023e+00 -1.5447e+00 -1.6135e-01 +7.3512e-01 -8.3273e-01 +5.5654e-02 -8.7444e-01 +1.7997e+00 -7.8462e-01 +5.8002e-01 -2.8927e-01 +1.4482e+00 +1.0703e+00 -6.4415e-01 -2.5013e-01 -6.5190e-01
1636 0 +3.535274375e+00 +3.233527437e+01 +3.233527437e+01 -2.1284e-01 +1.0512e+00 +8.2984e-01 +8.6566e-01 -1.0081e+00 -1.5379e+00 -1.7608e-01 +7.3373e-01 -8.3899e-01 +5.4138e-02 -8.6268e-01 +1.7706e+00 -7.7541e-01 +6.0022e-01 -2.8141e-01 +1.4418e+00 +1.0883e+00 -6.2374e-01 -2.5929e-01 -6.5728e-01
1660 0 +3.414089871e+00 +3.221408987e+01 +3.221408987e+01 -2.1648e-01 +1.0505e+00 +8.3241e-01 +8.5669e-01 -1.0051e+00 -1.5304e+00 -1.7714e-01 +7.2883e-01 -8.3881e-01 +5.0303e-02 -8.6136e-01 +1.7725e+00 -7.7369e-01 +5.8819e-01 -2.7638e-01 +1.4449e+00 +1.0861e+00 -6.1997e-01 -2.6094e-01 -6.5385e-01
1675 0 +2.526656495e+00 +3.132665650e+01 +3.132665650e+01 -2.0982e-01 +1.0576e+00 +8.3495e-01 +8.5300e-01 -1.0065e+00 -1.5312e+00 -1.8100e-01 +7.3222e-01 -8.3472e-01 +5.0123e-02 -8.5490e-01 +1.7799e+00 -7.7479e-01 +5.9163e-01 -2.7690e-01 +1.4515e+00 +1.0832e+00 -6.2058e-01 -2.5515e-01 -6.5532e-01
1826 0 +2.506734544e+00 +3.130673454e+01 +3.130673454e+01 -2.1501e-01 +1.0534e+00 +8.3287e-01 +8.5752e-01 -1.0150e+00 -1.5280e+00 -1.7052e-01 +7.3869e-01 -8.3022e-01 +5.1371e-02 -8.6339e-01 +1.7846e+00 -7.7146e-01 +5.9321e-01 -2.7993e-01 +1.4496e+00 +1.0870e+00 -6.2926e-01 -2.5031e-01 -6.5465e-01
1839 0 +2.444609281e+00 +3.124460928e+01 +3.124460928e+01 -2.1515e-01 +1.0551e+00 +8.3517e-01 +8.5731e-01 -1.0124e+00 -1.5264e+00 -1.6996e-01 +7.3896e-01 -8.3234e-01 +5.1888e-02 -8.6273e-01 +1.7845e+00 -7.7318e-01 +5.9485e-01 -2.8254e-01 +1.4485e+00 +1.0864e+00 -6.2855e-01 -2.5463e-01 -6.5789e-01
1856 0 +2.325635360e+00 +3.112563536e+01 +3.112563536e+01 -2.1382e-01 +1.0538e+00 +8.3407e-01 +8.5812e-01 -1.0139e+00 -1.5270e+00 -1.6874e-01 +7.4060e-01 -8.3180e-01 +5.1280e-02 -8.6275e-01 +1.7818e+00 -7.6840e-01 +5.9201e-01 -2.8369e-01 +1.4516e+00 +1.0868e+00 -6.2900e-01 -2.5626e-01 -6.5973e-01
1870 0 +1.811756991e+00 +3.061175699e+01 +3.061175699e+01 -2.1365e-01 +1.0556e+00 +8.3298e-01 +8.5781e-01 -1.0146e+00 -1.5285e+00 -1.6971e-01 +7.3993e-01 -8.3354e-01 +5.2454e-02 -8.6387e-01 +1.7829e+00 -7.7141e-01 +5.9179e-01 -2.8458e-01 +1.4520e+00 +1.0859e+00 -6.2875e-01 -2.5545e-01 -6.5946e-01
1910 0 +1.776773876e+00 +3.057677388e+01 +3.057677388e+01 -2.1473e-01 +1.0546e+00 +8.3386e-01 +8.5853e-01 -1.0150e+00 -1.5326e+00 -1.6872e-01 +7.3713e-01 -8.3089e-01 +5.5621e-02 -8.6544e-01 +1.7813e+00 -7.7125e-01 +5.9273e-01 -2.8464e-01 +1.4498e+00 +1.0858e+00 -6.3155e-01 -2.5472e-01 -6.5919e-01
1955 0 +1.704929106e+00 +3.050492911e+01 +3.050492911e+01 -2.1481e-01 +1.0537e+00 +8.3262e-01 +8.5889e-01 -1.0117e+00 -1.5327e+00 -1.7023e-01 +7.3770e-01 -8.3048e-01 +5.2472e-02 -8.6407e-01 +1.7818e+00 -7.7228e-01 +5.9274e-01 -2.8350e-01 +1.4503e+00 +1.0857e+00 -6.3190e-01 -2.5645e-01 -6.5891e-01
1971 0 +1.672866605e+00 +3.047286660e+01 +3.047286660e+01 -2.1419e-01 +1.0544e+00 +8.3294e-01 +8.5863e-01 -1.0125e+00 -1.5324e+00 -1.7020e-01 +7.3703e-01 -8.3197e-01 +5.2359e-02 -8.6471e-01 +1.7814e+00 -7.7234e-01 +5.9156e-01 -2.8301e-01 +1.4491e+00 +1.0869e+00 -6.3218e-01 -2.5564e-01 -6.5964e-01
1977 0 +1.648874300e+00 +3.044887430e+01 +3.044887430e+01 -2.1436e-01 +1.0530e+00 +8.3310e-01 +8.5787e-01 -1.0127e+00 -1.5322e+00 -1.6841e-01 +7.3732e-01 -8.3178e-01 +5.1302e-02 -8.6517e-01 +1.7819e+00 -7.7233e-01 +5.9299e-01 -2.8161e-01 +1.4491e+00 +1.0870e+00 -6.3312e-01 -2.5554e-01 -6.5972e-01
1986 0 +1.545935422e+00 +3.034593542e+01 +3.034593542e+01 -2.1371e-01 +1.0533e+00 +8.3328e-01 +8.5871e-01 -1.0129e+00 -1.5325e+00 -1.6948e-01 +7.3684e-01 -8.3125e-01 +5.1733e-02 -8.6346e-01 +1.7804e+00 -7.7327e-01 +5.9182e-01 -2.8166e-01 +1.4492e+00 +1.0887e+00 -6.3316e-01 -2.5603e-01 -6.5921e-01
2004 0 +1.545935422e+00 +3.034593542e+01 +3.034593542e+01 -2.1371e-01 +1.0533e+00 +8.3328e-01 +8.5871e-01 -1.0129e+00 -1.5325e+00 -1.6948e-01 +7.3684e-01 -8.3125e-01 +5.1733e-02 -8.6346e-01 +1.7804e+00 -7.7327e-01 +5.9182e-01 -2.8166e-01 +1.4492e+00 +1.0887e+00 -6.3316e-01 -2.5603e-01 -6.5921e-01
% f evaluations | g evaluations | best noise-free fitness - Fopt (3.534000000000e+01) + sum g_i+ | measured fitness | best measured fitness or single-digit g-values | x1 | x2...
1 0 +9.329167108e+00 +4.466916711e+01 +4.466916711e+01 +3.8367e-01 -1.7341e-02 -2.4403e-01 -4.4791e-01 -1.2875e-01 +1.9405e-01 -5.4768e-02 -3.1800e-02 +1.1041e-01 +3.3722e-01 -1.4984e-01 -7.8249e-01 -2.7620e-01 -3.5792e-01 -2.7162e-01 +1.3707e-01 +1.9576e-02 +3.9288e-02 -1.5346e-02 -2.1040e-01
2 0 +9.016983357e+00 +4.435698336e+01 +4.435698336e+01 -5.1908e-01 +1.4032e-01 +9.4983e-02 +1.1163e-01 -1.0754e-01 +7.0923e-02 -3.9916e-01 +1.7132e-01 -5.1890e-01 +2.6457e-01 +1.4909e-01 -1.7955e-01 -9.5228e-02 +3.1518e-01 -4.5718e-01 -1.3782e-01 -3.7459e-01 +4.1535e-01 +1.3118e-01 +2.9087e-02
3 0 +7.279732526e+00 +4.261973253e+01 +4.261973253e+01 -2.9257e-01 -9.2450e-02 +4.6147e-02 -3.2879e-01 +9.3302e-02 +3.3112e-01 +3.1474e-01 +1.4546e-01 -2.2952e-01 +2.6875e-01 -4.1044e-01 +2.7699e-01 +3.7448e-01 +9.6250e-02 -2.7818e-01 -3.8435e-01 +3.3153e-01 +5.6272e-01 -1.5816e-01 -1.6236e-01
12 0 +6.157213210e+00 +4.149721321e+01 +4.149721321e+01 -2.5093e-01 +2.6318e-01 -2.8545e-01 -8.6110e-02 +6.2953e-03 -3.8060e-02 +1.4522e-01 +2.4311e-02 +9.4761e-02 +9.6107e-02 -3.8041e-01 -3.2844e-01 -3.0802e-01 -3.1026e-01 +1.5380e-01 +1.5464e-01 -3.9485e-01 -6.0865e-01 +5.7272e-01 +5.4269e-01
40 0 +5.691748222e+00 +4.103174822e+01 +4.103174822e+01 +2.7270e-01 +4.2544e-01 -5.0784e-02 -3.4343e-02 -4.4661e-01 -4.3818e-01 +5.6706e-01 -8.8635e-01 +2.7190e-01 +3.2015e-01 +3.3665e-01 -2.6862e-01 -7.0728e-02 +3.4544e-01 -1.0649e-01 -3.7388e-01 -2.6604e-01 -2.0835e-01 +1.5907e-02 +3.7946e-01
288 0 +5.443420158e+00 +4.078342016e+01 +4.078342016e+01 +1.7351e-01 -1.6654e-03 -7.6087e-02 +1.3855e-01 -6.7619e-02 +1.5580e-01 +2.4732e-01 -3.5056e-01 +8.1358e-02 -2.1235e-02 +1.6312e-01 +6.0315e-01 -1.6195e-01 -1.6346e-02 +2.7347e-01 -2.2724e-01 +3.7505e-01 -2.2639e-01 -5.8611e-01 +2.8468e-01
322 0 +5.269787602e+00 +4.060978760e+01 +4.060978760e+01 +2.9840e-01 -1.4790e-01 +4.5568e-02 +1.5772e-01 +2.2871e-02 -3.2571e-02 +2.1160e-01 -4.5563e-01 +1.5312e-01 -9.9343e-03 +3.6161e-01 +5.0498e-01 -1.9185e-01 -2.5224e-01 +2.1873e-01 -3.1413e-01 +2.0353e-01 -3.3875e-01 -4.9091e-01 +2.5921e-01
502 0 +4.427470752e+00 +3.976747075e+01 +3.976747075e+01 +1.9047e-01 -6.6109e-02 +8.4437e-02 +2.0460e-01 -1.3238e-02 -1.3496e-01 +2.1814e-01 -2.3474e-01 -1.6339e-01 -4.0673e-02 +4.7217e-01 +2.6060e-01 +1.2774e-01 +1.3517e-01 +6.6629e-02 -2.6396e-01 +9.6965e-02 -2.7207e-01 -3.2917e-01 +2.7467e-01
578 0 +4.198570464e+00 +3.953857046e+01 +3.953857046e+01 +1.9277e-01 -1.3298e-01 +8.9441e-02 +1.9340e-01 -1.8323e-01 -5.8221e-02 +1.3919e-01 -2.4858e-01 -1.2124e-01 -3.0439e-03 +3.5841e-01 +2.0634e-01 -1.8851e-02 +2.6335e-02 +1.6439e-01 -2.1264e-01 +2.2856e-01 -2.7276e-01 -3.8811e-01 +3.5446e-01
696 0 +4.129017454e+00 +3.946901745e+01 +3.946901745e+01 +1.6194e-01 -2.4489e-01 +7.8579e-02 +1.7140e-01 -6.9990e-02 -1.8316e-01 +4.2287e-02 -2.4265e-01 -1.9411e-01 -1.8365e-02 +3.3659e-01 +2.0594e-01 +1.5108e-02 -4.7313e-02 +1.7271e-01 -2.0648e-01 +1.5166e-01 -2.5521e-01 -3.2389e-01 +2.9589e-01
795 0 +2.177833964e+00 +3.751783396e+01 +3.751783396e+01 +1.8797e-01 -3.2623e-01 +1.1036e-01 +2.3579e-01 +2.8351e-02 -2.4965e-01 +7.9424e-02 -2.0875e-01 -1.3140e-01 +3.0866e-02 +3.5590e-01 +1.8597e-01 -1.3489e-02 -4.5998e-02 +1.5547e-01 -2.0706e-01 +8.2503e-02 -2.2606e-01 -3.2449e-01 +2.8640e-01
878 0 +2.027598834e+00 +3.736759883e+01 +3.736759883e+01 +2.0781e-01 -3.0347e-01 +1.2346e-01 +2.3745e-01 +1.9205e-02 -2.1528e-01 +7.4412e-02 -1.8681e-01 -1.4796e-01 +3.9583e-04 +3.5869e-01 +2.1173e-01 +2.9186e-02 -9.9639e-02 +1.6199e-01 -2.1037e-01 +1.0133e-01 -1.8033e-01 -3.3436e-01 +2.7899e-01
969 0 +1.752632365e+00 +3.709263236e+01 +3.709263236e+01 +1.8683e-01 -3.2947e-01 +8.2476e-02 +2.4673e-01 +1.8878e-02 -2.2748e-01 +8.3829e-02 -1.7065e-01 -1.4170e-01 +1.8823e-02 +3.6016e-01 +2.0610e-01 +8.6546e-03 -1.0410e-01 +1.9184e-01 -1.5674e-01 +8.4745e-02 -2.0764e-01 -3.1999e-01 +2.6137e-01
991 0 +1.737134224e+00 +3.707713422e+01 +3.707713422e+01 +1.9333e-01 -3.3912e-01 +8.5944e-02 +2.3070e-01 +2.5577e-02 -1.9612e-01 +8.9159e-02 -1.8794e-01 -1.3446e-01 +2.8293e-02 +3.5109e-01 +2.0704e-01 -1.0002e-02 -9.3485e-02 +1.9788e-01 -1.5373e-01 +8.8443e-02 -1.9984e-01 -3.2405e-01 +2.6497e-01
1007 0 +1.455071538e+00 +3.679507154e+01 +3.679507154e+01 +1.9660e-01 -3.3067e-01 +8.7459e-02 +2.3912e-01 +1.7499e-02 -2.1145e-01 +9.8640e-02 -1.7999e-01 -1.3796e-01 +2.6500e-02 +3.5139e-01 +2.0340e-01 -8.3587e-03 -8.5293e-02 +1.8943e-01 -1.4394e-01 +9.7827e-02 -2.1818e-01 -3.1693e-01 +2.5877e-01
1078 0 +1.415980703e+00 +3.675598070e+01 +3.675598070e+01 +2.0370e-01 -3.2506e-01 +9.4849e-02 +2.4627e-01 +3.2165e-02 -2.1425e-01 +8.8089e-02 -1.8200e-01 -1.3746e-01 +1.3623e-02 +3.4168e-01 +1.9611e-01 -7.6344e-04 -9.4122e-02 +1.8757e-01 -1.5169e-01 +9.2350e-02 -2.1429e-01 -3.1543e-01 +2.6043e-01
1101 0 +1.129652419e+00 +3.646965242e+01 +3.646965242e+01 +2.0117e-01 -3.3213e-01 +1.0017e-01 +2.4710e-01 +2.4587e-02 -2.1206e-01 +8.7007e-02 -1.8862e-01 -1.3217e-01 +1.5553e-02 +3.4396e-01 +2.0930e-01 +1.7682e-03 -8.4056e-02 +1.7704e-01 -1.4677e-01 +9.5125e-02 -2.1425e-01 -3.2267e-01 +2.6543e-01
1156 0 +1.082987805e+00 +3.642298781e+01 +3.642298781e+01 +2.0120e-01 -3.3561e-01 +9.8235e-02 +2.4549e-01 +2.5298e-02 -2.1074e-01 +8.8231e-02 -1.8435e-01 -1.3021e-01 +1.7512e-02 +3.4424e-01 +2.0965e-01 +7.4064e-03 -8.7433e-02 +1.8322e-01 -1.5550e-01 +9.4954e-02 -2.1321e-01 -3.2004e-01 +2.5980e-01
1193 0 +9.773047027e-01 +3.631730470e+01 +3.631730470e+01 +2.0310e-01 -3.3422e-01 +9.7912e-02 +2.4924e-01 +2.9053e-02 -2.1165e-01 +8.8548e-02 -1.8168e-01 -1.3217e-01 +1.5466e-02 +3.4386e-01 +2.0620e-01 +7.2097e-03 -8.8769e-02 +1.8118e-01 -1.4987e-01 +8.8054e-02 -2.1615e-01 -3.2019e-01 +2.5969e-01
1194 0 +9.667495105e-01 +3.630674951e+01 +3.630674951e+01 +1.9892e-01 -3.3670e-01 +1.0188e-01 +2.4815e-01 +2.8119e-02 -2.1240e-01 +8.8159e-02 -1.8085e-01 -1.2991e-01 +1.7272e-02 +3.4401e-01 +2.0642e-01 +6.5945e-03 -9.0420e-02 +1.8069e-01 -1.5074e-01 +9.0998e-02 -2.1209e-01 -3.1938e-01 +2.5778e-01
1243 0 +9.284009079e-01 +3.626840091e+01 +3.626840091e+01 +2.0100e-01 -3.3780e-01 +1.0138e-01 +2.4484e-01 +3.4955e-02 -2.0862e-01 +8.8553e-02 -1.8293e-01 -1.3386e-01 +1.9592e-02 +3.4501e-01 +2.0238e-01 +7.0234e-03 -8.9354e-02 +1.7778e-01 -1.4861e-01 +9.2675e-02 -2.1218e-01 -3.1949e-01 +2.5704e-01
1274 0 +9.019220072e-01 +3.624192201e+01 +3.624192201e+01 +1.9872e-01 -3.4043e-01 +1.0452e-01 +2.4407e-01 +3.3666e-02 -2.0642e-01 +8.7842e-02 -1.8248e-01 -1.3202e-01 +1.8960e-02 +3.4219e-01 +2.0218e-01 +5.9843e-03 -8.6777e-02 +1.7746e-01 -1.5182e-01 +9.2374e-02 -2.1320e-01 -3.1779e-01 +2.5579e-01
1288 0 +8.886378192e-01 +3.622863782e+01 +3.622863782e+01 +2.0109e-01 -3.3833e-01 +1.0458e-01 +2.4409e-01 +3.0218e-02 -2.0295e-01 +8.9806e-02 -1.8357e-01 -1.3252e-01 +1.7289e-02 +3.4616e-01 +2.0400e-01 +3.2766e-03 -8.8747e-02 +1.7656e-01 -1.5298e-01 +9.1463e-02 -2.1364e-01 -3.1697e-01 +2.5686e-01
1294 0 +8.642616580e-01 +3.620426166e+01 +3.620426166e+01 +2.0249e-01 -3.3825e-01 +1.0412e-01 +2.4377e-01 +3.6778e-02 -2.0405e-01 +8.7513e-02 -1.8112e-01 -1.3389e-01 +1.9877e-02 +3.4176e-01 +2.0484e-01 +3.8070e-03 -8.6955e-02 +1.7553e-01 -1.5083e-01 +9.1084e-02 -2.1381e-01 -3.2042e-01 +2.5685e-01
1298 0 +8.431647695e-01 +3.618316477e+01 +3.618316477e+01 +1.9817e-01 -3.3960e-01 +1.0409e-01 +2.4504e-01 +3.3972e-02 -2.0308e-01 +8.9607e-02 -1.8362e-01 -1.2960e-01 +2.1172e-02 +3.4277e-01 +2.0319e-01 +2.1024e-03 -8.9441e-02 +1.7620e-01 -1.5293e-01 +8.6616e-02 -2.1372e-01 -3.1850e-01 +2.5679e-01
1315 0 +8.148414457e-01 +3.615484145e+01 +3.615484145e+01 +2.0080e-01 -3.3954e-01 +1.0195e-01 +2.4604e-01 +3.1378e-02 -2.0509e-01 +9.2620e-02 -1.8497e-01 -1.3272e-01 +2.0435e-02 +3.4378e-01 +2.0053e-01 +3.0427e-03 -8.6834e-02 +1.7558e-01 -1.5284e-01 +8.7737e-02 -2.1639e-01 -3.1995e-01 +2.5933e-01
1340 0 +7.725317142e-01 +3.611253171e+01 +3.611253171e+01 +2.0155e-01 -3.3875e-01 +1.0230e-01 +2.4790e-01 +3.2358e-02 -2.0358e-01 +9.4381e-02 -1.8413e-01 -1.3100e-01 +2.1105e-02 +3.4426e-01 +2.0193e-01 +3.1052e-03 -8.5990e-02 +1.7296e-01 -1.5309e-01 +8.7767e-02 -2.1592e-01 -3.1634e-01 +2.5547e-01
1342 0 +7.583344557e-01 +3.609833446e+01 +3.609833446e+01 +2.0280e-01 -3.3923e-01 +1.0258e-01 +2.4711e-01 +3.2785e-02 -2.0251e-01 +9.1339e-02 -1.8194e-01 -1.3053e-01 +2.2143e-02 +3.4354e-01 +1.9980e-01 +2.1875e-03 -8.6239e-02 +1.7604e-01 -1.5152e-01 +8.6503e-02 -2.1426e-01 -3.2113e-01 +2.6013e-01
1354 0 +7.387447062e-01 +3.607874471e+01 +3.607874471e+01 +1.9975e-01 -3.3997e-01 +1.0240e-01 +2.4543e-01 +3.0951e-02 -2.0290e-01 +9.2451e-02 -1.8550e-01 -1.3277e-01 +2.3355e-02 +3.4307e-01 +2.0142e-01 +1.4733e-05 -8.4598e-02 +1.7218e-01 -1.5451e-01 +8.5428e-02 -2.1489e-01 -3.2024e-01 +2.5820e-01
1377 0 +6.853399739e-01 +3.602533997e+01 +3.602533997e+01 +2.0159e-01 -3.4114e-01 +1.0288e-01 +2.4396e-01 +3.1752e-02 -1.9908e-01 +9.2821e-02 -1.8250e-01 -1.2884e-01 +2.8233e-02 +3.4222e-01 +1.9954e-01 -1.8082e-03 -8.5045e-02 +1.7051e-01 -1.4946e-01 +8.8030e-02 -2.1513e-01 -3.2200e-01 +2.5882e-01
1416 0 +6.657434374e-01 +3.600574344e+01 +3.600574344e+01 +2.0045e-01 -3.3759e-01 +1.0071e-01 +2.4333e-01 +3.0544e-02 -2.0255e-01 +9.4339e-02 -1.8383e-01 -1.3016e-01 +2.7209e-02 +3.4349e-01 +1.9914e-01 -2.2368e-03 -8.1229e-02 +1.6678e-01 -1.5102e-01 +8.3012e-02 -2.1345e-01 -3.2149e-01 +2.5978e-01
1473 0 +6.554329925e-01 +3.599543299e+01 +3.599543299e+01 +1.9610e-01 -3.3546e-01 +9.8370e-02 +2.4588e-01 +2.8007e-02 -2.0278e-01 +9.4950e-02 -1.8504e-01 -1.3120e-01 +2.4613e-02 +3.4645e-01 +1.9659e-01 -1.0510e-03 -7.8926e-02 +1.6564e-01 -1.5330e-01 +8.2672e-02 -2.1495e-01 -3.1908e-01 +2.6192e-01
1481 0 +6.304299564e-01 +3.597042996e+01 +3.597042996e+01 +1.9896e-01 -3.3573e-01 +1.0103e-01 +2.4501e-01 +2.8775e-02 -2.0385e-01 +9.6077e-02 -1.8401e-01 -1.3148e-01 +2.6810e-02 +3.4316e-01 +1.9726e-01 +1.0094e-04 -7.7234e-02 +1.6529e-01 -1.5313e-01 +8.2844e-02 -2.1554e-01 -3.2001e-01 +2.6283e-01
1503 0 +6.086255725e-01 +3.594862557e+01 +3.594862557e+01 +1.9633e-01 -3.3556e-01 +1.0241e-01 +2.4402e-01 +3.0270e-02 -2.0231e-01 +9.6532e-02 -1.8266e-01 -1.3296e-01 +2.6450e-02 +3.4480e-01 +1.9786e-01 -2.4627e-03 -7.7666e-02 +1.6458e-01 -1.5536e-01 +8.2068e-02 -2.1364e-01 -3.2159e-01 +2.6495e-01
1515 0 +5.986982628e-01 +3.593869826e+01 +3.593869826e+01 +1.9591e-01 -3.3539e-01 +1.0200e-01 +2.4809e-01 +3.0764e-02 -2.0166e-01 +9.4785e-02 -1.8292e-01 -1.2965e-01 +2.6851e-02 +3.4367e-01 +1.9762e-01 -1.9018e-03 -7.7311e-02 +1.6290e-01 -1.5206e-01 +8.1489e-02 -2.1373e-01 -3.2011e-01 +2.6375e-01
1528 0 +5.717329625e-01 +3.591173296e+01 +3.591173296e+01 +1.9592e-01 -3.3369e-01 +1.0366e-01 +2.4590e-01 +3.2077e-02 -2.0206e-01 +9.6688e-02 -1.8489e-01 -1.3123e-01 +2.6549e-02 +3.4316e-01 +1.9503e-01 -2.5556e-03 -7.7199e-02 +1.6061e-01 -1.5219e-01 +8.1312e-02 -2.1510e-01 -3.2121e-01 +2.6238e-01
1550 0 +5.560183226e-01 +3.589601832e+01 +3.589601832e+01 +1.9553e-01 -3.3739e-01 +1.0604e-01 +2.4492e-01 +3.5544e-02 -2.0149e-01 +9.8708e-02 -1.8461e-01 -1.3488e-01 +3.0055e-02 +3.4230e-01 +1.9427e-01 -2.2872e-03 -7.7131e-02 +1.6023e-01 -1.5513e-01 +7.9334e-02 -2.1144e-01 -3.2061e-01 +2.6330e-01
1559 0 +5.468795955e-01 +3.588687960e+01 +3.588687960e+01 +1.9470e-01 -3.3703e-01 +1.0473e-01 +2.4546e-01 +3.2158e-02 -1.9998e-01 +9.7374e-02 -1.8252e-01 -1.3113e-01 +3.0341e-02 +3.4271e-01 +1.9356e-01 -3.6899e-03 -7.5843e-02 +1.5769e-01 -1.5399e-01 +7.9522e-02 -2.1343e-01 -3.2134e-01 +2.5950e-01
1583 0 +5.091103280e-01 +3.584911033e+01 +3.584911033e+01 +1.9303e-01 -3.3557e-01 +1.0321e-01 +2.4499e-01 +3.3035e-02 -2.0105e-01 +1.0059e-01 -1.8357e-01 -1.3204e-01 +3.0352e-02 +3.4319e-01 +1.9483e-01 -7.8867e-04 -7.5266e-02 +1.5762e-01 -1.5443e-01 +7.7429e-02 -2.1438e-01 -3.2239e-01 +2.6339e-01
1587 0 +4.942651212e-01 +3.583426512e+01 +3.583426512e+01 +1.9264e-01 -3.3711e-01 +1.0449e-01 +2.4432e-01 +3.5281e-02 -2.0027e-01 +1.0072e-01 -1.8336e-01 -1.3246e-01 +3.2189e-02 +3.4332e-01 +1.9430e-01 -1.9574e-03 -7.3755e-02 +1.5550e-01 -1.5495e-01 +7.5805e-02 -2.1436e-01 -3.2206e-01 +2.6257e-01
1609 0 +4.854104812e-01 +3.582541048e+01 +3.582541048e+01 +1.9392e-01 -3.3479e-01 +1.0254e-01 +2.4507e-01 +3.1928e-02 -2.0041e-01 +1.0494e-01 -1.8340e-01 -1.3066e-01 +3.1917e-02 +3.4360e-01 +1.9462e-01 -5.7168e-04 -7.1896e-02 +1.5422e-01 -1.5459e-01 +7.7648e-02 -2.1286e-01 -3.2097e-01 +2.6532e-01
1662 0 +4.660806145e-01 +3.580608061e+01 +3.580608061e+01 +1.9347e-01 -3.3515e-01 +1.0622e-01 +2.4173e-01 +3.3973e-02 -1.9854e-01 +1.0370e-01 -1.8645e-01 -1.3112e-01 +2.8406e-02 +3.4576e-01 +1.9616e-01 -2.3276e-03 -7.1303e-02 +1.5387e-01 -1.5789e-01 +7.5996e-02 -2.1200e-01 -3.2215e-01 +2.6624e-01
1697 0 +4.409405087e-01 +3.578094051e+01 +3.578094051e+01 +1.9387e-01 -3.3516e-01 +1.0711e-01 +2.4388e-01 +3.4198e-02 -1.9752e-01 +1.0228e-01 -1.8625e-01 -1.3039e-01 +2.8045e-02 +3.4541e-01 +1.9615e-01 -3.7041e-03 -6.9834e-02 +1.5165e-01 -1.5614e-01 +7.6247e-02 -2.1248e-01 -3.2061e-01 +2.6512e-01
1717 0 +4.323134200e-01 +3.577231342e+01 +3.577231342e+01 +1.9414e-01 -3.3446e-01 +1.0548e-01 +2.4435e-01 +3.5169e-02 -1.9840e-01 +1.0425e-01 -1.8478e-01 -1.3078e-01 +2.9587e-02 +3.4566e-01 +1.9526e-01 -2.7836e-03 -6.8850e-02 +1.5213e-01 -1.5474e-01 +7.5555e-02 -2.1165e-01 -3.2160e-01 +2.6487e-01
1722 0 +4.223193630e-01 +3.576231936e+01 +3.576231936e+01 +1.9343e-01 -3.3582e-01 +1.0771e-01 +2.4384e-01 +3.5560e-02 -1.9564e-01 +1.0439e-01 -1.8625e-01 -1.3138e-01 +2.9805e-02 +3.4451e-01 +1.9305e-01 -3.6481e-03 -6.8339e-02 +1.4898e-01 -1.5618e-01 +7.4341e-02 -2.1152e-01 -3.2364e-01 +2.6622e-01
1742 0 +4.143448608e-01 +3.575434486e+01 +3.575434486e+01 +1.9414e-01 -3.3502e-01 +1.0724e-01 +2.4414e-01 +3.3014e-02 -1.9625e-01 +1.0731e-01 -1.8465e-01 -1.3157e-01 +3.2168e-02 +3.4399e-01 +1.9101e-01 -2.6588e-03 -6.6039e-02 +1.4746e-01 -1.5354e-01 +7.3299e-02 -2.1150e-01 -3.2105e-01 +2.6625e-01
1792 0 +3.871170096e-01 +3.572711701e+01 +3.572711701e+01 +1.9419e-01 -3.3621e-01 +1.0806e-01 +2.4203e-01 +3.3178e-02 -1.9459e-01 +1.0540e-01 -1.8651e-01 -1.3214e-01 +3.2139e-02 +3.4550e-01 +1.9154e-01 -3.8611e-03 -6.3520e-02 +1.4399e-01 -1.5689e-01 +7.1262e-02 -2.1231e-01 -3.2209e-01 +2.6661e-01
1818 0 +3.744123404e-01 +3.571441234e+01 +3.571441234e+01 +1.9224e-01 -3.3566e-01 +1.0790e-01 +2.4145e-01 +3.4336e-02 -1.9221e-01 +1.0881e-01 -1.8824e-01 -1.3223e-01 +3.4579e-02 +3.4440e-01 +1.9151e-01 -7.2159e-03 -6.4792e-02 +1.4197e-01 -1.5673e-01 +7.2423e-02 -2.1160e-01 -3.2241e-01 +2.6661e-01
1838 0 +3.711129075e-01 +3.571111291e+01 +3.571111291e+01 +1.9192e-01 -3.3527e-01 +1.0825e-01 +2.4071e-01 +3.4655e-02 -1.9227e-01 +1.0910e-01 -1.8711e-01 -1.3198e-01 +3.3626e-02 +3.4419e-01 +1.9198e-01 -5.0550e-03 -6.3686e-02 +1.4079e-01 -1.5728e-01 +7.1215e-02 -2.1274e-01 -3.2074e-01 +2.6591e-01
1843 0 +3.606497913e-01 +3.570064979e+01 +3.570064979e+01 +1.9047e-01 -3.3556e-01 +1.0817e-01 +2.4080e-01 +3.5114e-02 -1.9402e-01 +1.0838e-01 -1.8596e-01 -1.3068e-01 +3.5588e-02 +3.4403e-01 +1.8976e-01 -6.8374e-03 -6.1904e-02 +1.3960e-01 -1.5747e-01 +6.9309e-02 -2.1220e-01 -3.2244e-01 +2.6782e-01
1849 0 +3.495189612e-01 +3.568951896e+01 +3.568951896e+01 +1.9100e-01 -3.3522e-01 +1.0960e-01 +2.4163e-01 +3.4755e-02 -1.9103e-01 +1.0816e-01 -1.8617e-01 -1.3097e-01 +3.2941e-02 +3.4276e-01 +1.9203e-01 -5.2585e-03 -6.1175e-02 +1.4134e-01 -1.5749e-01 +7.0964e-02 -2.1146e-01 -3.2242e-01 +2.6845e-01
1911 0 +3.431515417e-01 +3.568315154e+01 +3.568315154e+01 +1.9057e-01 -3.3566e-01 +1.0920e-01 +2.4072e-01 +3.8156e-02 -1.9092e-01 +1.0854e-01 -1.8762e-01 -1.2968e-01 +3.3848e-02 +3.4355e-01 +1.9265e-01 -9.5069e-03 -6.1214e-02 +1.4127e-01 -1.5782e-01 +7.0064e-02 -2.0913e-01 -3.2174e-01 +2.6760e-01
1929 0 +3.338539470e-01 +3.567385395e+01 +3.567385395e+01 +1.8905e-01 -3.3465e-01 +1.1006e-01 +2.3984e-01 +3.9191e-02 -1.9007e-01 +1.0936e-01 -1.8688e-01 -1.3040e-01 +3.3404e-02 +3.4230e-01 +1.9058e-01 -8.8941e-03 -6.0603e-02 +1.4055e-01 -1.5776e-01 +7.0048e-02 -2.0937e-01 -3.2220e-01 +2.6723e-01
1958 0 +3.281431733e-01 +3.566814317e+01 +3.566814317e+01 +1.9080e-01 -3.3762e-01 +1.1302e-01 +2.3806e-01 +3.9508e-02 -1.8899e-01 +1.0858e-01 -1.8840e-01 -1.3212e-01 +3.4450e-02 +3.4066e-01 +1.9091e-01 -1.0520e-02 -6.1741e-02 +1.3915e-01 -1.5773e-01 +6.7812e-02 -2.0688e-01 -3.2169e-01 +2.6632e-01
1971 0 +3.233377715e-01 +3.566333777e+01 +3.566333777e+01 +1.9099e-01 -3.3676e-01 +1.1165e-01 +2.3814e-01 +3.9649e-02 -1.8929e-01 +1.0983e-01 -1.8786e-01 -1.3105e-01 +3.5822e-02 +3.4348e-01 +1.9015e-01 -1.0020e-02 -6.0293e-02 +1.3684e-01 -1.5721e-01 +6.5734e-02 -2.0756e-01 -3.2027e-01 +2.6582e-01
1980 0 +3.136807708e-01 +3.565368077e+01 +3.565368077e+01 +1.8978e-01 -3.3483e-01 +1.1329e-01 +2.3853e-01 +3.7922e-02 -1.8830e-01 +1.1034e-01 -1.8895e-01 -1.3089e-01 +3.3918e-02 +3.4135e-01 +1.9182e-01 -1.0789e-02 -5.8478e-02 +1.3664e-01 -1.5837e-01 +6.9976e-02 -2.0656e-01 -3.2313e-01 +2.6829e-01
2004 0 +3.124421419e-01 +3.565244214e+01 +3.565244214e+01 +1.8849e-01 -3.3486e-01 +1.1230e-01 +2.3748e-01 +4.0453e-02 -1.8900e-01 +1.1032e-01 -1.8769e-01 -1.3139e-01 +3.4436e-02 +3.4212e-01 +1.9222e-01 -1.2522e-02 -6.1351e-02 +1.3771e-01 -1.5728e-01 +6.7789e-02 -2.0528e-01 -3.2249e-01 +2.6798e-01
