% f evaluations | g evaluations | best noise-free fitness - Fopt (1.026100000000e+02) + sum g_i+ | measured fitness | best measured fitness or single-digit g-values | x1 | x2...
1 0 +1.474906550e+02 +2.501006550e+02 +2.501006550e+02 +5.3659e-01 +1.3095e-01 +2.8950e-02 -5.5906e-01 -8.3218e-02 -1.0643e-01 -2.4823e-02 -1.8811e-01 -1.3146e-02 -1.4317e-01
3 0 +1.452847154e+02 +2.478947154e+02 +2.478947154e+02 -3.5551e-01 -6.1695e-02 +4.4585e-01 +7.1016e-02 -3.0714e-01 -2.1390e-01 +1.8758e-01 -4.8156e-02 -2.3066e-01 -6.9012e-02
23 0 +1.353374988e+02 +2.379474988e+02 +2.379474988e+02 +3.5733e-02 -2.9296e-02 +6.0191e-01 -2.4283e-01 -5.1521e-02 +7.1435e-02 -3.5941e-01 -1.0039e-01 -1.8882e-01 +4.2442e-01
37 0 +9.278967447e+01 +1.953996745e+02 +1.953996745e+02 +1.2948e-01 -7.2696e-02 +4.8889e-01 -1.5803e-01 -4.0061e-02 +2.8592e-02 -4.3844e-01 +2.7621e-01 -1.4988e-02 +1.9094e-01
166 0 +8.503140733e+01 +1.876414073e+02 +1.876414073e+02 +5.7307e-01 +7.5177e-01 +1.1953e+00 +4.3271e-02 +8.2033e-01 -4.7819e-01 -6.9861e-01 -5.8437e-02 -1.0164e+00 -1.9110e-01
246 0 +7.931487302e+01 +1.819248730e+02 +1.819248730e+02 +4.7458e-01 +1.3292e+00 +2.2856e+00 +4.0861e-01 +9.0045e-01 -1.1659e+00 -1.0256e+00 -3.8409e-01 -9.8807e-01 -2.8271e-01
314 0 +7.735187117e+01 +1.799618712e+02 +1.799618712e+02 +9.7082e-01 +1.4040e+00 +1.9828e+00 +4.0821e-01 +3.3137e-01 -7.2801e-01 -6.0165e-01 -2.3133e-01 -1.3182e+00 -3.8656e-01
517 0 +7.192056011e+01 +1.745305601e+02 +1.745305601e+02 +4.6024e-01 +1.6512e+00 +1.7404e+00 +2.8263e-01 +3.6653e-01 -9.2874e-01 -1.1857e+00 -3.2486e-01 -1.1636e+00 -4.8806e-01
867 0 +6.541200603e+01 +1.680220060e+02 +1.680220060e+02 +3.2204e-01 +1.4523e+00 +1.7603e+00 -2.2113e-01 +7.8952e-01 -1.4942e+00 -9.6914e-01 +1.1029e-01 -1.1054e+00 -1.3827e-02
1010 0 +6.541200603e+01 +1.680220060e+02 +1.680220060e+02 +3.2204e-01 +1.4523e+00 +1.7603e+00 -2.2113e-01 +7.8952e-01 -1.4942e+00 -9.6914e-01 +1.1029e-01 -1.1054e+00 -1.3827e-02
% f evaluations | g evaluations | best noise-free fitness - Fopt (9.330000000000e+01) + sum g_i+ | measured fitness | best measured fitness or single-digit g-values | x1 | x2...
1 0 +1.557211976e+02 +2.490211976e+02 +2.490211976e+02 +5.3659e-01 +1.3095e-01 +2.8950e-02 -5.5906e-01 -8.3218e-02 -1.0643e-01 -2.4823e-02 -1.8811e-01 -1.3146e-02 -1.4317e-01
2 0 +1.387042315e+02 +2.320042315e+02 +2.320042315e+02 -3.9416e-01 +2.6539e-01 +2.6440e-01 +5.1288e-01 +1.5010e-02 -1.2141e-01 -1.6361e-01 -4.6396e-01 +2.9472e-01 -3.3034e-01
16 0 +1.376794454e+02 +2.309794454e+02 +2.309794454e+02 -3.4616e-01 +6.3894e-03 +7.4760e-01 +5.0787e-01 +8.8420e-02 +1.4020e-01 +9.3787e-02 -4.9262e-01 -3.2021e-01 -2.9128e-01
19 0 +1.261743256e+02 +2.194743256e+02 +2.194743256e+02 -4.7528e-02 -3.4073e-01 +1.9049e-01 +8.9780e-02 -4.3055e-01 -7.8290e-02 +2.7898e-02 -7.9151e-02 -4.0919e-01 -7.8273e-01
31 0 +1.193031160e+02 +2.126031160e+02 +2.126031160e+02 +3.9979e-01 -7.0919e-01 +6.4258e-02 +3.3159e-01 -9.3412e-01 +5.8385e-01 +3.1336e-01 -8.2579e-01 -8.2797e-01 -1.2701e+00
33 0 +1.045614051e+02 +1.978614051e+02 +1.978614051e+02 +3.9693e-01 -8.9729e-01 +7.5326e-01 +1.1427e-01 -3.2027e-01 +7.1455e-01 +3.3025e-01 -7.7222e-01 -8.2597e-03 -1.3333e+00
123 0 +9.737068898e+01 +1.906706890e+02 +1.906706890e+02 -2.4781e-01 -1.5356e+00 +1.2070e+00 +8.2484e-02 -7.7194e-01 -3.0474e-01 -5.2321e-03 -5.5266e-01 -1.4092e-01 -8.1721e-01
151 0 +7.871571180e+01 +1.720157118e+02 +1.720157118e+02 +1.0730e+00 -1.8017e+00 +1.0332e+00 +7.3511e-01 -1.0183e+00 +1.0050e+00 +1.2786e+00 -1.1275e+00 -4.6672e-01 -1.1214e+00
208 0 +7.606654084e+01 +1.693665408e+02 +1.693665408e+02 +2.7461e-03 -1.9192e+00 +2.1491e+00 +9.3530e-01 -7.5673e-01 +2.4663e-01 +1.1497e+00 -1.6888e+00 -4.9548e-01 -1.2956e-01
240 0 +7.566069543e+01 +1.689606954e+02 +1.689606954e+02 -2.8855e-02 -1.7971e+00 +2.0018e+00 +1.4112e+00 -6.2008e-01 +9.0092e-02 +8.5675e-01 -1.0705e+00 -1.1847e+00 -3.4946e-01
472 0 +5.533662739e+01 +1.486366274e+02 +1.486366274e+02 +1.6120e+00 -1.1492e+00 +2.0756e+00 +1.8923e-01 -2.0777e-01 +1.0049e+00 -5.8886e-01 -2.1524e+00 +8.7931e-03 -1.0360e+00
684 0 +4.042358209e+01 +1.337235821e+02 +1.337235821e+02 +9.4863e-01 -1.1464e+00 +1.6336e+00 +2.8925e-01 -2.7397e-01 +8.1068e-01 -8.9247e-01 -2.4652e+00 -3.5259e-01 -1.2220e+00
1010 0 +4.042358209e+01 +1.337235821e+02 +1.337235821e+02 +9.4863e-01 -1.1464e+00 +1.6336e+00 +2.8925e-01 -2.7397e-01 +8.1068e-01 -8.9247e-01 -2.4652e+00 -3.5259e-01 -1.2220e+00
% f evaluations | g evaluations | best noise-free fitness - Fopt (1.364000000000e+01) + sum g_i+ | measured fitness | best measured fitness or single-digit g-values | x1 | x2...
1 0 +1.679078187e+02 +1.815478187e+02 +1.815478187e+02 +5.3659e-01 +1.3095e-01 +2.8950e-02 -5.5906e-01 -8.3218e-02 -1.0643e-01 -2.4823e-02 -1.8811e-01 -1.3146e-02 -1.4317e-01
4 0 +1.359373883e+02 +1.495773883e+02 +1.495773883e+02 +2.2352e-01 +5.9284e-01 -3.7324e-01 -1.8793e-01 -2.4113e-01 -7.2574e-01 -2.7715e-01 -3.0717e-01 +3.3721e-01 -3.9576e-02
5 0 +1.167943418e+02 +1.304343418e+02 +1.304343418e+02 -4.8699e-01 +1.9400e-01 -1.0688e-01 -5.2295e-01 -1.7900e-01 -1.7658e-01 -2.6217e-01 +8.9145e-03 -6.7450e-01 -8.0332e-02
17 0 +1.108682498e+02 +1.245082498e+02 +1.245082498e+02 -5.4173e-01 -2.4969e-01 +2.8037e-01 -2.7538e-01 -1.7880e-01 -7.4909e-01 +2.0300e-01 +7.6415e-02 -7.5280e-01 +1.8926e-01
120 0 +1.086577404e+02 +1.222977404e+02 +1.222977404e+02 -3.3472e-01 +6.1699e-01 -2.0470e-01 -3.4707e-01 -8.2411e-01 +3.9428e-01 +3.5796e-01 +9.9889e-01 -9.1991e-01 -6.6964e-01
155 0 +1.026055137e+02 +1.162455137e+02 +1.162455137e+02 +2.3257e-02 +7.8821e-02 -6.9218e-01 +3.1258e-01 -5.5636e-01 -2.8158e-01 +5.7832e-01 +7.6476e-01 +2.4606e-02 -4.9602e-01
195 0 +8.984635920e+01 +1.034863592e+02 +1.034863592e+02 +9.6842e-01 -9.0046e-02 -9.0616e-01 +6.1408e-01 -4.6987e-01 +2.4344e-01 +1.3755e+00 +5.2801e-02 -5.0330e-01 -5.1600e-01
275 0 +8.885572037e+01 +1.024957204e+02 +1.024957204e+02 +1.1714e+00 -1.3551e-01 -1.5500e+00 +4.4091e-01 -4.3078e-01 +4.0391e-01 +6.9166e-01 -1.3890e-01 +2.0013e-01 -5.8453e-01
347 0 +8.611146844e+01 +9.975146844e+01 +9.975146844e+01 +1.1757e+00 +6.8693e-02 -1.4065e+00 +5.8529e-01 -4.4799e-01 +2.1471e-01 +4.8432e-01 -2.2338e-01 -2.0936e-01 -6.0089e-01
356 0 +8.305417715e+01 +9.669417715e+01 +9.669417715e+01 +1.1872e+00 +1.9740e-01 -1.4480e+00 +7.3028e-01 -4.6304e-01 +4.2313e-01 +9.4288e-01 -3.8507e-01 -5.7837e-01 -5.8461e-01
431 0 +7.671376475e+01 +9.035376475e+01 +9.035376475e+01 +1.3031e+00 -7.0144e-01 -1.8371e+00 +1.9480e-01 -2.1334e-02 +7.9070e-01 +8.4616e-01 -7.1843e-01 -8.0210e-01 -5.8516e-01
1010 0 +7.671376475e+01 +9.035376475e+01 +9.035376475e+01 +1.3031e+00 -7.0144e-01 -1.8371e+00 +1.9480e-01 -2.1334e-02 +7.9070e-01 +8.4616e-01 -7.1843e-01 -8.0210e-01 -5.8516e-01
% f evaluations | g evaluations | best noise-free fitness - Fopt (1.948000000000e+02) + sum g_i+ | measured fitness | best measured fitness or single-digit g-values | x1 | x2...
1 0 +1.495459401e+02 +3.443459401e+02 +3.443459401e+02 +5.3659e-01 +1.3095e-01 +2.8950e-02 -5.5906e-01 -8.3218e-02 -1.0643e-01 -2.4823e-02 -1.8811e-01 -1.3146e-02 -1.4317e-01
2 0 +1.490826070e+02 +3.438826070e+02 +3.438826070e+02 -3.9416e-01 +2.6539e-01 +2.6440e-01 +5.1288e-01 +1.5010e-02 -1.2141e-01 -1.6361e-01 -4.6396e-01 +2.9472e-01 -3.3034e-01
4 0 +7.707262067e+01 +2.718726207e+02 +2.718726207e+02 +2.2352e-01 +5.9284e-01 -3.7324e-01 -1.8793e-01 -2.4113e-01 -7.2574e-01 -2.7715e-01 -3.0717e-01 +3.3721e-01 -3.9576e-02
951 0 +7.349089905e+01 +2.682908991e+02 +2.682908991e+02 +4.1404e-01 +1.9743e+00 -5.9978e-01 +2.3115e+00 -2.8445e-01 -4.3570e-01 -1.9084e+00 -1.7977e-01 +1.0081e+00 +1.0854e+00
1010 0 +7.349089905e+01 +2.682908991e+02 +2.682908991e+02 +4.1404e-01 +1.9743e+00 -5.9978e-01 +2.3115e+00 -2.8445e-01 -4.3570e-01 -1.9084e+00 -1.7977e-01 +1.0081e+00 +1.0854e+00
% f evaluations | g evaluations | best noise-free fitness - Fopt (-1.335900000000e+02) + sum g_i+ | measured fitness | best measured fitness or single-digit g-values | x1 | x2...
1 0 +1.514815428e+02 +1.789154282e+01 +1.789154282e+01 +5.3659e-01 +1.3095e-01 +2.8950e-02 -5.5906e-01 -8.3218e-02 -1.0643e-01 -2.4823e-02 -1.8811e-01 -1.3146e-02 -1.4317e-01
2 0 +1.452304208e+02 +1.164042082e+01 +1.164042082e+01 -3.9416e-01 +2.6539e-01 +2.6440e-01 +5.1288e-01 +1.5010e-02 -1.2141e-01 -1.6361e-01 -4.6396e-01 +2.9472e-01 -3.3034e-01
7 0 +9.615985887e+01 -3.743014113e+01 -3.743014113e+01 +3.1444e-01 +4.0012e-01 -5.9225e-02 +5.3240e-01 -2.0242e-01 +4.5186e-02 +4.5885e-02 -3.1927e-01 +1.3139e-01 +5.8172e-01
8 0 +9.239162428e+01 -4.119837572e+01 -4.119837572e+01 -3.0748e-01 +2.6980e-01 -4.6353e-02 +5.3090e-01 +1.4514e-01 +2.0287e-01 +1.9295e-01 +7.4729e-02 -4.1875e-01 +4.1752e-01
39 0 +9.077426882e+01 -4.281573118e+01 -4.281573118e+01 +1.4142e-01 +4.0062e-01 +6.4985e-03 +6.9709e-01 +1.4714e-01 -2.1072e-01 +2.6273e-01 -2.3780e-01 +4.1137e-01 -2.1059e-01
212 0 +8.596910268e+01 -4.762089732e+01 -4.762089732e+01 +1.1838e+00 -1.5242e-01 -2.7258e-02 +1.5990e+00 +9.0264e-01 -1.0672e+00 -5.5959e-01 +3.3247e-01 +3.8232e-01 -4.7600e-01
228 0 +8.025164945e+01 -5.333835055e+01 -5.333835055e+01 +1.8404e+00 -6.2356e-01 -7.0931e-02 +1.6642e+00 +8.5664e-01 -1.0968e+00 -1.9694e-01 +7.2504e-01 +1.2906e+00 -6.1781e-01
243 0 +7.542204746e+01 -5.816795254e+01 -5.816795254e+01 +9.1433e-01 -6.3887e-01 +8.8051e-02 +2.0027e+00 +3.7714e-01 -1.1803e+00 -2.2369e-01 +1.6646e-01 +9.6751e-01 -5.8939e-01
377 0 +4.845271488e+01 -8.513728512e+01 -8.513728512e+01 +1.2463e+00 -9.4088e-01 +1.0125e-01 +2.0384e+00 +8.2503e-01 -2.3650e+00 -8.0355e-01 +1.1807e+00 +1.1176e+00 -1.6405e+00
1010 0 +4.845271488e+01 -8.513728512e+01 -8.513728512e+01 +1.2463e+00 -9.4088e-01 +1.0125e-01 +2.0384e+00 +8.2503e-01 -2.3650e+00 -8.0355e-01 +1.1807e+00 +1.1176e+00 -1.6405e+00
% f evaluations | g evaluations | best noise-free fitness - Fopt (-3.085000000000e+01) + sum g_i+ | measured fitness | best measured fitness or single-digit g-values | x1 | x2...
1 0 +1.645096662e+02 +1.336596662e+02 +1.336596662e+02 +5.3659e-01 +1.3095e-01 +2.8950e-02 -5.5906e-01 -8.3218e-02 -1.0643e-01 -2.4823e-02 -1.8811e-01 -1.3146e-02 -1.4317e-01
2 0 +1.561689498e+02 +1.253189498e+02 +1.253189498e+02 -3.9416e-01 +2.6539e-01 +2.6440e-01 +5.1288e-01 +1.5010e-02 -1.2141e-01 -1.6361e-01 -4.6396e-01 +2.9472e-01 -3.3034e-01
7 0 +1.391310522e+02 +1.082810522e+02 +1.082810522e+02 +3.1444e-01 +4.0012e-01 -5.9225e-02 +5.3240e-01 -2.0242e-01 +4.5186e-02 +4.5885e-02 -3.1927e-01 +1.3139e-01 +5.8172e-01
12 0 +1.318697965e+02 +1.010197965e+02 +1.010197965e+02 -2.4323e-01 +2.9609e-01 +4.1355e-02 +7.5247e-01 -4.1371e-01 +1.2421e-01 +5.2137e-02 -5.9717e-01 +1.6542e-01 +1.7776e-02
42 0 +1.258754612e+02 +9.502546117e+01 +9.502546117e+01 -4.2026e-01 +2.1561e-01 +2.9572e-01 +6.5155e-01 -1.5854e-01 -4.7020e-01 +2.4820e-02 -6.6969e-01 -1.6792e-02 -2.2056e-01
45 0 +1.153458075e+02 +8.449580751e+01 +8.449580751e+01 +2.3730e-02 -5.6502e-03 +5.0466e-01 +6.9577e-01 -3.4775e-01 -6.9720e-01 -1.7208e-02 -1.1889e+00 +4.5022e-01 +4.0342e-03
50 0 +1.134274096e+02 +8.257740963e+01 +8.257740963e+01 +3.1378e-01 -2.1050e-02 +3.4814e-01 +1.1266e-01 -3.2166e-01 -4.1669e-01 -8.9513e-02 -1.4165e-01 +4.6913e-01 -2.8790e-01
79 0 +9.236454036e+01 +6.151454036e+01 +6.151454036e+01 +5.1016e-01 -3.3488e-01 +7.7762e-01 +2.7711e-01 -4.7916e-03 -3.5823e-01 -4.3697e-02 -2.7433e-01 -6.2424e-02 -2.8637e-01
127 0 +8.839774417e+01 +5.754774417e+01 +5.754774417e+01 +1.6828e-01 -6.4920e-01 +2.1264e-01 -4.4408e-01 -4.0068e-02 -5.2155e-01 +1.1512e-01 -2.9516e-01 +4.7770e-01 -3.6540e-01
141 0 +8.529235164e+01 +5.444235164e+01 +5.444235164e+01 +6.5511e-03 -1.2455e+00 +2.4892e-01 +3.8418e-03 -2.1800e-01 -1.4486e-01 -1.0106e-01 -4.1862e-01 +5.1305e-01 -4.2555e-01
235 0 +7.233709699e+01 +4.148709699e+01 +4.148709699e+01 -9.4544e-01 -1.0913e+00 +8.2161e-01 +2.4557e-01 -9.1351e-01 -6.7529e-01 +3.4676e-01 -4.7759e-01 +2.6260e-01 -3.8406e-01
534 0 +6.410229879e+01 +3.325229879e+01 +3.325229879e+01 -1.8983e+00 -5.9293e-01 +6.9211e-02 -1.3139e-01 -8.2186e-01 -1.4945e+00 +7.5564e-01 -7.0570e-01 +5.1387e-02 -1.2296e+00
798 0 +6.155114392e+01 +3.070114392e+01 +3.070114392e+01 -2.2730e+00 -2.4461e-01 +1.9810e-01 +1.7123e-01 -1.1128e+00 -1.2054e+00 +3.3038e-01 -1.1730e+00 +6.0319e-01 -1.4125e+00
1010 0 +6.155114392e+01 +3.070114392e+01 +3.070114392e+01 -2.2730e+00 -2.4461e-01 +1.9810e-01 +1.7123e-01 -1.1128e+00 -1.2054e+00 +3.3038e-01 -1.1730e+00 +6.0319e-01 -1.4125e+00
% f evaluations | g evaluations | best noise-free fitness - Fopt (-9.200000000000e+00) + sum g_i+ | measured fitness | best measured fitness or single-digit g-values | x1 | x2...
1 0 +1.881018653e+02 +1.789018653e+02 +1.789018653e+02 +5.3659e-01 +1.3095e-01 +2.8950e-02 -5.5906e-01 -8.3218e-02 -1.0643e-01 -2.4823e-02 -1.8811e-01 -1.3146e-02 -1.4317e-01
2 0 +1.855789704e+02 +1.763789704e+02 +1.763789704e+02 -3.9416e-01 +2.6539e-01 +2.6440e-01 +5.1288e-01 +1.5010e-02 -1.2141e-01 -1.6361e-01 -4.6396e-01 +2.9472e-01 -3.3034e-01
3 0 +1.317188045e+02 +1.225188045e+02 +1.225188045e+02 -3.5551e-01 -6.1695e-02 +4.4585e-01 +7.1016e-02 -3.0714e-01 -2.1390e-01 +1.8758e-01 -4.8156e-02 -2.3066e-01 -6.9012e-02
4 0 +1.236290821e+02 +1.144290821e+02 +1.144290821e+02 +2.2352e-01 +5.9284e-01 -3.7324e-01 -1.8793e-01 -2.4113e-01 -7.2574e-01 -2.7715e-01 -3.0717e-01 +3.3721e-01 -3.9576e-02
13 0 +8.987661390e+01 +8.067661390e+01 +8.067661390e+01 +6.3786e-02 +3.6442e-01 +1.7423e-01 -2.2624e-02 -3.9082e-02 -7.1098e-01 +2.1037e-01 -4.3061e-01 +3.2477e-01 +4.2123e-02
199 0 +7.238225603e+01 +6.318225603e+01 +6.318225603e+01 -1.0621e+00 +3.4231e-01 -1.0399e+00 -8.2531e-01 -9.7174e-01 -2.3641e-01 +1.1598e+00 +4.6393e-02 -1.1184e-01 -1.0499e+00
658 0 +6.229799939e+01 +5.309799939e+01 +5.309799939e+01 -1.6243e+00 -1.0564e+00 -4.7072e-01 -1.4642e+00 -8.8182e-01 -1.2552e+00 +2.1681e+00 +1.4740e+00 -8.1891e-01 -1.3386e+00
957 0 +5.972576456e+01 +5.052576456e+01 +5.052576456e+01 -1.0988e+00 -1.6580e+00 -6.2372e-01 -2.1302e+00 -2.2649e+00 -1.2558e+00 +1.0653e+00 +2.3149e-01 -1.6117e+00 -1.6646e+00
1010 0 +5.972576456e+01 +5.052576456e+01 +5.052576456e+01 -1.0988e+00 -1.6580e+00 -6.2372e-01 -2.1302e+00 -2.2649e+00 -1.2558e+00 +1.0653e+00 +2.3149e-01 -1.6117e+00 -1.6646e+00
% f evaluations | g evaluations | best noise-free fitness - Fopt (-2.037600000000e+02) + sum g_i+ | measured fitness | best measured fitness or single-digit g-values | x1 | x2...
1 0 +1.640790196e+02 -3.968098044e+01 -3.968098044e+01 +5.3659e-01 +1.3095e-01 +2.8950e-02 -5.5906e-01 -8.3218e-02 -1.0643e-01 -2.4823e-02 -1.8811e-01 -1.3146e-02 -1.4317e-01
5 0 +1.410919660e+02 -6.266803401e+01 -6.266803401e+01 -4.8699e-01 +1.9400e-01 -1.0688e-01 -5.2295e-01 -1.7900e-01 -1.7658e-01 -2.6217e-01 +8.9145e-03 -6.7450e-01 -8.0332e-02
6 0 +1.292965112e+02 -7.446348878e+01 -7.446348878e+01 +3.0396e-01 +2.5584e-01 +3.3246e-01 +3.3582e-01 +4.4627e-01 -3.3550e-01 +2.5376e-01 -5.5829e-01 -1.8087e-01 -5.7437e-01
13 0 +1.203292670e+02 -8.343073305e+01 -8.343073305e+01 +3.4788e-01 +4.7366e-01 +3.9103e-01 +1.6362e-01 +3.9831e-01 +1.3262e-01 +8.8999e-03 -1.8519e-01 -5.0723e-01 -3.8372e-01
21 0 +1.160336026e+02 -8.772639744e+01 -8.772639744e+01 +1.1792e-01 +4.8325e-01 +4.9841e-01 +3.1484e-01 +2.8262e-01 +1.3366e-03 +1.2123e-01 +4.7760e-02 -3.2723e-01 +4.7350e-02
131 0 +1.147543155e+02 -8.900568448e+01 -8.900568448e+01 +8.2509e-02 +7.6154e-01 +6.5901e-01 +7.6116e-01 +4.5359e-01 +1.9567e-01 +2.9001e-01 -5.5102e-01 -1.1401e+00 -4.2748e-01
218 0 +9.981454096e+01 -1.039454590e+02 -1.039454590e+02 -7.5016e-01 -2.1074e-01 +2.5241e-01 +2.8010e-01 +1.3402e-01 +3.0674e-01 +1.1216e+00 -7.1029e-01 -1.9745e+00 -7.2814e-01
278 0 +7.655672068e+01 -1.272032793e+02 -1.272032793e+02 -6.1234e-01 -2.2729e-01 +4.7610e-02 +1.3464e-01 +3.7185e-01 +2.3288e-01 +9.3422e-01 -9.7061e-01 -1.2583e+00 -5.9968e-01
616 0 +7.564975979e+01 -1.281102402e+02 -1.281102402e+02 -8.8638e-01 +5.3735e-01 -1.2238e+00 +3.6678e-01 +5.8184e-01 -8.4047e-01 +1.7224e+00 -9.7986e-01 -1.5678e+00 -1.8930e-01
1010 0 +7.465692398e+01 -1.291030760e+02 -1.291030760e+02 -1.0090e+00 +3.4655e-01 -1.1816e+00 +1.9518e-01 +5.5180e-01 -9.3984e-01 +1.5720e+00 -8.1142e-01 -1.7180e+00 -5.7361e-01
% f evaluations | g evaluations | best noise-free fitness - Fopt (3.399000000000e+01) + sum g_i+ | measured fitness | best measured fitness or single-digit g-values | x1 | x2...
1 0 +1.577183427e+02 +1.917083427e+02 +1.917083427e+02 +5.3659e-01 +1.3095e-01 +2.8950e-02 -5.5906e-01 -8.3218e-02 -1.0643e-01 -2.4823e-02 -1.8811e-01 -1.3146e-02 -1.4317e-01
2 0 +1.392947791e+02 +1.732847791e+02 +1.732847791e+02 -3.9416e-01 +2.6539e-01 +2.6440e-01 +5.1288e-01 +1.5010e-02 -1.2141e-01 -1.6361e-01 -4.6396e-01 +2.9472e-01 -3.3034e-01
5 0 +1.374446571e+02 +1.714346571e+02 +1.714346571e+02 -4.8699e-01 +1.9400e-01 -1.0688e-01 -5.2295e-01 -1.7900e-01 -1.7658e-01 -2.6217e-01 +8.9145e-03 -6.7450e-01 -8.0332e-02
15 0 +1.242085327e+02 +1.581985327e+02 +1.581985327e+02 -6.3528e-01 +9.0138e-02 -1.4860e-01 +9.3571e-02 +6.8881e-02 -4.3517e-01 -2.6107e-01 -1.0121e-01 -3.3303e-01 -3.0369e-01
22 0 +1.188736438e+02 +1.528636438e+02 +1.528636438e+02 -2.4598e-01 +4.1257e-01 +2.1097e-02 -2.8269e-01 +9.1445e-02 +2.9344e-01 +1.4949e-01 -4.4456e-01 -2.2919e-01 -3.9250e-01
63 0 +1.114234081e+02 +1.454134081e+02 +1.454134081e+02 -6.6534e-01 +4.0366e-01 -7.4418e-02 -6.9018e-01 +8.5947e-02 +3.7356e-01 +6.8958e-01 -7.4552e-01 -2.8685e-01 -1.8816e-01
123 0 +1.052475821e+02 +1.392375821e+02 +1.392375821e+02 -5.4480e-01 +2.5775e-01 -1.4231e-01 -5.6675e-01 -5.2549e-02 -5.3553e-01 +7.7005e-01 -5.0605e-01 -7.0745e-01 -4.3010e-01
170 0 +8.723309946e+01 +1.212230995e+02 +1.212230995e+02 -4.0267e-01 +2.1002e-01 -4.5124e-01 -6.6115e-01 +2.7813e-01 -7.1755e-01 +1.1973e+00 -3.0748e-01 +5.9916e-01 -4.7212e-01
325 0 +8.481183801e+01 +1.188018380e+02 +1.188018380e+02 +6.8648e-01 +7.6675e-01 -1.1408e+00 -7.3614e-01 -1.6509e-02 -4.6993e-01 +2.4981e-01 +4.1923e-01 +6.9246e-01 -1.2594e+00
419 0 +7.435356733e+01 +1.083435673e+02 +1.083435673e+02 +9.8934e-01 +1.1237e+00 -1.1943e+00 -1.7486e-01 -6.9596e-02 -9.1355e-01 -2.5431e-01 +3.9285e-01 +1.0928e+00 -1.5238e+00
681 0 +6.045504438e+01 +9.444504438e+01 +9.444504438e+01 +5.5131e-01 +1.1160e+00 -8.6394e-01 -2.8644e-01 +1.3010e-01 -9.0826e-01 +4.5966e-01 +7.4271e-01 +7.1143e-01 -9.9949e-01
1010 0 +6.045504438e+01 +9.444504438e+01 +9.444504438e+01 +5.5131e-01 +1.1160e+00 -8.6394e-01 -2.8644e-01 +1.3010e-01 -9.0826e-01 +4.5966e-01 +7.4271e-01 +7.1143e-01 -9.9949e-01
% f evaluations | g evaluations | best noise-free fitness - Fopt (-1.000000000000e+03) + sum g_i+ | measured fitness | best measured fitness or single-digit g-values | x1 | x2...
1 0 +1.190084820e+02 -8.809915180e+02 -8.809915180e+02 +5.3659e-01 +1.3095e-01 +2.8950e-02 -5.5906e-01 -8.3218e-02 -1.0643e-01 -2.4823e-02 -1.8811e-01 -1.3146e-02 -1.4317e-01
7 0 +1.129487443e+02 -8.870512557e+02 -8.870512557e+02 +3.1444e-01 +4.0012e-01 -5.9225e-02 +5.3240e-01 -2.0242e-01 +4.5186e-02 +4.5885e-02 -3.1927e-01 +1.3139e-01 +5.8172e-01
89 0 +1.089219978e+02 -8.910780022e+02 -8.910780022e+02 +7.0242e-01 +1.2979e+00 +2.7976e-01 -2.8488e-01 -1.2425e+00 -8.1032e-01 +7.4301e-01 -2.1438e-01 -2.4855e-02 +4.4698e-01
136 0 +9.903314212e+01 -9.009668579e+02 -9.009668579e+02 +7.6894e-01 +1.4705e+00 +4.5130e-01 -5.5065e-01 -4.4806e-01 -1.0365e+00 +9.6152e-01 +1.4704e-01 -9.9089e-02 +8.5444e-01
161 0 +9.050747578e+01 -9.094925242e+02 -9.094925242e+02 +7.2274e-01 +1.4353e+00 +1.5057e+00 -2.7865e-01 +3.5915e-01 -1.1745e+00 +1.1501e+00 +4.9095e-01 -8.5826e-01 +1.1665e-01
179 0 +8.839021202e+01 -9.116097880e+02 -9.116097880e+02 +1.3976e+00 +1.2936e+00 +1.5523e+00 -5.3404e-01 +3.0442e-01 -1.2701e+00 +2.1557e+00 +8.2013e-01 -9.0174e-01 +2.3256e-01
180 0 +8.534595554e+01 -9.146540445e+02 -9.146540445e+02 +1.3109e+00 +1.0418e+00 +1.3600e+00 -8.0425e-01 -3.8959e-01 -1.6763e+00 +1.4740e+00 +5.2583e-01 -4.4772e-01 -1.3971e-01
205 0 +8.498266399e+01 -9.150173360e+02 -9.150173360e+02 +1.3554e+00 +7.6466e-01 +1.2080e+00 -3.8980e-01 +2.9554e-01 -1.6733e+00 +1.3720e+00 -8.5573e-01 +4.4923e-02 -4.4432e-01
226 0 +7.772917280e+01 -9.222708272e+02 -9.222708272e+02 +1.7203e+00 +7.4660e-01 +1.8106e+00 -8.8091e-01 +1.1100e+00 -1.9941e+00 +1.2896e+00 -6.2265e-01 -2.0673e-01 -1.2804e+00
264 0 +7.660162727e+01 -9.233983727e+02 -9.233983727e+02 +1.8568e+00 +1.0831e+00 +1.4041e+00 -1.2880e+00 +1.3858e+00 -2.5116e+00 +2.1691e+00 -1.0199e+00 +1.3055e-03 -1.5717e+00
308 0 +7.457049786e+01 -9.254295021e+02 -9.254295021e+02 +1.5591e+00 +7.2837e-01 +1.8144e+00 -1.3112e+00 +1.5586e+00 -3.3735e+00 +9.4277e-01 -1.1317e+00 -2.2264e-01 -1.1373e+00
330 0 +6.874284859e+01 -9.312571514e+02 -9.312571514e+02 +1.4781e+00 +1.3985e+00 +2.3365e+00 -1.1895e+00 +2.4506e+00 -2.6677e+00 +1.2538e+00 -1.1149e+00 -3.3114e-01 -1.6570e+00
539 0 +5.265214984e+01 -9.473478502e+02 -9.473478502e+02 +1.3633e+00 +5.9773e-01 +1.7519e+00 -1.5189e+00 +1.6047e+00 -1.7750e+00 +1.5379e-01 +3.2405e-01 -4.6787e-01 -1.2433e+00
989 0 +3.211616771e+01 -9.678838323e+02 -9.678838323e+02 +1.5589e+00 +9.9779e-01 +1.6202e+00 -1.2919e+00 +1.5254e+00 -2.7403e+00 +1.2036e+00 -8.8477e-01 -5.6355e-01 -6.6631e-01
1010 0 +3.211616771e+01 -9.678838323e+02 -9.678838323e+02 +1.5589e+00 +9.9779e-01 +1.6202e+00 -1.2919e+00 +1.5254e+00 -2.7403e+00 +1.2036e+00 -8.8477e-01 -5.6355e-01 -6.6631e-01
% f evaluations | g evaluations | best noise-free fitness - Fopt (-1.000000000000e+03) + sum g_i+ | measured fitness | best measured fitness or single-digit g-values | x1 | x2...
1 0 +1.600111593e+02 -8.399888407e+02 -8.399888407e+02 +5.3659e-01 +1.3095e-01 +2.8950e-02 -5.5906e-01 -8.3218e-02 -1.0643e-01 -2.4823e-02 -1.8811e-01 -1.3146e-02 -1.4317e-01
4 0 +1.174549910e+02 -8.825450090e+02 -8.825450090e+02 +2.2352e-01 +5.9284e-01 -3.7324e-01 -1.8793e-01 -2.4113e-01 -7.2574e-01 -2.7715e-01 -3.0717e-01 +3.3721e-01 -3.9576e-02
31 0 +1.117209281e+02 -8.882790719e+02 -8.882790719e+02 +1.7365e-02 -6.4313e-02 +3.8886e-01 -4.8523e-01 -2.4110e-01 -3.2089e-01 -1.4680e-02 -1.7790e-01 -3.5315e-02 -1.1801e-01
42 0 +9.599834642e+01 -9.040016536e+02 -9.040016536e+02 -9.4987e-02 +4.0539e-01 +3.4985e-01 -4.6117e-02 -3.8251e-01 -5.7993e-01 -3.7981e-01 -1.9620e-01 -1.1327e-01 -3.3501e-01
84 0 +9.071682359e+01 -9.092831764e+02 -9.092831764e+02 -4.7069e-01 +6.1617e-01 +5.5941e-02 -1.2092e+00 -1.1753e+00 -1.6301e-01 -7.9106e-01 -8.8551e-01 +5.4907e-01 -1.2887e-01
270 0 +8.532045261e+01 -9.146795474e+02 -9.146795474e+02 +1.5852e+00 +1.1350e+00 +3.6367e-01 -1.4017e-01 -1.1522e+00 -1.1196e+00 -3.6626e-01 -8.3163e-01 +9.9867e-01 -6.0480e-01
271 0 +8.458711125e+01 -9.154128888e+02 -9.154128888e+02 +9.3946e-01 +8.6047e-01 +5.1178e-01 -6.8975e-01 -9.3073e-01 -7.4563e-01 +1.0007e-01 -2.9225e-01 +6.7046e-01 -6.1963e-01
279 0 +7.398809005e+01 -9.260119100e+02 -9.260119100e+02 +8.8854e-01 +1.1027e+00 +4.3672e-01 -6.3717e-01 -1.1357e+00 -1.7868e+00 -3.9910e-01 -8.2043e-01 +6.9292e-01 -2.6930e-01
305 0 +6.417219645e+01 -9.358278036e+02 -9.358278036e+02 +9.3337e-01 +1.0208e+00 +8.9408e-01 -6.6922e-01 -1.1674e+00 -2.1370e+00 -6.6141e-01 -1.3287e+00 +4.1493e-01 -4.2203e-01
737 0 +5.156123974e+01 -9.484387603e+02 -9.484387603e+02 +2.0060e+00 +5.5334e-01 +1.8713e+00 -1.1853e+00 -7.5775e-01 -1.3675e+00 -5.4433e-01 -1.1124e+00 -3.7260e-01 -6.9126e-01
1010 0 +5.156123974e+01 -9.484387603e+02 -9.484387603e+02 +2.0060e+00 +5.5334e-01 +1.8713e+00 -1.1853e+00 -7.5775e-01 -1.3675e+00 -5.4433e-01 -1.1124e+00 -3.7260e-01 -6.9126e-01
% f evaluations | g evaluations | best noise-free fitness - Fopt (-1.272000000000e+01) + sum g_i+ | measured fitness | best measured fitness or single-digit g-values | x1 | x2...
1 0 +1.744262598e+02 +1.617062598e+02 +1.617062598e+02 +5.3659e-01 +1.3095e-01 +2.8950e-02 -5.5906e-01 -8.3218e-02 -1.0643e-01 -2.4823e-02 -1.8811e-01 -1.3146e-02 -1.4317e-01
3 0 +1.505847109e+02 +1.378647109e+02 +1.378647109e+02 -3.5551e-01 -6.1695e-02 +4.4585e-01 +7.1016e-02 -3.0714e-01 -2.1390e-01 +1.8758e-01 -4.8156e-02 -2.3066e-01 -6.9012e-02
6 0 +1.314618821e+02 +1.187418821e+02 +1.187418821e+02 +3.0396e-01 +2.5584e-01 +3.3246e-01 +3.3582e-01 +4.4627e-01 -3.3550e-01 +2.5376e-01 -5.5829e-01 -1.8087e-01 -5.7437e-01
8 0 +1.283810892e+02 +1.156610892e+02 +1.156610892e+02 -3.0748e-01 +2.6980e-01 -4.6353e-02 +5.3090e-01 +1.4514e-01 +2.0287e-01 +1.9295e-01 +7.4729e-02 -4.1875e-01 +4.1752e-01
9 0 +1.165344295e+02 +1.038144295e+02 +1.038144295e+02 -4.1120e-01 +7.1569e-02 +1.8422e-01 -2.5138e-01 +4.3520e-02 +3.5037e-01 -7.2316e-03 -2.6661e-01 -8.7476e-01 -2.9157e-01
17 0 +1.136762732e+02 +1.009562732e+02 +1.009562732e+02 -3.3670e-02 -2.6498e-01 +1.1561e+00 -3.5027e-02 +2.5701e-01 -8.0892e-03 +1.6262e-01 -3.1942e-01 -4.4170e-01 -6.6790e-02
85 0 +9.888064583e+01 +8.616064583e+01 +8.616064583e+01 -1.6326e+00 +1.4279e-01 +3.3877e-01 -3.4973e-01 -2.1820e-01 +7.8220e-01 -2.0022e-01 -3.8591e-01 -8.9772e-01 +4.1742e-01
96 0 +8.805380197e+01 +7.533380197e+01 +7.533380197e+01 -1.4474e+00 +2.7626e-02 +5.3111e-01 -1.9430e-01 -8.2813e-01 +1.1522e+00 -7.4626e-01 -4.3790e-01 -6.3108e-01 +7.7660e-01
122 0 +8.063604179e+01 +6.791604179e+01 +6.791604179e+01 -1.8272e+00 +5.5943e-01 -3.9360e-01 -4.4546e-01 -5.4064e-01 +1.3306e+00 -1.3876e-01 -9.7584e-01 -9.9667e-01 +1.9698e-01
159 0 +7.880807038e+01 +6.608807038e+01 +6.608807038e+01 -1.4818e+00 +7.0729e-01 -9.1909e-01 -1.5057e-01 -7.5439e-01 +1.2456e+00 -4.1087e-01 -6.7142e-01 -3.2165e-01 +4.7240e-02
167 0 +7.024904740e+01 +5.752904740e+01 +5.752904740e+01 -1.6047e+00 +1.3907e+00 -1.0196e+00 -6.2333e-01 -6.8211e-01 +8.5940e-01 -5.4999e-01 -9.9960e-01 -6.6249e-02 -2.4491e-02
520 0 +6.774955162e+01 +5.502955162e+01 +5.502955162e+01 -1.1885e+00 +2.2339e+00 -2.4207e+00 -9.8829e-01 -7.4485e-01 +1.2505e+00 +1.2038e+00 -5.8014e-01 -7.9039e-01 +2.7004e-02
602 0 +6.376619422e+01 +5.104619422e+01 +5.104619422e+01 -1.3724e+00 +2.2133e+00 -2.4023e+00 -1.3385e+00 -6.4055e-01 +9.3945e-01 +1.1593e+00 -4.4734e-01 -6.5060e-01 +1.5474e-01
1010 0 +6.376619422e+01 +5.104619422e+01 +5.104619422e+01 -1.3724e+00 +2.2133e+00 -2.4023e+00 -1.3385e+00 -6.4055e-01 +9.3945e-01 +1.1593e+00 -4.4734e-01 -6.5060e-01 +1.5474e-01
% f evaluations | g evaluations | best noise-free fitness - Fopt (-5.954000000000e+01) + sum g_i+ | measured fitness | best measured fitness or single-digit g-values | x1 | x2...
1 0 +1.741934425e+02 +1.146534425e+02 +1.146534425e+02 +5.3659e-01 +1.3095e-01 +2.8950e-02 -5.5906e-01 -8.3218e-02 -1.0643e-01 -2.4823e-02 -1.8811e-01 -1.3146e-02 -1.4317e-01
2 0 +1.477186709e+02 +8.817867087e+01 +8.817867087e+01 -3.9416e-01 +2.6539e-01 +2.6440e-01 +5.1288e-01 +1.5010e-02 -1.2141e-01 -1.6361e-01 -4.6396e-01 +2.9472e-01 -3.3034e-01
4 0 +1.402252223e+02 +8.068522226e+01 +8.068522226e+01 +2.2352e-01 +5.9284e-01 -3.7324e-01 -1.8793e-01 -2.4113e-01 -7.2574e-01 -2.7715e-01 -3.0717e-01 +3.3721e-01 -3.9576e-02
5 0 +1.323630033e+02 +7.282300325e+01 +7.282300325e+01 -4.8699e-01 +1.9400e-01 -1.0688e-01 -5.2295e-01 -1.7900e-01 -1.7658e-01 -2.6217e-01 +8.9145e-03 -6.7450e-01 -8.0332e-02
12 0 +1.187321826e+02 +5.919218263e+01 +5.919218263e+01 -5.3678e-01 +5.1824e-01 -1.3735e-01 -1.3488e-01 +6.9260e-02 -4.6509e-01 -1.3034e-02 -6.2501e-01 -2.4866e-01 -4.8048e-01
19 0 +1.098684290e+02 +5.032842896e+01 +5.032842896e+01 +1.0079e-01 +3.9033e-01 -1.3898e-01 -7.0308e-01 +4.3873e-01 -3.3510e-01 +1.1676e-01 +1.0462e-01 -1.0665e-01 +2.3786e-02
50 0 +1.079837766e+02 +4.844377662e+01 +4.844377662e+01 -1.2367e+00 +3.1498e-01 -8.4778e-02 -1.4729e+00 -5.6185e-02 -3.5409e-01 -4.7389e-01 +3.3066e-01 -6.9314e-01 +2.4686e-01
61 0 +1.008788682e+02 +4.133886819e+01 +4.133886819e+01 -3.5965e-01 +2.7677e-01 -6.5577e-01 -5.5072e-01 +2.9621e-01 -2.3572e-02 -1.2150e-01 +2.4153e-01 -8.1988e-01 -1.0191e-01
80 0 +9.327356596e+01 +3.373356596e+01 +3.373356596e+01 -5.1593e-01 +2.1106e-01 -6.8222e-01 -1.3571e+00 -2.2439e-01 -8.4299e-02 -8.4440e-01 +2.8725e-03 -1.3066e+00 +1.3578e-01
123 0 +8.932022978e+01 +2.978022978e+01 +2.978022978e+01 -7.7683e-01 +1.1295e-02 -4.8787e-01 -9.0627e-01 -1.4675e-02 -3.6441e-01 +1.8815e-02 -1.8334e-01 -5.6085e-01 -1.4049e-01
169 0 +7.947697133e+01 +1.993697133e+01 +1.993697133e+01 -1.0409e+00 +5.0851e-01 -8.4976e-01 -1.8770e+00 -6.4497e-01 -2.3257e-01 -2.0706e-01 -6.1769e-02 -6.2770e-01 +1.2765e-01
230 0 +7.295614211e+01 +1.341614211e+01 +1.341614211e+01 -1.4184e+00 +6.5973e-01 -1.0900e+00 -1.9785e+00 -5.1258e-01 -7.5869e-01 -4.1986e-01 +3.9367e-03 -4.7532e-01 +1.8315e-01
374 0 +5.483129533e+01 -4.708704666e+00 -4.708704666e+00 -1.6338e+00 +1.7574e+00 -1.5283e+00 -1.7512e+00 -1.7752e+00 -1.8834e+00 -1.6121e+00 +6.8820e-01 -3.6477e-01 -1.1369e+00
545 0 +4.468234727e+01 -1.485765273e+01 -1.485765273e+01 -1.1713e+00 +1.1537e+00 -1.5622e+00 -1.7516e+00 -1.2453e+00 -1.4915e+00 -1.2128e+00 +6.5446e-01 -9.3717e-01 -5.6025e-01
780 0 +4.050441176e+01 -1.903558824e+01 -1.903558824e+01 -1.6909e+00 +1.5382e+00 -1.3077e+00 -1.0105e+00 -1.8351e+00 -2.3610e+00 -2.3145e+00 +1.0649e+00 -1.3892e+00 -1.6287e+00
1010 0 +4.050441176e+01 -1.903558824e+01 -1.903558824e+01 -1.6909e+00 +1.5382e+00 -1.3077e+00 -1.0105e+00 -1.8351e+00 -2.3610e+00 -2.3145e+00 +1.0649e+00 -1.3892e+00 -1.6287e+00
% f evaluations | g evaluations | best noise-free fitness - Fopt (-1.000000000000e+03) + sum g_i+ | measured fitness | best measured fitness or single-digit g-values | x1 | x2...
1 0 +1.357221732e+02 -8.642778268e+02 -8.642778268e+02 +5.3659e-01 +1.3095e-01 +2.8950e-02 -5.5906e-01 -8.3218e-02 -1.0643e-01 -2.4823e-02 -1.8811e-01 -1.3146e-02 -1.4317e-01
6 0 +1.189914166e+02 -8.810085834e+02 -8.810085834e+02 +3.0396e-01 +2.5584e-01 +3.3246e-01 +3.3582e-01 +4.4627e-01 -3.3550e-01 +2.5376e-01 -5.5829e-01 -1.8087e-01 -5.7437e-01
21 0 +9.844768953e+01 -9.015523105e+02 -9.015523105e+02 +2.5248e-01 +2.6726e-02 +1.4937e-01 +4.6764e-01 -2.0879e-01 +1.4473e-02 +2.9709e-01 -2.7286e-01 -3.7687e-01 -4.1313e-01
41 0 +9.711038785e+01 -9.028896121e+02 -9.028896121e+02 +8.0454e-01 +3.7905e-01 +4.7830e-01 +6.2060e-01 -5.9362e-01 +6.5903e-02 +3.8468e-01 +2.1485e-01 -8.0254e-01 -2.5385e-01
82 0 +6.828034103e+01 -9.317196590e+02 -9.317196590e+02 +8.8122e-01 +8.9443e-01 +8.7738e-01 +1.0046e+00 -1.2723e+00 +2.0240e-01 +9.2936e-02 +1.4989e-01 -4.1355e-01 -7.4594e-01
390 0 +6.503140633e+01 -9.349685937e+02 -9.349685937e+02 +1.3298e+00 +1.1188e+00 +3.9312e-01 +1.2751e+00 -2.3513e+00 +1.1055e+00 +7.3458e-01 +2.0174e+00 -1.6704e+00 -8.4819e-01
511 0 +6.335163743e+01 -9.366483626e+02 -9.366483626e+02 +2.0719e+00 +1.9392e+00 +6.6213e-01 +2.6321e+00 -2.4274e+00 +8.1348e-01 +8.1781e-01 +2.6887e+00 -1.6979e+00 -7.8147e-01
652 0 +4.746705366e+01 -9.525329463e+02 -9.525329463e+02 +1.4080e+00 +1.9355e+00 +9.1681e-01 +2.0235e+00 -1.8008e+00 +3.0837e-01 +6.0076e-01 +2.9682e+00 -1.2479e+00 -1.3549e+00
1010 0 +4.746705366e+01 -9.525329463e+02 -9.525329463e+02 +1.4080e+00 +1.9355e+00 +9.1681e-01 +2.0235e+00 -1.8008e+00 +3.0837e-01 +6.0076e-01 +2.9682e+00 -1.2479e+00 -1.3549e+00
% f evaluations | g evaluations | best noise-free fitness - Fopt (4.303000000000e+01) + sum g_i+ | measured fitness | best measured fitness or single-digit g-values | x1 | x2...
1 0 +2.038358098e+02 +2.468658098e+02 +2.468658098e+02 +5.3659e-01 +1.3095e-01 +2.8950e-02 -5.5906e-01 -8.3218e-02 -1.0643e-01 -2.4823e-02 -1.8811e-01 -1.3146e-02 -1.4317e-01
2 0 +1.466052294e+02 +1.896352294e+02 +1.896352294e+02 -3.9416e-01 +2.6539e-01 +2.6440e-01 +5.1288e-01 +1.5010e-02 -1.2141e-01 -1.6361e-01 -4.6396e-01 +2.9472e-01 -3.3034e-01
13 0 +1.240272043e+02 +1.670572043e+02 +1.670572043e+02 -1.9800e-01 +4.9885e-01 -2.4118e-01 +1.2293e-01 +8.3444e-02 -1.5133e-02 -3.1244e-01 -7.6421e-01 +9.7217e-02 -2.1555e-01
40 0 +1.207122123e+02 +1.637422123e+02 +1.637422123e+02 +1.8863e-01 -2.3486e-01 -5.2713e-01 +4.5784e-01 +5.8971e-01 -7.9900e-02 -6.8844e-01 -6.5460e-01 +4.9079e-01 -2.0517e-01
69 0 +1.199318832e+02 +1.629618832e+02 +1.629618832e+02 +1.5827e-01 -2.0394e-02 -2.5864e-01 +5.9680e-02 +4.2053e-01 -5.7024e-01 +3.6333e-02 -1.8869e-01 -4.9782e-02 -4.9760e-01
76 0 +9.386459217e+01 +1.368945922e+02 +1.368945922e+02 +1.5213e-01 +3.3751e-01 -3.7566e-01 -3.8914e-01 +8.0460e-01 -4.3713e-01 -4.8205e-01 -4.7095e-01 -1.9204e-01 -7.1847e-01
122 0 +8.447045673e+01 +1.275004567e+02 +1.275004567e+02 -7.2206e-01 -1.1217e-02 -1.3316e-01 -3.9142e-01 +1.2536e+00 -1.5718e-01 -1.3723e-01 -6.2337e-01 -2.2533e-01 -7.9763e-01
186 0 +7.174750613e+01 +1.147775061e+02 +1.147775061e+02 -9.6957e-01 -1.2446e-01 -4.4042e-01 -4.8897e-01 +1.5922e+00 -8.9957e-01 -2.7444e-01 -4.8560e-01 -4.5708e-01 -1.2841e-01
240 0 +6.997931384e+01 +1.130093138e+02 +1.130093138e+02 -1.0151e+00 -7.1505e-01 -7.5376e-01 -5.5029e-01 +7.0148e-01 -1.1464e+00 -2.1979e-01 -9.8727e-01 +3.1400e-01 +1.8843e-01
301 0 +6.509233675e+01 +1.081223368e+02 +1.081223368e+02 -7.9021e-01 -2.9918e-01 +3.0383e-01 -4.6892e-01 +5.8849e-01 -1.1514e+00 -4.7906e-01 -1.1815e+00 +1.3188e-01 -3.9948e-01
1010 0 +6.509233675e+01 +1.081223368e+02 +1.081223368e+02 -7.9021e-01 -2.9918e-01 +3.0383e-01 -4.6892e-01 +5.8849e-01 -1.1514e+00 -4.7906e-01 -1.1815e+00 +1.3188e-01 -3.9948e-01
