% f evaluations | g evaluations | best noise-free fitness - Fopt (7.135000000000e+01) + sum g_i+ | measured fitness | best measured fitness or single-digit g-values | x1 | x2...
1 0 +1.174380191e+02 +1.887880191e+02 +1.887880191e+02 +9.4283e-02 -1.5674e-01 -4.4793e-01 -3.6467e-01 -7.2112e-02
2 0 +1.133478540e+02 +1.846978540e+02 +1.846978540e+02 +2.6735e-01 +4.3167e-01 +7.2214e-03 +1.4959e-01 -1.6570e-01
4 0 +6.253458256e+01 +1.338845826e+02 +1.338845826e+02 -4.2163e-01 +1.0603e-01 -2.3399e-01 +4.4904e-02 -3.7690e-01
11 0 +4.194499349e+01 +1.132949935e+02 +1.132949935e+02 -3.6701e-01 -1.2615e-01 -3.0467e-01 -4.0908e-01 -8.4016e-01
17 0 +3.255406317e+01 +1.039040632e+02 +1.039040632e+02 -8.0235e-01 +4.7810e-02 -7.8849e-01 -3.8493e-02 -1.4236e+00
22 0 +2.896334516e+01 +1.003133452e+02 +1.003133452e+02 -5.6238e-02 +4.7702e-02 -1.6216e-01 -1.2614e-01 -9.9435e-01
28 0 +7.879990644e+00 +7.922999064e+01 +7.922999064e+01 -2.5417e-01 +2.9361e-01 -4.9905e-01 -6.7181e-01 -1.6983e+00
88 0 +7.071589561e+00 +7.842158956e+01 +7.842158956e+01 -2.6233e-01 -4.4574e-03 -1.2683e-01 +2.6354e-01 -1.3427e+00
109 0 +2.739080586e+00 +7.408908059e+01 +7.408908059e+01 -4.2552e-01 -9.4925e-02 +3.5187e-02 +1.5428e-01 -1.1281e+00
150 0 +2.005969635e+00 +7.335596964e+01 +7.335596964e+01 -7.9818e-01 +1.7684e-01 -3.8544e-01 -2.1519e-01 -1.2711e+00
156 0 +1.967588449e+00 +7.331758845e+01 +7.331758845e+01 -8.3534e-01 +1.5236e-01 -4.1703e-01 -1.3931e-01 -1.2814e+00
161 0 +1.626163425e+00 +7.297616343e+01 +7.297616343e+01 -8.3068e-01 +1.8198e-01 -3.9538e-01 -9.6206e-02 -1.2820e+00
180 0 +1.097125103e+00 +7.244712510e+01 +7.244712510e+01 -7.3437e-01 +1.9112e-01 -4.9315e-01 -1.4129e-01 -1.3159e+00
226 0 +9.253641345e-01 +7.227536413e+01 +7.227536413e+01 -6.9772e-01 +2.1343e-01 -4.5699e-01 -2.0349e-01 -1.4049e+00
239 0 +9.077992482e-01 +7.225779925e+01 +7.225779925e+01 -7.0430e-01 +2.0367e-01 -4.3914e-01 -2.2480e-01 -1.3937e+00
267 0 +8.177201248e-01 +7.216772012e+01 +7.216772012e+01 -6.9558e-01 +2.1538e-01 -4.6336e-01 -2.1962e-01 -1.4143e+00
276 0 +7.151229281e-01 +7.206512293e+01 +7.206512293e+01 -7.1434e-01 +2.1106e-01 -4.6626e-01 -2.2049e-01 -1.4144e+00
285 0 +6.475457635e-01 +7.199754576e+01 +7.199754576e+01 -7.0380e-01 +2.1512e-01 -4.6611e-01 -2.2859e-01 -1.4123e+00
297 0 +6.139892986e-01 +7.196398930e+01 +7.196398930e+01 -7.1105e-01 +2.1069e-01 -4.6071e-01 -2.1862e-01 -1.4122e+00
315 0 +5.272479690e-01 +7.187724797e+01 +7.187724797e+01 -7.0920e-01 +2.1232e-01 -4.5752e-01 -2.2393e-01 -1.4158e+00
339 0 +5.197458400e-01 +7.186974584e+01 +7.186974584e+01 -7.1037e-01 +2.0824e-01 -4.5753e-01 -2.1966e-01 -1.4107e+00
342 0 +5.066483903e-01 +7.185664839e+01 +7.185664839e+01 -7.0872e-01 +2.1063e-01 -4.5963e-01 -2.1828e-01 -1.4072e+00
440 0 +4.980962544e-01 +7.184809625e+01 +7.184809625e+01 -7.0967e-01 +2.1060e-01 -4.5957e-01 -2.1981e-01 -1.4110e+00
504 0 +4.938684490e-01 +7.184386845e+01 +7.184386845e+01 -7.0966e-01 +2.1063e-01 -4.5957e-01 -2.1977e-01 -1.4111e+00
% f evaluations | g evaluations | best noise-free fitness - Fopt (-3.552200000000e+02) + sum g_i+ | measured fitness | best measured fitness or single-digit g-values | x1 | x2...
1 0 +1.648159511e+02 -1.904040489e+02 -1.904040489e+02 -1.2141e-01 +2.7034e-01 -1.8494e-01 +2.3990e-01 +2.7826e-01
3 0 +1.068581359e+02 -2.483618641e+02 -2.483618641e+02 -9.4721e-02 +3.5277e-01 -1.5624e-01 -4.0708e-01 +2.8027e-01
6 0 +9.595611101e+01 -2.592638890e+02 -2.592638890e+02 -4.0905e-01 +5.3323e-02 +2.2021e-02 +9.6914e-02 -2.2518e-01
11 0 +7.065603463e+01 -2.845639654e+02 -2.845639654e+02 -5.2734e-01 +6.5341e-02 +6.5996e-01 -9.1706e-02 -3.0741e-01
18 0 +5.978078580e+01 -2.954392142e+02 -2.954392142e+02 -6.6743e-01 +2.7717e-01 +1.7554e-01 +3.7174e-01 -7.4964e-01
22 0 +5.646552919e+01 -2.987544708e+02 -2.987544708e+02 -8.9836e-01 -1.5056e-01 +1.7999e-01 -3.2355e-01 -1.4893e-01
27 0 +5.229153906e+01 -3.029284609e+02 -3.029284609e+02 -7.9626e-01 -1.0016e-01 +2.4443e-01 +4.3854e-02 -2.0664e-01
46 0 +4.471448261e+01 -3.105055174e+02 -3.105055174e+02 -8.4613e-01 -1.9410e-01 +3.6126e-01 -3.1081e-01 -4.5086e-01
47 0 +4.275297117e+01 -3.124670288e+02 -3.124670288e+02 -5.5765e-01 -3.7731e-01 +4.1934e-01 +6.0492e-04 -8.0067e-01
54 0 +3.709032169e+01 -3.181296783e+02 -3.181296783e+02 -3.4165e-01 -3.1333e-01 +1.0500e-01 -2.8937e-01 -6.3504e-01
64 0 +2.924434955e+01 -3.259756504e+02 -3.259756504e+02 -1.2331e+00 -3.6197e-01 +3.1141e-01 -5.0490e-01 -8.5751e-01
65 0 +2.611324315e+01 -3.291067568e+02 -3.291067568e+02 -1.2061e+00 -1.1422e-01 +1.5887e-01 -4.9627e-01 -1.0942e+00
75 0 +2.143499714e+01 -3.337850029e+02 -3.337850029e+02 -9.0526e-01 -4.7089e-01 +8.1307e-02 -3.4724e-01 -6.9438e-01
76 0 +2.104950744e+01 -3.341704926e+02 -3.341704926e+02 -9.2233e-01 +1.4616e-01 -6.9233e-02 -3.2636e-01 -9.6587e-01
98 0 +1.839027032e+01 -3.368297297e+02 -3.368297297e+02 -1.1979e+00 -1.3261e-01 +2.1341e-01 -5.5255e-01 -9.0976e-01
110 0 +1.274042762e+01 -3.424795724e+02 -3.424795724e+02 -1.1346e+00 -6.2210e-02 +1.0527e-01 -2.5127e-01 -1.0167e+00
133 0 +1.109178765e+01 -3.441282124e+02 -3.441282124e+02 -1.1724e+00 -1.6567e-01 +2.4741e-01 -2.5911e-01 -9.8878e-01
161 0 +8.090667865e+00 -3.471293321e+02 -3.471293321e+02 -1.2040e+00 -6.1193e-02 +1.3507e-01 -2.9672e-01 -9.9302e-01
291 0 +7.784747604e+00 -3.474352524e+02 -3.474352524e+02 -1.1980e+00 -1.0758e-01 +1.3168e-01 -3.2786e-01 -1.0037e+00
297 0 +7.564123872e+00 -3.476558761e+02 -3.476558761e+02 -1.1957e+00 -9.9497e-02 +1.3023e-01 -3.1302e-01 -1.0053e+00
312 0 +6.982905690e+00 -3.482370943e+02 -3.482370943e+02 -1.1988e+00 -9.1739e-02 +1.3063e-01 -3.3175e-01 -9.9574e-01
324 0 +6.683350218e+00 -3.485366498e+02 -3.485366498e+02 -1.2036e+00 -9.3754e-02 +1.3278e-01 -3.2238e-01 -1.0047e+00
345 0 +6.510578165e+00 -3.487094218e+02 -3.487094218e+02 -1.2041e+00 -9.1427e-02 +1.3028e-01 -3.2993e-01 -1.0015e+00
368 0 +6.438376233e+00 -3.487816238e+02 -3.487816238e+02 -1.2065e+00 -9.0661e-02 +1.3083e-01 -3.3314e-01 -1.0013e+00
375 0 +6.218421952e+00 -3.490015780e+02 -3.490015780e+02 -1.2056e+00 -9.1243e-02 +1.3228e-01 -3.3365e-01 -9.9942e-01
385 0 +6.142675444e+00 -3.490773246e+02 -3.490773246e+02 -1.2062e+00 -8.9952e-02 +1.3073e-01 -3.3248e-01 -9.9955e-01
428 0 +6.023513229e+00 -3.491964868e+02 -3.491964868e+02 -1.2060e+00 -9.0499e-02 +1.3125e-01 -3.3327e-01 -9.9962e-01
489 0 +5.887559059e+00 -3.493324409e+02 -3.493324409e+02 -1.2061e+00 -9.0364e-02 +1.3091e-01 -3.3317e-01 -9.9979e-01
504 0 +5.887559059e+00 -3.493324409e+02 -3.493324409e+02 -1.2061e+00 -9.0364e-02 +1.3091e-01 -3.3317e-01 -9.9979e-01
% f evaluations | g evaluations | best noise-free fitness - Fopt (9.917000000000e+01) + sum g_i+ | measured fitness | best measured fitness or single-digit g-values | x1 | x2...
1 0 +7.397024075e+01 +1.731402408e+02 +1.731402408e+02 -2.5814e-01 -1.5885e-01 -3.5671e-01 -8.2663e-02 -6.8135e-01
8 0 +2.070834872e+01 +1.198783487e+02 +1.198783487e+02 +2.8701e-01 -4.1661e-01 +2.5644e-01 +1.9851e-01 -7.1205e-01
105 0 +1.920785793e+01 +1.183778579e+02 +1.183778579e+02 +7.1767e-01 -5.6228e-01 -5.9419e-02 +1.1345e-01 -1.3989e+00
182 0 +1.698112447e+01 +1.161511245e+02 +1.161511245e+02 +6.4477e-01 -5.0452e-01 +8.7431e-02 +3.8250e-01 -1.1689e+00
204 0 +1.621658615e+01 +1.153865861e+02 +1.153865861e+02 +6.8069e-01 -5.3476e-01 +9.3097e-02 +3.7227e-01 -1.2389e+00
209 0 +1.432576696e+01 +1.134957670e+02 +1.134957670e+02 +7.0078e-01 -5.0135e-01 +5.3976e-02 +4.0396e-01 -1.1422e+00
274 0 +1.397363621e+01 +1.131436362e+02 +1.131436362e+02 +6.7421e-01 -4.9836e-01 +1.2197e-01 +4.3182e-01 -1.1773e+00
283 0 +1.377901820e+01 +1.129490182e+02 +1.129490182e+02 +7.0175e-01 -5.0230e-01 +1.0424e-01 +4.1929e-01 -1.1673e+00
357 0 +1.338898601e+01 +1.125589860e+02 +1.125589860e+02 +6.9654e-01 -5.0806e-01 +1.1385e-01 +4.1212e-01 -1.1688e+00
386 0 +1.312038798e+01 +1.122903880e+02 +1.122903880e+02 +6.9634e-01 -5.0866e-01 +1.1411e-01 +4.1134e-01 -1.1686e+00
462 0 +1.287529895e+01 +1.120452990e+02 +1.120452990e+02 +6.9600e-01 -5.0811e-01 +1.1280e-01 +4.1094e-01 -1.1684e+00
504 0 +1.281393203e+01 +1.119839320e+02 +1.119839320e+02 +6.9602e-01 -5.0815e-01 +1.1270e-01 +4.1091e-01 -1.1684e+00
% f evaluations | g evaluations | best noise-free fitness - Fopt (-5.179100000000e+02) + sum g_i+ | measured fitness | best measured fitness or single-digit g-values | x1 | x2...
1 0 +3.753386726e+01 -4.803761327e+02 -4.803761327e+02 -6.5478e-02 +5.2448e-01 -2.4256e-01 -1.1929e-01 -1.9683e-01
5 0 +2.283652459e+01 -4.950734754e+02 -4.950734754e+02 -7.5847e-02 +4.7278e-01 -9.1804e-02 +1.2209e-01 +1.5337e-02
11 0 +1.356158173e+01 -5.043484183e+02 -5.043484183e+02 -6.5315e-02 +3.4700e-01 -7.7660e-02 -7.5318e-02 +3.2791e-01
12 0 +1.023297320e+01 -5.076770268e+02 -5.076770268e+02 -3.5281e-02 +9.3438e-01 -1.3554e-02 -3.4984e-02 -9.8052e-01
13 0 +9.838718693e+00 -5.080712813e+02 -5.080712813e+02 -1.9334e-01 +5.0046e-01 +3.2428e-02 +3.3622e-02 -3.0601e-01
16 0 +8.282923206e+00 -5.096270768e+02 -5.096270768e+02 +1.2612e-01 +3.1411e-01 +1.8342e-01 -2.3819e-01 +1.9621e-01
66 0 +7.912398913e+00 -5.099976011e+02 -5.099976011e+02 -1.1810e-01 +5.4389e-01 -4.2046e-02 +4.9062e-01 -5.8250e-01
85 0 +7.225818893e+00 -5.106841811e+02 -5.106841811e+02 +6.5907e-02 +4.3649e-01 -1.8708e-02 +8.7320e-01 -6.2013e-01
91 0 +6.208865531e+00 -5.117011345e+02 -5.117011345e+02 -2.6634e-01 +6.3311e-01 +1.2764e-01 +6.4629e-01 -7.7584e-01
106 0 +5.411955299e+00 -5.124980447e+02 -5.124980447e+02 -2.1988e-01 +1.5037e-01 +8.5948e-02 +8.9438e-01 -6.6253e-01
112 0 +4.848174521e+00 -5.130618255e+02 -5.130618255e+02 -8.9371e-02 +4.4653e-01 -1.6201e-01 +7.0492e-01 -6.6398e-01
123 0 +3.538822946e+00 -5.143711771e+02 -5.143711771e+02 -1.6399e-01 +6.3242e-01 +1.2076e-02 +6.3137e-01 -7.6481e-01
132 0 +2.746360009e+00 -5.151636400e+02 -5.151636400e+02 -2.2072e-01 +4.4757e-01 -1.6305e-02 +6.9257e-01 -8.2428e-01
140 0 +1.768328992e+00 -5.161416710e+02 -5.161416710e+02 -1.9105e-01 +5.9985e-01 -6.2907e-02 +6.6775e-01 -7.9964e-01
194 0 +1.488930272e+00 -5.164210697e+02 -5.164210697e+02 -2.5739e-01 +5.5703e-01 -2.3062e-02 +6.2370e-01 -8.1070e-01
195 0 +1.190090503e+00 -5.167199095e+02 -5.167199095e+02 -2.3841e-01 +5.6386e-01 -4.1671e-02 +6.7019e-01 -8.0508e-01
210 0 +1.169732903e+00 -5.167402671e+02 -5.167402671e+02 -2.5672e-01 +5.4978e-01 -4.0136e-02 +6.4141e-01 -8.0319e-01
220 0 +1.142482493e+00 -5.167675175e+02 -5.167675175e+02 -2.4961e-01 +5.4739e-01 -4.7823e-02 +6.4838e-01 -8.0479e-01
226 0 +1.089416706e+00 -5.168205833e+02 -5.168205833e+02 -2.2577e-01 +5.5618e-01 -2.7205e-02 +6.3894e-01 -8.0906e-01
227 0 +9.329311223e-01 -5.169770689e+02 -5.169770689e+02 -2.5318e-01 +5.3859e-01 -5.1859e-02 +6.4445e-01 -8.0571e-01
252 0 +9.041234922e-01 -5.170058765e+02 -5.170058765e+02 -2.5252e-01 +5.3188e-01 -3.7382e-02 +6.5456e-01 -7.9667e-01
265 0 +8.713748095e-01 -5.170386252e+02 -5.170386252e+02 -2.4305e-01 +5.2702e-01 -3.1651e-02 +6.6075e-01 -7.9613e-01
276 0 +8.504153726e-01 -5.170595846e+02 -5.170595846e+02 -2.4820e-01 +5.2732e-01 -3.2352e-02 +6.5931e-01 -7.9734e-01
281 0 +7.910518902e-01 -5.171189481e+02 -5.171189481e+02 -2.4759e-01 +5.2838e-01 -3.1461e-02 +6.6004e-01 -7.9622e-01
312 0 +7.618477637e-01 -5.171481522e+02 -5.171481522e+02 -2.4657e-01 +5.2472e-01 -3.0859e-02 +6.6317e-01 -7.9312e-01
352 0 +7.573520279e-01 -5.171526480e+02 -5.171526480e+02 -2.4784e-01 +5.2468e-01 -3.0375e-02 +6.6320e-01 -7.9312e-01
355 0 +7.390233901e-01 -5.171709766e+02 -5.171709766e+02 -2.4747e-01 +5.2422e-01 -3.0372e-02 +6.6373e-01 -7.9247e-01
404 0 +7.234067050e-01 -5.171865933e+02 -5.171865933e+02 -2.4717e-01 +5.2452e-01 -3.0342e-02 +6.6384e-01 -7.9282e-01
504 0 +7.080817881e-01 -5.172019182e+02 -5.172019182e+02 -2.4721e-01 +5.2456e-01 -3.0443e-02 +6.6391e-01 -7.9276e-01
% f evaluations | g evaluations | best noise-free fitness - Fopt (-5.721000000000e+01) + sum g_i+ | measured fitness | best measured fitness or single-digit g-values | x1 | x2...
1 0 +1.340890561e+02 +7.687905610e+01 +7.687905610e+01 +5.1265e-01 +2.8014e-01 -1.0314e-01 +1.9068e-01 -5.1252e-01
2 0 +3.139923561e+01 -2.581076439e+01 -2.581076439e+01 +1.9415e-01 -5.7637e-01 +4.8282e-01 -2.7080e-01 -2.9498e-01
15 0 +3.073319034e+01 -2.647680966e+01 -2.647680966e+01 +2.0860e-01 -6.1603e-01 +5.3967e-01 +4.5067e-02 -3.6677e-01
17 0 +2.015100199e+01 -3.705899801e+01 -3.705899801e+01 -1.4226e-01 -4.1383e-01 +1.0707e-01 -2.1402e-01 -8.9579e-01
19 0 +1.954356122e+01 -3.766643878e+01 -3.766643878e+01 +5.9844e-02 -6.3681e-01 +3.9894e-01 +4.6799e-01 -8.3779e-01
25 0 +1.850493488e+01 -3.870506512e+01 -3.870506512e+01 -4.9114e-02 -5.9346e-01 +4.4870e-01 +1.1924e-01 -8.9065e-01
33 0 +1.559819587e+01 -4.161180413e+01 -4.161180413e+01 +1.4294e-01 -1.6210e-01 +8.6614e-01 -2.7404e-01 -5.8763e-01
49 0 +1.284488666e+01 -4.436511334e+01 -4.436511334e+01 +7.1843e-02 -4.7405e-01 +3.5489e-01 -1.9047e-01 -8.1133e-01
59 0 +7.729922777e+00 -4.948007722e+01 -4.948007722e+01 +1.3562e-02 -7.0587e-01 +4.4925e-01 -2.5103e-01 -6.0832e-01
83 0 +6.564718195e+00 -5.064528181e+01 -5.064528181e+01 +5.3193e-02 -7.1312e-01 +5.0098e-01 -3.7411e-01 -5.2965e-01
95 0 +5.532387107e+00 -5.167761289e+01 -5.167761289e+01 +2.0763e-01 -8.7052e-01 +4.7330e-01 -4.6212e-01 -5.6757e-01
104 0 +4.183483145e+00 -5.302651685e+01 -5.302651685e+01 +2.1712e-01 -9.8344e-01 +4.9830e-01 -6.0692e-01 -5.4932e-01
120 0 +2.376329789e+00 -5.483367021e+01 -5.483367021e+01 +2.8987e-01 -8.9316e-01 +3.7893e-01 -5.0526e-01 -6.8017e-01
154 0 +2.133736963e+00 -5.507626304e+01 -5.507626304e+01 +3.0590e-01 -9.5736e-01 +3.6471e-01 -6.1563e-01 -6.2776e-01
159 0 +1.913173736e+00 -5.529682626e+01 -5.529682626e+01 +3.0973e-01 -9.6774e-01 +3.1789e-01 -6.8259e-01 -6.7071e-01
177 0 +1.676163359e+00 -5.553383664e+01 -5.553383664e+01 +3.0866e-01 -9.5359e-01 +2.8795e-01 -6.2080e-01 -6.7943e-01
187 0 +1.065810623e+00 -5.614418938e+01 -5.614418938e+01 +3.0675e-01 -9.7736e-01 +3.0445e-01 -6.5746e-01 -6.7225e-01
235 0 +8.960673103e-01 -5.631393269e+01 -5.631393269e+01 +3.1029e-01 -9.7140e-01 +2.9953e-01 -6.5795e-01 -6.7560e-01
260 0 +8.484262501e-01 -5.636157375e+01 -5.636157375e+01 +3.0979e-01 -9.7146e-01 +3.0091e-01 -6.5679e-01 -6.7402e-01
269 0 +8.305060380e-01 -5.637949396e+01 -5.637949396e+01 +3.1613e-01 -9.7981e-01 +2.9899e-01 -6.6546e-01 -6.7203e-01
286 0 +8.078801022e-01 -5.640211990e+01 -5.640211990e+01 +3.1387e-01 -9.7562e-01 +2.9895e-01 -6.6054e-01 -6.7366e-01
298 0 +7.821013616e-01 -5.642789864e+01 -5.642789864e+01 +3.1350e-01 -9.7612e-01 +2.9906e-01 -6.6167e-01 -6.7381e-01
326 0 +7.593970771e-01 -5.645060292e+01 -5.645060292e+01 +3.1424e-01 -9.7710e-01 +2.9925e-01 -6.6343e-01 -6.7308e-01
339 0 +7.491034412e-01 -5.646089656e+01 -5.646089656e+01 +3.1441e-01 -9.7673e-01 +2.9964e-01 -6.6245e-01 -6.7295e-01
413 0 +7.343199795e-01 -5.647568002e+01 -5.647568002e+01 +3.1439e-01 -9.7691e-01 +2.9953e-01 -6.6266e-01 -6.7293e-01
504 0 +7.317009973e-01 -5.647829900e+01 -5.647829900e+01 +3.1439e-01 -9.7690e-01 +2.9955e-01 -6.6266e-01 -6.7292e-01
% f evaluations | g evaluations | best noise-free fitness - Fopt (6.626000000000e+01) + sum g_i+ | measured fitness | best measured fitness or single-digit g-values | x1 | x2...
1 0 +1.410797975e+02 +2.073397975e+02 +2.073397975e+02 -1.2267e-01 -1.1993e-01 +3.1221e-01 +4.5809e-01 -2.6997e-01
2 0 +3.411671396e+01 +1.003767140e+02 +1.003767140e+02 -8.2538e-03 -1.5230e-01 -5.3675e-01 -3.6892e-01 +1.5877e-01
10 0 +3.370679653e+01 +9.996679653e+01 +9.996679653e+01 -2.1767e-01 -8.1942e-02 -2.3913e-01 -3.6238e-01 +1.6422e-01
11 0 +2.131770583e+01 +8.757770583e+01 +8.757770583e+01 +3.7778e-01 -9.6861e-02 +1.6361e-01 -5.3446e-01 +1.3749e-01
20 0 +1.630184157e+01 +8.256184157e+01 +8.256184157e+01 +6.1152e-01 -8.8938e-02 +1.6328e-01 -3.8101e-01 +2.5887e-01
46 0 +1.368007096e+01 +7.994007096e+01 +7.994007096e+01 +7.6588e-01 +1.1337e-01 +3.9809e-01 -3.5631e-01 +3.0376e-01
49 0 +9.097337808e+00 +7.535733781e+01 +7.535733781e+01 +8.9144e-01 +6.9979e-02 +3.0051e-01 -1.6780e-01 +2.4797e-01
103 0 +3.455751868e+00 +6.971575187e+01 +6.971575187e+01 +1.0048e+00 -2.0496e-01 +4.4354e-01 -4.3606e-01 +1.5533e-01
173 0 +3.296670181e+00 +6.955667018e+01 +6.955667018e+01 +1.0384e+00 -2.6808e-01 +5.0268e-01 -4.6584e-01 +2.1058e-01
191 0 +3.015568827e+00 +6.927556883e+01 +6.927556883e+01 +9.3978e-01 -2.5789e-01 +4.4796e-01 -4.5535e-01 +2.6315e-01
193 0 +2.818959765e+00 +6.907895976e+01 +6.907895976e+01 +9.1958e-01 -2.8116e-01 +4.0928e-01 -4.6477e-01 +2.6866e-01
210 0 +2.495441234e+00 +6.875544123e+01 +6.875544123e+01 +9.0115e-01 -2.5366e-01 +4.4700e-01 -4.3160e-01 +2.9021e-01
212 0 +2.262509542e+00 +6.852250954e+01 +6.852250954e+01 +9.2649e-01 -2.7114e-01 +4.4654e-01 -4.6889e-01 +3.1547e-01
235 0 +2.170564579e+00 +6.843056458e+01 +6.843056458e+01 +8.8886e-01 -2.6712e-01 +4.1494e-01 -4.4227e-01 +3.0683e-01
243 0 +1.973615613e+00 +6.823361561e+01 +6.823361561e+01 +9.0714e-01 -2.6612e-01 +4.2446e-01 -4.3776e-01 +3.0690e-01
261 0 +1.787429495e+00 +6.804742949e+01 +6.804742949e+01 +8.8859e-01 -2.5593e-01 +4.1848e-01 -4.4944e-01 +3.1143e-01
296 0 +1.762538528e+00 +6.802253853e+01 +6.802253853e+01 +8.9079e-01 -2.5590e-01 +4.1823e-01 -4.5004e-01 +3.1665e-01
303 0 +1.733651341e+00 +6.799365134e+01 +6.799365134e+01 +8.8618e-01 -2.5738e-01 +4.2037e-01 -4.5031e-01 +3.1681e-01
309 0 +1.669572401e+00 +6.792957240e+01 +6.792957240e+01 +8.8774e-01 -2.5561e-01 +4.1831e-01 -4.5278e-01 +3.1533e-01
311 0 +1.608505921e+00 +6.786850592e+01 +6.786850592e+01 +8.8650e-01 -2.5615e-01 +4.2078e-01 -4.4938e-01 +3.1653e-01
344 0 +1.540848853e+00 +6.780084885e+01 +6.780084885e+01 +8.8679e-01 -2.5591e-01 +4.2159e-01 -4.5249e-01 +3.1676e-01
368 0 +1.512030755e+00 +6.777203075e+01 +6.777203075e+01 +8.8617e-01 -2.5584e-01 +4.2119e-01 -4.5221e-01 +3.1687e-01
504 0 +1.501594944e+00 +6.776159494e+01 +6.776159494e+01 +8.8560e-01 -2.5572e-01 +4.2117e-01 -4.5258e-01 +3.1687e-01
% f evaluations | g evaluations | best noise-free fitness - Fopt (-1.386200000000e+02) + sum g_i+ | measured fitness | best measured fitness or single-digit g-values | x1 | x2...
1 0 +1.323390987e+02 -6.280901299e+00 -6.280901299e+00 +9.3582e-02 -1.1796e-01 -2.3243e-01 -7.9530e-02 +1.6898e-01
2 0 +4.317142728e+01 -9.544857272e+01 -9.544857272e+01 -7.2549e-01 +2.1901e-01 -3.4873e-02 +1.5571e-01 +3.7134e-01
14 0 +3.089509985e+01 -1.077249001e+02 -1.077249001e+02 -6.5366e-01 +2.8778e-02 -4.6665e-01 +1.7698e-01 -7.8742e-02
18 0 +2.841868780e+01 -1.102013122e+02 -1.102013122e+02 -8.9373e-01 -3.8556e-02 -2.8183e-01 -1.5243e-01 +1.9295e-01
32 0 +2.715754163e+01 -1.114624584e+02 -1.114624584e+02 -9.2641e-01 -2.1900e-01 -2.8697e-01 -8.2489e-02 +2.0350e-01
42 0 +2.649298406e+01 -1.121270159e+02 -1.121270159e+02 -1.2232e+00 +1.4383e-01 -1.3804e-01 +5.3213e-02 -1.4364e-02
43 0 +2.515226305e+01 -1.134677370e+02 -1.134677370e+02 -8.6269e-01 +2.1269e-01 -1.4768e-01 +7.3039e-02 -9.5700e-04
44 0 +1.235043464e+01 -1.262695654e+02 -1.262695654e+02 -1.1679e+00 -7.4551e-02 -2.8443e-01 -5.6724e-02 -1.0188e-03
63 0 +7.256626384e+00 -1.313633736e+02 -1.313633736e+02 -1.6703e+00 -3.7649e-01 -4.0480e-01 -1.5350e-01 +2.5920e-02
66 0 +5.378367449e+00 -1.332416326e+02 -1.332416326e+02 -1.6842e+00 -4.2795e-02 -2.7502e-01 -2.9242e-02 +1.0618e-01
73 0 +3.591953222e+00 -1.350280468e+02 -1.350280468e+02 -1.4876e+00 -5.5237e-02 -1.7129e-01 -8.4933e-02 +2.4120e-02
79 0 +1.244540497e+00 -1.373754595e+02 -1.373754595e+02 -1.7720e+00 -1.7721e-01 -1.8234e-01 -8.7736e-02 +1.3813e-01
122 0 +7.118733420e-01 -1.379081267e+02 -1.379081267e+02 -1.7575e+00 -7.5589e-02 -8.1759e-02 -1.2588e-01 +2.9807e-02
165 0 +4.037533888e-01 -1.382162466e+02 -1.382162466e+02 -1.9645e+00 -1.2227e-01 -1.9740e-02 -1.6471e-01 +6.5710e-02
188 0 +3.980642055e-01 -1.382219358e+02 -1.382219358e+02 -1.8610e+00 -7.6641e-02 +6.2268e-02 -1.7804e-01 +8.3654e-02
192 0 +3.489841398e-01 -1.382710159e+02 -1.382710159e+02 -1.8510e+00 -3.3976e-02 -5.1456e-02 -1.2756e-01 +8.3045e-02
196 0 +2.550402076e-01 -1.383649598e+02 -1.383649598e+02 -1.8712e+00 -7.1301e-02 -1.2502e-02 -1.4947e-01 +1.0193e-01
198 0 +2.187136779e-01 -1.384012863e+02 -1.384012863e+02 -1.8762e+00 -7.8245e-02 -1.8380e-02 -1.6167e-01 +7.4036e-02
203 0 +1.231754651e-01 -1.384968245e+02 -1.384968245e+02 -1.8825e+00 -7.2247e-02 -3.6355e-03 -1.6700e-01 +9.1432e-02
216 0 +1.058097038e-01 -1.385141903e+02 -1.385141903e+02 -1.9143e+00 -8.1047e-02 +2.1853e-03 -1.6206e-01 +1.1654e-01
221 0 +9.196837882e-02 -1.385280316e+02 -1.385280316e+02 -1.8706e+00 -8.4496e-02 -1.7143e-02 -1.6430e-01 +1.0970e-01
248 0 +7.565225755e-02 -1.385443477e+02 -1.385443477e+02 -1.8833e+00 -7.9856e-02 -5.7255e-03 -1.7500e-01 +1.0326e-01
265 0 +7.285484541e-02 -1.385471452e+02 -1.385471452e+02 -1.8837e+00 -7.9757e-02 -6.5238e-03 -1.8041e-01 +1.0973e-01
266 0 +6.000802051e-02 -1.385599920e+02 -1.385599920e+02 -1.8820e+00 -7.6591e-02 -5.2955e-03 -1.7982e-01 +1.0908e-01
277 0 +4.955947349e-02 -1.385704405e+02 -1.385704405e+02 -1.8906e+00 -7.5972e-02 -1.0866e-03 -1.8344e-01 +1.1178e-01
294 0 +4.813046223e-02 -1.385718695e+02 -1.385718695e+02 -1.8877e+00 -7.6111e-02 +1.8821e-03 -1.8301e-01 +1.1173e-01
303 0 +4.161927550e-02 -1.385783807e+02 -1.385783807e+02 -1.8908e+00 -7.8729e-02 +4.1295e-04 -1.8326e-01 +1.1350e-01
307 0 +3.875343490e-02 -1.385812466e+02 -1.385812466e+02 -1.8945e+00 -7.8592e-02 +9.2318e-04 -1.8238e-01 +1.1278e-01
308 0 +3.630937602e-02 -1.385836906e+02 -1.385836906e+02 -1.8909e+00 -7.7913e-02 +1.1592e-03 -1.8487e-01 +1.1500e-01
309 0 +3.408113492e-02 -1.385859189e+02 -1.385859189e+02 -1.8932e+00 -7.8642e-02 -1.5849e-03 -1.8189e-01 +1.1160e-01
322 0 +3.242164977e-02 -1.385875784e+02 -1.385875784e+02 -1.8932e+00 -7.8454e-02 +1.6381e-03 -1.8380e-01 +1.1257e-01
331 0 +3.081265915e-02 -1.385891873e+02 -1.385891873e+02 -1.8909e+00 -7.7568e-02 +1.6317e-03 -1.8370e-01 +1.1244e-01
337 0 +2.911259323e-02 -1.385908874e+02 -1.385908874e+02 -1.8923e+00 -7.8530e-02 +2.6510e-03 -1.8415e-01 +1.1463e-01
338 0 +2.792994301e-02 -1.385920701e+02 -1.385920701e+02 -1.8950e+00 -7.8146e-02 +3.8294e-03 -1.8427e-01 +1.1339e-01
346 0 +2.446035427e-02 -1.385955396e+02 -1.385955396e+02 -1.8935e+00 -7.8599e-02 +3.2732e-03 -1.8408e-01 +1.1302e-01
379 0 +2.191385873e-02 -1.385980861e+02 -1.385980861e+02 -1.8938e+00 -7.8188e-02 +4.6500e-03 -1.8497e-01 +1.1425e-01
389 0 +1.881953153e-02 -1.386011805e+02 -1.386011805e+02 -1.8937e+00 -7.7974e-02 +4.8942e-03 -1.8505e-01 +1.1437e-01
403 0 +1.860364834e-02 -1.386013964e+02 -1.386013964e+02 -1.8936e+00 -7.8036e-02 +5.3566e-03 -1.8516e-01 +1.1449e-01
410 0 +1.770017954e-02 -1.386022998e+02 -1.386022998e+02 -1.8937e+00 -7.8230e-02 +5.5738e-03 -1.8522e-01 +1.1463e-01
422 0 +1.678990971e-02 -1.386032101e+02 -1.386032101e+02 -1.8937e+00 -7.8184e-02 +5.4379e-03 -1.8514e-01 +1.1457e-01
449 0 +1.658021377e-02 -1.386034198e+02 -1.386034198e+02 -1.8939e+00 -7.8229e-02 +5.3621e-03 -1.8516e-01 +1.1465e-01
459 0 +1.608289802e-02 -1.386039171e+02 -1.386039171e+02 -1.8939e+00 -7.8235e-02 +5.4355e-03 -1.8521e-01 +1.1468e-01
483 0 +1.576331049e-02 -1.386042367e+02 -1.386042367e+02 -1.8939e+00 -7.8214e-02 +5.4124e-03 -1.8517e-01 +1.1465e-01
504 0 +1.576331049e-02 -1.386042367e+02 -1.386042367e+02 -1.8939e+00 -7.8214e-02 +5.4124e-03 -1.8517e-01 +1.1465e-01
% f evaluations | g evaluations | best noise-free fitness - Fopt (7.313900000000e+02) + sum g_i+ | measured fitness | best measured fitness or single-digit g-values | x1 | x2...
1 0 +2.294571856e+02 +9.608471856e+02 +9.608471856e+02 -6.6916e-02 -3.5145e-01 +3.1561e-02 +2.8648e-01 -1.2689e-01
2 0 +2.056492218e+02 +9.370392218e+02 +9.370392218e+02 -8.4656e-03 +8.6025e-03 +2.4953e-01 -4.1536e-01 +1.4682e-01
3 0 +8.444848346e+01 +8.158384835e+02 +8.158384835e+02 -7.0085e-02 +5.9119e-01 -2.4331e-01 +1.8506e-01 +2.6686e-01
5 0 +5.737598873e+01 +7.887659887e+02 +7.887659887e+02 +4.1801e-01 +3.2465e-01 +1.9312e-01 +9.8210e-03 +1.4682e-01
12 0 +4.958630305e+01 +7.809763030e+02 +7.809763030e+02 +7.7264e-01 +7.4936e-01 +1.4596e-01 +1.5920e-02 +5.8161e-01
14 0 +4.134056069e+01 +7.727305607e+02 +7.727305607e+02 +1.2007e-01 +6.6413e-01 +7.9104e-02 +5.3488e-01 -2.8174e-02
17 0 +3.131374614e+01 +7.627037461e+02 +7.627037461e+02 +3.7299e-01 +2.8410e-01 +2.5286e-01 +5.7488e-01 +8.0278e-01
50 0 +1.769011645e+01 +7.490801164e+02 +7.490801164e+02 +4.1179e-01 +3.4752e-01 +3.0915e-01 +4.9019e-01 +3.9381e-01
53 0 +1.406479704e+01 +7.454547970e+02 +7.454547970e+02 +6.4194e-01 +2.6423e-01 +5.7709e-01 +4.9366e-01 +4.0762e-01
70 0 +1.367255401e+01 +7.450625540e+02 +7.450625540e+02 +8.5862e-01 +4.1815e-01 +1.2027e-01 +4.0838e-01 -2.0712e-03
98 0 +8.551178307e+00 +7.399411783e+02 +7.399411783e+02 +1.1494e+00 -8.6656e-04 +4.1734e-01 +4.2760e-01 +3.8851e-01
117 0 +6.648381488e+00 +7.380383815e+02 +7.380383815e+02 +1.3069e+00 +6.9271e-02 +4.9191e-01 +2.7178e-01 +7.8849e-01
129 0 +6.340764525e+00 +7.377307645e+02 +7.377307645e+02 +1.3455e+00 +4.3014e-02 +2.2925e-01 +3.9170e-01 +5.7362e-01
132 0 +6.255888446e+00 +7.376458884e+02 +7.376458884e+02 +1.3516e+00 -1.5257e-02 +5.5948e-01 +4.1068e-01 +5.7947e-01
137 0 +5.605290003e+00 +7.369952900e+02 +7.369952900e+02 +1.4343e+00 +5.0643e-03 +2.8130e-01 +3.7413e-01 +5.5982e-01
139 0 +4.773064946e+00 +7.361630649e+02 +7.361630649e+02 +1.3030e+00 -1.1323e-01 +6.6540e-01 +4.7408e-01 +6.7569e-01
144 0 +3.855105313e+00 +7.352451053e+02 +7.352451053e+02 +1.3639e+00 +6.0428e-02 +3.3251e-01 +3.5032e-01 +4.8385e-01
188 0 +3.773317929e+00 +7.351633179e+02 +7.351633179e+02 +1.3646e+00 +3.3727e-02 +3.6090e-01 +3.7034e-01 +5.0939e-01
193 0 +3.486589500e+00 +7.348765895e+02 +7.348765895e+02 +1.3850e+00 -1.8330e-02 +3.4743e-01 +3.9004e-01 +5.3894e-01
197 0 +2.803436351e+00 +7.341934364e+02 +7.341934364e+02 +1.3621e+00 +1.8868e-02 +3.9649e-01 +3.6545e-01 +5.1873e-01
200 0 +2.433852791e+00 +7.338238528e+02 +7.338238528e+02 +1.3548e+00 -1.9102e-02 +4.1682e-01 +3.8558e-01 +5.4798e-01
201 0 +2.271047761e+00 +7.336610478e+02 +7.336610478e+02 +1.3729e+00 -2.9432e-02 +4.0757e-01 +3.6392e-01 +5.5266e-01
239 0 +2.169607068e+00 +7.335596071e+02 +7.335596071e+02 +1.3522e+00 -2.8559e-02 +4.2369e-01 +3.9114e-01 +5.5973e-01
240 0 +2.050923438e+00 +7.334409234e+02 +7.334409234e+02 +1.3628e+00 -3.0135e-02 +4.0793e-01 +3.8236e-01 +5.5447e-01
249 0 +1.888497843e+00 +7.332784978e+02 +7.332784978e+02 +1.3702e+00 -3.1604e-02 +4.2028e-01 +3.8780e-01 +5.6073e-01
262 0 +1.852874573e+00 +7.332428746e+02 +7.332428746e+02 +1.3673e+00 -3.1842e-02 +4.1818e-01 +3.8931e-01 +5.4647e-01
263 0 +1.709478590e+00 +7.330994786e+02 +7.330994786e+02 +1.3618e+00 -3.4132e-02 +4.2531e-01 +3.9215e-01 +5.5477e-01
265 0 +1.674552499e+00 +7.330645525e+02 +7.330645525e+02 +1.3602e+00 -3.3800e-02 +4.2879e-01 +3.9139e-01 +5.5486e-01
277 0 +1.634714483e+00 +7.330247145e+02 +7.330247145e+02 +1.3656e+00 -3.6757e-02 +4.3165e-01 +3.9182e-01 +5.5093e-01
278 0 +1.603403582e+00 +7.329934036e+02 +7.329934036e+02 +1.3700e+00 -3.2015e-02 +4.2894e-01 +3.8842e-01 +5.5254e-01
298 0 +1.535592882e+00 +7.329255929e+02 +7.329255929e+02 +1.3719e+00 -3.7807e-02 +4.3272e-01 +3.9302e-01 +5.5547e-01
312 0 +1.503004370e+00 +7.328930044e+02 +7.328930044e+02 +1.3706e+00 -3.6568e-02 +4.2921e-01 +3.9090e-01 +5.5645e-01
334 0 +1.460449884e+00 +7.328504499e+02 +7.328504499e+02 +1.3704e+00 -3.7203e-02 +4.3050e-01 +3.9110e-01 +5.5667e-01
337 0 +1.387634126e+00 +7.327776341e+02 +7.327776341e+02 +1.3711e+00 -3.7016e-02 +4.2993e-01 +3.9110e-01 +5.5535e-01
365 0 +1.379610894e+00 +7.327696109e+02 +7.327696109e+02 +1.3712e+00 -3.7109e-02 +4.3037e-01 +3.9121e-01 +5.5515e-01
401 0 +1.341045354e+00 +7.327310454e+02 +7.327310454e+02 +1.3714e+00 -3.7222e-02 +4.3065e-01 +3.9111e-01 +5.5536e-01
504 0 +1.330963456e+00 +7.327209635e+02 +7.327209635e+02 +1.3714e+00 -3.7151e-02 +4.3058e-01 +3.9110e-01 +5.5523e-01
% f evaluations | g evaluations | best noise-free fitness - Fopt (7.526000000000e+01) + sum g_i+ | measured fitness | best measured fitness or single-digit g-values | x1 | x2...
1 0 +2.087917327e+02 +2.840517327e+02 +2.840517327e+02 -1.4105e-01 -4.6842e-01 +1.0586e-01 +2.2139e-01 -1.8823e-01
2 0 +1.303800837e+02 +2.056400837e+02 +2.056400837e+02 -5.2846e-01 +1.4409e-01 -3.2002e-01 +3.4793e-01 +1.7448e-01
3 0 +8.595215105e+01 +1.612121510e+02 +1.612121510e+02 -3.7428e-01 -6.0055e-01 +2.3327e-01 +1.4987e-01 +1.6427e-02
9 0 +4.786260200e+01 +1.231226020e+02 +1.231226020e+02 -5.3744e-02 -5.7864e-01 +3.2450e-01 +6.9292e-01 +3.5225e-01
15 0 +3.694729469e+01 +1.122072947e+02 +1.122072947e+02 -4.1882e-01 +2.4836e-01 +4.0519e-01 -2.8667e-01 +4.6908e-02
19 0 +2.926893911e+01 +1.045289391e+02 +1.045289391e+02 -2.7678e-01 +3.7666e-01 +3.6710e-01 -4.2159e-01 -4.8174e-02
38 0 +2.283224646e+01 +9.809224646e+01 +9.809224646e+01 -2.4394e-01 +7.8969e-01 +5.7051e-01 -1.1796e-01 +2.5496e-02
52 0 +1.780369181e+01 +9.306369181e+01 +9.306369181e+01 -5.4992e-01 +1.0981e+00 +7.2183e-01 -1.9554e-01 +7.5366e-02
109 0 +1.257341438e+01 +8.783341438e+01 +8.783341438e+01 -5.6307e-01 +1.1516e+00 +9.1848e-01 +3.0474e-01 -7.0971e-02
118 0 +8.392621219e+00 +8.365262122e+01 +8.365262122e+01 -7.5317e-01 +9.1090e-01 +8.0761e-01 +1.1276e-01 -6.4512e-02
182 0 +5.838218597e+00 +8.109821860e+01 +8.109821860e+01 -9.8155e-01 +1.2563e+00 +7.8527e-01 +2.8662e-01 +8.3879e-02
204 0 +5.626893880e+00 +8.088689388e+01 +8.088689388e+01 -9.3756e-01 +1.2522e+00 +7.9143e-01 +2.6129e-01 +1.0810e-01
215 0 +4.633360327e+00 +7.989336033e+01 +7.989336033e+01 -9.8896e-01 +1.2527e+00 +7.8792e-01 +2.4245e-01 +7.7929e-02
217 0 +4.443036510e+00 +7.970303651e+01 +7.970303651e+01 -9.9520e-01 +1.2105e+00 +7.9375e-01 +2.5226e-01 +7.3034e-02
218 0 +4.242033828e+00 +7.950203383e+01 +7.950203383e+01 -9.4737e-01 +1.2439e+00 +7.8815e-01 +2.6529e-01 +1.0726e-01
239 0 +3.802762436e+00 +7.906276244e+01 +7.906276244e+01 -9.8890e-01 +1.2045e+00 +8.0876e-01 +2.8067e-01 +9.0614e-02
245 0 +3.784722500e+00 +7.904472250e+01 +7.904472250e+01 -9.7673e-01 +1.2079e+00 +8.0335e-01 +2.6288e-01 +1.0639e-01
278 0 +3.676518950e+00 +7.893651895e+01 +7.893651895e+01 -9.8304e-01 +1.2183e+00 +7.9914e-01 +2.5653e-01 +9.9521e-02
287 0 +3.611096455e+00 +7.887109645e+01 +7.887109645e+01 -9.8458e-01 +1.2143e+00 +8.0102e-01 +2.5692e-01 +9.7984e-02
307 0 +3.494033830e+00 +7.875403383e+01 +7.875403383e+01 -9.8160e-01 +1.2028e+00 +7.9896e-01 +2.6187e-01 +9.6403e-02
311 0 +3.285153038e+00 +7.854515304e+01 +7.854515304e+01 -9.8521e-01 +1.2035e+00 +7.9999e-01 +2.6329e-01 +9.4618e-02
504 0 +3.241794793e+00 +7.850179479e+01 +7.850179479e+01 -9.8208e-01 +1.2025e+00 +7.9937e-01 +2.6243e-01 +9.7614e-02
% f evaluations | g evaluations | best noise-free fitness - Fopt (-4.913000000000e+01) + sum g_i+ | measured fitness | best measured fitness or single-digit g-values | x1 | x2...
1 0 +7.486195776e+01 +2.573195776e+01 +2.573195776e+01 -4.2199e-01 -7.3353e-03 +1.6202e-01 -2.8550e-02 -1.0532e-01
17 0 +6.913490401e+01 +2.000490401e+01 +2.000490401e+01 -1.4273e-01 +1.9569e-01 -2.7546e-01 +2.7844e-01 +1.8340e-01
24 0 +5.602232393e+01 +6.892323926e+00 +6.892323926e+00 -3.3691e-01 +2.0622e-01 -2.5081e-01 +3.6547e-01 -1.4622e-01
25 0 +2.431285498e+01 -2.481714502e+01 -2.481714502e+01 -6.3946e-01 -3.0979e-01 -1.6951e-01 +5.7895e-01 -2.4573e-01
42 0 +1.083310125e+01 -3.829689875e+01 -3.829689875e+01 -1.1082e+00 -1.2601e-01 -2.8016e-01 +2.6564e-01 -4.8143e-01
59 0 +1.063928817e+01 -3.849071183e+01 -3.849071183e+01 -1.7110e+00 -1.5610e+00 +2.7969e-01 -2.6843e-01 -3.5741e-01
187 0 +8.507774217e+00 -4.062222578e+01 -4.062222578e+01 -2.2988e-01 -8.3804e-01 -4.8711e-01 +8.4932e-01 +4.5408e-01
197 0 +8.094347951e+00 -4.103565205e+01 -4.103565205e+01 -2.2052e-01 -1.0162e+00 -3.0989e-01 +8.6450e-01 +3.8421e-01
211 0 +6.375168832e+00 -4.275483117e+01 -4.275483117e+01 -1.6839e-01 -9.2438e-01 -3.0642e-01 +9.9463e-01 +4.5736e-01
214 0 +5.437119201e+00 -4.369288080e+01 -4.369288080e+01 +1.9459e-02 -8.8252e-01 -4.9114e-01 +1.0490e+00 +4.4406e-01
219 0 +4.633226527e+00 -4.449677347e+01 -4.449677347e+01 -6.7941e-02 -9.6236e-01 -3.6333e-01 +1.0217e+00 +3.9796e-01
242 0 +4.073930918e+00 -4.505606908e+01 -4.505606908e+01 -1.0985e-01 -9.5973e-01 -2.2011e-01 +1.0254e+00 +3.3836e-01
249 0 +3.557950539e+00 -4.557204946e+01 -4.557204946e+01 -1.0074e-01 -1.0162e+00 -2.8546e-01 +1.0809e+00 +3.8356e-01
262 0 +2.320202894e+00 -4.680979711e+01 -4.680979711e+01 -9.3122e-02 -9.8027e-01 -2.7970e-01 +1.0714e+00 +3.2594e-01
269 0 +2.148878403e+00 -4.698112160e+01 -4.698112160e+01 -1.1093e-01 -9.7532e-01 -2.3964e-01 +1.0930e+00 +3.3103e-01
275 0 +1.985064124e+00 -4.714493588e+01 -4.714493588e+01 -1.3611e-01 -9.8707e-01 -2.4063e-01 +1.0894e+00 +3.2538e-01
287 0 +1.820175271e+00 -4.730982473e+01 -4.730982473e+01 -1.8546e-01 -1.0220e+00 -2.0219e-01 +1.0812e+00 +2.9259e-01
293 0 +1.535118693e+00 -4.759488131e+01 -4.759488131e+01 -2.0596e-01 -1.0259e+00 -2.0695e-01 +1.0651e+00 +2.9848e-01
313 0 +1.422128322e+00 -4.770787168e+01 -4.770787168e+01 -1.7215e-01 -1.0109e+00 -1.9624e-01 +1.0819e+00 +3.0047e-01
342 0 +1.376202544e+00 -4.775379746e+01 -4.775379746e+01 -1.6417e-01 -1.0214e+00 -1.9121e-01 +1.0812e+00 +2.9655e-01
348 0 +1.118001694e+00 -4.801199831e+01 -4.801199831e+01 -1.6293e-01 -1.0276e+00 -1.8237e-01 +1.0831e+00 +2.9332e-01
456 0 +1.074931510e+00 -4.805506849e+01 -4.805506849e+01 -1.6387e-01 -1.0315e+00 -1.7802e-01 +1.0814e+00 +2.9379e-01
476 0 +1.060839936e+00 -4.806916006e+01 -4.806916006e+01 -1.6397e-01 -1.0314e+00 -1.7798e-01 +1.0815e+00 +2.9367e-01
504 0 +1.058559640e+00 -4.807144036e+01 -4.807144036e+01 -1.6393e-01 -1.0315e+00 -1.7798e-01 +1.0815e+00 +2.9371e-01
% f evaluations | g evaluations | best noise-free fitness - Fopt (-1.418900000000e+02) + sum g_i+ | measured fitness | best measured fitness or single-digit g-values | x1 | x2...
1 0 +1.228812686e+02 -1.900873140e+01 -1.900873140e+01 -3.2541e-01 +2.2700e-01 -6.5792e-03 -1.0355e-01 -5.8920e-01
2 0 +8.495911625e+01 -5.693088375e+01 -5.693088375e+01 +1.6533e-01 +4.7882e-01 -4.6304e-01 +1.4801e-01 -3.8784e-01
3 0 +5.800764271e+01 -8.388235729e+01 -8.388235729e+01 +6.3407e-01 +7.4027e-01 +8.7898e-02 -7.9681e-02 -3.8386e-01
4 0 +2.873909286e+01 -1.131509071e+02 -1.131509071e+02 -2.0326e-01 -2.0803e-01 +2.5068e-01 -5.0302e-01 -2.8765e-02
11 0 +1.233227043e+01 -1.295577296e+02 -1.295577296e+02 +6.6540e-02 -2.9907e-01 -3.3322e-02 -4.8517e-01 -1.6852e-01
74 0 +1.085272919e+01 -1.310372708e+02 -1.310372708e+02 +6.7381e-02 -1.1162e-01 -3.6570e-02 -4.0017e-02 +3.0256e-01
92 0 +8.671919849e+00 -1.332180802e+02 -1.332180802e+02 -4.2443e-02 -1.6839e-01 -2.4459e-01 +4.0295e-02 +5.0747e-01
143 0 +8.350873954e+00 -1.335391260e+02 -1.335391260e+02 -2.2241e-01 -3.5739e-01 -3.1469e-01 +3.5213e-01 +5.4483e-01
149 0 +6.730820016e+00 -1.351591800e+02 -1.351591800e+02 -3.0136e-01 -4.0773e-01 -2.4906e-01 +2.9867e-01 +6.0509e-01
150 0 +4.673856452e+00 -1.372161435e+02 -1.372161435e+02 -3.1262e-01 -2.1557e-01 -2.3722e-01 +2.1102e-01 +5.0037e-01
166 0 +4.502977831e+00 -1.373870222e+02 -1.373870222e+02 -3.6491e-01 -3.2562e-01 -3.7313e-01 +2.9419e-01 +6.3993e-01
168 0 +3.931712348e+00 -1.379582877e+02 -1.379582877e+02 -1.6420e-01 -2.5756e-01 -4.2207e-01 +4.5696e-01 +6.9792e-01
169 0 +3.822625298e+00 -1.380673747e+02 -1.380673747e+02 -1.8718e-01 -2.8500e-01 -4.8860e-01 +4.1489e-01 +7.0175e-01
191 0 +3.479183650e+00 -1.384108164e+02 -1.384108164e+02 -2.6096e-01 -2.2022e-01 -3.3066e-01 +2.8415e-01 +6.5100e-01
209 0 +3.339028279e+00 -1.385509717e+02 -1.385509717e+02 -2.4533e-01 -2.2381e-01 -4.0472e-01 +3.7330e-01 +7.0458e-01
218 0 +3.199294994e+00 -1.386907050e+02 -1.386907050e+02 -2.6472e-01 -2.3906e-01 -3.9899e-01 +3.8635e-01 +7.1534e-01
239 0 +3.127757688e+00 -1.387622423e+02 -1.387622423e+02 -2.5094e-01 -2.6615e-01 -4.0245e-01 +3.6860e-01 +6.8507e-01
254 0 +2.808208897e+00 -1.390817911e+02 -1.390817911e+02 -2.3987e-01 -2.6351e-01 -4.1986e-01 +3.8915e-01 +7.1295e-01
269 0 +2.751211095e+00 -1.391387889e+02 -1.391387889e+02 -2.4788e-01 -2.6378e-01 -4.2034e-01 +3.9803e-01 +7.2140e-01
271 0 +2.602216186e+00 -1.392877838e+02 -1.392877838e+02 -2.4696e-01 -2.5407e-01 -3.9098e-01 +3.9188e-01 +7.0547e-01
286 0 +2.199498643e+00 -1.396905014e+02 -1.396905014e+02 -2.4582e-01 -2.6376e-01 -4.0719e-01 +3.9445e-01 +7.0562e-01
334 0 +2.073879679e+00 -1.398161203e+02 -1.398161203e+02 -2.4114e-01 -2.6023e-01 -4.0752e-01 +4.0221e-01 +7.1627e-01
350 0 +2.031873003e+00 -1.398581270e+02 -1.398581270e+02 -2.3896e-01 -2.6099e-01 -4.0817e-01 +4.0594e-01 +7.1833e-01
364 0 +1.993209955e+00 -1.398967900e+02 -1.398967900e+02 -2.4144e-01 -2.5987e-01 -4.0744e-01 +4.0309e-01 +7.1646e-01
387 0 +1.929499826e+00 -1.399605002e+02 -1.399605002e+02 -2.3865e-01 -2.6109e-01 -4.1108e-01 +4.0692e-01 +7.2019e-01
416 0 +1.885862397e+00 -1.400041376e+02 -1.400041376e+02 -2.3825e-01 -2.6058e-01 -4.1105e-01 +4.0799e-01 +7.2115e-01
504 0 +1.863073696e+00 -1.400269263e+02 -1.400269263e+02 -2.3929e-01 -2.6073e-01 -4.1053e-01 +4.0672e-01 +7.1997e-01
% f evaluations | g evaluations | best noise-free fitness - Fopt (1.095700000000e+02) + sum g_i+ | measured fitness | best measured fitness or single-digit g-values | x1 | x2...
1 0 +6.593024851e+01 +1.755002485e+02 +1.755002485e+02 -2.3253e-01 +1.0052e-01 -2.8061e-01 +1.0962e-01 +3.4237e-02
3 0 +4.992157407e+01 +1.594915741e+02 +1.594915741e+02 -1.6244e-01 +2.3311e-01 +8.6382e-01 -4.2090e-01 -4.4421e-01
7 0 +3.959310320e+01 +1.491631032e+02 +1.491631032e+02 -6.2978e-02 -2.2166e-01 -1.4927e-01 -8.6969e-02 -1.1323e-01
12 0 +2.288394142e+01 +1.324539414e+02 +1.324539414e+02 -3.1708e-01 -2.2766e-01 +5.1145e-01 -3.2684e-01 -1.5155e-01
24 0 +1.854050857e+01 +1.281105086e+02 +1.281105086e+02 -1.0476e+00 -3.7612e-01 +1.2981e-01 -2.2079e-01 -5.0345e-01
94 0 +1.579922771e+01 +1.253692277e+02 +1.253692277e+02 -2.8016e-01 -2.4281e-01 +6.4561e-01 +2.6777e-01 -1.4086e-01
95 0 +1.132034721e+01 +1.208903472e+02 +1.208903472e+02 -4.7874e-01 -2.8092e-01 +6.7404e-01 +3.0268e-01 -1.7695e-01
145 0 +1.090974460e+01 +1.204797446e+02 +1.204797446e+02 -4.4886e-01 -2.6352e-01 +7.0626e-01 +3.0496e-01 -1.8159e-01
172 0 +1.048310798e+01 +1.200531080e+02 +1.200531080e+02 -4.5894e-01 -2.5111e-01 +7.2056e-01 +2.9360e-01 -1.7306e-01
187 0 +8.999863925e+00 +1.185698639e+02 +1.185698639e+02 -4.7877e-01 -2.6083e-01 +6.8681e-01 +3.0325e-01 -1.7433e-01
201 0 +8.281595181e+00 +1.178515952e+02 +1.178515952e+02 -4.9025e-01 -2.7923e-01 +6.8219e-01 +3.0567e-01 -1.8343e-01
230 0 +7.705024239e+00 +1.172750242e+02 +1.172750242e+02 -4.9124e-01 -2.7817e-01 +6.8294e-01 +3.0746e-01 -1.8432e-01
319 0 +7.550182630e+00 +1.171201826e+02 +1.171201826e+02 -5.0186e-01 -2.7783e-01 +6.7781e-01 +3.1308e-01 -1.8507e-01
410 0 +7.374316218e+00 +1.169443162e+02 +1.169443162e+02 -5.0428e-01 -2.8226e-01 +6.7547e-01 +3.1080e-01 -1.8525e-01
504 0 +7.374316218e+00 +1.169443162e+02 +1.169443162e+02 -5.0428e-01 -2.8226e-01 +6.7547e-01 +3.1080e-01 -1.8525e-01
% f evaluations | g evaluations | best noise-free fitness - Fopt (7.836000000000e+01) + sum g_i+ | measured fitness | best measured fitness or single-digit g-values | x1 | x2...
1 0 +1.070417644e+02 +1.854017644e+02 +1.854017644e+02 +8.5823e-02 +4.0602e-01 +6.0130e-02 -8.2533e-02 +9.6413e-02
2 0 +1.858096820e+01 +9.694096820e+01 +9.694096820e+01 +8.9196e-01 -6.8763e-01 -2.8698e-01 +1.3317e-01 -2.2583e-01
18 0 +1.548440230e+01 +9.384440230e+01 +9.384440230e+01 +9.7739e-01 -2.3470e-01 -1.0288e+00 +1.9661e-01 -2.9494e-01
38 0 +8.162577599e+00 +8.652257760e+01 +8.652257760e+01 +1.2002e+00 -5.5543e-01 -8.0066e-01 -2.7439e-02 -6.9808e-01
44 0 +7.813832160e+00 +8.617383216e+01 +8.617383216e+01 +1.2633e+00 -8.4457e-01 -8.1053e-01 -2.2307e-01 -6.2459e-01
127 0 +7.659070131e+00 +8.601907013e+01 +8.601907013e+01 +1.4003e+00 -5.9220e-01 -9.0864e-01 +1.4984e-01 -6.8218e-01
131 0 +7.337749183e+00 +8.569774918e+01 +8.569774918e+01 +1.2423e+00 -6.0569e-01 -8.1183e-01 +9.6285e-02 -5.5393e-01
160 0 +5.008483087e+00 +8.336848309e+01 +8.336848309e+01 +1.3016e+00 -6.7460e-01 -8.6920e-01 -5.1523e-02 -6.3787e-01
172 0 +2.847535633e+00 +8.120753563e+01 +8.120753563e+01 +1.2113e+00 -6.9837e-01 -8.3322e-01 -9.4507e-02 -5.9028e-01
246 0 +2.660302777e+00 +8.102030278e+01 +8.102030278e+01 +1.1988e+00 -6.9307e-01 -8.1026e-01 -1.1664e-01 -5.7292e-01
250 0 +2.314903229e+00 +8.067490323e+01 +8.067490323e+01 +1.1982e+00 -6.8993e-01 -8.0095e-01 -1.3661e-01 -5.6899e-01
281 0 +2.144370914e+00 +8.050437091e+01 +8.050437091e+01 +1.2201e+00 -6.9850e-01 -8.3417e-01 -1.0436e-01 -5.9388e-01
404 0 +2.136931270e+00 +8.049693127e+01 +8.049693127e+01 +1.2231e+00 -6.9716e-01 -8.3722e-01 -9.6676e-02 -5.9232e-01
442 0 +2.078513592e+00 +8.043851359e+01 +8.043851359e+01 +1.2229e+00 -6.9702e-01 -8.3747e-01 -9.6931e-02 -5.9205e-01
504 0 +2.058661296e+00 +8.041866130e+01 +8.041866130e+01 +1.2229e+00 -6.9700e-01 -8.3752e-01 -9.6921e-02 -5.9207e-01
% f evaluations | g evaluations | best noise-free fitness - Fopt (1.140900000000e+02) + sum g_i+ | measured fitness | best measured fitness or single-digit g-values | x1 | x2...
1 0 +1.136672042e+02 +2.277572042e+02 +2.277572042e+02 +1.2226e-01 +4.1788e-01 +1.0628e-01 -4.5463e-01 +3.9543e-01
2 0 +1.012913008e+02 +2.153813008e+02 +2.153813008e+02 +1.9205e-02 +2.5440e-01 +3.8137e-01 +5.5900e-02 -4.7434e-01
3 0 +4.548201552e+01 +1.595720155e+02 +1.595720155e+02 +5.5298e-01 -4.3688e-01 -2.1838e-02 +1.6674e-01 -1.9711e-01
13 0 +3.254316900e+01 +1.466331690e+02 +1.466331690e+02 +5.6649e-01 -7.5765e-01 -1.9553e-01 +4.8006e-03 -1.7504e-01
20 0 +2.924524616e+01 +1.433352462e+02 +1.433352462e+02 +6.2024e-01 -1.0861e+00 -2.7509e-01 +4.9797e-02 -2.9769e-01
23 0 +1.655791503e+01 +1.306479150e+02 +1.306479150e+02 +1.1613e+00 -9.5460e-01 -5.4119e-01 -7.2869e-02 -1.1282e-01
26 0 +3.227024671e+00 +1.173170247e+02 +1.173170247e+02 +1.0798e+00 -4.2976e-01 -5.9917e-01 +3.7440e-01 -1.0348e-01
47 0 +1.424795241e+00 +1.155147952e+02 +1.155147952e+02 +9.7762e-01 -6.0538e-01 -5.3474e-01 +4.2044e-01 -1.6598e-01
125 0 +9.926917019e-01 +1.150826917e+02 +1.150826917e+02 +1.0259e+00 -5.2628e-01 -5.2306e-01 +3.8201e-01 -1.9424e-01
174 0 +6.260363723e-01 +1.147160364e+02 +1.147160364e+02 +1.0101e+00 -6.0895e-01 -5.6258e-01 +4.8454e-01 -1.3848e-01
202 0 +4.168041777e-01 +1.145068042e+02 +1.145068042e+02 +1.0144e+00 -5.5601e-01 -5.2633e-01 +4.4610e-01 -1.5755e-01
238 0 +3.159604070e-01 +1.144059604e+02 +1.144059604e+02 +9.9204e-01 -5.2075e-01 -5.0698e-01 +4.5433e-01 -1.5974e-01
258 0 +2.388623587e-01 +1.143288624e+02 +1.143288624e+02 +1.0144e+00 -5.7553e-01 -5.2275e-01 +4.1838e-01 -1.6619e-01
282 0 +1.893310418e-01 +1.142793310e+02 +1.142793310e+02 +1.0100e+00 -5.6203e-01 -5.2294e-01 +4.3633e-01 -1.5554e-01
284 0 +1.860863933e-01 +1.142760864e+02 +1.142760864e+02 +1.0092e+00 -5.6402e-01 -5.2861e-01 +4.4886e-01 -1.5559e-01
311 0 +1.606459449e-01 +1.142506459e+02 +1.142506459e+02 +1.0104e+00 -5.6134e-01 -5.2699e-01 +4.4413e-01 -1.5734e-01
361 0 +1.538973711e-01 +1.142438974e+02 +1.142438974e+02 +1.0118e+00 -5.6093e-01 -5.2589e-01 +4.3931e-01 -1.5882e-01
372 0 +1.467167165e-01 +1.142367167e+02 +1.142367167e+02 +1.0113e+00 -5.6062e-01 -5.2570e-01 +4.3983e-01 -1.5873e-01
453 0 +1.443440926e-01 +1.142343441e+02 +1.142343441e+02 +1.0112e+00 -5.6069e-01 -5.2568e-01 +4.3968e-01 -1.5885e-01
504 0 +1.424595124e-01 +1.142324595e+02 +1.142324595e+02 +1.0113e+00 -5.6068e-01 -5.2569e-01 +4.3967e-01 -1.5885e-01
% f evaluations | g evaluations | best noise-free fitness - Fopt (-5.445900000000e+02) + sum g_i+ | measured fitness | best measured fitness or single-digit g-values | x1 | x2...
1 0 +1.005021301e+02 -4.440878699e+02 -4.440878699e+02 +9.3184e-02 -3.5043e-01 +4.0319e-01 +4.0298e-01 -1.1866e-01
3 0 +8.956378292e+01 -4.550262171e+02 -4.550262171e+02 -8.5689e-02 +4.0481e-01 +3.0031e-01 +4.4327e-01 -2.9789e-02
4 0 +7.548994415e+01 -4.691000559e+02 -4.691000559e+02 -9.1562e-02 -1.2942e-01 -3.3046e-01 +1.5184e-01 +9.8056e-02
5 0 +4.112264323e+01 -5.034673568e+02 -5.034673568e+02 +4.0806e-02 -3.3526e-01 -3.5737e-01 +1.7771e-02 +4.0856e-01
14 0 +2.920780145e+01 -5.153821986e+02 -5.153821986e+02 +3.5850e-01 -4.8197e-02 +1.1709e-01 +9.6583e-02 +8.3894e-01
15 0 +1.956277521e+01 -5.250272248e+02 -5.250272248e+02 +7.2778e-02 -2.8532e-01 -2.0904e-01 -5.3388e-01 +5.1571e-01
70 0 +1.431862607e+01 -5.302713739e+02 -5.302713739e+02 -3.5776e-01 -5.1089e-01 -5.4381e-01 -2.5024e-01 +4.8696e-01
78 0 +9.342507962e+00 -5.352474920e+02 -5.352474920e+02 +1.4757e-03 -2.5538e-01 -1.6420e-01 -7.7186e-01 +5.1865e-01
103 0 +6.681469703e+00 -5.379085303e+02 -5.379085303e+02 +1.2278e-01 -7.8500e-02 -1.9458e-01 -7.7428e-01 +4.8623e-01
133 0 +1.748525516e+00 -5.428414745e+02 -5.428414745e+02 +4.0428e-01 +3.0847e-01 +4.8679e-01 -1.6575e+00 +2.3429e-01
185 0 +1.708146520e+00 -5.428818535e+02 -5.428818535e+02 +5.1525e-01 +8.5894e-02 +4.8583e-01 -1.8721e+00 -3.3459e-02
190 0 +7.254065448e-01 -5.438645935e+02 -5.438645935e+02 +5.0205e-01 +2.6658e-01 +4.2675e-01 -1.5499e+00 +1.6601e-01
212 0 +4.135422769e-01 -5.441764577e+02 -5.441764577e+02 +4.9210e-01 +1.8690e-01 +3.7252e-01 -1.5873e+00 +8.7488e-02
241 0 +2.975361745e-01 -5.442924638e+02 -5.442924638e+02 +5.8070e-01 +1.5435e-01 +4.5864e-01 -1.6014e+00 +1.6830e-01
271 0 +1.460954398e-01 -5.444439046e+02 -5.444439046e+02 +6.0264e-01 +2.5252e-01 +4.9711e-01 -1.6980e+00 +9.2215e-02
294 0 +1.357576549e-01 -5.444542423e+02 -5.444542423e+02 +6.2565e-01 +2.6979e-01 +4.9093e-01 -1.6975e+00 +1.0233e-01
306 0 +1.331826966e-01 -5.444568173e+02 -5.444568173e+02 +6.3407e-01 +2.8443e-01 +4.8456e-01 -1.6844e+00 +1.0593e-01
338 0 +1.276913753e-01 -5.444623086e+02 -5.444623086e+02 +6.2526e-01 +2.7441e-01 +4.8830e-01 -1.6977e+00 +1.0740e-01
340 0 +1.197272471e-01 -5.444702728e+02 -5.444702728e+02 +6.2479e-01 +2.7850e-01 +4.8014e-01 -1.6950e+00 +1.0385e-01
345 0 +1.102564749e-01 -5.444797435e+02 -5.444797435e+02 +6.2036e-01 +2.6893e-01 +4.7882e-01 -1.6848e+00 +1.0857e-01
346 0 +9.987134948e-02 -5.444901287e+02 -5.444901287e+02 +6.1945e-01 +2.6703e-01 +4.7427e-01 -1.6792e+00 +1.1323e-01
385 0 +8.243238416e-02 -5.445075676e+02 -5.445075676e+02 +6.2555e-01 +2.6968e-01 +4.8219e-01 -1.6899e+00 +1.0737e-01
414 0 +7.798731362e-02 -5.445120127e+02 -5.445120127e+02 +6.2466e-01 +2.6849e-01 +4.7986e-01 -1.6866e+00 +1.0826e-01
417 0 +7.353434008e-02 -5.445164657e+02 -5.445164657e+02 +6.2474e-01 +2.6853e-01 +4.7960e-01 -1.6864e+00 +1.0829e-01
443 0 +7.122525634e-02 -5.445187747e+02 -5.445187747e+02 +6.2487e-01 +2.6831e-01 +4.7923e-01 -1.6863e+00 +1.0825e-01
492 0 +7.077718783e-02 -5.445192228e+02 -5.445192228e+02 +6.2491e-01 +2.6854e-01 +4.7936e-01 -1.6863e+00 +1.0832e-01
504 0 +6.926981612e-02 -5.445207302e+02 -5.445207302e+02 +6.2493e-01 +2.6852e-01 +4.7933e-01 -1.6862e+00 +1.0833e-01
