% f evaluations | g evaluations | best noise-free fitness - Fopt (-1.694000000000e+01) + sum g_i+ | measured fitness | best measured fitness or single-digit g-values | x1 | x2...
1 0 +3.919070474e+01 +2.225070474e+01 +2.225070474e+01 -1.3358e-01 -2.8966e-01 -3.0089e-01 +6.1282e-02 -8.6267e-02 +3.4363e-01 -4.0168e-01 -1.6002e-01 -2.2836e-01 -2.5512e-01
2 0 +2.651041255e+01 +9.570412554e+00 +9.570412554e+00 -1.2456e-01 +6.1034e-01 +2.7939e-01 +6.6910e-03 +1.0989e-01 +2.4140e-01 +8.5467e-03 -2.6588e-01 +6.0476e-02 +2.9495e-01
14 0 +2.406700440e+01 +7.127004404e+00 +7.127004404e+00 +1.1210e-01 +8.4369e-01 -3.9098e-01 +5.0781e-01 -2.6879e-01 +4.0640e-01 +1.2875e-01 -1.3648e-01 -5.8545e-01 +2.6185e-01
22 0 +2.353295839e+01 +6.592958394e+00 +6.592958394e+00 +8.7984e-02 +1.6114e-01 -2.7612e-01 +5.8989e-01 +9.8639e-03 +1.3178e-01 +4.8257e-03 -8.9675e-02 -4.6893e-01 +3.7561e-01
28 0 +2.124703831e+01 +4.307038310e+00 +4.307038310e+00 -4.0567e-01 +6.5165e-01 -1.6203e-01 +3.9306e-01 -8.2119e-02 -4.6787e-02 +7.7535e-02 -4.4839e-01 -1.3065e+00 +5.2099e-01
42 0 +1.678636035e+01 -1.536396451e-01 -1.536396451e-01 +2.0385e-01 +6.4710e-01 +1.3192e-02 +1.0245e-01 +2.2536e-01 +2.2158e-01 +1.0621e+00 +4.5759e-01 -1.3777e+00 +1.6809e-01
93 0 +1.187043424e+01 -5.069565756e+00 -5.069565756e+00 +1.1947e+00 +1.9205e+00 -1.1066e+00 +3.6402e-02 -3.3046e-01 +1.2092e+00 +5.6436e-01 -6.7473e-01 +6.2345e-01 -9.3394e-02
111 0 +1.047995596e+01 -6.460044037e+00 -6.460044037e+00 +1.1129e+00 +1.8377e+00 -3.7642e-01 -4.2921e-01 -1.4943e-01 -3.4241e-01 +1.2036e+00 +1.9506e-01 +1.1039e+00 -4.1566e-01
140 0 +8.599500438e+00 -8.340499562e+00 -8.340499562e+00 +1.2709e+00 +3.2534e+00 -8.4285e-01 +3.5105e-01 -5.6505e-01 +3.1649e-02 +1.5071e+00 -3.8450e-01 +1.2332e+00 -5.5678e-01
141 0 +7.635825545e+00 -9.304174455e+00 -9.304174455e+00 +2.1496e+00 +3.7904e+00 -1.3573e+00 +2.6205e-01 +7.0860e-03 +4.5328e-02 +1.6917e+00 +6.3130e-02 +1.1843e+00 -8.8288e-01
145 0 +7.511129684e+00 -9.428870316e+00 -9.428870316e+00 +2.0672e+00 +3.3319e+00 -6.8899e-01 +6.9410e-01 -7.1582e-01 -3.7181e-01 +2.1331e+00 -3.5898e-02 +9.0120e-02 -3.0731e-01
152 0 +6.974525246e+00 -9.965474754e+00 -9.965474754e+00 +3.1520e+00 +3.3561e+00 -5.8393e-01 +4.2434e-01 -5.0059e-01 -2.7612e-01 +1.9223e+00 -1.9219e-01 +1.5616e+00 -1.1318e+00
165 0 +5.793392460e+00 -1.114660754e+01 -1.114660754e+01 +4.0734e+00 +3.1434e+00 -6.7051e-01 +3.2470e-01 -2.8656e-01 +2.9506e-02 +3.6857e+00 -3.6614e-01 +1.1148e+00 -1.2387e+00
172 0 +5.725386810e+00 -1.121461319e+01 -1.121461319e+01 +4.2292e+00 +3.0652e+00 -4.6163e-01 +8.1997e-01 +1.4132e-01 -3.5020e-01 +3.0926e+00 -2.6309e-01 +5.2897e-01 -5.7187e-01
183 0 +4.271755765e+00 -1.266824424e+01 -1.266824424e+01 +3.7068e+00 +1.8554e+00 +4.3863e-01 +6.3265e-01 +4.9480e-01 -8.3177e-01 +2.6737e+00 -5.5833e-01 +1.0237e+00 -9.3654e-01
205 0 +3.593455980e+00 -1.334654402e+01 -1.334654402e+01 +3.1053e+00 +2.0105e+00 +4.0523e-01 +1.5930e-01 +1.0788e+00 -1.1961e+00 +3.2596e+00 +1.5712e-01 +6.2530e-01 -1.1012e+00
240 0 +3.131363980e+00 -1.380863602e+01 -1.380863602e+01 +3.0475e+00 +2.2655e+00 -6.6398e-01 +1.6542e+00 +8.3339e-01 -6.6257e-01 +1.8805e+00 -1.2582e+00 -2.2701e-01 -1.6440e+00
282 0 +2.690283892e+00 -1.424971611e+01 -1.424971611e+01 +3.7612e+00 +2.3897e+00 -1.6737e+00 +1.3151e+00 +1.1921e+00 -3.0334e+00 +2.8425e+00 -1.3468e+00 -6.0957e-01 -2.4799e+00
290 0 +1.872922390e+00 -1.506707761e+01 -1.506707761e+01 +3.2170e+00 +2.3725e+00 -2.3840e+00 +8.9656e-01 +9.0855e-01 -8.2171e-01 +1.7262e+00 -1.3234e+00 -8.3321e-01 -2.7322e+00
329 0 +1.689819180e+00 -1.525018082e+01 -1.525018082e+01 +4.4621e+00 +2.6165e+00 -2.7672e+00 +5.9301e-01 +8.2397e-01 -2.5017e+00 +2.3951e+00 -1.6894e+00 -6.2225e-01 -2.1330e+00
345 0 +1.629109067e+00 -1.531089093e+01 -1.531089093e+01 +4.4446e+00 +2.7350e+00 -2.5675e+00 +8.2673e-01 +4.3705e-01 -1.6149e+00 +2.6528e+00 -2.1087e+00 -1.2418e+00 -1.9738e+00
364 0 +1.611821110e+00 -1.532817889e+01 -1.532817889e+01 +4.0731e+00 +2.3869e+00 -1.7141e+00 +8.3548e-01 +4.7545e-01 -2.5747e+00 +2.7546e+00 -1.8926e+00 -3.9788e-01 -1.8743e+00
373 0 +1.213056783e+00 -1.572694322e+01 -1.572694322e+01 +4.3238e+00 +2.8820e+00 -1.9473e+00 +1.0211e+00 +9.4314e-01 -2.2013e+00 +2.7955e+00 -1.6880e+00 -8.9620e-01 -1.9954e+00
386 0 +9.992319109e-01 -1.594076809e+01 -1.594076809e+01 +4.0018e+00 +2.4818e+00 -1.9684e+00 +1.0409e+00 +1.1912e+00 -2.0408e+00 +2.9769e+00 -1.5734e+00 -5.1689e-01 -2.1123e+00
421 0 +8.703047761e-01 -1.606969522e+01 -1.606969522e+01 +4.2715e+00 +2.6564e+00 -1.8880e+00 +1.0101e+00 +7.3223e-01 -2.2174e+00 +2.8888e+00 -1.8899e+00 -8.6376e-01 -2.2509e+00
458 0 +8.118387818e-01 -1.612816122e+01 -1.612816122e+01 +4.0493e+00 +2.7486e+00 -1.9195e+00 +9.0861e-01 +7.6356e-01 -2.1456e+00 +2.8692e+00 -1.7226e+00 -8.5657e-01 -2.0347e+00
485 0 +7.802016343e-01 -1.615979837e+01 -1.615979837e+01 +4.1605e+00 +2.7758e+00 -1.7545e+00 +8.5771e-01 +9.5452e-01 -2.0465e+00 +3.0327e+00 -1.5965e+00 -8.2928e-01 -2.1875e+00
496 0 +7.646689361e-01 -1.617533106e+01 -1.617533106e+01 +4.1262e+00 +2.7635e+00 -1.6937e+00 +7.9920e-01 +9.3380e-01 -2.0683e+00 +2.9911e+00 -1.6475e+00 -8.0437e-01 -2.1792e+00
525 0 +6.300589209e-01 -1.630994108e+01 -1.630994108e+01 +4.1836e+00 +2.7930e+00 -1.8079e+00 +8.7635e-01 +9.4413e-01 -1.9850e+00 +2.9119e+00 -1.6280e+00 -8.6264e-01 -2.0798e+00
574 0 +6.130724043e-01 -1.632692760e+01 -1.632692760e+01 +4.1618e+00 +2.8133e+00 -1.8304e+00 +8.5419e-01 +9.7445e-01 -1.9148e+00 +2.9536e+00 -1.5768e+00 -7.9252e-01 -2.1235e+00
588 0 +5.824151570e-01 -1.635758484e+01 -1.635758484e+01 +4.1565e+00 +2.7640e+00 -1.8282e+00 +8.8655e-01 +9.8427e-01 -1.9522e+00 +2.9511e+00 -1.5999e+00 -8.3833e-01 -2.1082e+00
595 0 +5.671548280e-01 -1.637284517e+01 -1.637284517e+01 +4.1914e+00 +2.7776e+00 -1.8082e+00 +8.9554e-01 +1.0037e+00 -1.9352e+00 +2.9729e+00 -1.6123e+00 -8.2076e-01 -2.0888e+00
630 0 +5.299789419e-01 -1.641002106e+01 -1.641002106e+01 +4.1893e+00 +2.7893e+00 -1.8334e+00 +9.0168e-01 +9.9889e-01 -1.9531e+00 +2.9624e+00 -1.6066e+00 -8.5570e-01 -2.1052e+00
646 0 +5.130473467e-01 -1.642695265e+01 -1.642695265e+01 +4.1817e+00 +2.7736e+00 -1.8480e+00 +8.9155e-01 +9.8957e-01 -1.9430e+00 +2.9582e+00 -1.6094e+00 -8.6469e-01 -2.0912e+00
661 0 +4.877885126e-01 -1.645221149e+01 -1.645221149e+01 +4.1757e+00 +2.7861e+00 -1.8432e+00 +8.9408e-01 +9.8788e-01 -1.9398e+00 +2.9531e+00 -1.6152e+00 -8.5836e-01 -2.0848e+00
734 0 +4.766370986e-01 -1.646336290e+01 -1.646336290e+01 +4.1812e+00 +2.7892e+00 -1.8461e+00 +8.9570e-01 +9.9620e-01 -1.9428e+00 +2.9513e+00 -1.6236e+00 -8.6914e-01 -2.0837e+00
768 0 +4.654404034e-01 -1.647455960e+01 -1.647455960e+01 +4.1755e+00 +2.7879e+00 -1.8396e+00 +8.9468e-01 +9.9919e-01 -1.9385e+00 +2.9531e+00 -1.6142e+00 -8.5466e-01 -2.0880e+00
791 0 +4.559409628e-01 -1.648405904e+01 -1.648405904e+01 +4.1792e+00 +2.7891e+00 -1.8434e+00 +8.9436e-01 +9.9912e-01 -1.9403e+00 +2.9568e+00 -1.6136e+00 -8.5736e-01 -2.0888e+00
1000 0 +4.504617648e-01 -1.648953824e+01 -1.648953824e+01 +4.1814e+00 +2.7900e+00 -1.8441e+00 +8.9501e-01 +1.0015e+00 -1.9391e+00 +2.9550e+00 -1.6117e+00 -8.5790e-01 -2.0900e+00
% f evaluations | g evaluations | best noise-free fitness - Fopt (1.881000000000e+01) + sum g_i+ | measured fitness | best measured fitness or single-digit g-values | x1 | x2...
1 0 +7.445422283e+00 +2.625542228e+01 +2.625542228e+01 +5.7962e-01 +7.1822e-02 +2.7886e-01 -3.4861e-01 +5.9803e-02 +1.2268e-01 +2.4675e-01 +5.8265e-01 +2.2041e-02 +1.6961e-02
3 0 +7.207149423e+00 +2.601714942e+01 +2.601714942e+01 +4.2731e-02 -2.9483e-01 +6.7521e-02 -6.6038e-01 +1.0385e-01 +3.3912e-01 +1.6448e-01 -1.0153e-01 -7.0313e-02 -3.2045e-01
4 0 +6.389351314e+00 +2.519935131e+01 +2.519935131e+01 -8.8323e-02 -1.4007e-01 +4.8373e-02 -5.9904e-02 -6.1224e-02 -5.3443e-01 -1.6228e-01 -4.0864e-01 +1.9315e-01 +7.4511e-02
5 0 +6.276774760e+00 +2.508677476e+01 +2.508677476e+01 -2.4706e-01 -1.6447e-01 +1.7756e-01 +2.7555e-01 +4.0457e-02 -4.0296e-01 +3.1656e-01 -2.2564e-01 +1.7380e-02 -3.9409e-01
11 0 +5.982045271e+00 +2.479204527e+01 +2.479204527e+01 -4.2845e-01 -5.2120e-01 +2.8100e-01 +2.4131e-01 +7.0123e-02 -2.4035e-01 +4.3476e-01 +2.9789e-01 +2.8157e-01 +2.6552e-02
22 0 +5.049357883e+00 +2.385935788e+01 +2.385935788e+01 -7.9250e-02 +3.5160e-01 -5.6998e-01 -1.0299e-01 +3.2411e-01 -5.9654e-01 +4.3279e-02 -1.8275e-01 +1.1080e-01 -3.8358e-01
67 0 +4.865707309e+00 +2.367570731e+01 +2.367570731e+01 +1.1393e-01 +1.5120e-01 -5.7036e-01 -3.3670e-01 +3.4687e-01 -6.5714e-01 +1.3608e-01 +2.8805e-01 +2.7736e-01 -2.8211e-01
77 0 +4.609032056e+00 +2.341903206e+01 +2.341903206e+01 -3.4886e-01 +4.0972e-01 -3.6227e-01 -2.2398e-01 +2.2168e-01 -6.9602e-01 +4.0468e-01 +4.6884e-01 +2.4750e-01 -1.2329e-01
79 0 +4.513039432e+00 +2.332303943e+01 +2.332303943e+01 +6.2651e-02 +1.0613e-01 -6.4634e-01 -5.7273e-01 +4.7088e-01 -5.8432e-01 +3.5002e-01 -2.0611e-01 +6.2810e-01 -4.0442e-01
87 0 +4.016926700e+00 +2.282692670e+01 +2.282692670e+01 -1.0493e-03 +1.7730e-01 -8.1100e-01 -3.3128e-01 +2.9949e-01 -3.4127e-01 +4.1680e-01 -9.3473e-02 +4.3652e-01 -1.5451e-01
102 0 +3.408553170e+00 +2.221855317e+01 +2.221855317e+01 +4.1855e-02 +4.5198e-01 -4.9467e-01 -1.4427e-01 +1.1819e-01 -2.1865e-01 +5.5522e-01 -6.8432e-02 +1.0038e-01 -1.3782e-01
147 0 +3.364287707e+00 +2.217428771e+01 +2.217428771e+01 +1.0327e-01 +5.2670e-01 -7.9012e-01 -3.0909e-01 +3.7543e-01 -2.4996e-01 +4.2216e-01 -1.5694e-01 +2.0610e-01 -2.9790e-01
166 0 +3.193854338e+00 +2.200385434e+01 +2.200385434e+01 +1.7870e-01 +6.4295e-01 -9.2342e-01 -1.1841e-01 +2.9022e-01 -3.2280e-01 +5.1559e-01 -2.6353e-01 +3.1187e-01 -2.1337e-01
242 0 +3.079669221e+00 +2.188966922e+01 +2.188966922e+01 +3.6062e-01 +3.5842e-01 -8.3620e-01 -2.5499e-01 +4.4814e-01 -5.5802e-01 +7.3681e-01 -5.4228e-02 +7.8828e-01 -3.5973e-01
246 0 +2.868236167e+00 +2.167823617e+01 +2.167823617e+01 +2.4589e-01 +5.1283e-01 -7.8832e-01 -2.9150e-01 +4.0178e-01 -4.2594e-01 +8.4929e-01 -2.2253e-02 +6.6953e-01 -1.8820e-01
266 0 +2.803755675e+00 +2.161375568e+01 +2.161375568e+01 +3.2075e-01 +4.0928e-01 -9.4388e-01 -4.0823e-01 +4.7520e-01 -4.3117e-01 +8.2713e-01 -1.2892e-01 +8.0072e-01 -2.4864e-01
322 0 +2.613587532e+00 +2.142358753e+01 +2.142358753e+01 +6.6277e-01 +5.3492e-01 -8.6527e-01 -1.3279e-01 +6.1986e-01 -5.8654e-01 +9.4011e-01 +1.7923e-01 +8.8098e-01 -2.8007e-01
382 0 +2.500887392e+00 +2.131088739e+01 +2.131088739e+01 +5.3319e-01 +3.5161e-01 -8.1533e-01 -3.2200e-01 +5.4371e-01 -4.9555e-01 +9.2683e-01 +1.0303e-01 +8.9332e-01 -2.5742e-01
439 0 +2.184224513e+00 +2.099422451e+01 +2.099422451e+01 +4.4496e-01 +4.6385e-01 -8.0265e-01 -3.5858e-01 +4.8661e-01 -4.6627e-01 +9.1769e-01 +8.8929e-02 +8.0956e-01 -2.4181e-01
510 0 +2.133587308e+00 +2.094358731e+01 +2.094358731e+01 +4.6375e-01 +5.0324e-01 -7.7062e-01 -3.1697e-01 +4.7830e-01 -4.7421e-01 +9.0287e-01 +1.2392e-01 +8.1497e-01 -2.7721e-01
570 0 +2.088933608e+00 +2.089893361e+01 +2.089893361e+01 +4.7231e-01 +4.9632e-01 -7.8054e-01 -2.9345e-01 +4.8296e-01 -4.7806e-01 +9.0214e-01 +1.4077e-01 +8.0892e-01 -2.7680e-01
597 0 +2.037367287e+00 +2.084736729e+01 +2.084736729e+01 +4.5497e-01 +5.0333e-01 -7.7048e-01 -2.8823e-01 +4.8449e-01 -4.7887e-01 +9.0246e-01 +1.2922e-01 +8.1108e-01 -2.7862e-01
737 0 +1.993833108e+00 +2.080383311e+01 +2.080383311e+01 +4.5403e-01 +4.9359e-01 -7.6957e-01 -2.8559e-01 +4.8852e-01 -4.7402e-01 +8.9878e-01 +1.2831e-01 +8.0886e-01 -2.7460e-01
1000 0 +1.972988290e+00 +2.078298829e+01 +2.078298829e+01 +4.5515e-01 +4.9280e-01 -7.7061e-01 -2.8588e-01 +4.8978e-01 -4.7380e-01 +8.9957e-01 +1.2905e-01 +8.1098e-01 -2.7562e-01
% f evaluations | g evaluations | best noise-free fitness - Fopt (2.731500000000e+02) + sum g_i+ | measured fitness | best measured fitness or single-digit g-values | x1 | x2...
1 0 +4.590767897e+01 +3.190576790e+02 +3.190576790e+02 +1.3730e-01 -4.6796e-01 +1.5225e-01 +1.0610e-01 -3.5276e-01 +3.8959e-01 -1.9610e-01 +3.8607e-01 +2.5388e-01 -3.0897e-01
2 0 +2.537604000e+01 +2.985260400e+02 +2.985260400e+02 -1.0245e-03 +3.4134e-01 -2.4846e-01 -1.6345e-01 +3.4890e-01 +4.4582e-02 +2.4309e-01 -1.8187e-01 +3.2985e-01 -4.6435e-01
3 0 +2.061595409e+01 +2.937659541e+02 +2.937659541e+02 -1.2901e-01 -2.9313e-01 +1.2855e-01 -1.3867e-01 -1.4185e-01 -1.6081e-01 +2.0643e-01 -2.6235e-01 -3.8417e-01 +6.3613e-01
27 0 +2.016657735e+01 +2.933165774e+02 +2.933165774e+02 +7.4420e-02 -2.8660e-01 -8.8830e-02 +4.1460e-01 +7.0948e-01 -1.4432e-01 +1.0367e+00 -6.8157e-01 +4.8178e-01 +4.8836e-01
30 0 +1.636659207e+01 +2.895165921e+02 +2.895165921e+02 -2.7744e-01 +2.6533e-01 -4.4488e-01 -2.5591e-01 +1.5663e-01 -1.3157e-02 +6.8546e-01 -4.6068e-01 +1.6539e-01 +1.9664e-01
78 0 +1.431658548e+01 +2.874665855e+02 +2.874665855e+02 -1.0764e+00 -8.2221e-02 -1.1214e+00 +4.2431e-01 +1.5569e-01 +1.3247e-01 +8.5002e-01 -5.1708e-01 +4.2915e-01 -2.5424e-01
98 0 +1.369881311e+01 +2.868488131e+02 +2.868488131e+02 -7.8340e-01 +6.3724e-01 -8.7389e-01 +1.9469e-01 +2.2071e-01 +2.3158e-01 +1.0068e+00 -7.9921e-01 +4.8797e-01 -5.3946e-02
121 0 +1.235121008e+01 +2.855012101e+02 +2.855012101e+02 -9.1157e-01 +9.0321e-02 -1.3518e+00 +4.4407e-01 +2.1895e-01 -1.4514e-01 +1.3717e+00 -9.1574e-01 +4.7316e-01 -4.1058e-02
147 0 +1.186054826e+01 +2.850105483e+02 +2.850105483e+02 -1.0549e+00 +6.3441e-01 -2.0348e+00 +4.7300e-01 +1.7031e-01 -3.9099e-02 +1.2334e+00 -7.2390e-01 +6.5918e-01 -2.7616e-01
152 0 +8.557816570e+00 +2.817078166e+02 +2.817078166e+02 -1.4585e+00 +4.1928e-01 -2.2640e+00 +2.4618e-01 +4.1852e-01 -3.2325e-01 +1.3931e+00 -1.1066e+00 +8.0725e-01 -2.7410e-01
196 0 +7.971027180e+00 +2.811210272e+02 +2.811210272e+02 -1.9220e+00 +7.1275e-01 -3.2208e+00 +1.3377e+00 +4.0815e-01 -4.2546e-01 +2.1191e+00 -1.8601e+00 +1.2167e+00 -4.4291e-01
250 0 +7.667162761e+00 +2.808171628e+02 +2.808171628e+02 -1.6010e+00 +1.6320e+00 -2.4026e+00 +1.9896e+00 +9.2600e-01 -1.1276e-01 +1.8157e+00 -2.1516e+00 +8.7868e-01 -7.2869e-01
264 0 +7.441050901e+00 +2.805910509e+02 +2.805910509e+02 -1.6345e+00 +1.7608e+00 -2.2634e+00 +2.9118e+00 +8.5787e-01 -6.3423e-01 +1.3559e+00 -2.4088e+00 +2.0364e-01 -6.0884e-01
269 0 +7.380250422e+00 +2.805302504e+02 +2.805302504e+02 -1.7084e+00 +1.0008e+00 -2.6774e+00 +1.6117e+00 +1.2365e+00 -2.9783e-01 +1.5658e+00 -2.0508e+00 +8.7409e-01 -5.1928e-01
289 0 +7.188839428e+00 +2.803388394e+02 +2.803388394e+02 -2.3185e+00 +1.9876e+00 -1.8634e+00 +2.0713e+00 +1.1267e+00 -5.8411e-01 +1.6841e+00 -2.2432e+00 +5.8020e-01 -5.3273e-01
292 0 +6.896954271e+00 +2.800469543e+02 +2.800469543e+02 -2.2993e+00 +1.8947e+00 -2.5265e+00 +2.0539e+00 +1.1888e+00 -1.6793e-01 +1.3618e+00 -1.9058e+00 +4.7147e-01 -3.8256e-01
309 0 +6.452234452e+00 +2.796022345e+02 +2.796022345e+02 -2.8270e+00 +1.5804e+00 -2.3941e+00 +2.0371e+00 +1.3066e+00 -1.0024e-02 +8.2276e-01 -1.5921e+00 +2.8717e-01 -2.6304e-01
328 0 +5.390450554e+00 +2.785404506e+02 +2.785404506e+02 -2.3111e+00 +2.2625e+00 -2.2151e+00 +1.7747e+00 +1.3376e+00 -8.0225e-02 +7.5130e-01 -1.9557e+00 +6.3269e-01 -2.9501e-01
345 0 +4.914646261e+00 +2.780646463e+02 +2.780646463e+02 -1.7590e+00 +1.9576e+00 -1.4679e+00 +2.1140e+00 +1.0148e+00 -1.1393e-01 +6.4086e-01 -1.9986e+00 +7.3757e-01 -1.0778e-01
352 0 +4.008034623e+00 +2.771580346e+02 +2.771580346e+02 -2.5473e+00 +1.9645e+00 -2.3205e+00 +2.1899e+00 +1.1740e+00 -3.3239e-01 +7.8691e-01 -1.8223e+00 +1.0098e+00 -1.5837e-01
544 0 +3.828208424e+00 +2.769782084e+02 +2.769782084e+02 -2.9151e+00 +1.9347e+00 -2.1559e+00 +2.1464e+00 +1.4431e+00 -2.0672e-01 +1.4225e+00 -2.1226e+00 +1.0139e+00 -3.5260e-01
555 0 +3.424512562e+00 +2.765745126e+02 +2.765745126e+02 -2.9792e+00 +1.9063e+00 -2.1890e+00 +2.1914e+00 +1.4119e+00 -2.0414e-01 +1.4257e+00 -1.9534e+00 +1.0630e+00 -2.9477e-01
580 0 +3.351487002e+00 +2.765014870e+02 +2.765014870e+02 -2.9170e+00 +1.8689e+00 -2.1507e+00 +2.2268e+00 +1.3681e+00 -1.5517e-01 +1.4474e+00 -1.9776e+00 +1.0926e+00 -2.4201e-01
662 0 +3.267690900e+00 +2.764176909e+02 +2.764176909e+02 -2.9708e+00 +1.9029e+00 -2.1704e+00 +2.1878e+00 +1.4406e+00 -1.9599e-01 +1.3906e+00 -1.9953e+00 +1.0693e+00 -3.1461e-01
764 0 +3.226815898e+00 +2.763768159e+02 +2.763768159e+02 -2.9462e+00 +1.8836e+00 -2.1954e+00 +2.1817e+00 +1.4464e+00 -1.8851e-01 +1.3842e+00 -1.9839e+00 +1.0471e+00 -3.0396e-01
1000 0 +3.163266517e+00 +2.763132665e+02 +2.763132665e+02 -2.9541e+00 +1.8877e+00 -2.1966e+00 +2.1833e+00 +1.4510e+00 -1.8586e-01 +1.3884e+00 -1.9949e+00 +1.0507e+00 -2.9747e-01
% f evaluations | g evaluations | best noise-free fitness - Fopt (3.718000000000e+01) + sum g_i+ | measured fitness | best measured fitness or single-digit g-values | x1 | x2...
1 0 +1.594956855e+01 +5.312956855e+01 +5.312956855e+01 -1.3132e-01 -2.6000e-01 -3.5136e-01 +3.5211e-01 -1.3232e-01 +3.8355e-01 +5.5655e-02 -8.5007e-02 +2.6084e-01 +2.2210e-01
2 0 +1.210360579e+01 +4.928360579e+01 +4.928360579e+01 +1.4199e-02 -7.3327e-01 +3.0169e-01 +1.8673e-02 -2.1393e-01 +6.6409e-02 +1.5937e-01 -1.0150e-01 -1.2091e-01 -5.2165e-01
24 0 +1.172405287e+01 +4.890405287e+01 +4.890405287e+01 +2.3213e-02 -9.4498e-01 +2.0718e-01 +7.3514e-02 -2.5026e-01 +2.5709e-01 +4.8305e-02 -2.3373e-01 -8.9420e-02 -3.4939e-01
79 0 +1.093557980e+01 +4.811557980e+01 +4.811557980e+01 +2.2207e-01 -4.8538e-01 +9.3915e-02 +4.4759e-01 -5.8052e-01 +2.1721e-01 -6.1836e-01 -1.3588e-01 -2.8686e-01 -1.9870e-01
101 0 +1.059646775e+01 +4.777646775e+01 +4.777646775e+01 +1.1822e-01 -5.3911e-01 +6.1470e-01 +1.8372e-01 -2.9609e-01 +5.6822e-01 +1.5554e-03 -3.6368e-04 -2.2599e-02 -3.0202e-01
118 0 +9.977624989e+00 +4.715762499e+01 +4.715762499e+01 -4.5819e-02 -4.9064e-01 +5.4099e-01 +8.6129e-02 -4.4870e-01 +2.8931e-01 +3.9032e-02 +2.7226e-02 +3.1781e-02 -2.5686e-01
135 0 +9.546741580e+00 +4.672674158e+01 +4.672674158e+01 -2.0026e-02 -8.5377e-01 +5.9725e-01 +1.0740e-02 -1.4806e-01 +5.4827e-01 +3.4279e-02 -1.9422e-01 -1.4540e-01 -1.2363e-01
208 0 +9.308708079e+00 +4.648870808e+01 +4.648870808e+01 -8.0243e-02 -6.8105e-01 +3.7862e-01 +7.1076e-02 -2.5085e-01 +4.1563e-01 +1.4044e-01 -1.1955e-01 -5.9467e-02 -5.5739e-01
217 0 +9.090453926e+00 +4.627045393e+01 +4.627045393e+01 +2.6356e-02 -6.5728e-01 +4.0400e-01 +9.4459e-02 -2.9392e-01 +4.9290e-01 +1.0473e-01 -2.1041e-01 +3.3986e-02 -4.2577e-01
244 0 +8.790183717e+00 +4.597018372e+01 +4.597018372e+01 -6.9596e-02 -7.0850e-01 +3.7245e-01 +1.1252e-01 -2.7129e-01 +4.0977e-01 +1.5442e-01 -1.6083e-01 -1.4950e-01 -3.1261e-01
246 0 +8.281863910e+00 +4.546186391e+01 +4.546186391e+01 -1.5919e-02 -7.1749e-01 +3.9617e-01 +4.3015e-02 -2.9315e-01 +5.4654e-01 +1.6297e-01 -2.0274e-01 -1.9562e-01 -4.6001e-01
254 0 +8.033199060e+00 +4.521319906e+01 +4.521319906e+01 -8.1796e-02 -7.7210e-01 +3.8023e-01 +9.1536e-02 -3.5470e-01 +4.4626e-01 +1.5106e-01 -2.2194e-01 -2.0944e-01 -4.9048e-01
290 0 +7.879640417e+00 +4.505964042e+01 +4.505964042e+01 +1.2362e-02 -6.8517e-01 +4.5951e-01 +4.9209e-02 -3.3190e-01 +4.3912e-01 +1.7798e-01 -1.4833e-01 -1.4757e-01 -4.0532e-01
328 0 +7.744523437e+00 +4.492452344e+01 +4.492452344e+01 -1.0943e-03 -9.0386e-01 +4.6922e-01 +4.6614e-02 -3.1376e-01 +4.8577e-01 +3.5249e-01 -2.2600e-01 -1.4920e-01 -3.9809e-01
354 0 +7.543222184e+00 +4.472322218e+01 +4.472322218e+01 -3.4617e-02 -9.2432e-01 +4.7581e-01 +1.0538e-01 -2.9778e-01 +5.2523e-01 +3.7281e-01 -2.9821e-01 -2.2476e-01 -3.7372e-01
440 0 +7.390657275e+00 +4.457065727e+01 +4.457065727e+01 +4.8262e-03 -1.0013e+00 +4.7739e-01 +1.5889e-01 -2.6261e-01 +5.3787e-01 +2.8709e-01 -2.7623e-01 -2.1610e-01 -4.4030e-01
602 0 +7.237367285e+00 +4.441736728e+01 +4.441736728e+01 +5.4202e-03 -1.0883e+00 +4.8877e-01 +1.7829e-01 -2.8747e-01 +5.7369e-01 +3.0356e-01 -2.9241e-01 -2.0448e-01 -3.7396e-01
1000 0 +7.167258957e+00 +4.434725896e+01 +4.434725896e+01 +1.4834e-02 -1.2031e+00 +4.6496e-01 +2.1275e-01 -2.9018e-01 +5.6615e-01 +3.7793e-01 -3.4850e-01 -1.7578e-01 -3.7080e-01
% f evaluations | g evaluations | best noise-free fitness - Fopt (-1.479000000000e+02) + sum g_i+ | measured fitness | best measured fitness or single-digit g-values | x1 | x2...
1 0 +9.546883096e+00 -1.383531169e+02 -1.383531169e+02 -7.0551e-02 +7.2665e-02 -2.0318e-01 -6.7988e-02 -2.0108e-01 -2.1995e-01 -2.6726e-01 -2.1031e-01 +2.4951e-02 -3.7845e-01
2 0 +9.312287199e+00 -1.385877128e+02 -1.385877128e+02 +1.2201e-01 +1.3061e-01 +4.8555e-03 -3.1616e-01 -3.4948e-01 -5.0239e-01 -1.4959e-01 -4.2381e-01 +1.1531e-01 +2.2934e-01
5 0 +8.731664525e+00 -1.391683355e+02 -1.391683355e+02 -4.5322e-01 -7.4097e-03 -3.1330e-01 +1.9381e-02 -2.6713e-01 -2.8416e-01 +3.8056e-02 -3.3543e-01 +4.8277e-01 -3.3224e-02
6 0 +7.850063781e+00 -1.400499362e+02 -1.400499362e+02 -3.6049e-01 +1.7210e-02 -3.7514e-01 +1.1288e-01 +6.5044e-02 -2.6859e-01 +7.5283e-01 -6.9185e-03 +4.2424e-01 -2.0070e-01
15 0 +7.195088168e+00 -1.407049118e+02 -1.407049118e+02 -7.4443e-01 -2.1646e-01 +2.0668e-01 -6.8036e-02 +2.9445e-01 +7.7507e-02 +4.7689e-01 -1.3949e-01 +7.3077e-02 +3.7751e-02
16 0 +6.766685299e+00 -1.411333147e+02 -1.411333147e+02 -4.0303e-02 -7.2748e-01 +3.8402e-01 +2.1563e-01 -7.1267e-01 +1.6038e-01 +4.7266e-01 +5.3636e-01 +1.8465e-02 -8.6469e-02
24 0 +6.688208029e+00 -1.412117920e+02 -1.412117920e+02 -1.7880e-01 -2.4490e-01 +3.3783e-01 +2.0780e-01 -9.9519e-01 -4.1440e-01 +1.9275e-01 +8.6671e-02 -4.9194e-01 +1.5767e-01
32 0 +5.564186395e+00 -1.423358136e+02 -1.423358136e+02 -5.6654e-01 -5.7728e-01 +7.1659e-01 +5.3837e-02 -5.7620e-01 -4.6441e-01 -3.2204e-02 +8.7706e-02 -2.1997e-01 -5.7490e-02
52 0 +5.060559553e+00 -1.428394404e+02 -1.428394404e+02 -5.5500e-01 +2.5584e-01 +5.6344e-01 -4.0009e-01 -2.6436e-01 +2.8811e-01 -3.3654e-01 +2.4484e-01 -8.9495e-01 +3.7530e-01
101 0 +4.327858262e+00 -1.435721417e+02 -1.435721417e+02 -4.2900e-01 -6.6160e-01 +7.1010e-01 -5.3386e-01 -5.7742e-01 +2.6538e-02 -8.5968e-01 -4.3876e-02 -1.0049e+00 -2.5564e-01
122 0 +3.966443641e+00 -1.439335564e+02 -1.439335564e+02 -4.6022e-01 -6.8614e-01 +6.0271e-01 -1.3851e+00 -2.7551e-01 -4.0651e-02 -6.1819e-01 +1.0047e-01 -1.4528e+00 -4.1084e-01
135 0 +3.416697008e+00 -1.444833030e+02 -1.444833030e+02 -2.1172e-02 -1.1529e-01 +1.1058e+00 -1.6103e+00 -2.1361e-01 +7.2267e-01 -8.1818e-01 -1.9121e-01 -1.3595e+00 -1.1332e-01
186 0 +2.990106669e+00 -1.449098933e+02 -1.449098933e+02 -1.1888e+00 +9.2814e-01 +1.8509e+00 -1.5565e+00 +3.9613e-01 +4.4793e-01 -1.3779e+00 -2.2842e-01 -1.7946e+00 -2.6175e-01
199 0 +2.714697011e+00 -1.451853030e+02 -1.451853030e+02 -8.6274e-01 +9.6279e-01 +1.3355e+00 -1.7006e+00 +5.9235e-02 +5.3844e-01 -1.3106e+00 -4.8755e-01 -1.0560e+00 -1.8265e-02
205 0 +2.371585820e+00 -1.455284142e+02 -1.455284142e+02 -6.4154e-01 +1.1653e+00 +1.0605e+00 -1.6356e+00 -1.4291e-01 +6.2434e-01 -8.6502e-01 -2.4443e-01 -1.4157e+00 -4.1083e-01
213 0 +2.122578764e+00 -1.457774212e+02 -1.457774212e+02 -1.2725e+00 +1.5266e+00 +1.8929e+00 -1.3459e+00 -1.6406e-01 +8.1417e-01 -8.3966e-01 -7.2966e-01 -1.4864e+00 +4.1413e-02
229 0 +2.079518750e+00 -1.458204813e+02 -1.458204813e+02 -1.0120e+00 +9.2402e-01 +1.4208e+00 -1.2255e+00 -1.8231e-01 +8.2205e-01 -1.3026e+00 -7.0337e-01 -1.7420e+00 -1.9448e-01
261 0 +1.375880510e+00 -1.465241195e+02 -1.465241195e+02 -8.8808e-01 +1.5131e+00 +1.5670e+00 -1.6836e+00 +1.4959e-01 +8.1272e-01 -1.2752e+00 -6.8307e-01 -1.5410e+00 +2.0388e-01
275 0 +1.313728429e+00 -1.465862716e+02 -1.465862716e+02 -1.0105e+00 +1.6610e+00 +1.6056e+00 -1.5099e+00 +4.8516e-01 +7.4851e-01 -9.4338e-01 -8.5105e-01 -1.4435e+00 +1.3389e-01
385 0 +1.265654769e+00 -1.466343452e+02 -1.466343452e+02 -8.2050e-01 +1.4258e+00 +1.6699e+00 -1.6452e+00 -4.6653e-02 +8.1489e-01 -9.3221e-01 -5.7942e-01 -1.3890e+00 -1.6331e-01
400 0 +8.580766163e-01 -1.470419234e+02 -1.470419234e+02 -8.7378e-01 +1.4803e+00 +1.6488e+00 -1.6000e+00 +2.2531e-02 +8.4762e-01 -9.6196e-01 -7.2097e-01 -1.4878e+00 -9.7135e-02
508 0 +5.682443278e-01 -1.473317557e+02 -1.473317557e+02 -8.5107e-01 +1.4706e+00 +1.6150e+00 -1.6017e+00 +3.0273e-03 +8.6625e-01 -1.0909e+00 -7.0040e-01 -1.5746e+00 -5.5483e-02
681 0 +5.535481948e-01 -1.473464518e+02 -1.473464518e+02 -8.5629e-01 +1.4905e+00 +1.6186e+00 -1.5674e+00 +2.4782e-02 +8.9131e-01 -1.0993e+00 -6.8928e-01 -1.5670e+00 -1.0384e-02
689 0 +5.350240371e-01 -1.473649760e+02 -1.473649760e+02 -8.5880e-01 +1.4972e+00 +1.6212e+00 -1.5649e+00 +2.5057e-02 +8.9681e-01 -1.1005e+00 -6.8451e-01 -1.5625e+00 -1.2568e-02
716 0 +5.068352001e-01 -1.473931648e+02 -1.473931648e+02 -8.5759e-01 +1.5097e+00 +1.6176e+00 -1.5648e+00 +3.1878e-02 +8.9373e-01 -1.0917e+00 -6.8683e-01 -1.5623e+00 -1.5204e-02
769 0 +4.999072610e-01 -1.474000927e+02 -1.474000927e+02 -8.5864e-01 +1.5080e+00 +1.6200e+00 -1.5638e+00 +2.9444e-02 +8.9410e-01 -1.0903e+00 -6.9367e-01 -1.5629e+00 -1.6125e-02
774 0 +4.817125159e-01 -1.474182875e+02 -1.474182875e+02 -8.5784e-01 +1.5097e+00 +1.6201e+00 -1.5628e+00 +2.9288e-02 +8.9520e-01 -1.0935e+00 -6.9216e-01 -1.5638e+00 -1.1923e-02
805 0 +4.711642847e-01 -1.474288357e+02 -1.474288357e+02 -8.5612e-01 +1.5104e+00 +1.6212e+00 -1.5603e+00 +2.7505e-02 +8.9440e-01 -1.0920e+00 -6.9355e-01 -1.5613e+00 -1.3566e-02
840 0 +4.677200125e-01 -1.474322800e+02 -1.474322800e+02 -8.5656e-01 +1.5116e+00 +1.6215e+00 -1.5587e+00 +3.1258e-02 +8.9616e-01 -1.0909e+00 -6.9446e-01 -1.5603e+00 -1.2453e-02
861 0 +4.513994954e-01 -1.474486005e+02 -1.474486005e+02 -8.5694e-01 +1.5103e+00 +1.6206e+00 -1.5582e+00 +3.0622e-02 +8.9552e-01 -1.0917e+00 -6.9395e-01 -1.5610e+00 -1.2857e-02
901 0 +4.466430381e-01 -1.474533570e+02 -1.474533570e+02 -8.5710e-01 +1.5111e+00 +1.6206e+00 -1.5570e+00 +3.0847e-02 +8.9614e-01 -1.0920e+00 -6.9403e-01 -1.5606e+00 -1.2783e-02
1000 0 +4.384599597e-01 -1.474615400e+02 -1.474615400e+02 -8.5684e-01 +1.5114e+00 +1.6206e+00 -1.5569e+00 +3.0627e-02 +8.9678e-01 -1.0922e+00 -6.9329e-01 -1.5605e+00 -1.3194e-02
% f evaluations | g evaluations | best noise-free fitness - Fopt (4.817100000000e+02) + sum g_i+ | measured fitness | best measured fitness or single-digit g-values | x1 | x2...
1 0 +1.418298809e+01 +4.958929881e+02 +4.958929881e+02 +7.7709e-01 +1.1186e-01 -1.5175e-01 +1.1370e-01 +3.7894e-02 +8.3020e-02 -5.0143e-02 +2.9402e-03 -5.2125e-01 -6.8035e-02
11 0 +1.399319337e+01 +4.957031934e+02 +4.957031934e+02 +5.7769e-01 -3.1209e-01 -1.7703e-01 -5.1973e-01 -4.5172e-01 +3.0964e-01 +9.4473e-02 +5.6538e-01 -1.3404e-01 -1.3870e-01
12 0 +1.133975311e+01 +4.930497531e+02 +4.930497531e+02 +1.7755e-01 +8.1614e-02 -1.1213e-01 +2.8923e-01 -2.2559e-01 +3.9494e-01 -6.8159e-02 -4.4424e-01 -5.7502e-02 -2.6084e-01
50 0 +1.067622947e+01 +4.923862295e+02 +4.923862295e+02 +3.7419e-01 -8.6017e-01 -7.3493e-01 +5.7204e-01 -5.2527e-01 +2.2236e-01 +2.5030e-01 -4.1805e-01 -2.6849e-01 -1.2301e+00
61 0 +1.025449548e+01 +4.919644955e+02 +4.919644955e+02 +3.0185e-01 -9.9978e-01 -8.9787e-01 +1.0126e+00 -3.6084e-01 +9.9658e-01 +2.8004e-01 -6.5774e-01 -1.5034e-01 -1.6509e+00
67 0 +6.406243155e+00 +4.881162432e+02 +4.881162432e+02 +1.0797e+00 -8.6228e-01 -4.4660e-01 +5.4313e-01 +2.2181e-01 +3.3455e-01 +4.8952e-01 -1.2864e-01 -3.0487e-01 -1.7197e+00
101 0 +5.175949300e+00 +4.868859493e+02 +4.868859493e+02 +1.2000e+00 -2.0663e+00 -2.0721e+00 +4.9599e-01 +5.3311e-01 +1.3743e-01 -2.1386e-01 -1.4823e+00 -1.4957e-01 -8.9269e-01
175 0 +3.979494044e+00 +4.856894940e+02 +4.856894940e+02 +8.2855e-01 -2.9277e+00 -1.0043e+00 -1.0524e-01 +2.4161e-03 -1.0157e+00 +1.1813e+00 -1.6050e+00 -9.5929e-01 -6.5076e-01
213 0 +3.550806854e+00 +4.852608069e+02 +4.852608069e+02 +1.5422e+00 -3.7533e+00 -2.1416e+00 +2.1523e+00 +5.3120e-01 -7.0966e-01 -3.1899e-01 -3.1417e+00 -1.4732e+00 -2.3834e-01
223 0 +3.452979431e+00 +4.851629794e+02 +4.851629794e+02 +1.8906e+00 -3.4800e+00 -1.6906e+00 +1.3778e+00 -9.4134e-02 -6.7049e-01 +4.5823e-01 -2.4028e+00 -1.5077e+00 -6.9102e-01
247 0 +3.301061287e+00 +4.850110613e+02 +4.850110613e+02 +1.8196e+00 -3.5109e+00 -2.5392e+00 +1.8802e+00 +3.7996e-01 -9.7113e-01 +2.8362e-01 -2.4079e+00 -1.4078e+00 -1.0416e+00
259 0 +2.446445527e+00 +4.841564455e+02 +4.841564455e+02 +1.6223e+00 -2.7784e+00 -1.5320e+00 +2.0443e+00 +2.7546e-01 -9.8656e-01 +3.8508e-01 -2.3037e+00 -1.5564e+00 -8.8592e-01
279 0 +2.197744645e+00 +4.839077446e+02 +4.839077446e+02 +1.2381e+00 -3.3436e+00 -1.7645e+00 +1.4397e+00 +3.4913e-01 -1.6614e+00 +8.4037e-01 -1.9297e+00 -9.6404e-01 -9.9656e-01
339 0 +2.154404849e+00 +4.838644048e+02 +4.838644048e+02 +6.7897e-01 -3.2838e+00 -1.6438e+00 +1.6258e+00 +6.0553e-02 -1.3782e+00 +6.0691e-01 -2.1636e+00 -1.0400e+00 -1.1615e+00
345 0 +2.055533367e+00 +4.837655334e+02 +4.837655334e+02 +5.3581e-01 -2.7958e+00 -1.6494e+00 +2.0625e+00 -1.4341e-01 -1.8103e+00 +6.8542e-01 -2.0156e+00 -1.1452e+00 -1.1491e+00
348 0 +1.863876061e+00 +4.835738761e+02 +4.835738761e+02 +7.0702e-01 -2.8879e+00 -1.8406e+00 +1.9966e+00 +8.9487e-02 -1.7317e+00 +8.3535e-01 -1.9905e+00 -1.0197e+00 -1.2071e+00
371 0 +1.682849487e+00 +4.833928495e+02 +4.833928495e+02 +5.2852e-01 -2.9800e+00 -1.6364e+00 +1.7477e+00 +1.5063e-02 -1.6097e+00 +5.7921e-01 -2.2619e+00 -9.8123e-01 -9.3775e-01
394 0 +1.622079375e+00 +4.833320794e+02 +4.833320794e+02 +6.0453e-01 -3.0573e+00 -1.3856e+00 +2.1476e+00 +1.7138e-02 -1.8527e+00 +6.1212e-01 -2.1193e+00 -1.1768e+00 -1.0273e+00
404 0 +1.459632025e+00 +4.831696320e+02 +4.831696320e+02 +4.8572e-01 -3.1070e+00 -1.4934e+00 +2.0753e+00 -3.9758e-02 -1.6330e+00 +6.3963e-01 -1.9607e+00 -9.4607e-01 -8.9147e-01
409 0 +1.170306216e+00 +4.828803062e+02 +4.828803062e+02 +7.8211e-01 -3.1701e+00 -1.2579e+00 +2.1510e+00 -1.2538e-01 -1.5903e+00 +5.6440e-01 -2.1677e+00 -1.1649e+00 -1.0420e+00
525 0 +1.133886358e+00 +4.828438864e+02 +4.828438864e+02 +5.8444e-01 -3.1246e+00 -1.3254e+00 +1.9148e+00 -6.7718e-02 -1.5454e+00 +7.3270e-01 -1.8797e+00 -1.0704e+00 -9.7950e-01
538 0 +1.048296240e+00 +4.827582962e+02 +4.827582962e+02 +5.4378e-01 -3.1012e+00 -1.3580e+00 +1.8759e+00 -8.0828e-02 -1.5753e+00 +7.1726e-01 -1.8689e+00 -1.1198e+00 -9.4558e-01
579 0 +1.001884741e+00 +4.827118847e+02 +4.827118847e+02 +5.7323e-01 -3.1260e+00 -1.3095e+00 +1.9007e+00 -7.3084e-02 -1.5663e+00 +7.1463e-01 -1.8838e+00 -1.1248e+00 -8.8996e-01
613 0 +9.652409086e-01 +4.826752409e+02 +4.826752409e+02 +5.8275e-01 -3.1405e+00 -1.3128e+00 +1.8459e+00 -1.0468e-01 -1.5458e+00 +7.2006e-01 -1.8927e+00 -1.0898e+00 -9.1581e-01
635 0 +9.254378411e-01 +4.826354378e+02 +4.826354378e+02 +5.6326e-01 -3.1399e+00 -1.3275e+00 +1.8692e+00 -1.0413e-01 -1.5548e+00 +7.1870e-01 -1.8956e+00 -1.0924e+00 -9.1401e-01
674 0 +9.118788318e-01 +4.826218788e+02 +4.826218788e+02 +5.7225e-01 -3.1319e+00 -1.3267e+00 +1.8659e+00 -1.1109e-01 -1.5543e+00 +7.1949e-01 -1.8939e+00 -1.1063e+00 -9.0501e-01
688 0 +8.781130734e-01 +4.825881131e+02 +4.825881131e+02 +5.7642e-01 -3.1310e+00 -1.3352e+00 +1.8778e+00 -1.1246e-01 -1.5495e+00 +7.1827e-01 -1.8953e+00 -1.1141e+00 -9.0812e-01
714 0 +8.465706721e-01 +4.825565707e+02 +4.825565707e+02 +5.6584e-01 -3.1313e+00 -1.3308e+00 +1.8782e+00 -1.1043e-01 -1.5553e+00 +7.1924e-01 -1.8931e+00 -1.1050e+00 -9.1897e-01
782 0 +8.184296672e-01 +4.825284297e+02 +4.825284297e+02 +5.6766e-01 -3.1342e+00 -1.3301e+00 +1.8822e+00 -1.0960e-01 -1.5566e+00 +7.1788e-01 -1.8911e+00 -1.1111e+00 -9.1744e-01
802 0 +8.110273892e-01 +4.825210274e+02 +4.825210274e+02 +5.6771e-01 -3.1333e+00 -1.3294e+00 +1.8804e+00 -1.0897e-01 -1.5577e+00 +7.1870e-01 -1.8913e+00 -1.1111e+00 -9.1778e-01
888 0 +7.918205708e-01 +4.825018206e+02 +4.825018206e+02 +5.6654e-01 -3.1350e+00 -1.3295e+00 +1.8810e+00 -1.1024e-01 -1.5571e+00 +7.1741e-01 -1.8921e+00 -1.1121e+00 -9.1708e-01
1000 0 +7.874162589e-01 +4.824974163e+02 +4.824974163e+02 +5.6715e-01 -3.1354e+00 -1.3291e+00 +1.8808e+00 -1.1031e-01 -1.5572e+00 +7.1728e-01 -1.8922e+00 -1.1122e+00 -9.1729e-01
% f evaluations | g evaluations | best noise-free fitness - Fopt (-3.646000000000e+01) + sum g_i+ | measured fitness | best measured fitness or single-digit g-values | x1 | x2...
1 0 +5.241631709e+01 +1.595631709e+01 +1.595631709e+01 +2.2366e-01 +1.5874e-01 -1.2291e-01 -2.8627e-01 -3.5546e-01 +2.5281e-01 +2.5794e-01 +1.0946e-01 -1.4740e-01 +3.7363e-01
2 0 +4.697054825e+01 +1.051054825e+01 +1.051054825e+01 -4.0185e-01 -9.1428e-02 -1.6977e-01 +2.4374e-01 -1.1381e-01 +2.6248e-02 +3.1221e-02 -1.3398e-01 -1.4723e-03 +5.2055e-01
3 0 +4.005289201e+01 +3.592892013e+00 +3.592892013e+00 -3.5586e-01 +8.9936e-02 +2.2987e-01 +1.8978e-01 -3.2543e-01 -2.0177e-03 -5.6259e-01 +1.9840e-01 +7.8174e-03 +4.7212e-01
17 0 +3.775734081e+01 +1.297340813e+00 +1.297340813e+00 -6.4212e-01 -3.0008e-01 +5.9238e-01 -1.0768e-03 -2.6434e-01 +4.4819e-01 -5.0330e-01 -4.5018e-01 +2.1113e-01 -1.3759e-01
52 0 +3.206674825e+01 -4.393251746e+00 -4.393251746e+00 -5.7815e-01 +6.9052e-01 +4.7254e-01 +5.7978e-01 -6.9824e-02 -3.4357e-01 -8.2798e-02 -3.5022e-01 -1.4946e-01 -1.0889e-01
88 0 +2.985611284e+01 -6.603887157e+00 -6.603887157e+00 -4.3588e-01 +4.6737e-02 +2.2591e-01 +9.4339e-01 -1.4177e-01 -5.9016e-02 +5.4533e-02 -4.2716e-01 -1.1783e-02 +9.1505e-01
100 0 +2.731954785e+01 -9.140452146e+00 -9.140452146e+00 -1.9412e-01 -4.8442e-02 +2.7774e-01 +6.6343e-01 -1.3888e-01 -1.4704e-01 +4.1828e-01 -1.4292e-01 -6.5328e-01 +8.2523e-01
132 0 +2.270379931e+01 -1.375620069e+01 -1.375620069e+01 -7.8187e-01 -5.5514e-01 +9.5220e-02 +7.8130e-01 -7.3415e-01 -6.0060e-01 +2.6346e-01 -5.5655e-02 -5.0568e-01 +4.6349e-01
295 0 +2.185849355e+01 -1.460150645e+01 -1.460150645e+01 -1.0645e+00 -2.1519e-01 -7.0332e-01 +8.4613e-01 -3.9725e-01 -1.6887e+00 -4.8023e-02 -8.1528e-01 -1.3480e+00 -4.9261e-01
317 0 +2.092992613e+01 -1.553007387e+01 -1.553007387e+01 -8.9572e-01 -5.6195e-01 -5.1874e-01 +6.9495e-01 -4.6928e-01 -1.4152e+00 +4.9127e-02 -5.6791e-01 -1.1002e+00 -6.5154e-01
332 0 +2.065771724e+01 -1.580228276e+01 -1.580228276e+01 -8.3739e-01 -6.6405e-01 -1.3350e-01 +1.1368e+00 -6.6762e-01 -1.1376e+00 -1.1437e-01 -4.0850e-01 -8.6073e-01 -6.9015e-01
335 0 +1.671381369e+01 -1.974618631e+01 -1.974618631e+01 -7.3301e-01 -6.0302e-01 -4.8416e-01 +6.4164e-01 -7.4295e-01 -1.1179e+00 -2.3903e-01 -5.5342e-01 -7.7822e-01 -9.8675e-01
548 0 +1.648784051e+01 -1.997215949e+01 -1.997215949e+01 +1.6992e-02 -3.2681e-01 -9.7740e-01 +5.6837e-01 -1.5272e-01 -8.3754e-01 -8.6273e-02 -3.0220e-01 -5.5711e-01 -9.7437e-01
583 0 +1.609306201e+01 -2.036693799e+01 -2.036693799e+01 +1.9999e-01 -4.1580e-01 -1.0353e+00 +4.5177e-01 -8.2191e-02 -6.7393e-01 -8.6600e-02 -2.3121e-01 -3.9264e-01 -1.0602e+00
585 0 +1.526809651e+01 -2.119190349e+01 -2.119190349e+01 +7.7100e-02 -4.6185e-01 -9.4153e-01 +4.5140e-01 -1.2864e-01 -6.7638e-01 +2.0709e-02 -2.0409e-01 -4.5163e-01 -1.0144e+00
596 0 +1.501401481e+01 -2.144598519e+01 -2.144598519e+01 +8.8384e-02 -4.1036e-01 -9.7025e-01 +4.2179e-01 -3.6736e-02 -6.7780e-01 -4.4154e-02 -2.0595e-01 -3.8995e-01 -1.0984e+00
622 0 +1.471703537e+01 -2.174296463e+01 -2.174296463e+01 +7.7402e-02 -4.2501e-01 -9.8320e-01 +4.5718e-01 -4.4283e-02 -8.0129e-01 -9.1237e-02 -2.9145e-01 -5.5981e-01 -1.0791e+00
647 0 +1.420340219e+01 -2.225659781e+01 -2.225659781e+01 +4.3968e-02 -4.1103e-01 -1.0303e+00 +4.4831e-01 +9.3162e-03 -7.6740e-01 -4.9573e-02 -2.3738e-01 -5.0816e-01 -9.6837e-01
665 0 +1.401727247e+01 -2.244272753e+01 -2.244272753e+01 -3.5098e-02 -3.1282e-01 -1.0717e+00 +4.6124e-01 +1.0706e-01 -7.9757e-01 -3.3626e-02 -3.0935e-01 -5.6281e-01 -9.2172e-01
799 0 +1.377462596e+01 -2.268537404e+01 -2.268537404e+01 -2.0651e-03 -3.2541e-01 -1.0925e+00 +5.1332e-01 +1.5218e-01 -8.3285e-01 -2.7983e-02 -2.6511e-01 -5.6805e-01 -8.1079e-01
921 0 +1.342786336e+01 -2.303213664e+01 -2.303213664e+01 -1.0210e-02 -2.7987e-01 -1.1101e+00 +6.1531e-01 +1.9913e-01 -8.6177e-01 -4.9429e-02 -3.1946e-01 -6.3267e-01 -6.8708e-01
1000 0 +1.338244735e+01 -2.307755265e+01 -2.307755265e+01 -4.1001e-02 -2.4483e-01 -1.1016e+00 +7.1792e-01 +2.4329e-01 -9.1882e-01 -5.6014e-02 -3.4676e-01 -6.8303e-01 -5.7507e-01
% f evaluations | g evaluations | best noise-free fitness - Fopt (3.920000000000e+01) + sum g_i+ | measured fitness | best measured fitness or single-digit g-values | x1 | x2...
1 0 +2.182795265e+01 +6.102795265e+01 +6.102795265e+01 +4.6703e-02 +1.4620e-02 +7.9554e-02 +1.0583e-01 -4.1552e-01 -3.5786e-01 +3.0320e-01 +1.2737e-01 -3.2015e-03 +4.0294e-01
2 0 +1.737175912e+01 +5.657175912e+01 +5.657175912e+01 -4.4623e-01 -1.3017e-01 -2.2097e-02 -4.2029e-01 -8.6688e-02 +1.9128e-01 -3.5198e-01 +3.3791e-01 -2.2504e-01 -2.7720e-01
11 0 +1.434134954e+01 +5.354134954e+01 +5.354134954e+01 +4.1248e-01 +8.2650e-02 +7.9656e-02 -5.4151e-01 +1.7871e-01 +7.8500e-02 +1.6336e-01 -1.1677e-01 -9.0957e-02 -8.1704e-02
17 0 +1.392745631e+01 +5.312745631e+01 +5.312745631e+01 +2.5670e-01 +3.2881e-01 +7.4001e-03 -2.9726e-01 +4.7491e-02 -3.8135e-01 +7.1250e-02 -2.6690e-01 -2.7630e-01 +2.6722e-01
34 0 +1.319948663e+01 +5.239948663e+01 +5.239948663e+01 +1.0352e+00 +5.1930e-01 +4.0092e-01 -5.0311e-01 +1.3705e-01 -4.3164e-02 +3.4060e-01 -4.0747e-01 +5.6878e-02 -5.0518e-01
57 0 +1.309341566e+01 +5.229341566e+01 +5.229341566e+01 +7.0713e-01 -2.0555e-02 +1.5377e-01 -7.0861e-01 +5.3221e-01 -2.8555e-01 +6.2452e-01 -2.1637e-01 +3.1552e-01 +1.2650e-01
65 0 +1.241542333e+01 +5.161542333e+01 +5.161542333e+01 +1.5781e+00 +7.0501e-01 +8.7438e-01 -1.1226e+00 +2.6870e-01 -3.3536e-01 +4.3674e-02 -8.4004e-02 +3.8657e-03 -5.5216e-01
90 0 +1.146132127e+01 +5.066132127e+01 +5.066132127e+01 +1.3299e+00 +7.6552e-01 +5.6054e-01 -5.0625e-01 +5.6153e-01 -1.3625e-01 +6.4162e-01 -1.0699e+00 +5.9947e-01 -7.9617e-01
96 0 +8.416098114e+00 +4.761609811e+01 +4.761609811e+01 +1.2040e+00 +6.7979e-01 +1.4323e+00 -7.0489e-01 +8.6706e-01 -1.9115e-01 +1.0066e+00 -5.2535e-01 +6.1119e-01 -7.6333e-01
117 0 +7.348162764e+00 +4.654816276e+01 +4.654816276e+01 +2.2122e+00 +2.0257e+00 +1.0487e+00 -4.9766e-01 +2.0545e+00 -3.1272e-01 +1.6078e+00 -1.7582e+00 +6.4684e-01 -9.7504e-01
124 0 +7.163295919e+00 +4.636329592e+01 +4.636329592e+01 +2.7350e+00 +1.5250e+00 +1.5560e+00 -1.1820e+00 +2.6927e+00 -3.7276e-01 +1.5147e+00 -1.8720e+00 +3.8561e-01 -9.7728e-01
151 0 +6.823666993e+00 +4.602366699e+01 +4.602366699e+01 +2.3684e+00 +1.4707e+00 +5.5842e-01 +1.4739e+00 +2.0026e+00 -1.1685e+00 +2.5010e+00 -2.1640e+00 +1.6608e-01 -1.1444e+00
154 0 +5.928016971e+00 +4.512801697e+01 +4.512801697e+01 +3.5344e+00 +1.0179e+00 +1.3229e+00 -3.2133e-01 +2.3325e+00 -1.0581e+00 +2.0762e+00 -1.8441e+00 +9.6119e-01 -2.5911e+00
173 0 +4.734500898e+00 +4.393450090e+01 +4.393450090e+01 +2.6152e+00 +2.4931e+00 +1.0955e+00 +1.2321e+00 +2.5530e+00 -9.5306e-01 +3.0474e+00 -1.1422e+00 +1.8727e+00 -1.4037e+00
177 0 +4.644631891e+00 +4.384463189e+01 +4.384463189e+01 +3.9051e+00 +2.4871e+00 +1.1710e+00 +2.4786e-01 +2.8566e+00 -7.4125e-01 +3.1582e+00 -2.8285e+00 +7.3924e-01 -2.9366e+00
183 0 +3.669094089e+00 +4.286909409e+01 +4.286909409e+01 +3.9766e+00 +2.2802e+00 +1.0947e+00 +7.6459e-01 +3.1011e+00 -1.0313e+00 +3.3377e+00 -2.0329e+00 +4.7486e-01 -2.2684e+00
205 0 +3.401244742e+00 +4.260124474e+01 +4.260124474e+01 +3.1452e+00 +1.5841e+00 +1.3739e+00 +2.6533e+00 +3.5394e+00 +8.6006e-01 +2.8741e+00 -2.4789e+00 -4.4839e-01 -2.2141e+00
207 0 +3.372346145e+00 +4.257234615e+01 +4.257234615e+01 +4.2692e+00 +2.1903e+00 +1.4458e+00 +9.0675e-01 +3.5242e+00 -3.0014e-01 +2.0913e+00 -2.5209e+00 -9.4658e-01 -3.0360e+00
215 0 +2.163746249e+00 +4.136374625e+01 +4.136374625e+01 +3.0643e+00 +2.1191e+00 +1.1014e+00 +2.4737e+00 +2.4017e+00 -2.6851e-01 +3.1617e+00 -2.4543e+00 -2.5178e-01 -2.7680e+00
292 0 +1.813178546e+00 +4.101317855e+01 +4.101317855e+01 +4.0746e+00 +1.8442e+00 +6.6318e-01 +1.6380e+00 +2.3596e+00 +5.8329e-01 +2.7065e+00 -2.6339e+00 +2.9564e-01 -3.4282e+00
309 0 +1.576087638e+00 +4.077608764e+01 +4.077608764e+01 +4.5838e+00 +1.3011e+00 +7.0536e-01 +1.7325e+00 +2.7844e+00 +1.1454e+00 +3.1409e+00 -3.2717e+00 -4.4305e-01 -3.4273e+00
326 0 +1.206133205e+00 +4.040613321e+01 +4.040613321e+01 +3.7605e+00 +1.2841e+00 +8.6428e-01 +2.3098e+00 +2.3373e+00 +1.1782e+00 +3.1622e+00 -3.1369e+00 +1.8368e-01 -3.2954e+00
363 0 +1.156545538e+00 +4.035654554e+01 +4.035654554e+01 +4.0572e+00 +1.1969e+00 +8.6294e-01 +1.8421e+00 +2.4534e+00 +1.0789e+00 +2.5687e+00 -3.2424e+00 -1.2780e-01 -2.9655e+00
381 0 +1.001503610e+00 +4.020150361e+01 +4.020150361e+01 +3.9304e+00 +1.2878e+00 +1.0018e+00 +1.6422e+00 +2.5027e+00 +9.0104e-01 +2.7018e+00 -3.0945e+00 -2.9236e-01 -3.0597e+00
390 0 +9.443180655e-01 +4.014431807e+01 +4.014431807e+01 +4.0570e+00 +1.1220e+00 +7.0108e-01 +1.9130e+00 +2.6332e+00 +1.0005e+00 +2.8308e+00 -3.1442e+00 -1.6687e-01 -3.0439e+00
396 0 +8.603885045e-01 +4.006038850e+01 +4.006038850e+01 +4.0580e+00 +1.2136e+00 +8.4574e-01 +1.6353e+00 +2.5265e+00 +9.5546e-01 +2.7848e+00 -2.9916e+00 -3.1328e-01 -3.1478e+00
402 0 +6.946655731e-01 +3.989466557e+01 +3.989466557e+01 +4.1830e+00 +1.0194e+00 +9.5608e-01 +1.8960e+00 +2.5643e+00 +9.9352e-01 +2.4944e+00 -3.0958e+00 -1.8500e-01 -2.9325e+00
434 0 +6.569135250e-01 +3.985691353e+01 +3.985691353e+01 +4.2660e+00 +9.5858e-01 +9.3669e-01 +1.9952e+00 +2.4359e+00 +9.0185e-01 +2.7161e+00 -3.1923e+00 -2.0702e-01 -3.1951e+00
457 0 +6.254067637e-01 +3.982540676e+01 +3.982540676e+01 +4.1392e+00 +9.4399e-01 +9.5537e-01 +1.9475e+00 +2.4654e+00 +8.9575e-01 +2.6728e+00 -3.1099e+00 -2.2789e-01 -3.1252e+00
478 0 +6.013344714e-01 +3.980133447e+01 +3.980133447e+01 +4.1524e+00 +1.0360e+00 +1.0408e+00 +1.9578e+00 +2.5633e+00 +9.2841e-01 +2.6527e+00 -3.1116e+00 -1.4647e-01 -3.1859e+00
498 0 +5.591989633e-01 +3.975919896e+01 +3.975919896e+01 +4.1547e+00 +9.9792e-01 +9.6331e-01 +1.9629e+00 +2.6210e+00 +8.4638e-01 +2.7580e+00 -3.0532e+00 -1.6579e-01 -3.1556e+00
502 0 +4.960380077e-01 +3.969603801e+01 +3.969603801e+01 +4.1289e+00 +1.0439e+00 +1.0036e+00 +1.9648e+00 +2.5483e+00 +8.1777e-01 +2.6966e+00 -3.0519e+00 -2.4126e-01 -3.2009e+00
509 0 +4.848641531e-01 +3.968486415e+01 +3.968486415e+01 +4.1982e+00 +1.0419e+00 +9.3107e-01 +1.8761e+00 +2.6185e+00 +8.1916e-01 +2.6797e+00 -3.0465e+00 -1.5489e-01 -3.1738e+00
527 0 +4.710280406e-01 +3.967102804e+01 +3.967102804e+01 +4.2269e+00 +9.7142e-01 +9.4170e-01 +1.9590e+00 +2.5906e+00 +8.5909e-01 +2.6906e+00 -3.0401e+00 -1.7129e-01 -3.1770e+00
546 0 +4.447631666e-01 +3.964476317e+01 +3.964476317e+01 +4.1846e+00 +1.0449e+00 +9.6487e-01 +1.9280e+00 +2.6010e+00 +8.5560e-01 +2.7014e+00 -3.0006e+00 -1.5887e-01 -3.1866e+00
553 0 +4.298029087e-01 +3.962980291e+01 +3.962980291e+01 +4.2321e+00 +1.0602e+00 +9.6091e-01 +1.9330e+00 +2.6623e+00 +8.4561e-01 +2.7056e+00 -3.0375e+00 -1.8920e-01 -3.1955e+00
554 0 +4.173671606e-01 +3.961736716e+01 +3.961736716e+01 +4.1240e+00 +1.0108e+00 +9.8082e-01 +1.9942e+00 +2.5825e+00 +8.6911e-01 +2.6914e+00 -3.0197e+00 -1.4488e-01 -3.1742e+00
561 0 +4.072413972e-01 +3.960724140e+01 +3.960724140e+01 +4.1357e+00 +1.0262e+00 +9.7337e-01 +1.9711e+00 +2.5901e+00 +8.8681e-01 +2.7180e+00 -3.0554e+00 -1.5602e-01 -3.1689e+00
563 0 +3.782129483e-01 +3.957821295e+01 +3.957821295e+01 +4.1158e+00 +1.0023e+00 +9.3646e-01 +1.9835e+00 +2.6157e+00 +8.5649e-01 +2.6910e+00 -3.0000e+00 -1.4873e-01 -3.1757e+00
578 0 +3.381562339e-01 +3.953815623e+01 +3.953815623e+01 +4.1046e+00 +1.0135e+00 +9.3758e-01 +1.9978e+00 +2.6345e+00 +8.7584e-01 +2.7094e+00 -3.0255e+00 -1.5807e-01 -3.1932e+00
588 0 +3.126837553e-01 +3.951268376e+01 +3.951268376e+01 +4.1511e+00 +1.0091e+00 +9.7946e-01 +1.9889e+00 +2.5889e+00 +9.0558e-01 +2.6577e+00 -3.0317e+00 -1.5285e-01 -3.1850e+00
619 0 +3.066891316e-01 +3.950668913e+01 +3.950668913e+01 +4.1476e+00 +1.0458e+00 +9.5596e-01 +1.9794e+00 +2.6094e+00 +9.1845e-01 +2.6331e+00 -3.0355e+00 -1.3118e-01 -3.2112e+00
626 0 +2.930798015e-01 +3.949307980e+01 +3.949307980e+01 +4.1463e+00 +1.0314e+00 +9.5293e-01 +1.9943e+00 +2.6330e+00 +9.2215e-01 +2.6475e+00 -3.0047e+00 -1.3615e-01 -3.2066e+00
644 0 +2.839278544e-01 +3.948392785e+01 +3.948392785e+01 +4.1474e+00 +1.0375e+00 +9.5613e-01 +1.9840e+00 +2.5995e+00 +9.1512e-01 +2.6523e+00 -3.0052e+00 -1.4342e-01 -3.1814e+00
663 0 +2.749932904e-01 +3.947499329e+01 +3.947499329e+01 +4.1534e+00 +1.0407e+00 +9.6546e-01 +1.9750e+00 +2.6086e+00 +9.1332e-01 +2.6623e+00 -3.0253e+00 -1.5169e-01 -3.1909e+00
673 0 +2.607477258e-01 +3.946074773e+01 +3.946074773e+01 +4.1412e+00 +1.0296e+00 +9.4833e-01 +1.9832e+00 +2.6097e+00 +9.1231e-01 +2.6686e+00 -3.0244e+00 -1.5388e-01 -3.1851e+00
674 0 +2.370328146e-01 +3.943703281e+01 +3.943703281e+01 +4.1466e+00 +1.0285e+00 +9.4878e-01 +1.9938e+00 +2.6146e+00 +9.1208e-01 +2.6676e+00 -3.0319e+00 -1.5129e-01 -3.1993e+00
695 0 +2.289032860e-01 +3.942890329e+01 +3.942890329e+01 +4.1475e+00 +1.0283e+00 +9.5101e-01 +1.9923e+00 +2.6094e+00 +9.1060e-01 +2.6641e+00 -3.0366e+00 -1.5962e-01 -3.1992e+00
712 0 +2.121137091e-01 +3.941211371e+01 +3.941211371e+01 +4.1492e+00 +1.0269e+00 +9.5024e-01 +1.9926e+00 +2.6105e+00 +9.0340e-01 +2.6633e+00 -3.0340e+00 -1.6252e-01 -3.1987e+00
804 0 +2.067387947e-01 +3.940673879e+01 +3.940673879e+01 +4.1514e+00 +1.0315e+00 +9.5141e-01 +1.9877e+00 +2.6104e+00 +8.9765e-01 +2.6656e+00 -3.0370e+00 -1.6540e-01 -3.2016e+00
839 0 +2.010613054e-01 +3.940106131e+01 +3.940106131e+01 +4.1504e+00 +1.0310e+00 +9.4965e-01 +1.9869e+00 +2.6115e+00 +8.9637e-01 +2.6653e+00 -3.0365e+00 -1.6577e-01 -3.2018e+00
863 0 +1.994395535e-01 +3.939943955e+01 +3.939943955e+01 +4.1496e+00 +1.0312e+00 +9.5019e-01 +1.9878e+00 +2.6113e+00 +8.9663e-01 +2.6653e+00 -3.0366e+00 -1.6561e-01 -3.2016e+00
906 0 +1.948471511e-01 +3.939484715e+01 +3.939484715e+01 +4.1515e+00 +1.0308e+00 +9.4979e-01 +1.9875e+00 +2.6100e+00 +8.9691e-01 +2.6649e+00 -3.0362e+00 -1.6605e-01 -3.2019e+00
1000 0 +1.933496416e-01 +3.939334964e+01 +3.939334964e+01 +4.1518e+00 +1.0306e+00 +9.4992e-01 +1.9875e+00 +2.6099e+00 +8.9680e-01 +2.6651e+00 -3.0363e+00 -1.6593e-01 -3.2022e+00
% f evaluations | g evaluations | best noise-free fitness - Fopt (-3.225000000000e+01) + sum g_i+ | measured fitness | best measured fitness or single-digit g-values | x1 | x2...
1 0 +3.186076463e+01 -3.892353690e-01 -3.892353690e-01 +2.9202e-01 +1.9995e-01 +5.7881e-02 +3.0361e-02 -3.8175e-02 -4.1632e-01 -6.2422e-01 +5.5099e-01 -1.7081e-03 +2.9136e-01
18 0 +3.035134826e+01 -1.898651742e+00 -1.898651742e+00 +1.1512e-01 -8.0309e-01 -3.1255e-01 -3.7826e-01 -4.3669e-01 -4.4361e-01 -1.0202e+00 +2.8726e-01 +6.4932e-02 -3.3421e-02
30 0 +2.878203104e+01 -3.467968960e+00 -3.467968960e+00 +2.6033e-01 -3.0456e-01 -1.2051e-01 -3.2409e-01 -3.7103e-01 -1.0376e+00 -1.2963e+00 +5.7848e-01 +5.9973e-01 +3.6909e-01
41 0 +2.633748972e+01 -5.912510278e+00 -5.912510278e+00 +1.4596e+00 +5.5178e-01 -6.0757e-01 -9.6922e-03 -2.9305e-01 -1.2616e+00 -1.4988e+00 +7.6117e-01 +5.2977e-01 +2.0839e-01
46 0 +2.240844852e+01 -9.841551483e+00 -9.841551483e+00 +1.9091e+00 -7.2921e-01 -7.3338e-01 -1.0991e+00 -2.8935e-01 -2.1800e+00 -2.5336e+00 +9.3632e-01 +8.6303e-01 +8.8253e-01
53 0 +1.602777784e+01 -1.622222216e+01 -1.622222216e+01 +2.0527e+00 -1.5115e-01 -1.3875e+00 -4.3115e-01 -4.9974e-02 -1.5235e+00 -2.3344e+00 +6.7526e-01 +1.0713e+00 +1.1387e+00
76 0 +1.229518230e+01 -1.995481770e+01 -1.995481770e+01 +3.0655e+00 -1.3566e+00 -1.2408e+00 -1.2765e+00 -9.9604e-01 -2.2447e+00 -2.3502e+00 +1.1991e+00 +4.4627e-01 +1.9519e+00
89 0 +1.126984997e+01 -2.098015003e+01 -2.098015003e+01 +2.9235e+00 -6.4049e-01 -2.3402e+00 -3.0170e+00 +3.6107e-01 -1.8167e+00 -3.6019e+00 +1.9443e+00 +3.7353e-01 +1.8546e+00
96 0 +1.022150824e+01 -2.202849176e+01 -2.202849176e+01 +3.5865e+00 -2.7545e+00 +6.6757e-02 -4.7993e+00 -8.5822e-01 -1.7763e+00 -3.7269e+00 +5.4025e-01 +6.3998e-01 +1.9426e+00
133 0 +8.666163703e+00 -2.358383630e+01 -2.358383630e+01 +3.5772e+00 -3.0630e+00 +3.6267e-01 -1.3908e+00 +3.0875e+00 +3.3402e-01 -1.8692e+00 +2.2318e+00 -8.2545e-01 +3.2591e+00
137 0 +8.240333185e+00 -2.400966682e+01 -2.400966682e+01 +3.7168e+00 -1.6553e+00 -1.3172e+00 -3.5617e+00 -1.4461e+00 -3.1591e+00 -2.3330e+00 +2.0304e+00 +2.7791e+00 +5.1537e+00
205 0 +7.806411295e+00 -2.444358870e+01 -2.444358870e+01 +2.7415e+00 -1.2736e+00 +3.1439e-01 -3.9788e+00 +4.3160e-01 -8.6431e-01 -3.1006e+00 +3.9622e+00 +9.4378e-01 +4.6202e+00
214 0 +6.805492959e+00 -2.544450704e+01 -2.544450704e+01 +3.4838e+00 -1.0060e+00 +9.9258e-01 -3.5012e+00 +1.7763e+00 -9.9823e-01 -1.3565e+00 +3.2749e+00 +3.4074e-01 +3.1796e+00
226 0 +4.796741425e+00 -2.745325858e+01 -2.745325858e+01 +3.0353e+00 -8.8770e-01 +4.8267e-01 -4.3518e+00 +1.6369e+00 -2.4376e+00 -1.0259e+00 +2.2957e+00 +1.0552e+00 +4.3665e+00
253 0 +3.994077638e+00 -2.825592236e+01 -2.825592236e+01 +3.2547e+00 -1.1945e+00 +4.1715e-02 -3.1314e+00 +1.3706e+00 -1.8336e+00 -9.0402e-01 +3.1930e+00 +5.8254e-01 +4.4359e+00
263 0 +3.787046594e+00 -2.846295341e+01 -2.846295341e+01 +3.1594e+00 -1.1402e+00 +1.0788e-01 -3.0147e+00 +1.4678e+00 -7.1982e-01 -1.7128e+00 +2.1489e+00 +4.7427e-01 +4.0245e+00
444 0 +3.546362676e+00 -2.870363732e+01 -2.870363732e+01 +4.5270e+00 -1.5028e+00 +2.9581e-01 -2.6184e+00 +1.4821e+00 -1.3817e+00 -9.0197e-01 +3.1026e+00 +1.0665e+00 +4.2443e+00
445 0 +3.409311244e+00 -2.884068876e+01 -2.884068876e+01 +4.9645e+00 -1.7865e+00 +2.0796e-02 -2.6118e+00 +1.3874e+00 -1.3923e+00 -1.2940e+00 +2.8471e+00 +1.3878e+00 +4.3468e+00
472 0 +3.335527493e+00 -2.891447251e+01 -2.891447251e+01 +4.9501e+00 -1.6956e+00 +2.2645e-01 -2.4389e+00 +1.6426e+00 -1.2733e+00 -1.0337e+00 +2.9018e+00 +1.4332e+00 +4.2088e+00
475 0 +2.992766740e+00 -2.925723326e+01 -2.925723326e+01 +4.7679e+00 -1.4873e+00 +1.9662e-01 -2.4939e+00 +1.6497e+00 -1.2331e+00 -8.8366e-01 +2.9000e+00 +1.3891e+00 +4.5107e+00
487 0 +2.883910487e+00 -2.936608951e+01 -2.936608951e+01 +4.7768e+00 -1.4558e+00 +2.5126e-01 -2.5924e+00 +1.5125e+00 -1.2424e+00 -7.9595e-01 +3.0623e+00 +1.3488e+00 +4.3279e+00
511 0 +2.775939265e+00 -2.947406073e+01 -2.947406073e+01 +4.7990e+00 -1.6950e+00 +2.2044e-01 -2.3989e+00 +1.5835e+00 -1.2057e+00 -1.2289e+00 +3.1150e+00 +1.4271e+00 +4.5182e+00
512 0 +2.673611032e+00 -2.957638897e+01 -2.957638897e+01 +4.7504e+00 -1.6266e+00 +2.3270e-01 -2.5844e+00 +1.5067e+00 -1.2050e+00 -1.0956e+00 +3.0675e+00 +1.3979e+00 +4.3771e+00
539 0 +2.521174690e+00 -2.972882531e+01 -2.972882531e+01 +4.6583e+00 -1.6394e+00 +1.1767e-01 -2.5254e+00 +1.4831e+00 -1.1861e+00 -1.1975e+00 +3.1693e+00 +1.4684e+00 +4.4441e+00
577 0 +2.284691384e+00 -2.996530862e+01 -2.996530862e+01 +4.7108e+00 -1.6423e+00 +9.0545e-02 -2.4601e+00 +1.5543e+00 -1.0760e+00 -1.2271e+00 +3.1004e+00 +1.4605e+00 +4.4375e+00
645 0 +2.218600979e+00 -3.003139902e+01 -3.003139902e+01 +4.7053e+00 -1.6430e+00 +5.8797e-02 -2.4534e+00 +1.5695e+00 -1.0497e+00 -1.1632e+00 +3.0499e+00 +1.4505e+00 +4.4760e+00
676 0 +2.173920840e+00 -3.007607916e+01 -3.007607916e+01 +4.6831e+00 -1.6289e+00 +7.5816e-02 -2.4644e+00 +1.5745e+00 -1.0382e+00 -1.1629e+00 +3.0521e+00 +1.4541e+00 +4.4813e+00
711 0 +2.115501743e+00 -3.013449826e+01 -3.013449826e+01 +4.6841e+00 -1.6413e+00 +7.3842e-02 -2.4824e+00 +1.5586e+00 -1.0401e+00 -1.1675e+00 +3.0588e+00 +1.4558e+00 +4.4757e+00
768 0 +2.084078298e+00 -3.016592170e+01 -3.016592170e+01 +4.6874e+00 -1.6392e+00 +7.9822e-02 -2.4785e+00 +1.5553e+00 -1.0516e+00 -1.1712e+00 +3.0707e+00 +1.4484e+00 +4.4745e+00
1000 0 +2.045565380e+00 -3.020443462e+01 -3.020443462e+01 +4.6928e+00 -1.6515e+00 +7.6005e-02 -2.4804e+00 +1.5418e+00 -1.0638e+00 -1.1610e+00 +3.0836e+00 +1.4412e+00 +4.4803e+00
% f evaluations | g evaluations | best noise-free fitness - Fopt (3.681200000000e+02) + sum g_i+ | measured fitness | best measured fitness or single-digit g-values | x1 | x2...
1 0 +1.314684892e+01 +3.812668489e+02 +3.812668489e+02 +2.2911e-01 +1.8639e-01 -4.1672e-01 +3.6217e-01 +6.1062e-01 -3.8420e-01 +3.6955e-01 +3.2620e-01 -3.7536e-02 +2.1844e-01
4 0 +1.257604828e+01 +3.806960483e+02 +3.806960483e+02 -2.1128e-01 -8.1149e-01 -1.8481e-01 +8.5143e-02 +1.5493e-01 +9.6475e-02 +2.7053e-01 +2.9135e-01 -1.8946e-01 +4.9259e-01
11 0 +1.193388712e+01 +3.800538871e+02 +3.800538871e+02 +3.6480e-01 -4.8099e-01 +4.8767e-02 +2.3170e-01 -1.5987e-01 +1.9189e-01 +1.5542e-01 -1.2585e-01 +2.3585e-01 +2.7771e-01
16 0 +9.724613625e+00 +3.778446136e+02 +3.778446136e+02 +2.0333e-02 -3.4143e-01 -2.2942e-01 +1.2073e-01 +2.2509e-01 -2.1492e-01 -4.0205e-02 -4.1581e-02 +4.7292e-01 -4.3075e-01
96 0 +9.456414016e+00 +3.775764140e+02 +3.775764140e+02 -6.7833e-01 -1.0777e+00 -3.7574e-01 +8.8116e-02 +4.3795e-01 +9.9414e-03 +3.8307e-01 -6.0137e-02 -3.8681e-01 -5.8377e-01
102 0 +7.628845942e+00 +3.757488459e+02 +3.757488459e+02 -3.3862e-01 -9.8112e-01 -3.2479e-01 -1.3972e-02 +5.7729e-01 -7.6750e-02 +3.2398e-02 +2.0007e-01 +1.8484e-01 -4.8771e-01
171 0 +7.133673533e+00 +3.752536735e+02 +3.752536735e+02 -8.4515e-01 -1.0430e+00 -2.4180e-01 -9.8104e-02 -1.4237e-01 -3.6196e-01 -3.2353e-01 -3.6527e-01 -1.0555e-01 -7.0892e-01
208 0 +6.766660722e+00 +3.748866607e+02 +3.748866607e+02 -1.3480e+00 -1.3565e+00 -3.5306e-01 -4.1229e-01 +5.2099e-01 -5.7051e-02 -3.2720e-01 -7.4235e-01 -1.7786e-01 -1.1524e+00
219 0 +5.730048099e+00 +3.738500481e+02 +3.738500481e+02 -2.1441e+00 -1.1922e+00 -3.2572e-01 -8.8351e-01 -1.4889e-02 -5.0517e-01 -6.6923e-01 -8.7746e-01 -1.0130e-01 -9.6197e-01
247 0 +5.435168875e+00 +3.735551689e+02 +3.735551689e+02 -2.0785e+00 -1.3447e+00 -6.4961e-01 -7.3881e-01 -9.4914e-03 -5.0541e-01 -2.0361e-01 -1.2070e+00 -9.7820e-01 -1.3439e+00
265 0 +4.771445310e+00 +3.728914453e+02 +3.728914453e+02 -1.9246e+00 -1.2979e+00 -6.4906e-03 -9.9013e-01 +2.9166e-01 -3.2563e-01 -5.7662e-01 -9.8618e-01 -3.9133e-01 -1.5393e+00
314 0 +4.268970970e+00 +3.723889710e+02 +3.723889710e+02 -2.2206e+00 -8.7906e-01 +6.3058e-01 -1.7936e+00 -1.9095e-01 -4.3421e-01 -1.3100e+00 -1.2261e+00 -5.5223e-01 -7.3252e-01
350 0 +3.800548390e+00 +3.719205484e+02 +3.719205484e+02 -2.7121e+00 -7.9374e-01 +1.0316e+00 -1.7475e+00 -5.9625e-01 -4.9412e-01 -1.5380e+00 -1.4109e+00 +3.4369e-01 -6.4968e-01
357 0 +3.661760940e+00 +3.717817609e+02 +3.717817609e+02 -2.2999e+00 -8.2413e-01 +1.9572e-01 -1.2464e+00 -7.2023e-01 -4.7821e-01 -1.4825e+00 -1.4922e+00 +1.0414e-01 -1.8077e-01
368 0 +3.209292922e+00 +3.713292929e+02 +3.713292929e+02 -2.7075e+00 -8.2340e-01 +3.9719e-01 -1.6473e+00 -7.3181e-01 -5.1012e-01 -1.5169e+00 -1.9970e+00 -1.9093e-01 -4.7820e-01
380 0 +2.780309553e+00 +3.709003096e+02 +3.709003096e+02 -2.5122e+00 -6.2236e-01 +7.5659e-01 -1.6146e+00 -4.7273e-01 -6.0673e-01 -1.8277e+00 -2.3762e+00 -5.3814e-02 -6.1856e-01
416 0 +2.538757795e+00 +3.706587578e+02 +3.706587578e+02 -2.3379e+00 -9.4720e-01 +7.2223e-01 -1.9006e+00 -6.6148e-01 -1.0946e+00 -2.1463e+00 -2.2549e+00 -1.0007e+00 -9.8616e-01
420 0 +2.499776428e+00 +3.706197764e+02 +3.706197764e+02 -2.4062e+00 -6.8036e-01 +9.1688e-01 -1.5737e+00 -7.2704e-01 -1.1332e+00 -2.0129e+00 -2.3655e+00 -8.7872e-01 -6.5087e-01
446 0 +2.170516031e+00 +3.702905160e+02 +3.702905160e+02 -2.5157e+00 -1.7812e-01 +1.2716e+00 -1.7942e+00 -5.9289e-01 -1.0251e+00 -2.2472e+00 -2.6579e+00 -5.9037e-01 -6.9179e-01
495 0 +1.909810777e+00 +3.700298108e+02 +3.700298108e+02 -2.5010e+00 -6.0405e-01 +9.9671e-01 -2.1202e+00 -5.9315e-01 -1.5193e+00 -2.4297e+00 -2.5817e+00 -7.1079e-01 -4.6967e-01
527 0 +1.651515034e+00 +3.697715150e+02 +3.697715150e+02 -2.7862e+00 -6.4791e-01 +1.1805e+00 -2.1983e+00 -1.8274e-01 -1.6409e+00 -2.2314e+00 -2.7546e+00 -6.6196e-01 -6.9673e-01
552 0 +1.453116914e+00 +3.695731169e+02 +3.695731169e+02 -2.6636e+00 -7.4620e-01 +9.6567e-01 -2.2421e+00 -5.1559e-01 -1.6904e+00 -2.2366e+00 -2.7340e+00 -5.3624e-01 -7.3108e-01
605 0 +1.363940647e+00 +3.694839406e+02 +3.694839406e+02 -2.5525e+00 -6.9929e-01 +9.0939e-01 -2.2441e+00 -4.3960e-01 -1.6888e+00 -2.0870e+00 -2.7100e+00 -6.3615e-01 -8.4141e-01
613 0 +9.990482527e-01 +3.691190483e+02 +3.691190483e+02 -2.5489e+00 -6.5400e-01 +8.7604e-01 -2.2088e+00 -5.2713e-01 -1.6870e+00 -2.1583e+00 -2.7451e+00 -6.1877e-01 -7.6019e-01
713 0 +9.563563678e-01 +3.690763564e+02 +3.690763564e+02 -2.5030e+00 -5.9458e-01 +9.7445e-01 -2.1683e+00 -5.5242e-01 -1.7430e+00 -2.1102e+00 -2.8123e+00 -5.9499e-01 -8.0101e-01
718 0 +9.532450852e-01 +3.690732451e+02 +3.690732451e+02 -2.4974e+00 -5.7881e-01 +1.0037e+00 -2.1627e+00 -5.4950e-01 -1.7629e+00 -2.1458e+00 -2.8027e+00 -6.2147e-01 -8.0253e-01
725 0 +9.204348238e-01 +3.690404348e+02 +3.690404348e+02 -2.5153e+00 -5.7701e-01 +9.9765e-01 -2.1801e+00 -5.5319e-01 -1.7436e+00 -2.1287e+00 -2.8056e+00 -6.1288e-01 -7.9224e-01
732 0 +8.946603052e-01 +3.690146603e+02 +3.690146603e+02 -2.5137e+00 -5.8039e-01 +9.8786e-01 -2.1819e+00 -5.5666e-01 -1.7518e+00 -2.1378e+00 -2.8072e+00 -6.1152e-01 -8.0885e-01
746 0 +8.658258680e-01 +3.689858259e+02 +3.689858259e+02 -2.5131e+00 -5.9485e-01 +9.6625e-01 -2.1653e+00 -5.3575e-01 -1.7345e+00 -2.1249e+00 -2.8078e+00 -6.2901e-01 -8.1423e-01
782 0 +8.501989723e-01 +3.689701990e+02 +3.689701990e+02 -2.5182e+00 -5.9886e-01 +9.7420e-01 -2.1611e+00 -5.4313e-01 -1.7363e+00 -2.1256e+00 -2.8043e+00 -6.2306e-01 -8.1792e-01
808 0 +8.248782391e-01 +3.689448782e+02 +3.689448782e+02 -2.5202e+00 -5.9625e-01 +9.7208e-01 -2.1645e+00 -5.3652e-01 -1.7391e+00 -2.1225e+00 -2.8107e+00 -6.2040e-01 -8.2549e-01
874 0 +8.053687237e-01 +3.689253687e+02 +3.689253687e+02 -2.5191e+00 -5.9690e-01 +9.7587e-01 -2.1648e+00 -5.3780e-01 -1.7335e+00 -2.1246e+00 -2.8061e+00 -6.2595e-01 -8.2118e-01
1000 0 +7.944929351e-01 +3.689144929e+02 +3.689144929e+02 -2.5170e+00 -5.9594e-01 +9.7909e-01 -2.1625e+00 -5.3983e-01 -1.7318e+00 -2.1247e+00 -2.8054e+00 -6.2521e-01 -8.2069e-01
% f evaluations | g evaluations | best noise-free fitness - Fopt (4.739000000000e+01) + sum g_i+ | measured fitness | best measured fitness or single-digit g-values | x1 | x2...
1 0 +1.035180653e+01 +5.774180653e+01 +5.774180653e+01 -6.0735e-02 +2.4962e-01 +6.0890e-02 -2.0025e-02 +1.7234e-01 -9.6692e-02 +3.4491e-01 -1.8191e-02 -6.2944e-02 -4.1955e-01
6 0 +9.871438553e+00 +5.726143855e+01 +5.726143855e+01 -1.4641e-01 +3.9208e-01 +5.0000e-02 +3.4686e-02 -2.6798e-01 -3.3355e-01 -7.3878e-03 -8.2115e-02 +1.3880e-01 -1.1581e-01
15 0 +9.341232011e+00 +5.673123201e+01 +5.673123201e+01 -7.8706e-03 +2.2873e-01 +1.9911e-01 +5.2157e-01 +4.9580e-01 -1.1703e-01 -1.4188e-01 -4.8968e-01 +5.5507e-01 -7.1255e-02
23 0 +8.623216033e+00 +5.601321603e+01 +5.601321603e+01 -9.4092e-02 +1.0070e+00 -6.9652e-01 -2.5711e-03 +3.2412e-02 -3.2665e-01 -3.1434e-02 -3.0608e-01 -1.3959e-01 -3.4634e-01
62 0 +8.455487438e+00 +5.584548744e+01 +5.584548744e+01 -5.0598e-01 +4.3330e-01 -1.0415e+00 +2.4336e-01 +3.1066e-01 +2.1365e-01 -3.3596e-01 +3.5543e-01 -2.9173e-01 -5.9275e-01
67 0 +8.248615571e+00 +5.563861557e+01 +5.563861557e+01 -4.4145e-01 +3.6455e-01 -1.6081e+00 +1.3340e+00 +6.9234e-01 -2.6959e-01 +1.1459e-01 -9.3631e-02 -8.5018e-02 -6.3303e-01
80 0 +7.611361100e+00 +5.500136110e+01 +5.500136110e+01 -2.6736e-01 +5.4204e-01 -1.4212e+00 +6.6984e-01 +6.2307e-01 +2.6205e-01 -2.3932e-01 +4.4982e-01 -8.7970e-01 -8.3451e-01
93 0 +6.567798976e+00 +5.395779898e+01 +5.395779898e+01 -3.7611e-01 +1.3437e+00 -1.8533e+00 +8.0046e-01 +7.6579e-01 +1.9641e-01 -3.0125e-01 -1.6303e-01 -7.4597e-01 -1.0616e+00
143 0 +5.990107987e+00 +5.338010799e+01 +5.338010799e+01 -7.7920e-01 +1.2773e+00 -2.0446e+00 +8.9730e-01 +2.2423e-01 +2.2218e-01 -9.2319e-01 -1.4037e-01 -1.2103e+00 -1.4805e+00
172 0 +5.872102754e+00 +5.326210275e+01 +5.326210275e+01 -9.0559e-01 +1.4675e+00 -1.3525e+00 +5.6103e-01 +1.2949e-02 -2.4196e-01 -3.4061e-01 +1.1521e+00 -2.4340e+00 -2.2844e+00
179 0 +5.734405203e+00 +5.312440520e+01 +5.312440520e+01 -8.9559e-01 +1.6470e+00 -1.5304e+00 +1.0153e+00 +6.3007e-02 -1.1624e-01 -8.9657e-01 +6.1899e-01 -1.8373e+00 -2.0544e+00
198 0 +5.385282151e+00 +5.277528215e+01 +5.277528215e+01 -4.5370e-01 +2.2011e+00 -2.0425e+00 +7.2691e-01 -2.7327e-01 +2.8514e-02 +5.4066e-01 +1.1641e+00 -1.9166e+00 -2.7719e+00
207 0 +3.818398516e+00 +5.120839852e+01 +5.120839852e+01 +2.7748e-01 +1.9156e+00 -1.7589e+00 +7.0142e-01 +3.1301e-01 -3.3361e-01 -5.8585e-01 +8.8144e-01 -2.3404e+00 -2.3697e+00
223 0 +3.238094854e+00 +5.062809485e+01 +5.062809485e+01 +5.9712e-01 +3.0387e+00 -8.7921e-01 +5.4322e-01 -6.1792e-01 -5.4322e-01 +1.0629e-01 +1.3988e+00 -1.9972e+00 -1.7608e+00
229 0 +2.821479004e+00 +5.021147900e+01 +5.021147900e+01 +1.0948e+00 +2.1632e+00 -1.2321e+00 +1.2445e+00 +4.4228e-01 -4.3317e-01 -1.8248e-01 +2.0227e+00 -2.6781e+00 -2.1833e+00
269 0 +2.188448547e+00 +4.957844855e+01 +4.957844855e+01 +5.6521e-01 +2.2151e+00 -7.2061e-01 +3.5153e-01 +7.6545e-01 -1.0906e+00 -3.8901e-01 +2.3705e+00 -3.3168e+00 -2.3260e+00
282 0 +2.057921875e+00 +4.944792188e+01 +4.944792188e+01 +1.2267e-02 +3.2297e+00 -1.6494e+00 +3.0077e-02 +6.4533e-01 -1.8779e+00 -7.2508e-01 +3.4546e+00 -3.2212e+00 -2.9538e+00
290 0 +1.932336706e+00 +4.932233671e+01 +4.932233671e+01 +5.5392e-01 +2.8743e+00 -1.5904e+00 +6.5234e-01 +8.7661e-01 -1.5095e+00 -5.3497e-01 +2.4512e+00 -2.8460e+00 -2.9486e+00
296 0 +1.712456911e+00 +4.910245691e+01 +4.910245691e+01 +2.3544e-02 +2.8018e+00 -1.6982e+00 -5.6425e-01 +4.0585e-01 -1.4231e+00 -6.2147e-01 +3.1184e+00 -3.0549e+00 -3.0011e+00
333 0 +6.283314217e-01 +4.801833142e+01 +4.801833142e+01 -1.4373e-01 +2.7175e+00 -4.3028e-01 -8.0817e-02 +6.2334e-01 -1.7037e+00 -1.0107e-01 +3.1449e+00 -3.3025e+00 -3.3878e+00
486 0 +5.145324485e-01 +4.790453245e+01 +4.790453245e+01 -3.6934e-01 +2.8110e+00 -1.0105e+00 +1.1155e-02 +5.9282e-01 -1.7620e+00 -4.8690e-01 +3.0144e+00 -3.2563e+00 -3.3206e+00
491 0 +4.627126376e-01 +4.785271264e+01 +4.785271264e+01 -5.5854e-01 +2.6897e+00 -8.8410e-01 -9.5126e-02 +6.3202e-01 -1.8955e+00 -3.3216e-01 +3.0691e+00 -3.1490e+00 -3.1800e+00
527 0 +4.163943357e-01 +4.780639434e+01 +4.780639434e+01 -4.3983e-01 +2.8508e+00 -9.1231e-01 +2.0885e-01 +5.5036e-01 -1.7938e+00 -4.4112e-01 +3.2562e+00 -3.4172e+00 -3.3498e+00
557 0 +4.068859878e-01 +4.779688599e+01 +4.779688599e+01 -5.6720e-01 +2.8069e+00 -8.2869e-01 +2.9710e-02 +5.5943e-01 -1.8189e+00 -4.7054e-01 +3.1192e+00 -3.3233e+00 -3.1880e+00
567 0 +3.429738592e-01 +4.773297386e+01 +4.773297386e+01 -5.4587e-01 +2.7258e+00 -7.9393e-01 +6.2942e-02 +5.3249e-01 -1.8743e+00 -4.4100e-01 +3.1586e+00 -3.3829e+00 -3.2843e+00
582 0 +3.338581777e-01 +4.772385818e+01 +4.772385818e+01 -4.6662e-01 +2.7155e+00 -7.9258e-01 +1.4821e-01 +5.7752e-01 -1.7497e+00 -4.1387e-01 +3.1810e+00 -3.3851e+00 -3.2928e+00
612 0 +2.831842557e-01 +4.767318426e+01 +4.767318426e+01 -4.7881e-01 +2.7501e+00 -8.7232e-01 +1.6361e-01 +5.3956e-01 -1.7741e+00 -4.0580e-01 +3.1999e+00 -3.3253e+00 -3.3601e+00
613 0 +2.390458207e-01 +4.762904582e+01 +4.762904582e+01 -4.9126e-01 +2.7939e+00 -8.4015e-01 +1.8029e-01 +5.5208e-01 -1.8002e+00 -4.8120e-01 +3.2120e+00 -3.3367e+00 -3.3280e+00
633 0 +2.025152940e-01 +4.759251529e+01 +4.759251529e+01 -4.9146e-01 +2.7905e+00 -8.4566e-01 +1.8086e-01 +5.5857e-01 -1.8070e+00 -4.6810e-01 +3.2084e+00 -3.3288e+00 -3.3024e+00
681 0 +1.893199071e-01 +4.757931991e+01 +4.757931991e+01 -5.0685e-01 +2.7983e+00 -8.1667e-01 +2.0011e-01 +5.5115e-01 -1.8549e+00 -4.7474e-01 +3.1778e+00 -3.2971e+00 -3.3337e+00
721 0 +1.833111549e-01 +4.757331115e+01 +4.757331115e+01 -4.6775e-01 +2.8036e+00 -8.3427e-01 +1.9443e-01 +5.6522e-01 -1.8435e+00 -4.6023e-01 +3.1729e+00 -3.3115e+00 -3.3219e+00
726 0 +1.782445248e-01 +4.756824452e+01 +4.756824452e+01 -4.6580e-01 +2.8056e+00 -8.3850e-01 +1.9693e-01 +5.5201e-01 -1.8473e+00 -4.6600e-01 +3.1744e+00 -3.3063e+00 -3.3312e+00
759 0 +1.731359455e-01 +4.756313595e+01 +4.756313595e+01 -4.7904e-01 +2.8110e+00 -8.3456e-01 +1.9933e-01 +5.6281e-01 -1.8500e+00 -4.6973e-01 +3.1679e+00 -3.3028e+00 -3.3122e+00
787 0 +1.658397620e-01 +4.755583976e+01 +4.755583976e+01 -4.7477e-01 +2.8052e+00 -8.3073e-01 +1.9345e-01 +5.5731e-01 -1.8514e+00 -4.6958e-01 +3.1717e+00 -3.2975e+00 -3.3175e+00
822 0 +1.618298331e-01 +4.755182983e+01 +4.755182983e+01 -4.6864e-01 +2.8093e+00 -8.3453e-01 +1.9989e-01 +5.5312e-01 -1.8517e+00 -4.6691e-01 +3.1790e+00 -3.3031e+00 -3.3200e+00
835 0 +1.579197587e-01 +4.754791976e+01 +4.754791976e+01 -4.6792e-01 +2.8136e+00 -8.3355e-01 +1.9484e-01 +5.5037e-01 -1.8574e+00 -4.6724e-01 +3.1835e+00 -3.3038e+00 -3.3258e+00
884 0 +1.543381723e-01 +4.754433817e+01 +4.754433817e+01 -4.7005e-01 +2.8155e+00 -8.3503e-01 +1.9280e-01 +5.5046e-01 -1.8578e+00 -4.6941e-01 +3.1832e+00 -3.3038e+00 -3.3241e+00
924 0 +1.502174191e-01 +4.754021742e+01 +4.754021742e+01 -4.6965e-01 +2.8144e+00 -8.3490e-01 +1.9088e-01 +5.5055e-01 -1.8591e+00 -4.6972e-01 +3.1839e+00 -3.3051e+00 -3.3233e+00
1000 0 +1.482434755e-01 +4.753824348e+01 +4.753824348e+01 -4.7050e-01 +2.8150e+00 -8.3462e-01 +1.8989e-01 +5.5107e-01 -1.8596e+00 -4.7091e-01 +3.1838e+00 -3.3041e+00 -3.3223e+00
% f evaluations | g evaluations | best noise-free fitness - Fopt (-3.428900000000e+02) + sum g_i+ | measured fitness | best measured fitness or single-digit g-values | x1 | x2...
1 0 +1.215518544e+01 -3.307348146e+02 -3.307348146e+02 +1.1185e-01 +3.6510e-01 -6.0740e-02 +9.4981e-02 +3.2483e-02 -4.2542e-02 +1.9776e-01 +3.5055e-01 -1.4563e-01 -2.1529e-01
2 0 +1.048428027e+01 -3.324057197e+02 -3.324057197e+02 -2.2466e-02 -4.3734e-01 -2.0397e-01 +2.5024e-01 -1.5655e-01 +3.0300e-01 +4.1129e-01 -5.7437e-01 +2.7211e-01 +3.5739e-01
8 0 +9.219594411e+00 -3.336704056e+02 -3.336704056e+02 +4.6043e-01 +1.0718e-01 -6.3980e-02 +4.4369e-02 -1.6246e-01 -3.9559e-01 -8.0164e-01 +1.8577e-01 +2.9893e-01 -3.8305e-01
45 0 +8.991955872e+00 -3.338980441e+02 -3.338980441e+02 +9.3340e-02 -8.8050e-02 +6.0026e-01 -3.5479e-01 -2.0950e-01 +1.7032e-01 -1.5297e-01 +1.6520e-01 -6.0613e-02 -8.1896e-01
51 0 +8.731955332e+00 -3.341580447e+02 -3.341580447e+02 +2.9958e-01 -3.4213e-01 +5.0626e-01 -2.5290e-01 -2.4722e-02 +1.1978e-01 -4.9245e-02 +3.1927e-01 -2.1728e-01 -9.0572e-01
168 0 +8.662969187e+00 -3.342270308e+02 -3.342270308e+02 -5.9613e-01 +2.7527e-01 +1.2417e+00 -9.5564e-01 +4.9189e-01 +1.3481e-01 +1.9066e-01 -4.2478e-02 +7.5769e-02 -4.4312e-01
218 0 +8.057111199e+00 -3.348328888e+02 -3.348328888e+02 -2.6727e-01 +3.1887e-01 +1.1208e+00 -3.8724e-01 -2.3636e-01 -2.9167e-02 -1.7477e-01 -1.7862e-01 +2.4834e-01 -3.6794e-01
301 0 +7.231723899e+00 -3.356582761e+02 -3.356582761e+02 -3.7212e-01 -3.4408e-01 +1.2582e+00 -6.6262e-01 +3.0581e-02 -4.7593e-01 -9.6844e-02 +2.4720e-01 +3.3454e-01 -2.1316e-01
359 0 +6.553305267e+00 -3.363366947e+02 -3.363366947e+02 -3.1395e-01 -2.4125e-01 +1.3781e+00 -5.7655e-01 -1.0707e-02 -4.3128e-01 -6.9621e-02 +3.2900e-01 +3.1755e-01 -1.3691e-01
365 0 +6.111401442e+00 -3.367785986e+02 -3.367785986e+02 -2.3352e-01 -2.7125e-01 +1.4045e+00 -5.1281e-01 +3.0597e-01 -4.7216e-01 -3.8724e-02 +3.1420e-01 +2.8516e-01 -1.6560e-01
395 0 +5.880942933e+00 -3.370090571e+02 -3.370090571e+02 -2.8441e-01 -4.3512e-01 +1.4091e+00 -5.5417e-01 +2.4999e-01 -4.2668e-01 -3.9783e-02 +2.8395e-01 +2.1160e-01 -1.5741e-01
487 0 +5.690132712e+00 -3.371998673e+02 -3.371998673e+02 -2.6638e-01 -3.8067e-01 +1.3026e+00 -5.6400e-01 +2.2747e-01 -3.8926e-01 +1.1140e-02 +3.2157e-01 +2.0671e-01 -3.0405e-01
495 0 +5.538322706e+00 -3.373516773e+02 -3.373516773e+02 -2.6785e-01 -3.9207e-01 +1.2929e+00 -5.7579e-01 +2.6518e-01 -3.8661e-01 +9.1679e-04 +3.0175e-01 +2.0119e-01 -3.1453e-01
531 0 +5.464875800e+00 -3.374251242e+02 -3.374251242e+02 -2.6468e-01 -4.2835e-01 +1.3118e+00 -5.4307e-01 +2.7336e-01 -4.1235e-01 -1.7201e-02 +3.0010e-01 +2.0007e-01 -3.5600e-01
570 0 +5.310115864e+00 -3.375798841e+02 -3.375798841e+02 -2.7379e-01 -4.8509e-01 +1.2926e+00 -5.5479e-01 +3.0300e-01 -3.8884e-01 -1.4187e-02 +3.2818e-01 +1.5792e-01 -4.0489e-01
704 0 +5.236204474e+00 -3.376537955e+02 -3.376537955e+02 -2.6641e-01 -4.8015e-01 +1.3055e+00 -5.4582e-01 +3.3838e-01 -3.8472e-01 -2.8535e-02 +3.5310e-01 +1.5790e-01 -4.3681e-01
1000 0 +5.145139600e+00 -3.377448604e+02 -3.377448604e+02 -2.3846e-01 -5.5819e-01 +1.2892e+00 -5.3505e-01 +4.1658e-01 -3.7699e-01 -1.5489e-02 +3.9135e-01 +9.1460e-02 -5.3752e-01
% f evaluations | g evaluations | best noise-free fitness - Fopt (9.102000000000e+01) + sum g_i+ | measured fitness | best measured fitness or single-digit g-values | x1 | x2...
1 0 +1.122757231e+01 +1.022475723e+02 +1.022475723e+02 -2.6870e-02 +1.2658e-01 +4.0128e-01 +5.0484e-02 -9.0208e-04 +6.5636e-02 -5.2201e-01 -2.5419e-01 +3.2982e-03 +5.7166e-01
3 0 +7.366282008e+00 +9.838628201e+01 +9.838628201e+01 -1.0045e-01 +4.2830e-01 -1.7598e-01 -3.2666e-01 -3.4786e-01 -4.5454e-03 +2.1112e-01 -3.7432e-01 -3.0831e-01 +2.0565e-01
15 0 +6.588572425e+00 +9.760857242e+01 +9.760857242e+01 +2.0687e-01 +1.7561e-01 +3.9852e-01 -2.7281e-01 -4.8874e-01 -2.3270e-01 +4.8366e-01 -2.1141e-01 +2.0853e-01 +6.4149e-01
32 0 +6.163667111e+00 +9.718366711e+01 +9.718366711e+01 -2.7324e-01 +3.4081e-01 +1.2254e-01 -4.7454e-01 -6.3247e-01 -1.1340e-01 +6.0556e-01 +2.7994e-01 +3.4236e-01 +7.7082e-01
40 0 +5.888811349e+00 +9.690881135e+01 +9.690881135e+01 +3.0845e-01 +4.1136e-01 +2.6410e-01 -5.1083e-01 -6.3875e-01 +5.6076e-03 +5.3554e-01 -2.6271e-01 -7.6520e-02 +5.6938e-01
48 0 +5.592347951e+00 +9.661234795e+01 +9.661234795e+01 +5.2290e-01 -2.2519e-02 +1.5035e-01 -5.0786e-01 -7.7530e-01 -1.5505e-01 +4.0334e-01 -7.5161e-02 +3.9540e-01 +9.0203e-01
60 0 +5.140319596e+00 +9.616031960e+01 +9.616031960e+01 -2.4557e-01 +3.3851e-02 +1.4188e-01 -2.9445e-01 -7.7806e-01 +1.4592e-01 +8.5613e-01 +2.1564e-01 +4.7709e-01 +8.4581e-01
163 0 +5.089459651e+00 +9.610945965e+01 +9.610945965e+01 -2.0016e-01 +1.2709e-01 +4.2771e-01 -3.8317e-01 -1.4191e+00 +8.0388e-01 +6.2300e-01 +6.7585e-03 -5.7768e-01 +7.7120e-01
165 0 +4.916570724e+00 +9.593657072e+01 +9.593657072e+01 -1.7284e-01 +1.0795e-01 +3.2962e-01 -9.4944e-02 -1.5522e+00 +2.9693e-01 +5.8490e-01 +2.5957e-03 -4.2415e-01 +8.3705e-01
175 0 +4.746254371e+00 +9.576625437e+01 +9.576625437e+01 -2.2317e-01 +1.2975e-02 +3.6997e-01 -4.7734e-03 -1.5742e+00 +2.9592e-01 +5.3474e-01 +3.2795e-02 -4.5128e-01 +8.3718e-01
181 0 +4.483361093e+00 +9.550336109e+01 +9.550336109e+01 -3.1659e-03 +1.1283e-01 +5.0584e-01 -6.4817e-02 -1.5051e+00 +8.9866e-02 +4.9378e-01 -9.1384e-02 -3.6217e-01 +7.7742e-01
184 0 +4.201754502e+00 +9.522175450e+01 +9.522175450e+01 -7.8459e-02 +1.0464e-01 +5.2772e-01 -5.6056e-02 -1.5674e+00 +3.1169e-01 +6.6939e-01 -8.1838e-03 -2.9237e-01 +8.5848e-01
196 0 +4.130283439e+00 +9.515028344e+01 +9.515028344e+01 +9.3278e-02 +9.0390e-02 +5.0323e-01 -5.4820e-03 -1.6784e+00 +1.5061e-01 +6.9609e-01 -5.6936e-02 -4.0437e-01 +9.1915e-01
207 0 +4.023532672e+00 +9.504353267e+01 +9.504353267e+01 -1.4366e-01 -2.2893e-02 +3.9186e-01 -6.5973e-02 -1.4893e+00 +6.6436e-02 +6.0841e-01 +5.8828e-02 -3.7840e-01 +9.1359e-01
222 0 +3.828369994e+00 +9.484836999e+01 +9.484836999e+01 -1.1634e-01 +7.9891e-02 +3.9306e-01 -8.3197e-03 -1.5588e+00 +1.1978e-01 +5.2544e-01 -4.0229e-02 -2.8694e-01 +8.0343e-01
261 0 +3.773514519e+00 +9.479351452e+01 +9.479351452e+01 -1.3256e-01 +7.0982e-03 +4.0580e-01 -9.4966e-02 -1.5576e+00 +8.8418e-02 +6.0561e-01 +7.4673e-03 -3.2705e-01 +8.4559e-01
266 0 +3.672208533e+00 +9.469220853e+01 +9.469220853e+01 -6.9829e-02 -4.5381e-02 +4.0515e-01 -4.6273e-02 -1.3897e+00 +1.1817e-01 +4.9631e-01 +6.4221e-02 -3.1678e-01 +8.3830e-01
285 0 +3.514269046e+00 +9.453426905e+01 +9.453426905e+01 -4.9761e-02 -2.8707e-02 +3.2575e-01 -9.3731e-02 -1.4308e+00 +1.7333e-01 +4.8989e-01 +1.4499e-02 -2.3352e-01 +8.4747e-01
289 0 +3.407184141e+00 +9.442718414e+01 +9.442718414e+01 -7.7960e-02 -9.3587e-02 +3.9679e-01 -5.4228e-02 -1.5185e+00 +1.3385e-01 +5.4782e-01 +3.5902e-02 -2.2269e-01 +9.1535e-01
292 0 +3.380606191e+00 +9.440060619e+01 +9.440060619e+01 +1.4707e-02 -4.0384e-02 +4.0974e-01 -5.2738e-02 -1.4753e+00 +1.2927e-01 +6.3763e-01 -2.5961e-03 -2.0500e-01 +8.6591e-01
304 0 +3.293764338e+00 +9.431376434e+01 +9.431376434e+01 +5.4254e-02 -1.2143e-01 +3.4304e-01 -5.6000e-02 -1.5167e+00 +9.8515e-02 +5.8393e-01 -3.4972e-02 -1.6805e-01 +8.5313e-01
311 0 +3.200670023e+00 +9.422067002e+01 +9.422067002e+01 -9.3166e-03 -8.0265e-02 +3.9662e-01 +5.9772e-02 -1.5467e+00 +8.4976e-02 +5.6762e-01 +1.9104e-02 -1.8467e-01 +9.1716e-01
331 0 +3.041396200e+00 +9.406139620e+01 +9.406139620e+01 -3.2435e-02 -6.2197e-02 +3.5528e-01 -2.3894e-02 -1.4586e+00 -5.2772e-03 +5.6376e-01 -2.0339e-02 -2.2912e-01 +9.6540e-01
352 0 +2.918674631e+00 +9.393867463e+01 +9.393867463e+01 +4.4023e-02 -4.7309e-02 +3.0698e-01 +6.0540e-03 -1.5482e+00 +1.0118e-02 +5.5611e-01 -6.7481e-02 -2.1250e-01 +9.7282e-01
370 0 +2.801753617e+00 +9.382175362e+01 +9.382175362e+01 +5.4570e-02 -5.0455e-02 +3.2133e-01 +2.8535e-02 -1.5466e+00 +2.0826e-02 +5.3241e-01 -1.6299e-02 -2.2274e-01 +9.3264e-01
434 0 +2.737093751e+00 +9.375709375e+01 +9.375709375e+01 +5.1295e-02 -9.2060e-02 +3.4776e-01 -1.2975e-02 -1.4937e+00 -1.6962e-02 +5.2308e-01 -4.5712e-02 -1.8767e-01 +9.3470e-01
505 0 +2.626205817e+00 +9.364620582e+01 +9.364620582e+01 +6.2909e-02 -8.6249e-02 +3.2426e-01 -1.0351e-02 -1.4810e+00 -1.3661e-02 +5.2896e-01 -4.2342e-02 -1.7382e-01 +9.1847e-01
532 0 +2.567257948e+00 +9.358725795e+01 +9.358725795e+01 +4.8178e-02 -9.0675e-02 +3.3490e-01 -4.8824e-03 -1.4722e+00 -2.1694e-02 +5.2821e-01 -3.9214e-02 -1.7968e-01 +9.1588e-01
1000 0 +2.559166037e+00 +9.357916604e+01 +9.357916604e+01 +5.8298e-02 -9.7443e-02 +3.4269e-01 -1.6273e-02 -1.4835e+00 -1.4142e-02 +5.3379e-01 -4.4139e-02 -1.7320e-01 +9.2600e-01
% f evaluations | g evaluations | best noise-free fitness - Fopt (7.324200000000e+02) + sum g_i+ | measured fitness | best measured fitness or single-digit g-values | x1 | x2...
1 0 +7.776352688e+00 +7.401963527e+02 +7.401963527e+02 -1.0845e-01 +1.7026e-02 +3.9282e-01 +1.1135e-01 -1.1818e-01 +2.6408e-01 -2.3303e-01 +1.9835e-01 -7.2983e-01 +5.0720e-01
4 0 +7.412790991e+00 +7.398327910e+02 +7.398327910e+02 +3.5310e-01 -2.8766e-02 -2.6819e-02 -3.2752e-01 +9.4666e-03 -5.3109e-02 +3.5552e-01 -1.3059e-01 +2.4621e-01 -7.4720e-02
10 0 +7.207249786e+00 +7.396272498e+02 +7.396272498e+02 -4.1643e-01 +2.7996e-01 +3.8123e-01 +1.3566e-01 +1.1093e-01 -4.5855e-01 -8.7572e-02 -7.1377e-02 -8.6987e-01 -3.1414e-02
22 0 +6.991372561e+00 +7.394113726e+02 +7.394113726e+02 -3.5227e-01 -1.5315e-01 +2.9372e-01 -2.3140e-01 +5.8096e-02 -2.8956e-01 -1.1955e-01 +2.2479e-02 -5.6500e-01 +1.6677e-01
38 0 +5.704918006e+00 +7.381249180e+02 +7.381249180e+02 -1.9885e-01 -3.8608e-02 +4.1984e-01 -1.7818e-01 -2.5119e-01 -4.7817e-01 -6.6441e-02 -8.3690e-03 -6.2236e-02 -6.5397e-02
154 0 +5.601939687e+00 +7.380219397e+02 +7.380219397e+02 -3.3522e-01 +1.8050e-01 +1.4638e+00 -8.4441e-01 +5.5207e-02 -1.6978e-01 +6.3355e-01 +1.5639e-01 +8.4975e-02 +3.5479e-01
230 0 +4.824102951e+00 +7.372441030e+02 +7.372441030e+02 -5.9684e-01 +3.3372e-01 +1.5205e+00 -5.0748e-01 +1.5268e-01 -1.4897e-01 +5.6883e-01 +6.1715e-02 -2.8213e-02 +9.9537e-03
247 0 +4.577487001e+00 +7.369974870e+02 +7.369974870e+02 -6.4111e-01 +4.4174e-01 +1.4028e+00 -4.1043e-01 +1.5808e-01 -1.5646e-01 +6.1405e-01 +7.2059e-02 -2.0776e-01 -1.6446e-01
279 0 +4.439139624e+00 +7.368591396e+02 +7.368591396e+02 -6.8481e-01 +3.7687e-01 +1.3811e+00 -5.5369e-01 +1.2914e-01 -2.5529e-01 +5.6389e-01 -2.5680e-02 -1.9621e-01 -4.7167e-02
317 0 +4.241227187e+00 +7.366612272e+02 +7.366612272e+02 -7.0904e-01 +3.3612e-01 +1.3043e+00 -3.8062e-01 +1.6690e-01 -1.6572e-01 +6.3681e-01 +1.7350e-01 -2.1538e-01 -7.1732e-03
349 0 +4.100965328e+00 +7.365209653e+02 +7.365209653e+02 -6.0542e-01 +3.7547e-01 +1.3741e+00 -4.8387e-01 +1.5807e-01 -2.1874e-01 +6.0153e-01 +1.5523e-01 -1.5122e-01 -7.6907e-02
373 0 +4.059568081e+00 +7.364795681e+02 +7.364795681e+02 -6.5518e-01 +4.0545e-01 +1.3830e+00 -4.1129e-01 +1.7413e-01 -2.2195e-01 +5.4752e-01 +1.1667e-01 -2.2177e-01 -1.9339e-02
376 0 +3.930162566e+00 +7.363501626e+02 +7.363501626e+02 -6.7149e-01 +3.7430e-01 +1.4160e+00 -4.9949e-01 +1.2218e-01 -2.3049e-01 +5.3895e-01 +1.0094e-01 -2.2618e-01 -6.3791e-02
416 0 +3.860596709e+00 +7.362805967e+02 +7.362805967e+02 -6.1342e-01 +3.3885e-01 +1.3661e+00 -4.9784e-01 +1.1069e-01 -1.8504e-01 +5.9731e-01 +1.3454e-01 -2.0326e-01 -2.9432e-02
439 0 +3.758848021e+00 +7.361788480e+02 +7.361788480e+02 -6.3013e-01 +3.4597e-01 +1.3859e+00 -5.1121e-01 +8.2958e-02 -2.0033e-01 +6.1664e-01 +1.4413e-01 -2.2326e-01 -2.7925e-02
509 0 +3.708165064e+00 +7.361281651e+02 +7.361281651e+02 -6.2901e-01 +3.7527e-01 +1.4050e+00 -5.0494e-01 +9.3756e-02 -2.1043e-01 +6.1689e-01 +1.3465e-01 -2.1905e-01 -3.1684e-02
659 0 +3.623385855e+00 +7.360433859e+02 +7.360433859e+02 -6.2625e-01 +3.6516e-01 +1.3923e+00 -5.0517e-01 +9.1393e-02 -2.1645e-01 +6.1556e-01 +1.3731e-01 -2.2570e-01 -3.8285e-02
1000 0 +3.602886219e+00 +7.360228862e+02 +7.360228862e+02 -6.2583e-01 +3.6762e-01 +1.3929e+00 -5.0460e-01 +9.0173e-02 -2.1618e-01 +6.1392e-01 +1.3791e-01 -2.2559e-01 -3.8034e-02
% f evaluations | g evaluations | best noise-free fitness - Fopt (3.542000000000e+01) + sum g_i+ | measured fitness | best measured fitness or single-digit g-values | x1 | x2...
1 0 +5.115442383e+01 +8.657442383e+01 +8.657442383e+01 +7.8895e-02 +9.5731e-02 -2.9234e-02 +9.1642e-01 +2.5673e-02 -4.9760e-01 +2.5691e-01 -5.5328e-01 +5.5287e-01 -1.4496e-01
2 0 +3.719402602e+01 +7.261402602e+01 +7.261402602e+01 -2.1194e-01 -3.9025e-02 -1.8559e-01 +1.2784e-01 -4.5692e-01 +7.3904e-02 -1.0595e-01 -1.5995e-01 -4.9882e-02 -2.7922e-03
3 0 +2.754602873e+01 +6.296602873e+01 +6.296602873e+01 +1.1726e-01 +6.0260e-01 -2.0668e-01 +2.4713e-02 +3.0718e-04 -8.7716e-02 +6.4069e-02 -1.1865e-02 +4.0211e-02 +1.5646e-01
22 0 +2.731089261e+01 +6.273089261e+01 +6.273089261e+01 +2.2168e-01 -3.9962e-02 +2.6190e-01 +4.5610e-02 +1.2892e-01 -7.2685e-02 +1.9939e-01 -3.0468e-01 -3.3285e-01 +3.2734e-01
52 0 +2.360781157e+01 +5.902781157e+01 +5.902781157e+01 +1.4522e-01 +6.4780e-02 +2.7851e-01 -1.3420e-01 +3.6640e-01 -2.5433e-01 +1.2511e-01 -4.6934e-01 -5.4709e-01 -3.9260e-02
65 0 +2.191654876e+01 +5.733654876e+01 +5.733654876e+01 +3.6017e-01 +1.0407e-01 +5.3077e-01 -4.8360e-01 +2.3667e-01 -2.3642e-02 +6.3199e-02 -6.4539e-01 -6.1199e-01 -2.2331e-01
88 0 +2.171913740e+01 +5.713913740e+01 +5.713913740e+01 +5.6447e-01 +8.2538e-02 +8.2894e-01 -5.0747e-01 +2.6534e-01 -2.3652e-01 -4.8170e-02 -7.0853e-01 -3.0096e-01 -6.9694e-02
93 0 +1.848217177e+01 +5.390217177e+01 +5.390217177e+01 +6.2009e-01 -3.3959e-02 +4.4274e-01 -3.2418e-01 +4.0706e-01 -3.6919e-02 +7.6204e-02 -7.2587e-01 -2.7137e-01 -7.1797e-02
104 0 +1.815600877e+01 +5.357600877e+01 +5.357600877e+01 +4.2491e-01 +4.7683e-02 +5.3738e-01 -4.5319e-01 +1.1118e-01 -1.5001e-01 -1.0360e-01 -8.0463e-01 -3.6442e-01 -1.9400e-01
155 0 +1.772249901e+01 +5.314249901e+01 +5.314249901e+01 +5.9858e-01 +5.0939e-02 +4.1631e-01 -7.2041e-01 +1.4921e-01 -2.3501e-01 -5.7923e-02 -8.4014e-01 -3.2538e-01 -4.5683e-01
175 0 +1.709375291e+01 +5.251375291e+01 +5.251375291e+01 +7.1080e-01 +2.1750e-01 +2.7811e-01 -6.0465e-01 +2.1452e-01 -2.3294e-02 +1.3776e-01 -8.3521e-01 -2.3813e-01 -2.4001e-01
190 0 +1.686985687e+01 +5.228985687e+01 +5.228985687e+01 +6.3912e-01 +1.6999e-01 +3.3182e-01 -3.3602e-01 +8.7548e-02 +4.3201e-03 +4.0328e-02 -8.3488e-01 -3.5673e-01 -2.5061e-01
237 0 +1.637675948e+01 +5.179675948e+01 +5.179675948e+01 +5.8922e-01 +1.0241e-01 +2.6198e-01 -6.1698e-01 +2.1626e-02 -2.0457e-01 -7.2125e-02 -9.2005e-01 -3.5819e-01 -4.1069e-01
242 0 +1.582477632e+01 +5.124477632e+01 +5.124477632e+01 +7.0517e-01 +2.6609e-01 +3.5921e-01 -6.2070e-01 +9.9178e-02 -1.7209e-01 -1.5892e-03 -8.9874e-01 -2.6344e-01 -4.0010e-01
254 0 +1.523209889e+01 +5.065209889e+01 +5.065209889e+01 +6.4772e-01 +1.4190e-01 +3.3078e-01 -6.1485e-01 +6.8312e-02 -1.6526e-01 -2.0788e-02 -8.8332e-01 -2.3605e-01 -3.5913e-01
269 0 +1.502897400e+01 +5.044897400e+01 +5.044897400e+01 +7.2866e-01 +1.2095e-01 +3.2746e-01 -5.7742e-01 +5.1314e-02 -1.8334e-01 -8.1015e-02 -8.6746e-01 -3.4394e-01 -4.3088e-01
303 0 +1.445692048e+01 +4.987692048e+01 +4.987692048e+01 +7.1537e-01 +1.6236e-01 +3.3606e-01 -6.6337e-01 +4.9337e-02 -1.8220e-01 -5.3087e-02 -8.6854e-01 -2.3121e-01 -3.8736e-01
326 0 +1.434611948e+01 +4.976611948e+01 +4.976611948e+01 +7.9111e-01 +1.4535e-01 +3.2549e-01 -6.3569e-01 +6.1163e-02 -1.8053e-01 -1.7646e-02 -8.5368e-01 -2.4961e-01 -3.8140e-01
378 0 +1.410861969e+01 +4.952861969e+01 +4.952861969e+01 +7.7437e-01 +1.5676e-01 +3.4693e-01 -6.7685e-01 +2.8811e-02 -1.4971e-01 -3.4133e-02 -8.1759e-01 -1.9332e-01 -3.6015e-01
466 0 +1.373669393e+01 +4.915669393e+01 +4.915669393e+01 +7.9774e-01 +1.6668e-01 +3.5027e-01 -6.5580e-01 +1.2413e-02 -1.0487e-01 +4.2898e-02 -8.5528e-01 -2.0185e-01 -3.8463e-01
735 0 +1.348635894e+01 +4.890635894e+01 +4.890635894e+01 +8.3534e-01 +1.5637e-01 +3.5160e-01 -6.7570e-01 -3.7708e-02 -6.0461e-02 +7.5246e-02 -8.4358e-01 -1.7673e-01 -3.8792e-01
957 0 +1.317676924e+01 +4.859676924e+01 +4.859676924e+01 +9.6674e-01 +1.7143e-01 +3.2964e-01 -7.6954e-01 -1.4936e-01 -2.0943e-02 +1.1139e-01 -8.4308e-01 -6.5074e-02 -4.2577e-01
1000 0 +1.316412968e+01 +4.858412968e+01 +4.858412968e+01 +9.4379e-01 +1.6959e-01 +3.2838e-01 -7.6645e-01 -1.4430e-01 -1.1520e-02 +1.0706e-01 -8.3873e-01 -7.4078e-02 -4.2286e-01
