% f evaluations | g evaluations | best noise-free fitness - Fopt (-6.211100000000e+02) + sum g_i+ | measured fitness | best measured fitness or single-digit g-values | x1 | x2...
1 0 +3.704618950e+07 +3.704556839e+07 +3.704556839e+07 +2.0078e-02 +1.5286e-01 +2.3107e-01 +4.6060e-01 -5.2751e-02
2 0 +2.952567439e+07 +2.952505328e+07 +2.952505328e+07 -2.8913e-01 +1.7535e-02 +3.5315e-01 -4.7770e-01 +3.7791e-01
6 0 +2.941930528e+07 +2.941868417e+07 +2.941868417e+07 -1.1517e-01 -7.5699e-02 -2.8973e-01 -3.8171e-01 -2.3837e-01
9 0 +2.930511529e+07 +2.930449418e+07 +2.930449418e+07 +4.0575e-01 +9.8980e-02 +1.3495e-01 -3.9943e-01 -3.1658e-01
16 0 +2.474716552e+07 +2.474654441e+07 +2.474654441e+07 -1.7800e-01 +3.8088e-01 +3.1652e-01 -6.7177e-01 +1.6851e-01
23 0 +2.229036029e+07 +2.228973918e+07 +2.228973918e+07 -1.2348e-01 +3.7654e-01 +3.3793e-01 -9.9058e-01 -3.0887e-01
27 0 +1.776789399e+07 +1.776727288e+07 +1.776727288e+07 -1.7033e-01 +7.4650e-01 +6.6056e-01 -1.3573e+00 -8.0459e-02
34 0 +9.189802587e+06 +9.189181477e+06 +9.189181477e+06 -8.8969e-01 +1.3038e+00 +1.0934e+00 -2.5024e+00 -2.8609e-01
43 0 +7.449973956e+06 +7.449352846e+06 +7.449352846e+06 -1.5123e+00 +1.8617e+00 +6.1014e-01 -2.3037e+00 -4.0093e-01
54 0 +6.146825575e+06 +6.146204465e+06 +6.146204465e+06 -1.1305e+00 +2.0688e+00 +8.8239e-01 -2.3865e+00 -4.0224e-01
65 0 +3.983370263e+06 +3.982749153e+06 +3.982749153e+06 -1.0503e+00 +2.4729e+00 +1.0436e+00 -4.8135e+00 -1.0242e+00
68 0 +2.078154525e+06 +2.077533415e+06 +2.077533415e+06 -1.5843e+00 +4.0789e+00 +7.6015e-01 -3.0994e+00 -1.1005e+00
74 0 +7.505010047e+05 +7.498798947e+05 +7.498798947e+05 -3.4158e-01 +4.2491e+00 +1.2848e+00 -4.4923e+00 +6.6728e-01
76 0 +5.213073412e+05 +5.206862312e+05 +5.206862312e+05 -7.0872e-01 +3.4229e+00 +2.5552e+00 -3.9998e+00 +1.2702e-01
89 0 +2.814750204e+05 +2.808539104e+05 +2.808539104e+05 -1.1246e+00 +3.8066e+00 +1.4331e+00 -3.8537e+00 +4.4371e-01
107 0 +1.296694841e+05 +1.290483741e+05 +1.290483741e+05 -1.0815e+00 +3.7274e+00 +2.0535e-01 -3.5855e+00 -4.7296e-01
166 0 +1.029667136e+05 +1.023456036e+05 +1.023456036e+05 -1.0196e+00 +4.1236e+00 +9.2608e-01 -3.8717e+00 -5.4531e-02
170 0 +5.797371511e+04 +5.735260511e+04 +5.735260511e+04 -9.3383e-01 +3.9632e+00 +1.3329e+00 -4.1289e+00 -6.7734e-02
171 0 +3.343404380e+04 +3.281293380e+04 +3.281293380e+04 -8.6294e-01 +3.8472e+00 +8.8416e-01 -3.9006e+00 -3.3377e-01
173 0 +2.802535403e+04 +2.740424403e+04 +2.740424403e+04 -9.5063e-01 +3.8288e+00 +9.4591e-01 -4.1114e+00 -2.0423e-01
187 0 +2.183641816e+04 +2.121530816e+04 +2.121530816e+04 -8.6360e-01 +3.9774e+00 +8.7934e-01 -4.1084e+00 -1.1722e-01
191 0 +1.490811508e+04 +1.428700508e+04 +1.428700508e+04 -8.4159e-01 +3.8175e+00 +7.4103e-01 -3.8691e+00 -2.3013e-01
206 0 +8.178127247e+03 +7.557017247e+03 +7.557017247e+03 -8.8974e-01 +3.8986e+00 +9.7316e-01 -3.9946e+00 -1.3114e-01
218 0 +7.706273268e+03 +7.085163268e+03 +7.085163268e+03 -8.7759e-01 +3.8762e+00 +9.0258e-01 -3.9288e+00 -1.2062e-01
219 0 +3.410366296e+03 +2.789256296e+03 +2.789256296e+03 -8.3141e-01 +3.8473e+00 +9.2152e-01 -4.0480e+00 -1.1932e-01
225 0 +2.036034073e+03 +1.414924073e+03 +1.414924073e+03 -8.5334e-01 +3.8816e+00 +9.0152e-01 -3.9944e+00 -1.0325e-01
230 0 +1.032582554e+03 +4.114725544e+02 +4.114725544e+02 -8.6554e-01 +3.8797e+00 +8.9521e-01 -4.0215e+00 -1.0215e-01
235 0 +9.314790770e+02 +3.103690770e+02 +3.103690770e+02 -8.4226e-01 +3.8740e+00 +9.0999e-01 -4.0280e+00 -8.4248e-02
243 0 +7.403146202e+02 +1.192046202e+02 +1.192046202e+02 -8.4381e-01 +3.8636e+00 +8.8291e-01 -4.0347e+00 -1.0265e-01
244 0 +6.740816497e+02 +5.297164972e+01 +5.297164972e+01 -8.5489e-01 +3.8771e+00 +8.8956e-01 -4.0186e+00 -6.7812e-02
252 0 +6.006695535e+02 -2.044044652e+01 -2.044044652e+01 -8.5569e-01 +3.8601e+00 +9.0325e-01 -4.0118e+00 -9.0590e-02
257 0 +4.479543795e+02 -1.731556205e+02 -1.731556205e+02 -8.7621e-01 +3.8576e+00 +8.9388e-01 -4.0235e+00 -6.9208e-02
266 0 +3.532811388e+02 -2.678288612e+02 -2.678288612e+02 -8.6901e-01 +3.8579e+00 +8.6925e-01 -4.0237e+00 -6.9733e-02
273 0 +2.548751009e+02 -3.662348991e+02 -3.662348991e+02 -8.6951e-01 +3.8592e+00 +8.7203e-01 -4.0372e+00 -7.6856e-02
277 0 +1.614937464e+02 -4.596162536e+02 -4.596162536e+02 -8.6754e-01 +3.8627e+00 +8.7564e-01 -4.0338e+00 -7.7323e-02
278 0 +1.171857747e+01 -6.093914225e+02 -6.093914225e+02 -8.5869e-01 +3.8582e+00 +8.7320e-01 -4.0245e+00 -8.8766e-02
314 0 +8.452969117e+00 -6.126570309e+02 -6.126570309e+02 -8.5792e-01 +3.8600e+00 +8.7227e-01 -4.0241e+00 -8.7377e-02
329 0 +2.372085840e+00 -6.187379142e+02 -6.187379142e+02 -8.5891e-01 +3.8600e+00 +8.6932e-01 -4.0243e+00 -8.7914e-02
332 0 +8.783393700e-01 -6.202316606e+02 -6.202316606e+02 -8.5954e-01 +3.8591e+00 +8.7151e-01 -4.0252e+00 -8.6155e-02
365 0 +6.980834235e-01 -6.204119166e+02 -6.204119166e+02 -8.5982e-01 +3.8592e+00 +8.7046e-01 -4.0250e+00 -8.6841e-02
400 0 +6.888968016e-01 -6.204211032e+02 -6.204211032e+02 -8.5989e-01 +3.8591e+00 +8.6981e-01 -4.0251e+00 -8.7396e-02
402 0 +6.748213486e-01 -6.204351787e+02 -6.204351787e+02 -8.6003e-01 +3.8591e+00 +8.6953e-01 -4.0248e+00 -8.7455e-02
403 0 +6.500683194e-01 -6.204599317e+02 -6.204599317e+02 -8.5994e-01 +3.8591e+00 +8.6960e-01 -4.0250e+00 -8.7335e-02
420 0 +6.398475238e-01 -6.204701525e+02 -6.204701525e+02 -8.5988e-01 +3.8591e+00 +8.6964e-01 -4.0248e+00 -8.7349e-02
504 0 +6.340100479e-01 -6.204759900e+02 -6.204759900e+02 -8.5984e-01 +3.8591e+00 +8.6967e-01 -4.0249e+00 -8.7311e-02
% f evaluations | g evaluations | best noise-free fitness - Fopt (-2.548200000000e+02) + sum g_i+ | measured fitness | best measured fitness or single-digit g-values | x1 | x2...
1 0 +1.547842766e+08 +1.547840218e+08 +1.547840218e+08 +3.0340e-01 +3.0514e-01 +1.6044e-01 -5.4449e-02 +3.2213e-01
3 0 +9.596203341e+07 +9.596177859e+07 +9.596177859e+07 -8.4019e-02 +8.4603e-01 -2.0919e-01 -4.7920e-02 -3.2431e-01
6 0 +9.578522955e+07 +9.578497473e+07 +9.578497473e+07 -2.9970e-02 -4.0293e-02 -1.8319e-02 -3.0388e-01 -7.1812e-01
9 0 +6.287007678e+07 +6.286982196e+07 +6.286982196e+07 -1.6698e-01 +4.2620e-01 -2.5623e-01 -2.4343e-01 -1.2167e+00
20 0 +3.824144090e+07 +3.824118608e+07 +3.824118608e+07 -2.5076e-01 +1.4007e+00 -4.9873e-01 -7.0979e-01 -1.3403e+00
28 0 +3.450957381e+07 +3.450931899e+07 +3.450931899e+07 +3.0051e-01 +8.8150e-01 -4.8512e-01 -4.7502e-01 -1.5286e+00
30 0 +2.770688686e+07 +2.770663204e+07 +2.770663204e+07 -2.6269e-01 +1.5837e+00 -1.5450e+00 -1.1014e+00 -1.6527e+00
31 0 +1.754744099e+07 +1.754718617e+07 +1.754718617e+07 +5.3810e-01 +1.3779e+00 -3.9612e-01 -6.5403e-01 -2.1344e+00
34 0 +1.521899057e+07 +1.521873575e+07 +1.521873575e+07 +6.8720e-01 +1.9415e+00 -1.9141e+00 -7.4128e-01 -2.1283e+00
37 0 +1.496780368e+07 +1.496754886e+07 +1.496754886e+07 +8.8141e-01 +1.5123e+00 -2.3213e+00 -1.4087e+00 -3.7257e+00
42 0 +6.799005265e+06 +6.798750445e+06 +6.798750445e+06 +1.8933e+00 +1.3885e+00 -1.1828e+00 -8.7892e-01 -3.9901e+00
58 0 +6.627873144e+06 +6.627618324e+06 +6.627618324e+06 +1.9997e+00 +3.7047e+00 -2.0329e+00 +6.0034e-01 -4.4057e+00
68 0 +6.451864800e+06 +6.451609980e+06 +6.451609980e+06 +2.7696e+00 +9.6013e-01 -4.1250e-01 +1.5920e-01 -3.1479e+00
70 0 +3.784144945e+06 +3.783890125e+06 +3.783890125e+06 +2.5359e+00 +3.7932e+00 -1.5136e+00 +1.8772e-01 -4.3539e+00
78 0 +2.779845147e+06 +2.779590327e+06 +2.779590327e+06 +2.9474e+00 +4.0884e+00 +2.2399e-01 +5.1925e-01 -2.0698e+00
89 0 +2.507782203e+06 +2.507527383e+06 +2.507527383e+06 +1.3801e+00 +3.0582e+00 -3.8642e-01 -5.8255e-01 -5.1504e+00
98 0 +1.618374939e+06 +1.618120119e+06 +1.618120119e+06 +3.2819e+00 +4.1886e+00 -2.1082e-02 -8.7718e-01 -4.3155e+00
99 0 +3.351842195e+05 +3.349293995e+05 +3.349293995e+05 +2.4955e+00 +2.9203e+00 +5.8816e-02 +5.7907e-01 -4.2701e+00
134 0 +2.499490176e+05 +2.496941976e+05 +2.496941976e+05 +3.0426e+00 +3.1819e+00 +2.8101e-01 +3.9932e-02 -4.4297e+00
139 0 +2.443429910e+05 +2.440881710e+05 +2.440881710e+05 +3.0966e+00 +3.0766e+00 +4.9886e-01 +1.3413e-01 -3.7793e+00
148 0 +1.113669618e+05 +1.111121418e+05 +1.111121418e+05 +2.4868e+00 +3.2640e+00 +5.0987e-01 -1.2775e-01 -4.4358e+00
160 0 +2.324279555e+04 +2.298797555e+04 +2.298797555e+04 +2.7835e+00 +3.2340e+00 +2.3841e-01 -2.7498e-01 -3.9476e+00
187 0 +2.245242031e+04 +2.219760031e+04 +2.219760031e+04 +2.5556e+00 +3.3015e+00 +3.2912e-01 +2.1482e-02 -4.1979e+00
194 0 +1.161106567e+04 +1.135624567e+04 +1.135624567e+04 +2.6661e+00 +3.2899e+00 +3.4187e-01 +2.1115e-03 -4.0461e+00
196 0 +2.499158616e+03 +2.244338616e+03 +2.244338616e+03 +2.6292e+00 +3.1814e+00 +3.0508e-01 -3.1923e-02 -4.1717e+00
207 0 +1.980530191e+03 +1.725710191e+03 +1.725710191e+03 +2.6809e+00 +3.1789e+00 +3.2068e-01 +2.3352e-02 -4.1118e+00
225 0 +1.803103839e+03 +1.548283839e+03 +1.548283839e+03 +2.6186e+00 +3.2028e+00 +3.1251e-01 +3.5417e-02 -4.1760e+00
231 0 +1.391171492e+03 +1.136351492e+03 +1.136351492e+03 +2.6125e+00 +3.2027e+00 +3.2259e-01 -6.3899e-03 -4.1363e+00
233 0 +9.478121097e+02 +6.929921097e+02 +6.929921097e+02 +2.6213e+00 +3.1745e+00 +3.3582e-01 +1.8666e-03 -4.1193e+00
248 0 +3.271861024e+02 +7.236610239e+01 +7.236610239e+01 +2.6487e+00 +3.1939e+00 +3.0449e-01 -1.5851e-02 -4.1274e+00
268 0 +1.149158964e+02 -1.399041036e+02 -1.399041036e+02 +2.6472e+00 +3.1730e+00 +3.1681e-01 +5.3034e-03 -4.1367e+00
292 0 +4.211833211e+01 -2.127016679e+02 -2.127016679e+02 +2.6378e+00 +3.1727e+00 +3.1910e-01 +1.7409e-03 -4.1443e+00
307 0 +3.180887345e+01 -2.230111265e+02 -2.230111265e+02 +2.6451e+00 +3.1796e+00 +3.1744e-01 +3.6850e-04 -4.1382e+00
309 0 +2.470108776e+01 -2.301189122e+02 -2.301189122e+02 +2.6404e+00 +3.1744e+00 +3.1925e-01 +2.4242e-03 -4.1397e+00
313 0 +1.865210528e+01 -2.361678947e+02 -2.361678947e+02 +2.6391e+00 +3.1777e+00 +3.1814e-01 +4.9960e-04 -4.1406e+00
320 0 +1.337980746e+01 -2.414401925e+02 -2.414401925e+02 +2.6405e+00 +3.1788e+00 +3.2128e-01 +4.7244e-03 -4.1390e+00
324 0 +1.243316044e+01 -2.423868396e+02 -2.423868396e+02 +2.6409e+00 +3.1786e+00 +3.2212e-01 +3.6299e-03 -4.1391e+00
329 0 +1.077680945e+01 -2.440431906e+02 -2.440431906e+02 +2.6376e+00 +3.1789e+00 +3.1976e-01 +3.0494e-03 -4.1421e+00
338 0 +8.548973146e+00 -2.462710269e+02 -2.462710269e+02 +2.6377e+00 +3.1784e+00 +3.2221e-01 +4.7580e-03 -4.1407e+00
349 0 +7.791436581e+00 -2.470285634e+02 -2.470285634e+02 +2.6372e+00 +3.1777e+00 +3.2163e-01 +4.8542e-03 -4.1403e+00
350 0 +7.708944561e+00 -2.471110554e+02 -2.471110554e+02 +2.6393e+00 +3.1771e+00 +3.2171e-01 +2.6399e-03 -4.1388e+00
354 0 +7.321158777e+00 -2.474988412e+02 -2.474988412e+02 +2.6398e+00 +3.1786e+00 +3.2117e-01 +2.9998e-03 -4.1400e+00
355 0 +6.179644077e+00 -2.486403559e+02 -2.486403559e+02 +2.6385e+00 +3.1783e+00 +3.2111e-01 +3.6062e-03 -4.1408e+00
362 0 +5.611215038e+00 -2.492087850e+02 -2.492087850e+02 +2.6383e+00 +3.1781e+00 +3.2084e-01 +3.2904e-03 -4.1396e+00
378 0 +5.419362233e+00 -2.494006378e+02 -2.494006378e+02 +2.6384e+00 +3.1779e+00 +3.2103e-01 +3.0361e-03 -4.1397e+00
412 0 +5.358916344e+00 -2.494610837e+02 -2.494610837e+02 +2.6380e+00 +3.1778e+00 +3.2112e-01 +3.2521e-03 -4.1405e+00
504 0 +5.357159409e+00 -2.494628406e+02 -2.494628406e+02 +2.6381e+00 +3.1777e+00 +3.2109e-01 +3.2237e-03 -4.1404e+00
% f evaluations | g evaluations | best noise-free fitness - Fopt (5.661000000000e+01) + sum g_i+ | measured fitness | best measured fitness or single-digit g-values | x1 | x2...
1 0 +1.994063134e+08 +1.994063700e+08 +1.994063700e+08 +3.1129e-01 +7.8709e-02 +6.4700e-02 +2.9127e-01 +3.5300e-01
2 0 +1.572712786e+08 +1.572713352e+08 +1.572713352e+08 +6.2659e-01 -6.9062e-01 -2.8685e-01 -1.3488e-01 +5.2357e-01
4 0 +1.223914470e+08 +1.223915036e+08 +1.223915036e+08 +1.6252e-01 -4.3179e-01 +7.1811e-01 -2.5206e-01 -3.3838e-01
9 0 +1.064323529e+08 +1.064324095e+08 +1.064324095e+08 -3.2627e-01 -3.7324e-01 +1.0137e-01 +1.4158e-01 -8.8360e-02
13 0 +1.006302821e+08 +1.006303387e+08 +1.006303387e+08 +5.6721e-01 -7.3004e-01 +4.3721e-01 +2.9057e-01 -2.1966e-01
18 0 +9.436902133e+07 +9.436907794e+07 +9.436907794e+07 +2.2075e-01 -8.1215e-01 +9.3287e-01 +7.5953e-02 -2.1589e-01
20 0 +8.596968272e+07 +8.596973933e+07 +8.596973933e+07 +1.1079e+00 -1.0611e+00 +4.0912e-01 +6.6795e-01 -2.5022e-01
21 0 +6.961561668e+07 +6.961567329e+07 +6.961567329e+07 +9.6493e-02 -1.0889e+00 +3.7276e-01 +1.2527e-01 -3.7904e-01
26 0 +5.091549752e+07 +5.091555413e+07 +5.091555413e+07 +4.4960e-01 -1.2330e+00 +2.2782e-01 +8.6487e-01 -8.5945e-01
30 0 +4.329272030e+07 +4.329277691e+07 +4.329277691e+07 +4.5318e-01 -1.9142e+00 +5.9058e-01 +8.9050e-01 -4.6902e-01
33 0 +3.525825229e+07 +3.525830890e+07 +3.525830890e+07 -3.3200e-02 -2.7362e+00 +9.8779e-01 +5.3792e-01 -2.9924e-01
38 0 +3.443069830e+07 +3.443075491e+07 +3.443075491e+07 +1.2391e+00 -2.7406e+00 +4.6199e-01 +1.4297e+00 -1.3379e+00
48 0 +3.369390364e+07 +3.369396025e+07 +3.369396025e+07 +1.0026e+00 -2.9303e+00 +2.7285e-01 +2.6159e-01 -1.0486e+00
54 0 +2.921150823e+07 +2.921156484e+07 +2.921156484e+07 +6.6661e-01 -5.2530e+00 +1.0584e+00 +8.6116e-01 -1.1776e+00
61 0 +1.741422781e+07 +1.741428442e+07 +1.741428442e+07 +9.5561e-01 -6.2674e+00 -7.2824e-01 +2.0530e+00 -2.1669e+00
63 0 +1.438090091e+07 +1.438095752e+07 +1.438095752e+07 -1.0273e-01 -4.4145e+00 -4.8302e-01 +1.8114e+00 -4.2485e-01
66 0 +1.203460202e+07 +1.203465863e+07 +1.203465863e+07 -3.6401e-02 -8.0218e+00 -1.1339e+00 +5.7134e-01 -9.0156e-01
69 0 +1.084150320e+07 +1.084155981e+07 +1.084155981e+07 -1.6036e-01 -6.3491e+00 -1.1147e+00 +3.3071e-01 +1.6814e-01
74 0 +3.976797365e+06 +3.976853975e+06 +3.976853975e+06 -1.0973e+00 -5.7655e+00 -3.1054e+00 +2.1656e-01 -1.8501e-02
125 0 +3.604777355e+06 +3.604833965e+06 +3.604833965e+06 -7.0370e-01 -8.9542e+00 -2.0724e+00 +2.0057e+00 +1.0377e+00
134 0 +1.582929678e+06 +1.582986288e+06 +1.582986288e+06 -7.4152e-01 -6.8645e+00 -2.5545e+00 +2.7550e+00 +1.0408e+00
137 0 +1.508942181e+06 +1.508998791e+06 +1.508998791e+06 -1.0206e+00 -7.6298e+00 -2.4581e+00 +2.6044e+00 +8.6591e-01
148 0 +9.049049105e+05 +9.049615205e+05 +9.049615205e+05 -5.3130e-02 -7.8993e+00 -2.9495e+00 +1.9027e+00 +6.4930e-01
149 0 +4.433353992e+05 +4.433920092e+05 +4.433920092e+05 -1.3837e+00 -7.4681e+00 -3.4503e+00 +2.6907e+00 +4.8742e-01
154 0 +3.795809783e+05 +3.796375883e+05 +3.796375883e+05 -1.0006e+00 -8.2158e+00 -3.1711e+00 +2.7764e+00 +8.9147e-01
164 0 +3.133582753e+05 +3.134148853e+05 +3.134148853e+05 -8.7526e-01 -8.0364e+00 -3.1272e+00 +2.3949e+00 +8.8644e-01
166 0 +1.136773172e+05 +1.137339272e+05 +1.137339272e+05 -7.5348e-01 -8.1625e+00 -3.2794e+00 +2.6272e+00 +9.2373e-01
167 0 +7.431963514e+04 +7.437624514e+04 +7.437624514e+04 -7.7824e-01 -7.5226e+00 -3.1435e+00 +2.3990e+00 +3.7723e-01
182 0 +4.633051962e+04 +4.638712962e+04 +4.638712962e+04 -7.0889e-01 -7.4995e+00 -3.2008e+00 +2.3371e+00 +4.1294e-01
203 0 +7.635316163e+03 +7.691926163e+03 +7.691926163e+03 -8.7779e-01 -7.5192e+00 -3.3056e+00 +2.4160e+00 +5.2078e-01
210 0 +2.899802932e+03 +2.956412932e+03 +2.956412932e+03 -8.7343e-01 -7.3608e+00 -3.3085e+00 +2.3304e+00 +4.8303e-01
253 0 +4.455638791e+02 +5.021738791e+02 +5.021738791e+02 -8.3538e-01 -7.4595e+00 -3.3100e+00 +2.3526e+00 +5.1315e-01
293 0 +2.848209854e+02 +3.414309854e+02 +3.414309854e+02 -8.3925e-01 -7.4606e+00 -3.3096e+00 +2.3518e+00 +5.0856e-01
298 0 +1.931118460e+02 +2.497218460e+02 +2.497218460e+02 -8.3075e-01 -7.4740e+00 -3.3021e+00 +2.3530e+00 +5.0249e-01
305 0 +1.814160754e+02 +2.380260754e+02 +2.380260754e+02 -8.3815e-01 -7.4648e+00 -3.3102e+00 +2.3501e+00 +5.0742e-01
307 0 +8.834822667e+01 +1.449582267e+02 +1.449582267e+02 -8.2994e-01 -7.4741e+00 -3.3078e+00 +2.3466e+00 +5.0453e-01
312 0 +8.336634205e+01 +1.399763421e+02 +1.399763421e+02 -8.3283e-01 -7.4711e+00 -3.3130e+00 +2.3469e+00 +5.0253e-01
334 0 +6.170706396e+01 +1.183170640e+02 +1.183170640e+02 -8.3080e-01 -7.4815e+00 -3.3112e+00 +2.3483e+00 +5.0592e-01
338 0 +6.006620290e+01 +1.166762029e+02 +1.166762029e+02 -8.3016e-01 -7.4851e+00 -3.3103e+00 +2.3504e+00 +5.0639e-01
350 0 +5.725313715e+01 +1.138631371e+02 +1.138631371e+02 -8.2943e-01 -7.4834e+00 -3.3075e+00 +2.3503e+00 +5.0678e-01
376 0 +5.510759451e+01 +1.117175945e+02 +1.117175945e+02 -8.3092e-01 -7.4820e+00 -3.3085e+00 +2.3513e+00 +5.0636e-01
396 0 +5.444140423e+01 +1.110514042e+02 +1.110514042e+02 -8.2908e-01 -7.4837e+00 -3.3080e+00 +2.3505e+00 +5.0578e-01
399 0 +5.345703006e+01 +1.100670301e+02 +1.100670301e+02 -8.2984e-01 -7.4813e+00 -3.3086e+00 +2.3507e+00 +5.0614e-01
414 0 +5.243845812e+01 +1.090484581e+02 +1.090484581e+02 -8.2987e-01 -7.4819e+00 -3.3089e+00 +2.3506e+00 +5.0601e-01
504 0 +5.200090615e+01 +1.086109062e+02 +1.086109062e+02 -8.2989e-01 -7.4822e+00 -3.3089e+00 +2.3502e+00 +5.0606e-01
% f evaluations | g evaluations | best noise-free fitness - Fopt (-1.810000000000e+01) + sum g_i+ | measured fitness | best measured fitness or single-digit g-values | x1 | x2...
1 0 +7.756877914e+07 +7.756876104e+07 +7.756876104e+07 +7.3991e-01 -4.1757e-01 +6.1584e-02 -8.4753e-02 +7.6117e-03
2 0 +4.229232137e+07 +4.229230327e+07 +4.229230327e+07 +6.2253e-01 +2.6381e-01 +4.5147e-01 +1.5578e-01 -2.4417e-01
9 0 +3.159900818e+07 +3.159899008e+07 +3.159899008e+07 +4.5512e-01 +1.8179e-01 +7.9222e-01 +3.5964e-01 -6.0420e-02
20 0 +2.459593921e+07 +2.459592111e+07 +2.459592111e+07 -1.7252e-01 +3.0718e-01 +8.7103e-01 +5.1530e-01 -1.5131e-01
25 0 +2.148216118e+07 +2.148214308e+07 +2.148214308e+07 +4.4647e-01 +6.7960e-01 +1.0508e+00 +9.7168e-01 -8.2922e-01
28 0 +1.583781867e+07 +1.583780057e+07 +1.583780057e+07 -7.2074e-02 +6.8178e-01 +1.2661e+00 +9.8947e-01 -2.7872e-01
33 0 +1.385065660e+07 +1.385063850e+07 +1.385063850e+07 -1.0026e+00 +3.3333e-01 +1.3926e+00 +1.7365e+00 -5.6925e-01
40 0 +1.192367294e+07 +1.192365484e+07 +1.192365484e+07 -6.6246e-02 +7.0833e-01 +2.8380e+00 +8.0776e-01 -7.1659e-01
42 0 +1.160993488e+07 +1.160991678e+07 +1.160991678e+07 +8.0758e-02 +7.1556e-01 +2.4581e+00 +8.9328e-01 -4.3067e-01
44 0 +1.009856643e+07 +1.009854833e+07 +1.009854833e+07 +3.7317e-01 +4.0250e-01 +3.7444e+00 +1.5642e+00 -7.7827e-01
45 0 +6.955120416e+06 +6.955102316e+06 +6.955102316e+06 -5.6467e-01 +6.9797e-01 +1.9764e+00 +1.8880e+00 +3.0643e-02
46 0 +4.057768421e+06 +4.057750321e+06 +4.057750321e+06 -6.7577e-01 +9.3146e-01 +3.2387e+00 +2.6983e+00 -1.1796e-01
55 0 +3.791803134e+06 +3.791785034e+06 +3.791785034e+06 -1.0019e+00 +5.8328e-01 +3.5022e+00 +1.8475e+00 +4.4417e-02
62 0 +2.505960629e+06 +2.505942529e+06 +2.505942529e+06 -8.7887e-02 +1.0794e-01 +4.1539e+00 +2.9746e+00 +8.8847e-01
76 0 +6.848669905e+05 +6.848488905e+05 +6.848488905e+05 -1.1195e+00 +1.0862e+00 +3.4136e+00 +2.2169e+00 +1.4293e+00
79 0 +5.001065610e+05 +5.000884610e+05 +5.000884610e+05 -3.6453e-01 +5.7496e-01 +3.1311e+00 +3.4413e+00 +2.7392e+00
101 0 +2.386885586e+05 +2.386704586e+05 +2.386704586e+05 -1.0056e+00 +9.7675e-01 +4.0637e+00 +3.2325e+00 +1.7215e+00
148 0 +1.202132962e+05 +1.201951962e+05 +1.201951962e+05 -1.4648e+00 +6.8593e-01 +4.2458e+00 +2.5303e+00 +1.7984e+00
155 0 +9.994135155e+04 +9.992325155e+04 +9.992325155e+04 -1.1710e+00 +8.3071e-01 +4.4334e+00 +2.7142e+00 +1.7005e+00
163 0 +5.668521573e+04 +5.666711573e+04 +5.666711573e+04 -1.2739e+00 +7.9427e-01 +4.3183e+00 +2.6627e+00 +1.6251e+00
164 0 +5.420722824e+04 +5.418912824e+04 +5.418912824e+04 -1.4801e+00 +8.6251e-01 +4.4383e+00 +2.4859e+00 +1.5013e+00
168 0 +4.456159902e+04 +4.454349902e+04 +4.454349902e+04 -1.2594e+00 +7.4089e-01 +4.0364e+00 +2.6693e+00 +1.7271e+00
175 0 +3.453325136e+04 +3.451515136e+04 +3.451515136e+04 -1.1506e+00 +1.1220e+00 +3.9158e+00 +2.6554e+00 +1.7286e+00
178 0 +2.639353454e+04 +2.637543454e+04 +2.637543454e+04 -1.1072e+00 +9.6550e-01 +4.0652e+00 +2.6120e+00 +1.6121e+00
198 0 +7.243728056e+03 +7.225628056e+03 +7.225628056e+03 -1.2300e+00 +9.2008e-01 +4.1236e+00 +2.5796e+00 +1.6724e+00
212 0 +4.681425507e+02 +4.500425507e+02 +4.500425507e+02 -1.1832e+00 +9.6423e-01 +4.0293e+00 +2.6641e+00 +1.7414e+00
220 0 +1.739802602e+02 +1.558802602e+02 +1.558802602e+02 -1.1391e+00 +9.5175e-01 +3.9368e+00 +2.7537e+00 +1.7807e+00
286 0 +7.997337904e+01 +6.187337904e+01 +6.187337904e+01 -1.1786e+00 +9.5907e-01 +4.0046e+00 +2.7017e+00 +1.7581e+00
291 0 +4.112865240e+01 +2.302865240e+01 +2.302865240e+01 -1.1880e+00 +9.5982e-01 +4.0149e+00 +2.6989e+00 +1.7445e+00
298 0 +2.436985725e+01 +6.269857247e+00 +6.269857247e+00 -1.1840e+00 +9.6059e-01 +4.0147e+00 +2.6988e+00 +1.7470e+00
309 0 +1.069221107e+01 -7.407788927e+00 -7.407788927e+00 -1.1812e+00 +9.6176e-01 +4.0012e+00 +2.7016e+00 +1.7472e+00
314 0 +7.701874183e+00 -1.039812582e+01 -1.039812582e+01 -1.1787e+00 +9.6150e-01 +4.0051e+00 +2.6998e+00 +1.7485e+00
328 0 +7.163998734e+00 -1.093600127e+01 -1.093600127e+01 -1.1775e+00 +9.6105e-01 +4.0002e+00 +2.7035e+00 +1.7522e+00
347 0 +6.868640634e+00 -1.123135937e+01 -1.123135937e+01 -1.1785e+00 +9.6206e-01 +4.0030e+00 +2.7008e+00 +1.7478e+00
353 0 +3.308087338e+00 -1.479191266e+01 -1.479191266e+01 -1.1808e+00 +9.6119e-01 +4.0038e+00 +2.7013e+00 +1.7482e+00
361 0 +2.781043724e+00 -1.531895628e+01 -1.531895628e+01 -1.1804e+00 +9.6086e-01 +4.0037e+00 +2.7016e+00 +1.7492e+00
377 0 +2.609305624e+00 -1.549069438e+01 -1.549069438e+01 -1.1807e+00 +9.6137e-01 +4.0041e+00 +2.7012e+00 +1.7494e+00
387 0 +2.496378889e+00 -1.560362111e+01 -1.560362111e+01 -1.1801e+00 +9.6146e-01 +4.0035e+00 +2.7015e+00 +1.7495e+00
396 0 +2.402908908e+00 -1.569709109e+01 -1.569709109e+01 -1.1802e+00 +9.6157e-01 +4.0033e+00 +2.7011e+00 +1.7488e+00
405 0 +2.317914824e+00 -1.578208518e+01 -1.578208518e+01 -1.1800e+00 +9.6150e-01 +4.0033e+00 +2.7014e+00 +1.7490e+00
482 0 +2.290364880e+00 -1.580963512e+01 -1.580963512e+01 -1.1802e+00 +9.6152e-01 +4.0034e+00 +2.7013e+00 +1.7491e+00
504 0 +2.290348255e+00 -1.580965175e+01 -1.580965175e+01 -1.1802e+00 +9.6151e-01 +4.0034e+00 +2.7013e+00 +1.7491e+00
% f evaluations | g evaluations | best noise-free fitness - Fopt (3.777000000000e+01) + sum g_i+ | measured fitness | best measured fitness or single-digit g-values | x1 | x2...
1 0 +6.757333404e+06 +6.757371174e+06 +6.757371174e+06 -8.6970e-02 +1.7411e-01 -3.4332e-01 +1.3728e-01 -3.1906e-01
2 0 +5.619662206e+06 +5.619699976e+06 +5.619699976e+06 +5.5477e-02 -3.2033e-02 -1.0092e-01 -4.0839e-02 +4.3473e-01
3 0 +5.407823343e+06 +5.407861113e+06 +5.407861113e+06 -7.3694e-02 -1.3183e-01 +3.4893e-01 -3.2463e-01 +5.8113e-02
7 0 +5.071905342e+06 +5.071943112e+06 +5.071943112e+06 -7.6435e-01 +3.4911e-01 +8.4693e-02 -4.1765e-02 -3.4550e-01
11 0 +3.304181158e+06 +3.304218928e+06 +3.304218928e+06 -2.9630e-01 +3.5316e-01 +2.9741e-01 -4.8014e-01 +3.8988e-01
21 0 +2.893319510e+06 +2.893357280e+06 +2.893357280e+06 -5.6842e-01 +4.4579e-01 +3.8646e-01 -8.2016e-01 +6.5856e-01
24 0 +2.295403582e+06 +2.295441352e+06 +2.295441352e+06 -1.1319e+00 +7.2000e-01 +8.9341e-01 -2.6266e-01 +1.5718e-01
29 0 +1.760284415e+06 +1.760322185e+06 +1.760322185e+06 -9.3511e-01 +1.6476e+00 +9.0004e-01 -8.0946e-01 -2.5976e-01
33 0 +5.030339348e+05 +5.030717048e+05 +5.030717048e+05 -3.6939e-01 +1.2076e+00 +1.2971e+00 -9.6548e-01 +6.8267e-01
54 0 +3.405868623e+05 +3.406246323e+05 +3.406246323e+05 -1.3444e-01 +1.3262e+00 +1.3161e+00 -1.0245e+00 +5.8463e-01
62 0 +1.813086477e+05 +1.813464177e+05 +1.813464177e+05 -6.0456e-01 +2.2520e+00 +1.1583e+00 +8.0237e-02 +8.5012e-01
84 0 +1.169512843e+05 +1.169890543e+05 +1.169890543e+05 -6.1135e-01 +2.1744e+00 +1.2538e+00 -2.5798e-01 +8.3508e-01
85 0 +4.663821165e+04 +4.667598165e+04 +4.667598165e+04 -7.3772e-01 +1.9507e+00 +1.0280e+00 -3.7470e-01 +1.0152e+00
130 0 +3.834405821e+04 +3.838182821e+04 +3.838182821e+04 -3.6396e-01 +1.8994e+00 +1.2037e+00 -2.1331e-01 +8.7269e-01
145 0 +3.155132820e+04 +3.158909820e+04 +3.158909820e+04 -4.7336e-01 +1.8519e+00 +1.2468e+00 -2.2448e-01 +9.4632e-01
147 0 +2.919659694e+04 +2.923436694e+04 +2.923436694e+04 -4.3726e-01 +1.9651e+00 +1.2750e+00 -2.7221e-01 +1.0295e+00
152 0 +1.291369239e+04 +1.295146239e+04 +1.295146239e+04 -5.1339e-01 +2.0121e+00 +1.1850e+00 -3.7269e-01 +9.5661e-01
154 0 +6.354716168e+03 +6.392486168e+03 +6.392486168e+03 -3.9185e-01 +1.9287e+00 +1.2257e+00 -3.7966e-01 +9.7562e-01
157 0 +4.607661616e+03 +4.645431616e+03 +4.645431616e+03 -4.9671e-01 +1.9539e+00 +1.1564e+00 -3.2519e-01 +9.0409e-01
166 0 +3.813296493e+03 +3.851066493e+03 +3.851066493e+03 -3.7684e-01 +1.8875e+00 +1.1924e+00 -3.8454e-01 +9.2277e-01
168 0 +2.525389780e+03 +2.563159780e+03 +2.563159780e+03 -4.4479e-01 +1.9615e+00 +1.1749e+00 -3.6278e-01 +9.3876e-01
183 0 +6.072701001e+02 +6.450401001e+02 +6.450401001e+02 -4.4028e-01 +1.9222e+00 +1.1867e+00 -4.1827e-01 +9.3193e-01
196 0 +5.648707812e+02 +6.026407812e+02 +6.026407812e+02 -4.3874e-01 +1.9138e+00 +1.2036e+00 -4.1517e-01 +9.2689e-01
204 0 +3.328668433e+02 +3.706368433e+02 +3.706368433e+02 -4.3455e-01 +1.9162e+00 +1.1952e+00 -4.3649e-01 +8.9793e-01
214 0 +3.286793994e+02 +3.664493994e+02 +3.664493994e+02 -4.4246e-01 +1.9190e+00 +1.1695e+00 -4.1061e-01 +9.3028e-01
217 0 +1.370967599e+02 +1.748667599e+02 +1.748667599e+02 -4.3014e-01 +1.9058e+00 +1.1825e+00 -4.0635e-01 +9.2385e-01
242 0 +7.632186740e+01 +1.140918674e+02 +1.140918674e+02 -4.2592e-01 +1.9113e+00 +1.1909e+00 -4.2889e-01 +9.0751e-01
255 0 +6.671266301e+01 +1.044826630e+02 +1.044826630e+02 -4.1649e-01 +1.9096e+00 +1.1932e+00 -4.2284e-01 +9.0496e-01
258 0 +4.515569769e+01 +8.292569769e+01 +8.292569769e+01 -4.2437e-01 +1.9030e+00 +1.1940e+00 -4.2728e-01 +9.0648e-01
269 0 +1.933826276e+01 +5.710826276e+01 +5.710826276e+01 -4.2482e-01 +1.9056e+00 +1.1945e+00 -4.2703e-01 +9.0386e-01
271 0 +1.180988197e+01 +4.957988197e+01 +4.957988197e+01 -4.2534e-01 +1.9069e+00 +1.1955e+00 -4.2577e-01 +9.0250e-01
276 0 +1.012005265e+01 +4.789005265e+01 +4.789005265e+01 -4.2658e-01 +1.9063e+00 +1.1964e+00 -4.2304e-01 +9.0445e-01
279 0 +2.694602276e+00 +4.046460228e+01 +4.046460228e+01 -4.2399e-01 +1.9072e+00 +1.1976e+00 -4.2447e-01 +9.0454e-01
433 0 +2.689915827e+00 +4.045991583e+01 +4.045991583e+01 -4.2269e-01 +1.9072e+00 +1.1976e+00 -4.2576e-01 +9.0453e-01
449 0 +2.589981631e+00 +4.035998163e+01 +4.035998163e+01 -4.2267e-01 +1.9072e+00 +1.1976e+00 -4.2573e-01 +9.0447e-01
474 0 +2.569977770e+00 +4.033997777e+01 +4.033997777e+01 -4.2265e-01 +1.9072e+00 +1.1977e+00 -4.2575e-01 +9.0445e-01
504 0 +2.548757468e+00 +4.031875747e+01 +4.031875747e+01 -4.2265e-01 +1.9072e+00 +1.1977e+00 -4.2573e-01 +9.0445e-01
% f evaluations | g evaluations | best noise-free fitness - Fopt (-6.325500000000e+02) + sum g_i+ | measured fitness | best measured fitness or single-digit g-values | x1 | x2...
1 0 +1.004055741e+07 +1.003992486e+07 +1.003992486e+07 -4.5441e-01 -7.8760e-02 +9.5850e-02 -1.6241e-01 +5.4894e-02
2 0 +5.290363447e+06 +5.289730897e+06 +5.289730897e+06 -7.8748e-02 +1.2053e-01 +4.6494e-01 +5.7754e-01 -2.0688e-01
11 0 +5.037170013e+06 +5.036537463e+06 +5.036537463e+06 +4.5628e-02 +1.9693e-01 +6.9440e-01 +2.2569e-01 -3.3134e-01
14 0 +4.742974212e+06 +4.742341662e+06 +4.742341662e+06 -2.6376e-02 +1.8865e-01 +5.7744e-01 +7.0708e-01 -1.1858e-01
18 0 +4.032909978e+06 +4.032277428e+06 +4.032277428e+06 -3.2907e-01 -2.5996e-01 +9.9413e-01 +9.4928e-01 -1.0773e-02
20 0 +3.460402862e+06 +3.459770312e+06 +3.459770312e+06 -4.5279e-01 +8.3270e-01 +1.2708e+00 +7.0301e-01 -1.2593e-01
26 0 +2.707900563e+06 +2.707268013e+06 +2.707268013e+06 -5.5700e-01 +5.8530e-01 +1.8197e+00 +8.0182e-01 -9.9250e-02
35 0 +1.296395712e+06 +1.295763162e+06 +1.295763162e+06 +3.8463e-01 +2.8791e-01 +1.8493e+00 +8.4867e-01 -3.2371e-01
49 0 +7.189913329e+05 +7.183587829e+05 +7.183587829e+05 -1.9267e-01 +4.8412e-01 +2.1119e+00 +1.2127e+00 -6.2768e-01
59 0 +1.880132389e+05 +1.873806889e+05 +1.873806889e+05 +7.3634e-02 +4.0571e-01 +2.4811e+00 +1.7140e+00 -1.5302e+00
66 0 +8.824395255e+04 +8.761140255e+04 +8.761140255e+04 +5.5315e-01 +4.7595e-01 +1.9616e+00 +1.5271e+00 -1.0590e+00
131 0 +5.243194206e+04 +5.179939206e+04 +5.179939206e+04 +1.0014e-02 +2.7917e-01 +1.9499e+00 +2.1004e+00 -1.3479e+00
138 0 +5.086635167e+04 +5.023380167e+04 +5.023380167e+04 -1.4252e-01 +3.0186e-01 +2.1786e+00 +1.9728e+00 -1.4975e+00
147 0 +3.511514002e+04 +3.448259002e+04 +3.448259002e+04 -2.6793e-01 +3.2834e-01 +1.9693e+00 +1.9421e+00 -1.1796e+00
151 0 +2.971209541e+04 +2.907954541e+04 +2.907954541e+04 -2.8855e-01 +3.5576e-01 +2.1595e+00 +1.9568e+00 -1.3815e+00
160 0 +2.123348793e+04 +2.060093793e+04 +2.060093793e+04 -1.8097e-01 +2.1761e-01 +1.9524e+00 +1.9362e+00 -1.2717e+00
166 0 +8.802189245e+03 +8.169639245e+03 +8.169639245e+03 -1.9320e-01 +2.7727e-01 +2.1189e+00 +1.9883e+00 -1.3861e+00
167 0 +8.343110986e+03 +7.710560986e+03 +7.710560986e+03 -2.3390e-01 +2.8045e-01 +2.0624e+00 +2.0050e+00 -1.2330e+00
168 0 +4.934643018e+03 +4.302093018e+03 +4.302093018e+03 -3.2720e-01 +2.2570e-01 +2.0859e+00 +2.0972e+00 -1.3507e+00
196 0 +3.140485788e+03 +2.507935788e+03 +2.507935788e+03 -2.8138e-01 +2.3827e-01 +1.9898e+00 +2.0178e+00 -1.3375e+00
204 0 +2.807724299e+03 +2.175174299e+03 +2.175174299e+03 -2.7462e-01 +2.4629e-01 +2.0755e+00 +2.0698e+00 -1.3602e+00
209 0 +1.004026959e+03 +3.714769593e+02 +3.714769593e+02 -2.6370e-01 +2.7766e-01 +2.0310e+00 +2.0118e+00 -1.3361e+00
229 0 +8.256031426e+02 +1.930531426e+02 +1.930531426e+02 -2.7934e-01 +2.7525e-01 +2.0503e+00 +2.0387e+00 -1.3407e+00
235 0 +3.140677219e+02 -3.184822781e+02 -3.184822781e+02 -2.6006e-01 +2.5536e-01 +2.0249e+00 +2.0302e+00 -1.3250e+00
245 0 +8.468327250e+01 -5.478667275e+02 -5.478667275e+02 -2.6005e-01 +2.6391e-01 +2.0322e+00 +2.0390e+00 -1.3311e+00
260 0 +4.475439303e+01 -5.877956070e+02 -5.877956070e+02 -2.6886e-01 +2.5675e-01 +2.0419e+00 +2.0426e+00 -1.3319e+00
261 0 +4.301596828e+01 -5.895340317e+02 -5.895340317e+02 -2.5483e-01 +2.6016e-01 +2.0346e+00 +2.0399e+00 -1.3330e+00
292 0 +3.528145920e+01 -5.972685408e+02 -5.972685408e+02 -2.5682e-01 +2.5987e-01 +2.0343e+00 +2.0400e+00 -1.3327e+00
297 0 +1.234715623e+01 -6.202028438e+02 -6.202028438e+02 -2.5724e-01 +2.6066e-01 +2.0399e+00 +2.0390e+00 -1.3311e+00
320 0 +8.897221289e+00 -6.236527787e+02 -6.236527787e+02 -2.5858e-01 +2.5980e-01 +2.0391e+00 +2.0392e+00 -1.3310e+00
321 0 +6.612686401e+00 -6.259373136e+02 -6.259373136e+02 -2.5796e-01 +2.5953e-01 +2.0391e+00 +2.0392e+00 -1.3324e+00
322 0 +6.134179160e+00 -6.264158208e+02 -6.264158208e+02 -2.6016e-01 +2.5877e-01 +2.0398e+00 +2.0395e+00 -1.3319e+00
329 0 +5.480004449e+00 -6.270699956e+02 -6.270699956e+02 -2.5941e-01 +2.5835e-01 +2.0399e+00 +2.0395e+00 -1.3325e+00
330 0 +5.062206219e+00 -6.274877938e+02 -6.274877938e+02 -2.6033e-01 +2.5815e-01 +2.0402e+00 +2.0385e+00 -1.3319e+00
332 0 +4.243178871e+00 -6.283068211e+02 -6.283068211e+02 -2.5884e-01 +2.5889e-01 +2.0394e+00 +2.0386e+00 -1.3334e+00
333 0 +2.056955981e+00 -6.304930440e+02 -6.304930440e+02 -2.5829e-01 +2.5816e-01 +2.0391e+00 +2.0379e+00 -1.3315e+00
335 0 +1.865487486e+00 -6.306845125e+02 -6.306845125e+02 -2.5995e-01 +2.5847e-01 +2.0387e+00 +2.0380e+00 -1.3322e+00
339 0 +1.484981610e+00 -6.310650184e+02 -6.310650184e+02 -2.5867e-01 +2.5765e-01 +2.0392e+00 +2.0377e+00 -1.3322e+00
346 0 +1.228173457e+00 -6.313218265e+02 -6.313218265e+02 -2.5889e-01 +2.5794e-01 +2.0389e+00 +2.0380e+00 -1.3324e+00
379 0 +1.174752815e+00 -6.313752472e+02 -6.313752472e+02 -2.5878e-01 +2.5785e-01 +2.0389e+00 +2.0376e+00 -1.3325e+00
394 0 +1.128340301e+00 -6.314216597e+02 -6.314216597e+02 -2.5872e-01 +2.5796e-01 +2.0388e+00 +2.0377e+00 -1.3324e+00
405 0 +1.119149601e+00 -6.314308504e+02 -6.314308504e+02 -2.5897e-01 +2.5795e-01 +2.0388e+00 +2.0376e+00 -1.3324e+00
504 0 +1.097722703e+00 -6.314522773e+02 -6.314522773e+02 -2.5888e-01 +2.5804e-01 +2.0388e+00 +2.0376e+00 -1.3324e+00
% f evaluations | g evaluations | best noise-free fitness - Fopt (-8.530000000000e+01) + sum g_i+ | measured fitness | best measured fitness or single-digit g-values | x1 | x2...
1 0 +1.104895398e+07 +1.104886868e+07 +1.104886868e+07 +2.0792e-01 +1.0778e-01 +1.4577e-01 +3.3166e-02 +2.1071e-01
3 0 +9.205093983e+06 +9.205008683e+06 +9.205008683e+06 -1.9665e-01 -4.1518e-02 +5.6278e-02 +4.3845e-01 -1.2023e-01
5 0 +5.133872922e+06 +5.133787622e+06 +5.133787622e+06 +6.4628e-02 -3.0035e-01 +6.5611e-01 -1.3451e-01 -1.0308e-01
9 0 +4.381517350e+06 +4.381432050e+06 +4.381432050e+06 -4.1279e-01 -3.9014e-01 +6.9367e-01 +4.2050e-01 +8.1142e-02
17 0 +3.725294154e+06 +3.725208854e+06 +3.725208854e+06 -6.3837e-01 -4.1277e-01 +8.0650e-01 +2.9463e-01 +2.3708e-02
18 0 +2.298590425e+06 +2.298505125e+06 +2.298505125e+06 -9.7979e-01 -3.7911e-01 +1.1456e+00 +9.6004e-02 +2.0092e-01
26 0 +1.176610375e+06 +1.176525075e+06 +1.176525075e+06 -1.3888e+00 -2.6934e-01 +1.3652e+00 -8.5472e-01 +2.8338e-01
31 0 +1.067454396e+06 +1.067369096e+06 +1.067369096e+06 -7.8369e-01 -3.8254e-01 +1.5897e+00 -6.4032e-01 +6.4858e-02
35 0 +2.780709842e+05 +2.779856842e+05 +2.779856842e+05 -1.1665e+00 -1.2060e-01 +2.0975e+00 -1.0005e+00 +2.3753e-01
76 0 +2.750348370e+05 +2.749495370e+05 +2.749495370e+05 -1.0446e+00 -8.8199e-02 +2.1030e+00 -5.5698e-01 +1.7790e-01
89 0 +2.051671855e+05 +2.050818855e+05 +2.050818855e+05 -1.0961e+00 -2.9247e-02 +2.0180e+00 -1.0029e+00 +1.0718e+00
97 0 +9.147696590e+04 +9.139166590e+04 +9.139166590e+04 -8.1759e-01 -2.1439e-01 +2.3608e+00 -7.7682e-01 +3.9013e-01
112 0 +8.727232399e+03 +8.641932399e+03 +8.641932399e+03 -1.1067e+00 +3.9486e-02 +2.4408e+00 -8.0392e-01 +7.3480e-01
145 0 +8.098920114e+03 +8.013620114e+03 +8.013620114e+03 -1.0838e+00 -1.5909e-01 +2.4860e+00 -7.6575e-01 +6.4831e-01
161 0 +3.019762582e+03 +2.934462582e+03 +2.934462582e+03 -1.0604e+00 -6.2624e-02 +2.4244e+00 -7.2213e-01 +6.9754e-01
184 0 +2.052400190e+03 +1.967100190e+03 +1.967100190e+03 -1.0759e+00 -8.1571e-02 +2.4715e+00 -7.2147e-01 +6.1587e-01
187 0 +1.937601960e+03 +1.852301960e+03 +1.852301960e+03 -9.7609e-01 -9.3918e-02 +2.4265e+00 -7.0153e-01 +6.2356e-01
190 0 +1.202586134e+03 +1.117286134e+03 +1.117286134e+03 -9.9102e-01 -7.7366e-02 +2.4245e+00 -7.0681e-01 +6.1416e-01
195 0 +5.421096800e+02 +4.568096800e+02 +4.568096800e+02 -1.0551e+00 -9.1080e-02 +2.4502e+00 -7.0257e-01 +6.2181e-01
204 0 +2.890546771e+02 +2.037546771e+02 +2.037546771e+02 -1.0364e+00 -7.4965e-02 +2.4234e+00 -7.0365e-01 +6.1157e-01
214 0 +1.835075085e+02 +9.820750853e+01 +9.820750853e+01 -1.0459e+00 -7.5697e-02 +2.4118e+00 -7.2826e-01 +6.3744e-01
224 0 +1.433237923e+02 +5.802379234e+01 +5.802379234e+01 -1.0461e+00 -7.4402e-02 +2.4413e+00 -7.2294e-01 +6.3003e-01
232 0 +8.341448572e+01 -1.885514279e+00 -1.885514279e+00 -1.0403e+00 -8.8419e-02 +2.4386e+00 -7.1678e-01 +6.3002e-01
245 0 +7.563577511e+01 -9.664224887e+00 -9.664224887e+00 -1.0475e+00 -7.6025e-02 +2.4347e+00 -7.1966e-01 +6.3209e-01
249 0 +4.746079139e+01 -3.783920861e+01 -3.783920861e+01 -1.0387e+00 -7.0001e-02 +2.4299e+00 -7.2551e-01 +6.3242e-01
260 0 +1.379144447e+01 -7.150855553e+01 -7.150855553e+01 -1.0432e+00 -7.0205e-02 +2.4271e+00 -7.3008e-01 +6.2772e-01
265 0 +1.240503772e+01 -7.289496228e+01 -7.289496228e+01 -1.0433e+00 -7.1051e-02 +2.4275e+00 -7.2987e-01 +6.3097e-01
269 0 +3.855981540e+00 -8.144401846e+01 -8.144401846e+01 -1.0426e+00 -7.1557e-02 +2.4269e+00 -7.2664e-01 +6.2852e-01
297 0 +1.373032528e+00 -8.392696747e+01 -8.392696747e+01 -1.0456e+00 -7.1741e-02 +2.4275e+00 -7.2680e-01 +6.2986e-01
305 0 +5.418731387e-01 -8.475812686e+01 -8.475812686e+01 -1.0442e+00 -7.2148e-02 +2.4265e+00 -7.2585e-01 +6.2877e-01
321 0 +4.406855872e-01 -8.485931441e+01 -8.485931441e+01 -1.0451e+00 -7.2522e-02 +2.4273e+00 -7.2681e-01 +6.2919e-01
327 0 +4.112397585e-01 -8.488876024e+01 -8.488876024e+01 -1.0446e+00 -7.2762e-02 +2.4271e+00 -7.2623e-01 +6.2955e-01
337 0 +2.830635288e-01 -8.501693647e+01 -8.501693647e+01 -1.0449e+00 -7.2679e-02 +2.4272e+00 -7.2620e-01 +6.2884e-01
346 0 +2.797066534e-01 -8.502029335e+01 -8.502029335e+01 -1.0442e+00 -7.3135e-02 +2.4269e+00 -7.2591e-01 +6.2884e-01
347 0 +2.415669573e-01 -8.505843304e+01 -8.505843304e+01 -1.0448e+00 -7.2556e-02 +2.4270e+00 -7.2616e-01 +6.2930e-01
353 0 +2.155015658e-01 -8.508449843e+01 -8.508449843e+01 -1.0446e+00 -7.2815e-02 +2.4271e+00 -7.2616e-01 +6.2913e-01
356 0 +2.114732751e-01 -8.508852672e+01 -8.508852672e+01 -1.0445e+00 -7.2811e-02 +2.4270e+00 -7.2601e-01 +6.2920e-01
360 0 +1.944500926e-01 -8.510554991e+01 -8.510554991e+01 -1.0444e+00 -7.2509e-02 +2.4269e+00 -7.2624e-01 +6.2916e-01
361 0 +1.717213373e-01 -8.512827866e+01 -8.512827866e+01 -1.0446e+00 -7.2586e-02 +2.4270e+00 -7.2613e-01 +6.2910e-01
373 0 +1.665340950e-01 -8.513346591e+01 -8.513346591e+01 -1.0446e+00 -7.2530e-02 +2.4269e+00 -7.2626e-01 +6.2916e-01
380 0 +1.628221229e-01 -8.513717788e+01 -8.513717788e+01 -1.0447e+00 -7.2561e-02 +2.4269e+00 -7.2627e-01 +6.2910e-01
382 0 +1.612736310e-01 -8.513872637e+01 -8.513872637e+01 -1.0446e+00 -7.2566e-02 +2.4269e+00 -7.2626e-01 +6.2908e-01
403 0 +1.579629311e-01 -8.514203707e+01 -8.514203707e+01 -1.0447e+00 -7.2474e-02 +2.4269e+00 -7.2630e-01 +6.2908e-01
504 0 +1.575572222e-01 -8.514244278e+01 -8.514244278e+01 -1.0447e+00 -7.2500e-02 +2.4269e+00 -7.2627e-01 +6.2905e-01
% f evaluations | g evaluations | best noise-free fitness - Fopt (1.719500000000e+02) + sum g_i+ | measured fitness | best measured fitness or single-digit g-values | x1 | x2...
1 0 +2.164430997e+07 +2.164448192e+07 +2.164448192e+07 -1.0994e-02 +3.4739e-01 +1.0096e-02 -8.2160e-02 +1.9716e-01
4 0 +2.070395013e+07 +2.070412208e+07 +2.070412208e+07 -1.8417e-01 +4.8467e-01 -4.9619e-01 +4.1566e-02 -5.0480e-02
8 0 +2.005422850e+07 +2.005440045e+07 +2.005440045e+07 +5.8160e-02 +4.0953e-01 -7.8776e-02 -2.7393e-01 +1.1890e-01
10 0 +1.651095613e+07 +1.651112808e+07 +1.651112808e+07 +5.2186e-01 +9.2339e-01 -1.1566e-01 -3.4873e-01 +1.1384e-01
13 0 +1.435229301e+07 +1.435246496e+07 +1.435246496e+07 -1.1198e-02 +7.3256e-01 -4.8282e-01 -8.1442e-01 +2.3217e-01
25 0 +1.114979020e+07 +1.114996215e+07 +1.114996215e+07 +4.8881e-01 +1.2145e+00 -1.2256e+00 -4.4778e-01 +1.0822e+00
27 0 +1.096981716e+07 +1.096998911e+07 +1.096998911e+07 +8.3677e-01 +1.6651e+00 -5.8209e-01 -6.0990e-01 -1.7425e-01
28 0 +1.082557622e+07 +1.082574817e+07 +1.082574817e+07 +1.6676e-01 +9.9733e-01 -1.4897e+00 -8.1875e-01 +5.9420e-01
34 0 +9.193662252e+06 +9.193834202e+06 +9.193834202e+06 +3.3942e-01 +1.1985e+00 -1.3918e+00 -1.1871e+00 +5.3354e-02
38 0 +7.945205248e+06 +7.945377198e+06 +7.945377198e+06 +3.9742e-01 +1.2583e+00 -1.8064e+00 -1.5076e+00 +1.4497e-01
42 0 +3.671506371e+06 +3.671678321e+06 +3.671678321e+06 +4.8687e-01 +2.1377e+00 -1.9199e+00 -2.1339e+00 -1.0295e-01
50 0 +2.412471248e+06 +2.412643198e+06 +2.412643198e+06 +8.5432e-01 +2.7990e+00 -1.2095e+00 -1.5815e+00 +1.3620e+00
78 0 +1.706301726e+06 +1.706473676e+06 +1.706473676e+06 +7.9211e-01 +3.6188e+00 -1.2259e+00 -1.6117e+00 +7.2669e-01
79 0 +1.211240399e+06 +1.211412349e+06 +1.211412349e+06 +2.0351e+00 +3.3107e+00 -1.6356e+00 -2.5439e+00 +1.3827e+00
86 0 +1.024316070e+06 +1.024488020e+06 +1.024488020e+06 +2.7897e+00 +3.2312e+00 -1.7622e+00 -3.3400e+00 +4.3090e-01
98 0 +4.684941473e+05 +4.686660973e+05 +4.686660973e+05 +2.4116e+00 +3.6340e+00 -2.2216e+00 -2.0175e+00 +4.1051e-01
123 0 +4.185775951e+05 +4.187495451e+05 +4.187495451e+05 +2.6983e+00 +3.2878e+00 -1.9668e+00 -2.2129e+00 +6.6107e-01
129 0 +4.106908427e+04 +4.124103427e+04 +4.124103427e+04 +1.9218e+00 +3.5961e+00 -2.0756e+00 -2.5178e+00 +4.2037e-01
161 0 +3.172846503e+04 +3.190041503e+04 +3.190041503e+04 +2.1217e+00 +3.5155e+00 -2.0655e+00 -2.5741e+00 +5.4027e-01
172 0 +2.436255278e+04 +2.453450278e+04 +2.453450278e+04 +2.1717e+00 +3.6429e+00 -2.2542e+00 -2.7288e+00 +4.8634e-01
179 0 +2.372472977e+04 +2.389667977e+04 +2.389667977e+04 +2.1831e+00 +3.6193e+00 -2.1468e+00 -2.6206e+00 +5.2847e-01
182 0 +1.856481646e+04 +1.873676646e+04 +1.873676646e+04 +2.1658e+00 +3.5862e+00 -2.1896e+00 -2.6577e+00 +5.4120e-01
188 0 +1.458385708e+04 +1.475580708e+04 +1.475580708e+04 +2.1640e+00 +3.6075e+00 -2.1806e+00 -2.6605e+00 +5.1737e-01
189 0 +1.203910616e+04 +1.221105616e+04 +1.221105616e+04 +2.2053e+00 +3.5745e+00 -2.1595e+00 -2.6469e+00 +5.0030e-01
191 0 +8.046393940e+03 +8.218343940e+03 +8.218343940e+03 +2.1851e+00 +3.4924e+00 -2.1760e+00 -2.6881e+00 +4.7224e-01
193 0 +7.045890260e+03 +7.217840260e+03 +7.217840260e+03 +2.1587e+00 +3.5885e+00 -2.1083e+00 -2.6938e+00 +4.6058e-01
203 0 +1.753320916e+03 +1.925270916e+03 +1.925270916e+03 +2.1601e+00 +3.5710e+00 -2.1551e+00 -2.7043e+00 +4.2876e-01
217 0 +1.079027516e+03 +1.250977516e+03 +1.250977516e+03 +2.1106e+00 +3.5599e+00 -2.1310e+00 -2.6701e+00 +4.3121e-01
225 0 +5.861767958e+02 +7.581267958e+02 +7.581267958e+02 +2.1109e+00 +3.5350e+00 -2.1435e+00 -2.6875e+00 +4.3242e-01
255 0 +5.579707004e+02 +7.299207004e+02 +7.299207004e+02 +2.1440e+00 +3.5353e+00 -2.1452e+00 -2.6900e+00 +4.1785e-01
257 0 +3.018869806e+02 +4.738369806e+02 +4.738369806e+02 +2.1379e+00 +3.5476e+00 -2.1501e+00 -2.6824e+00 +4.2749e-01
262 0 +2.034676837e+02 +3.754176837e+02 +3.754176837e+02 +2.1318e+00 +3.5426e+00 -2.1489e+00 -2.6783e+00 +4.1937e-01
274 0 +1.786210862e+02 +3.505710862e+02 +3.505710862e+02 +2.1301e+00 +3.5382e+00 -2.1526e+00 -2.6826e+00 +4.2527e-01
275 0 +1.518282367e+02 +3.237782367e+02 +3.237782367e+02 +2.1325e+00 +3.5457e+00 -2.1540e+00 -2.6761e+00 +4.2524e-01
285 0 +1.264195879e+02 +2.983695879e+02 +2.983695879e+02 +2.1299e+00 +3.5415e+00 -2.1515e+00 -2.6792e+00 +4.1958e-01
288 0 +1.203894400e+02 +2.923394400e+02 +2.923394400e+02 +2.1280e+00 +3.5443e+00 -2.1606e+00 -2.6725e+00 +4.2595e-01
289 0 +5.640500292e+01 +2.283550029e+02 +2.283550029e+02 +2.1285e+00 +3.5429e+00 -2.1639e+00 -2.6760e+00 +4.2484e-01
297 0 +5.342389444e+01 +2.253738944e+02 +2.253738944e+02 +2.1271e+00 +3.5447e+00 -2.1596e+00 -2.6754e+00 +4.1995e-01
303 0 +1.987938938e+01 +1.918293894e+02 +1.918293894e+02 +2.1289e+00 +3.5419e+00 -2.1601e+00 -2.6786e+00 +4.2182e-01
313 0 +1.248333475e+01 +1.844333348e+02 +1.844333348e+02 +2.1286e+00 +3.5414e+00 -2.1600e+00 -2.6809e+00 +4.1926e-01
317 0 +1.047454652e+01 +1.824245465e+02 +1.824245465e+02 +2.1271e+00 +3.5423e+00 -2.1606e+00 -2.6817e+00 +4.2153e-01
328 0 +7.442362758e+00 +1.793923628e+02 +1.793923628e+02 +2.1268e+00 +3.5438e+00 -2.1595e+00 -2.6810e+00 +4.2058e-01
329 0 +3.928901284e+00 +1.758789013e+02 +1.758789013e+02 +2.1269e+00 +3.5428e+00 -2.1617e+00 -2.6804e+00 +4.2055e-01
350 0 +3.664996507e+00 +1.756149965e+02 +1.756149965e+02 +2.1262e+00 +3.5436e+00 -2.1608e+00 -2.6808e+00 +4.2120e-01
358 0 +3.580019943e+00 +1.755300199e+02 +1.755300199e+02 +2.1270e+00 +3.5439e+00 -2.1615e+00 -2.6809e+00 +4.2128e-01
361 0 +3.015041142e+00 +1.749650411e+02 +1.749650411e+02 +2.1270e+00 +3.5439e+00 -2.1613e+00 -2.6810e+00 +4.2077e-01
369 0 +2.817832099e+00 +1.747678321e+02 +1.747678321e+02 +2.1270e+00 +3.5437e+00 -2.1615e+00 -2.6807e+00 +4.2065e-01
386 0 +2.743110619e+00 +1.746931106e+02 +1.746931106e+02 +2.1269e+00 +3.5438e+00 -2.1616e+00 -2.6808e+00 +4.2070e-01
390 0 +2.685577389e+00 +1.746355774e+02 +1.746355774e+02 +2.1271e+00 +3.5439e+00 -2.1619e+00 -2.6807e+00 +4.2041e-01
396 0 +2.628572021e+00 +1.745785720e+02 +1.745785720e+02 +2.1269e+00 +3.5437e+00 -2.1617e+00 -2.6808e+00 +4.2039e-01
504 0 +2.576176293e+00 +1.745261763e+02 +1.745261763e+02 +2.1270e+00 +3.5438e+00 -2.1617e+00 -2.6809e+00 +4.2030e-01
% f evaluations | g evaluations | best noise-free fitness - Fopt (6.816000000000e+01) + sum g_i+ | measured fitness | best measured fitness or single-digit g-values | x1 | x2...
1 0 +3.651967348e+08 +3.651968030e+08 +3.651968030e+08 +3.3374e-02 +3.8613e-01 +3.9994e-01 -4.5007e-01 -4.1440e-01
2 0 +2.718660694e+08 +2.718661376e+08 +2.718661376e+08 +5.3262e-02 -4.3054e-01 -6.2479e-02 +1.4715e-01 +3.8021e-03
4 0 +2.372900382e+08 +2.372901064e+08 +2.372901064e+08 -3.1510e-01 +2.0977e-01 +1.6251e-01 -1.5242e-01 +8.5025e-01
11 0 +2.218689317e+08 +2.218689999e+08 +2.218689999e+08 -3.5486e-01 -8.3908e-02 -6.0948e-02 +2.3415e-01 +7.4752e-01
14 0 +1.572729827e+08 +1.572730509e+08 +1.572730509e+08 +3.2893e-01 +2.4133e-02 +7.7002e-01 +1.8590e-01 +5.5114e-01
19 0 +1.550219324e+08 +1.550220005e+08 +1.550220005e+08 +1.9434e-01 +3.6292e-02 +3.0459e-01 +1.8833e-01 +1.0494e+00
22 0 +1.478979126e+08 +1.478979807e+08 +1.478979807e+08 +1.2508e-01 -1.4609e-01 +8.4900e-01 +3.4400e-01 +6.0971e-01
26 0 +9.545131989e+07 +9.545138805e+07 +9.545138805e+07 +3.7673e-01 -6.7480e-01 +1.1969e+00 +6.2100e-01 +1.0033e+00
28 0 +9.278003715e+07 +9.278010531e+07 +9.278010531e+07 +5.5641e-01 -5.2168e-01 +7.8588e-01 +3.0344e-01 +1.6447e+00
30 0 +8.187941836e+07 +8.187948652e+07 +8.187948652e+07 +2.7530e-01 +1.7594e-01 +1.5463e+00 +5.7383e-01 +1.1520e+00
37 0 +8.002326482e+07 +8.002333298e+07 +8.002333298e+07 +8.3018e-01 +3.2352e-02 +1.6841e+00 -3.4669e-02 +1.5298e+00
42 0 +7.532811245e+07 +7.532818061e+07 +7.532818061e+07 +7.6535e-01 -2.3900e-01 +1.4486e+00 +5.1076e-01 +1.2161e+00
43 0 +5.442216836e+07 +5.442223652e+07 +5.442223652e+07 +7.4000e-01 +2.5782e-02 +1.6934e+00 +3.5017e-01 +2.0440e+00
47 0 +1.694956119e+07 +1.694962935e+07 +1.694962935e+07 +1.6956e+00 +2.7407e-01 +2.9666e+00 +1.5050e+00 +2.4850e+00
57 0 +1.484218624e+07 +1.484225440e+07 +1.484225440e+07 +2.8451e+00 +4.8940e-02 +1.9675e+00 +1.5622e+00 +2.9981e+00
66 0 +1.401465399e+07 +1.401472215e+07 +1.401472215e+07 +3.5048e+00 +7.6701e-01 +1.7264e+00 +1.5409e+00 +1.9520e+00
67 0 +6.545647991e+06 +6.545716151e+06 +6.545716151e+06 +3.0743e+00 +6.8076e-01 +2.3776e+00 +3.5832e+00 +2.2536e+00
98 0 +5.176121339e+06 +5.176189499e+06 +5.176189499e+06 +3.0775e+00 +1.3406e+00 +2.6500e+00 +3.1396e+00 +1.9504e+00
99 0 +2.201523218e+06 +2.201591378e+06 +2.201591378e+06 +3.1567e+00 +2.9702e+00 +3.0989e+00 +3.7304e+00 +2.1332e+00
107 0 +1.241909089e+06 +1.241977249e+06 +1.241977249e+06 +1.6350e+00 +3.1496e+00 +2.2342e+00 +3.7891e+00 +2.7158e+00
118 0 +4.857289835e+05 +4.857971435e+05 +4.857971435e+05 +3.2377e+00 +2.9021e+00 +2.2438e+00 +4.3284e+00 +1.6922e+00
139 0 +5.434090001e+04 +5.440906001e+04 +5.440906001e+04 +2.6457e+00 +3.1433e+00 +1.7652e+00 +3.5749e+00 +3.2764e+00
177 0 +1.962784042e+04 +1.969600042e+04 +1.969600042e+04 +2.3989e+00 +3.1370e+00 +1.7826e+00 +3.5460e+00 +3.5956e+00
186 0 +1.536281482e+04 +1.543097482e+04 +1.543097482e+04 +2.2786e+00 +2.9963e+00 +1.7592e+00 +3.5804e+00 +3.6747e+00
191 0 +6.189000997e+03 +6.257160997e+03 +6.257160997e+03 +2.4766e+00 +3.1371e+00 +1.8391e+00 +3.7815e+00 +3.4091e+00
209 0 +3.705849977e+03 +3.774009977e+03 +3.774009977e+03 +2.3149e+00 +3.0861e+00 +1.8330e+00 +3.6825e+00 +3.5899e+00
238 0 +3.530600982e+03 +3.598760982e+03 +3.598760982e+03 +2.2881e+00 +3.0886e+00 +1.7556e+00 +3.6563e+00 +3.5814e+00
242 0 +2.844582930e+03 +2.912742930e+03 +2.912742930e+03 +2.3289e+00 +3.0894e+00 +1.7610e+00 +3.6610e+00 +3.5400e+00
246 0 +1.263529529e+03 +1.331689529e+03 +1.331689529e+03 +2.3341e+00 +3.0930e+00 +1.8024e+00 +3.7009e+00 +3.5815e+00
250 0 +9.332961632e+02 +1.001456163e+03 +1.001456163e+03 +2.3633e+00 +3.1123e+00 +1.7930e+00 +3.7164e+00 +3.5845e+00
259 0 +1.569725675e+02 +2.251325675e+02 +2.251325675e+02 +2.3398e+00 +3.1083e+00 +1.7932e+00 +3.6833e+00 +3.6094e+00
275 0 +1.353122487e+02 +2.034722487e+02 +2.034722487e+02 +2.3395e+00 +3.1111e+00 +1.7780e+00 +3.6785e+00 +3.5954e+00
281 0 +2.678736295e+01 +9.494736295e+01 +9.494736295e+01 +2.3316e+00 +3.1057e+00 +1.7862e+00 +3.6689e+00 +3.6116e+00
285 0 +8.085996275e+00 +7.624599627e+01 +7.624599627e+01 +2.3342e+00 +3.1032e+00 +1.7849e+00 +3.6728e+00 +3.6183e+00
341 0 +6.925529627e+00 +7.508552963e+01 +7.508552963e+01 +2.3385e+00 +3.1037e+00 +1.7865e+00 +3.6737e+00 +3.6116e+00
342 0 +3.815164748e+00 +7.197516475e+01 +7.197516475e+01 +2.3352e+00 +3.1022e+00 +1.7835e+00 +3.6716e+00 +3.6125e+00
343 0 +3.026651681e+00 +7.118665168e+01 +7.118665168e+01 +2.3358e+00 +3.1042e+00 +1.7837e+00 +3.6724e+00 +3.6102e+00
351 0 +6.999953926e-01 +6.885999539e+01 +6.885999539e+01 +2.3354e+00 +3.1035e+00 +1.7848e+00 +3.6719e+00 +3.6138e+00
378 0 +6.682120278e-01 +6.882821203e+01 +6.882821203e+01 +2.3362e+00 +3.1041e+00 +1.7842e+00 +3.6719e+00 +3.6118e+00
391 0 +6.506731450e-01 +6.881067314e+01 +6.881067314e+01 +2.3359e+00 +3.1040e+00 +1.7843e+00 +3.6719e+00 +3.6120e+00
395 0 +6.409810492e-01 +6.880098105e+01 +6.880098105e+01 +2.3358e+00 +3.1038e+00 +1.7842e+00 +3.6719e+00 +3.6121e+00
401 0 +4.699368138e-01 +6.862993681e+01 +6.862993681e+01 +2.3360e+00 +3.1039e+00 +1.7838e+00 +3.6722e+00 +3.6124e+00
407 0 +3.977651035e-01 +6.855776510e+01 +6.855776510e+01 +2.3360e+00 +3.1038e+00 +1.7842e+00 +3.6719e+00 +3.6127e+00
418 0 +3.793269073e-01 +6.853932691e+01 +6.853932691e+01 +2.3359e+00 +3.1038e+00 +1.7842e+00 +3.6720e+00 +3.6125e+00
423 0 +3.649864546e-01 +6.852498645e+01 +6.852498645e+01 +2.3359e+00 +3.1038e+00 +1.7842e+00 +3.6721e+00 +3.6125e+00
429 0 +3.536424423e-01 +6.851364244e+01 +6.851364244e+01 +2.3360e+00 +3.1037e+00 +1.7842e+00 +3.6722e+00 +3.6127e+00
435 0 +3.465058655e-01 +6.850650587e+01 +6.850650587e+01 +2.3361e+00 +3.1037e+00 +1.7843e+00 +3.6723e+00 +3.6125e+00
438 0 +3.387372109e-01 +6.849873721e+01 +6.849873721e+01 +2.3361e+00 +3.1037e+00 +1.7842e+00 +3.6722e+00 +3.6125e+00
470 0 +3.303830121e-01 +6.849038301e+01 +6.849038301e+01 +2.3360e+00 +3.1038e+00 +1.7842e+00 +3.6722e+00 +3.6126e+00
504 0 +3.291722186e-01 +6.848917222e+01 +6.848917222e+01 +2.3361e+00 +3.1038e+00 +1.7842e+00 +3.6722e+00 +3.6126e+00
% f evaluations | g evaluations | best noise-free fitness - Fopt (1.000000000000e+03) + sum g_i+ | measured fitness | best measured fitness or single-digit g-values | x1 | x2...
1 0 +4.146844443e+07 +4.146944443e+07 +4.146944443e+07 -1.1009e-01 +4.6438e-01 -1.0152e-01 -1.7837e-01 -8.9092e-01
2 0 +3.694834212e+07 +3.694934212e+07 +3.694934212e+07 +2.4594e-02 +6.9800e-01 -1.6049e-02 +2.3728e-01 -4.1370e-01
12 0 +3.636640787e+07 +3.636740787e+07 +3.636740787e+07 +2.1838e-01 +8.6589e-01 -1.9636e-02 +5.9527e-01 -1.3397e-02
17 0 +3.531400082e+07 +3.531500082e+07 +3.531500082e+07 +5.5987e-01 +9.6699e-01 +5.4389e-02 +7.6375e-01 +1.9115e-01
21 0 +2.381791312e+07 +2.381891312e+07 +2.381891312e+07 -3.5374e-01 +1.7580e+00 +3.1911e-03 +8.5007e-01 -2.0228e-01
26 0 +1.748060049e+07 +1.748160049e+07 +1.748160049e+07 -8.1705e-02 +2.1188e+00 +6.0970e-01 +1.4011e+00 -6.1255e-01
36 0 +9.527662236e+06 +9.528662236e+06 +9.528662236e+06 -4.6066e-01 +3.3221e+00 +8.9643e-01 +1.1787e+00 -1.2745e+00
45 0 +8.905970108e+06 +8.906970108e+06 +8.906970108e+06 -1.3470e+00 +1.6774e+00 +1.0298e+00 +2.8280e-01 -3.0397e+00
47 0 +6.901667341e+06 +6.902667341e+06 +6.902667341e+06 -9.0268e-01 +1.4302e+00 +2.1382e+00 +5.1332e-01 -2.0203e+00
55 0 +1.749146843e+06 +1.750146843e+06 +1.750146843e+06 -5.2937e-01 +3.1955e+00 +2.4641e+00 +8.7001e-01 -5.0545e+00
68 0 +1.448095503e+06 +1.449095503e+06 +1.449095503e+06 -2.8099e+00 +4.0642e+00 +2.1221e+00 +4.3181e-01 -3.4725e+00
86 0 +6.418302382e+05 +6.428302382e+05 +6.428302382e+05 -2.5707e+00 +3.5120e+00 +1.8413e+00 -1.8499e-01 -3.5593e+00
95 0 +3.636636597e+05 +3.646636597e+05 +3.646636597e+05 -2.3532e+00 +3.7657e+00 +2.6373e+00 +2.6166e-02 -3.4149e+00
106 0 +9.358160585e+04 +9.458160585e+04 +9.458160585e+04 -1.8366e+00 +3.1603e+00 +2.1679e+00 -5.5962e-02 -3.5370e+00
116 0 +5.078276481e+04 +5.178276481e+04 +5.178276481e+04 -1.5488e+00 +3.4889e+00 +2.5095e+00 -7.9704e-03 -3.6182e+00
140 0 +3.443575006e+04 +3.543575006e+04 +3.543575006e+04 -1.4344e+00 +3.8040e+00 +2.3972e+00 -8.5142e-04 -3.8556e+00
171 0 +1.977011229e+04 +2.077011229e+04 +2.077011229e+04 -1.1750e+00 +3.6443e+00 +2.2451e+00 -6.9046e-02 -3.9766e+00
193 0 +1.160325033e+04 +1.260325033e+04 +1.260325033e+04 -1.2039e+00 +3.8345e+00 +2.1778e+00 -5.2124e-02 -4.0875e+00
194 0 +9.989200350e+03 +1.098920035e+04 +1.098920035e+04 -1.2688e+00 +3.8032e+00 +2.1875e+00 -1.6409e-02 -4.1575e+00
206 0 +9.208013863e+03 +1.020801386e+04 +1.020801386e+04 -1.3213e+00 +3.8019e+00 +2.2329e+00 +1.4708e-02 -4.1287e+00
209 0 +2.136233893e+03 +3.136233893e+03 +3.136233893e+03 -1.1580e+00 +3.8606e+00 +2.2021e+00 +4.1466e-02 -4.1533e+00
220 0 +1.811109728e+03 +2.811109728e+03 +2.811109728e+03 -1.1690e+00 +3.8520e+00 +2.2338e+00 +3.8916e-02 -4.1383e+00
225 0 +1.258008678e+03 +2.258008678e+03 +2.258008678e+03 -1.1673e+00 +3.8402e+00 +2.2037e+00 +1.8919e-02 -4.1683e+00
238 0 +8.921994581e+02 +1.892199458e+03 +1.892199458e+03 -1.1681e+00 +3.7750e+00 +2.2218e+00 +2.6481e-02 -4.1475e+00
245 0 +6.660663933e+02 +1.666066393e+03 +1.666066393e+03 -1.1357e+00 +3.8074e+00 +2.2385e+00 +3.9366e-02 -4.1817e+00
249 0 +4.042328995e+02 +1.404232900e+03 +1.404232900e+03 -1.1478e+00 +3.7989e+00 +2.2282e+00 +1.5232e-02 -4.1614e+00
251 0 +2.666340480e+02 +1.266634048e+03 +1.266634048e+03 -1.1560e+00 +3.8028e+00 +2.2202e+00 +1.5831e-02 -4.1555e+00
254 0 +1.843143353e+02 +1.184314335e+03 +1.184314335e+03 -1.1819e+00 +3.7840e+00 +2.2276e+00 +3.5068e-02 -4.1221e+00
256 0 +1.204919284e+01 +1.012049193e+03 +1.012049193e+03 -1.1443e+00 +3.8166e+00 +2.2218e+00 +3.3900e-02 -4.1610e+00
314 0 +9.694269455e+00 +1.009694269e+03 +1.009694269e+03 -1.1400e+00 +3.8222e+00 +2.2199e+00 +2.9787e-02 -4.1679e+00
321 0 +7.490300709e-01 +1.000749030e+03 +1.000749030e+03 -1.1432e+00 +3.8181e+00 +2.2209e+00 +3.0401e-02 -4.1646e+00
338 0 +3.605818610e-01 +1.000360582e+03 +1.000360582e+03 -1.1427e+00 +3.8175e+00 +2.2212e+00 +3.0635e-02 -4.1653e+00
388 0 +3.139730219e-01 +1.000313973e+03 +1.000313973e+03 -1.1429e+00 +3.8176e+00 +2.2213e+00 +3.0900e-02 -4.1651e+00
398 0 +2.979304625e-01 +1.000297930e+03 +1.000297930e+03 -1.1427e+00 +3.8180e+00 +2.2212e+00 +3.0786e-02 -4.1656e+00
406 0 +2.883078228e-01 +1.000288308e+03 +1.000288308e+03 -1.1425e+00 +3.8179e+00 +2.2211e+00 +3.0683e-02 -4.1655e+00
424 0 +2.767510333e-01 +1.000276751e+03 +1.000276751e+03 -1.1425e+00 +3.8179e+00 +2.2211e+00 +3.0752e-02 -4.1655e+00
428 0 +2.730436101e-01 +1.000273044e+03 +1.000273044e+03 -1.1426e+00 +3.8180e+00 +2.2211e+00 +3.0776e-02 -4.1655e+00
504 0 +2.699988909e-01 +1.000269999e+03 +1.000269999e+03 -1.1425e+00 +3.8180e+00 +2.2211e+00 +3.0819e-02 -4.1656e+00
% f evaluations | g evaluations | best noise-free fitness - Fopt (-6.837000000000e+01) + sum g_i+ | measured fitness | best measured fitness or single-digit g-values | x1 | x2...
1 0 +3.764793487e+07 +3.764786650e+07 +3.764786650e+07 +2.4263e-02 +1.0713e-01 +1.0027e-01 +9.3384e-02 +7.9050e-01
5 0 +3.119451955e+07 +3.119445118e+07 +3.119445118e+07 +3.6023e-01 -5.6806e-02 -3.1534e-01 +2.9881e-02 +6.6220e-01
12 0 +2.954681930e+07 +2.954675093e+07 +2.954675093e+07 +3.7100e-01 -8.6407e-01 -3.1139e-01 +3.1991e-01 +4.1071e-01
13 0 +2.697081466e+07 +2.697074629e+07 +2.697074629e+07 +3.9097e-01 -5.3993e-01 -4.2156e-01 +1.1492e-01 +7.1687e-01
16 0 +1.988107757e+07 +1.988100920e+07 +1.988100920e+07 +5.2011e-01 -4.0406e-01 +1.5177e-01 +9.1257e-02 +1.1163e+00
17 0 +1.921984815e+07 +1.921977978e+07 +1.921977978e+07 +5.0399e-01 -8.4192e-01 +1.8421e-01 +2.5934e-01 +1.1529e+00
24 0 +1.372609650e+07 +1.372602813e+07 +1.372602813e+07 +1.2165e+00 -1.1815e+00 +3.6944e-02 +6.1615e-01 +1.4367e+00
33 0 +1.103601773e+07 +1.103594936e+07 +1.103594936e+07 +1.9662e+00 -1.3094e+00 +2.8247e-01 -2.0174e-01 +9.0361e-01
44 0 +8.982884452e+06 +8.982816082e+06 +8.982816082e+06 +2.4891e+00 -9.8138e-01 +4.9492e-01 +1.1789e+00 +2.5345e+00
47 0 +7.647316849e+06 +7.647248479e+06 +7.647248479e+06 +2.8237e+00 -5.1049e-01 -1.8521e-01 -2.0607e-01 +1.2574e+00
55 0 +5.397703596e+06 +5.397635226e+06 +5.397635226e+06 +2.3877e+00 +1.9634e-02 -1.6862e-01 +7.6391e-01 +2.3107e+00
62 0 +4.073974635e+06 +4.073906265e+06 +4.073906265e+06 +4.1716e+00 -1.5917e-01 +3.7446e-01 +4.8921e-01 +1.5381e+00
66 0 +3.893620889e+06 +3.893552519e+06 +3.893552519e+06 +3.4942e+00 +3.3862e-01 +1.5034e-01 +7.3229e-02 +2.4069e+00
71 0 +2.512030822e+06 +2.511962452e+06 +2.511962452e+06 +4.2976e+00 +9.7180e-01 -8.4216e-01 +2.1871e+00 +2.5665e+00
76 0 +1.906656736e+06 +1.906588366e+06 +1.906588366e+06 +3.9356e+00 +1.3910e+00 -9.3440e-01 +2.7746e+00 +2.3785e+00
88 0 +8.261357127e+05 +8.260673427e+05 +8.260673427e+05 +4.0067e+00 +1.7407e+00 -9.0242e-01 +1.9121e+00 +2.7726e+00
90 0 +3.988432429e+05 +3.987748729e+05 +3.987748729e+05 +4.0605e+00 +2.4602e+00 -1.1860e+00 +2.9510e+00 +3.1247e+00
107 0 +2.260958497e+05 +2.260274797e+05 +2.260274797e+05 +3.5631e+00 +1.7853e+00 +3.5696e-01 +1.8591e+00 +2.3395e+00
123 0 +1.949550753e+05 +1.948867053e+05 +1.948867053e+05 +4.1115e+00 +2.4757e+00 -8.1359e-01 +2.5094e+00 +3.2332e+00
140 0 +1.524552714e+05 +1.523869014e+05 +1.523869014e+05 +3.9548e+00 +2.2136e+00 -6.7471e-01 +2.4227e+00 +2.9947e+00
147 0 +7.329481141e+04 +7.322644141e+04 +7.322644141e+04 +3.8375e+00 +2.2839e+00 -1.0382e+00 +2.5362e+00 +3.6020e+00
154 0 +7.238466040e+04 +7.231629040e+04 +7.231629040e+04 +3.7455e+00 +2.3513e+00 -1.0941e+00 +2.4194e+00 +3.4973e+00
168 0 +4.628851968e+04 +4.622014968e+04 +4.622014968e+04 +3.8505e+00 +2.4876e+00 -8.7189e-01 +2.6888e+00 +3.6061e+00
171 0 +3.837872911e+04 +3.831035911e+04 +3.831035911e+04 +3.6990e+00 +2.4168e+00 -8.6419e-01 +2.7585e+00 +3.4644e+00
177 0 +3.463875280e+04 +3.457038280e+04 +3.457038280e+04 +3.7895e+00 +2.4453e+00 -9.2673e-01 +2.7475e+00 +3.4118e+00
189 0 +1.565641937e+04 +1.558804937e+04 +1.558804937e+04 +3.7428e+00 +2.6147e+00 -1.0638e+00 +2.6761e+00 +3.6919e+00
205 0 +1.429176010e+04 +1.422339010e+04 +1.422339010e+04 +3.7895e+00 +2.5876e+00 -1.0990e+00 +2.7594e+00 +3.7419e+00
207 0 +1.079793521e+04 +1.072956521e+04 +1.072956521e+04 +3.8101e+00 +2.5196e+00 -1.0093e+00 +2.6664e+00 +3.5906e+00
214 0 +1.053470007e+04 +1.046633007e+04 +1.046633007e+04 +3.7890e+00 +2.4912e+00 -1.0530e+00 +2.6932e+00 +3.4853e+00
216 0 +4.967182187e+03 +4.898812187e+03 +4.898812187e+03 +3.7274e+00 +2.5863e+00 -1.0349e+00 +2.6779e+00 +3.5173e+00
222 0 +4.797852962e+03 +4.729482962e+03 +4.729482962e+03 +3.7437e+00 +2.5688e+00 -1.0285e+00 +2.6926e+00 +3.6033e+00
238 0 +1.371723609e+03 +1.303353609e+03 +1.303353609e+03 +3.7417e+00 +2.5567e+00 -1.0841e+00 +2.6959e+00 +3.5563e+00
242 0 +5.301309819e+02 +4.617609819e+02 +4.617609819e+02 +3.7096e+00 +2.5094e+00 -1.0703e+00 +2.6807e+00 +3.5707e+00
253 0 +2.984433756e+02 +2.300733756e+02 +2.300733756e+02 +3.7159e+00 +2.5190e+00 -1.0708e+00 +2.6846e+00 +3.5855e+00
265 0 +2.575101230e+02 +1.891401230e+02 +1.891401230e+02 +3.7062e+00 +2.5235e+00 -1.0422e+00 +2.6656e+00 +3.5594e+00
277 0 +1.675204854e+02 +9.915048540e+01 +9.915048540e+01 +3.7115e+00 +2.5238e+00 -1.0499e+00 +2.6767e+00 +3.5459e+00
288 0 +1.127988012e+02 +4.442880122e+01 +4.442880122e+01 +3.7176e+00 +2.5342e+00 -1.0468e+00 +2.6696e+00 +3.5536e+00
296 0 +1.068212233e+02 +3.845122334e+01 +3.845122334e+01 +3.7235e+00 +2.5283e+00 -1.0584e+00 +2.6786e+00 +3.5747e+00
301 0 +5.001421831e+01 -1.835578169e+01 -1.835578169e+01 +3.7156e+00 +2.5316e+00 -1.0636e+00 +2.6777e+00 +3.5683e+00
304 0 +4.753469661e+01 -2.083530339e+01 -2.083530339e+01 +3.7203e+00 +2.5296e+00 -1.0606e+00 +2.6753e+00 +3.5706e+00
305 0 +3.242645364e+01 -3.594354636e+01 -3.594354636e+01 +3.7189e+00 +2.5251e+00 -1.0618e+00 +2.6778e+00 +3.5695e+00
308 0 +1.599657978e+01 -5.237342022e+01 -5.237342022e+01 +3.7254e+00 +2.5304e+00 -1.0672e+00 +2.6799e+00 +3.5696e+00
313 0 +9.839223050e+00 -5.853077695e+01 -5.853077695e+01 +3.7212e+00 +2.5289e+00 -1.0586e+00 +2.6766e+00 +3.5598e+00
322 0 +1.497699280e+00 -6.687230072e+01 -6.687230072e+01 +3.7211e+00 +2.5264e+00 -1.0611e+00 +2.6754e+00 +3.5623e+00
330 0 +1.009093850e+00 -6.736090615e+01 -6.736090615e+01 +3.7218e+00 +2.5277e+00 -1.0625e+00 +2.6781e+00 +3.5649e+00
353 0 +7.137333005e-01 -6.765626670e+01 -6.765626670e+01 +3.7199e+00 +2.5267e+00 -1.0593e+00 +2.6753e+00 +3.5612e+00
372 0 +6.412761806e-01 -6.772872382e+01 -6.772872382e+01 +3.7205e+00 +2.5265e+00 -1.0604e+00 +2.6763e+00 +3.5627e+00
378 0 +5.896135931e-01 -6.778038641e+01 -6.778038641e+01 +3.7210e+00 +2.5266e+00 -1.0596e+00 +2.6759e+00 +3.5624e+00
382 0 +4.288558871e-01 -6.794114411e+01 -6.794114411e+01 +3.7212e+00 +2.5271e+00 -1.0605e+00 +2.6758e+00 +3.5625e+00
385 0 +3.912475688e-01 -6.797875243e+01 -6.797875243e+01 +3.7210e+00 +2.5272e+00 -1.0605e+00 +2.6763e+00 +3.5624e+00
395 0 +3.348599029e-01 -6.803514010e+01 -6.803514010e+01 +3.7206e+00 +2.5270e+00 -1.0599e+00 +2.6757e+00 +3.5617e+00
400 0 +3.161002941e-01 -6.805389971e+01 -6.805389971e+01 +3.7211e+00 +2.5270e+00 -1.0604e+00 +2.6762e+00 +3.5627e+00
402 0 +2.548864146e-01 -6.811511359e+01 -6.811511359e+01 +3.7207e+00 +2.5268e+00 -1.0601e+00 +2.6759e+00 +3.5622e+00
411 0 +1.959388308e-01 -6.817406117e+01 -6.817406117e+01 +3.7206e+00 +2.5268e+00 -1.0599e+00 +2.6757e+00 +3.5621e+00
422 0 +1.911045590e-01 -6.817889544e+01 -6.817889544e+01 +3.7208e+00 +2.5270e+00 -1.0601e+00 +2.6757e+00 +3.5623e+00
433 0 +1.902662764e-01 -6.817973372e+01 -6.817973372e+01 +3.7207e+00 +2.5269e+00 -1.0601e+00 +2.6758e+00 +3.5624e+00
453 0 +1.857713829e-01 -6.818422862e+01 -6.818422862e+01 +3.7207e+00 +2.5270e+00 -1.0602e+00 +2.6758e+00 +3.5623e+00
504 0 +1.827961991e-01 -6.818720380e+01 -6.818720380e+01 +3.7207e+00 +2.5270e+00 -1.0602e+00 +2.6758e+00 +3.5623e+00
% f evaluations | g evaluations | best noise-free fitness - Fopt (-5.548000000000e+01) + sum g_i+ | measured fitness | best measured fitness or single-digit g-values | x1 | x2...
1 0 +5.327847919e+07 +5.327842371e+07 +5.327842371e+07 +9.0793e-01 -1.4106e-01 +6.6714e-02 -5.0313e-01 -2.6184e-01
2 0 +4.142849145e+07 +4.142843597e+07 +4.142843597e+07 +1.1545e-01 -3.9292e-02 -5.8305e-02 +1.2306e-01 -1.2104e-01
7 0 +4.087595605e+07 +4.087590057e+07 +4.087590057e+07 -4.1249e-02 +6.0791e-02 -2.9110e-01 -3.3321e-01 +1.0954e-01
8 0 +3.613942606e+07 +3.613937058e+07 +3.613937058e+07 -5.4607e-01 +3.8814e-02 +2.4832e-02 -7.8374e-02 -7.8375e-02
10 0 +3.506942488e+07 +3.506936940e+07 +3.506936940e+07 -1.9644e-01 -2.2475e-01 +7.3203e-02 +8.3783e-02 +2.0760e-01
11 0 +3.283648240e+07 +3.283642692e+07 +3.283642692e+07 -9.2744e-01 +1.7686e-01 -1.8828e-01 +6.0357e-02 +8.3466e-02
18 0 +3.181245125e+07 +3.181239577e+07 +3.181239577e+07 -4.5134e-01 -6.9436e-02 +6.4326e-02 +2.3138e-01 +4.9208e-01
23 0 +3.047816553e+07 +3.047811005e+07 +3.047811005e+07 -7.0853e-01 -2.8360e-02 -8.6339e-02 +1.9726e-01 +4.8509e-01
25 0 +2.913433021e+07 +2.913427473e+07 +2.913427473e+07 -5.5986e-01 +1.1666e-01 +2.5008e-01 +3.9001e-01 +9.8996e-01
27 0 +2.609763681e+07 +2.609758133e+07 +2.609758133e+07 -1.1689e+00 -2.0881e-01 -2.1306e-01 +1.3718e-01 +5.6595e-01
30 0 +2.200409730e+07 +2.200404182e+07 +2.200404182e+07 -1.3866e+00 -1.0965e-01 +6.6953e-01 +3.3933e-01 +9.0717e-01
38 0 +2.105302341e+07 +2.105296793e+07 +2.105296793e+07 -1.2690e+00 -4.4050e-01 +5.7530e-01 +7.1901e-01 +8.6541e-01
41 0 +1.345123694e+07 +1.345118146e+07 +1.345118146e+07 -1.8632e+00 -6.8380e-01 +9.7690e-01 +6.5471e-01 +1.6915e+00
51 0 +1.220549907e+07 +1.220544359e+07 +1.220544359e+07 -3.1319e+00 -1.5566e-01 +1.9620e+00 +1.6146e+00 +2.4198e+00
52 0 +1.022528828e+07 +1.022523280e+07 +1.022523280e+07 -2.5841e+00 -1.2093e+00 +1.5760e+00 +2.1122e+00 +2.0434e+00
76 0 +4.041850695e+06 +4.041795215e+06 +4.041795215e+06 -5.9285e+00 -1.1007e+00 +1.3870e+00 -1.0459e-01 +2.8217e+00
77 0 +2.301341766e+06 +2.301286286e+06 +2.301286286e+06 -3.6070e+00 -1.9673e+00 +1.6125e+00 -8.7605e-02 +2.8369e+00
89 0 +2.204095958e+06 +2.204040478e+06 +2.204040478e+06 -4.4935e+00 -3.0323e+00 +1.7743e+00 +6.1833e-01 +4.4136e+00
90 0 +2.018754272e+06 +2.018698792e+06 +2.018698792e+06 -5.2758e+00 -3.1585e+00 +1.3910e+00 -8.0372e-02 +3.7185e+00
110 0 +1.317059356e+06 +1.317003876e+06 +1.317003876e+06 -3.3081e+00 -4.3468e+00 +1.2910e+00 -1.1033e-01 +4.8131e+00
127 0 +6.127257459e+05 +6.126702659e+05 +6.126702659e+05 -2.3453e+00 -4.1670e+00 +8.6881e-01 -1.6329e-01 +4.2843e+00
142 0 +5.621537762e+05 +5.620982962e+05 +5.620982962e+05 -1.5094e+00 -3.8776e+00 +4.0818e-01 +9.2864e-01 +5.0174e+00
151 0 +5.191616527e+05 +5.191061727e+05 +5.191061727e+05 -2.1674e+00 -3.7236e+00 +4.1229e-01 +8.9119e-01 +4.3777e+00
153 0 +4.197935391e+05 +4.197380591e+05 +4.197380591e+05 -3.2000e+00 -4.1075e+00 +7.1658e-01 +1.0082e+00 +4.4340e+00
165 0 +3.629423357e+05 +3.628868557e+05 +3.628868557e+05 -2.7226e+00 -3.5705e+00 +6.2262e-01 +9.8315e-01 +4.2025e+00
167 0 +3.176052838e+05 +3.175498038e+05 +3.175498038e+05 -3.6627e+00 -3.4998e+00 +8.7292e-01 +8.7253e-01 +4.0285e+00
168 0 +2.120315387e+05 +2.119760587e+05 +2.119760587e+05 -2.7441e+00 -4.1849e+00 +5.4101e-01 +7.7648e-01 +4.7568e+00
169 0 +1.828120749e+05 +1.827565949e+05 +1.827565949e+05 -2.6770e+00 -4.1456e+00 +7.2758e-01 +9.2711e-01 +4.5912e+00
171 0 +7.510740020e+04 +7.505192020e+04 +7.505192020e+04 -3.0138e+00 -3.7255e+00 +7.5946e-01 +6.8827e-01 +3.9212e+00
187 0 +4.324194132e+04 +4.318646132e+04 +4.318646132e+04 -2.9560e+00 -3.8430e+00 +7.5137e-01 +6.7137e-01 +4.1446e+00
191 0 +2.526969987e+04 +2.521421987e+04 +2.521421987e+04 -2.9867e+00 -3.7343e+00 +7.8932e-01 +5.7034e-01 +4.0092e+00
212 0 +1.465763491e+04 +1.460215491e+04 +1.460215491e+04 -3.0081e+00 -3.8187e+00 +8.3494e-01 +4.0370e-01 +4.0874e+00
220 0 +5.276748888e+03 +5.221268888e+03 +5.221268888e+03 -3.1033e+00 -3.7378e+00 +8.7087e-01 +4.8846e-01 +4.1677e+00
227 0 +4.031593912e+03 +3.976113912e+03 +3.976113912e+03 -2.9036e+00 -3.8181e+00 +8.9712e-01 +5.0427e-01 +4.1934e+00
236 0 +1.349923473e+03 +1.294443473e+03 +1.294443473e+03 -3.0234e+00 -3.7857e+00 +8.7444e-01 +4.8953e-01 +4.2092e+00
243 0 +6.700692354e+02 +6.145892354e+02 +6.145892354e+02 -2.9153e+00 -3.8129e+00 +8.4521e-01 +4.9223e-01 +4.2474e+00
278 0 +5.911207187e+02 +5.356407187e+02 +5.356407187e+02 -2.9508e+00 -3.8214e+00 +8.8205e-01 +5.1076e-01 +4.2177e+00
282 0 +4.716595910e+02 +4.161795910e+02 +4.161795910e+02 -2.9576e+00 -3.8104e+00 +8.7415e-01 +5.0478e-01 +4.2421e+00
283 0 +1.169038127e+02 +6.142381266e+01 +6.142381266e+01 -2.9706e+00 -3.8168e+00 +8.7288e-01 +4.9899e-01 +4.2130e+00
293 0 +5.945728019e+01 +3.977280191e+00 +3.977280191e+00 -2.9636e+00 -3.8051e+00 +8.7010e-01 +4.9093e-01 +4.2195e+00
297 0 +1.638590586e+01 -3.909409414e+01 -3.909409414e+01 -2.9678e+00 -3.8127e+00 +8.7121e-01 +4.8594e-01 +4.2178e+00
318 0 +1.396087793e+01 -4.151912207e+01 -4.151912207e+01 -2.9652e+00 -3.8154e+00 +8.7094e-01 +4.8981e-01 +4.2162e+00
348 0 +1.324074055e+01 -4.223925945e+01 -4.223925945e+01 -2.9664e+00 -3.8134e+00 +8.7134e-01 +4.9113e-01 +4.2162e+00
349 0 +1.081973478e+01 -4.466026522e+01 -4.466026522e+01 -2.9630e+00 -3.8143e+00 +8.7216e-01 +4.8815e-01 +4.2160e+00
355 0 +7.854021995e+00 -4.762597801e+01 -4.762597801e+01 -2.9633e+00 -3.8154e+00 +8.7236e-01 +4.9077e-01 +4.2183e+00
366 0 +6.261345617e+00 -4.921865438e+01 -4.921865438e+01 -2.9648e+00 -3.8134e+00 +8.7190e-01 +4.8972e-01 +4.2164e+00
368 0 +4.295591709e+00 -5.118440829e+01 -5.118440829e+01 -2.9638e+00 -3.8138e+00 +8.7221e-01 +4.8891e-01 +4.2172e+00
372 0 +3.330305507e+00 -5.214969449e+01 -5.214969449e+01 -2.9650e+00 -3.8139e+00 +8.7267e-01 +4.8898e-01 +4.2166e+00
377 0 +3.173033763e+00 -5.230696624e+01 -5.230696624e+01 -2.9652e+00 -3.8140e+00 +8.7243e-01 +4.8937e-01 +4.2177e+00
387 0 +2.728476811e+00 -5.275152319e+01 -5.275152319e+01 -2.9650e+00 -3.8143e+00 +8.7293e-01 +4.8958e-01 +4.2182e+00
394 0 +2.497249938e+00 -5.298275006e+01 -5.298275006e+01 -2.9654e+00 -3.8139e+00 +8.7270e-01 +4.8922e-01 +4.2179e+00
397 0 +2.037142059e+00 -5.344285794e+01 -5.344285794e+01 -2.9653e+00 -3.8142e+00 +8.7313e-01 +4.8917e-01 +4.2183e+00
406 0 +1.709790811e+00 -5.377020919e+01 -5.377020919e+01 -2.9651e+00 -3.8140e+00 +8.7315e-01 +4.8915e-01 +4.2181e+00
410 0 +1.567890501e+00 -5.391210950e+01 -5.391210950e+01 -2.9649e+00 -3.8137e+00 +8.7302e-01 +4.8892e-01 +4.2177e+00
419 0 +1.456961144e+00 -5.402303886e+01 -5.402303886e+01 -2.9645e+00 -3.8140e+00 +8.7305e-01 +4.8885e-01 +4.2182e+00
423 0 +1.294072087e+00 -5.418592791e+01 -5.418592791e+01 -2.9648e+00 -3.8140e+00 +8.7326e-01 +4.8885e-01 +4.2182e+00
428 0 +1.153772843e+00 -5.432622716e+01 -5.432622716e+01 -2.9648e+00 -3.8138e+00 +8.7330e-01 +4.8850e-01 +4.2182e+00
434 0 +1.124655720e+00 -5.435534428e+01 -5.435534428e+01 -2.9647e+00 -3.8139e+00 +8.7332e-01 +4.8852e-01 +4.2183e+00
442 0 +1.095599256e+00 -5.438440074e+01 -5.438440074e+01 -2.9647e+00 -3.8139e+00 +8.7336e-01 +4.8856e-01 +4.2183e+00
453 0 +1.056334133e+00 -5.442366587e+01 -5.442366587e+01 -2.9647e+00 -3.8138e+00 +8.7333e-01 +4.8850e-01 +4.2184e+00
475 0 +1.041617758e+00 -5.443838224e+01 -5.443838224e+01 -2.9646e+00 -3.8139e+00 +8.7333e-01 +4.8852e-01 +4.2185e+00
492 0 +1.021438159e+00 -5.445856184e+01 -5.445856184e+01 -2.9646e+00 -3.8138e+00 +8.7334e-01 +4.8854e-01 +4.2185e+00
504 0 +1.016004005e+00 -5.446399600e+01 -5.446399600e+01 -2.9645e+00 -3.8138e+00 +8.7334e-01 +4.8853e-01 +4.2185e+00
% f evaluations | g evaluations | best noise-free fitness - Fopt (-5.349000000000e+01) + sum g_i+ | measured fitness | best measured fitness or single-digit g-values | x1 | x2...
1 0 +2.179037437e+07 +2.179032088e+07 +2.179032088e+07 +4.4240e-01 -3.7694e-01 -1.1007e-01 +2.8487e-01 +4.4168e-01
3 0 +1.373201186e+07 +1.373195837e+07 +1.373195837e+07 -1.8490e-01 +1.2546e-01 -4.4931e-04 -5.0070e-01 -5.2206e-01
5 0 +1.045227436e+07 +1.045222087e+07 +1.045222087e+07 +1.0592e-01 +2.8305e-01 +1.2432e-01 -6.7612e-01 +8.7057e-02
9 0 +9.105539099e+06 +9.105485609e+06 +9.105485609e+06 -3.0110e-01 +4.0305e-01 -7.5611e-02 -6.7160e-01 +1.7829e-02
17 0 +8.878385013e+06 +8.878331523e+06 +8.878331523e+06 -3.9214e-01 +7.0273e-02 -3.7119e-01 -3.7161e-01 +2.1867e-01
21 0 +6.827915519e+06 +6.827862029e+06 +6.827862029e+06 -1.6467e-01 +3.6444e-01 -6.5548e-02 -9.0160e-01 +5.4420e-01
29 0 +6.450746701e+06 +6.450693211e+06 +6.450693211e+06 -2.6017e-01 +6.2411e-01 +7.3845e-02 -1.3450e+00 +4.7200e-01
32 0 +4.734589742e+06 +4.734536252e+06 +4.734536252e+06 -7.6210e-02 +6.8630e-01 -5.3057e-01 -8.8734e-01 +4.4208e-01
40 0 +4.236133404e+06 +4.236079914e+06 +4.236079914e+06 -1.2249e-01 +3.4372e-01 -4.0404e-01 -1.4630e+00 +7.7680e-01
42 0 +2.860222784e+06 +2.860169294e+06 +2.860169294e+06 -1.2349e-01 +7.7399e-01 -6.9616e-01 -1.2216e+00 +8.9980e-01
50 0 +1.956647315e+06 +1.956593825e+06 +1.956593825e+06 +3.5408e-01 +6.4903e-01 -5.8660e-01 -1.4272e+00 +1.3408e+00
53 0 +1.865962601e+06 +1.865909111e+06 +1.865909111e+06 +3.2578e-02 +1.3640e+00 -8.4201e-01 -1.7000e+00 +8.9803e-01
64 0 +1.152581189e+06 +1.152527699e+06 +1.152527699e+06 -3.5640e-01 +1.2592e+00 -9.7776e-01 -2.1553e+00 +1.6508e+00
65 0 +6.199852626e+05 +6.199317726e+05 +6.199317726e+05 -1.4103e-01 +1.3794e+00 -2.1061e+00 -2.2450e+00 +1.2469e+00
114 0 +5.228635034e+05 +5.228100134e+05 +5.228100134e+05 -2.1886e-01 +1.1291e+00 -1.4796e+00 -1.8753e+00 +1.5361e+00
117 0 +5.071635661e+05 +5.071100761e+05 +5.071100761e+05 -2.7783e-01 +1.4490e+00 -1.9856e+00 -2.1602e+00 +1.8016e+00
120 0 +4.982637543e+05 +4.982102643e+05 +4.982102643e+05 +9.2341e-02 +1.1998e+00 -1.5794e+00 -1.6622e+00 +1.1087e+00
123 0 +3.567587919e+05 +3.567053019e+05 +3.567053019e+05 +2.3999e-01 +9.1862e-01 -1.6300e+00 -1.5252e+00 +1.3428e+00
127 0 +2.634885878e+05 +2.634350978e+05 +2.634350978e+05 -3.0113e-02 +1.0736e+00 -1.6379e+00 -1.9516e+00 +1.5141e+00
131 0 +2.410632358e+05 +2.410097458e+05 +2.410097458e+05 -1.3293e-01 +1.1756e+00 -1.6650e+00 -1.8515e+00 +1.6803e+00
134 0 +1.382487513e+05 +1.381952613e+05 +1.381952613e+05 +1.4163e-01 +1.3689e+00 -1.8866e+00 -2.1344e+00 +1.8129e+00
143 0 +8.906491942e+04 +8.901142942e+04 +8.901142942e+04 +1.7740e-02 +1.2362e+00 -1.8652e+00 -1.7898e+00 +1.9743e+00
146 0 +5.564154100e+04 +5.558805100e+04 +5.558805100e+04 +1.1853e-01 +1.4685e+00 -1.7423e+00 -1.7688e+00 +1.8126e+00
158 0 +3.215210743e+04 +3.209861743e+04 +3.209861743e+04 +2.6026e-01 +1.2764e+00 -1.9521e+00 -1.5513e+00 +1.6125e+00
168 0 +2.581428685e+04 +2.576079685e+04 +2.576079685e+04 +2.2898e-01 +1.4331e+00 -1.7252e+00 -1.7813e+00 +1.8491e+00
181 0 +6.722182508e+03 +6.668692508e+03 +6.668692508e+03 +2.0671e-01 +1.2661e+00 -1.8304e+00 -1.7060e+00 +1.8452e+00
199 0 +3.172939012e+03 +3.119449012e+03 +3.119449012e+03 +2.5390e-01 +1.2848e+00 -1.7509e+00 -1.7989e+00 +1.8847e+00
211 0 +2.293886895e+03 +2.240396895e+03 +2.240396895e+03 +2.2348e-01 +1.2294e+00 -1.7688e+00 -1.8084e+00 +1.8496e+00
220 0 +1.812338790e+03 +1.758848790e+03 +1.758848790e+03 +2.1975e-01 +1.2931e+00 -1.7340e+00 -1.7834e+00 +1.8271e+00
226 0 +1.322285220e+03 +1.268795220e+03 +1.268795220e+03 +2.1881e-01 +1.2843e+00 -1.7632e+00 -1.8364e+00 +1.8258e+00
243 0 +7.714699375e+02 +7.179799375e+02 +7.179799375e+02 +2.2645e-01 +1.2589e+00 -1.7857e+00 -1.8066e+00 +1.8221e+00
250 0 +5.022534840e+02 +4.487634840e+02 +4.487634840e+02 +2.1481e-01 +1.2920e+00 -1.7662e+00 -1.8117e+00 +1.8277e+00
258 0 +4.045368602e+02 +3.510468602e+02 +3.510468602e+02 +2.2068e-01 +1.2690e+00 -1.7710e+00 -1.8015e+00 +1.8148e+00
260 0 +2.876948290e+02 +2.342048290e+02 +2.342048290e+02 +2.0826e-01 +1.2818e+00 -1.7737e+00 -1.8081e+00 +1.8471e+00
262 0 +1.035571274e+02 +5.006712745e+01 +5.006712745e+01 +2.1379e-01 +1.2687e+00 -1.7718e+00 -1.7951e+00 +1.8228e+00
280 0 +9.946223356e+01 +4.597223356e+01 +4.597223356e+01 +2.1781e-01 +1.2721e+00 -1.7709e+00 -1.7982e+00 +1.8250e+00
281 0 +7.703603628e+01 +2.354603628e+01 +2.354603628e+01 +2.1325e-01 +1.2750e+00 -1.7743e+00 -1.8004e+00 +1.8236e+00
288 0 +4.845577538e+01 -5.034224617e+00 -5.034224617e+00 +2.1356e-01 +1.2775e+00 -1.7761e+00 -1.7956e+00 +1.8322e+00
297 0 +2.884752371e+01 -2.464247629e+01 -2.464247629e+01 +2.1318e-01 +1.2712e+00 -1.7756e+00 -1.7945e+00 +1.8268e+00
311 0 +2.224948360e+01 -3.124051640e+01 -3.124051640e+01 +2.1164e-01 +1.2711e+00 -1.7763e+00 -1.7958e+00 +1.8274e+00
317 0 +2.074571065e+01 -3.274428935e+01 -3.274428935e+01 +2.1262e-01 +1.2701e+00 -1.7792e+00 -1.7965e+00 +1.8258e+00
318 0 +1.772433227e+01 -3.576566773e+01 -3.576566773e+01 +2.1223e-01 +1.2738e+00 -1.7762e+00 -1.7967e+00 +1.8292e+00
319 0 +1.587128572e+01 -3.761871428e+01 -3.761871428e+01 +2.1241e-01 +1.2711e+00 -1.7766e+00 -1.7971e+00 +1.8305e+00
322 0 +1.458097454e+01 -3.890902546e+01 -3.890902546e+01 +2.1269e-01 +1.2717e+00 -1.7762e+00 -1.7983e+00 +1.8304e+00
350 0 +1.433344216e+01 -3.915655784e+01 -3.915655784e+01 +2.1286e-01 +1.2715e+00 -1.7766e+00 -1.7971e+00 +1.8298e+00
355 0 +1.406741021e+01 -3.942258979e+01 -3.942258979e+01 +2.1281e-01 +1.2719e+00 -1.7771e+00 -1.7970e+00 +1.8301e+00
375 0 +1.377894301e+01 -3.971105699e+01 -3.971105699e+01 +2.1279e-01 +1.2722e+00 -1.7769e+00 -1.7971e+00 +1.8299e+00
504 0 +1.369168846e+01 -3.979831154e+01 -3.979831154e+01 +2.1274e-01 +1.2722e+00 -1.7768e+00 -1.7973e+00 +1.8298e+00
% f evaluations | g evaluations | best noise-free fitness - Fopt (1.172700000000e+02) + sum g_i+ | measured fitness | best measured fitness or single-digit g-values | x1 | x2...
1 0 +5.744020138e+07 +5.744031865e+07 +5.744031865e+07 +1.9710e-01 -3.6096e-01 +1.4006e-02 -4.9200e-02 +5.8159e-03
6 0 +5.449278373e+07 +5.449290100e+07 +5.449290100e+07 +4.7545e-02 -2.0578e-01 -1.7313e-02 +2.2369e-01 +1.4330e-01
7 0 +1.530427726e+07 +1.530439453e+07 +1.530439453e+07 +1.0119e+00 -3.8963e-01 +8.7579e-02 +2.6628e-01 -3.9430e-01
18 0 +7.936216298e+06 +7.936333568e+06 +7.936333568e+06 +1.9088e+00 -1.2894e-01 -1.9086e-01 -2.2290e-03 -2.5749e-01
21 0 +6.920444955e+06 +6.920562225e+06 +6.920562225e+06 +1.3784e+00 -2.5368e-01 -6.0922e-01 +6.8983e-01 -2.7145e-01
25 0 +3.407174629e+06 +3.407291899e+06 +3.407291899e+06 +2.0506e+00 -4.6360e-01 +2.4800e-01 +8.3309e-01 -6.5189e-01
36 0 +2.115473044e+06 +2.115590314e+06 +2.115590314e+06 +2.5803e+00 -3.6946e-01 +3.3211e-01 +1.1816e+00 -8.9336e-01
51 0 +5.519892938e+05 +5.521065638e+05 +5.521065638e+05 +2.6908e+00 +1.0082e+00 -1.5324e+00 +1.2572e+00 -1.2928e+00
94 0 +3.338359581e+05 +3.339532281e+05 +3.339532281e+05 +2.6489e+00 +9.5204e-01 -5.6365e-01 +1.4605e+00 -1.5125e+00
112 0 +3.237151281e+05 +3.238323981e+05 +3.238323981e+05 +2.3822e+00 +6.2969e-01 -1.1200e+00 +1.4465e+00 -1.5222e+00
113 0 +4.158047100e+04 +4.169774100e+04 +4.169774100e+04 +3.1405e+00 +5.1592e-01 -1.4456e+00 +1.3089e+00 -1.1888e+00
136 0 +1.640969490e+04 +1.652696490e+04 +1.652696490e+04 +3.0453e+00 +3.1932e-01 -1.1602e+00 +1.3252e+00 -1.3339e+00
148 0 +7.845303220e+03 +7.962573220e+03 +7.962573220e+03 +2.8321e+00 +4.2252e-01 -1.0431e+00 +1.4813e+00 -1.4071e+00
151 0 +6.617716866e+03 +6.734986866e+03 +6.734986866e+03 +2.8720e+00 +3.9441e-01 -7.8598e-01 +1.4796e+00 -1.4919e+00
205 0 +4.967892441e+03 +5.085162441e+03 +5.085162441e+03 +2.7372e+00 +4.5171e-01 -7.3597e-01 +1.5108e+00 -1.5965e+00
208 0 +3.545638235e+03 +3.662908235e+03 +3.662908235e+03 +2.7704e+00 +4.0569e-01 -7.3530e-01 +1.5098e+00 -1.5487e+00
213 0 +2.871498216e+03 +2.988768216e+03 +2.988768216e+03 +2.7729e+00 +4.3109e-01 -6.7892e-01 +1.5332e+00 -1.5858e+00
229 0 +2.530450665e+03 +2.647720665e+03 +2.647720665e+03 +2.7720e+00 +3.9276e-01 -7.3270e-01 +1.4985e+00 -1.5873e+00
235 0 +7.892199128e+02 +9.064899128e+02 +9.064899128e+02 +2.7889e+00 +3.8952e-01 -7.5851e-01 +1.5236e+00 -1.5917e+00
252 0 +2.231019487e+02 +3.403719487e+02 +3.403719487e+02 +2.7875e+00 +4.0855e-01 -7.5174e-01 +1.5292e+00 -1.5871e+00
273 0 +1.878801566e+02 +3.051501566e+02 +3.051501566e+02 +2.7922e+00 +4.0608e-01 -7.6443e-01 +1.5246e+00 -1.5911e+00
283 0 +1.450558780e+02 +2.623258780e+02 +2.623258780e+02 +2.7962e+00 +4.0513e-01 -7.6388e-01 +1.5298e+00 -1.5862e+00
290 0 +1.307488512e+02 +2.480188512e+02 +2.480188512e+02 +2.7987e+00 +4.0501e-01 -7.6206e-01 +1.5234e+00 -1.5928e+00
291 0 +9.329344646e+01 +2.105634465e+02 +2.105634465e+02 +2.8013e+00 +4.0649e-01 -7.5347e-01 +1.5247e+00 -1.5898e+00
299 0 +8.656168069e+01 +2.038316807e+02 +2.038316807e+02 +2.7959e+00 +4.0816e-01 -7.5359e-01 +1.5236e+00 -1.5923e+00
302 0 +6.860991787e+01 +1.858799179e+02 +1.858799179e+02 +2.8040e+00 +4.0629e-01 -7.6233e-01 +1.5252e+00 -1.5875e+00
308 0 +3.686302949e+01 +1.541330295e+02 +1.541330295e+02 +2.8003e+00 +4.0925e-01 -7.6222e-01 +1.5235e+00 -1.5871e+00
313 0 +3.347126202e+01 +1.507412620e+02 +1.507412620e+02 +2.8025e+00 +4.1107e-01 -7.5845e-01 +1.5233e+00 -1.5858e+00
320 0 +2.958905476e+01 +1.468590548e+02 +1.468590548e+02 +2.8038e+00 +4.0973e-01 -7.6015e-01 +1.5270e+00 -1.5876e+00
324 0 +1.362081112e+01 +1.308908111e+02 +1.308908111e+02 +2.8049e+00 +4.1331e-01 -7.6170e-01 +1.5260e+00 -1.5847e+00
332 0 +6.525566769e+00 +1.237955668e+02 +1.237955668e+02 +2.8031e+00 +4.1366e-01 -7.6133e-01 +1.5243e+00 -1.5865e+00
343 0 +6.264111628e+00 +1.235341116e+02 +1.235341116e+02 +2.8046e+00 +4.1463e-01 -7.6291e-01 +1.5249e+00 -1.5864e+00
344 0 +5.105228965e+00 +1.223752290e+02 +1.223752290e+02 +2.8014e+00 +4.1411e-01 -7.6323e-01 +1.5251e+00 -1.5878e+00
347 0 +3.749172807e+00 +1.210191728e+02 +1.210191728e+02 +2.8030e+00 +4.1457e-01 -7.6183e-01 +1.5263e+00 -1.5867e+00
348 0 +3.481017126e+00 +1.207510171e+02 +1.207510171e+02 +2.8021e+00 +4.1375e-01 -7.6133e-01 +1.5251e+00 -1.5877e+00
361 0 +3.341424913e+00 +1.206114249e+02 +1.206114249e+02 +2.8028e+00 +4.1410e-01 -7.6317e-01 +1.5251e+00 -1.5875e+00
362 0 +3.064953344e+00 +1.203349533e+02 +1.203349533e+02 +2.8025e+00 +4.1392e-01 -7.6231e-01 +1.5250e+00 -1.5873e+00
371 0 +2.891272086e+00 +1.201612721e+02 +1.201612721e+02 +2.8020e+00 +4.1447e-01 -7.6275e-01 +1.5256e+00 -1.5874e+00
375 0 +2.799844221e+00 +1.200698442e+02 +1.200698442e+02 +2.8030e+00 +4.1418e-01 -7.6289e-01 +1.5251e+00 -1.5869e+00
384 0 +2.659990638e+00 +1.199299906e+02 +1.199299906e+02 +2.8025e+00 +4.1416e-01 -7.6248e-01 +1.5253e+00 -1.5873e+00
392 0 +2.569964144e+00 +1.198399641e+02 +1.198399641e+02 +2.8027e+00 +4.1434e-01 -7.6267e-01 +1.5252e+00 -1.5869e+00
404 0 +2.477102229e+00 +1.197471022e+02 +1.197471022e+02 +2.8025e+00 +4.1414e-01 -7.6269e-01 +1.5254e+00 -1.5867e+00
504 0 +2.459337344e+00 +1.197293373e+02 +1.197293373e+02 +2.8025e+00 +4.1425e-01 -7.6278e-01 +1.5255e+00 -1.5867e+00
% f evaluations | g evaluations | best noise-free fitness - Fopt (7.789000000000e+01) + sum g_i+ | measured fitness | best measured fitness or single-digit g-values | x1 | x2...
1 0 +2.112472919e+07 +2.112480708e+07 +2.112480708e+07 +3.1392e-01 +2.9097e-01 +2.6473e-02 -2.2047e-01 +1.3521e-01
2 0 +1.872549244e+07 +1.872557033e+07 +1.872557033e+07 +4.9928e-02 +2.4266e-01 -4.2556e-03 +3.0365e-01 -6.0274e-03
9 0 +1.767633463e+07 +1.767641252e+07 +1.767641252e+07 -4.8309e-02 +2.1931e-01 +1.7031e-01 +4.1862e-01 -4.6511e-02
14 0 +1.728251675e+07 +1.728259464e+07 +1.728259464e+07 +9.8923e-02 +4.8471e-01 -2.0165e-01 +3.7798e-01 -2.3386e-01
17 0 +1.268550301e+07 +1.268558090e+07 +1.268558090e+07 +6.2111e-02 +8.2374e-01 +4.7209e-01 +7.3119e-01 -1.9542e-01
25 0 +1.087921823e+07 +1.087929612e+07 +1.087929612e+07 +1.4077e-01 +6.7024e-01 +3.7823e-01 +7.9647e-01 -8.3066e-01
29 0 +1.026755266e+07 +1.026763055e+07 +1.026763055e+07 -8.5447e-02 +4.9295e-01 +5.8816e-01 +9.9633e-01 -9.8784e-01
32 0 +8.213111949e+06 +8.213189839e+06 +8.213189839e+06 +1.2364e-01 +1.3237e+00 +3.2491e-01 +1.4730e+00 -6.0540e-01
34 0 +7.751429963e+06 +7.751507853e+06 +7.751507853e+06 -3.8621e-01 +1.1847e+00 +3.3393e-01 +1.8661e+00 -1.1770e+00
36 0 +6.073418543e+06 +6.073496433e+06 +6.073496433e+06 +3.1811e-01 +2.7118e+00 +8.7057e-01 +1.5074e+00 -6.3221e-01
45 0 +3.840671667e+06 +3.840749557e+06 +3.840749557e+06 +6.4773e-01 +2.2373e+00 +3.6553e-01 +2.0537e+00 -9.5429e-01
48 0 +2.737657227e+06 +2.737735117e+06 +2.737735117e+06 +7.1719e-01 +2.8570e+00 +7.3737e-01 +2.1416e+00 -1.1790e+00
75 0 +2.354513969e+06 +2.354591859e+06 +2.354591859e+06 +1.0500e+00 +3.7732e+00 +7.4960e-01 +2.3162e+00 -2.9714e+00
93 0 +8.408883186e+05 +8.409662086e+05 +8.409662086e+05 +1.6701e+00 +2.9794e+00 -5.1580e-02 +2.1593e+00 -2.2341e+00
108 0 +3.974335966e+05 +3.975114866e+05 +3.975114866e+05 +1.4050e+00 +2.9029e+00 +1.0326e+00 +2.5511e+00 -2.0584e+00
117 0 +3.758509729e+05 +3.759288629e+05 +3.759288629e+05 +2.0236e+00 +3.1452e+00 -2.2814e-01 +2.4366e+00 -2.6754e+00
122 0 +2.023941634e+05 +2.024720534e+05 +2.024720534e+05 +1.7253e+00 +2.6621e+00 +1.2099e-01 +3.3892e+00 -2.5172e+00
131 0 +2.056399296e+04 +2.064188296e+04 +2.064188296e+04 +1.8725e+00 +2.8809e+00 -1.7298e-01 +3.0015e+00 -2.6273e+00
203 0 +6.788511207e+03 +6.866401207e+03 +6.866401207e+03 +1.9285e+00 +2.9225e+00 -1.7705e-01 +3.1241e+00 -2.6264e+00
213 0 +6.596137827e+03 +6.674027827e+03 +6.674027827e+03 +1.9380e+00 +2.8993e+00 -1.6173e-01 +3.1286e+00 -2.6355e+00
218 0 +4.335011538e+03 +4.412901538e+03 +4.412901538e+03 +1.9887e+00 +2.9011e+00 -9.6637e-02 +3.0785e+00 -2.6030e+00
223 0 +1.342828159e+03 +1.420718159e+03 +1.420718159e+03 +1.9697e+00 +2.9377e+00 -1.0365e-01 +3.0853e+00 -2.6235e+00
257 0 +1.134275123e+03 +1.212165123e+03 +1.212165123e+03 +1.9536e+00 +2.9106e+00 -8.8151e-02 +3.0392e+00 -2.6516e+00
259 0 +3.822441461e+02 +4.601341461e+02 +4.601341461e+02 +1.9519e+00 +2.9260e+00 -6.6597e-02 +3.0602e+00 -2.6301e+00
285 0 +1.983223696e+02 +2.762123696e+02 +2.762123696e+02 +1.9570e+00 +2.9351e+00 -8.3695e-02 +3.0649e+00 -2.6473e+00
291 0 +1.875999955e+02 +2.654899955e+02 +2.654899955e+02 +1.9610e+00 +2.9219e+00 -8.4599e-02 +3.0633e+00 -2.6385e+00
292 0 +1.588135612e+02 +2.367035612e+02 +2.367035612e+02 +1.9605e+00 +2.9323e+00 -9.2798e-02 +3.0702e+00 -2.6414e+00
300 0 +1.215948125e+02 +1.994848125e+02 +1.994848125e+02 +1.9628e+00 +2.9297e+00 -8.0695e-02 +3.0748e+00 -2.6444e+00
307 0 +1.716296813e+01 +9.505296813e+01 +9.505296813e+01 +1.9605e+00 +2.9256e+00 -9.1131e-02 +3.0717e+00 -2.6474e+00
331 0 +1.676899582e+01 +9.465899582e+01 +9.465899582e+01 +1.9617e+00 +2.9232e+00 -8.6175e-02 +3.0727e+00 -2.6475e+00
333 0 +1.033407934e+01 +8.822407934e+01 +8.822407934e+01 +1.9596e+00 +2.9236e+00 -8.3686e-02 +3.0717e+00 -2.6469e+00
343 0 +1.022171192e+01 +8.811171192e+01 +8.811171192e+01 +1.9595e+00 +2.9215e+00 -8.6468e-02 +3.0726e+00 -2.6477e+00
347 0 +7.183419114e+00 +8.507341911e+01 +8.507341911e+01 +1.9594e+00 +2.9229e+00 -8.5620e-02 +3.0721e+00 -2.6474e+00
354 0 +4.890381098e+00 +8.278038110e+01 +8.278038110e+01 +1.9588e+00 +2.9238e+00 -8.5573e-02 +3.0724e+00 -2.6485e+00
362 0 +4.652380390e+00 +8.254238039e+01 +8.254238039e+01 +1.9585e+00 +2.9233e+00 -8.6612e-02 +3.0726e+00 -2.6489e+00
382 0 +4.375075355e+00 +8.226507535e+01 +8.226507535e+01 +1.9586e+00 +2.9235e+00 -8.5946e-02 +3.0721e+00 -2.6491e+00
397 0 +4.345361357e+00 +8.223536136e+01 +8.223536136e+01 +1.9590e+00 +2.9233e+00 -8.6002e-02 +3.0721e+00 -2.6490e+00
504 0 +4.290780735e+00 +8.218078074e+01 +8.218078074e+01 +1.9588e+00 +2.9234e+00 -8.6293e-02 +3.0722e+00 -2.6490e+00
