% f evaluations | g evaluations | best noise-free fitness - Fopt (-4.620900000000e+02) + sum g_i+ | measured fitness | best measured fitness or single-digit g-values | x1 | x2...
1 0 +2.475520869e+02 -2.145379131e+02 -2.145379131e+02 +1.5169e-02 +1.4999e-01 -2.9878e-01 +2.0808e-01 -1.2549e-01 -4.7539e-01 -1.9432e-01 +1.7958e-01 +9.9679e-02 -3.4426e-01
2 0 +2.343843916e+02 -2.277056084e+02 -2.277056084e+02 +1.8560e-01 -2.6396e-02 +1.2752e-01 +9.9677e-02 -3.4705e-01 +1.0530e-01 -1.8207e-01 +4.6411e-01 +2.1701e-01 +1.3841e-02
3 0 +2.176174014e+02 -2.444725986e+02 -2.444725986e+02 -2.9490e-01 +1.6330e-02 +4.7968e-02 -3.6269e-01 +6.6702e-01 +1.1829e-01 +5.0772e-01 -3.3386e-01 +4.9074e-01 -4.0831e-01
6 0 +2.038545653e+02 -2.582354347e+02 -2.582354347e+02 +2.3598e-01 -5.5227e-01 +1.1264e-02 +1.0779e-02 -2.3363e-01 +5.3825e-02 -4.3667e-01 +1.6686e-01 +1.5294e-01 +9.0138e-02
30 0 +1.976939713e+02 -2.643960287e+02 -2.643960287e+02 -9.7610e-02 -1.4207e-01 +7.1665e-03 -1.3959e-01 +1.1872e+00 -3.2854e-01 +2.0949e-01 +5.4459e-01 +6.5141e-02 +1.4118e-01
36 0 +1.848876170e+02 -2.772023830e+02 -2.772023830e+02 +5.0071e-02 -6.5082e-01 +5.7640e-01 +1.1484e-02 +1.2788e+00 +1.3236e-01 +3.0892e-01 +5.5981e-01 +7.9253e-01 +1.8279e-01
46 0 +1.748352811e+02 -2.872547189e+02 -2.872547189e+02 -5.0634e-01 -4.0141e-01 +5.9506e-01 -4.6983e-02 +8.1599e-01 +1.1952e-01 -7.5717e-02 +5.3666e-01 +1.4530e+00 +5.8574e-01
53 0 +1.666356886e+02 -2.954543114e+02 -2.954543114e+02 -1.5538e-01 -4.5908e-01 +3.9957e-01 -5.3532e-01 +1.6146e+00 +1.0895e-01 +1.9414e-01 +9.6230e-01 +9.2229e-01 +2.9739e-01
62 0 +1.603108417e+02 -3.017791583e+02 -3.017791583e+02 -5.1461e-01 +1.6772e-01 +6.4088e-01 -5.7377e-01 +1.5915e+00 +7.3274e-02 +4.2234e-01 +1.3611e-01 +1.0634e+00 +4.2931e-01
73 0 +1.540813121e+02 -3.080086879e+02 -3.080086879e+02 -7.5316e-01 +4.9419e-02 +6.9405e-01 -5.4519e-01 +1.0792e+00 +6.1611e-01 +3.4954e-01 +6.4963e-01 +1.7836e+00 +4.1163e-01
83 0 +1.434917188e+02 -3.185982812e+02 -3.185982812e+02 -7.5656e-01 +8.5963e-01 +7.1369e-01 -1.2927e+00 +1.1845e+00 +1.0808e-01 +2.9557e-01 +4.8508e-01 +1.8838e+00 +4.8765e-01
103 0 +1.215837708e+02 -3.405062292e+02 -3.405062292e+02 -1.4467e+00 +3.7806e-01 +1.3060e+00 -5.9728e-01 +1.2283e+00 +1.0282e-01 +7.5677e-01 +6.7779e-01 +7.1019e-01 +3.5348e-01
145 0 +1.105969046e+02 -3.514930954e+02 -3.514930954e+02 -1.5406e+00 -2.2685e-01 +7.9502e-01 -5.2968e-01 +1.1294e+00 +1.5915e+00 +1.1878e+00 +1.1506e+00 +1.6922e+00 -7.5337e-02
148 0 +1.041188565e+02 -3.579711435e+02 -3.579711435e+02 -2.4014e+00 -3.0554e-01 +2.1215e+00 +9.2584e-02 +1.5439e+00 +2.4231e+00 +1.7765e+00 +1.0695e+00 +3.0433e+00 +6.9791e-01
185 0 +1.010649711e+02 -3.610250289e+02 -3.610250289e+02 -2.4531e+00 +5.0710e-01 +1.4720e+00 -2.2976e-01 +1.8797e+00 +1.6747e+00 +1.3124e+00 +6.1524e-01 +2.2382e+00 +1.8919e-01
280 0 +8.854561702e+01 -3.735443830e+02 -3.735443830e+02 -3.4846e+00 +3.0075e-01 +3.6279e+00 +1.5315e-01 +1.7239e+00 +3.1795e+00 +2.6724e+00 +1.5935e+00 +1.7966e+00 +3.5798e-01
359 0 +8.207584867e+01 -3.800141513e+02 -3.800141513e+02 -3.9894e+00 -4.6043e-01 +2.8056e+00 +5.5634e-01 +1.5807e+00 +2.5189e+00 +2.5262e+00 +1.7654e+00 +2.3041e+00 -2.3110e-01
398 0 +6.992664698e+01 -3.921633530e+02 -3.921633530e+02 -3.2876e+00 +5.2389e-01 +1.9946e+00 +2.6186e-01 +1.8616e+00 +2.6519e+00 +2.9549e+00 +1.7348e+00 +2.2545e+00 +4.5846e-01
437 0 +6.364567195e+01 -3.984443280e+02 -3.984443280e+02 -3.4307e+00 +5.8966e-01 +2.0156e+00 +7.0009e-02 +1.5755e+00 +2.6029e+00 +2.5562e+00 +1.7365e+00 +2.1879e+00 -6.6285e-02
631 0 +4.943172362e+01 -4.126582764e+02 -4.126582764e+02 -3.9637e+00 +4.7834e-01 +2.2823e+00 -1.8320e-03 +2.1521e+00 +3.1725e+00 +2.5541e+00 +1.7283e+00 +2.2096e+00 +3.7360e-01
738 0 +4.446586411e+01 -4.176241359e+02 -4.176241359e+02 -4.4697e+00 +6.7945e-01 +2.2151e+00 +3.9942e-02 +2.2550e+00 +2.9661e+00 +2.4907e+00 +1.7545e+00 +2.2398e+00 +6.5991e-01
784 0 +4.175025922e+01 -4.203397408e+02 -4.203397408e+02 -4.2576e+00 +6.3327e-01 +2.2326e+00 -1.6389e-02 +2.2948e+00 +3.1054e+00 +2.5752e+00 +1.7309e+00 +2.2370e+00 +6.3913e-01
842 0 +3.566586682e+01 -4.264241332e+02 -4.264241332e+02 -4.1063e+00 +6.2019e-01 +2.1958e+00 -6.9016e-02 +2.3390e+00 +3.2024e+00 +2.5064e+00 +1.7456e+00 +2.2707e+00 +7.4194e-01
864 0 +3.358047789e+01 -4.285095221e+02 -4.285095221e+02 -4.0345e+00 +6.3521e-01 +2.1676e+00 +8.7434e-03 +2.3844e+00 +3.2075e+00 +2.5734e+00 +1.7334e+00 +2.2104e+00 +6.7653e-01
981 0 +3.069699277e+01 -4.313930072e+02 -4.313930072e+02 -4.2428e+00 +6.1126e-01 +2.2971e+00 +3.7061e-02 +2.2615e+00 +3.1989e+00 +2.5335e+00 +1.7580e+00 +2.2615e+00 +6.5725e-01
984 0 +2.920890899e+01 -4.328810910e+02 -4.328810910e+02 -4.1462e+00 +6.6335e-01 +2.2888e+00 +2.6915e-02 +2.2570e+00 +3.1912e+00 +2.5583e+00 +1.7577e+00 +2.1885e+00 +6.8712e-01
992 0 +2.856464663e+01 -4.335253534e+02 -4.335253534e+02 -4.2114e+00 +6.7378e-01 +2.2526e+00 -1.3709e-02 +2.2983e+00 +3.1863e+00 +2.5239e+00 +1.7758e+00 +2.2519e+00 +7.1472e-01
1010 0 +2.856464663e+01 -4.335253534e+02 -4.335253534e+02 -4.2114e+00 +6.7378e-01 +2.2526e+00 -1.3709e-02 +2.2983e+00 +3.1863e+00 +2.5239e+00 +1.7758e+00 +2.2519e+00 +7.1472e-01
% f evaluations | g evaluations | best noise-free fitness - Fopt (7.766000000000e+01) + sum g_i+ | measured fitness | best measured fitness or single-digit g-values | x1 | x2...
1 0 +4.422568841e+02 +5.199168841e+02 +5.199168841e+02 +1.5169e-02 +1.4999e-01 -2.9878e-01 +2.0808e-01 -1.2549e-01 -4.7539e-01 -1.9432e-01 +1.7958e-01 +9.9679e-02 -3.4426e-01
3 0 +4.419587930e+02 +5.196187930e+02 +5.196187930e+02 -2.9490e-01 +1.6330e-02 +4.7968e-02 -3.6269e-01 +6.6702e-01 +1.1829e-01 +5.0772e-01 -3.3386e-01 +4.9074e-01 -4.0831e-01
15 0 +3.500534389e+02 +4.277134389e+02 +4.277134389e+02 -2.0009e-01 +1.8808e-01 -9.8914e-02 -2.2051e-01 +6.4892e-01 -1.1709e-01 +2.7772e-02 -9.6843e-02 +3.6960e-01 -9.8935e-01
21 0 +3.373509591e+02 +4.150109591e+02 +4.150109591e+02 -6.1467e-01 +4.3549e-01 +5.8304e-01 +4.9173e-02 -1.3406e-02 -9.7013e-02 +5.4119e-01 -3.3871e-01 +2.6942e-01 -7.6020e-01
30 0 +3.217628101e+02 +3.994228101e+02 +3.994228101e+02 -1.9216e-01 +6.7893e-01 -3.4344e-01 -2.1093e-01 -3.4458e-02 -4.2622e-01 +6.9927e-01 -2.9728e-01 +5.9573e-01 -7.6505e-01
39 0 +3.041261335e+02 +3.817861335e+02 +3.817861335e+02 -6.4139e-01 +4.4586e-01 -7.6454e-01 -4.9338e-02 +5.9861e-01 -4.2794e-01 +2.6346e-02 -4.5197e-01 +6.5362e-01 -1.1773e+00
53 0 +2.763930730e+02 +3.540530730e+02 +3.540530730e+02 -4.7981e-01 +7.3574e-01 +7.8226e-02 -1.8662e-01 -3.5590e-01 -3.5601e-01 +1.3510e+00 -7.1454e-01 +9.4273e-01 -1.2716e+00
59 0 +2.308104218e+02 +3.084704218e+02 +3.084704218e+02 -5.4214e-01 +5.5366e-01 +2.1002e-01 -1.5461e-01 -1.5544e-01 +1.0834e-02 -3.0625e-02 -8.2322e-01 +1.0121e+00 -1.6761e+00
66 0 +1.940043456e+02 +2.716643456e+02 +2.716643456e+02 -1.4389e+00 +7.2161e-01 +5.0904e-01 -1.5074e-01 -2.4812e-01 -9.1286e-03 +7.7430e-02 -3.4241e-01 +4.6118e-01 -1.8131e+00
71 0 +1.518691841e+02 +2.295291841e+02 +2.295291841e+02 -7.6692e-01 +8.2566e-01 +2.5802e-01 -2.5826e-01 -8.9244e-01 -8.2193e-02 +9.4758e-01 -6.9311e-01 +5.3848e-01 -2.4730e+00
84 0 +1.469597147e+02 +2.246197147e+02 +2.246197147e+02 -1.2541e+00 +8.9681e-01 +3.0464e-01 -5.5878e-01 +6.7487e-02 -5.4184e-01 +6.3760e-01 +9.5589e-02 -1.2775e-01 -2.3610e+00
105 0 +1.285258331e+02 +2.061858331e+02 +2.061858331e+02 -6.7720e-01 +9.9097e-02 -2.9025e-02 +6.3092e-01 -1.4652e+00 -8.2680e-01 +4.6474e-01 -3.3222e-01 +1.4249e+00 -3.3849e+00
115 0 +1.191776536e+02 +1.968376536e+02 +1.968376536e+02 -5.9086e-01 -4.6657e-01 -5.0680e-01 +6.8963e-01 -5.5099e-01 -5.0276e-01 +1.1731e+00 +5.5206e-02 +7.9561e-01 -4.2238e+00
171 0 +1.163552755e+02 +1.940152755e+02 +1.940152755e+02 -1.3170e+00 -2.0738e+00 +3.8670e-01 +5.1307e-01 -1.8656e+00 -6.0500e-02 +6.1005e-03 -3.4805e-01 +1.9509e-01 -5.3351e+00
179 0 +8.486864924e+01 +1.625286492e+02 +1.625286492e+02 -1.5527e+00 -8.0598e-01 +4.5809e-02 +1.9916e+00 -2.0714e+00 -1.0754e+00 +1.3750e+00 +6.1038e-01 +5.0305e-01 -4.1726e+00
213 0 +8.030249548e+01 +1.579624955e+02 +1.579624955e+02 -9.7412e-01 -1.2046e-01 -5.1266e-01 +2.6973e+00 -1.8786e+00 -9.7739e-01 +4.6852e-01 +5.8595e-01 +5.6364e-01 -3.3732e+00
275 0 +7.054375023e+01 +1.482037502e+02 +1.482037502e+02 -1.5339e+00 -9.8578e-01 -4.6700e-01 +2.6046e+00 -1.8776e+00 -4.2740e-01 +2.1762e-01 -2.7777e-01 -4.0131e-01 -3.0813e+00
426 0 +6.773356003e+01 +1.453935600e+02 +1.453935600e+02 +9.4449e-03 -7.3177e-01 -5.1506e-01 +3.5989e+00 -1.9036e+00 -5.7489e-01 +5.7343e-01 -3.8897e-01 -8.6384e-01 -3.8931e+00
462 0 +5.106752012e+01 +1.287275201e+02 +1.287275201e+02 +5.3397e-01 -7.0964e-01 -1.1844e+00 +4.6395e+00 -2.2220e+00 -6.2405e-01 +1.5473e+00 +1.6017e-01 -1.3727e-01 -4.1831e+00
548 0 +4.323416417e+01 +1.208941642e+02 +1.208941642e+02 +3.5264e-01 -8.3408e-01 -5.0974e-01 +4.1972e+00 -2.5126e+00 -5.8466e-01 +8.5675e-02 +1.9888e-01 -5.3266e-01 -3.5838e+00
597 0 +4.175400956e+01 +1.194140096e+02 +1.194140096e+02 +4.4147e-01 -1.0160e+00 -6.3708e-01 +3.9170e+00 -2.4537e+00 -3.7945e-01 +6.2435e-01 +8.7994e-02 -5.5973e-01 -3.2071e+00
602 0 +3.684965316e+01 +1.145096532e+02 +1.145096532e+02 +5.8659e-01 -1.0667e+00 -5.9173e-01 +4.0871e+00 -2.4393e+00 -5.7809e-01 +5.5544e-01 -2.1611e-01 -2.1837e-01 -3.2602e+00
703 0 +3.542300457e+01 +1.130830046e+02 +1.130830046e+02 +2.9396e-01 -7.9201e-01 -5.9265e-01 +4.1246e+00 -2.4117e+00 -5.1727e-01 +5.7895e-01 +1.5604e-01 +1.9388e-02 -3.8763e+00
710 0 +2.263401540e+01 +1.002940154e+02 +1.002940154e+02 +3.5549e-01 -8.6503e-01 -5.8943e-01 +4.1515e+00 -2.4877e+00 -4.8917e-01 +5.1810e-01 +1.3739e-01 -1.8584e-01 -3.8053e+00
774 0 +1.648166483e+01 +9.414166483e+01 +9.414166483e+01 +3.2605e-01 -9.9053e-01 -5.3032e-01 +4.0574e+00 -2.4490e+00 -5.3078e-01 +5.8338e-01 +1.5659e-01 -1.7891e-01 -3.8700e+00
864 0 +1.412075892e+01 +9.178075892e+01 +9.178075892e+01 +4.6294e-01 -8.6426e-01 -6.2634e-01 +4.0500e+00 -2.4568e+00 -5.0684e-01 +5.9662e-01 +1.8352e-01 -1.8114e-01 -3.8535e+00
880 0 +1.363922879e+01 +9.129922879e+01 +9.129922879e+01 +4.7047e-01 -8.7533e-01 -6.3175e-01 +4.1092e+00 -2.4552e+00 -5.2937e-01 +5.8023e-01 +1.2067e-01 -1.5861e-01 -3.8207e+00
907 0 +1.150000141e+01 +8.916000141e+01 +8.916000141e+01 +4.9005e-01 -8.6844e-01 -5.3917e-01 +4.0824e+00 -2.4901e+00 -5.4775e-01 +5.8942e-01 +1.1960e-01 -1.7559e-01 -3.8919e+00
941 0 +1.042754661e+01 +8.808754661e+01 +8.808754661e+01 +4.8093e-01 -8.7469e-01 -5.0297e-01 +4.0910e+00 -2.4919e+00 -5.0009e-01 +5.9002e-01 +1.0464e-01 -1.7696e-01 -3.8466e+00
948 0 +1.009917314e+01 +8.775917314e+01 +8.775917314e+01 +4.7761e-01 -8.4833e-01 -5.1953e-01 +4.0852e+00 -2.4648e+00 -5.0946e-01 +6.0481e-01 +1.0380e-01 -1.9234e-01 -3.8561e+00
965 0 +9.963585738e+00 +8.762358574e+01 +8.762358574e+01 +4.4764e-01 -8.5610e-01 -5.8161e-01 +4.0703e+00 -2.4492e+00 -5.3987e-01 +6.0088e-01 +1.3486e-01 -1.8261e-01 -3.8479e+00
1010 0 +9.963585738e+00 +8.762358574e+01 +8.762358574e+01 +4.4764e-01 -8.5610e-01 -5.8161e-01 +4.0703e+00 -2.4492e+00 -5.3987e-01 +6.0088e-01 +1.3486e-01 -1.8261e-01 -3.8479e+00
% f evaluations | g evaluations | best noise-free fitness - Fopt (1.156800000000e+02) + sum g_i+ | measured fitness | best measured fitness or single-digit g-values | x1 | x2...
1 0 +7.142786491e+02 +8.299586491e+02 +8.299586491e+02 +1.5169e-02 +1.4999e-01 -2.9878e-01 +2.0808e-01 -1.2549e-01 -4.7539e-01 -1.9432e-01 +1.7958e-01 +9.9679e-02 -3.4426e-01
10 0 +6.769773155e+02 +7.926573155e+02 +7.926573155e+02 +1.4581e-02 +5.6594e-02 +6.2795e-02 -1.1234e-01 +2.8642e-01 +1.5698e-01 -1.4875e-01 -5.1441e-02 -2.8332e-01 +8.4263e-02
12 0 +6.241030247e+02 +7.397830247e+02 +7.397830247e+02 +4.0937e-01 -1.4301e-01 -4.7979e-01 -1.4534e-01 -2.5830e-02 -1.2795e-01 +9.6769e-02 +2.8701e-01 -5.5483e-01 +2.3308e-01
21 0 +5.702817744e+02 +6.859617744e+02 +6.859617744e+02 +5.2416e-01 -3.5165e-01 -2.1704e-01 +1.1817e-01 -6.5634e-02 +4.2657e-01 -4.0881e-02 +3.5255e-01 -7.7472e-01 +1.3862e-01
30 0 +5.100436841e+02 +6.257236841e+02 +6.257236841e+02 +4.2826e-01 +1.6511e-01 +8.2040e-02 -1.4306e-01 +1.7303e-01 -2.6548e-01 -3.8327e-01 +3.4381e-01 -1.0618e+00 +1.0789e-01
34 0 +4.633997986e+02 +5.790797986e+02 +5.790797986e+02 +1.9719e-01 -2.6630e-01 -4.1993e-01 -4.1689e-01 +8.1261e-02 -3.2477e-01 -3.5949e-01 +4.2614e-01 -1.6680e+00 -5.5272e-02
41 0 +4.346900481e+02 +5.503700481e+02 +5.503700481e+02 +5.6168e-01 -7.3242e-02 -6.6519e-01 -6.2992e-01 +1.7107e-01 -3.9812e-01 -5.1149e-01 +7.6706e-01 -1.7991e+00 -1.1068e-02
47 0 +4.207155051e+02 +5.363955051e+02 +5.363955051e+02 +3.3307e-01 -1.0708e-01 -6.3340e-01 -3.6536e-01 -2.0583e-01 +5.1009e-02 -8.9394e-01 +9.7934e-01 -1.7633e+00 +8.8236e-02
53 0 +3.256714115e+02 +4.413514115e+02 +4.413514115e+02 +5.0982e-01 -1.8594e-01 -6.8485e-01 -2.2217e-01 -6.8318e-02 -3.0632e-01 -1.0179e+00 +1.8861e+00 -1.9175e+00 -1.4589e-01
62 0 +3.102295260e+02 +4.259095260e+02 +4.259095260e+02 +9.5848e-02 -7.6615e-02 -7.4733e-01 +1.4228e-01 -4.5114e-01 -6.5947e-01 -2.0381e+00 +1.0151e+00 -1.7581e+00 -1.3912e-01
66 0 +2.977510326e+02 +4.134310326e+02 +4.134310326e+02 +3.3379e-01 +1.9441e-01 -5.2763e-01 -7.3421e-01 -6.2702e-01 -5.9309e-01 -1.4827e+00 +9.8669e-01 -2.0305e+00 -1.3224e+00
72 0 +2.536631625e+02 +3.693431625e+02 +3.693431625e+02 -1.2645e+00 -3.6636e-01 -4.1277e-01 -9.0215e-01 -3.9076e-02 -7.6238e-01 -1.8933e+00 +1.4031e+00 -2.9140e+00 -7.6244e-01
78 0 +2.387678837e+02 +3.544478837e+02 +3.544478837e+02 -5.5934e-02 -1.1307e-01 -4.0546e-01 -1.0107e+00 +2.8710e-02 -7.9852e-01 -2.0835e+00 +8.4802e-01 -3.1278e+00 -5.0858e-01
99 0 +1.707801418e+02 +2.864601418e+02 +2.864601418e+02 -2.4781e-01 -1.0799e+00 -1.6674e-01 -8.6397e-01 -1.0809e+00 -9.6859e-01 -2.4705e+00 +1.9934e+00 -3.5821e+00 -2.2678e+00
142 0 +1.644705687e+02 +2.801505687e+02 +2.801505687e+02 +4.8951e-01 -1.8133e+00 -1.3029e+00 -6.7674e-01 -3.7517e+00 -2.5854e+00 -4.5650e+00 +2.5827e+00 -5.0619e+00 -1.3221e+00
147 0 +1.370181666e+02 +2.526981666e+02 +2.526981666e+02 +9.8879e-02 -2.0964e+00 -1.3354e+00 -3.4960e-01 -3.6493e+00 -2.0914e+00 -3.8349e+00 +3.2278e+00 -3.9859e+00 -1.5370e+00
185 0 +1.077419949e+02 +2.234219949e+02 +2.234219949e+02 +5.4868e-01 -2.8092e+00 -5.0729e-01 +1.7498e-01 -3.5825e+00 -2.2926e+00 -3.6389e+00 +2.6980e+00 -4.3520e+00 -2.4889e+00
334 0 +8.336355189e+01 +1.990435519e+02 +1.990435519e+02 -1.0703e+00 -4.5435e+00 +3.1132e-01 +4.1871e-01 -4.2328e+00 -3.4587e+00 -2.5571e+00 +2.3670e+00 -3.5308e+00 -2.6523e+00
379 0 +6.477091655e+01 +1.804509165e+02 +1.804509165e+02 -1.4750e+00 -2.6638e+00 +1.0664e+00 +1.0900e+00 -3.6181e+00 -2.8045e+00 -3.4881e+00 +2.4313e+00 -4.2730e+00 -1.1191e+00
538 0 +5.558705147e+01 +1.712670515e+02 +1.712670515e+02 -1.6722e+00 -1.1483e+00 -5.7220e-01 +3.2410e+00 -4.3363e+00 -2.2085e+00 -3.5960e+00 +2.2896e+00 -3.9635e+00 -1.3205e+00
771 0 +5.367322484e+01 +1.693532248e+02 +1.693532248e+02 -2.0706e+00 -1.1156e+00 -3.9601e-01 +3.8408e+00 -3.4606e+00 -2.5015e+00 -3.5369e+00 +1.9940e+00 -3.4980e+00 -1.3771e+00
1010 0 +5.367322484e+01 +1.693532248e+02 +1.693532248e+02 -2.0706e+00 -1.1156e+00 -3.9601e-01 +3.8408e+00 -3.4606e+00 -2.5015e+00 -3.5369e+00 +1.9940e+00 -3.4980e+00 -1.3771e+00
% f evaluations | g evaluations | best noise-free fitness - Fopt (-3.710000000000e+00) + sum g_i+ | measured fitness | best measured fitness or single-digit g-values | x1 | x2...
1 0 +3.936331475e+02 +3.899231475e+02 +3.899231475e+02 +1.5169e-02 +1.4999e-01 -2.9878e-01 +2.0808e-01 -1.2549e-01 -4.7539e-01 -1.9432e-01 +1.7958e-01 +9.9679e-02 -3.4426e-01
2 0 +3.712057158e+02 +3.674957158e+02 +3.674957158e+02 +1.8560e-01 -2.6396e-02 +1.2752e-01 +9.9677e-02 -3.4705e-01 +1.0530e-01 -1.8207e-01 +4.6411e-01 +2.1701e-01 +1.3841e-02
7 0 +3.464949069e+02 +3.427849069e+02 +3.427849069e+02 +7.4298e-01 +1.0570e-01 +2.0242e-02 -2.1968e-01 +8.9144e-02 -2.8854e-01 +3.8156e-01 -1.9430e-01 +4.7543e-02 +5.9705e-01
9 0 +3.356526191e+02 +3.319426191e+02 +3.319426191e+02 -3.2914e-01 -1.5846e-01 -7.1394e-01 -1.8231e-01 -3.2259e-01 +6.0674e-01 -1.6947e-01 -4.6289e-01 +2.6126e-01 -5.2566e-02
10 0 +2.938371193e+02 +2.901271193e+02 +2.901271193e+02 +1.4581e-02 +5.6594e-02 +6.2795e-02 -1.1234e-01 +2.8642e-01 +1.5698e-01 -1.4875e-01 -5.1441e-02 -2.8332e-01 +8.4263e-02
14 0 +2.272896351e+02 +2.235796351e+02 +2.235796351e+02 +2.4140e-02 +5.9647e-02 +2.8032e-01 +5.2235e-02 +1.9510e-01 +4.9935e-01 -2.3479e-01 +2.0564e-02 -3.9863e-01 +3.5507e-01
91 0 +2.147790234e+02 +2.110690234e+02 +2.110690234e+02 +9.9800e-02 -1.9169e-01 -7.0102e-01 -2.2157e-01 -4.2169e-01 +8.6518e-01 -6.3936e-02 -5.6826e-01 -1.2921e+00 +2.4287e-02
118 0 +1.937104037e+02 +1.900004037e+02 +1.900004037e+02 +6.1865e-01 -3.4136e-02 -7.6792e-01 -8.7088e-02 -4.6230e-01 +8.7485e-01 +1.7546e-01 -8.8362e-01 -1.2512e+00 +6.8133e-01
121 0 +1.889318938e+02 +1.852218938e+02 +1.852218938e+02 +8.1279e-01 -4.5980e-01 -7.2869e-01 -2.9162e-01 -3.9029e-01 +5.4732e-01 +1.4322e-01 -3.7759e-01 -1.0946e+00 +1.0786e+00
160 0 +1.834884456e+02 +1.797784456e+02 +1.797784456e+02 +8.0849e-02 -1.3816e-02 -7.8862e-01 -2.7199e-02 +6.8737e-02 +9.1163e-01 -4.7741e-01 -9.2732e-01 -1.4269e+00 +7.3893e-01
176 0 +1.773474841e+02 +1.736374841e+02 +1.736374841e+02 +9.7963e-02 -2.5744e-01 -1.1343e+00 +4.9033e-01 -6.2728e-01 +1.5106e+00 -7.6179e-01 -1.1240e+00 -1.6682e+00 +1.0227e+00
255 0 +1.605125976e+02 +1.568025976e+02 +1.568025976e+02 -5.1317e-02 +2.7307e-01 -2.0902e+00 +1.7623e+00 -9.6883e-01 +2.2499e+00 -5.5773e-01 -1.4899e+00 -1.4637e+00 +1.0820e+00
312 0 +1.583343434e+02 +1.546243434e+02 +1.546243434e+02 +7.9966e-01 +2.7313e-01 -3.0329e+00 +2.5853e+00 -4.2247e-01 +3.5115e+00 -2.9706e-01 -1.6672e+00 -2.0287e+00 -6.4526e-02
344 0 +1.427329854e+02 +1.390229854e+02 +1.390229854e+02 +5.3779e-02 +2.2797e-01 -3.7490e+00 +2.7075e+00 -3.5857e-01 +3.1430e+00 -2.2551e-01 -2.0129e+00 -1.0654e+00 +1.0479e+00
395 0 +1.399617039e+02 +1.362517039e+02 +1.362517039e+02 +1.3381e+00 +1.5593e+00 -2.1196e+00 +3.0271e+00 +1.2693e+00 +3.1356e+00 +2.5523e-01 -1.8642e+00 -2.5658e+00 +9.9671e-01
412 0 +1.305691833e+02 +1.268591833e+02 +1.268591833e+02 +1.1806e+00 +1.0208e+00 -1.9856e+00 +3.1710e+00 +1.3248e+00 +2.8581e+00 +4.4016e-01 -1.5870e+00 -2.4353e+00 +3.0783e-01
423 0 +1.229371570e+02 +1.192271570e+02 +1.192271570e+02 +1.5122e+00 +9.4502e-01 -2.0138e+00 +2.9496e+00 +1.4568e+00 +2.2292e+00 +1.2668e-01 -1.6609e+00 -2.3916e+00 +1.3815e-02
463 0 +1.179687262e+02 +1.142587262e+02 +1.142587262e+02 +1.4059e+00 -1.5116e-01 -1.4956e+00 +3.2582e+00 +2.5050e+00 +3.0808e+00 -6.8670e-01 -1.4740e+00 -2.4281e+00 +5.3186e-01
504 0 +1.068397605e+02 +1.031297605e+02 +1.031297605e+02 +1.1942e+00 +8.2899e-02 -2.2560e+00 +3.8225e+00 +2.4889e+00 +3.3622e+00 -4.8021e-01 -1.5409e+00 -1.9764e+00 +4.8142e-01
516 0 +9.295122543e+01 +8.924122543e+01 +8.924122543e+01 +1.1437e+00 +3.7407e-02 -1.3710e+00 +3.0852e+00 +2.7133e+00 +2.3947e+00 -4.6078e-01 -1.6039e+00 -2.3526e+00 +1.3777e+00
527 0 +7.180332877e+01 +6.809332877e+01 +6.809332877e+01 +1.2803e+00 -3.7444e-01 -2.0369e+00 +3.1759e+00 +2.1192e+00 +3.1416e+00 -3.4185e-01 -2.3068e+00 -2.6539e+00 +1.3085e+00
864 0 +6.763831148e+01 +6.392831148e+01 +6.392831148e+01 +1.1212e+00 -5.0280e-01 -1.4082e+00 +3.6342e+00 +2.6372e+00 +3.1925e+00 -2.4033e-01 -1.5622e+00 -1.4597e+00 +6.4512e-01
1010 0 +6.763831148e+01 +6.392831148e+01 +6.392831148e+01 +1.1212e+00 -5.0280e-01 -1.4082e+00 +3.6342e+00 +2.6372e+00 +3.1925e+00 -2.4033e-01 -1.5622e+00 -1.4597e+00 +6.4512e-01
% f evaluations | g evaluations | best noise-free fitness - Fopt (1.321800000000e+02) + sum g_i+ | measured fitness | best measured fitness or single-digit g-values | x1 | x2...
1 0 +2.023632032e+02 +3.345432032e+02 +3.345432032e+02 +1.5169e-02 +1.4999e-01 -2.9878e-01 +2.0808e-01 -1.2549e-01 -4.7539e-01 -1.9432e-01 +1.7958e-01 +9.9679e-02 -3.4426e-01
2 0 +1.974406058e+02 +3.296206058e+02 +3.296206058e+02 +1.8560e-01 -2.6396e-02 +1.2752e-01 +9.9677e-02 -3.4705e-01 +1.0530e-01 -1.8207e-01 +4.6411e-01 +2.1701e-01 +1.3841e-02
6 0 +1.721492436e+02 +3.043292436e+02 +3.043292436e+02 +2.3598e-01 -5.5227e-01 +1.1264e-02 +1.0779e-02 -2.3363e-01 +5.3825e-02 -4.3667e-01 +1.6686e-01 +1.5294e-01 +9.0138e-02
11 0 +1.585251742e+02 +2.907051742e+02 +2.907051742e+02 +4.2615e-01 -3.0730e-02 -2.2898e-01 +9.0367e-02 -3.6193e-01 +7.7921e-02 -4.2716e-01 +4.1283e-02 +1.4374e-01 +1.2623e-01
36 0 +1.568734081e+02 +2.890534081e+02 +2.890534081e+02 +1.4862e-01 -2.6446e-01 -3.5799e-01 -2.7036e-03 -3.1197e-01 +3.8734e-01 -4.0172e-01 +2.0867e-01 +4.6523e-01 -2.4748e-01
67 0 +1.344337472e+02 +2.666137472e+02 +2.666137472e+02 +2.2995e-01 -2.4304e-01 +1.8113e-01 +9.0936e-03 -1.1770e-01 -9.1037e-03 -5.0117e-01 +2.2824e-01 +5.9220e-01 -1.8106e-01
116 0 +1.258072100e+02 +2.579872100e+02 +2.579872100e+02 +1.5530e-01 -1.7902e-01 +3.7047e-01 -3.7606e-02 -4.2140e-01 -7.7238e-02 -6.8146e-01 +2.0067e-01 +5.8254e-01 +3.4076e-02
162 0 +1.094624922e+02 +2.416424922e+02 +2.416424922e+02 +1.2281e-01 -1.1462e-01 +2.9557e-01 -2.0567e-01 -6.0408e-01 -4.1550e-02 -1.1277e+00 +1.3094e-01 +5.4554e-01 +4.4482e-01
207 0 +1.004802048e+02 +2.326602048e+02 +2.326602048e+02 +1.3346e-01 +3.7563e-02 +4.4151e-01 -4.5170e-01 -7.8107e-01 -4.9061e-01 -1.0980e+00 +1.6970e-01 +5.4377e-01 +4.5295e-01
261 0 +9.747871739e+01 +2.296587174e+02 +2.296587174e+02 +1.1553e-01 -1.8823e-02 +3.8930e-01 -7.6768e-01 -6.9699e-01 -2.8647e-01 -9.2449e-01 +6.3580e-02 +5.6122e-01 +4.6147e-01
298 0 +9.417845858e+01 +2.263584586e+02 +2.263584586e+02 +2.5739e-01 +5.5702e-02 +3.3532e-01 -7.2413e-01 -6.4356e-01 -4.3479e-01 -9.7152e-01 +9.2701e-02 +5.0470e-01 +4.0371e-01
323 0 +9.290241616e+01 +2.250824162e+02 +2.250824162e+02 +1.4501e-01 -1.4340e-02 +3.7643e-01 -7.7360e-01 -5.8865e-01 -5.3489e-01 -1.0140e+00 +1.3056e-01 +5.6051e-01 +3.2997e-01
331 0 +8.652614893e+01 +2.187061489e+02 +2.187061489e+02 +2.0884e-01 +4.8847e-02 +3.3196e-01 -8.3139e-01 -6.7309e-01 -5.2089e-01 -1.1002e+00 +2.7183e-02 +4.9763e-01 +4.0856e-01
344 0 +8.306059589e+01 +2.152405959e+02 +2.152405959e+02 +2.3827e-01 -9.6391e-02 +3.1901e-01 -7.7821e-01 -6.8059e-01 -4.8141e-01 -9.3638e-01 +1.6890e-01 +5.5770e-01 +4.8586e-01
354 0 +7.495437799e+01 +2.071343780e+02 +2.071343780e+02 +2.5378e-01 -7.4120e-02 +2.1532e-01 -6.9636e-01 -6.9661e-01 -5.2890e-01 -1.0673e+00 +1.0784e-01 +6.2088e-01 +4.7174e-01
408 0 +6.855950672e+01 +2.007395067e+02 +2.007395067e+02 +2.5529e-01 -1.0612e-01 +3.0123e-01 -6.4248e-01 -6.9815e-01 -5.4205e-01 -1.0132e+00 +6.9535e-02 +5.6487e-01 +4.3158e-01
412 0 +6.724077696e+01 +1.994207770e+02 +1.994207770e+02 +3.0603e-01 -1.1497e-01 +2.7632e-01 -6.7513e-01 -6.6579e-01 -5.1609e-01 -1.0441e+00 +1.0862e-01 +5.8031e-01 +3.8407e-01
422 0 +6.586695900e+01 +1.980469590e+02 +1.980469590e+02 +2.5122e-01 -1.2567e-01 +3.0503e-01 -6.2606e-01 -7.1599e-01 -5.5325e-01 -1.0642e+00 +8.8696e-02 +5.7215e-01 +3.9799e-01
508 0 +6.415438766e+01 +1.963343877e+02 +1.963343877e+02 +2.9202e-01 -9.7530e-02 +3.5608e-01 -7.1499e-01 -6.9429e-01 -5.0753e-01 -1.0601e+00 +1.1504e-01 +5.7137e-01 +4.2344e-01
533 0 +6.111772932e+01 +1.932977293e+02 +1.932977293e+02 +2.2955e-01 -1.0537e-01 +3.0041e-01 -7.2313e-01 -6.8349e-01 -5.2763e-01 -1.0788e+00 +1.0867e-01 +5.7927e-01 +4.0701e-01
758 0 +6.020730825e+01 +1.923873083e+02 +1.923873083e+02 +2.2535e-01 -1.3371e-01 +3.2112e-01 -7.4938e-01 -6.8330e-01 -5.3465e-01 -1.0718e+00 +1.0944e-01 +5.8675e-01 +4.0660e-01
1010 0 +5.970803708e+01 +1.918880371e+02 +1.918880371e+02 +2.2071e-01 -1.4991e-01 +3.1921e-01 -7.5864e-01 -6.8955e-01 -5.2656e-01 -1.0679e+00 +9.8660e-02 +5.7992e-01 +4.0817e-01
% f evaluations | g evaluations | best noise-free fitness - Fopt (-3.930000000000e+01) + sum g_i+ | measured fitness | best measured fitness or single-digit g-values | x1 | x2...
1 0 +4.609342829e+02 +4.216342829e+02 +4.216342829e+02 +1.5169e-02 +1.4999e-01 -2.9878e-01 +2.0808e-01 -1.2549e-01 -4.7539e-01 -1.9432e-01 +1.7958e-01 +9.9679e-02 -3.4426e-01
11 0 +4.523507409e+02 +4.130507409e+02 +4.130507409e+02 +1.6575e-01 +3.1865e-02 +1.5921e-01 -3.0247e-01 +2.3148e-01 -2.2862e-01 -1.7984e-01 -1.0807e-01 +7.3326e-02 -5.0108e-01
13 0 +3.991984423e+02 +3.598984423e+02 +3.598984423e+02 +5.4976e-02 +1.8897e-01 -1.8723e-01 +6.6597e-02 +3.4743e-01 -2.7070e-01 +5.0951e-02 -5.1490e-01 +3.7489e-01 -9.3204e-01
21 0 +3.954373968e+02 +3.561373968e+02 +3.561373968e+02 -2.2590e-01 -3.9801e-01 -4.3848e-01 +6.3737e-01 +2.2508e-01 -1.9228e-01 +2.8585e-01 -3.7572e-01 +6.3479e-02 -7.5593e-01
25 0 +3.529619800e+02 +3.136619800e+02 +3.136619800e+02 +3.1631e-01 -9.6021e-02 +7.3600e-03 -8.3371e-02 +9.8589e-02 -2.5009e-01 -5.9919e-02 -4.7744e-01 +5.1779e-02 -1.2051e+00
35 0 +3.263562038e+02 +2.870562038e+02 +2.870562038e+02 -3.4577e-01 -1.6780e-01 -1.4347e-01 +8.8442e-02 +3.7110e-01 -4.5657e-01 +3.2959e-01 +3.3676e-02 +3.0531e-01 -1.1388e+00
46 0 +3.231964730e+02 +2.838964730e+02 +2.838964730e+02 -6.1053e-01 +9.8923e-02 -2.3252e-01 +2.6627e-01 +4.3407e-01 -7.0264e-01 +6.5867e-01 -4.4892e-01 +9.3951e-02 -1.1470e+00
61 0 +2.787722527e+02 +2.394722527e+02 +2.394722527e+02 -7.6700e-01 -8.5344e-01 -2.1528e-01 +1.3806e-01 +3.8495e-01 -6.0353e-01 +1.1054e+00 -5.5130e-02 +6.3358e-01 -1.3439e+00
68 0 +2.602681814e+02 +2.209681814e+02 +2.209681814e+02 -6.1797e-01 +8.9792e-02 +2.3334e-01 +6.6219e-01 +4.6494e-01 -6.7578e-01 +9.7292e-01 -5.6640e-01 +4.1877e-02 -1.9722e+00
71 0 +2.297978077e+02 +1.904978077e+02 +1.904978077e+02 -5.6649e-01 -7.8574e-02 +5.6196e-02 +4.3278e-01 +4.1265e-01 -7.1213e-01 +1.1075e+00 -2.7635e-01 -4.6065e-01 -2.3923e+00
75 0 +2.228165523e+02 +1.835165523e+02 +1.835165523e+02 -1.3119e+00 -4.1759e-01 +1.2672e-01 +1.0845e+00 -1.0813e-02 -5.2456e-01 +1.2530e+00 -6.4384e-01 +4.9549e-01 -1.9832e+00
87 0 +2.051982456e+02 +1.658982456e+02 +1.658982456e+02 -3.3120e-01 -1.3903e-01 -1.4153e-01 +6.5409e-01 +6.3595e-01 -7.5589e-01 +1.2237e+00 -5.1009e-01 +5.9097e-02 -2.6451e+00
92 0 +1.976564565e+02 +1.583564565e+02 +1.583564565e+02 -6.0116e-01 -5.0199e-01 -6.4841e-02 +1.0241e+00 +1.2148e-01 -3.2361e-01 +1.1594e+00 -5.8567e-02 +3.9185e-01 -2.6330e+00
123 0 +1.766101973e+02 +1.373101973e+02 +1.373101973e+02 -1.9470e-02 -4.0371e-01 -4.4667e-01 +1.3572e+00 +1.0814e+00 +4.5553e-02 +8.2387e-01 +9.2015e-01 +8.0822e-01 -3.0084e+00
142 0 +1.679492384e+02 +1.286492384e+02 +1.286492384e+02 +1.4824e-01 +4.8577e-02 -1.0438e+00 +6.5283e-01 +1.0460e+00 -1.6828e+00 +1.6088e+00 +6.1406e-01 +9.7832e-01 -3.6869e+00
153 0 +1.653848138e+02 +1.260848138e+02 +1.260848138e+02 +4.2930e-02 -6.1887e-01 -6.9503e-01 +7.8264e-01 +2.1674e+00 -1.1428e+00 +1.8696e+00 +1.1625e+00 +9.2897e-01 -4.3256e+00
162 0 +1.449138768e+02 +1.056138768e+02 +1.056138768e+02 -7.2230e-01 -2.5796e-02 -6.6060e-01 +1.1370e+00 +1.4873e+00 -2.1254e+00 +2.1886e+00 +1.2352e+00 +1.0041e+00 -4.1114e+00
165 0 +1.358081724e+02 +9.650817237e+01 +9.650817237e+01 -4.9209e-01 -3.2978e-01 -9.3061e-01 +1.9268e+00 +1.7975e+00 -1.6998e+00 +2.6995e+00 +1.6144e+00 +2.3797e+00 -4.5077e+00
172 0 +1.341437523e+02 +9.484375231e+01 +9.484375231e+01 +2.7178e-01 +1.1666e+00 -6.7074e-01 +1.3905e+00 +1.0264e+00 -2.0923e+00 +1.8288e+00 +1.0621e+00 +1.9363e+00 -3.3052e+00
176 0 +1.180025594e+02 +7.870255937e+01 +7.870255937e+01 +5.0571e-02 -3.5748e-01 -9.1117e-01 +7.4232e-01 +1.5715e+00 -1.4159e+00 +2.2847e+00 +1.5765e+00 +2.5465e+00 -3.9801e+00
195 0 +1.146351877e+02 +7.533518773e+01 +7.533518773e+01 -7.1542e-01 +1.3630e+00 -8.1491e-01 +1.8170e+00 +1.5936e+00 -2.4955e+00 +2.9191e+00 +1.2178e+00 +2.1197e+00 -4.3821e+00
221 0 +1.073876998e+02 +6.808769982e+01 +6.808769982e+01 -1.3529e+00 +5.6571e-01 +1.3744e-01 +2.0973e+00 +1.1382e+00 -3.2715e+00 +3.0305e+00 +6.5277e-01 +2.6184e+00 -4.3881e+00
265 0 +1.029827753e+02 +6.368277533e+01 +6.368277533e+01 +2.1020e-01 +5.9796e-01 +1.0205e-01 +2.5728e+00 +9.1002e-01 -1.5804e+00 +2.6470e+00 +1.0134e+00 +2.1739e+00 -3.9701e+00
325 0 +9.556098350e+01 +5.626098350e+01 +5.626098350e+01 +8.5263e-01 +1.0796e+00 -7.2789e-01 +2.6956e+00 +3.7812e-01 -2.4547e+00 +2.2611e+00 +1.5024e+00 +1.4904e+00 -3.4634e+00
376 0 +8.496239784e+01 +4.566239784e+01 +4.566239784e+01 +3.5950e-01 +1.1288e+00 +1.7975e-02 +3.3706e+00 +1.5249e+00 -2.0492e+00 +3.1919e+00 +1.5556e+00 +2.0490e+00 -4.0742e+00
386 0 +7.991409968e+01 +4.061409968e+01 +4.061409968e+01 +6.3198e-01 +1.0487e+00 -1.4486e-01 +2.9094e+00 +1.5223e+00 -2.4246e+00 +3.0646e+00 +1.2965e+00 +2.2863e+00 -3.7147e+00
476 0 +7.530101716e+01 +3.600101716e+01 +3.600101716e+01 +3.6945e-01 +1.2795e+00 +7.2180e-01 +2.7316e+00 +1.4940e+00 -2.3339e+00 +3.5114e+00 +2.1024e+00 +2.5653e+00 -3.3244e+00
561 0 +6.573547944e+01 +2.643547944e+01 +2.643547944e+01 +4.6495e-01 +1.1641e+00 +6.5143e-01 +3.3449e+00 +1.0351e+00 -2.2239e+00 +3.5371e+00 +1.7077e+00 +2.2684e+00 -3.6890e+00
632 0 +6.419795687e+01 +2.489795687e+01 +2.489795687e+01 +4.3945e-01 +1.1977e+00 +9.4247e-01 +3.4079e+00 +9.7397e-01 -1.8673e+00 +3.4903e+00 +1.5742e+00 +1.7642e+00 -3.9872e+00
662 0 +5.728113043e+01 +1.798113043e+01 +1.798113043e+01 +5.0676e-01 +1.5690e+00 +9.3543e-01 +3.3711e+00 +9.6360e-01 -1.9739e+00 +3.5359e+00 +1.6612e+00 +1.8600e+00 -4.0147e+00
682 0 +5.454324311e+01 +1.524324311e+01 +1.524324311e+01 +5.8170e-01 +1.4276e+00 +9.8600e-01 +3.3789e+00 +1.0353e+00 -1.9515e+00 +3.5172e+00 +1.7567e+00 +1.8777e+00 -4.0859e+00
788 0 +4.229124725e+01 +2.991247254e+00 +2.991247254e+00 +4.4614e-01 +1.1470e+00 +8.7479e-01 +3.4604e+00 +1.0200e+00 -1.8891e+00 +3.5736e+00 +1.6953e+00 +2.1891e+00 -4.0524e+00
835 0 +4.041927613e+01 +1.119276127e+00 +1.119276127e+00 +6.2511e-01 +1.2151e+00 +8.2043e-01 +3.3316e+00 +1.0402e+00 -1.9475e+00 +3.6137e+00 +1.7249e+00 +2.1854e+00 -4.0937e+00
883 0 +3.913360026e+01 -1.663997400e-01 -1.663997400e-01 +5.7251e-01 +1.2439e+00 +8.6423e-01 +3.3028e+00 +9.7866e-01 -1.9876e+00 +3.5648e+00 +1.6974e+00 +2.1994e+00 -4.1178e+00
887 0 +3.544499456e+01 -3.855005440e+00 -3.855005440e+00 +5.4385e-01 +1.2634e+00 +8.9719e-01 +3.3387e+00 +9.7922e-01 -1.9649e+00 +3.6186e+00 +1.7232e+00 +2.2365e+00 -4.0689e+00
903 0 +3.406874223e+01 -5.231257771e+00 -5.231257771e+00 +5.7546e-01 +1.1679e+00 +8.4387e-01 +3.3839e+00 +9.4648e-01 -1.9489e+00 +3.5668e+00 +1.6804e+00 +2.2279e+00 -4.0583e+00
914 0 +3.301107679e+01 -6.288923212e+00 -6.288923212e+00 +4.9565e-01 +1.1851e+00 +9.0768e-01 +3.3545e+00 +9.9854e-01 -1.9337e+00 +3.5824e+00 +1.7128e+00 +2.2637e+00 -4.0727e+00
951 0 +3.133271645e+01 -7.967283555e+00 -7.967283555e+00 +5.3897e-01 +1.1485e+00 +8.7726e-01 +3.3349e+00 +1.0043e+00 -1.9552e+00 +3.5642e+00 +1.6903e+00 +2.2524e+00 -4.0673e+00
974 0 +2.992553183e+01 -9.374468170e+00 -9.374468170e+00 +5.6504e-01 +1.1907e+00 +9.3224e-01 +3.3763e+00 +9.9022e-01 -1.9651e+00 +3.5763e+00 +1.6860e+00 +2.2358e+00 -4.0913e+00
1010 0 +2.992553183e+01 -9.374468170e+00 -9.374468170e+00 +5.6504e-01 +1.1907e+00 +9.3224e-01 +3.3763e+00 +9.9022e-01 -1.9651e+00 +3.5763e+00 +1.6860e+00 +2.2358e+00 -4.0913e+00
% f evaluations | g evaluations | best noise-free fitness - Fopt (4.296000000000e+01) + sum g_i+ | measured fitness | best measured fitness or single-digit g-values | x1 | x2...
1 0 +2.126880631e+02 +2.556480631e+02 +2.556480631e+02 +1.5169e-02 +1.4999e-01 -2.9878e-01 +2.0808e-01 -1.2549e-01 -4.7539e-01 -1.9432e-01 +1.7958e-01 +9.9679e-02 -3.4426e-01
3 0 +1.978502955e+02 +2.408102955e+02 +2.408102955e+02 -2.9490e-01 +1.6330e-02 +4.7968e-02 -3.6269e-01 +6.6702e-01 +1.1829e-01 +5.0772e-01 -3.3386e-01 +4.9074e-01 -4.0831e-01
4 0 +1.947382624e+02 +2.376982624e+02 +2.376982624e+02 -1.9537e-01 +1.6274e-01 +1.4402e-02 -7.0743e-01 -3.3168e-01 +2.5136e-01 +6.2638e-01 +2.7446e-01 -8.2864e-02 +2.3896e-01
7 0 +1.689875350e+02 +2.119475350e+02 +2.119475350e+02 +7.4298e-01 +1.0570e-01 +2.0242e-02 -2.1968e-01 +8.9144e-02 -2.8854e-01 +3.8156e-01 -1.9430e-01 +4.7543e-02 +5.9705e-01
41 0 +1.306595377e+02 +1.736195377e+02 +1.736195377e+02 +6.1992e-01 -6.7923e-01 -5.1764e-01 -5.4383e-02 +1.8818e-01 -8.1520e-01 +8.5427e-01 -7.4903e-01 +8.0593e-01 +1.0237e+00
64 0 +1.153146546e+02 +1.582746546e+02 +1.582746546e+02 +5.3824e-01 -4.2274e-02 -7.8371e-01 +3.2707e-01 +4.3113e-01 -8.6190e-01 +7.3234e-01 -7.3759e-01 +8.5906e-01 +5.9540e-01
65 0 +1.128353994e+02 +1.557953994e+02 +1.557953994e+02 +9.3272e-01 -1.2745e-02 -9.3780e-01 -3.1481e-01 +3.0463e-01 -1.4303e+00 +2.8332e-01 -1.0488e+00 +1.0644e+00 +6.2678e-01
91 0 +1.095938791e+02 +1.525538791e+02 +1.525538791e+02 +4.4238e-01 -2.4215e-01 -1.3451e+00 -2.7196e-01 -6.3633e-01 -1.5170e+00 +1.3411e-01 -1.5659e+00 +9.1799e-01 +1.3307e+00
92 0 +9.069869160e+01 +1.336586916e+02 +1.336586916e+02 +6.2683e-01 +3.3329e-02 -1.1471e+00 +2.9812e-01 +1.5960e-01 -1.6238e+00 +4.7792e-01 -1.2517e+00 +1.0759e+00 +1.0128e+00
117 0 +7.134214716e+01 +1.143021472e+02 +1.143021472e+02 +1.4711e+00 +7.3848e-01 -2.0947e+00 +3.2090e-01 +7.7805e-01 -1.7686e+00 +1.2643e-01 -1.2561e+00 +1.6723e+00 +1.1168e+00
137 0 +4.591053111e+01 +8.887053111e+01 +8.887053111e+01 +1.3866e+00 +8.4643e-01 -1.8544e+00 +4.7242e-01 +2.3727e-01 -2.6297e+00 -3.8065e-01 -1.2239e+00 +1.9127e+00 +5.9920e-01
295 0 +4.108475144e+01 +8.404475144e+01 +8.404475144e+01 +1.6291e+00 +9.8528e-01 -2.1037e+00 +3.6876e-01 +1.5431e-01 -3.2761e+00 -3.7790e-01 -1.6963e+00 +1.7776e+00 +5.4142e-01
310 0 +3.305524382e+01 +7.601524382e+01 +7.601524382e+01 +1.5380e+00 +8.2923e-01 -2.0743e+00 +3.1852e-01 +2.5132e-01 -2.8393e+00 -4.6901e-02 -1.5390e+00 +1.8429e+00 +5.5500e-01
337 0 +2.909984215e+01 +7.205984215e+01 +7.205984215e+01 +1.4813e+00 +7.6499e-01 -2.1572e+00 +3.0893e-01 +2.3861e-01 -2.8910e+00 -2.5106e-01 -1.6256e+00 +1.8954e+00 +5.3334e-01
388 0 +2.454394544e+01 +6.750394544e+01 +6.750394544e+01 +1.5433e+00 +7.1204e-01 -1.9563e+00 +2.0468e-01 +3.0979e-01 -2.8155e+00 -3.7439e-01 -1.5960e+00 +1.8153e+00 +5.0763e-01
398 0 +2.292471466e+01 +6.588471466e+01 +6.588471466e+01 +1.6049e+00 +7.0099e-01 -2.1555e+00 +2.6403e-01 +3.1797e-01 -2.7903e+00 -2.6746e-01 -1.5660e+00 +1.8250e+00 +5.9787e-01
440 0 +1.667484011e+01 +5.963484011e+01 +5.963484011e+01 +1.5469e+00 +8.0632e-01 -2.0139e+00 +2.7047e-01 +3.0576e-01 -2.7537e+00 -3.2014e-01 -1.5990e+00 +1.8934e+00 +5.0197e-01
446 0 +1.620605682e+01 +5.916605682e+01 +5.916605682e+01 +1.6172e+00 +8.1131e-01 -2.1167e+00 +3.2025e-01 +2.0161e-01 -2.7347e+00 -3.2257e-01 -1.6178e+00 +1.8199e+00 +6.1027e-01
465 0 +1.542706883e+01 +5.838706883e+01 +5.838706883e+01 +1.5658e+00 +8.2003e-01 -2.0001e+00 +1.8141e-01 +2.2560e-01 -2.7848e+00 -3.2289e-01 -1.5351e+00 +1.8607e+00 +5.4910e-01
482 0 +1.372089072e+01 +5.668089072e+01 +5.668089072e+01 +1.5568e+00 +7.7430e-01 -1.9681e+00 +2.1099e-01 +1.6846e-01 -2.7261e+00 -2.8830e-01 -1.5902e+00 +1.8249e+00 +5.9079e-01
484 0 +9.505123611e+00 +5.246512361e+01 +5.246512361e+01 +1.5320e+00 +7.8867e-01 -1.9551e+00 +2.5502e-01 +2.0629e-01 -2.7463e+00 -3.4843e-01 -1.5982e+00 +1.8137e+00 +5.3363e-01
512 0 +7.435637614e+00 +5.039563761e+01 +5.039563761e+01 +1.4941e+00 +7.8595e-01 -1.9568e+00 +2.7694e-01 +2.2283e-01 -2.7547e+00 -2.7250e-01 -1.5768e+00 +1.8155e+00 +5.4822e-01
542 0 +6.219271577e+00 +4.917927158e+01 +4.917927158e+01 +1.5064e+00 +8.6680e-01 -1.9502e+00 +2.7153e-01 +2.2687e-01 -2.7404e+00 -2.9950e-01 -1.6020e+00 +1.8453e+00 +5.6872e-01
562 0 +5.648905682e+00 +4.860890568e+01 +4.860890568e+01 +1.5158e+00 +8.5495e-01 -1.9438e+00 +2.6059e-01 +2.4482e-01 -2.7516e+00 -3.3780e-01 -1.5966e+00 +1.8296e+00 +5.5325e-01
575 0 +5.575239942e+00 +4.853523994e+01 +4.853523994e+01 +1.5070e+00 +8.1729e-01 -1.9361e+00 +2.9973e-01 +2.3858e-01 -2.7585e+00 -3.4061e-01 -1.5860e+00 +1.8224e+00 +5.5125e-01
612 0 +4.954609762e+00 +4.791460976e+01 +4.791460976e+01 +1.4990e+00 +8.4159e-01 -1.8951e+00 +2.5668e-01 +2.3407e-01 -2.7525e+00 -3.1213e-01 -1.6091e+00 +1.8339e+00 +5.6147e-01
661 0 +4.711386708e+00 +4.767138671e+01 +4.767138671e+01 +1.4999e+00 +8.2413e-01 -1.9182e+00 +2.6694e-01 +2.5051e-01 -2.7485e+00 -3.1363e-01 -1.6071e+00 +1.8370e+00 +5.4930e-01
671 0 +4.672656059e+00 +4.763265606e+01 +4.763265606e+01 +1.5303e+00 +8.5157e-01 -1.9141e+00 +2.6044e-01 +2.4143e-01 -2.7613e+00 -3.0963e-01 -1.6029e+00 +1.8401e+00 +5.6227e-01
703 0 +4.537741047e+00 +4.749774105e+01 +4.749774105e+01 +1.5184e+00 +8.5056e-01 -1.9120e+00 +2.7413e-01 +2.3343e-01 -2.7705e+00 -3.1585e-01 -1.6059e+00 +1.8282e+00 +5.5297e-01
712 0 +4.422484581e+00 +4.738248458e+01 +4.738248458e+01 +1.5294e+00 +8.4318e-01 -1.9149e+00 +2.7978e-01 +2.3806e-01 -2.7637e+00 -3.1520e-01 -1.5939e+00 +1.8285e+00 +5.7044e-01
715 0 +4.245608639e+00 +4.720560864e+01 +4.720560864e+01 +1.5263e+00 +8.4551e-01 -1.9153e+00 +2.8167e-01 +2.4411e-01 -2.7625e+00 -3.1565e-01 -1.5976e+00 +1.8346e+00 +5.5706e-01
754 0 +4.153497380e+00 +4.711349738e+01 +4.711349738e+01 +1.5224e+00 +8.2518e-01 -1.9187e+00 +2.7582e-01 +2.4062e-01 -2.7735e+00 -3.0533e-01 -1.5999e+00 +1.8259e+00 +5.6183e-01
848 0 +4.061708105e+00 +4.702170811e+01 +4.702170811e+01 +1.5193e+00 +8.3141e-01 -1.9190e+00 +2.8121e-01 +2.4156e-01 -2.7735e+00 -3.0750e-01 -1.5974e+00 +1.8348e+00 +5.5994e-01
1010 0 +3.987074969e+00 +4.694707497e+01 +4.694707497e+01 +1.5138e+00 +8.2936e-01 -1.9145e+00 +2.8136e-01 +2.4511e-01 -2.7675e+00 -3.0937e-01 -1.5959e+00 +1.8319e+00 +5.5854e-01
% f evaluations | g evaluations | best noise-free fitness - Fopt (2.842200000000e+02) + sum g_i+ | measured fitness | best measured fitness or single-digit g-values | x1 | x2...
1 0 +3.684968942e+02 +6.527168942e+02 +6.527168942e+02 +1.5169e-02 +1.4999e-01 -2.9878e-01 +2.0808e-01 -1.2549e-01 -4.7539e-01 -1.9432e-01 +1.7958e-01 +9.9679e-02 -3.4426e-01
12 0 +3.592381416e+02 +6.434581416e+02 +6.434581416e+02 +2.0522e-02 -1.2480e-01 +5.8396e-01 -1.9143e-01 -1.5765e-01 -5.8544e-01 +3.7260e-01 +1.7545e-01 +2.3581e-01 -1.9521e-01
22 0 +2.994061543e+02 +5.836261543e+02 +5.836261543e+02 -2.5174e-01 -4.0786e-01 -3.4647e-01 +3.5393e-01 -1.3241e-01 -5.0643e-01 +2.0875e-01 +2.7134e-01 +3.1421e-01 -6.1054e-01
34 0 +2.697124991e+02 +5.539324991e+02 +5.539324991e+02 -7.1386e-01 -7.2390e-02 -1.5346e-01 +4.4926e-01 +3.7498e-01 -1.9247e-01 +3.4662e-01 +4.9402e-01 +9.9383e-02 -1.1397e+00
37 0 +2.687971101e+02 +5.530171101e+02 +5.530171101e+02 -3.5857e-01 -6.1234e-01 -3.1533e-01 +4.8290e-01 +4.4806e-02 -5.5348e-01 +1.8169e-01 +1.4192e-01 +3.4116e-01 -1.0297e+00
41 0 +2.422292325e+02 +5.264492325e+02 +5.264492325e+02 -4.9199e-01 -4.3711e-01 -3.7738e-01 +3.3790e-01 +6.3494e-01 -6.3843e-01 +4.1278e-02 +6.3571e-01 +7.3573e-01 -1.2680e+00
48 0 +2.382223394e+02 +5.224423394e+02 +5.224423394e+02 -7.0787e-01 +2.5893e-01 -1.7843e-01 +3.3833e-01 +2.3697e-01 -5.1530e-01 +4.2132e-01 +2.2926e-01 +8.9735e-01 -1.1635e+00
50 0 +2.236213672e+02 +5.078413672e+02 +5.078413672e+02 -9.0439e-01 -3.4424e-01 -6.1283e-01 +4.4276e-01 +1.3928e-01 -3.9978e-01 +5.5864e-02 +1.4048e-01 +4.9209e-01 -1.4360e+00
52 0 +2.149347546e+02 +4.991547546e+02 +4.991547546e+02 -5.8594e-01 -1.6650e-01 -7.5155e-01 +1.7879e-01 -2.6036e-01 -3.8167e-01 +1.4530e-01 +9.9601e-01 +4.6085e-01 -2.1658e+00
56 0 +1.436872848e+02 +4.279072848e+02 +4.279072848e+02 -9.9371e-01 -2.2975e-01 -7.7898e-02 +2.0972e-01 +2.5440e-02 -9.6995e-01 +5.0910e-01 +1.7952e-01 +8.8139e-01 -2.2973e+00
71 0 +1.380140651e+02 +4.222340651e+02 +4.222340651e+02 -9.5547e-01 +2.4076e-02 -2.1115e-01 -5.7295e-01 +1.1511e+00 -1.7229e+00 +6.5762e-01 -1.8939e-01 +5.7379e-01 -2.2902e+00
93 0 +1.335517648e+02 +4.177717648e+02 +4.177717648e+02 -2.1782e+00 -6.2100e-01 -1.3804e-01 -3.4657e-01 +1.1737e+00 -1.9515e+00 +1.3904e+00 +1.7940e-01 +7.0089e-01 -2.0610e+00
122 0 +1.185964035e+02 +4.028164035e+02 +4.028164035e+02 -2.3405e+00 -1.0835e+00 -1.5853e+00 +7.8782e-01 +7.8961e-01 -1.8941e+00 +8.9924e-01 +2.2329e+00 +1.2065e+00 -2.8590e+00
137 0 +1.170066374e+02 +4.012266374e+02 +4.012266374e+02 -2.0554e+00 -3.4277e-02 -1.0539e+00 -1.2399e-01 +1.5790e+00 -2.0376e+00 +1.1117e+00 +5.4298e-01 +1.0229e+00 -2.1227e+00
141 0 +1.130369657e+02 +3.972569657e+02 +3.972569657e+02 -3.1137e+00 +7.8637e-02 -4.2978e-01 +4.1891e-01 +2.6427e+00 -2.4829e+00 +1.7165e+00 +9.1568e-01 +2.5209e+00 -2.2106e+00
149 0 +1.090801252e+02 +3.933001252e+02 +3.933001252e+02 -2.6538e+00 -1.1755e+00 -8.8767e-01 +1.2555e-01 +2.4199e+00 -2.4457e+00 +1.0102e+00 +8.2382e-01 +7.7045e-01 -2.1050e+00
165 0 +1.058371074e+02 +3.900571074e+02 +3.900571074e+02 -2.4958e+00 -1.9405e+00 -1.1277e+00 -1.7436e-03 +3.3930e+00 -3.4789e+00 +2.4213e+00 +1.4339e+00 +1.0561e+00 -2.6690e+00
173 0 +1.010029945e+02 +3.852229945e+02 +3.852229945e+02 -2.4786e+00 -2.7763e+00 -9.0461e-01 +1.0227e+00 +3.4374e+00 -3.4433e+00 +2.7987e+00 +1.4846e+00 +9.9250e-01 -3.1355e+00
194 0 +8.869714264e+01 +3.729171426e+02 +3.729171426e+02 -2.9462e+00 -2.7106e+00 -1.2400e+00 +1.5915e+00 +1.8555e+00 -4.1197e+00 +3.0313e+00 +1.3613e+00 -3.8293e-01 -2.6513e+00
276 0 +8.163074744e+01 +3.658507474e+02 +3.658507474e+02 -4.1797e+00 -8.7800e-01 -1.8293e+00 +1.8072e+00 +1.1189e+00 -4.9561e+00 +2.0798e+00 +1.7130e+00 -1.3409e-01 -2.1743e+00
291 0 +6.807793326e+01 +3.522979333e+02 +3.522979333e+02 -2.0343e+00 -2.1082e-01 -8.2555e-02 +1.0469e+00 +1.2710e+00 -1.8033e+00 +2.3474e+00 +1.7468e+00 +1.0167e+00 -2.0746e+00
382 0 +6.548618642e+01 +3.497061864e+02 +3.497061864e+02 -3.9376e+00 -1.6606e+00 -2.3680e+00 +3.0744e+00 +1.8170e+00 -2.7347e+00 +3.3681e+00 +1.4600e+00 +2.5830e-01 -2.6059e+00
463 0 +5.715664100e+01 +3.413766410e+02 +3.413766410e+02 -3.7794e+00 -1.2350e+00 -2.0334e+00 +2.7790e+00 +1.1979e+00 -2.9237e+00 +3.8690e+00 +2.4182e+00 +5.4850e-01 -2.5559e+00
554 0 +5.431822700e+01 +3.385382270e+02 +3.385382270e+02 -3.7145e+00 -1.6112e-01 -1.8389e+00 +2.1954e+00 +1.2208e+00 -2.3294e+00 +3.4341e+00 +1.8054e+00 +9.6753e-01 -2.2290e+00
632 0 +4.368909149e+01 +3.279090915e+02 +3.279090915e+02 -3.9308e+00 -3.1629e-01 -1.8813e+00 +2.1286e+00 +1.2265e+00 -2.9878e+00 +3.3256e+00 +1.6893e+00 +9.0735e-01 -2.9484e+00
774 0 +4.277788952e+01 +3.269978895e+02 +3.269978895e+02 -4.1673e+00 -3.2417e-01 -1.8837e+00 +1.6567e+00 +1.1622e+00 -2.9035e+00 +3.3809e+00 +1.7414e+00 +6.1037e-01 -3.0950e+00
781 0 +4.055950303e+01 +3.247795030e+02 +3.247795030e+02 -4.2665e+00 -2.2335e-01 -1.9216e+00 +1.6003e+00 +1.1572e+00 -3.0379e+00 +3.4077e+00 +1.7620e+00 +7.0362e-01 -2.8625e+00
852 0 +3.631534916e+01 +3.205353492e+02 +3.205353492e+02 -4.2396e+00 -1.3855e-01 -1.8680e+00 +1.4681e+00 +1.0923e+00 -2.9595e+00 +3.3291e+00 +1.6634e+00 +6.0047e-01 -2.8148e+00
867 0 +2.734715539e+01 +3.115671554e+02 +3.115671554e+02 -4.1679e+00 -2.1288e-01 -1.8769e+00 +1.4121e+00 +1.1465e+00 -2.9370e+00 +3.3839e+00 +1.7448e+00 +6.7106e-01 -2.8234e+00
888 0 +2.087171863e+01 +3.050917186e+02 +3.050917186e+02 -4.0882e+00 -1.4529e-01 -1.9038e+00 +1.4769e+00 +1.2036e+00 -2.9593e+00 +3.3247e+00 +1.7779e+00 +5.2676e-01 -2.8860e+00
891 0 +1.643168731e+01 +3.006516873e+02 +3.006516873e+02 -4.0076e+00 -1.9757e-01 -1.9372e+00 +1.4500e+00 +1.1303e+00 -2.9496e+00 +3.3899e+00 +1.8117e+00 +5.6400e-01 -2.8717e+00
892 0 +1.469799678e+01 +2.989179968e+02 +2.989179968e+02 -4.0319e+00 -2.9245e-01 -1.8919e+00 +1.4422e+00 +1.1729e+00 -2.9891e+00 +3.3814e+00 +1.7638e+00 +5.9310e-01 -2.8749e+00
983 0 +1.172074777e+01 +2.959407478e+02 +2.959407478e+02 -4.0645e+00 -2.0897e-01 -1.9149e+00 +1.5040e+00 +1.2391e+00 -2.9689e+00 +3.3832e+00 +1.7697e+00 +6.0367e-01 -2.8743e+00
1010 0 +1.172074777e+01 +2.959407478e+02 +2.959407478e+02 -4.0645e+00 -2.0897e-01 -1.9149e+00 +1.5040e+00 +1.2391e+00 -2.9689e+00 +3.3832e+00 +1.7697e+00 +6.0367e-01 -2.8743e+00
% f evaluations | g evaluations | best noise-free fitness - Fopt (-3.217000000000e+01) + sum g_i+ | measured fitness | best measured fitness or single-digit g-values | x1 | x2...
1 0 +3.410228131e+02 +3.088528131e+02 +3.088528131e+02 +1.5169e-02 +1.4999e-01 -2.9878e-01 +2.0808e-01 -1.2549e-01 -4.7539e-01 -1.9432e-01 +1.7958e-01 +9.9679e-02 -3.4426e-01
8 0 +3.285425548e+02 +2.963725548e+02 +2.963725548e+02 +3.4926e-01 +7.2798e-02 +4.1398e-01 -1.6368e-02 +2.3857e-01 +5.7271e-03 -2.7164e-01 +1.2909e-01 +2.8041e-01 -1.0384e-01
15 0 +3.045125493e+02 +2.723425493e+02 +2.723425493e+02 +2.4072e-01 +2.5540e-01 +1.3181e-01 +4.0636e-01 -1.7568e-02 -2.5348e-01 -4.1693e-01 +5.7818e-01 +5.0762e-01 -4.3225e-01
24 0 +2.719488735e+02 +2.397788735e+02 +2.397788735e+02 -2.2211e-01 -2.8344e-01 -1.8391e-01 -2.3481e-02 -1.7097e-01 -2.5536e-01 -2.0897e-01 -2.0016e-01 +6.9602e-01 -6.8865e-01
34 0 +2.286980487e+02 +1.965280487e+02 +1.965280487e+02 +6.7134e-01 +3.0581e-01 -3.6285e-01 -8.2020e-02 -9.3369e-02 -4.1183e-01 -2.0352e-01 +2.7480e-01 +6.5124e-01 -7.9664e-01
50 0 +2.148308198e+02 +1.826608198e+02 +1.826608198e+02 +3.9358e-01 +3.4105e-01 -4.9584e-01 +1.7269e-01 -3.6726e-01 -2.5130e-01 -2.6658e-01 +4.6764e-01 +7.6945e-01 -1.0914e+00
59 0 +2.041228684e+02 +1.719528684e+02 +1.719528684e+02 +1.0274e+00 +3.8607e-01 -3.8691e-01 -1.8832e-01 -7.1973e-01 -3.5705e-01 -5.7392e-02 +1.3049e-01 +1.0074e+00 -8.1463e-01
66 0 +1.922271235e+02 +1.600571235e+02 +1.600571235e+02 +6.5589e-01 +1.4291e-01 -3.4402e-01 +5.8040e-01 -1.0926e+00 -4.0448e-01 -5.9850e-01 +3.6894e-01 +6.5833e-01 -9.9970e-01
76 0 +1.724186620e+02 +1.402486620e+02 +1.402486620e+02 +1.6142e+00 +9.8663e-01 -5.2623e-01 +5.8029e-01 -7.3256e-01 -4.9248e-01 -7.4396e-01 +3.8278e-01 +1.4807e+00 -1.3443e+00
92 0 +1.556980713e+02 +1.235280713e+02 +1.235280713e+02 +1.3910e+00 +5.2906e-01 -4.5974e-01 +6.8633e-01 -5.8092e-01 -2.2993e-01 -8.2227e-01 +1.2004e+00 +1.5171e+00 -1.7993e+00
101 0 +1.418197521e+02 +1.096497521e+02 +1.096497521e+02 +7.6695e-01 +1.0147e+00 -4.2473e-01 -2.3539e-01 -3.3675e-01 -9.7340e-01 -3.7570e-01 +1.5776e+00 +1.1315e+00 -2.1144e+00
104 0 +1.345471312e+02 +1.023771312e+02 +1.023771312e+02 +1.3671e+00 +1.1085e+00 -3.2800e-01 -1.5676e-02 -1.7574e+00 -3.1583e-01 -3.2176e-01 +1.0990e+00 +8.0437e-01 -1.2370e+00
105 0 +1.230811061e+02 +9.091110614e+01 +9.091110614e+01 +1.3835e+00 +3.4731e-01 -6.9729e-01 +1.0526e+00 -1.9727e+00 +4.6179e-01 -3.3547e-01 +1.3535e+00 +2.6324e+00 -2.2292e+00
111 0 +1.162153086e+02 +8.404530858e+01 +8.404530858e+01 +1.6317e+00 +5.3184e-03 -1.0558e+00 +4.9916e-01 -1.9289e+00 -4.6368e-02 -9.0181e-01 +1.4599e+00 +1.4970e+00 -1.6473e+00
116 0 +9.702907297e+01 +6.485907297e+01 +6.485907297e+01 +1.5876e+00 +1.0502e+00 -1.7356e-01 +1.1460e+00 -2.0872e+00 -2.6893e-01 -7.7543e-01 +1.4553e+00 +1.7826e+00 -1.9165e+00
117 0 +9.275965337e+01 +6.058965337e+01 +6.058965337e+01 +2.4254e+00 +2.3103e-01 -4.6578e-01 +8.6872e-02 -1.6057e+00 -3.4540e-01 -4.7953e-02 +2.4832e+00 +2.0167e+00 -2.3747e+00
146 0 +7.698514338e+01 +4.481514338e+01 +4.481514338e+01 +5.7484e-01 +1.1373e+00 -1.6907e+00 -1.2936e-01 -4.2843e+00 +1.2441e-01 -1.5484e+00 +2.1780e+00 +1.8531e+00 -3.4473e+00
235 0 +7.312304235e+01 +4.095304235e+01 +4.095304235e+01 +4.2325e-01 +1.5391e+00 -3.8363e-01 +3.8453e-01 -4.5093e+00 +1.4305e+00 -7.5607e-01 +2.1118e+00 +1.0848e+00 -2.7083e+00
263 0 +6.787605857e+01 +3.570605857e+01 +3.570605857e+01 -2.9805e-01 +2.6232e-01 -2.9442e-01 +4.9911e-01 -4.1261e+00 +1.4494e+00 +1.5731e-01 +2.1134e+00 +1.3173e+00 -2.1468e+00
321 0 +6.758110552e+01 +3.541110552e+01 +3.541110552e+01 +6.0975e-01 +2.4908e+00 -3.6242e-01 -3.4275e-01 -3.6476e+00 +5.1017e-01 -7.2692e-01 +2.1603e+00 +1.9289e+00 -2.7270e+00
375 0 +4.794613594e+01 +1.577613594e+01 +1.577613594e+01 +3.9742e-01 +1.8198e+00 -1.6972e-01 -3.2813e-01 -4.2070e+00 +1.0863e+00 -8.1793e-01 +3.0537e+00 +2.1127e+00 -2.7952e+00
478 0 +3.757848089e+01 +5.408480890e+00 +5.408480890e+00 +5.8121e-01 +2.1716e+00 -3.3320e-01 -1.5975e-01 -4.3730e+00 +1.0298e+00 -3.4962e-01 +2.5804e+00 +1.7353e+00 -2.6873e+00
492 0 +3.452360321e+01 +2.353603205e+00 +2.353603205e+00 +4.1978e-01 +2.0540e+00 -4.2545e-01 -1.5828e-01 -4.3085e+00 +1.0229e+00 -3.2311e-01 +2.6430e+00 +1.7005e+00 -2.6512e+00
508 0 +3.374700218e+01 +1.577002177e+00 +1.577002177e+00 +3.6965e-01 +1.9424e+00 -3.3784e-01 -5.5763e-02 -4.1995e+00 +1.1835e+00 -2.9469e-01 +2.5760e+00 +1.7943e+00 -2.4490e+00
512 0 +2.949445544e+01 -2.675544560e+00 -2.675544560e+00 +3.5160e-01 +1.8765e+00 -2.9808e-01 -1.4512e-01 -4.3527e+00 +1.0706e+00 -2.7282e-01 +2.6021e+00 +1.6664e+00 -2.6956e+00
525 0 +2.171775524e+01 -1.045224476e+01 -1.045224476e+01 +3.9000e-01 +1.9186e+00 -4.2002e-01 -2.2567e-01 -4.3715e+00 +1.1045e+00 -2.4314e-01 +2.5757e+00 +1.7990e+00 -2.7199e+00
588 0 +1.811765196e+01 -1.405234804e+01 -1.405234804e+01 +3.5332e-01 +1.8862e+00 -3.5675e-01 -1.1575e-01 -4.2909e+00 +1.0886e+00 -2.6777e-01 +2.6496e+00 +1.8303e+00 -2.6980e+00
589 0 +1.700319340e+01 -1.516680660e+01 -1.516680660e+01 +3.2409e-01 +1.8851e+00 -3.4967e-01 -9.8047e-02 -4.3572e+00 +1.0978e+00 -3.3044e-01 +2.6033e+00 +1.8171e+00 -2.7726e+00
631 0 +1.620721575e+01 -1.596278425e+01 -1.596278425e+01 +3.5160e-01 +1.8920e+00 -3.1949e-01 -9.7800e-02 -4.2263e+00 +1.1078e+00 -3.2873e-01 +2.6296e+00 +1.7628e+00 -2.7273e+00
632 0 +1.395047104e+01 -1.821952896e+01 -1.821952896e+01 +3.4108e-01 +1.8932e+00 -3.5159e-01 -1.6005e-01 -4.2772e+00 +1.1304e+00 -3.3772e-01 +2.6090e+00 +1.7793e+00 -2.6984e+00
648 0 +1.127605811e+01 -2.089394189e+01 -2.089394189e+01 +4.7313e-01 +1.9004e+00 -4.0036e-01 -1.1745e-01 -4.3107e+00 +1.0626e+00 -3.6431e-01 +2.6599e+00 +1.7997e+00 -2.7187e+00
650 0 +1.005360195e+01 -2.211639805e+01 -2.211639805e+01 +3.8035e-01 +1.8789e+00 -3.5392e-01 -1.2820e-01 -4.3154e+00 +1.1298e+00 -3.3289e-01 +2.6470e+00 +1.7901e+00 -2.7399e+00
656 0 +9.657043613e+00 -2.251295639e+01 -2.251295639e+01 +3.8955e-01 +1.8304e+00 -3.6220e-01 -1.2790e-01 -4.3513e+00 +1.0814e+00 -3.3992e-01 +2.5922e+00 +1.8128e+00 -2.7547e+00
658 0 +8.659631971e+00 -2.351036803e+01 -2.351036803e+01 +4.4920e-01 +1.8387e+00 -3.5153e-01 -1.0705e-01 -4.3171e+00 +1.0999e+00 -3.5158e-01 +2.6332e+00 +1.7472e+00 -2.7355e+00
732 0 +8.020052836e+00 -2.414994716e+01 -2.414994716e+01 +4.6347e-01 +1.8757e+00 -3.8936e-01 -1.2372e-01 -4.2612e+00 +1.0900e+00 -3.4347e-01 +2.6211e+00 +1.8180e+00 -2.7163e+00
764 0 +7.420824315e+00 -2.474917568e+01 -2.474917568e+01 +4.8501e-01 +1.8578e+00 -3.3552e-01 -1.3787e-01 -4.2966e+00 +1.0841e+00 -3.3044e-01 +2.6154e+00 +1.8064e+00 -2.7344e+00
774 0 +6.581310604e+00 -2.558868940e+01 -2.558868940e+01 +4.6155e-01 +1.8853e+00 -3.3268e-01 -1.3342e-01 -4.3113e+00 +1.1237e+00 -3.3363e-01 +2.6248e+00 +1.8063e+00 -2.7256e+00
781 0 +6.084071768e+00 -2.608592823e+01 -2.608592823e+01 +4.5164e-01 +1.8674e+00 -3.5530e-01 -1.4572e-01 -4.3389e+00 +1.1257e+00 -3.3688e-01 +2.6261e+00 +1.8154e+00 -2.7398e+00
835 0 +5.636012962e+00 -2.653398704e+01 -2.653398704e+01 +4.5916e-01 +1.8661e+00 -3.4205e-01 -1.3564e-01 -4.3216e+00 +1.1035e+00 -3.5619e-01 +2.6081e+00 +1.8043e+00 -2.7252e+00
851 0 +5.572255675e+00 -2.659774432e+01 -2.659774432e+01 +4.6179e-01 +1.8527e+00 -3.4306e-01 -1.3262e-01 -4.3447e+00 +1.1060e+00 -3.5259e-01 +2.6266e+00 +1.7978e+00 -2.7201e+00
864 0 +5.273820838e+00 -2.689617916e+01 -2.689617916e+01 +4.5747e-01 +1.8607e+00 -3.5091e-01 -1.3141e-01 -4.3471e+00 +1.1084e+00 -3.4070e-01 +2.6174e+00 +1.8044e+00 -2.7197e+00
865 0 +5.145603713e+00 -2.702439629e+01 -2.702439629e+01 +4.5861e-01 +1.8463e+00 -3.5072e-01 -1.3848e-01 -4.3465e+00 +1.1079e+00 -3.4821e-01 +2.6158e+00 +1.8136e+00 -2.7247e+00
1010 0 +5.138125110e+00 -2.703187489e+01 -2.703187489e+01 +4.5369e-01 +1.8360e+00 -3.6990e-01 -1.3926e-01 -4.3513e+00 +1.1036e+00 -3.4874e-01 +2.6138e+00 +1.8117e+00 -2.7282e+00
% f evaluations | g evaluations | best noise-free fitness - Fopt (-5.858000000000e+01) + sum g_i+ | measured fitness | best measured fitness or single-digit g-values | x1 | x2...
1 0 +4.401514011e+02 +3.815714011e+02 +3.815714011e+02 +1.5169e-02 +1.4999e-01 -2.9878e-01 +2.0808e-01 -1.2549e-01 -4.7539e-01 -1.9432e-01 +1.7958e-01 +9.9679e-02 -3.4426e-01
6 0 +4.375713729e+02 +3.789913729e+02 +3.789913729e+02 +2.3598e-01 -5.5227e-01 +1.1264e-02 +1.0779e-02 -2.3363e-01 +5.3825e-02 -4.3667e-01 +1.6686e-01 +1.5294e-01 +9.0138e-02
17 0 +3.877464762e+02 +3.291664762e+02 +3.291664762e+02 -8.7067e-03 -6.8541e-01 -3.6123e-01 +1.8776e-01 -3.5071e-01 -2.2604e-01 -7.2312e-01 +7.5759e-02 +3.7090e-01 +1.1340e-01
34 0 +3.513472065e+02 +2.927672065e+02 +2.927672065e+02 +1.2863e-01 -8.5159e-01 -1.2299e-01 -3.6133e-01 -6.6468e-01 -8.2711e-01 -1.0696e+00 +8.7977e-01 +5.7224e-01 -6.0034e-01
42 0 +3.347968786e+02 +2.762168786e+02 +2.762168786e+02 +2.1940e-01 -7.7891e-01 +1.2207e-01 -4.5788e-01 -5.9473e-01 -5.5504e-01 -1.2887e+00 +7.3951e-01 -1.8515e-01 -9.6474e-02
56 0 +3.074127626e+02 +2.488327626e+02 +2.488327626e+02 -5.7758e-01 -1.4533e+00 -2.5608e-01 -1.2384e-01 -8.5285e-01 -1.0143e+00 -1.2893e+00 +6.8458e-01 +5.8451e-01 -5.8937e-02
64 0 +2.674295422e+02 +2.088495422e+02 +2.088495422e+02 -5.8289e-01 -7.3598e-01 +1.0410e-01 +2.1566e-01 -6.2595e-01 -1.2579e+00 -1.4720e+00 +6.6348e-01 +7.7546e-01 +1.3430e-01
83 0 +2.362562997e+02 +1.776762997e+02 +1.776762997e+02 -2.6471e-01 -1.2987e+00 -2.5342e-01 +2.4026e-01 -1.0605e-01 -2.3365e+00 -1.9580e+00 +3.0739e-01 +9.2177e-01 +6.3843e-01
96 0 +2.311208481e+02 +1.725408481e+02 +1.725408481e+02 -3.2084e-01 -5.7406e-01 +3.1746e-01 +5.7214e-01 -8.1992e-01 -2.4337e+00 -2.1822e+00 +1.3100e-01 +5.6411e-01 +1.0142e+00
111 0 +2.131465903e+02 +1.545665903e+02 +1.545665903e+02 -1.2668e+00 -8.1659e-01 +1.7220e+00 -3.9951e-02 -5.3501e-01 -1.9977e+00 -2.2737e+00 -7.2261e-02 +1.5485e+00 +9.0806e-01
112 0 +1.778080409e+02 +1.192280409e+02 +1.192280409e+02 -1.3927e+00 -4.6760e-01 +1.5984e+00 -5.5005e-02 -1.4873e+00 -3.2590e+00 -3.1766e+00 +9.8741e-01 +4.4144e-01 +9.5304e-01
126 0 +1.653828959e+02 +1.068028959e+02 +1.068028959e+02 -1.0687e+00 -5.3528e-01 +2.2444e+00 +4.5463e-02 -1.0273e+00 -3.2922e+00 -3.5118e+00 +2.0791e+00 +2.2667e+00 +1.7912e+00
136 0 +1.568109985e+02 +9.823099855e+01 +9.823099855e+01 +4.9647e-01 -1.5952e+00 +1.6799e+00 -8.2277e-01 -1.9910e+00 -2.2272e+00 -3.3150e+00 +1.6818e+00 +1.7340e-01 +2.0386e+00
143 0 +1.408779277e+02 +8.229792774e+01 +8.229792774e+01 +6.3835e-01 -1.3638e+00 +2.0542e+00 -4.9659e-01 -1.6816e+00 -2.2650e+00 -3.2002e+00 +2.0578e+00 +1.3431e+00 +1.3222e+00
147 0 +1.243664752e+02 +6.578647522e+01 +6.578647522e+01 -4.1911e-01 -4.6284e-01 +1.8179e+00 -1.6263e-01 -1.7158e+00 -4.7775e+00 -4.1013e+00 +2.3773e+00 +9.8117e-01 +1.3631e+00
164 0 +1.190964720e+02 +6.051647195e+01 +6.051647195e+01 +8.8050e-01 -7.2338e-01 +1.6452e+00 +7.7194e-01 -2.8040e+00 -2.3359e+00 -5.3355e+00 +3.3034e+00 +2.4504e+00 +3.3433e-01
178 0 +1.112930063e+02 +5.271300630e+01 +5.271300630e+01 +3.2224e-01 -1.0395e+00 +2.4394e+00 +1.0675e+00 -3.0442e+00 -3.5076e+00 -3.6563e+00 +3.2205e+00 +7.9026e-01 +1.3395e+00
186 0 +1.092750990e+02 +5.069509899e+01 +5.069509899e+01 -1.5836e+00 -1.9122e+00 +2.5241e+00 +2.5844e-01 -3.6625e+00 -3.9788e+00 -4.8636e+00 +3.1711e+00 +2.6965e+00 +1.0694e+00
218 0 +1.018986023e+02 +4.331860227e+01 +4.331860227e+01 -1.5275e-01 -2.6692e+00 +2.7895e+00 +1.0025e+00 -3.0204e+00 -4.5358e+00 -3.9032e+00 +2.1225e+00 +3.4639e+00 +1.0460e+00
261 0 +9.638506776e+01 +3.780506776e+01 +3.780506776e+01 +9.2946e-01 -1.8004e+00 +1.8952e+00 +1.2625e+00 -3.7627e+00 -3.7247e+00 -3.7921e+00 +4.3091e+00 +3.4594e+00 +3.7091e-01
264 0 +8.883747580e+01 +3.025747580e+01 +3.025747580e+01 +9.4368e-01 -1.4997e+00 +1.7113e+00 +1.9594e+00 -2.8604e+00 -2.9284e+00 -2.6358e+00 +3.3551e+00 +1.9097e+00 +7.9651e-01
287 0 +8.011828971e+01 +2.153828971e+01 +2.153828971e+01 +1.3578e+00 -1.6680e+00 +1.6787e+00 +1.0744e+00 -2.7974e+00 -4.2166e+00 -3.0205e+00 +3.2689e+00 +3.5784e+00 +9.8023e-01
312 0 +6.885724290e+01 +1.027724290e+01 +1.027724290e+01 -2.7072e-01 -3.3869e+00 +9.3670e-01 +1.7662e+00 -2.8431e+00 -3.8157e+00 -4.3797e+00 +2.7438e+00 +2.6561e+00 +1.0239e+00
535 0 +5.452526589e+01 -4.054734107e+00 -4.054734107e+00 +2.9408e+00 -1.6213e+00 +2.5536e-01 +2.6875e+00 -3.5470e+00 -3.2408e+00 -3.6199e+00 +2.8194e+00 +3.5508e+00 +1.9912e+00
892 0 +3.731701801e+01 -2.126298199e+01 -2.126298199e+01 +1.6724e+00 -1.6127e+00 +2.0750e-01 +3.2183e+00 -4.1039e+00 -3.3998e+00 -3.6587e+00 +3.2463e+00 +3.3614e+00 +1.9740e+00
941 0 +3.326070968e+01 -2.531929032e+01 -2.531929032e+01 +1.6137e+00 -1.6926e+00 +2.2901e-01 +3.1820e+00 -4.1840e+00 -3.3555e+00 -3.6416e+00 +3.2700e+00 +3.4502e+00 +1.9682e+00
948 0 +2.970461959e+01 -2.887538041e+01 -2.887538041e+01 +1.6400e+00 -1.6748e+00 +1.1584e-01 +3.1414e+00 -4.1748e+00 -3.3512e+00 -3.6689e+00 +3.2429e+00 +3.4607e+00 +1.9861e+00
1010 0 +2.970461959e+01 -2.887538041e+01 -2.887538041e+01 +1.6400e+00 -1.6748e+00 +1.1584e-01 +3.1414e+00 -4.1748e+00 -3.3512e+00 -3.6689e+00 +3.2429e+00 +3.4607e+00 +1.9861e+00
% f evaluations | g evaluations | best noise-free fitness - Fopt (-6.049200000000e+02) + sum g_i+ | measured fitness | best measured fitness or single-digit g-values | x1 | x2...
1 0 +1.785766293e+02 -4.263433707e+02 -4.263433707e+02 +1.5169e-02 +1.4999e-01 -2.9878e-01 +2.0808e-01 -1.2549e-01 -4.7539e-01 -1.9432e-01 +1.7958e-01 +9.9679e-02 -3.4426e-01
25 0 +1.631284995e+02 -4.417915005e+02 -4.417915005e+02 +6.6220e-02 -2.4320e-02 -2.2800e-01 -1.3571e-01 +1.5569e-01 -4.1139e-01 -5.7036e-01 +4.0037e-02 +1.8646e-01 -2.3089e-01
42 0 +1.523968515e+02 -4.525231485e+02 -4.525231485e+02 -3.4860e-01 +6.5846e-01 -2.1099e-01 -2.3953e-02 +4.9882e-01 -4.5335e-01 -5.9955e-01 -2.8574e-01 +1.2983e-01 -1.0040e-01
67 0 +1.470612541e+02 -4.578587459e+02 -4.578587459e+02 -1.0465e-01 -4.2403e-02 -1.2683e-01 -4.0100e-01 +1.9485e-01 -9.3222e-01 -5.6653e-01 -1.8374e-01 +5.2631e-01 +3.5033e-01
95 0 +1.220937260e+02 -4.828262740e+02 -4.828262740e+02 -4.9364e-02 +3.3329e-01 -3.0260e-01 -2.1964e-01 -2.4360e-01 -9.5336e-01 -6.1850e-01 -5.0126e-01 +9.1041e-01 +2.4731e-01
137 0 +1.199786114e+02 -4.849413886e+02 -4.849413886e+02 -1.1703e-01 +2.1709e-01 -3.2865e-01 -6.4583e-02 -3.8961e-01 -1.4162e+00 -5.7700e-01 -8.4010e-01 +1.3905e+00 -1.0009e-01
145 0 +1.053251184e+02 -4.995948816e+02 -4.995948816e+02 -9.1320e-02 +7.0475e-01 -3.8089e-01 -1.5014e-01 -1.9876e-01 -1.9346e+00 -1.0545e+00 -8.2004e-01 +1.7104e+00 -5.2651e-01
217 0 +1.006073716e+02 -5.043126284e+02 -5.043126284e+02 -1.0347e+00 +1.1138e+00 -1.8861e-01 +6.3444e-01 -3.2613e-01 -2.7827e+00 -1.0659e-01 -1.0498e+00 +7.7043e-01 -1.3578e-01
226 0 +9.540598807e+01 -5.095140119e+02 -5.095140119e+02 -1.1221e+00 +1.7724e+00 -8.8586e-02 +1.0150e+00 -7.8941e-01 -2.1159e+00 -1.9054e-01 -1.6214e+00 +4.9728e-01 -1.3063e-02
262 0 +7.286944761e+01 -5.320505524e+02 -5.320505524e+02 -8.4920e-01 +1.3733e+00 -4.5164e-01 +5.7314e-01 -2.1298e-01 -2.5066e+00 -2.1026e-01 -1.5373e+00 +4.8121e-01 +5.6396e-01
440 0 +6.853853023e+01 -5.363814698e+02 -5.363814698e+02 -8.2491e-01 -4.8458e-02 +1.0524e+00 +1.2001e+00 +3.2008e-01 -3.3204e+00 -5.2326e-01 -1.4864e+00 +7.8309e-01 -7.0805e-01
541 0 +6.550174744e+01 -5.394182526e+02 -5.394182526e+02 -7.8327e-01 -3.0677e-01 +1.4294e+00 +1.3097e+00 -1.7665e-01 -3.9541e+00 -4.7390e-03 -1.6008e+00 +8.0432e-01 -3.4815e-01
567 0 +6.317452975e+01 -5.417454703e+02 -5.417454703e+02 -1.0300e+00 -6.5743e-01 +1.6264e+00 +1.1212e+00 -3.8564e-01 -4.4695e+00 -1.7871e-01 -1.6805e+00 +6.1908e-01 -7.7481e-02
568 0 +5.761361423e+01 -5.473063858e+02 -5.473063858e+02 -1.0668e+00 -2.4365e-01 +1.9372e+00 +1.8710e+00 -2.6875e-01 -3.9595e+00 -5.1654e-02 -1.4532e+00 +2.1464e-01 -3.3559e-01
602 0 +4.907405005e+01 -5.558459499e+02 -5.558459499e+02 -9.9764e-01 -2.6596e-01 +1.9694e+00 +1.9733e+00 -1.7384e-01 -3.9680e+00 +1.9890e-01 -1.2905e+00 +4.7555e-01 -4.0304e-01
794 0 +3.943072145e+01 -5.654892786e+02 -5.654892786e+02 -9.6731e-01 -1.2000e-02 +2.0207e+00 +1.2324e+00 -1.1663e-01 -3.3625e+00 +4.2036e-01 -2.0380e+00 +4.4310e-01 +4.7842e-01
893 0 +3.024328552e+01 -5.746767145e+02 -5.746767145e+02 -1.0113e+00 -8.1717e-02 +2.0847e+00 +1.0533e+00 -1.4678e-01 -2.8999e+00 +4.1460e-01 -1.6468e+00 +4.8146e-01 +5.2812e-01
926 0 +2.522985047e+01 -5.796901495e+02 -5.796901495e+02 -9.9695e-01 -1.8586e-01 +2.0828e+00 +1.0874e+00 -1.5472e-01 -2.8784e+00 +3.7855e-01 -1.6451e+00 +4.6787e-01 +5.5461e-01
955 0 +1.632651718e+01 -5.885934828e+02 -5.885934828e+02 -9.9456e-01 -8.1814e-02 +2.1010e+00 +1.2327e+00 -2.2563e-01 -3.3274e+00 +3.4101e-01 -1.6510e+00 +5.0866e-01 +5.3708e-01
1010 0 +1.632651718e+01 -5.885934828e+02 -5.885934828e+02 -9.9456e-01 -8.1814e-02 +2.1010e+00 +1.2327e+00 -2.2563e-01 -3.3274e+00 +3.4101e-01 -1.6510e+00 +5.0866e-01 +5.3708e-01
% f evaluations | g evaluations | best noise-free fitness - Fopt (1.337000000000e+02) + sum g_i+ | measured fitness | best measured fitness or single-digit g-values | x1 | x2...
1 0 +3.158068081e+02 +4.495068081e+02 +4.495068081e+02 +1.5169e-02 +1.4999e-01 -2.9878e-01 +2.0808e-01 -1.2549e-01 -4.7539e-01 -1.9432e-01 +1.7958e-01 +9.9679e-02 -3.4426e-01
2 0 +3.047106389e+02 +4.384106389e+02 +4.384106389e+02 +1.8560e-01 -2.6396e-02 +1.2752e-01 +9.9677e-02 -3.4705e-01 +1.0530e-01 -1.8207e-01 +4.6411e-01 +2.1701e-01 +1.3841e-02
3 0 +2.897352580e+02 +4.234352580e+02 +4.234352580e+02 -2.9490e-01 +1.6330e-02 +4.7968e-02 -3.6269e-01 +6.6702e-01 +1.1829e-01 +5.0772e-01 -3.3386e-01 +4.9074e-01 -4.0831e-01
6 0 +2.552701174e+02 +3.889701174e+02 +3.889701174e+02 +2.3598e-01 -5.5227e-01 +1.1264e-02 +1.0779e-02 -2.3363e-01 +5.3825e-02 -4.3667e-01 +1.6686e-01 +1.5294e-01 +9.0138e-02
20 0 +2.290304924e+02 +3.627304924e+02 +3.627304924e+02 +5.9076e-01 -3.2391e-01 +1.0567e-01 -1.3485e-01 -2.2145e-01 +1.4487e-01 +6.9866e-02 -2.6034e-01 +2.3610e-01 +4.3179e-01
36 0 +2.180287632e+02 +3.517287632e+02 +3.517287632e+02 +6.0101e-01 -2.9463e-01 -3.1194e-01 -2.4514e-01 -3.3953e-01 +2.7948e-02 -8.2739e-03 -3.4591e-01 -3.0595e-01 +7.1790e-01
39 0 +1.925302551e+02 +3.262302551e+02 +3.262302551e+02 +6.1305e-01 +1.1927e-01 -4.1150e-01 +1.3662e-01 -8.0890e-02 -2.8639e-01 +2.5722e-01 -3.4094e-01 +5.3849e-01 +7.2552e-01
50 0 +1.833664769e+02 +3.170664769e+02 +3.170664769e+02 +7.7486e-01 +2.3448e-02 -6.8044e-01 -1.5347e-01 -1.8132e-01 -2.2607e-01 -3.3245e-03 -3.1653e-01 +5.4001e-01 +1.0277e+00
92 0 +1.669505454e+02 +3.006505454e+02 +3.006505454e+02 +8.3898e-01 +9.2724e-02 -2.6198e-01 -2.1337e-01 -1.8200e-01 -2.5100e-02 +6.0122e-01 -2.5168e-01 +6.2929e-01 +3.9995e-01
199 0 +1.604166454e+02 +2.941166454e+02 +2.941166454e+02 +1.5233e+00 -7.1081e-03 -2.6667e-01 -7.9581e-01 -1.0712e+00 -2.5916e-02 +1.3547e-01 -3.1004e-01 +1.0925e+00 +1.8843e-01
236 0 +1.467019594e+02 +2.804019594e+02 +2.804019594e+02 +1.4339e+00 +2.2392e-01 -3.5779e-01 -8.9696e-01 -1.2807e+00 -1.4598e-01 +7.1472e-01 -6.0578e-02 +1.2189e+00 +6.4378e-01
266 0 +1.415901610e+02 +2.752901610e+02 +2.752901610e+02 +1.4989e+00 +2.2311e-01 -1.2213e-01 -9.5951e-01 -1.9388e+00 +4.5321e-01 +6.1841e-01 -3.3305e-01 +5.2187e-01 +2.7393e-01
300 0 +1.300525057e+02 +2.637525057e+02 +2.637525057e+02 +1.7676e+00 +7.9360e-02 -2.6979e-01 -7.4933e-01 -2.6212e+00 +4.5982e-01 +6.9388e-01 -3.2074e-01 +9.1695e-01 +4.0428e-01
335 0 +1.170565550e+02 +2.507565550e+02 +2.507565550e+02 +1.5300e+00 -4.1707e-03 -3.3785e-01 -8.2891e-01 -2.4017e+00 +6.5557e-01 +7.1665e-01 -2.9298e-01 +8.6271e-01 +3.9535e-01
348 0 +1.090184809e+02 +2.427184809e+02 +2.427184809e+02 +1.3727e+00 +6.5330e-02 -3.2484e-01 -9.7588e-01 -1.9342e+00 +6.4661e-01 +5.9890e-01 -6.6114e-02 +8.7072e-01 +3.8894e-01
396 0 +1.058247680e+02 +2.395247680e+02 +2.395247680e+02 +1.5406e+00 +4.2807e-02 -2.8015e-01 -8.9289e-01 -2.1296e+00 +6.7892e-01 +8.6646e-01 -4.0505e-01 +1.3896e+00 +7.2232e-01
399 0 +9.895230384e+01 +2.326523038e+02 +2.326523038e+02 +1.4598e+00 +1.5245e-01 -3.0077e-01 -8.2318e-01 -1.8999e+00 +4.9441e-01 +9.8068e-01 -3.4754e-01 +1.3478e+00 +6.7255e-01
483 0 +9.121348229e+01 +2.249134823e+02 +2.249134823e+02 +1.5744e+00 +7.2724e-02 -4.1227e-01 -9.2869e-01 -1.9460e+00 +5.5521e-01 +9.5695e-01 -3.7389e-01 +1.5254e+00 +9.5565e-01
484 0 +8.191783361e+01 +2.156178336e+02 +2.156178336e+02 +1.5861e+00 +1.4517e-01 -4.0263e-01 -8.4818e-01 -1.9273e+00 +6.8705e-01 +9.6772e-01 -3.6309e-01 +1.4475e+00 +9.4884e-01
545 0 +8.086877179e+01 +2.145687718e+02 +2.145687718e+02 +1.4587e+00 +1.3113e-01 -3.7162e-01 -9.4345e-01 -1.9566e+00 +6.6014e-01 +9.4772e-01 -4.0098e-01 +1.4206e+00 +7.5564e-01
555 0 +7.813031821e+01 +2.118303182e+02 +2.118303182e+02 +1.4649e+00 +1.4999e-01 -4.1565e-01 -9.4195e-01 -1.8937e+00 +6.7013e-01 +9.5916e-01 -4.0421e-01 +1.5019e+00 +7.0052e-01
580 0 +7.688407368e+01 +2.105840737e+02 +2.105840737e+02 +1.4155e+00 +9.1800e-02 -2.9691e-01 -9.4362e-01 -1.8891e+00 +7.0299e-01 +9.6251e-01 -3.9741e-01 +1.4607e+00 +6.8622e-01
596 0 +7.313043353e+01 +2.068304335e+02 +2.068304335e+02 +1.4796e+00 +8.4255e-02 -3.5637e-01 -9.3307e-01 -1.8554e+00 +6.3154e-01 +9.9388e-01 -3.0207e-01 +1.4083e+00 +6.6694e-01
655 0 +7.079363062e+01 +2.044936306e+02 +2.044936306e+02 +1.5554e+00 +6.0379e-02 -3.3489e-01 -9.0134e-01 -1.9141e+00 +5.9031e-01 +9.4039e-01 -3.0116e-01 +1.4697e+00 +7.4246e-01
658 0 +6.665869094e+01 +2.003586909e+02 +2.003586909e+02 +1.5109e+00 +4.6882e-02 -3.6833e-01 -8.9431e-01 -1.8659e+00 +6.1997e-01 +9.0873e-01 -3.3578e-01 +1.4419e+00 +7.0703e-01
663 0 +6.457394948e+01 +1.982739495e+02 +1.982739495e+02 +1.4975e+00 +8.9327e-02 -3.3543e-01 -9.1062e-01 -1.8694e+00 +6.4081e-01 +9.5645e-01 -3.4221e-01 +1.4406e+00 +6.9506e-01
720 0 +6.407787062e+01 +1.977778706e+02 +1.977778706e+02 +1.5430e+00 +3.8348e-02 -3.3498e-01 -8.7712e-01 -1.8894e+00 +6.1075e-01 +9.6942e-01 -3.1992e-01 +1.4265e+00 +7.0967e-01
811 0 +6.190553470e+01 +1.956055347e+02 +1.956055347e+02 +1.4871e+00 +4.9978e-02 -3.4753e-01 -8.6401e-01 -1.8970e+00 +6.1763e-01 +9.5286e-01 -3.2058e-01 +1.4440e+00 +7.0633e-01
878 0 +6.156491254e+01 +1.952649125e+02 +1.952649125e+02 +1.4621e+00 +6.1735e-02 -3.5203e-01 -8.6572e-01 -1.8743e+00 +6.3748e-01 +9.6222e-01 -3.0775e-01 +1.4437e+00 +7.1578e-01
1010 0 +6.078152327e+01 +1.944815233e+02 +1.944815233e+02 +1.4815e+00 +3.6701e-02 -3.7731e-01 -8.8164e-01 -1.8832e+00 +6.3125e-01 +9.5593e-01 -3.1215e-01 +1.4416e+00 +7.1133e-01
% f evaluations | g evaluations | best noise-free fitness - Fopt (-2.098000000000e+01) + sum g_i+ | measured fitness | best measured fitness or single-digit g-values | x1 | x2...
1 0 +4.732556698e+02 +4.522756698e+02 +4.522756698e+02 +1.5169e-02 +1.4999e-01 -2.9878e-01 +2.0808e-01 -1.2549e-01 -4.7539e-01 -1.9432e-01 +1.7958e-01 +9.9679e-02 -3.4426e-01
5 0 +4.592616392e+02 +4.382816392e+02 +4.382816392e+02 -3.4314e-01 +1.5298e-01 -4.0424e-01 -2.8081e-03 -3.9212e-02 +2.4063e-01 -9.0892e-02 +3.6061e-01 -5.9026e-02 +2.5097e-01
12 0 +4.414905616e+02 +4.205105616e+02 +4.205105616e+02 +9.0262e-02 -2.9198e-01 -1.8694e-02 +3.5732e-01 -3.7884e-01 -4.9950e-02 +1.8788e-01 +6.5778e-01 -3.4844e-01 +2.6218e-01
24 0 +4.299898150e+02 +4.090098150e+02 +4.090098150e+02 -2.2021e-01 -1.2640e-01 +2.4654e-01 -8.9989e-02 -9.7450e-01 +9.2891e-02 +2.1437e-01 +7.1030e-01 -4.7247e-01 +5.1191e-01
29 0 +3.865721951e+02 +3.655921951e+02 +3.655921951e+02 +2.1738e-01 -9.0116e-01 -3.6893e-01 +3.9103e-01 -5.3329e-01 -1.8849e-01 +6.1597e-01 +4.1190e-01 -7.5927e-01 +1.1163e+00
33 0 +3.769128335e+02 +3.559328335e+02 +3.559328335e+02 -2.7212e-01 -1.4484e-01 -1.2721e-01 -1.9678e-01 +3.7897e-02 -3.7820e-01 +1.9478e-01 +6.1318e-01 -8.4708e-01 +7.6831e-01
44 0 +3.280633663e+02 +3.070833663e+02 +3.070833663e+02 -7.0989e-02 -6.7893e-01 -3.4993e-01 +1.9466e-01 +1.2457e-01 -5.6233e-01 +2.1678e-01 +5.9737e-01 -9.0240e-01 +1.0049e+00
54 0 +3.212856185e+02 +3.003056185e+02 +3.003056185e+02 -2.8467e-01 -3.3792e-01 -4.8603e-01 +9.3352e-01 +5.6767e-01 -4.9258e-01 +1.2524e-01 +9.4099e-01 -1.2114e+00 +1.3410e+00
64 0 +3.058158102e+02 +2.848358102e+02 +2.848358102e+02 -1.8412e-01 -4.7148e-01 -1.6830e-01 +2.8781e-02 +8.6392e-01 -6.4890e-01 -2.6325e-01 +8.7071e-01 -6.6963e-01 +1.5901e+00
65 0 +2.815495640e+02 +2.605695640e+02 +2.605695640e+02 -1.6653e-01 -2.5411e-01 -6.5881e-02 -4.9884e-02 -6.4628e-02 -1.6849e-01 -7.4157e-02 +1.1786e+00 -1.0741e+00 +2.0877e+00
72 0 +2.630930798e+02 +2.421130798e+02 +2.421130798e+02 -1.6100e-01 -3.4422e-01 +4.1421e-01 +7.5105e-01 +7.6256e-01 -4.3227e-01 -1.0698e+00 +1.2678e+00 -1.1351e+00 +8.7644e-01
75 0 +2.398738461e+02 +2.188938461e+02 +2.188938461e+02 +7.9669e-03 -1.0245e+00 -2.4744e-02 +1.5196e-01 +1.2590e+00 -5.4876e-01 -1.6709e-01 +8.7845e-01 -1.7196e+00 +2.4600e+00
80 0 +2.281620192e+02 +2.071820192e+02 +2.071820192e+02 -2.4421e-01 -2.3828e-01 -7.8361e-01 +1.0593e+00 +5.2241e-01 -5.9559e-01 -4.7606e-01 +1.1189e+00 -1.3715e+00 +2.8263e+00
84 0 +2.092682965e+02 +1.882882965e+02 +1.882882965e+02 +5.8128e-01 -5.4391e-01 +3.2681e-01 +3.6432e-01 +1.4634e+00 -7.2756e-01 -5.5142e-01 +1.2662e+00 -7.5546e-01 +2.9779e+00
87 0 +2.021947780e+02 +1.812147780e+02 +1.812147780e+02 -6.3674e-01 +3.3319e-02 -4.3322e-01 +9.1231e-01 +1.2155e+00 -4.7918e-01 -1.2357e+00 +4.5199e-01 -1.3061e+00 +2.5674e+00
93 0 +1.911921327e+02 +1.702121327e+02 +1.702121327e+02 -1.0549e+00 -3.8275e-02 -2.1381e-01 +1.1817e+00 +1.7970e+00 +4.1215e-02 -1.4586e+00 +1.0821e+00 -1.6869e+00 +2.9678e+00
96 0 +1.900810103e+02 +1.691010103e+02 +1.691010103e+02 -8.2250e-01 -5.5223e-01 +5.1703e-01 +8.9372e-01 +7.3234e-01 -7.4187e-01 -1.6725e+00 +1.6123e+00 -1.5314e+00 +2.3707e+00
98 0 +1.598615884e+02 +1.388815884e+02 +1.388815884e+02 +3.7152e-02 -6.3665e-01 -6.3375e-01 +2.8477e-01 +1.8582e+00 -1.0942e+00 -5.3039e-01 +1.0130e+00 -1.2375e+00 +2.8708e+00
105 0 +1.407208342e+02 +1.197408342e+02 +1.197408342e+02 -5.2210e-01 +8.8227e-01 -2.0639e+00 +1.2073e+00 +1.2409e+00 -1.0374e+00 -1.8705e+00 +1.3900e+00 -2.8435e+00 +3.0792e+00
106 0 +1.085471485e+02 +8.756714849e+01 +8.756714849e+01 +3.0441e-01 -8.3222e-01 -5.8202e-01 +2.6079e-01 +1.4689e+00 -5.3851e-01 -1.6454e+00 +2.3550e+00 -1.2425e+00 +3.0248e+00
112 0 +1.027770502e+02 +8.179705022e+01 +8.179705022e+01 -2.3309e-01 +3.0299e-01 +2.0297e-01 -4.8308e-01 +2.0588e+00 -1.1748e+00 -1.7809e+00 +2.6701e+00 -2.4271e+00 +3.9760e+00
140 0 +9.502469001e+01 +7.404469001e+01 +7.404469001e+01 +1.1500e+00 +1.0510e+00 -4.0929e-01 -4.5860e-01 +2.9918e+00 -2.7467e+00 -2.5091e+00 +3.9402e+00 -6.6847e-01 +4.7110e+00
166 0 +9.302655049e+01 +7.204655049e+01 +7.204655049e+01 +1.1706e+00 +1.8888e+00 -1.4239e-01 -4.6690e-01 +1.8987e+00 -1.1909e+00 -3.0407e+00 +4.7091e+00 -1.1016e+00 +4.3051e+00
184 0 +8.972634418e+01 +6.874634418e+01 +6.874634418e+01 +3.7480e-01 +2.6931e-02 -5.5722e-01 -2.8142e-01 +3.0609e+00 -1.8035e+00 -2.8065e+00 +3.4919e+00 -9.2443e-01 +4.1096e+00
186 0 +8.720397210e+01 +6.622397210e+01 +6.622397210e+01 +6.4943e-01 +1.3951e+00 -6.4114e-01 -3.4059e-01 +1.9002e+00 -1.6506e+00 -3.9324e+00 +3.6436e+00 -1.7212e+00 +4.4200e+00
206 0 +7.565050939e+01 +5.467050939e+01 +5.467050939e+01 +5.1472e-01 +3.0080e-01 +3.6324e-01 -6.9444e-01 +2.4225e+00 -2.6956e+00 -2.9465e+00 +3.7488e+00 -1.2454e+00 +4.3838e+00
290 0 +6.889689295e+01 +4.791689295e+01 +4.791689295e+01 +1.3894e+00 +1.9890e+00 -1.0896e+00 -4.7865e-01 +1.3120e+00 -2.5308e+00 -4.3602e+00 +3.9486e+00 -2.1237e+00 +3.7910e+00
393 0 +6.595629594e+01 +4.497629594e+01 +4.497629594e+01 +1.0707e+00 +2.6940e+00 -5.8052e-01 -1.9781e-01 +9.1970e-01 -2.2905e+00 -3.9974e+00 +3.4883e+00 -1.3715e+00 +3.8779e+00
602 0 +5.245248413e+01 +3.147248413e+01 +3.147248413e+01 +1.1087e+00 +1.8536e+00 -5.7609e-01 +9.5375e-01 +9.6305e-01 -1.9894e+00 -3.3690e+00 +3.4832e+00 -1.6893e+00 +4.3785e+00
677 0 +4.859098886e+01 +2.761098886e+01 +2.761098886e+01 +1.0418e+00 +1.9595e+00 -5.2167e-01 +9.4418e-01 +9.2761e-01 -2.0753e+00 -3.5282e+00 +3.6073e+00 -1.7771e+00 +4.1540e+00
691 0 +4.172362363e+01 +2.074362363e+01 +2.074362363e+01 +1.1300e+00 +1.9470e+00 -5.7690e-01 +9.6693e-01 +8.6078e-01 -2.1187e+00 -3.4645e+00 +3.6163e+00 -1.7719e+00 +4.1600e+00
710 0 +3.359718905e+01 +1.261718905e+01 +1.261718905e+01 +1.1050e+00 +1.8988e+00 -5.3116e-01 +9.7110e-01 +9.1345e-01 -2.1196e+00 -3.4103e+00 +3.5343e+00 -1.6858e+00 +4.1625e+00
758 0 +2.812069599e+01 +7.140695987e+00 +7.140695987e+00 +1.1909e+00 +2.0114e+00 -5.3530e-01 +1.0708e+00 +8.3264e-01 -2.1033e+00 -3.4840e+00 +3.4497e+00 -1.7877e+00 +4.1437e+00
774 0 +2.072749224e+01 -2.525077616e-01 -2.525077616e-01 +1.0422e+00 +2.0170e+00 -6.0272e-01 +1.0575e+00 +7.9434e-01 -2.1103e+00 -3.4718e+00 +3.4820e+00 -1.7109e+00 +4.1593e+00
834 0 +2.040358022e+01 -5.764197834e-01 -5.764197834e-01 +1.0427e+00 +1.9651e+00 -5.6359e-01 +1.0227e+00 +8.0926e-01 -2.1215e+00 -3.4289e+00 +3.4278e+00 -1.6854e+00 +4.1248e+00
857 0 +1.864156903e+01 -2.338430966e+00 -2.338430966e+00 +1.1019e+00 +1.9592e+00 -5.5043e-01 +1.0507e+00 +8.3592e-01 -2.1065e+00 -3.4395e+00 +3.4324e+00 -1.6976e+00 +4.1718e+00
872 0 +1.789013091e+01 -3.089869087e+00 -3.089869087e+00 +1.1122e+00 +1.9128e+00 -5.6354e-01 +1.0411e+00 +8.1889e-01 -2.0888e+00 -3.4888e+00 +3.4672e+00 -1.7043e+00 +4.1416e+00
883 0 +1.700500882e+01 -3.974991181e+00 -3.974991181e+00 +1.0684e+00 +1.9270e+00 -5.5731e-01 +1.0255e+00 +8.3113e-01 -2.1135e+00 -3.4823e+00 +3.4634e+00 -1.7180e+00 +4.1333e+00
930 0 +1.637424885e+01 -4.605751149e+00 -4.605751149e+00 +1.0696e+00 +1.9345e+00 -5.6268e-01 +1.0795e+00 +8.0845e-01 -2.1260e+00 -3.4931e+00 +3.4600e+00 -1.7018e+00 +4.1681e+00
1010 0 +1.637424885e+01 -4.605751149e+00 -4.605751149e+00 +1.0696e+00 +1.9345e+00 -5.6268e-01 +1.0795e+00 +8.0845e-01 -2.1260e+00 -3.4931e+00 +3.4600e+00 -1.7018e+00 +4.1681e+00
% f evaluations | g evaluations | best noise-free fitness - Fopt (1.353300000000e+02) + sum g_i+ | measured fitness | best measured fitness or single-digit g-values | x1 | x2...
1 0 +4.933735742e+02 +6.287035742e+02 +6.287035742e+02 +1.5169e-02 +1.4999e-01 -2.9878e-01 +2.0808e-01 -1.2549e-01 -4.7539e-01 -1.9432e-01 +1.7958e-01 +9.9679e-02 -3.4426e-01
12 0 +4.352976326e+02 +5.706276326e+02 +5.706276326e+02 +3.2911e-01 +4.8428e-01 +1.7389e-01 -3.2662e-01 +5.2399e-02 -4.6209e-01 +8.2680e-03 -4.8470e-01 +5.7915e-02 -5.0684e-01
24 0 +3.816745626e+02 +5.170045626e+02 +5.170045626e+02 +7.3639e-01 +1.4109e-01 +1.7266e-01 -5.2711e-01 +1.0078e-01 -1.1649e-01 -3.7683e-01 -9.8827e-02 +3.7640e-01 -8.6666e-01
29 0 +3.576061007e+02 +4.929361007e+02 +4.929361007e+02 +6.5281e-01 +7.0723e-01 -3.2781e-01 -3.8291e-01 +8.1020e-01 -5.1509e-02 +4.9801e-01 -6.9674e-01 +1.2342e-01 -1.2269e+00
39 0 +3.446050265e+02 +4.799350265e+02 +4.799350265e+02 +8.6459e-01 -8.1907e-03 -1.2753e-01 -3.1608e-01 +5.8427e-01 -4.9420e-01 +3.9734e-01 -1.1756e+00 -6.4897e-01 -1.2288e+00
41 0 +3.361223353e+02 +4.714523353e+02 +4.714523353e+02 +7.8009e-01 +6.0682e-01 -1.4848e-01 -6.2834e-01 +4.0252e-01 -6.3141e-01 +6.8654e-01 -1.0365e+00 -4.0353e-01 -1.9669e+00
42 0 +3.299919365e+02 +4.653219365e+02 +4.653219365e+02 +7.5276e-01 +4.1995e-01 -3.5468e-01 -3.5318e-01 +9.9311e-01 -6.3507e-01 +6.3342e-01 -1.2615e-01 -2.6127e-01 -1.1238e+00
46 0 +3.040689561e+02 +4.393989561e+02 +4.393989561e+02 +7.3921e-01 -1.0117e-02 -4.5725e-01 -8.3985e-01 +1.1159e+00 -1.7067e-01 +2.5263e-02 +8.8865e-02 +1.0843e-01 -1.3661e+00
61 0 +2.446901597e+02 +3.800201597e+02 +3.800201597e+02 +4.4291e-01 +1.5718e-01 -3.9306e-01 -2.5629e-02 +2.0412e+00 -4.3783e-01 +6.5365e-01 -1.2628e-01 -8.0292e-01 -1.8443e+00
74 0 +2.251309018e+02 +3.604609018e+02 +3.604609018e+02 +6.5983e-01 -9.8360e-03 -3.8925e-01 -6.4135e-01 +1.8127e+00 -4.3193e-01 +7.6558e-01 +8.7288e-02 -7.4851e-01 -1.5857e+00
79 0 +2.021756567e+02 +3.375056567e+02 +3.375056567e+02 +5.8051e-01 +7.7906e-01 -4.2002e-01 -1.7143e-01 +2.0116e+00 -1.0832e+00 +9.9309e-02 +4.4107e-01 -9.4097e-01 -1.6409e+00
82 0 +1.919710024e+02 +3.273010024e+02 +3.273010024e+02 +5.9542e-01 +1.0466e+00 -5.5943e-01 -1.0423e+00 +1.0265e+00 -7.2809e-01 +1.1043e+00 +2.5686e-01 -1.2170e+00 -2.5781e+00
84 0 +1.831308641e+02 +3.184608641e+02 +3.184608641e+02 +3.7355e-01 -9.2455e-02 -3.7373e-01 -1.1509e+00 +2.0678e+00 -2.2257e+00 +1.9303e-01 +2.3957e-01 -1.0047e+00 -1.7075e+00
102 0 +1.494686110e+02 +2.847986110e+02 +2.847986110e+02 +4.7998e-01 -3.2589e-01 -4.7178e-01 -3.1357e-01 +2.6138e+00 -1.8356e+00 +1.1298e-01 +9.6166e-01 -1.4258e+00 -2.7512e+00
133 0 +1.259428784e+02 +2.612728784e+02 +2.612728784e+02 +6.5730e-01 -1.8997e+00 -5.3875e-01 -1.4140e+00 +1.9747e+00 -1.1315e+00 +4.6289e-01 +2.0435e+00 -5.1968e-01 -2.5213e+00
141 0 +1.037644631e+02 +2.390944631e+02 +2.390944631e+02 +1.3159e+00 -1.6556e+00 -1.1507e+00 -1.2950e+00 +2.1421e+00 -1.5052e+00 -2.1702e-05 +2.3504e+00 -1.2912e+00 -3.4518e+00
200 0 +9.763588653e+01 +2.329658865e+02 +2.329658865e+02 +5.9661e-01 +3.5978e-02 -1.5046e+00 -1.3978e+00 +2.9166e+00 -1.6364e+00 +4.2226e-01 +4.3988e+00 -2.5383e+00 -3.7274e+00
257 0 +8.727428271e+01 +2.226042827e+02 +2.226042827e+02 +3.3680e-01 -9.5461e-01 -5.3636e-01 -1.3491e+00 +1.8602e+00 -7.0011e-01 +7.7982e-02 +3.8710e+00 -2.8408e+00 -2.5575e+00
291 0 +7.771470443e+01 +2.130447044e+02 +2.130447044e+02 +3.3368e-01 -6.7574e-01 +2.1685e-01 -1.4489e+00 +1.4763e+00 +1.4656e+00 -4.3840e-01 +3.9079e+00 -2.4584e+00 -2.6222e+00
437 0 +7.014225124e+01 +2.054722512e+02 +2.054722512e+02 -1.6125e-01 -1.0430e-01 +4.1280e-01 -1.5166e+00 +3.2317e+00 +2.9461e-02 +2.2673e-01 +3.5199e+00 -2.1239e+00 -3.4336e+00
463 0 +6.772841365e+01 +2.030584136e+02 +2.030584136e+02 -2.8034e-01 +9.6572e-01 +2.4786e-01 -1.2589e+00 +2.7887e+00 -6.4892e-01 +3.1736e-01 +3.1313e+00 -2.5674e+00 -3.4069e+00
492 0 +6.719959178e+01 +2.025295918e+02 +2.025295918e+02 -9.7638e-02 +1.1057e-01 +2.0810e-01 -1.3465e+00 +2.6214e+00 -7.8037e-01 +8.4467e-02 +3.5515e+00 -2.4002e+00 -3.4696e+00
502 0 +6.566478073e+01 +2.009947807e+02 +2.009947807e+02 -3.3035e-01 +6.8411e-02 +3.1953e-01 -1.6894e+00 +2.7467e+00 -4.5301e-01 +2.4723e-01 +3.1295e+00 -2.5002e+00 -3.4736e+00
566 0 +6.283036550e+01 +1.981603655e+02 +1.981603655e+02 -4.0088e-01 +1.6738e-01 +2.0028e-01 -1.5326e+00 +3.0092e+00 -1.8938e-01 -9.8251e-03 +3.2218e+00 -2.0652e+00 -3.4466e+00
589 0 +5.753572138e+01 +1.928657214e+02 +1.928657214e+02 -4.7197e-01 +5.5096e-03 +1.4698e-01 -1.8808e+00 +3.2115e+00 -4.1201e-01 +6.8000e-02 +3.4775e+00 -2.3061e+00 -3.3991e+00
593 0 +4.970071831e+01 +1.850307183e+02 +1.850307183e+02 -3.6972e-01 -1.4971e-01 +6.0214e-02 -1.9624e+00 +3.1322e+00 -4.6991e-01 +7.6744e-02 +3.5280e+00 -2.1416e+00 -3.4684e+00
637 0 +4.648972528e+01 +1.818197253e+02 +1.818197253e+02 -5.3471e-01 +1.5086e-01 +2.8907e-01 -1.7774e+00 +3.2155e+00 +2.3669e-02 +2.1519e-01 +3.4925e+00 -2.0703e+00 -3.3885e+00
667 0 +4.362703865e+01 +1.789570386e+02 +1.789570386e+02 -5.4794e-01 +9.0859e-02 +1.5151e-01 -1.9709e+00 +3.2367e+00 -2.6334e-02 +2.5435e-01 +3.5369e+00 -1.8824e+00 -3.3959e+00
691 0 +3.604970147e+01 +1.713797015e+02 +1.713797015e+02 -3.8377e-01 -4.3346e-02 +1.1366e-01 -1.9911e+00 +3.1904e+00 -2.8414e-02 +2.2432e-01 +3.5440e+00 -1.9690e+00 -3.4027e+00
698 0 +2.633597964e+01 +1.616659796e+02 +1.616659796e+02 -3.9744e-01 +2.2097e-02 +2.2141e-01 -1.9169e+00 +3.1993e+00 -1.0495e-01 +2.3363e-01 +3.6029e+00 -2.1153e+00 -3.4406e+00
781 0 +1.978206267e+01 +1.551120627e+02 +1.551120627e+02 -4.7003e-01 -3.8473e-02 +2.0498e-01 -1.8863e+00 +3.1951e+00 -3.7135e-02 +2.9620e-01 +3.5051e+00 -2.0313e+00 -3.4543e+00
843 0 +1.923027014e+01 +1.545602701e+02 +1.545602701e+02 -4.5881e-01 -9.9567e-02 +1.8131e-01 -1.8910e+00 +3.1803e+00 -6.8762e-02 +2.7597e-01 +3.5512e+00 -2.0321e+00 -3.4379e+00
846 0 +1.895318230e+01 +1.542831823e+02 +1.542831823e+02 -4.4661e-01 +2.0010e-02 +1.9900e-01 -1.9065e+00 +3.2250e+00 -2.9139e-02 +2.4089e-01 +3.5114e+00 -2.0720e+00 -3.4483e+00
851 0 +1.799860485e+01 +1.533286049e+02 +1.533286049e+02 -4.9455e-01 +3.7101e-02 +1.8977e-01 -1.8663e+00 +3.2038e+00 -6.5274e-02 +2.7104e-01 +3.5023e+00 -2.0637e+00 -3.4517e+00
861 0 +1.695748113e+01 +1.522874811e+02 +1.522874811e+02 -4.4741e-01 +2.3685e-02 +1.4809e-01 -1.9178e+00 +3.2086e+00 -4.3464e-02 +2.9254e-01 +3.5422e+00 -2.0593e+00 -3.4638e+00
896 0 +1.572213724e+01 +1.510521372e+02 +1.510521372e+02 -5.0029e-01 +3.1475e-02 +1.3559e-01 -1.9283e+00 +3.1772e+00 -8.4569e-02 +2.5362e-01 +3.5494e+00 -2.0517e+00 -3.4443e+00
919 0 +1.535672072e+01 +1.506867207e+02 +1.506867207e+02 -4.9545e-01 -1.8830e-03 +1.4727e-01 -1.9488e+00 +3.1735e+00 -5.9298e-02 +2.5600e-01 +3.5298e+00 -2.0562e+00 -3.4536e+00
951 0 +1.508872033e+01 +1.504187203e+02 +1.504187203e+02 -4.8382e-01 +2.7058e-02 +1.7223e-01 -1.9352e+00 +3.1683e+00 -6.3478e-02 +2.6824e-01 +3.5386e+00 -2.0458e+00 -3.4568e+00
965 0 +1.456889940e+01 +1.498988994e+02 +1.498988994e+02 -4.7642e-01 +2.4450e-02 +1.4170e-01 -1.9328e+00 +3.1847e+00 -7.1740e-02 +2.5421e-01 +3.5449e+00 -2.0445e+00 -3.4489e+00
1010 0 +1.456889940e+01 +1.498988994e+02 +1.498988994e+02 -4.7642e-01 +2.4450e-02 +1.4170e-01 -1.9328e+00 +3.1847e+00 -7.1740e-02 +2.5421e-01 +3.5449e+00 -2.0445e+00 -3.4489e+00
% f evaluations | g evaluations | best noise-free fitness - Fopt (4.066000000000e+01) + sum g_i+ | measured fitness | best measured fitness or single-digit g-values | x1 | x2...
1 0 +3.787626890e+02 +4.194226890e+02 +4.194226890e+02 +1.5169e-02 +1.4999e-01 -2.9878e-01 +2.0808e-01 -1.2549e-01 -4.7539e-01 -1.9432e-01 +1.7958e-01 +9.9679e-02 -3.4426e-01
3 0 +3.594718866e+02 +4.001318866e+02 +4.001318866e+02 -2.9490e-01 +1.6330e-02 +4.7968e-02 -3.6269e-01 +6.6702e-01 +1.1829e-01 +5.0772e-01 -3.3386e-01 +4.9074e-01 -4.0831e-01
6 0 +3.372972567e+02 +3.779572567e+02 +3.779572567e+02 +2.3598e-01 -5.5227e-01 +1.1264e-02 +1.0779e-02 -2.3363e-01 +5.3825e-02 -4.3667e-01 +1.6686e-01 +1.5294e-01 +9.0138e-02
9 0 +3.235177348e+02 +3.641777348e+02 +3.641777348e+02 -3.2914e-01 -1.5846e-01 -7.1394e-01 -1.8231e-01 -3.2259e-01 +6.0674e-01 -1.6947e-01 -4.6289e-01 +2.6126e-01 -5.2566e-02
19 0 +3.042734815e+02 +3.449334815e+02 +3.449334815e+02 -1.4009e-03 -7.3975e-01 -8.0434e-01 -2.3766e-01 -2.0086e-01 +3.0700e-01 -5.7999e-01 -2.7084e-01 +3.4647e-01 +4.3913e-01
21 0 +2.961758204e+02 +3.368358204e+02 +3.368358204e+02 -2.0698e-01 -7.1654e-01 -2.6982e-01 -8.4077e-01 -4.9326e-01 +6.0637e-02 -7.1516e-01 -3.8682e-01 +3.8366e-01 +4.2466e-01
24 0 +2.800785752e+02 +3.207385752e+02 +3.207385752e+02 +3.7799e-01 -2.7706e-01 -5.7724e-01 -8.4063e-01 -4.8539e-01 +4.9083e-01 -8.0794e-01 -4.3144e-01 +6.3933e-01 +5.2016e-01
28 0 +2.634694015e+02 +3.041294015e+02 +3.041294015e+02 -9.7874e-02 -2.5219e-01 -9.2305e-01 -4.2091e-01 +4.7821e-02 +6.9784e-01 -2.0918e-01 -6.3161e-01 -1.7066e-01 +4.7828e-01
43 0 +2.365148051e+02 +2.771748051e+02 +2.771748051e+02 -3.6201e-01 -4.3605e-01 -4.0591e-02 -9.4056e-01 +3.5764e-02 +6.4641e-01 -5.8890e-01 -8.7704e-01 +2.7023e-01 +6.9649e-02
61 0 +2.108053812e+02 +2.514653812e+02 +2.514653812e+02 -8.2297e-01 -1.6583e-01 -1.8458e-01 -1.1377e+00 +5.7737e-02 +3.6585e-01 -3.6280e-01 -1.0060e+00 +3.4068e-01 +9.0797e-01
94 0 +2.072239597e+02 +2.478839597e+02 +2.478839597e+02 -6.8101e-01 -5.3145e-01 -5.9430e-01 -1.1573e+00 +4.6789e-01 -1.1643e-02 -1.6039e-01 -6.4173e-01 +8.2989e-01 +9.2207e-01
111 0 +1.990096763e+02 +2.396696763e+02 +2.396696763e+02 -1.2725e-01 -3.7992e-01 -7.6977e-01 -7.9781e-01 -3.4400e-02 +2.3138e-02 -8.5483e-01 -1.2620e+00 +9.2647e-01 +7.7730e-01
128 0 +1.926201094e+02 +2.332801094e+02 +2.332801094e+02 +4.5355e-02 -7.3501e-01 -6.0145e-01 -1.5069e+00 +2.0196e-01 +5.3853e-01 -8.0996e-01 -1.4064e+00 +1.2664e+00 +8.0040e-02
131 0 +1.816701093e+02 +2.223301093e+02 +2.223301093e+02 -1.2013e-01 -5.3124e-01 -6.8214e-01 -1.3550e+00 -1.0162e-01 +5.2203e-02 -7.2342e-01 -1.4391e+00 +6.2002e-01 +8.8499e-01
261 0 +1.523127723e+02 +1.929727723e+02 +1.929727723e+02 -6.4891e-02 -4.0477e-01 -5.9635e-01 -8.1802e-01 +6.5678e-01 +2.7112e-02 -9.5663e-01 -1.7265e+00 +1.7089e+00 +6.4199e-01
314 0 +1.504291339e+02 +1.910891339e+02 +1.910891339e+02 +2.9433e-01 -5.9166e-01 -6.5806e-01 -7.5987e-01 +5.4619e-01 +2.8285e-02 -8.2224e-01 -1.9958e+00 +2.2240e+00 +8.8862e-01
346 0 +1.372406824e+02 +1.779006824e+02 +1.779006824e+02 +1.3333e-01 -5.3656e-01 -8.6528e-01 -3.2737e-01 +8.8054e-01 +7.6173e-02 -1.0256e+00 -2.0492e+00 +2.1191e+00 +1.3326e+00
401 0 +1.254997560e+02 +1.661597560e+02 +1.661597560e+02 +1.3862e-01 -6.3110e-01 -6.4393e-01 -3.1478e-01 +5.4760e-01 -1.1735e-01 -9.2942e-01 -2.0628e+00 +2.2329e+00 +1.3916e+00
411 0 +1.189598383e+02 +1.596198383e+02 +1.596198383e+02 +5.5113e-02 -4.8474e-01 -7.0012e-01 -3.6987e-01 +7.5606e-01 -8.9489e-02 -8.9281e-01 -2.0587e+00 +2.4848e+00 +1.3648e+00
423 0 +1.167404842e+02 +1.574004842e+02 +1.574004842e+02 +5.5844e-02 -3.5215e-01 -8.3178e-01 -4.1681e-01 +6.5349e-01 -1.6241e-01 -9.2901e-01 -2.1110e+00 +2.4507e+00 +1.3844e+00
516 0 +1.083311057e+02 +1.489911057e+02 +1.489911057e+02 +1.2778e-01 -4.3908e-01 -8.5722e-01 -4.8010e-01 +6.1994e-01 -1.1026e-02 -9.1053e-01 -2.0872e+00 +2.5206e+00 +1.3678e+00
549 0 +1.041250578e+02 +1.447850578e+02 +1.447850578e+02 +1.9742e-02 -2.8655e-01 -8.0743e-01 -4.2020e-01 +5.2521e-01 -5.4803e-02 -9.4945e-01 -2.0823e+00 +2.5089e+00 +1.4096e+00
562 0 +9.594699988e+01 +1.366069999e+02 +1.366069999e+02 +7.7878e-02 -3.1383e-01 -7.1582e-01 -3.7004e-01 +5.9658e-01 +3.5289e-02 -9.1547e-01 -2.0777e+00 +2.4709e+00 +1.3866e+00
637 0 +9.516240024e+01 +1.358224002e+02 +1.358224002e+02 +5.6871e-03 -3.4606e-01 -7.4539e-01 -4.0875e-01 +6.0442e-01 -1.2657e-02 -9.3394e-01 -2.0822e+00 +2.5150e+00 +1.4116e+00
646 0 +9.236179316e+01 +1.330217932e+02 +1.330217932e+02 -8.2296e-03 -2.6416e-01 -7.5855e-01 -3.8088e-01 +5.9328e-01 +6.0847e-02 -9.6092e-01 -2.0810e+00 +2.5280e+00 +1.3863e+00
710 0 +9.093640602e+01 +1.315964060e+02 +1.315964060e+02 +9.1573e-03 -3.7211e-01 -7.5827e-01 -3.9843e-01 +5.8334e-01 -8.6656e-03 -9.7880e-01 -2.0793e+00 +2.5220e+00 +1.3762e+00
851 0 +8.892089295e+01 +1.295808930e+02 +1.295808930e+02 +2.3733e-02 -3.9458e-01 -7.3244e-01 -3.7466e-01 +5.9607e-01 +2.4720e-02 -9.4260e-01 -2.0854e+00 +2.5133e+00 +1.3790e+00
1010 0 +8.858104725e+01 +1.292410473e+02 +1.292410473e+02 +4.9209e-04 -3.8410e-01 -7.4369e-01 -3.7522e-01 +5.9255e-01 +3.5901e-02 -9.5085e-01 -2.0809e+00 +2.5131e+00 +1.3751e+00
