% f evaluations | g evaluations | best noise-free fitness - Fopt (-4.620900000000e+02) + sum g_i+ | measured fitness | best measured fitness or single-digit g-values | x1 | x2...
1 0 +2.630391902e+02 -1.990508098e+02 -1.990508098e+02 +5.0716e-01 -1.3978e-01 +9.8461e-03 +1.2226e-01 -2.3668e-01 +6.1969e-04 -2.6712e-04 -5.2644e-01 +3.0531e-01 +1.8016e-01
2 0 +2.231049833e+02 -2.389850167e+02 -2.389850167e+02 -1.8763e-01 -5.1465e-02 +1.5159e-01 -7.8408e-02 -7.2826e-02 -4.3598e-01 +1.6638e-01 +3.7166e-02 +8.2341e-02 -4.5798e-01
21 0 +2.159963799e+02 -2.460936201e+02 -2.460936201e+02 +4.1048e-01 -4.3278e-01 -1.3333e-02 +7.2001e-02 +2.6547e-03 +3.4219e-01 +5.3938e-01 +2.5057e-01 +1.3288e-02 +8.0206e-02
29 0 +1.953097704e+02 -2.667802296e+02 -2.667802296e+02 +4.0145e-01 +1.9053e-01 -3.3682e-01 -7.4105e-02 -1.5312e-01 -1.9916e-01 +1.7040e-01 +1.6013e-01 +4.4962e-01 +6.8915e-02
85 0 +1.948317776e+02 -2.672582224e+02 -2.672582224e+02 +4.4503e-01 -4.2409e-01 +5.5667e-02 -1.3319e-01 -6.0827e-01 +5.9101e-02 +7.8079e-02 +9.4803e-02 +4.2249e-01 +1.2421e-01
93 0 +1.895093832e+02 -2.725806168e+02 -2.725806168e+02 +4.3318e-01 -5.2500e-01 -2.6562e-01 +1.4948e-01 -2.7871e-01 +1.5681e-01 +2.6085e-01 +4.4035e-01 +3.6658e-01 +3.7527e-01
115 0 +1.667009082e+02 -2.953890918e+02 -2.953890918e+02 +5.2408e-01 -5.5972e-01 -1.1066e-01 +2.1161e-04 -2.8600e-01 +9.4267e-02 +2.2178e-01 +5.9943e-01 +8.2993e-01 -1.2499e-01
185 0 +1.586582458e+02 -3.034317542e+02 -3.034317542e+02 +4.5674e-01 +3.4635e-01 -6.1513e-02 +1.0321e+00 +6.9711e-01 +6.7136e-01 +3.0652e-01 +8.0160e-01 +1.4234e+00 -2.5372e-01
213 0 +1.475476395e+02 -3.145423605e+02 -3.145423605e+02 +5.7728e-01 -2.5816e-01 +1.9541e-01 +2.7262e-01 -7.3885e-02 +1.9292e-01 +7.9948e-01 +6.6021e-01 +1.8109e+00 +4.0251e-02
243 0 +1.257696723e+02 -3.363203277e+02 -3.363203277e+02 +7.3193e-01 -3.7117e-01 -1.4770e-01 +1.2291e+00 +1.1134e+00 +6.5220e-01 +9.5305e-01 +1.0390e+00 +1.3369e+00 +1.0308e-01
268 0 +1.198531227e+02 -3.422368773e+02 -3.422368773e+02 +8.2881e-01 -1.1110e+00 -8.2014e-01 +5.6830e-01 +1.6103e+00 +6.9844e-01 +1.6135e+00 +1.2681e+00 +2.2235e+00 -1.7710e-01
344 0 +1.000101421e+02 -3.620798579e+02 -3.620798579e+02 +1.9726e-02 +5.2208e-01 -3.4360e-01 +1.9392e+00 +2.0882e+00 +1.5445e+00 +2.0307e+00 +2.1933e+00 +1.3148e+00 -6.1606e-01
426 0 +6.830106671e+01 -3.937889333e+02 -3.937889333e+02 +9.1672e-01 -4.6937e-01 -7.0906e-02 +1.9425e+00 +1.8490e+00 +1.1903e+00 +2.0738e+00 +2.1909e+00 +2.6091e+00 -6.5863e-01
598 0 +5.118477406e+01 -4.109052259e+02 -4.109052259e+02 -4.3434e-01 +7.7258e-01 +8.2821e-01 +1.5880e+00 +2.8311e+00 +1.2159e+00 +2.5361e+00 +2.2437e+00 +1.4491e+00 +3.2679e-01
867 0 +4.213386912e+01 -4.199561309e+02 -4.199561309e+02 -2.8703e-01 +3.7464e-01 +1.3261e+00 +1.9190e+00 +2.8680e+00 +1.6257e+00 +2.5672e+00 +2.2241e+00 +1.0308e+00 +1.3870e-01
921 0 +4.104334257e+01 -4.210466574e+02 -4.210466574e+02 -3.5070e-01 +6.8270e-01 +1.5337e+00 +1.9542e+00 +2.7944e+00 +1.6669e+00 +2.6066e+00 +2.1896e+00 +9.8517e-01 +8.1486e-02
924 0 +3.405013012e+01 -4.280398699e+02 -4.280398699e+02 -3.2285e-01 +6.8420e-01 +1.4455e+00 +2.0719e+00 +2.9301e+00 +1.6508e+00 +2.5531e+00 +2.2103e+00 +9.6434e-01 +7.1290e-02
928 0 +3.185881868e+01 -4.302311813e+02 -4.302311813e+02 -3.0621e-01 +7.4207e-01 +1.5127e+00 +2.0459e+00 +2.8389e+00 +1.6479e+00 +2.5753e+00 +2.2187e+00 +1.0301e+00 +7.6827e-02
991 0 +3.117711503e+01 -4.309128850e+02 -4.309128850e+02 -3.3295e-01 +6.6766e-01 +1.3207e+00 +1.9420e+00 +2.9273e+00 +1.6137e+00 +2.5697e+00 +2.1954e+00 +9.9728e-01 +6.9670e-03
1010 0 +3.117711503e+01 -4.309128850e+02 -4.309128850e+02 -3.3295e-01 +6.6766e-01 +1.3207e+00 +1.9420e+00 +2.9273e+00 +1.6137e+00 +2.5697e+00 +2.1954e+00 +9.9728e-01 +6.9670e-03
% f evaluations | g evaluations | best noise-free fitness - Fopt (7.766000000000e+01) + sum g_i+ | measured fitness | best measured fitness or single-digit g-values | x1 | x2...
1 0 +6.600232486e+02 +7.376832486e+02 +7.376832486e+02 +5.0716e-01 -1.3978e-01 +9.8461e-03 +1.2226e-01 -2.3668e-01 +6.1969e-04 -2.6712e-04 -5.2644e-01 +3.0531e-01 +1.8016e-01
2 0 +3.820778706e+02 +4.597378706e+02 +4.597378706e+02 -1.8763e-01 -5.1465e-02 +1.5159e-01 -7.8408e-02 -7.2826e-02 -4.3598e-01 +1.6638e-01 +3.7166e-02 +8.2341e-02 -4.5798e-01
12 0 +3.258511665e+02 +4.035111665e+02 +4.035111665e+02 +1.2352e-01 -2.3419e-01 -3.9747e-02 +7.0743e-01 +1.8173e-01 -7.0691e-01 +1.6208e-01 +1.5260e-02 +1.3030e-01 -7.9272e-01
16 0 +3.098192563e+02 +3.874792563e+02 +3.874792563e+02 +3.8141e-01 +1.3954e-01 -4.9725e-01 -1.4349e-01 +4.1351e-01 -2.1310e-01 -4.8676e-02 +5.4440e-01 -8.8360e-02 -9.4707e-01
21 0 +3.069266996e+02 +3.845866996e+02 +3.845866996e+02 -7.3276e-02 +1.2739e-01 -1.4772e-01 +5.0399e-01 +8.7277e-02 +9.0328e-02 +1.0490e-01 +4.9486e-01 -7.1144e-01 -1.0493e+00
40 0 +2.838604484e+02 +3.615204484e+02 +3.615204484e+02 +1.7236e-01 -3.2178e-01 +3.1914e-01 +4.9879e-01 +6.9484e-01 -5.1424e-01 +1.5641e-01 +6.5641e-01 -5.4743e-01 -1.1418e+00
43 0 +2.816814056e+02 +3.593414056e+02 +3.593414056e+02 +2.4515e-01 -1.4684e-01 +2.7838e-01 -7.7574e-02 +2.2167e-01 -6.2114e-01 +1.4044e-01 +1.7859e-01 -6.4672e-01 -1.0792e+00
47 0 +2.722541234e+02 +3.499141234e+02 +3.499141234e+02 +1.5075e-01 -1.8557e-03 -6.9805e-02 +3.2217e-01 +4.1320e-01 -2.3381e-01 +1.5639e-01 +1.1644e-01 +1.9983e-01 -1.3848e+00
58 0 +2.106068135e+02 +2.882668135e+02 +2.882668135e+02 +2.7271e-01 -1.8976e-01 -1.2013e-01 -1.2917e-01 +6.9446e-01 -5.0995e-01 +2.9811e-02 -3.1402e-01 -2.1125e-01 -1.5848e+00
66 0 +1.782279982e+02 +2.558879982e+02 +2.558879982e+02 +7.5711e-01 +6.2417e-02 +4.0490e-01 +3.1531e-01 +1.0476e+00 -7.1668e-01 -8.6741e-03 +4.7197e-02 -8.4962e-01 -2.0641e+00
90 0 +1.688001471e+02 +2.464601471e+02 +2.464601471e+02 +8.3197e-01 -1.0795e+00 +1.2706e-01 +1.0796e+00 +1.3453e+00 -1.5969e+00 -5.9197e-01 -2.2660e-01 -8.4172e-01 -3.2902e+00
91 0 +1.521975335e+02 +2.298575335e+02 +2.298575335e+02 +5.4699e-01 -1.3884e+00 +1.5152e-01 +5.8299e-01 +1.1514e+00 -1.2089e+00 -3.5777e-01 -2.9841e-01 -6.9234e-01 -2.8888e+00
109 0 +1.442025765e+02 +2.218625765e+02 +2.218625765e+02 +1.2088e+00 -1.1681e+00 +8.2458e-01 +1.0625e+00 +4.5967e-02 -1.0182e+00 -2.5906e-01 +1.5902e-01 -2.7898e-01 -2.3240e+00
121 0 +1.170163732e+02 +1.946763732e+02 +1.946763732e+02 +6.7531e-01 -7.5966e-01 +5.5898e-01 +1.2534e+00 -7.5563e-01 -6.4056e-01 -2.9764e-01 +1.6341e-01 -8.4879e-01 -2.2626e+00
162 0 +8.069153361e+01 +1.583515336e+02 +1.583515336e+02 +2.7732e-01 -8.5048e-01 +1.4448e+00 +1.5581e+00 -2.3723e+00 -1.0528e+00 +1.0928e+00 +1.1591e+00 +6.4818e-01 -3.5054e+00
447 0 +7.569263841e+01 +1.533526384e+02 +1.533526384e+02 +5.3950e-01 -9.8532e-01 -5.9975e-01 +1.7488e+00 -2.4679e+00 -9.8189e-01 +1.1520e+00 +8.7102e-01 +9.6861e-01 -3.8622e+00
528 0 +6.361406816e+01 +1.412740682e+02 +1.412740682e+02 +3.8361e-01 -2.2427e+00 -1.3707e+00 +2.6282e+00 -3.0613e+00 -1.2578e+00 +3.4830e-01 +1.3407e-01 +6.1318e-01 -4.1297e+00
586 0 +6.174699021e+01 +1.394069902e+02 +1.394069902e+02 +7.1107e-01 -1.0794e+00 -1.0941e+00 +2.5009e+00 -2.5537e+00 -4.3184e-01 +1.3756e-02 +5.7631e-01 +9.2095e-01 -3.4379e+00
750 0 +6.147978393e+01 +1.391397839e+02 +1.391397839e+02 +6.7638e-01 -1.7761e+00 -1.8896e+00 +2.6776e+00 -2.4402e+00 -1.0103e+00 -1.3068e-01 +1.1168e-01 +5.8981e-01 -4.0914e+00
839 0 +5.457973801e+01 +1.322397380e+02 +1.322397380e+02 +4.1090e-01 -1.8768e+00 -1.5834e+00 +1.9873e+00 -2.4694e+00 -1.1143e+00 +1.1086e-01 +9.0817e-02 +8.2368e-01 -3.8069e+00
848 0 +4.975584020e+01 +1.274158402e+02 +1.274158402e+02 +4.2700e-01 -1.8188e+00 -1.4411e+00 +2.1604e+00 -2.4879e+00 -1.0814e+00 +6.1614e-01 +1.2840e-01 +8.2959e-01 -3.7507e+00
891 0 +4.577915287e+01 +1.234391529e+02 +1.234391529e+02 +4.3531e-01 -1.8656e+00 -1.4351e+00 +2.0120e+00 -2.4557e+00 -1.0556e+00 -3.3325e-02 +1.2633e-01 +1.1998e+00 -3.8571e+00
899 0 +4.474186601e+01 +1.224018660e+02 +1.224018660e+02 +3.9120e-01 -1.6399e+00 -1.4498e+00 +2.1169e+00 -2.3549e+00 -1.0624e+00 +9.2054e-02 +1.9115e-01 +1.0177e+00 -3.8855e+00
916 0 +4.315653526e+01 +1.208165353e+02 +1.208165353e+02 +4.2340e-01 -1.7954e+00 -1.6830e+00 +2.0503e+00 -2.4221e+00 -9.9559e-01 +5.1736e-02 +1.2016e-01 +9.8012e-01 -3.8842e+00
929 0 +3.812643060e+01 +1.157864306e+02 +1.157864306e+02 +4.2375e-01 -1.7716e+00 -1.5009e+00 +2.0787e+00 -2.4025e+00 -1.1018e+00 +2.3115e-01 +1.3290e-01 +9.4202e-01 -3.8630e+00
951 0 +3.698761144e+01 +1.146476114e+02 +1.146476114e+02 +4.2586e-01 -1.7254e+00 -1.4638e+00 +2.0314e+00 -2.3980e+00 -1.0211e+00 +6.0991e-02 +9.5661e-02 +9.6581e-01 -3.9012e+00
953 0 +3.063113446e+01 +1.082911345e+02 +1.082911345e+02 +4.0968e-01 -1.7807e+00 -1.4154e+00 +2.0925e+00 -2.5094e+00 -1.0250e+00 +5.9788e-02 +1.5818e-01 +9.8958e-01 -3.8907e+00
989 0 +2.963268031e+01 +1.072926803e+02 +1.072926803e+02 +3.9056e-01 -1.7908e+00 -1.2545e+00 +2.1402e+00 -2.4955e+00 -1.0574e+00 +1.1369e-01 +1.9363e-01 +9.9880e-01 -3.9108e+00
991 0 +2.653022045e+01 +1.041902205e+02 +1.041902205e+02 +4.1267e-01 -1.8205e+00 -1.2537e+00 +2.0550e+00 -2.5558e+00 -1.0159e+00 +8.3734e-02 +1.7228e-01 +1.0008e+00 -3.8647e+00
993 0 +2.605320862e+01 +1.037132086e+02 +1.037132086e+02 +3.9175e-01 -1.8257e+00 -1.3910e+00 +2.0852e+00 -2.4898e+00 -1.1167e+00 +7.9799e-02 +7.8085e-02 +1.0007e+00 -3.8455e+00
995 0 +2.295220961e+01 +1.006122096e+02 +1.006122096e+02 +4.1432e-01 -1.6997e+00 -1.3166e+00 +2.0091e+00 -2.4772e+00 -1.0515e+00 +1.1717e-01 +1.3571e-01 +9.3976e-01 -3.8391e+00
1010 0 +2.295220961e+01 +1.006122096e+02 +1.006122096e+02 +4.1432e-01 -1.6997e+00 -1.3166e+00 +2.0091e+00 -2.4772e+00 -1.0515e+00 +1.1717e-01 +1.3571e-01 +9.3976e-01 -3.8391e+00
% f evaluations | g evaluations | best noise-free fitness - Fopt (1.156800000000e+02) + sum g_i+ | measured fitness | best measured fitness or single-digit g-values | x1 | x2...
1 0 +8.495293651e+02 +9.652093651e+02 +9.652093651e+02 +5.0716e-01 -1.3978e-01 +9.8461e-03 +1.2226e-01 -2.3668e-01 +6.1969e-04 -2.6712e-04 -5.2644e-01 +3.0531e-01 +1.8016e-01
2 0 +6.996742293e+02 +8.153542293e+02 +8.153542293e+02 -1.8763e-01 -5.1465e-02 +1.5159e-01 -7.8408e-02 -7.2826e-02 -4.3598e-01 +1.6638e-01 +3.7166e-02 +8.2341e-02 -4.5798e-01
5 0 +6.855628310e+02 +8.012428310e+02 +8.012428310e+02 +2.5222e-01 -5.3996e-02 +1.7042e-01 -2.2585e-01 -5.1251e-01 -5.4094e-01 +1.1494e-01 +6.7430e-01 +8.0827e-02 -1.5739e-01
7 0 +6.312962485e+02 +7.469762485e+02 +7.469762485e+02 -1.1065e-01 -5.7191e-01 -2.9883e-02 +5.0987e-01 -1.1503e-01 -2.6696e-01 -3.5809e-01 -3.1502e-01 -9.0062e-02 -3.5401e-01
11 0 +6.030897780e+02 +7.187697780e+02 +7.187697780e+02 +3.9522e-01 -6.0154e-01 -5.4601e-02 -1.7787e-02 -4.2949e-01 -2.3601e-01 -5.5635e-02 +5.7619e-01 -3.8960e-01 -2.1402e-01
21 0 +5.453482890e+02 +6.610282890e+02 +6.610282890e+02 -5.9966e-02 -2.9776e-01 -5.8321e-01 +2.3937e-01 -2.5269e-01 -6.2816e-01 -3.0210e-01 +2.9445e-01 -2.8076e-01 -2.8162e-01
25 0 +5.346004999e+02 +6.502804999e+02 +6.502804999e+02 -1.9574e-02 -5.5188e-01 +6.8881e-01 +4.1062e-01 -1.7575e-01 -3.5280e-01 -1.5526e-01 +7.9513e-01 -6.7007e-01 -3.2100e-01
34 0 +5.099718555e+02 +6.256518555e+02 +6.256518555e+02 -7.0961e-02 -2.3386e-01 +8.0708e-01 +9.6316e-02 -1.8780e-01 -6.8473e-01 -2.1294e-01 +4.4195e-01 -6.9702e-01 -4.9245e-02
39 0 +4.504055199e+02 +5.660855199e+02 +5.660855199e+02 -5.1335e-01 -5.6304e-01 +4.3183e-01 -4.7127e-02 -6.0936e-01 -1.1891e-01 -2.5008e-01 +3.6203e-01 -1.0329e+00 -5.2819e-01
49 0 +3.991140955e+02 +5.147940955e+02 +5.147940955e+02 +8.3504e-02 -2.4551e-01 +1.9118e-01 +2.1309e-01 -5.8634e-01 -3.7741e-01 -5.9849e-01 +4.3285e-01 -1.1315e+00 -5.5471e-01
62 0 +3.838773759e+02 +4.995573759e+02 +4.995573759e+02 -2.3020e-01 -1.4428e-01 +4.0205e-01 +2.8001e-01 -4.8504e-01 -1.5964e-01 -5.3342e-01 +1.1322e+00 -8.0081e-01 -1.0460e+00
71 0 +3.704810925e+02 +4.861610925e+02 +4.861610925e+02 -5.5621e-01 -3.1647e-01 +7.2804e-01 +2.2799e-02 -1.8309e-01 -5.3717e-01 -1.3811e+00 +1.8871e+00 -1.6713e+00 -3.2568e-01
72 0 +3.250637152e+02 +4.407437152e+02 +4.407437152e+02 -4.1863e-01 -7.5544e-01 +1.0362e+00 +7.4065e-02 -4.1650e-01 +3.9965e-01 -5.8849e-01 +1.1889e+00 -1.8703e+00 -1.3825e+00
84 0 +3.199497844e+02 +4.356297844e+02 +4.356297844e+02 -6.8982e-01 -7.5924e-01 +9.8524e-01 +3.0538e-02 -3.0168e-01 +3.4116e-01 -1.6779e+00 +1.4830e+00 -2.1120e+00 -1.8101e+00
90 0 +3.144449307e+02 +4.301249307e+02 +4.301249307e+02 -4.7111e-01 -1.2879e+00 +8.0751e-01 -7.5926e-02 -3.4594e-01 +2.8947e-01 -1.5524e+00 +1.9289e+00 -2.2712e+00 -2.5176e+00
91 0 +3.027015004e+02 +4.183815004e+02 +4.183815004e+02 -2.6636e-01 -1.2120e+00 +1.0474e+00 -2.6865e-01 -2.2875e-01 -3.0943e-01 -1.1472e+00 +1.5629e+00 -1.9776e+00 -3.0637e+00
98 0 +2.797566334e+02 +3.954366334e+02 +3.954366334e+02 -4.9176e-01 -8.2407e-01 +1.5327e+00 -1.6760e-01 -2.0861e-03 +3.5849e-01 -1.8663e+00 +1.9775e+00 -3.1022e+00 -2.1027e+00
103 0 +2.578694302e+02 +3.735494302e+02 +3.735494302e+02 -7.8826e-01 -6.3870e-01 +1.4428e+00 -1.2532e-01 -1.1728e+00 +4.3924e-01 -2.2722e+00 +1.8865e+00 -2.6258e+00 -2.8467e+00
111 0 +2.227983459e+02 +3.384783459e+02 +3.384783459e+02 -1.3044e+00 -1.6670e+00 -2.2412e-01 +2.2771e-01 +1.6559e-01 -6.3564e-01 -1.9299e+00 +2.5113e+00 -3.6100e+00 -1.9255e+00
121 0 +2.100133773e+02 +3.256933773e+02 +3.256933773e+02 -1.1014e+00 -8.6898e-01 +8.6496e-01 -6.4988e-01 -9.2014e-01 -4.2382e-01 -2.4623e+00 +3.3060e+00 -4.2689e+00 -2.2337e+00
122 0 +1.587517147e+02 +2.744317147e+02 +2.744317147e+02 -1.2390e+00 -1.2116e+00 +4.0183e-01 +8.7404e-02 -1.6967e+00 -1.6729e+00 -1.5216e+00 +2.9211e+00 -3.2850e+00 -1.8172e+00
137 0 +1.564624001e+02 +2.721424001e+02 +2.721424001e+02 -1.8831e+00 -6.9815e-01 +3.4750e-02 -3.1008e-01 -2.7798e+00 -1.6841e+00 -2.0009e+00 +2.7653e+00 -2.9448e+00 -1.7986e+00
176 0 +9.514536283e+01 +2.108253628e+02 +2.108253628e+02 -2.0400e+00 +7.4837e-04 +3.4283e-01 +1.2248e+00 -1.6916e+00 -1.6167e+00 -3.5125e+00 +8.0667e-01 -3.9395e+00 -2.5146e+00
221 0 +8.390648779e+01 +1.995864878e+02 +1.995864878e+02 -2.0258e+00 +1.3956e+00 +9.4855e-01 +2.4260e+00 -2.7611e+00 -2.9339e+00 -3.5093e+00 +2.7728e+00 -5.6436e+00 -1.9162e+00
255 0 +3.989556671e+01 +1.555755667e+02 +1.555755667e+02 -1.2963e+00 +7.7249e-01 +9.6756e-01 +3.0760e+00 -2.8227e+00 -2.7521e+00 -3.0495e+00 +1.9753e+00 -4.3448e+00 -1.6161e+00
926 0 +3.332288584e+01 +1.490028858e+02 +1.490028858e+02 -1.1505e+00 -1.0261e+00 +1.6795e+00 +2.3078e+00 -3.3750e+00 -3.2548e+00 -3.9970e+00 +2.4135e+00 -4.2553e+00 -1.9385e+00
930 0 +2.534041269e+01 +1.410204127e+02 +1.410204127e+02 -1.1446e+00 -9.1497e-01 +1.7062e+00 +2.3783e+00 -3.5596e+00 -3.3279e+00 -3.9659e+00 +2.2928e+00 -4.2401e+00 -1.9397e+00
1010 0 +2.534041269e+01 +1.410204127e+02 +1.410204127e+02 -1.1446e+00 -9.1497e-01 +1.7062e+00 +2.3783e+00 -3.5596e+00 -3.3279e+00 -3.9659e+00 +2.2928e+00 -4.2401e+00 -1.9397e+00
% f evaluations | g evaluations | best noise-free fitness - Fopt (-3.710000000000e+00) + sum g_i+ | measured fitness | best measured fitness or single-digit g-values | x1 | x2...
1 0 +3.985197668e+02 +3.948097668e+02 +3.948097668e+02 +5.0716e-01 -1.3978e-01 +9.8461e-03 +1.2226e-01 -2.3668e-01 +6.1969e-04 -2.6712e-04 -5.2644e-01 +3.0531e-01 +1.8016e-01
2 0 +3.646663788e+02 +3.609563788e+02 +3.609563788e+02 -1.8763e-01 -5.1465e-02 +1.5159e-01 -7.8408e-02 -7.2826e-02 -4.3598e-01 +1.6638e-01 +3.7166e-02 +8.2341e-02 -4.5798e-01
6 0 +3.571678120e+02 +3.534578120e+02 +3.534578120e+02 +5.7361e-01 +7.1191e-02 +3.0430e-02 +7.5774e-02 -3.9714e-02 -9.2845e-02 -4.3050e-01 +1.5049e-01 -2.8434e-02 +3.5794e-01
7 0 +3.260586187e+02 +3.223486187e+02 +3.223486187e+02 -1.1065e-01 -5.7191e-01 -2.9883e-02 +5.0987e-01 -1.1503e-01 -2.6696e-01 -3.5809e-01 -3.1502e-01 -9.0062e-02 -3.5401e-01
21 0 +3.218694215e+02 +3.181594215e+02 +3.181594215e+02 +5.4340e-01 -1.6985e-01 +5.3627e-01 +5.3057e-01 +6.2329e-01 -1.6421e-01 -1.4781e-01 -1.8048e-01 -1.6593e-01 -1.7135e-01
31 0 +2.732963256e+02 +2.695863256e+02 +2.695863256e+02 +7.0399e-01 -3.8210e-02 +4.9535e-01 +1.0527e+00 +5.0097e-01 -3.5893e-01 -2.2464e-01 -2.8406e-01 -1.4352e-01 +7.7378e-02
38 0 +2.546479799e+02 +2.509379799e+02 +2.509379799e+02 -1.0585e-01 -1.8866e-01 +5.2532e-01 +6.5244e-01 +1.0088e-01 -3.6334e-01 +1.9125e-01 -3.4079e-01 -5.1702e-01 -3.8711e-03
42 0 +2.068854559e+02 +2.031754559e+02 +2.031754559e+02 +9.2662e-02 -6.2046e-01 +7.9011e-01 +1.5168e+00 +6.5607e-01 -4.0500e-01 -2.2396e-01 -3.7943e-01 -6.1169e-01 -2.8994e-01
92 0 +2.005635878e+02 +1.968535878e+02 +1.968535878e+02 +1.1878e+00 -7.6806e-01 +1.6178e+00 +1.9325e+00 +5.8130e-01 -8.2149e-01 +2.2506e-01 -5.8422e-01 -1.5885e+00 +7.6612e-02
93 0 +1.684942207e+02 +1.647842207e+02 +1.647842207e+02 +9.4055e-01 -7.9692e-01 +1.4734e+00 +1.8399e+00 +5.8187e-01 -1.7744e-01 -1.9741e-01 -1.1440e+00 -1.5556e+00 +3.4061e-01
114 0 +1.640471697e+02 +1.603371697e+02 +1.603371697e+02 +1.4069e+00 -1.3251e+00 +2.3301e+00 +2.0435e+00 +9.9013e-01 +4.3352e-01 -4.6913e-01 -2.9936e-01 -2.4839e+00 +4.1014e-01
133 0 +1.591227606e+02 +1.554127606e+02 +1.554127606e+02 +1.6144e+00 -1.3487e+00 +2.3815e+00 +2.4949e+00 +1.8748e+00 +9.8872e-01 +3.3276e-01 -5.1079e-01 -1.7124e+00 +8.4855e-01
145 0 +1.486351192e+02 +1.449251192e+02 +1.449251192e+02 +5.1780e-01 -8.2056e-01 +2.0869e+00 +1.8302e+00 +1.4154e+00 +1.6484e+00 -1.1316e+00 -8.6790e-01 -1.5974e+00 +1.4967e-01
149 0 +1.436727092e+02 +1.399627092e+02 +1.399627092e+02 +1.0826e+00 -5.6734e-01 +7.6024e-01 +1.2022e+00 +6.9454e-01 +1.3879e+00 -4.2165e-01 -8.4435e-01 -1.7729e+00 +1.2658e+00
175 0 +1.317305348e+02 +1.280205348e+02 +1.280205348e+02 +1.1017e+00 -2.2579e+00 +1.7949e+00 +2.9661e+00 +1.9195e+00 +1.6866e+00 +8.5171e-01 -7.3886e-01 -2.9371e+00 +6.6329e-01
176 0 +1.259994441e+02 +1.222894441e+02 +1.222894441e+02 +5.4713e-01 -2.2786e+00 +3.5588e-01 +1.8796e+00 +6.5549e-01 +3.0329e+00 +4.2041e-01 -3.1859e-01 -2.0444e+00 +1.7920e+00
180 0 +1.134261613e+02 +1.097161613e+02 +1.097161613e+02 -9.4107e-02 -1.3286e+00 +1.1713e+00 +1.8342e+00 +1.7918e+00 +2.5658e+00 +6.3640e-01 -3.1521e-01 -1.5441e+00 +1.6221e+00
202 0 +1.081882457e+02 +1.044782457e+02 +1.044782457e+02 +1.3287e+00 -2.4117e+00 -2.1355e-01 +2.8659e+00 +1.9657e+00 +2.6829e+00 +6.5144e-01 -8.2436e-01 -2.2430e+00 +1.3348e+00
228 0 +1.035954399e+02 +9.988543987e+01 +9.988543987e+01 +2.4528e+00 -2.2102e+00 +4.1853e-01 +4.2674e+00 +2.2495e+00 +1.6770e+00 -4.6350e-01 -2.3653e+00 -2.6430e+00 +6.9070e-01
248 0 +8.375374250e+01 +8.004374250e+01 +8.004374250e+01 +3.6868e+00 -2.4186e+00 +1.0243e+00 +3.8072e+00 +2.5105e+00 +3.5389e+00 -1.0623e+00 -2.2677e+00 -3.4263e+00 +3.5815e-01
275 0 +8.088973728e+01 +7.717973728e+01 +7.717973728e+01 +3.1122e+00 -1.1756e+00 -7.5173e-01 +2.7441e+00 +2.4245e+00 +3.2576e+00 -4.4702e-01 -2.8472e+00 -1.6565e+00 +1.0995e+00
314 0 +5.962702427e+01 +5.591702427e+01 +5.591702427e+01 +4.4189e+00 -2.1413e+00 -8.1533e-01 +1.9924e+00 +3.1423e+00 +3.1138e+00 +6.4308e-01 -2.3727e+00 -2.3408e+00 +6.6398e-01
499 0 +5.330101497e+01 +4.959101497e+01 +4.959101497e+01 +4.0672e+00 -3.1805e+00 +8.5706e-01 +4.6575e+00 +3.6678e+00 +4.1341e+00 -3.3826e-01 -2.3993e+00 -3.0125e+00 +5.7816e-01
906 0 +5.190033905e+01 +4.819033905e+01 +4.819033905e+01 +5.9382e+00 -3.1480e+00 +2.0241e+00 +4.0082e+00 +3.1574e+00 +3.6546e+00 -8.2851e-01 -1.5869e+00 -1.9665e+00 +9.6941e-01
1010 0 +5.190033905e+01 +4.819033905e+01 +4.819033905e+01 +5.9382e+00 -3.1480e+00 +2.0241e+00 +4.0082e+00 +3.1574e+00 +3.6546e+00 -8.2851e-01 -1.5869e+00 -1.9665e+00 +9.6941e-01
% f evaluations | g evaluations | best noise-free fitness - Fopt (1.321800000000e+02) + sum g_i+ | measured fitness | best measured fitness or single-digit g-values | x1 | x2...
1 0 +2.472937535e+02 +3.794737535e+02 +3.794737535e+02 +5.0716e-01 -1.3978e-01 +9.8461e-03 +1.2226e-01 -2.3668e-01 +6.1969e-04 -2.6712e-04 -5.2644e-01 +3.0531e-01 +1.8016e-01
2 0 +2.083809469e+02 +3.405609469e+02 +3.405609469e+02 -1.8763e-01 -5.1465e-02 +1.5159e-01 -7.8408e-02 -7.2826e-02 -4.3598e-01 +1.6638e-01 +3.7166e-02 +8.2341e-02 -4.5798e-01
6 0 +1.947615189e+02 +3.269415189e+02 +3.269415189e+02 +5.7361e-01 +7.1191e-02 +3.0430e-02 +7.5774e-02 -3.9714e-02 -9.2845e-02 -4.3050e-01 +1.5049e-01 -2.8434e-02 +3.5794e-01
26 0 +1.867245418e+02 +3.189045418e+02 +3.189045418e+02 +4.4041e-01 +2.5593e-03 +9.8827e-02 -3.9038e-01 -7.2614e-02 +1.6064e-02 -2.4067e-01 +8.2377e-04 -3.0627e-01 -2.0043e-01
30 0 +1.656638268e+02 +2.978438268e+02 +2.978438268e+02 +2.8418e-01 +6.1934e-01 +9.5620e-02 -3.2154e-01 -8.5761e-01 +1.5767e-01 -4.4466e-01 -2.3374e-01 +7.2183e-02 -1.9688e-01
34 0 +1.617654281e+02 +2.939454281e+02 +2.939454281e+02 +3.6291e-01 +7.2459e-01 +3.6426e-01 -5.9585e-02 -5.1755e-01 -3.1498e-01 -5.1940e-01 +7.8441e-03 -3.2065e-01 -2.5955e-01
44 0 +1.463887052e+02 +2.785687052e+02 +2.785687052e+02 +1.0653e-01 +7.4887e-01 +2.6226e-01 -6.2771e-01 -4.1182e-01 +1.4385e-02 -4.3748e-01 -1.4278e-01 -3.7722e-01 -5.7793e-01
49 0 +1.378555478e+02 +2.700355478e+02 +2.700355478e+02 +2.3005e-01 +5.5314e-01 +4.5748e-01 -4.9806e-01 -6.3034e-01 -7.0546e-02 -2.9503e-01 +2.1219e-01 -6.6486e-02 -3.2760e-01
86 0 +1.068557025e+02 +2.390357025e+02 +2.390357025e+02 +1.7829e-01 +6.4054e-01 +3.2448e-01 -4.1251e-01 -7.0548e-01 -1.9404e-02 -2.4742e-01 -2.6189e-01 +7.7225e-02 -2.5612e-01
281 0 +1.037419690e+02 +2.359219690e+02 +2.359219690e+02 -7.6383e-01 +4.6994e-01 +3.6225e-01 -3.8804e-01 -6.7586e-01 +4.3887e-01 -8.3478e-01 +7.8839e-02 +6.2962e-01 +2.6375e-02
287 0 +9.968142647e+01 +2.318614265e+02 +2.318614265e+02 -5.9014e-01 -9.5713e-03 +2.8416e-01 -6.7954e-01 -6.5661e-01 +6.2692e-01 -9.3816e-01 +1.6066e-01 +5.1310e-01 +3.3014e-01
349 0 +9.073498310e+01 +2.229149831e+02 +2.229149831e+02 -4.7460e-01 +6.7004e-01 +2.1295e-01 -7.1270e-01 -7.2917e-01 +4.0940e-01 -9.1388e-01 +9.0301e-02 +8.9780e-01 +1.1459e-01
371 0 +7.711340003e+01 +2.092934000e+02 +2.092934000e+02 -7.2037e-01 +5.8965e-01 +3.1954e-01 -6.2486e-01 -6.7969e-01 +4.7942e-01 -9.2048e-01 +1.0517e-01 +5.6399e-01 +5.4984e-02
552 0 +7.324599349e+01 +2.054259935e+02 +2.054259935e+02 -6.4858e-01 +6.8896e-01 +2.7529e-01 -6.8288e-01 -7.0085e-01 +5.6441e-01 -9.5891e-01 +1.1297e-01 +5.8011e-01 +9.9876e-02
574 0 +7.086925500e+01 +2.030492550e+02 +2.030492550e+02 -5.8971e-01 +6.5714e-01 +3.0369e-01 -7.4288e-01 -6.8791e-01 +5.6938e-01 -9.6143e-01 +1.0318e-01 +5.8971e-01 +1.1488e-01
599 0 +6.993694127e+01 +2.021169413e+02 +2.021169413e+02 -6.0199e-01 +6.5934e-01 +3.0330e-01 -7.0754e-01 -7.1355e-01 +5.5722e-01 -9.8784e-01 +9.2945e-02 +5.9393e-01 +9.5665e-02
606 0 +6.836101877e+01 +2.005410188e+02 +2.005410188e+02 -6.3528e-01 +5.8426e-01 +3.2929e-01 -7.7142e-01 -6.9607e-01 +5.8333e-01 -9.3802e-01 +9.3334e-02 +5.6724e-01 +8.6422e-02
645 0 +6.710574309e+01 +1.992857431e+02 +1.992857431e+02 -6.4844e-01 +6.5402e-01 +3.5303e-01 -7.0171e-01 -6.8073e-01 +5.6462e-01 -1.0019e+00 +9.6718e-02 +5.9094e-01 +1.0060e-01
679 0 +6.472487792e+01 +1.969048779e+02 +1.969048779e+02 -6.3243e-01 +6.1595e-01 +3.6531e-01 -7.3052e-01 -6.9461e-01 +6.0757e-01 -1.0302e+00 +9.5172e-02 +5.7772e-01 +1.0468e-01
685 0 +6.419520947e+01 +1.963752095e+02 +1.963752095e+02 -6.5392e-01 +6.1466e-01 +3.6410e-01 -7.5883e-01 -6.8531e-01 +6.0429e-01 -1.0365e+00 +7.6380e-02 +5.6430e-01 +9.5631e-02
691 0 +6.283379396e+01 +1.950137940e+02 +1.950137940e+02 -6.6253e-01 +5.9174e-01 +3.8954e-01 -7.4499e-01 -7.0016e-01 +5.6344e-01 -1.0306e+00 +9.9545e-02 +5.7953e-01 +9.1477e-02
721 0 +6.151996859e+01 +1.936999686e+02 +1.936999686e+02 -6.1946e-01 +5.8647e-01 +3.2702e-01 -7.7851e-01 -6.8709e-01 +5.7705e-01 -1.0490e+00 +9.2833e-02 +5.6334e-01 +9.4475e-02
789 0 +5.983668523e+01 +1.920166852e+02 +1.920166852e+02 -6.8745e-01 +5.5320e-01 +3.3291e-01 -7.5905e-01 -6.7600e-01 +5.6533e-01 -1.0500e+00 +1.0432e-01 +5.8577e-01 +1.0041e-01
967 0 +5.886100162e+01 +1.910410016e+02 +1.910410016e+02 -6.9605e-01 +5.6253e-01 +3.2280e-01 -7.5401e-01 -6.8740e-01 +5.6143e-01 -1.0705e+00 +9.9098e-02 +5.8082e-01 +9.8271e-02
1010 0 +5.886100162e+01 +1.910410016e+02 +1.910410016e+02 -6.9605e-01 +5.6253e-01 +3.2280e-01 -7.5401e-01 -6.8740e-01 +5.6143e-01 -1.0705e+00 +9.9098e-02 +5.8082e-01 +9.8271e-02
% f evaluations | g evaluations | best noise-free fitness - Fopt (-3.930000000000e+01) + sum g_i+ | measured fitness | best measured fitness or single-digit g-values | x1 | x2...
1 0 +6.045199549e+02 +5.652199549e+02 +5.652199549e+02 +5.0716e-01 -1.3978e-01 +9.8461e-03 +1.2226e-01 -2.3668e-01 +6.1969e-04 -2.6712e-04 -5.2644e-01 +3.0531e-01 +1.8016e-01
2 0 +4.373578473e+02 +3.980578473e+02 +3.980578473e+02 -1.8763e-01 -5.1465e-02 +1.5159e-01 -7.8408e-02 -7.2826e-02 -4.3598e-01 +1.6638e-01 +3.7166e-02 +8.2341e-02 -4.5798e-01
8 0 +4.342899193e+02 +3.949899193e+02 +3.949899193e+02 +4.4929e-01 -8.4791e-02 +3.2595e-02 +4.3148e-01 +4.5100e-01 -6.3821e-02 +9.9595e-02 +2.2052e-01 -5.7859e-02 -5.3343e-01
12 0 +3.766633112e+02 +3.373633112e+02 +3.373633112e+02 +4.6523e-01 -1.6568e-01 -1.3793e-02 +2.4794e-01 +2.0799e-01 +3.5447e-02 +4.4315e-01 +3.5228e-01 +2.5764e-01 -9.6185e-01
21 0 +3.641418910e+02 +3.248418910e+02 +3.248418910e+02 -1.4072e-01 +3.3984e-01 -2.7560e-01 +4.6057e-01 +3.2064e-01 -2.6286e-01 +4.6609e-02 +3.1554e-01 +9.3076e-02 -1.1476e+00
31 0 +3.023310592e+02 +2.630310592e+02 +2.630310592e+02 +6.3176e-01 +6.4716e-02 -4.6221e-02 -4.6407e-02 +1.0430e-01 +2.4223e-01 +4.1456e-01 +7.5655e-01 +7.3514e-02 -1.6309e+00
49 0 +2.514964945e+02 +2.121964945e+02 +2.121964945e+02 +2.6192e-01 +3.6921e-01 -1.7485e-01 -1.1693e-01 +4.3645e-01 +9.2477e-02 +5.5222e-01 +6.2330e-01 +2.7691e-02 -1.7938e+00
77 0 +2.146692540e+02 +1.753692540e+02 +1.753692540e+02 +1.4000e+00 -4.7378e-01 +1.1397e-01 +5.8300e-01 +3.4274e-01 -3.2785e-01 -2.1784e-02 +1.0349e+00 +2.1849e-01 -3.4580e+00
115 0 +2.100230710e+02 +1.707230710e+02 +1.707230710e+02 +1.3634e+00 +2.1978e-01 -4.5716e-01 +1.2439e+00 +4.3424e-01 -1.0623e+00 +8.0691e-01 +2.9262e-01 +8.1162e-02 -2.7404e+00
122 0 +1.984670527e+02 +1.591670527e+02 +1.591670527e+02 +1.9864e+00 +3.4661e-01 -3.6667e-02 +1.5001e+00 +9.3745e-02 -7.6981e-01 +7.2791e-01 +6.6450e-01 +5.2224e-01 -2.7131e+00
129 0 +1.933616440e+02 +1.540616440e+02 +1.540616440e+02 +2.1762e+00 -4.4538e-01 +8.8015e-01 +1.6697e+00 +9.0516e-01 -1.5448e+00 +1.5665e+00 +9.3596e-01 -3.8808e-01 -3.5475e+00
133 0 +1.690295458e+02 +1.297295458e+02 +1.297295458e+02 +2.2408e+00 +1.7788e-01 -4.5062e-01 +1.6366e+00 +1.0262e+00 -9.5328e-01 +1.0576e+00 +1.2640e+00 +1.0714e+00 -3.7076e+00
139 0 +1.643803345e+02 +1.250803345e+02 +1.250803345e+02 +1.5424e+00 +5.3508e-01 -1.9564e-01 +1.3093e+00 +1.0619e+00 -1.9674e+00 +9.8705e-01 +8.2879e-01 -1.5381e-02 -2.9889e+00
152 0 +1.185672665e+02 +7.926726650e+01 +7.926726650e+01 +1.8005e+00 +2.8336e-01 +1.4159e+00 +2.1550e+00 +3.3072e-01 -1.8099e+00 +1.1155e+00 +1.6643e+00 +1.0145e+00 -3.3350e+00
183 0 +1.145238505e+02 +7.522385052e+01 +7.522385052e+01 +1.6367e+00 -6.4147e-01 +2.3827e+00 +1.5502e+00 +2.9465e-01 -2.5020e+00 +1.7517e+00 +1.2826e+00 +5.5276e-01 -4.1385e+00
234 0 +1.050324317e+02 +6.573243169e+01 +6.573243169e+01 +1.6350e+00 -5.6145e-01 +1.5673e+00 +2.2195e+00 +9.9942e-01 -1.8574e+00 +2.2670e+00 +1.0997e+00 +2.1473e+00 -3.9964e+00
241 0 +1.002367334e+02 +6.093673342e+01 +6.093673342e+01 +4.1231e-01 -1.2721e+00 +1.5964e+00 +3.0178e+00 +1.0393e+00 -2.8890e+00 +2.9725e+00 +1.8174e+00 +1.5633e+00 -2.2845e+00
257 0 +6.350450234e+01 +2.420450234e+01 +2.420450234e+01 -6.8190e-01 -2.9300e+00 +1.4892e+00 +2.6784e+00 +2.8716e-01 -2.3015e+00 +2.1878e+00 +1.6867e+00 +1.4534e+00 -3.0353e+00
473 0 +5.694084079e+01 +1.764084079e+01 +1.764084079e+01 -4.8541e-01 -3.0745e+00 +3.0821e+00 +4.2361e+00 +8.9071e-01 -2.5175e+00 +3.1130e+00 +3.0464e+00 +2.1584e+00 -3.3201e+00
512 0 +5.515406157e+01 +1.585406157e+01 +1.585406157e+01 -1.4715e+00 -2.9284e+00 +2.7187e+00 +2.7841e+00 +1.1179e+00 -2.4719e+00 +2.6849e+00 +2.5240e+00 +1.8537e+00 -3.0022e+00
1010 0 +5.515406157e+01 +1.585406157e+01 +1.585406157e+01 -1.4715e+00 -2.9284e+00 +2.7187e+00 +2.7841e+00 +1.1179e+00 -2.4719e+00 +2.6849e+00 +2.5240e+00 +1.8537e+00 -3.0022e+00
% f evaluations | g evaluations | best noise-free fitness - Fopt (4.296000000000e+01) + sum g_i+ | measured fitness | best measured fitness or single-digit g-values | x1 | x2...
1 0 +1.872239837e+02 +2.301839837e+02 +2.301839837e+02 +5.0716e-01 -1.3978e-01 +9.8461e-03 +1.2226e-01 -2.3668e-01 +6.1969e-04 -2.6712e-04 -5.2644e-01 +3.0531e-01 +1.8016e-01
3 0 +1.806618451e+02 +2.236218451e+02 +2.236218451e+02 +4.9521e-01 +4.6301e-02 -1.1614e-01 +6.0873e-01 -1.3616e-02 -4.3521e-01 -1.2157e-01 -6.8652e-01 +3.1483e-01 -1.2495e-01
4 0 +1.711474236e+02 +2.141074236e+02 +2.141074236e+02 -2.2277e-01 +3.2174e-01 -4.9533e-01 +1.6063e-01 -6.1934e-01 -1.9865e-01 -3.6128e-01 +4.3861e-01 +5.2987e-01 -9.8829e-02
12 0 +1.389700799e+02 +1.819300799e+02 +1.819300799e+02 +4.6975e-01 +4.5370e-01 -6.8125e-01 +2.7997e-01 -7.7974e-01 -3.4003e-01 -2.9669e-01 -2.1797e-01 +5.3162e-01 -5.4086e-02
53 0 +1.378599138e+02 +1.808199138e+02 +1.808199138e+02 +1.6034e-01 +1.8965e-01 -1.0178e-01 +5.3792e-02 -8.1275e-02 -1.0341e+00 -3.1209e-01 -7.6373e-01 +1.1505e+00 +5.0801e-01
65 0 +1.343550151e+02 +1.773150151e+02 +1.773150151e+02 +3.3558e-01 +3.5937e-01 -6.3288e-01 +3.8189e-01 +1.9231e-01 -9.4962e-01 -6.1595e-03 -9.0812e-01 +8.4625e-01 +2.1520e-01
66 0 +1.190756810e+02 +1.620356810e+02 +1.620356810e+02 +6.1930e-01 +7.2586e-01 -7.9272e-01 +3.9374e-01 -7.6984e-01 -1.1922e+00 -3.0771e-02 -1.6085e+00 +1.2350e+00 +4.0140e-01
73 0 +1.120407134e+02 +1.550007134e+02 +1.550007134e+02 +5.1444e-01 +3.2052e-01 -7.9896e-01 +4.9464e-01 -1.4450e-01 -1.0850e+00 -2.1385e-01 -1.5240e+00 +2.3516e+00 +4.7999e-01
83 0 +1.086760771e+02 +1.516360771e+02 +1.516360771e+02 +1.8878e-01 +2.0720e-01 -5.5289e-01 +1.3150e-01 +3.9021e-02 -1.4259e+00 -1.8294e-01 -1.9962e+00 +2.2334e+00 +8.3410e-01
94 0 +1.007192750e+02 +1.436792750e+02 +1.436792750e+02 +4.8656e-01 +3.1455e-01 -4.1741e-01 +3.8165e-01 +2.2984e-01 -1.9530e+00 -4.0505e-01 -1.5880e+00 +1.3954e+00 +3.4755e-01
101 0 +9.033719735e+01 +1.332971974e+02 +1.332971974e+02 +5.6813e-01 +1.1789e-01 -5.9988e-01 +5.1246e-01 +1.6679e-01 -1.6326e+00 +2.2529e-01 -2.1556e+00 +1.9233e+00 +1.1676e+00
102 0 +8.796943774e+01 +1.309294377e+02 +1.309294377e+02 +5.0040e-01 -6.3087e-02 -1.0922e-01 -1.7129e-01 +2.5266e-01 -2.0898e+00 -3.4857e-01 -1.2107e+00 +8.4519e-01 +1.0152e+00
117 0 +6.851024772e+01 +1.114702477e+02 +1.114702477e+02 +5.2815e-01 +5.9780e-02 -5.3156e-01 +1.6112e-01 +1.5081e-01 -2.2815e+00 -3.6763e-01 -2.1071e+00 +2.1434e+00 +9.9823e-01
234 0 +6.095964716e+01 +1.039196472e+02 +1.039196472e+02 +5.0720e-01 +3.7377e-01 -1.0862e+00 -2.6772e-01 +2.3357e-01 -2.7381e+00 +4.3431e-01 -1.5547e+00 +1.0753e+00 +1.1990e+00
291 0 +5.504778902e+01 +9.800778902e+01 +9.800778902e+01 +3.2465e-01 +2.5534e-01 -1.0351e+00 -1.9605e-01 +3.0583e-01 -2.7642e+00 +9.0533e-02 -1.5532e+00 +1.4899e+00 +1.2823e+00
412 0 +3.912085917e+01 +8.208085917e+01 +8.208085917e+01 +5.7204e-01 +7.2685e-02 -1.2746e+00 -2.7222e-01 +2.3200e-01 -2.7467e+00 +1.7270e-01 -2.0007e+00 +1.4707e+00 +1.6625e+00
534 0 +3.579483004e+01 +7.875483004e+01 +7.875483004e+01 +5.1669e-01 +2.3214e-01 -1.1638e+00 -3.0134e-01 +2.1652e-01 -2.6786e+00 +2.1413e-01 -1.9832e+00 +1.4576e+00 +1.1700e+00
547 0 +3.046338564e+01 +7.342338564e+01 +7.342338564e+01 +5.2710e-01 +2.4451e-01 -1.0883e+00 -2.8568e-01 +2.3118e-01 -2.7894e+00 +1.4481e-01 -1.9869e+00 +1.4911e+00 +1.1873e+00
552 0 +2.810902349e+01 +7.106902349e+01 +7.106902349e+01 +4.8896e-01 +1.9880e-01 -1.1898e+00 -2.7182e-01 +1.6099e-01 -2.7585e+00 +1.9687e-01 -1.9732e+00 +1.4738e+00 +1.1899e+00
640 0 +2.676188337e+01 +6.972188337e+01 +6.972188337e+01 +4.9253e-01 +1.8964e-01 -1.1021e+00 -2.8336e-01 +1.9076e-01 -2.7663e+00 +1.7674e-01 -1.9737e+00 +1.5023e+00 +1.1698e+00
646 0 +2.617958118e+01 +6.913958118e+01 +6.913958118e+01 +5.2492e-01 +1.9262e-01 -1.1390e+00 -2.7830e-01 +1.7876e-01 -2.7876e+00 +1.8186e-01 -1.9814e+00 +1.4962e+00 +1.1936e+00
660 0 +2.434606226e+01 +6.730606226e+01 +6.730606226e+01 +5.2035e-01 +1.7896e-01 -1.1575e+00 -2.7298e-01 +2.1071e-01 -2.7636e+00 +1.8736e-01 -1.9716e+00 +1.4978e+00 +1.1902e+00
742 0 +2.393421762e+01 +6.689421762e+01 +6.689421762e+01 +5.2366e-01 +1.7778e-01 -1.1253e+00 -2.5286e-01 +1.9971e-01 -2.7619e+00 +1.7832e-01 -1.9843e+00 +1.4916e+00 +1.2128e+00
777 0 +2.297924072e+01 +6.593924072e+01 +6.593924072e+01 +5.1747e-01 +1.6242e-01 -1.1178e+00 -2.6727e-01 +2.1248e-01 -2.7676e+00 +1.8948e-01 -1.9875e+00 +1.4928e+00 +1.1817e+00
794 0 +2.216474305e+01 +6.512474305e+01 +6.512474305e+01 +5.1757e-01 +1.5645e-01 -1.1223e+00 -2.4584e-01 +2.1641e-01 -2.7682e+00 +1.8974e-01 -1.9776e+00 +1.4854e+00 +1.1909e+00
847 0 +2.174067588e+01 +6.470067588e+01 +6.470067588e+01 +5.2080e-01 +1.3379e-01 -1.1265e+00 -2.3604e-01 +2.1254e-01 -2.7701e+00 +1.8942e-01 -1.9842e+00 +1.4740e+00 +1.1811e+00
903 0 +2.115151160e+01 +6.411151160e+01 +6.411151160e+01 +5.1420e-01 +1.2631e-01 -1.1228e+00 -2.3643e-01 +2.3439e-01 -2.7615e+00 +1.8093e-01 -1.9837e+00 +1.4834e+00 +1.1836e+00
1010 0 +2.104044438e+01 +6.400044438e+01 +6.400044438e+01 +5.2379e-01 +1.2083e-01 -1.1268e+00 -2.3188e-01 +2.3852e-01 -2.7688e+00 +1.8376e-01 -1.9902e+00 +1.4797e+00 +1.1821e+00
% f evaluations | g evaluations | best noise-free fitness - Fopt (2.842200000000e+02) + sum g_i+ | measured fitness | best measured fitness or single-digit g-values | x1 | x2...
1 0 +4.655307838e+02 +7.497507838e+02 +7.497507838e+02 +5.0716e-01 -1.3978e-01 +9.8461e-03 +1.2226e-01 -2.3668e-01 +6.1969e-04 -2.6712e-04 -5.2644e-01 +3.0531e-01 +1.8016e-01
2 0 +3.472680063e+02 +6.314880063e+02 +6.314880063e+02 -1.8763e-01 -5.1465e-02 +1.5159e-01 -7.8408e-02 -7.2826e-02 -4.3598e-01 +1.6638e-01 +3.7166e-02 +8.2341e-02 -4.5798e-01
12 0 +3.395272094e+02 +6.237472094e+02 +6.237472094e+02 -2.2188e-01 -1.7349e-01 +3.2935e-02 +5.0279e-01 -9.0549e-02 -6.5192e-01 -1.4656e-01 +4.3684e-01 +3.4403e-01 -6.2893e-01
13 0 +3.233746182e+02 +6.075946182e+02 +6.075946182e+02 -3.4223e-02 -1.9468e-01 +4.6998e-02 -1.4472e-02 +2.8960e-01 -3.7997e-01 +1.7537e-01 +4.1688e-01 +2.8070e-02 -4.4578e-01
16 0 +3.038354376e+02 +5.880554376e+02 +5.880554376e+02 +5.8795e-03 +2.2943e-01 -1.3575e-01 -2.8381e-01 +5.8012e-01 -8.0439e-01 +4.3612e-01 +1.7892e-01 +2.4983e-01 -5.7037e-01
19 0 +2.842161069e+02 +5.684361069e+02 +5.684361069e+02 -2.2199e-01 +2.5235e-01 +4.2581e-01 +1.5514e-01 -1.2036e-01 -4.8694e-01 -1.6619e-01 -1.5309e-01 +3.0948e-01 -8.5073e-01
23 0 +2.477715902e+02 +5.319915902e+02 +5.319915902e+02 +1.6187e-03 +2.1708e-01 +4.1625e-01 -4.2685e-02 -2.9732e-01 -4.4590e-01 +9.9131e-02 +2.4840e-01 +3.1557e-01 -1.0876e+00
24 0 +2.357769273e+02 +5.199969273e+02 +5.199969273e+02 -1.6496e-01 -2.5140e-01 +2.7651e-01 +3.1364e-01 +1.7333e-01 -5.6913e-01 -3.1279e-01 +1.5646e-01 +2.1958e-01 -8.2576e-01
28 0 +2.170251222e+02 +5.012451222e+02 +5.012451222e+02 -1.7034e-01 -1.0643e-01 -2.8905e-01 +2.0274e-01 -1.6046e-02 -5.3705e-01 -8.6427e-03 +5.2946e-01 +6.7179e-01 -1.2019e+00
42 0 +1.624820831e+02 +4.467020831e+02 +4.467020831e+02 +6.0672e-02 +5.0928e-02 +6.7412e-01 +3.3250e-01 +2.3425e-01 -9.8835e-01 +5.8414e-01 +1.3401e+00 +1.1602e+00 -1.9079e+00
45 0 +1.464405192e+02 +4.306605192e+02 +4.306605192e+02 -1.1555e-01 -1.9133e-01 -1.5560e-01 +4.8680e-01 +2.5046e-01 -1.6495e+00 +4.1299e-01 +1.2713e+00 +5.4243e-01 -1.8706e+00
67 0 +1.432682380e+02 +4.274882380e+02 +4.274882380e+02 +2.9856e-01 +1.3463e-01 -6.6809e-02 +1.0379e+00 +2.7204e-01 -2.2595e+00 +9.0169e-01 +1.3904e+00 +6.0402e-01 -2.1250e+00
69 0 +1.356229877e+02 +4.198429877e+02 +4.198429877e+02 +6.0324e-01 +4.1517e-01 -1.3697e-01 +3.0454e-01 +6.1825e-01 -2.2731e+00 +1.5975e+00 +9.6861e-01 +2.2923e-01 -1.6621e+00
72 0 +1.334498731e+02 +4.176698731e+02 +4.176698731e+02 +5.3389e-01 +1.2764e-02 +3.4841e-01 -4.6672e-01 +7.8223e-01 -2.5063e+00 +1.9289e+00 +2.2868e+00 +5.2201e-01 -2.6028e+00
74 0 +1.174287114e+02 +4.016487114e+02 +4.016487114e+02 +9.5782e-01 +4.2897e-01 -2.0984e-01 +1.7551e-01 +7.2771e-01 -1.8640e+00 +1.1456e+00 +1.6540e+00 +1.4390e+00 -1.8035e+00
81 0 +1.017546201e+02 +3.859746201e+02 +3.859746201e+02 +3.2144e-03 -1.2982e-01 +3.0153e-01 +2.0813e-01 +6.6343e-01 -2.9094e+00 +1.3743e+00 +1.5670e+00 +6.4026e-01 -2.2258e+00
154 0 +9.792278992e+01 +3.821427899e+02 +3.821427899e+02 -1.5435e+00 -3.6527e-01 -2.1740e-01 -6.4592e-01 +1.1094e+00 -2.9898e+00 +2.8673e+00 +3.0571e+00 +1.4134e+00 -3.8667e+00
221 0 +8.416693127e+01 +3.683869313e+02 +3.683869313e+02 -2.9576e+00 +6.0670e-01 -1.2004e+00 +2.1413e-01 -6.7768e-01 -3.1439e+00 +2.4056e+00 +1.2861e+00 +1.3307e+00 -3.5487e+00
413 0 +8.181467565e+01 +3.660346756e+02 +3.660346756e+02 -2.4225e+00 +7.1770e-01 -1.8507e+00 +7.1540e-01 +1.2368e+00 -2.4486e+00 +3.6796e+00 +1.4280e+00 +1.0205e+00 -3.2340e+00
501 0 +6.929633255e+01 +3.535163326e+02 +3.535163326e+02 -2.2791e+00 +3.7384e-01 -1.1250e+00 +4.8558e-01 +1.1309e+00 -3.3877e+00 +2.9197e+00 +2.1945e+00 +1.2432e+00 -2.4972e+00
546 0 +6.790181323e+01 +3.521218132e+02 +3.521218132e+02 -2.2962e+00 +7.1534e-01 -1.2026e+00 +1.2438e-01 +1.2281e+00 -2.9565e+00 +3.1078e+00 +1.6790e+00 +1.2932e+00 -2.2267e+00
558 0 +6.303492110e+01 +3.472549211e+02 +3.472549211e+02 -2.0218e+00 +5.6303e-01 -9.3800e-01 +1.5186e-01 +1.2255e+00 -2.4413e+00 +3.3972e+00 +1.4779e+00 +1.2397e+00 -2.0826e+00
574 0 +5.001398697e+01 +3.342339870e+02 +3.342339870e+02 -2.1138e+00 +7.0498e-01 -1.0046e+00 +3.8248e-01 +1.1624e+00 -2.4373e+00 +2.9431e+00 +1.7023e+00 +1.2899e+00 -1.9112e+00
708 0 +4.293250635e+01 +3.271525064e+02 +3.271525064e+02 -2.0987e+00 +5.8622e-01 -1.0032e+00 +2.7184e-01 +1.2261e+00 -2.9659e+00 +3.9004e+00 +2.2898e+00 +1.3529e+00 -2.2553e+00
780 0 +2.784020762e+01 +3.120602076e+02 +3.120602076e+02 -2.1282e+00 +6.6061e-01 -1.0213e+00 +1.9474e-01 +1.2705e+00 -2.9624e+00 +3.8939e+00 +2.2356e+00 +1.3589e+00 -2.5447e+00
994 0 +2.735083088e+01 +3.115708309e+02 +3.115708309e+02 -2.0853e+00 +6.9977e-01 -9.8609e-01 +2.1456e-01 +1.2014e+00 -2.9589e+00 +3.8681e+00 +2.2183e+00 +1.3317e+00 -2.5168e+00
1001 0 +2.658374990e+01 +3.108037499e+02 +3.108037499e+02 -2.0847e+00 +7.0495e-01 -1.0042e+00 +2.0220e-01 +1.2170e+00 -2.9590e+00 +3.8868e+00 +2.2238e+00 +1.3151e+00 -2.4982e+00
1010 0 +2.658374990e+01 +3.108037499e+02 +3.108037499e+02 -2.0847e+00 +7.0495e-01 -1.0042e+00 +2.0220e-01 +1.2170e+00 -2.9590e+00 +3.8868e+00 +2.2238e+00 +1.3151e+00 -2.4982e+00
% f evaluations | g evaluations | best noise-free fitness - Fopt (-3.217000000000e+01) + sum g_i+ | measured fitness | best measured fitness or single-digit g-values | x1 | x2...
1 0 +4.088160655e+02 +3.766460655e+02 +3.766460655e+02 +5.0716e-01 -1.3978e-01 +9.8461e-03 +1.2226e-01 -2.3668e-01 +6.1969e-04 -2.6712e-04 -5.2644e-01 +3.0531e-01 +1.8016e-01
2 0 +3.015009863e+02 +2.693309863e+02 +2.693309863e+02 -1.8763e-01 -5.1465e-02 +1.5159e-01 -7.8408e-02 -7.2826e-02 -4.3598e-01 +1.6638e-01 +3.7166e-02 +8.2341e-02 -4.5798e-01
15 0 +2.637945692e+02 +2.316245692e+02 +2.316245692e+02 -1.4949e-03 +3.2791e-01 -3.6635e-01 +2.8412e-01 -8.1852e-01 -7.4743e-02 -4.0592e-02 +5.6713e-01 +3.1018e-01 -7.2540e-01
20 0 +2.539934656e+02 +2.218234656e+02 +2.218234656e+02 +2.7210e-01 +1.9920e-01 -3.9889e-01 -7.3957e-01 -3.5328e-01 -3.8586e-01 -4.4511e-01 +3.7082e-01 -2.8149e-01 -6.5647e-01
32 0 +2.464878810e+02 +2.143178810e+02 +2.143178810e+02 -4.7729e-01 +2.9171e-01 +2.8463e-01 -5.1995e-01 -8.8810e-01 -2.7926e-01 -1.0337e-01 +1.6866e-01 -1.8716e-02 -1.0807e+00
41 0 +2.197941767e+02 +1.876241767e+02 +1.876241767e+02 -3.8580e-01 -1.5930e-01 -2.3223e-01 -8.4682e-01 -5.6756e-01 -7.6106e-01 -3.3437e-01 +3.8981e-01 +3.3478e-01 -7.0182e-01
48 0 +2.000644914e+02 +1.678944914e+02 +1.678944914e+02 +9.8972e-04 -8.1515e-02 -2.5331e-01 -6.7284e-01 -4.4333e-01 -2.1443e-01 -4.1865e-01 +8.4393e-01 +3.4724e-01 -1.1933e+00
64 0 +1.989300852e+02 +1.667600852e+02 +1.667600852e+02 -6.4210e-01 -3.2921e-01 -3.3537e-01 -9.2073e-01 -9.7870e-01 -8.3956e-01 +2.8595e-02 +1.1982e+00 +3.9949e-01 -1.2090e+00
71 0 +1.919022188e+02 +1.597322188e+02 +1.597322188e+02 -2.2370e-01 -8.9181e-01 +1.2123e-01 -1.3961e+00 -1.0141e+00 -9.9014e-01 +1.5719e-01 +9.7026e-01 +4.2531e-01 -1.4656e+00
72 0 +1.805027920e+02 +1.483327920e+02 +1.483327920e+02 -1.1763e+00 -1.4729e-02 -3.9094e-01 -1.0398e+00 -5.7357e-01 -9.5254e-01 +2.9325e-01 +1.8996e+00 +4.1211e-01 -1.6350e+00
83 0 +1.727719382e+02 +1.406019382e+02 +1.406019382e+02 -1.1219e-01 -1.5064e-01 -8.8032e-01 -9.1532e-01 -7.3273e-01 +8.4079e-02 +7.1376e-02 +8.9315e-01 +1.0532e-01 -1.3078e+00
92 0 +1.690286664e+02 +1.368586664e+02 +1.368586664e+02 +7.2467e-03 +3.3884e-03 -2.8173e-01 -7.8100e-01 -1.1751e+00 -5.7491e-01 +3.4178e-01 +1.4754e+00 +9.8093e-02 -1.8988e+00
101 0 +1.638654224e+02 +1.316954224e+02 +1.316954224e+02 -4.9459e-01 +7.7970e-03 -6.0394e-02 -1.5304e+00 -8.7525e-01 -8.1618e-01 +2.0429e-02 +1.8691e+00 +6.5285e-01 -1.6099e+00
104 0 +1.534102616e+02 +1.212402616e+02 +1.212402616e+02 -2.2921e-01 +6.1066e-01 -1.5672e-01 -1.0325e+00 -5.8515e-01 -8.6758e-01 +8.1320e-01 +1.8207e+00 +5.4677e-01 -2.0762e+00
144 0 +1.369301474e+02 +1.047601474e+02 +1.047601474e+02 +2.7647e-01 +1.2260e-01 +2.3429e-01 -1.0090e+00 -1.7943e+00 -2.5063e-01 -2.0933e-01 +1.9043e+00 +8.7509e-01 -1.6079e+00
158 0 +1.308818039e+02 +9.871180387e+01 +9.871180387e+01 -1.8409e-01 +4.9656e-02 +3.1336e-01 -1.2404e+00 -1.1294e+00 -4.1326e-01 +2.6099e-02 +1.5121e+00 +5.5337e-01 -2.3282e+00
166 0 +1.110297678e+02 +7.885976784e+01 +7.885976784e+01 +2.9916e-01 +3.5202e-01 +3.7267e-01 -1.2473e+00 -1.8600e+00 +3.3062e-01 +1.5644e-01 +1.5692e+00 +6.5485e-01 -2.2313e+00
178 0 +9.927912413e+01 +6.710912413e+01 +6.710912413e+01 +5.2732e-01 +9.7114e-02 +2.6187e-01 -1.4022e+00 -1.8142e+00 +6.5579e-02 +4.1166e-01 +1.8782e+00 +1.0236e+00 -2.4991e+00
231 0 +9.433281798e+01 +6.216281798e+01 +6.216281798e+01 +1.7452e+00 +3.0391e-01 -4.1317e-01 -5.8969e-01 -1.9826e+00 +2.1738e+00 -8.6630e-01 +1.8259e+00 +1.1550e+00 -2.7605e+00
237 0 +8.170671700e+01 +4.953671700e+01 +4.953671700e+01 +1.3737e+00 +5.7915e-01 +5.0902e-01 -7.9598e-01 -1.9608e+00 +1.2153e+00 -3.4449e-01 +1.0065e+00 +6.0080e-01 -2.0352e+00
430 0 +7.596400754e+01 +4.379400754e+01 +4.379400754e+01 +1.6431e+00 +1.2422e+00 +7.4319e-01 -2.3632e+00 -3.1808e+00 +2.0978e+00 -7.9680e-01 +3.4402e+00 +1.0608e+00 -2.6924e+00
443 0 +7.332791516e+01 +4.115791516e+01 +4.115791516e+01 +1.4676e+00 +9.0560e-01 +1.2583e+00 -2.9619e+00 -3.0475e+00 +1.9038e+00 -1.5834e+00 +3.9280e+00 +2.1197e+00 -3.6900e+00
501 0 +6.249862144e+01 +3.032862144e+01 +3.032862144e+01 +1.5968e+00 +8.6842e-01 +1.7729e+00 -1.9537e+00 -2.6005e+00 +1.3189e+00 -8.8677e-01 +3.0231e+00 +1.4306e+00 -2.4121e+00
623 0 +5.591322498e+01 +2.374322498e+01 +2.374322498e+01 +1.7336e+00 +9.1823e-01 +1.2880e+00 -1.7681e+00 -3.1623e+00 +1.6198e+00 -4.3455e-01 +3.0186e+00 +1.8294e+00 -3.0710e+00
654 0 +5.420780552e+01 +2.203780552e+01 +2.203780552e+01 +1.6482e+00 +8.9228e-01 +1.0174e+00 -1.9731e+00 -2.8882e+00 +5.3275e-01 -7.4762e-01 +3.0094e+00 +1.8215e+00 -2.6702e+00
669 0 +4.179747255e+01 +9.627472553e+00 +9.627472553e+00 +1.4522e+00 +9.3219e-01 +1.0794e+00 -1.9146e+00 -3.0335e+00 +1.0961e+00 -4.3385e-01 +2.9467e+00 +1.7851e+00 -2.7598e+00
712 0 +3.437027476e+01 +2.200274760e+00 +2.200274760e+00 +1.3845e+00 +9.0052e-01 +1.1322e+00 -2.1768e+00 -3.0247e+00 +1.1297e+00 -2.5901e-01 +2.6056e+00 +1.7037e+00 -2.7172e+00
773 0 +2.384266057e+01 -8.327339430e+00 -8.327339430e+00 +1.5133e+00 +9.9079e-01 +1.2671e+00 -2.2352e+00 -3.1601e+00 +1.1414e+00 -3.7424e-01 +2.6425e+00 +1.7806e+00 -2.7591e+00
781 0 +1.996195295e+01 -1.220804705e+01 -1.220804705e+01 +1.4828e+00 +9.4521e-01 +1.3105e+00 -2.1803e+00 -3.1026e+00 +1.1610e+00 -2.9931e-01 +2.6310e+00 +1.8091e+00 -2.7390e+00
847 0 +1.891641271e+01 -1.325358729e+01 -1.325358729e+01 +1.4836e+00 +9.1595e-01 +1.3170e+00 -2.1657e+00 -3.1333e+00 +1.0666e+00 -3.3548e-01 +2.5618e+00 +1.8063e+00 -2.7308e+00
892 0 +1.846135793e+01 -1.370864207e+01 -1.370864207e+01 +1.4958e+00 +9.2005e-01 +1.3181e+00 -2.0912e+00 -3.0895e+00 +1.0787e+00 -3.7077e-01 +2.6321e+00 +1.8156e+00 -2.7126e+00
915 0 +1.794943530e+01 -1.422056470e+01 -1.422056470e+01 +1.4501e+00 +9.2902e-01 +1.3667e+00 -2.1189e+00 -3.1039e+00 +1.1104e+00 -3.4327e-01 +2.5891e+00 +1.8133e+00 -2.7457e+00
921 0 +1.732551344e+01 -1.484448656e+01 -1.484448656e+01 +1.4734e+00 +9.4456e-01 +1.3772e+00 -2.1179e+00 -3.1166e+00 +1.1074e+00 -3.3813e-01 +2.5943e+00 +1.8149e+00 -2.7234e+00
926 0 +1.678243469e+01 -1.538756531e+01 -1.538756531e+01 +1.4725e+00 +9.3330e-01 +1.3462e+00 -2.1166e+00 -3.1165e+00 +1.0972e+00 -3.2470e-01 +2.5933e+00 +1.8211e+00 -2.7370e+00
974 0 +1.630681469e+01 -1.586318531e+01 -1.586318531e+01 +1.4538e+00 +9.1985e-01 +1.3320e+00 -2.0972e+00 -3.1012e+00 +1.1243e+00 -3.6064e-01 +2.6196e+00 +1.8229e+00 -2.7218e+00
997 0 +1.602890420e+01 -1.614109580e+01 -1.614109580e+01 +1.4720e+00 +9.2959e-01 +1.2921e+00 -2.0869e+00 -3.1168e+00 +1.1206e+00 -3.5558e-01 +2.6307e+00 +1.8128e+00 -2.7179e+00
1001 0 +1.568154583e+01 -1.648845417e+01 -1.648845417e+01 +1.4613e+00 +9.4991e-01 +1.3066e+00 -2.1203e+00 -3.1309e+00 +1.1437e+00 -3.6556e-01 +2.6241e+00 +1.8208e+00 -2.7357e+00
1010 0 +1.568154583e+01 -1.648845417e+01 -1.648845417e+01 +1.4613e+00 +9.4991e-01 +1.3066e+00 -2.1203e+00 -3.1309e+00 +1.1437e+00 -3.6556e-01 +2.6241e+00 +1.8208e+00 -2.7357e+00
% f evaluations | g evaluations | best noise-free fitness - Fopt (-5.858000000000e+01) + sum g_i+ | measured fitness | best measured fitness or single-digit g-values | x1 | x2...
1 0 +4.756050685e+02 +4.170250685e+02 +4.170250685e+02 +5.0716e-01 -1.3978e-01 +9.8461e-03 +1.2226e-01 -2.3668e-01 +6.1969e-04 -2.6712e-04 -5.2644e-01 +3.0531e-01 +1.8016e-01
2 0 +4.336959940e+02 +3.751159940e+02 +3.751159940e+02 -1.8763e-01 -5.1465e-02 +1.5159e-01 -7.8408e-02 -7.2826e-02 -4.3598e-01 +1.6638e-01 +3.7166e-02 +8.2341e-02 -4.5798e-01
4 0 +3.947102467e+02 +3.361302467e+02 +3.361302467e+02 -2.2277e-01 +3.2174e-01 -4.9533e-01 +1.6063e-01 -6.1934e-01 -1.9865e-01 -3.6128e-01 +4.3861e-01 +5.2987e-01 -9.8829e-02
5 0 +3.459188933e+02 +2.873388933e+02 +2.873388933e+02 +2.5222e-01 -5.3996e-02 +1.7042e-01 -2.2585e-01 -5.1251e-01 -5.4094e-01 +1.1494e-01 +6.7430e-01 +8.0827e-02 -1.5739e-01
37 0 +3.147154929e+02 +2.561354929e+02 +2.561354929e+02 +6.6770e-01 +1.5856e-01 +1.4445e-01 +1.8001e-01 -1.2988e+00 -1.5444e+00 +5.2105e-02 +1.6289e+00 +4.1836e-01 +7.7536e-02
49 0 +2.954911282e+02 +2.369111282e+02 +2.369111282e+02 +5.9884e-01 -1.2296e-01 -1.4309e-01 -1.4813e-01 -1.0521e+00 -1.5803e+00 -2.9552e-01 +1.0509e+00 +4.9880e-01 +2.0480e-01
61 0 +2.666125251e+02 +2.080325251e+02 +2.080325251e+02 +4.4337e-01 -1.1623e+00 +2.1705e-01 +3.0716e-01 -6.6728e-01 -2.6876e+00 -3.1010e-01 +1.6206e+00 +9.7093e-01 +5.0681e-01
75 0 +2.434380275e+02 +1.848580275e+02 +1.848580275e+02 +7.4747e-01 -9.9375e-01 -9.1021e-01 +4.9986e-01 -1.1588e+00 -2.4495e+00 -6.0615e-01 +2.1441e+00 +1.3927e+00 -9.6713e-01
90 0 +2.029339240e+02 +1.443539240e+02 +1.443539240e+02 +4.5577e-01 -1.5007e+00 -1.0993e+00 +1.2167e+00 -1.0434e+00 -4.1645e+00 -9.6107e-01 +2.9033e+00 +1.6986e+00 -8.5308e-01
104 0 +1.669744304e+02 +1.083944304e+02 +1.083944304e+02 +9.0607e-01 -2.5378e+00 -6.0573e-01 +2.0691e+00 -1.2194e+00 -3.2469e+00 -2.4588e+00 +4.1816e+00 +1.9002e+00 -1.0002e+00
132 0 +1.226901383e+02 +6.411013828e+01 +6.411013828e+01 +9.4657e-01 -1.6429e+00 -6.9829e-01 +2.4164e+00 -3.0569e+00 -4.4486e+00 -1.9029e+00 +3.7265e+00 +1.3739e+00 -6.1957e-01
140 0 +1.193885174e+02 +6.080851742e+01 +6.080851742e+01 -3.1133e-01 -3.4384e+00 +1.8520e+00 +3.1273e+00 -2.4508e+00 -4.8168e+00 -1.9700e+00 +4.1806e+00 +6.5559e-01 +5.4777e-01
154 0 +1.060828882e+02 +4.750288816e+01 +4.750288816e+01 -2.8415e-01 -3.7002e+00 +8.7555e-01 +2.7656e+00 -4.0477e+00 -6.1295e+00 -3.1062e+00 +3.2555e+00 +1.6976e+00 +1.9247e+00
180 0 +8.834270384e+01 +2.976270384e+01 +2.976270384e+01 -4.9872e-01 -3.1424e+00 +6.9617e-01 +3.5042e+00 -2.9290e+00 -4.9289e+00 -2.6847e+00 +3.3489e+00 +2.7616e+00 +1.9163e+00
181 0 +8.635383543e+01 +2.777383543e+01 +2.777383543e+01 +1.1237e+00 -2.4117e+00 +9.2399e-01 +3.0685e+00 -2.5076e+00 -4.3556e+00 -2.3150e+00 +2.0593e+00 +1.7005e+00 +5.5537e-01
251 0 +7.392136468e+01 +1.534136468e+01 +1.534136468e+01 +2.7783e+00 -1.8861e+00 +1.9289e+00 +1.8769e+00 -2.8993e+00 -3.8370e+00 -2.5571e+00 +2.0732e+00 +3.0184e+00 +1.0348e+00
321 0 +6.394081383e+01 +5.360813832e+00 +5.360813832e+00 +2.4837e+00 -3.7205e+00 +2.5456e+00 +3.0875e+00 -3.0277e+00 -4.8961e+00 -3.2003e+00 +2.5678e+00 +2.6918e+00 +9.7758e-01
375 0 +5.663655707e+01 -1.943442935e+00 -1.943442935e+00 +3.6194e+00 -3.5648e+00 +1.7426e+00 +2.4958e+00 -4.3453e+00 -4.2789e+00 -2.7782e+00 +2.3147e+00 +2.3978e+00 +1.3083e+00
501 0 +5.445413775e+01 -4.125862250e+00 -4.125862250e+00 +3.3153e+00 -3.8731e+00 +1.9139e+00 +3.1562e+00 -3.5303e+00 -3.9891e+00 -2.6818e+00 +3.2162e+00 +3.1504e+00 +1.6579e+00
624 0 +4.646520866e+01 -1.211479134e+01 -1.211479134e+01 +3.6079e+00 -4.0767e+00 +1.5802e+00 +3.1082e+00 -3.6023e+00 -4.4862e+00 -2.2533e+00 +3.2306e+00 +3.5077e+00 +1.7926e+00
918 0 +3.448439939e+01 -2.409560061e+01 -2.409560061e+01 +3.4988e+00 -4.1401e+00 +1.5985e+00 +3.1341e+00 -3.5955e+00 -3.8923e+00 -2.7406e+00 +3.1774e+00 +3.4939e+00 +1.9009e+00
991 0 +3.297621350e+01 -2.560378650e+01 -2.560378650e+01 +3.4755e+00 -4.1032e+00 +1.7009e+00 +3.0842e+00 -3.5726e+00 -3.9560e+00 -2.7197e+00 +3.2464e+00 +3.3872e+00 +1.7247e+00
999 0 +2.857171944e+01 -3.000828056e+01 -3.000828056e+01 +3.5679e+00 -4.2006e+00 +1.7263e+00 +3.1038e+00 -3.6161e+00 -3.9151e+00 -2.7617e+00 +3.2938e+00 +3.4490e+00 +1.6311e+00
1010 0 +2.857171944e+01 -3.000828056e+01 -3.000828056e+01 +3.5679e+00 -4.2006e+00 +1.7263e+00 +3.1038e+00 -3.6161e+00 -3.9151e+00 -2.7617e+00 +3.2938e+00 +3.4490e+00 +1.6311e+00
% f evaluations | g evaluations | best noise-free fitness - Fopt (-6.049200000000e+02) + sum g_i+ | measured fitness | best measured fitness or single-digit g-values | x1 | x2...
1 0 +2.197198876e+02 -3.852001124e+02 -3.852001124e+02 +5.0716e-01 -1.3978e-01 +9.8461e-03 +1.2226e-01 -2.3668e-01 +6.1969e-04 -2.6712e-04 -5.2644e-01 +3.0531e-01 +1.8016e-01
2 0 +1.845182829e+02 -4.204017171e+02 -4.204017171e+02 -1.8763e-01 -5.1465e-02 +1.5159e-01 -7.8408e-02 -7.2826e-02 -4.3598e-01 +1.6638e-01 +3.7166e-02 +8.2341e-02 -4.5798e-01
3 0 +1.771863082e+02 -4.277336918e+02 -4.277336918e+02 +4.9521e-01 +4.6301e-02 -1.1614e-01 +6.0873e-01 -1.3616e-02 -4.3521e-01 -1.2157e-01 -6.8652e-01 +3.1483e-01 -1.2495e-01
17 0 +1.646588355e+02 -4.402611645e+02 -4.402611645e+02 +5.0859e-01 -1.2971e-01 -2.8450e-02 -1.9452e-01 -3.9932e-01 -5.4293e-01 +3.2908e-01 -1.3862e-01 -3.1107e-01 -1.1837e-01
44 0 +1.406831043e+02 -4.642368957e+02 -4.642368957e+02 +1.1210e+00 -1.2291e-01 +2.9962e-01 +1.3141e-01 -2.9085e-01 -1.3701e+00 -1.4778e-01 -1.6516e-01 +2.8263e-01 -4.3438e-01
66 0 +1.343859210e+02 -4.705340790e+02 -4.705340790e+02 +9.0235e-01 +1.7267e-02 +1.0172e+00 +6.1319e-01 -4.8118e-01 -2.1995e+00 -5.5637e-01 +6.1088e-02 +6.5542e-01 -1.2277e+00
88 0 +9.442268818e+01 -5.104973118e+02 -5.104973118e+02 +9.2499e-01 -3.4393e-01 +3.7240e-01 +7.1578e-01 -1.9754e-01 -2.1897e+00 -5.6539e-01 +2.0254e-02 +5.3238e-01 -8.5843e-01
234 0 +9.256293016e+01 -5.123570698e+02 -5.123570698e+02 +1.2508e+00 -7.9137e-01 +6.0385e-01 -9.1673e-02 +1.0503e+00 -4.3644e+00 +4.1493e-01 -2.1858e-01 +4.1433e-01 -4.0100e-01
274 0 +8.674298964e+01 -5.181770104e+02 -5.181770104e+02 +5.0691e-01 -2.4191e+00 +1.2404e+00 +1.1493e+00 -2.1122e-01 -4.4115e+00 +8.1665e-01 -1.4797e-01 +1.2882e+00 +4.7460e-01
300 0 +8.402535229e+01 -5.208946477e+02 -5.208946477e+02 +1.2275e-01 -1.1005e+00 +5.2316e-01 +1.7554e+00 -1.0358e-01 -4.0309e+00 +5.4946e-01 -7.4948e-01 +9.5808e-01 +5.4987e-01
381 0 +6.659730155e+01 -5.383226985e+02 -5.383226985e+02 +1.1647e+00 -1.1200e+00 +2.1382e+00 +1.6783e+00 +2.9548e-01 -4.8970e+00 -7.3166e-02 -1.1703e+00 +1.4173e+00 -3.9487e-02
383 0 +4.796262633e+01 -5.569573737e+02 -5.569573737e+02 +1.0258e+00 -1.1305e+00 +2.0537e+00 +5.4818e-01 +2.1854e-01 -4.5791e+00 -9.1073e-02 -1.1845e+00 +1.2725e+00 +3.4276e-01
721 0 +3.913063538e+01 -5.657893646e+02 -5.657893646e+02 -1.1877e+00 -1.0653e+00 +1.9498e+00 +2.4546e+00 +4.0233e-01 -5.2510e+00 -8.7293e-02 -2.0520e+00 +1.3229e+00 -3.5998e-01
1010 0 +3.913063538e+01 -5.657893646e+02 -5.657893646e+02 -1.1877e+00 -1.0653e+00 +1.9498e+00 +2.4546e+00 +4.0233e-01 -5.2510e+00 -8.7293e-02 -2.0520e+00 +1.3229e+00 -3.5998e-01
% f evaluations | g evaluations | best noise-free fitness - Fopt (1.337000000000e+02) + sum g_i+ | measured fitness | best measured fitness or single-digit g-values | x1 | x2...
1 0 +2.503460327e+02 +3.840460327e+02 +3.840460327e+02 +5.0716e-01 -1.3978e-01 +9.8461e-03 +1.2226e-01 -2.3668e-01 +6.1969e-04 -2.6712e-04 -5.2644e-01 +3.0531e-01 +1.8016e-01
11 0 +2.493193492e+02 +3.830193492e+02 +3.830193492e+02 +3.4103e-01 +1.0289e-01 -6.5488e-02 +2.8443e-01 -2.0262e-01 +1.9641e-01 -2.3498e-01 -2.0179e-01 +8.2970e-01 +2.2930e-01
13 0 +2.320937962e+02 +3.657937962e+02 +3.657937962e+02 +3.2446e-01 -4.5973e-02 -2.8084e-01 -7.7308e-02 -7.7184e-02 +2.0394e-01 +4.1910e-02 -2.4205e-01 +2.1990e-01 +2.3108e-01
14 0 +2.210792234e+02 +3.547792234e+02 +3.547792234e+02 +4.0465e-01 +2.0624e-01 +4.2250e-01 -4.8747e-02 -6.2930e-01 -4.8607e-02 -4.3267e-01 +2.6269e-01 -2.9510e-01 +9.9789e-02
75 0 +1.828960735e+02 +3.165960735e+02 +3.165960735e+02 +7.8023e-01 +9.7805e-01 +4.8587e-01 +5.2093e-02 -6.0020e-01 +3.8404e-01 +3.8034e-03 -2.8106e-01 -3.5291e-01 +7.1726e-01
91 0 +1.706579502e+02 +3.043579502e+02 +3.043579502e+02 +5.7745e-01 +9.6820e-01 -2.0861e-01 -3.9879e-02 -4.3776e-01 +4.8747e-01 +1.0262e-01 -3.5533e-01 +5.9788e-02 +3.4093e-01
106 0 +1.661144420e+02 +2.998144420e+02 +2.998144420e+02 +4.3194e-01 +1.0700e+00 -3.2242e-01 -3.1762e-01 -1.0229e+00 +5.7228e-01 +7.9472e-02 -4.7576e-01 +9.0823e-02 +3.3359e-01
182 0 +1.523828465e+02 +2.860828465e+02 +2.860828465e+02 +1.3872e+00 +1.0994e+00 +4.3478e-01 +1.9717e-02 -1.2870e+00 +1.0985e+00 -3.0195e-01 -1.3680e+00 +5.0718e-01 +6.3878e-01
213 0 +1.502547008e+02 +2.839547008e+02 +2.839547008e+02 +3.0240e+00 +1.7926e+00 +1.1858e+00 -9.7364e-02 -1.2444e+00 +1.7887e+00 -7.8987e-01 -1.8846e+00 +1.1867e+00 +2.9950e-01
220 0 +1.445458309e+02 +2.782458309e+02 +2.782458309e+02 +2.7609e+00 +7.4947e-01 +8.4227e-01 +1.7263e-01 -1.9235e+00 +1.5453e+00 -7.1380e-01 -2.0847e+00 +1.1938e+00 +1.0315e+00
245 0 +1.363234047e+02 +2.700234047e+02 +2.700234047e+02 +2.5396e+00 -2.5572e-03 +1.4403e+00 +4.6432e-01 -1.3147e+00 +1.7640e+00 -4.4976e-01 -1.4173e+00 +1.7952e+00 +7.3922e-01
266 0 +1.231128406e+02 +2.568128406e+02 +2.568128406e+02 +2.5011e+00 +1.5534e+00 +1.0428e+00 +1.9941e-01 -1.6256e+00 +1.5530e+00 -1.0281e+00 -1.4320e+00 +2.3210e+00 +9.9972e-01
331 0 +1.152905074e+02 +2.489905074e+02 +2.489905074e+02 +2.8251e+00 +8.9445e-01 +1.3275e+00 +2.4821e-01 -2.6543e+00 +2.0165e+00 -3.3622e-02 -2.4054e+00 +2.5069e+00 +7.8059e-01
346 0 +1.074255870e+02 +2.411255870e+02 +2.411255870e+02 +3.1414e+00 +1.5242e-01 +1.3039e+00 +5.7766e-01 -1.6922e+00 +2.0807e+00 +1.1459e-01 -2.2040e+00 +2.9302e+00 +1.0710e+00
347 0 +1.063573751e+02 +2.400573751e+02 +2.400573751e+02 +2.5529e+00 +1.2044e+00 +1.3893e+00 +4.5088e-01 -1.6328e+00 +1.9241e+00 +1.5966e-01 -2.2630e+00 +1.8785e+00 +9.9137e-01
364 0 +1.003071794e+02 +2.340071794e+02 +2.340071794e+02 +2.5184e+00 +2.7436e-01 +1.3894e+00 +1.0070e+00 -2.5919e+00 +1.5589e+00 +1.3288e-01 -2.2091e+00 +2.5758e+00 +5.6425e-01
374 0 +9.726639529e+01 +2.309663953e+02 +2.309663953e+02 +3.1399e+00 +3.0917e-01 +1.4583e+00 +1.8300e+00 -2.8436e+00 +1.9705e+00 +9.2743e-01 -2.1709e+00 +2.6373e+00 +1.3499e+00
375 0 +9.486569677e+01 +2.285656968e+02 +2.285656968e+02 +2.4542e+00 +4.1383e-01 +1.3695e+00 +1.2220e+00 -2.5080e+00 +2.0281e+00 +5.6547e-01 -2.1195e+00 +2.6095e+00 +9.1345e-01
391 0 +8.052119118e+01 +2.142211912e+02 +2.142211912e+02 +2.5999e+00 +1.5018e-03 +1.6029e+00 +1.8386e+00 -2.8885e+00 +1.3010e+00 +6.3778e-01 -2.3317e+00 +2.8883e+00 +1.4569e+00
575 0 +7.595237668e+01 +2.096523767e+02 +2.096523767e+02 +2.3481e+00 +1.5557e+00 +1.0271e+00 +1.5848e+00 -3.0792e+00 +2.0650e+00 +1.5049e+00 -1.4300e+00 +2.6711e+00 +6.0701e-01
578 0 +7.404755213e+01 +2.077475521e+02 +2.077475521e+02 +2.5624e+00 +1.9902e+00 +1.4182e+00 +1.9240e+00 -3.2492e+00 +2.0097e+00 +1.2566e+00 -2.2932e+00 +2.9939e+00 +1.4694e+00
596 0 +6.081296223e+01 +1.945129622e+02 +1.945129622e+02 +2.9712e+00 +1.8960e+00 +1.2681e+00 +1.2576e+00 -3.4408e+00 +2.0732e+00 +9.8440e-01 -2.3330e+00 +2.9202e+00 +9.9650e-01
605 0 +5.314003606e+01 +1.868400361e+02 +1.868400361e+02 +3.1191e+00 +1.7981e+00 +1.0271e+00 +1.0539e+00 -3.0012e+00 +2.0898e+00 +9.4954e-01 -2.3203e+00 +2.6821e+00 +1.4509e+00
686 0 +4.829756910e+01 +1.819975691e+02 +1.819975691e+02 +2.4477e+00 +1.0667e+00 +7.8610e-01 +1.1994e+00 -2.5423e+00 +1.6795e+00 +9.5457e-01 -1.9758e+00 +2.2111e+00 +1.6576e+00
694 0 +3.841268888e+01 +1.721126889e+02 +1.721126889e+02 +2.5623e+00 +1.0207e+00 +5.2818e-01 +1.1482e+00 -2.8975e+00 +1.6535e+00 +9.9358e-01 -1.9971e+00 +2.2404e+00 +1.7918e+00
760 0 +3.430554717e+01 +1.680055472e+02 +1.680055472e+02 +2.4843e+00 +1.9502e+00 +4.3681e-01 +1.1498e+00 -3.2132e+00 +2.0286e+00 +9.8641e-01 -1.9363e+00 +2.2849e+00 +1.6587e+00
983 0 +2.986114755e+01 +1.635611475e+02 +1.635611475e+02 +1.5099e+00 +1.0450e+00 +3.7325e-01 +1.1816e+00 -3.1065e+00 +1.5967e+00 +1.0017e+00 -1.9996e+00 +1.8545e+00 +1.4670e+00
1010 0 +2.986114755e+01 +1.635611475e+02 +1.635611475e+02 +1.5099e+00 +1.0450e+00 +3.7325e-01 +1.1816e+00 -3.1065e+00 +1.5967e+00 +1.0017e+00 -1.9996e+00 +1.8545e+00 +1.4670e+00
% f evaluations | g evaluations | best noise-free fitness - Fopt (-2.098000000000e+01) + sum g_i+ | measured fitness | best measured fitness or single-digit g-values | x1 | x2...
1 0 +6.019910430e+02 +5.810110430e+02 +5.810110430e+02 +5.0716e-01 -1.3978e-01 +9.8461e-03 +1.2226e-01 -2.3668e-01 +6.1969e-04 -2.6712e-04 -5.2644e-01 +3.0531e-01 +1.8016e-01
2 0 +5.385409135e+02 +5.175609135e+02 +5.175609135e+02 -1.8763e-01 -5.1465e-02 +1.5159e-01 -7.8408e-02 -7.2826e-02 -4.3598e-01 +1.6638e-01 +3.7166e-02 +8.2341e-02 -4.5798e-01
4 0 +5.200090509e+02 +4.990290509e+02 +4.990290509e+02 -2.2277e-01 +3.2174e-01 -4.9533e-01 +1.6063e-01 -6.1934e-01 -1.9865e-01 -3.6128e-01 +4.3861e-01 +5.2987e-01 -9.8829e-02
5 0 +4.772229769e+02 +4.562429769e+02 +4.562429769e+02 +2.5222e-01 -5.3996e-02 +1.7042e-01 -2.2585e-01 -5.1251e-01 -5.4094e-01 +1.1494e-01 +6.7430e-01 +8.0827e-02 -1.5739e-01
6 0 +4.443499483e+02 +4.233699483e+02 +4.233699483e+02 +5.7361e-01 +7.1191e-02 +3.0430e-02 +7.5774e-02 -3.9714e-02 -9.2845e-02 -4.3050e-01 +1.5049e-01 -2.8434e-02 +3.5794e-01
16 0 +4.277169435e+02 +4.067369435e+02 +4.067369435e+02 +4.1944e-01 -2.8731e-01 +1.0889e-01 -6.4643e-01 -3.8462e-01 -7.3882e-01 -5.7884e-01 +1.0419e-01 -1.7525e-01 +3.1980e-01
31 0 +3.819916493e+02 +3.610116493e+02 +3.610116493e+02 +8.8895e-01 +2.1960e-01 +1.6262e-02 -8.2823e-01 -3.9047e-01 -8.7614e-01 -9.1102e-01 -2.4221e-01 -4.3161e-01 +6.7568e-01
42 0 +3.197708047e+02 +2.987908047e+02 +2.987908047e+02 +1.3507e+00 -4.4192e-01 +4.5811e-01 -1.5563e+00 -4.6668e-01 -1.1978e+00 -1.2732e+00 -1.5682e-01 -6.5035e-01 +1.5016e+00
45 0 +3.124828603e+02 +2.915028603e+02 +2.915028603e+02 +1.8307e+00 +3.9689e-01 +3.9047e-01 -8.2799e-01 -8.6602e-01 -1.4664e+00 -1.0773e+00 -2.8650e-01 -8.9278e-01 +1.4430e+00
51 0 +2.869589826e+02 +2.659789826e+02 +2.659789826e+02 +1.2682e+00 +8.6129e-02 +5.6944e-01 -2.8858e-01 -6.5382e-02 -2.0849e+00 -1.2152e+00 +1.1979e-01 -5.6311e-01 +9.3461e-01
67 0 +2.517849054e+02 +2.308049054e+02 +2.308049054e+02 +1.6087e+00 +3.5756e-01 -2.2894e-01 -8.3947e-01 -4.1077e-01 -2.1509e+00 -1.8041e+00 -1.0641e-01 -9.5795e-01 +2.4092e+00
69 0 +2.450669607e+02 +2.240869607e+02 +2.240869607e+02 +1.2706e+00 -3.6974e-01 -3.5644e-01 +1.6535e-01 -2.7085e-01 -2.2627e+00 -2.0771e+00 +4.9133e-01 -9.0212e-01 +1.9376e+00
71 0 +2.344080069e+02 +2.134280069e+02 +2.134280069e+02 +2.4491e-01 -7.2845e-01 +4.2578e-01 +6.0030e-01 -5.3853e-01 -1.7446e+00 -1.7716e+00 +2.0932e-01 -1.3571e+00 +1.4646e+00
83 0 +2.224117760e+02 +2.014317760e+02 +2.014317760e+02 +2.1809e+00 +4.3567e-01 -9.2529e-02 -3.2206e-01 -2.5171e-01 -2.0375e+00 -2.4767e+00 -4.5746e-01 -1.3899e+00 +3.0960e+00
95 0 +1.997476916e+02 +1.787676916e+02 +1.787676916e+02 +1.3147e+00 +6.3997e-02 -4.6530e-01 -6.3705e-01 -6.6726e-02 -2.2415e+00 -3.3950e+00 +1.3650e+00 -1.0679e+00 +1.7098e+00
121 0 +1.640652764e+02 +1.430852764e+02 +1.430852764e+02 +2.4820e-01 +6.1297e-01 -3.8854e-01 +4.5103e-01 +8.5604e-01 -1.5043e+00 -2.7033e+00 +9.5650e-01 -1.3891e+00 +2.2791e+00
150 0 +1.407655300e+02 +1.197855300e+02 +1.197855300e+02 +4.8564e-01 +2.2198e+00 -1.5224e-02 +1.0393e+00 +9.9103e-01 -1.5271e+00 -3.5225e+00 +8.6177e-01 -1.4253e+00 +3.4604e+00
171 0 +1.127552237e+02 +9.177522374e+01 +9.177522374e+01 +2.0919e+00 +1.8352e+00 -4.8671e-01 +1.5612e+00 +1.6517e+00 -3.4044e+00 -3.5490e+00 +1.4505e+00 -1.7390e+00 +3.2253e+00
186 0 +1.086944913e+02 +8.771449130e+01 +8.771449130e+01 +5.5183e-02 +7.6008e-01 +5.0878e-01 +1.1736e+00 +6.8122e-01 -2.1030e+00 -3.4286e+00 +2.7302e+00 -1.7128e+00 +2.4965e+00
205 0 +9.335030296e+01 +7.237030296e+01 +7.237030296e+01 +1.7153e+00 +1.8029e+00 -5.8236e-01 +1.2757e+00 +9.7565e-01 -4.1295e+00 -3.5364e+00 +2.9173e+00 -1.1043e+00 +3.5239e+00
262 0 +9.121253979e+01 +7.023253979e+01 +7.023253979e+01 +3.0624e+00 +1.2258e+00 -6.1471e-01 -9.9612e-01 +1.3806e+00 -3.4878e+00 -3.4577e+00 +3.1507e+00 -2.3134e+00 +3.5153e+00
287 0 +8.698654919e+01 +6.600654919e+01 +6.600654919e+01 +2.0598e+00 +1.1894e+00 +4.0273e-01 +2.1766e-01 +1.2926e+00 -2.6577e+00 -4.0138e+00 +3.5154e+00 -1.5478e+00 +3.6225e+00
322 0 +7.788430358e+01 +5.690430358e+01 +5.690430358e+01 +2.1749e+00 +6.0083e-01 -1.1575e+00 -2.8199e-01 +1.3087e+00 -2.1188e+00 -3.4506e+00 +4.5713e+00 -1.4616e+00 +3.9139e+00
447 0 +7.514480645e+01 +5.416480645e+01 +5.416480645e+01 +1.0281e+00 +1.8224e+00 -4.6306e-01 +1.0570e+00 +1.9725e+00 -1.4590e+00 -3.3543e+00 +4.0934e+00 -2.4749e+00 +3.3945e+00
463 0 +6.537825139e+01 +4.439825139e+01 +4.439825139e+01 +2.0387e+00 +1.8265e+00 -3.5890e-01 +2.7738e-01 +1.2689e+00 -2.1802e+00 -3.3845e+00 +4.2544e+00 -2.8848e+00 +3.9551e+00
474 0 +6.092310637e+01 +3.994310637e+01 +3.994310637e+01 +2.3391e+00 +1.6968e+00 -4.2598e-01 +5.2839e-01 +1.2208e+00 -2.1518e+00 -3.0483e+00 +3.8619e+00 -2.9022e+00 +3.7744e+00
546 0 +5.446210113e+01 +3.348210113e+01 +3.348210113e+01 +1.8456e+00 +1.2624e+00 +1.2023e-01 -2.5472e-01 +9.2423e-01 -2.0926e+00 -3.5360e+00 +3.9104e+00 -2.0952e+00 +3.7819e+00
614 0 +5.122720847e+01 +3.024720847e+01 +3.024720847e+01 +2.1596e+00 +1.4001e+00 +2.5653e-01 -2.0237e-01 +8.8815e-01 -2.6005e+00 -3.0473e+00 +3.4499e+00 -2.4550e+00 +4.2392e+00
712 0 +4.799520855e+01 +2.701520855e+01 +2.701520855e+01 +2.0716e+00 +1.0454e+00 +2.1998e-01 -3.2267e-01 +8.6033e-01 -2.5004e+00 -3.0900e+00 +3.8483e+00 -2.3826e+00 +4.5599e+00
781 0 +4.735701173e+01 +2.637701173e+01 +2.637701173e+01 +2.0250e+00 +1.0567e+00 +2.7065e-01 -4.7715e-01 +7.0326e-01 -2.6150e+00 -2.9868e+00 +3.7785e+00 -2.2479e+00 +4.1949e+00
784 0 +4.166084724e+01 +2.068084724e+01 +2.068084724e+01 +2.1151e+00 +8.9824e-01 +3.2769e-01 -4.0395e-01 +7.6106e-01 -2.6611e+00 -3.0240e+00 +3.7436e+00 -2.2160e+00 +4.1910e+00
794 0 +2.813705966e+01 +7.157059656e+00 +7.157059656e+00 +2.0607e+00 +1.0033e+00 +2.1049e-01 -3.6919e-01 +8.3123e-01 -2.6850e+00 -3.0323e+00 +3.7599e+00 -2.0796e+00 +4.2323e+00
805 0 +2.662156160e+01 +5.641561600e+00 +5.641561600e+00 +2.0988e+00 +9.6979e-01 +3.4457e-01 -4.0799e-01 +8.4396e-01 -2.7548e+00 -3.0009e+00 +3.8064e+00 -2.1428e+00 +4.2244e+00
828 0 +2.443572690e+01 +3.455726897e+00 +3.455726897e+00 +1.9679e+00 +1.0120e+00 +2.5498e-01 -2.8387e-01 +8.2417e-01 -2.6443e+00 -3.0548e+00 +3.8963e+00 -2.1809e+00 +4.1550e+00
829 0 +1.768542397e+01 -3.294576035e+00 -3.294576035e+00 +2.0491e+00 +9.7431e-01 +2.8151e-01 -3.6057e-01 +8.6805e-01 -2.6955e+00 -3.0192e+00 +3.8817e+00 -2.1335e+00 +4.1190e+00
861 0 +1.735191147e+01 -3.628088529e+00 -3.628088529e+00 +2.0188e+00 +1.0154e+00 +2.4777e-01 -3.6694e-01 +7.4932e-01 -2.7184e+00 -3.0230e+00 +3.8527e+00 -2.1035e+00 +4.1994e+00
879 0 +1.681063584e+01 -4.169364161e+00 -4.169364161e+00 +1.9625e+00 +9.9884e-01 +2.4367e-01 -3.2723e-01 +7.7458e-01 -2.6918e+00 -3.0183e+00 +3.8505e+00 -2.0987e+00 +4.1679e+00
939 0 +1.563049836e+01 -5.349501638e+00 -5.349501638e+00 +2.0432e+00 +1.0503e+00 +2.7918e-01 -3.2336e-01 +7.9725e-01 -2.6770e+00 -3.0270e+00 +3.8214e+00 -2.1241e+00 +4.1924e+00
961 0 +1.428284516e+01 -6.697154837e+00 -6.697154837e+00 +2.0313e+00 +1.0081e+00 +2.6646e-01 -3.2489e-01 +7.8798e-01 -2.6926e+00 -3.0210e+00 +3.8636e+00 -2.1204e+00 +4.1689e+00
1010 0 +1.428284516e+01 -6.697154837e+00 -6.697154837e+00 +2.0313e+00 +1.0081e+00 +2.6646e-01 -3.2489e-01 +7.8798e-01 -2.6926e+00 -3.0210e+00 +3.8636e+00 -2.1204e+00 +4.1689e+00
% f evaluations | g evaluations | best noise-free fitness - Fopt (1.353300000000e+02) + sum g_i+ | measured fitness | best measured fitness or single-digit g-values | x1 | x2...
1 0 +6.010828712e+02 +7.364128712e+02 +7.364128712e+02 +5.0716e-01 -1.3978e-01 +9.8461e-03 +1.2226e-01 -2.3668e-01 +6.1969e-04 -2.6712e-04 -5.2644e-01 +3.0531e-01 +1.8016e-01
2 0 +4.790209194e+02 +6.143509194e+02 +6.143509194e+02 -1.8763e-01 -5.1465e-02 +1.5159e-01 -7.8408e-02 -7.2826e-02 -4.3598e-01 +1.6638e-01 +3.7166e-02 +8.2341e-02 -4.5798e-01
5 0 +4.576385856e+02 +5.929685856e+02 +5.929685856e+02 +2.5222e-01 -5.3996e-02 +1.7042e-01 -2.2585e-01 -5.1251e-01 -5.4094e-01 +1.1494e-01 +6.7430e-01 +8.0827e-02 -1.5739e-01
8 0 +4.024199308e+02 +5.377499308e+02 +5.377499308e+02 +4.4929e-01 -8.4791e-02 +3.2595e-02 +4.3148e-01 +4.5100e-01 -6.3821e-02 +9.9595e-02 +2.2052e-01 -5.7859e-02 -5.3343e-01
16 0 +3.632506753e+02 +4.985806753e+02 +4.985806753e+02 +4.3939e-01 -4.0232e-01 -1.5605e-01 -3.5280e-01 -1.8760e-01 -4.7650e-01 +1.7019e-01 +8.8867e-02 -4.1904e-01 -1.0025e+00
21 0 +3.486640521e+02 +4.839940521e+02 +4.839940521e+02 +1.6434e-01 -1.2963e-01 +5.9268e-01 -1.0480e-01 +5.2352e-01 -1.2688e-01 +3.7367e-01 +2.3053e-01 -6.0091e-01 -8.3040e-01
38 0 +2.767890143e+02 +4.121190143e+02 +4.121190143e+02 +2.3327e-01 +4.0135e-01 +4.6839e-01 +2.8295e-02 +1.4287e-01 -1.1541e-01 +4.5619e-01 +3.7120e-01 -7.6799e-01 -1.3498e+00
42 0 +2.175532772e+02 +3.528832772e+02 +3.528832772e+02 +1.1937e+00 -4.7742e-02 +9.6972e-01 -7.9517e-02 +3.3469e-03 -5.9330e-01 +9.3172e-01 +1.1502e+00 -7.6565e-01 -1.5844e+00
52 0 +1.952401432e+02 +3.305701432e+02 +3.305701432e+02 +5.1222e-01 -1.7767e-02 +1.8567e+00 -5.5970e-01 -2.2238e-01 -6.0661e-01 -8.1771e-02 +1.3931e+00 -1.0925e+00 -1.4952e+00
54 0 +1.880219125e+02 +3.233519125e+02 +3.233519125e+02 +1.2220e+00 -1.1490e-01 +7.8467e-01 -9.2738e-01 +1.1586e-01 -1.1742e+00 +2.0961e-01 +1.0184e+00 -7.1375e-01 -1.6238e+00
73 0 +1.763163008e+02 +3.116463008e+02 +3.116463008e+02 +7.4821e-01 +5.5659e-01 +8.2904e-01 -1.4537e+00 -7.1388e-02 -5.0977e-01 +6.9683e-01 +1.5642e+00 -1.0464e+00 -3.0748e+00
81 0 +1.603141769e+02 +2.956441769e+02 +2.956441769e+02 +5.5654e-01 +2.1282e-01 +9.8591e-01 -7.2034e-01 -3.0383e-01 -8.1838e-01 +1.0527e-01 +1.6095e+00 -1.1206e+00 -2.8395e+00
82 0 +1.580517805e+02 +2.933817805e+02 +2.933817805e+02 +1.1075e+00 +4.0515e-01 +1.5487e-01 -1.2166e+00 -2.2940e-01 -1.0406e+00 +8.4953e-01 +1.4683e+00 -1.5791e+00 -2.7504e+00
88 0 +1.511211842e+02 +2.864511842e+02 +2.864511842e+02 +1.2611e+00 -2.0858e-01 +4.8137e-01 -6.0748e-01 +6.9208e-02 -1.5664e+00 +8.5484e-01 +1.8566e+00 -2.0286e+00 -2.8234e+00
103 0 +1.361701959e+02 +2.715001959e+02 +2.715001959e+02 +6.1376e-01 -8.9803e-03 +6.6304e-01 -1.2680e+00 +3.5414e-02 -1.2472e+00 +1.2844e+00 +2.5927e+00 -2.0924e+00 -2.7418e+00
105 0 +1.322472521e+02 +2.675772521e+02 +2.675772521e+02 -2.2576e-01 -6.9784e-01 +1.8253e-01 -1.6524e+00 +8.2378e-01 -5.1130e-01 +4.1323e-01 +1.4761e+00 -1.1947e+00 -2.7385e+00
109 0 +1.274299029e+02 +2.627599029e+02 +2.627599029e+02 -1.0605e-01 -2.8911e-01 +9.2612e-01 -1.6867e+00 +1.4184e-01 -1.0604e+00 +4.8705e-01 +2.5790e+00 -1.7619e+00 -3.4477e+00
119 0 +9.189696374e+01 +2.272269637e+02 +2.272269637e+02 -3.8789e-01 +4.2791e-02 +1.2366e+00 -2.4519e+00 +2.0359e+00 -1.1027e+00 -6.9278e-02 +2.7965e+00 -2.1356e+00 -3.6975e+00
251 0 +8.728229294e+01 +2.226122929e+02 +2.226122929e+02 -5.4017e-01 -5.6932e-01 +1.5564e-01 -2.8676e+00 +3.7468e+00 +1.2247e+00 -1.4591e+00 +4.2287e+00 -1.7332e+00 -3.1025e+00
255 0 +7.629883863e+01 +2.116288386e+02 +2.116288386e+02 +4.6437e-01 -1.6811e+00 -4.7103e-01 -2.4201e+00 +3.9807e+00 +4.1262e-01 -1.2474e+00 +4.0226e+00 -1.2029e+00 -2.7188e+00
308 0 +7.572808189e+01 +2.110580819e+02 +2.110580819e+02 +7.4652e-01 -1.4664e+00 +2.6223e-01 -2.7595e+00 +4.9697e+00 -8.5575e-01 -1.5220e+00 +4.4182e+00 -2.0258e+00 -2.4441e+00
363 0 +6.164037507e+01 +1.969703751e+02 +1.969703751e+02 +1.6313e+00 -1.7713e+00 +1.0334e+00 -1.9374e+00 +3.1876e+00 -1.3136e-01 -1.0133e+00 +3.6592e+00 -2.2635e+00 -2.3780e+00
457 0 +5.783750384e+01 +1.931675038e+02 +1.931675038e+02 +1.3901e+00 -2.4267e+00 +8.9054e-01 -1.7624e+00 +3.1278e+00 -5.4234e-01 -9.9803e-01 +4.0259e+00 -2.4081e+00 -2.6894e+00
734 0 +4.112909741e+01 +1.764590974e+02 +1.764590974e+02 +1.4688e+00 -1.4972e+00 +3.2520e-01 -1.9926e+00 +2.5589e+00 -5.8693e-01 -4.7724e-01 +3.9763e+00 -2.0911e+00 -2.3354e+00
789 0 +3.668623438e+01 +1.720162344e+02 +1.720162344e+02 +1.5088e+00 -1.6311e+00 +3.3659e-01 -1.9532e+00 +2.4968e+00 -5.9408e-01 -4.7593e-01 +4.0117e+00 -2.1154e+00 -2.3515e+00
803 0 +2.852933555e+01 +1.638593355e+02 +1.638593355e+02 +1.5506e+00 -1.5403e+00 +2.3466e-01 -1.9321e+00 +2.5134e+00 -5.7348e-01 -4.2865e-01 +3.9792e+00 -2.1497e+00 -2.4806e+00
851 0 +2.724050704e+01 +1.625705070e+02 +1.625705070e+02 +1.5551e+00 -1.5095e+00 +2.7526e-01 -1.9672e+00 +2.4776e+00 -6.1439e-01 -4.4278e-01 +3.9861e+00 -2.0593e+00 -2.4060e+00
867 0 +2.665356685e+01 +1.619835669e+02 +1.619835669e+02 +1.5648e+00 -1.5697e+00 +2.5660e-01 -1.9079e+00 +2.5065e+00 -5.7973e-01 -4.2520e-01 +3.9928e+00 -2.0954e+00 -2.4208e+00
887 0 +2.613015035e+01 +1.614601504e+02 +1.614601504e+02 +1.5023e+00 -1.6084e+00 +2.6456e-01 -1.9012e+00 +2.5203e+00 -6.1550e-01 -4.5858e-01 +3.9978e+00 -2.1089e+00 -2.4372e+00
894 0 +2.546129354e+01 +1.607912935e+02 +1.607912935e+02 +1.5503e+00 -1.6692e+00 +2.2721e-01 -1.9420e+00 +2.5594e+00 -6.2694e-01 -4.2686e-01 +4.0111e+00 -2.1208e+00 -2.4699e+00
898 0 +2.465962014e+01 +1.599896201e+02 +1.599896201e+02 +1.5088e+00 -1.6203e+00 +2.5395e-01 -2.0258e+00 +2.5550e+00 -5.4730e-01 -4.3581e-01 +3.9918e+00 -2.0319e+00 -2.4634e+00
900 0 +2.313815609e+01 +1.584681561e+02 +1.584681561e+02 +1.4950e+00 -1.5965e+00 +2.3687e-01 -1.9605e+00 +2.4813e+00 -5.8350e-01 -4.3741e-01 +3.9810e+00 -2.0862e+00 -2.5067e+00
911 0 +2.238830040e+01 +1.577183004e+02 +1.577183004e+02 +1.5151e+00 -1.5673e+00 +1.8550e-01 -2.0133e+00 +2.5064e+00 -5.7269e-01 -4.1124e-01 +3.9792e+00 -2.0456e+00 -2.5132e+00
921 0 +2.135349162e+01 +1.566834916e+02 +1.566834916e+02 +1.5405e+00 -1.5816e+00 +1.9228e-01 -1.9534e+00 +2.4703e+00 -5.8790e-01 -4.3388e-01 +3.9828e+00 -2.0857e+00 -2.4747e+00
971 0 +2.044466361e+01 +1.557746636e+02 +1.557746636e+02 +1.5400e+00 -1.5847e+00 +1.3893e-01 -2.0159e+00 +2.5199e+00 -6.2476e-01 -4.3354e-01 +4.0265e+00 -2.0644e+00 -2.4941e+00
984 0 +1.866406559e+01 +1.539940656e+02 +1.539940656e+02 +1.5586e+00 -1.5315e+00 +1.4663e-01 -2.0084e+00 +2.5661e+00 -6.0067e-01 -4.5634e-01 +3.9990e+00 -2.0706e+00 -2.5078e+00
1010 0 +1.866406559e+01 +1.539940656e+02 +1.539940656e+02 +1.5586e+00 -1.5315e+00 +1.4663e-01 -2.0084e+00 +2.5661e+00 -6.0067e-01 -4.5634e-01 +3.9990e+00 -2.0706e+00 -2.5078e+00
% f evaluations | g evaluations | best noise-free fitness - Fopt (4.066000000000e+01) + sum g_i+ | measured fitness | best measured fitness or single-digit g-values | x1 | x2...
1 0 +3.118994027e+02 +3.525594027e+02 +3.525594027e+02 +5.0716e-01 -1.3978e-01 +9.8461e-03 +1.2226e-01 -2.3668e-01 +6.1969e-04 -2.6712e-04 -5.2644e-01 +3.0531e-01 +1.8016e-01
17 0 +3.085330428e+02 +3.491930428e+02 +3.491930428e+02 +1.3789e-01 -1.7250e-02 -2.0004e-01 +2.5616e-01 +3.3989e-01 -3.3791e-01 -9.1982e-03 -9.4550e-01 +8.4906e-01 -4.3399e-02
18 0 +2.976163130e+02 +3.382763130e+02 +3.382763130e+02 +5.1062e-01 +1.9288e-01 +1.0608e-01 -1.6594e-01 +2.7544e-02 -1.4561e-01 -1.9865e-01 -4.9946e-01 -1.6326e-02 +3.5288e-01
20 0 +2.944644532e+02 +3.351244532e+02 +3.351244532e+02 -3.5946e-01 -4.3156e-01 -3.0723e-01 +4.1957e-01 -1.2425e-01 -8.1222e-01 +1.1130e-01 -5.1140e-01 +3.8042e-01 +5.0445e-01
26 0 +2.843360374e+02 +3.249960374e+02 +3.249960374e+02 -1.3997e-03 +2.5433e-01 -8.3946e-02 +2.8848e-01 +2.5014e-01 -4.8726e-01 +2.7785e-02 -4.9261e-01 +2.2724e-01 +2.6147e-01
30 0 +2.583965368e+02 +2.990565368e+02 +2.990565368e+02 +3.5589e-01 -1.9660e-01 +2.1108e-01 +3.2962e-01 -9.8028e-02 -1.2873e-01 -2.1291e-01 -6.4644e-01 +1.1474e+00 +1.8957e-01
36 0 +2.552798752e+02 +2.959398752e+02 +2.959398752e+02 +1.6678e-01 -5.3338e-01 +3.1754e-01 +3.2437e-01 -2.1894e-01 -1.3798e-01 -1.6941e-01 -1.6468e+00 +2.8994e-01 -2.7742e-01
53 0 +2.339801455e+02 +2.746401455e+02 +2.746401455e+02 +1.0894e+00 -2.0688e-01 +1.5646e-01 +3.9716e-01 +1.4270e-01 +1.6389e-01 -1.0014e-01 -1.2005e+00 +8.0540e-01 +2.4240e-01
63 0 +2.104873464e+02 +2.511473464e+02 +2.511473464e+02 +9.2931e-01 +3.7725e-01 +1.9824e-02 -3.3659e-01 -1.0908e-01 -4.3784e-02 -2.7719e-01 -6.0464e-01 +9.1925e-01 +4.8694e-01
75 0 +2.035147740e+02 +2.441747740e+02 +2.441747740e+02 +7.6290e-01 +5.4548e-01 -2.5716e-01 +8.3950e-01 -6.7052e-01 -7.2083e-02 -9.5455e-01 -1.4140e+00 +1.4082e+00 +9.6176e-01
91 0 +1.786189034e+02 +2.192789034e+02 +2.192789034e+02 +1.0477e+00 +1.1131e+00 +3.4036e-03 +4.4769e-01 +3.1783e-01 +1.4205e-01 -8.4986e-01 -8.2615e-01 +1.4263e+00 +9.3276e-01
104 0 +1.528931694e+02 +1.935531694e+02 +1.935531694e+02 +4.6640e-01 +5.9613e-01 +2.4204e-03 +4.6189e-01 +5.1076e-01 -1.0608e-02 -8.9002e-01 -2.0545e+00 +2.3857e+00 +1.3938e+00
126 0 +1.291168909e+02 +1.697768909e+02 +1.697768909e+02 +1.0253e+00 +8.9897e-01 +5.6439e-01 -4.2095e-01 +1.3546e-01 -1.3987e+00 -1.6769e+00 -2.3861e+00 +2.1295e+00 +1.6538e+00
163 0 +1.196868962e+02 +1.603468962e+02 +1.603468962e+02 +6.6094e-02 +1.7890e-01 +1.1613e+00 -3.1251e+00 +1.0468e+00 -1.0042e-01 -3.0835e+00 -2.8218e+00 +2.8078e+00 +1.5781e+00
177 0 +9.793345438e+01 +1.385934544e+02 +1.385934544e+02 +1.2195e+00 +3.8705e-01 +7.8218e-01 -2.6006e+00 +1.0214e+00 -3.8125e-01 -4.0030e+00 -2.4256e+00 +1.4424e+00 +1.1650e+00
308 0 +9.106866111e+01 +1.317286611e+02 +1.317286611e+02 +2.7972e+00 +6.4679e-01 +4.7323e+00 -4.1475e+00 +1.8610e+00 +4.7397e-01 -3.4397e+00 -2.8824e+00 +2.9804e+00 +2.6024e+00
396 0 +7.490302893e+01 +1.155630289e+02 +1.155630289e+02 +1.9389e+00 -7.0317e-01 +3.2292e+00 -1.9421e+00 +2.3094e+00 +1.6522e+00 -1.9169e+00 -2.9594e+00 +2.9472e+00 +3.3214e+00
563 0 +5.646062966e+01 +9.712062966e+01 +9.712062966e+01 +2.9093e+00 +3.7915e-01 +5.3378e+00 -3.7605e+00 +2.2591e+00 +6.7157e-01 -2.1062e+00 -2.0316e+00 +2.1991e+00 +2.7258e+00
788 0 +4.262498420e+01 +8.328498420e+01 +8.328498420e+01 +2.9200e+00 +1.8928e+00 +4.5892e+00 -3.2843e+00 +1.1705e+00 +5.3253e-01 -2.5791e+00 -2.2083e+00 +2.5042e+00 +2.6509e+00
1010 0 +4.201573523e+01 +8.267573523e+01 +8.267573523e+01 +2.8890e+00 +1.9788e+00 +4.5606e+00 -3.3142e+00 +1.8064e+00 +4.9490e-01 -2.6979e+00 -2.0565e+00 +2.1197e+00 +2.6577e+00
