% f evaluations | g evaluations | best noise-free fitness - Fopt (7.627000000000e+01) + sum g_i+ | measured fitness | best measured fitness or single-digit g-values | x1 | x2...
1 0 +5.281673755e+06 +5.281750025e+06 +5.281750025e+06 +3.0597e-01 +6.5963e-02 -3.0478e-02 -3.0489e-01 +1.5295e-01
2 0 +3.984012506e+06 +3.984088776e+06 +3.984088776e+06 +3.9855e-02 -2.7234e-01 +2.5053e-01 +1.4294e-01 +3.0357e-01
4 0 +2.352782294e+06 +2.352858564e+06 +2.352858564e+06 +1.3444e-01 -4.6314e-01 -4.6867e-02 -4.2351e-01 -1.5536e-01
10 0 +1.892434719e+06 +1.892510989e+06 +1.892510989e+06 +6.1579e-01 -1.0720e+00 -2.8151e-01 -5.0421e-01 +1.1603e-01
17 0 +3.173596621e+05 +3.174359321e+05 +3.174359321e+05 -1.1117e-01 -1.4078e+00 +8.6489e-02 -1.0373e+00 -2.6121e-01
25 0 +8.929781392e+03 +9.006051392e+03 +9.006051392e+03 +7.8996e-02 -1.7284e+00 +6.2184e-01 -1.5053e+00 -4.8324e-01
36 0 +3.693704491e+02 +4.456404491e+02 +4.456404491e+02 +4.9520e-01 -1.8564e+00 +3.5161e-01 -1.2180e+00 -1.4303e+00
38 0 +4.482622996e+01 +1.210962300e+02 +1.210962300e+02 +6.1279e-01 -1.7703e+00 -2.2928e-01 -1.8936e+00 -8.2909e-01
203 0 +1.849677062e+01 +9.476677062e+01 +9.476677062e+01 +2.3248e+00 -2.2730e+00 -8.1668e-01 -1.6701e+00 -1.4311e+00
207 0 +1.770058266e+01 +9.397058266e+01 +9.397058266e+01 +2.3988e+00 -2.3291e+00 -9.4350e-01 -1.6752e+00 -1.4071e+00
254 0 +1.733904209e+01 +9.360904209e+01 +9.360904209e+01 +2.5086e+00 -2.3260e+00 -8.8542e-01 -1.6703e+00 -1.3621e+00
283 0 +1.689104797e+01 +9.316104797e+01 +9.316104797e+01 +2.5052e+00 -2.3292e+00 -8.9749e-01 -1.6681e+00 -1.3922e+00
504 0 +1.684585016e+01 +9.311585016e+01 +9.311585016e+01 +2.5056e+00 -2.3306e+00 -8.9478e-01 -1.6621e+00 -1.4013e+00
% f evaluations | g evaluations | best noise-free fitness - Fopt (-2.255000000000e+01) + sum g_i+ | measured fitness | best measured fitness or single-digit g-values | x1 | x2...
1 0 +1.403536127e+06 +1.403513577e+06 +1.403513577e+06 +4.3581e-01 -3.6206e-01 -5.4829e-02 +2.4797e-02 -2.0383e-02
9 0 +4.646201591e+05 +4.645976091e+05 +4.645976091e+05 +8.9119e-01 -1.3592e-02 +2.8152e-01 -6.0511e-02 +1.0576e-01
17 0 +2.770678904e+05 +2.770453404e+05 +2.770453404e+05 +1.2738e+00 +3.2057e-02 +3.1805e-01 -1.2516e-01 +2.3062e-01
22 0 +2.630968769e+05 +2.630743269e+05 +2.630743269e+05 +1.2183e+00 -2.5284e-01 +1.1686e-01 -1.7596e-02 -1.4531e-02
24 0 +1.246653977e+05 +1.246428477e+05 +1.246428477e+05 +1.2372e+00 -1.3070e-01 +7.4788e-02 -6.4107e-02 -3.5342e-01
28 0 +1.258881881e+04 +1.256626881e+04 +1.256626881e+04 +1.5150e+00 +6.0993e-02 +6.2121e-01 +2.6689e-01 -2.7807e-01
31 0 +3.345793088e+02 +3.120293088e+02 +3.120293088e+02 +1.5240e+00 -1.2266e-01 +2.4323e-01 -2.8624e-01 -5.2568e-01
45 0 +5.841381231e+01 +3.586381231e+01 +3.586381231e+01 +7.5423e-01 -1.0007e-01 -5.5682e-02 +3.8584e-01 -1.5119e+00
109 0 +3.250542164e+01 +9.955421638e+00 +9.955421638e+00 +1.1491e+00 -2.6215e-01 +1.7559e-01 +7.5917e-02 -9.5907e-01
277 0 +3.232289124e+01 +9.772891236e+00 +9.772891236e+00 +1.1696e+00 -4.1031e-01 +2.7973e-01 +6.7931e-02 -8.6979e-01
283 0 +3.157687860e+01 +9.026878601e+00 +9.026878601e+00 +1.1827e+00 -4.0438e-01 +2.9421e-01 +5.3506e-02 -8.4816e-01
504 0 +3.152666456e+01 +8.976664562e+00 +8.976664562e+00 +1.1879e+00 -4.0593e-01 +2.8812e-01 +4.4303e-02 -8.4950e-01
% f evaluations | g evaluations | best noise-free fitness - Fopt (1.366000000000e+01) + sum g_i+ | measured fitness | best measured fitness or single-digit g-values | x1 | x2...
1 0 +6.475853772e+06 +6.475867432e+06 +6.475867432e+06 -4.3864e-01 -1.1863e-01 +1.0513e-01 +2.3560e-01 +6.6011e-02
2 0 +6.026399132e+06 +6.026412792e+06 +6.026412792e+06 +2.2020e-01 +1.9222e-01 +4.8142e-01 +4.2397e-01 +2.9462e-01
6 0 +4.706358404e+06 +4.706372064e+06 +4.706372064e+06 -2.3979e-01 +5.6905e-02 -5.6817e-01 +4.8467e-01 -1.4387e-01
11 0 +2.612877529e+06 +2.612891189e+06 +2.612891189e+06 -4.5057e-01 +2.9903e-01 -4.7056e-01 +7.6410e-01 -1.9818e-01
17 0 +2.141465628e+06 +2.141479288e+06 +2.141479288e+06 -5.0471e-01 +6.1190e-01 -9.8738e-01 +6.6336e-01 -1.3004e-01
18 0 +4.965131826e+05 +4.965268426e+05 +4.965268426e+05 -4.9862e-01 +1.3193e+00 -1.0528e+00 +1.1963e+00 -3.5089e-01
25 0 +1.479965806e+05 +1.480102406e+05 +1.480102406e+05 -1.7111e+00 +1.2143e+00 -1.0191e+00 +2.1347e+00 +1.3348e-01
27 0 +9.312600940e+02 +9.449200940e+02 +9.449200940e+02 -1.1498e+00 +1.0291e+00 -1.8552e+00 +2.2951e+00 -1.1376e+00
111 0 +5.387844917e+02 +5.524444917e+02 +5.524444917e+02 -1.0217e+00 +6.1566e-01 -1.6392e+00 +6.0934e-01 -3.3704e+00
115 0 +5.012312166e+02 +5.148912166e+02 +5.148912166e+02 -6.5844e-01 +7.4715e-01 -1.2198e+00 +4.2995e-01 -3.4542e+00
164 0 +5.328830322e+01 +6.694830322e+01 +6.694830322e+01 -1.4717e+00 +4.3967e-02 -2.8808e+00 +1.3399e+00 -3.5883e+00
169 0 +4.850621551e+01 +6.216621551e+01 +6.216621551e+01 -1.4969e+00 +1.4090e-01 -2.7047e+00 +1.1225e+00 -3.5962e+00
218 0 +4.355972546e+01 +5.721972546e+01 +5.721972546e+01 -1.3270e+00 +6.2542e-02 -2.5702e+00 +1.3032e+00 -3.6599e+00
229 0 +4.154379739e+01 +5.520379739e+01 +5.520379739e+01 -1.2878e+00 +7.9502e-02 -2.5613e+00 +1.1892e+00 -3.7429e+00
504 0 +4.154379739e+01 +5.520379739e+01 +5.520379739e+01 -1.2878e+00 +7.9502e-02 -2.5613e+00 +1.1892e+00 -3.7429e+00
% f evaluations | g evaluations | best noise-free fitness - Fopt (9.378400000000e+02) + sum g_i+ | measured fitness | best measured fitness or single-digit g-values | x1 | x2...
1 0 +9.101435555e+04 +9.195219555e+04 +9.195219555e+04 -2.1770e-01 -1.5605e-01 +8.6371e-03 +2.5922e-01 +2.0720e-01
2 0 +5.393048415e+04 +5.486832415e+04 +5.486832415e+04 +1.4645e-01 +2.3072e-01 +1.1869e-01 -1.2718e-01 +2.3517e-01
3 0 +3.890619894e+03 +4.828459894e+03 +4.828459894e+03 -1.0710e-01 +1.7084e-01 -2.2571e-01 +1.5045e-02 -2.2762e-02
12 0 +1.171753920e+03 +2.109593920e+03 +2.109593920e+03 -1.1740e-01 +6.7158e-01 -2.8543e-01 -1.1836e-02 +3.5972e-02
23 0 +6.084510744e+02 +1.546291074e+03 +1.546291074e+03 -1.6561e-01 +8.7292e-01 -3.1209e-01 +1.4011e-02 +4.9026e-02
36 0 +2.202788840e+02 +1.158118884e+03 +1.158118884e+03 -8.0352e-02 +4.8529e-01 -2.6474e-01 -1.3985e-01 -2.8081e-01
72 0 +3.100122518e+01 +9.688412252e+02 +9.688412252e+02 -8.9425e-02 +5.7563e-01 -2.6159e-01 +3.6391e-02 -3.0279e-02
504 0 +3.100122518e+01 +9.688412252e+02 +9.688412252e+02 -8.9425e-02 +5.7563e-01 -2.6159e-01 +3.6391e-02 -3.0279e-02
% f evaluations | g evaluations | best noise-free fitness - Fopt (-7.872000000000e+01) + sum g_i+ | measured fitness | best measured fitness or single-digit g-values | x1 | x2...
1 0 +1.638222550e+05 +1.637435350e+05 +1.637435350e+05 +2.1344e-01 +4.0041e-01 -3.9361e-01 -3.2955e-01 -1.2909e-02
3 0 +1.506965931e+05 +1.506178731e+05 +1.506178731e+05 -6.2033e-03 -3.3915e-02 +6.3865e-01 +3.9777e-02 +1.7526e-01
4 0 +2.155393504e+03 +2.076673504e+03 +2.076673504e+03 +9.4461e-03 -3.6788e-01 -1.7995e-02 +2.5607e-01 +2.6716e-01
5 0 +1.671550190e+01 -6.200449810e+01 -6.200449810e+01 +5.9117e-01 -3.9393e-04 -2.9035e-01 +3.2178e-01 -3.0179e-01
504 0 +1.671550190e+01 -6.200449810e+01 -6.200449810e+01 +5.9117e-01 -3.9393e-04 -2.9035e-01 +3.2178e-01 -3.0179e-01
% f evaluations | g evaluations | best noise-free fitness - Fopt (-4.151000000000e+01) + sum g_i+ | measured fitness | best measured fitness or single-digit g-values | x1 | x2...
1 0 +6.420908978e+05 +6.420493878e+05 +6.420493878e+05 -2.2844e-01 +1.5901e-01 +8.9459e-02 -6.7597e-02 -3.6128e-01
6 0 +2.986102638e+05 +2.985687538e+05 +2.985687538e+05 -1.1334e-01 +1.5792e-01 +1.6287e-01 -2.6602e-01 +3.1778e-01
7 0 +1.700970904e+05 +1.700555804e+05 +1.700555804e+05 +1.2587e-01 +3.3416e-01 +2.6488e-02 +8.6778e-02 +3.1960e-01
10 0 +4.498913833e+02 +4.083813833e+02 +4.083813833e+02 +4.7602e-01 +5.3944e-01 -3.1592e-01 +1.8473e-01 +5.5003e-01
22 0 +3.657989797e+01 -4.930102028e+00 -4.930102028e+00 +3.3366e-01 +7.0772e-01 -4.5983e-01 +1.1475e-01 +2.0765e-01
89 0 +2.826365079e+01 -1.324634921e+01 -1.324634921e+01 +4.9129e-01 +3.4617e-01 -3.8530e-01 -3.7166e-01 +1.4782e-01
512 0 +2.826365079e+01 -1.324634921e+01 -1.324634921e+01 +4.9129e-01 +3.4617e-01 -3.8530e-01 -3.7166e-01 +1.4782e-01
% f evaluations | g evaluations | best noise-free fitness - Fopt (1.320700000000e+02) + sum g_i+ | measured fitness | best measured fitness or single-digit g-values | x1 | x2...
1 0 +1.200864895e+06 +1.200996965e+06 +1.200996965e+06 -4.5212e-01 +1.2506e-01 +3.3403e-01 +1.2368e-01 -3.5434e-02
3 0 +8.274754832e+05 +8.276075532e+05 +8.276075532e+05 -1.6399e-01 -3.6657e-01 +1.7924e-02 -1.7603e-01 -1.9190e-01
5 0 +1.345505820e+05 +1.346826520e+05 +1.346826520e+05 -3.8946e-01 +6.6727e-02 +1.3313e-01 -6.5679e-01 -9.6289e-02
14 0 +1.027242618e+05 +1.028563318e+05 +1.028563318e+05 -3.9652e-01 +5.5807e-01 +3.8995e-01 -6.3660e-01 +6.6538e-03
18 0 +4.597294116e+03 +4.729364116e+03 +4.729364116e+03 -9.0938e-01 +7.2702e-01 +2.8185e-01 -8.2632e-01 +2.4627e-01
24 0 +4.130266635e+02 +5.450966635e+02 +5.450966635e+02 -2.7512e-01 -6.8529e-02 +3.4731e-01 -1.1204e+00 +2.6323e-01
41 0 +3.986536511e+02 +5.307236511e+02 +5.307236511e+02 -2.6544e-01 -5.2342e-01 -5.8913e-02 -1.1150e+00 +2.9036e-01
58 0 +1.748130619e+02 +3.068830619e+02 +3.068830619e+02 +2.4269e-01 -9.7129e-02 +1.1412e-01 -1.2474e+00 +6.5628e-01
78 0 +8.205698641e+01 +2.141269864e+02 +2.141269864e+02 -5.5018e-02 +1.6770e-01 +3.9436e-01 -1.1339e+00 +2.2958e-01
112 0 +2.954686949e+01 +1.616168695e+02 +1.616168695e+02 -2.4078e-02 +1.1824e-01 +3.7299e-01 -1.1677e+00 +1.1371e-01
182 0 +2.768860973e+01 +1.597586097e+02 +1.597586097e+02 +1.0876e-01 +2.0743e-01 +4.4996e-01 -1.1958e+00 +2.4904e-01
280 0 +2.749524821e+01 +1.595652482e+02 +1.595652482e+02 +1.9738e-01 +2.7491e-01 +4.0861e-01 -1.2044e+00 +3.6645e-01
504 0 +2.742140437e+01 +1.594914044e+02 +1.594914044e+02 +1.9064e-01 +2.6725e-01 +4.1817e-01 -1.2049e+00 +3.5950e-01
% f evaluations | g evaluations | best noise-free fitness - Fopt (9.725000000000e+01) + sum g_i+ | measured fitness | best measured fitness or single-digit g-values | x1 | x2...
1 0 +4.522110983e+06 +4.522208233e+06 +4.522208233e+06 +5.3481e-02 -1.3061e-01 -1.7715e-01 -2.2786e-01 -2.4997e-02
2 0 +3.672879239e+06 +3.672976489e+06 +3.672976489e+06 +1.7989e-02 +8.1258e-02 +5.1179e-02 +2.4983e-02 +1.0589e-01
8 0 +2.588569556e+06 +2.588666806e+06 +2.588666806e+06 +4.4512e-03 +6.2302e-01 -1.8945e-01 +3.1490e-01 -4.4439e-01
10 0 +2.295144709e+06 +2.295241959e+06 +2.295241959e+06 +2.2126e-01 +3.7262e-01 -1.9688e-03 +4.4133e-01 +3.8462e-02
14 0 +2.287187189e+06 +2.287284439e+06 +2.287284439e+06 +4.2658e-01 +6.0527e-01 +3.7859e-02 +3.2838e-01 -3.7818e-01
17 0 +2.034792889e+06 +2.034890139e+06 +2.034890139e+06 +8.1546e-02 +7.2988e-01 +2.7395e-02 +4.3588e-01 -3.4531e-01
18 0 +3.538408961e+05 +3.539381461e+05 +3.539381461e+05 +7.8382e-01 +9.4505e-01 -1.0163e-01 +1.3117e+00 -7.8946e-01
27 0 +1.976303735e+05 +1.977276235e+05 +1.977276235e+05 +1.0301e-01 +1.3030e+00 -1.7254e-01 +1.8881e+00 -1.3465e+00
28 0 +1.444044082e+05 +1.445016582e+05 +1.445016582e+05 +1.4044e-01 +1.6192e+00 -8.7975e-01 +7.5517e-01 -3.5176e-01
33 0 +7.113943476e+04 +7.123668476e+04 +7.123668476e+04 +3.7994e-01 +1.8900e+00 -1.1873e+00 +7.3613e-01 -8.7330e-01
38 0 +2.351628364e+04 +2.361353364e+04 +2.361353364e+04 +1.0518e+00 +1.9359e+00 -1.1622e+00 +1.0681e+00 -7.3885e-01
43 0 +1.154518388e+04 +1.164243388e+04 +1.164243388e+04 +9.5863e-01 +1.0708e+00 -1.1698e+00 +1.4824e+00 -3.3322e-01
66 0 +1.068906651e+02 +2.041406651e+02 +2.041406651e+02 +3.4387e-01 +1.4868e+00 -1.7040e+00 +7.3561e-01 +4.8718e-01
127 0 +2.324214375e+01 +1.204921438e+02 +1.204921438e+02 +3.2298e-01 +1.7751e+00 -1.7300e+00 +8.0101e-01 -1.6782e-01
154 0 +1.634279338e+01 +1.135927934e+02 +1.135927934e+02 +4.1494e-01 +1.4260e+00 -1.9440e+00 +8.4713e-01 +3.2288e-01
170 0 +1.559381414e+01 +1.128438141e+02 +1.128438141e+02 +3.6253e-01 +1.4062e+00 -1.9425e+00 +8.7905e-01 +3.4504e-01
259 0 +1.478583701e+01 +1.120358370e+02 +1.120358370e+02 +4.0795e-01 +1.3933e+00 -1.8700e+00 +9.2235e-01 +3.0372e-01
504 0 +1.478583701e+01 +1.120358370e+02 +1.120358370e+02 +4.0795e-01 +1.3933e+00 -1.8700e+00 +9.2235e-01 +3.0372e-01
% f evaluations | g evaluations | best noise-free fitness - Fopt (-2.033000000000e+01) + sum g_i+ | measured fitness | best measured fitness or single-digit g-values | x1 | x2...
1 0 +1.123542637e+05 +1.123339337e+05 +1.123339337e+05 +1.5482e-01 -5.6267e-01 +3.0297e-01 +1.9407e-01 -4.6218e-01
2 0 +3.638635818e+03 +3.618305818e+03 +3.618305818e+03 +2.1678e-01 -2.4530e-01 +3.8776e-01 +4.4251e-01 +5.4602e-02
16 0 +3.418156097e+03 +3.397826097e+03 +3.397826097e+03 -7.7323e-02 +8.8784e-03 +2.4974e-01 +2.6373e-01 -4.1972e-02
17 0 +7.258659246e+01 +5.225659246e+01 +5.225659246e+01 -2.4170e-01 +3.0484e-01 -4.9524e-02 +9.3890e-02 +8.9294e-02
118 0 +5.991470323e+01 +3.958470323e+01 +3.958470323e+01 -2.1215e-02 -1.4604e-01 -3.3319e-03 -1.6544e-02 +5.1047e-01
120 0 +4.271790196e+01 +2.238790196e+01 +2.238790196e+01 -8.6837e-02 -6.5822e-02 -1.6022e-01 -2.1361e-02 +3.2723e-01
178 0 +4.209281140e+01 +2.176281140e+01 +2.176281140e+01 -1.7398e-01 -6.6748e-02 -1.0978e-01 -1.0977e-01 +4.0135e-01
504 0 +4.188298985e+01 +2.155298985e+01 +2.155298985e+01 -1.8134e-01 -6.7018e-02 -7.5088e-02 -9.0892e-02 +3.7851e-01
% f evaluations | g evaluations | best noise-free fitness - Fopt (9.431000000000e+01) + sum g_i+ | measured fitness | best measured fitness or single-digit g-values | x1 | x2...
1 0 +9.837436230e+05 +9.838379330e+05 +9.838379330e+05 -4.6293e-02 -2.4730e-01 -3.2466e-03 -8.4808e-02 -1.4861e-01
2 0 +9.102712126e+05 +9.103655226e+05 +9.103655226e+05 +2.8117e-02 -3.8628e-01 -2.9006e-01 +7.1941e-02 -3.7739e-02
3 0 +1.492624306e+05 +1.493567406e+05 +1.493567406e+05 -6.0705e-01 -2.7595e-02 -2.1688e-01 -4.1124e-01 +2.4465e-01
6 0 +1.338845953e+05 +1.339789053e+05 +1.339789053e+05 +1.2728e-01 +5.7759e-01 -1.1089e-01 +2.0873e-02 +2.9865e-01
9 0 +1.065691080e+05 +1.066634180e+05 +1.066634180e+05 -5.2176e-01 +1.2077e-01 -4.3308e-01 -1.7264e-01 +5.8251e-02
11 0 +2.888329771e+04 +2.897760771e+04 +2.897760771e+04 -3.1680e-01 +3.5762e-01 -7.2469e-01 -4.2422e-01 +4.9575e-01
15 0 +3.853057439e+03 +3.947367439e+03 +3.947367439e+03 -3.8668e-01 +3.9297e-01 -5.1195e-01 -2.8863e-01 +5.9328e-01
32 0 +3.663781398e+02 +4.606881398e+02 +4.606881398e+02 -2.8688e-01 +4.2542e-01 -2.8356e-01 -4.2141e-01 +5.7690e-01
69 0 +1.305556801e+02 +2.248656801e+02 +2.248656801e+02 +5.4870e-02 -1.1106e-01 -1.3649e+00 -2.1627e-02 +5.4832e-01
78 0 +9.893287584e+01 +1.932428758e+02 +1.932428758e+02 +8.8329e-01 +2.3710e-01 -9.6138e-01 -1.6243e-01 +1.0011e+00
86 0 +7.407143365e+01 +1.683814337e+02 +1.683814337e+02 +4.0884e-01 -2.5187e-01 -9.8376e-01 -4.4136e-01 +1.3075e+00
130 0 +7.163272359e+01 +1.659427236e+02 +1.659427236e+02 +3.3044e-02 -2.8448e-01 -1.1747e+00 -2.0423e-01 +1.0295e+00
185 0 +6.950738036e+01 +1.638173804e+02 +1.638173804e+02 +1.9435e-01 -3.0140e-01 -9.4133e-01 -4.6917e-01 +1.2937e+00
242 0 +6.850512911e+01 +1.628151291e+02 +1.628151291e+02 +8.4098e-02 -3.1086e-01 -9.4894e-01 -3.9982e-01 +1.3045e+00
352 0 +6.752981727e+01 +1.618398173e+02 +1.618398173e+02 +6.4827e-02 -2.8467e-01 -9.6042e-01 -3.4086e-01 +1.2887e+00
504 0 +6.711513353e+01 +1.614251335e+02 +1.614251335e+02 +5.5830e-02 -2.6892e-01 -9.4276e-01 -3.3411e-01 +1.2909e+00
% f evaluations | g evaluations | best noise-free fitness - Fopt (-1.436900000000e+02) + sum g_i+ | measured fitness | best measured fitness or single-digit g-values | x1 | x2...
1 0 +2.713883629e+05 +2.712446729e+05 +2.712446729e+05 -2.4994e-01 +4.0946e-01 -4.3575e-01 +6.6350e-02 +2.0054e-01
2 0 +1.590882212e+05 +1.589445312e+05 +1.589445312e+05 +2.4138e-02 -4.0218e-01 -3.9592e-02 -3.2530e-01 -1.0830e-02
5 0 +4.434214360e+04 +4.419845360e+04 +4.419845360e+04 -1.7394e-01 +8.9193e-02 -4.7491e-01 +3.1450e-01 -1.2999e-02
7 0 +2.442303721e+03 +2.298613721e+03 +2.298613721e+03 -2.1658e-01 -3.5418e-01 +2.0698e-01 -1.7490e-01 -3.0955e-01
12 0 +1.721392788e+03 +1.577702788e+03 +1.577702788e+03 +3.3301e-02 -1.8531e-01 -1.7954e-01 +3.5183e-01 -1.7115e-01
25 0 +4.701425316e+02 +3.264525316e+02 +3.264525316e+02 -6.8622e-02 -2.2492e-01 -9.0382e-02 +1.6425e-02 -3.0021e-01
39 0 +3.221049422e+02 +1.784149422e+02 +1.784149422e+02 -5.4612e-02 -3.2502e-01 -8.7435e-02 +6.8436e-02 -3.0578e-01
41 0 +2.253144424e+02 +8.162444243e+01 +8.162444243e+01 +1.5526e-01 -4.0726e-01 -4.5511e-02 +1.9998e-01 -2.3498e-01
66 0 +1.015960678e+02 -4.209393219e+01 -4.209393219e+01 +1.0709e-01 -3.6688e-01 +3.4643e-02 +1.3399e-01 -2.9013e-01
115 0 +5.004593840e+01 -9.364406160e+01 -9.364406160e+01 +9.8053e-02 -2.9315e-01 +6.7564e-02 +1.1973e-01 -3.0732e-01
131 0 +4.530863016e+01 -9.838136984e+01 -9.838136984e+01 +1.0373e-01 -3.1800e-01 +7.8714e-02 +1.2218e-01 -2.9039e-01
144 0 +2.301435180e+01 -1.206756482e+02 -1.206756482e+02 +1.5840e-01 -2.6279e-01 +1.3341e-01 +9.1025e-02 -3.3215e-01
162 0 +2.064033766e+01 -1.230496623e+02 -1.230496623e+02 +1.7386e-01 -2.7545e-01 +1.6755e-01 +8.8754e-02 -3.2870e-01
170 0 +1.905046242e+01 -1.246395376e+02 -1.246395376e+02 +1.8997e-01 -2.5618e-01 +1.4942e-01 +1.0529e-01 -3.2851e-01
183 0 +1.814261071e+01 -1.255473893e+02 -1.255473893e+02 +1.7896e-01 -2.8255e-01 +1.4479e-01 +1.2954e-01 -3.1508e-01
193 0 +1.724494136e+01 -1.264450586e+02 -1.264450586e+02 +2.2256e-01 -2.7287e-01 +1.6414e-01 +1.0485e-01 -3.3342e-01
208 0 +1.687426472e+01 -1.268157353e+02 -1.268157353e+02 +2.4089e-01 -2.6908e-01 +1.5576e-01 +1.0629e-01 -3.3451e-01
217 0 +1.639874643e+01 -1.272912536e+02 -1.272912536e+02 +2.3083e-01 -2.6003e-01 +1.6995e-01 +9.3256e-02 -3.4115e-01
504 0 +1.639874643e+01 -1.272912536e+02 -1.272912536e+02 +2.3083e-01 -2.6003e-01 +1.6995e-01 +9.3256e-02 -3.4115e-01
% f evaluations | g evaluations | best noise-free fitness - Fopt (-3.533800000000e+02) + sum g_i+ | measured fitness | best measured fitness or single-digit g-values | x1 | x2...
1 0 +1.633842736e+07 +1.633807398e+07 +1.633807398e+07 -1.9589e-02 +1.5508e-01 -1.3727e-01 -3.5280e-01 +3.3506e-01
13 0 +1.433963830e+07 +1.433928492e+07 +1.433928492e+07 +9.1310e-02 +6.2515e-01 +4.5582e-01 -5.6783e-01 +1.7421e-01
14 0 +1.181490407e+07 +1.181455069e+07 +1.181455069e+07 -4.3522e-02 +4.0025e-01 -6.0406e-02 -1.2022e+00 +2.4617e-01
20 0 +1.014849259e+07 +1.014813921e+07 +1.014813921e+07 -2.6246e-01 +8.5317e-01 +4.1453e-02 -1.2638e+00 +1.7602e-01
24 0 +8.487642677e+06 +8.487289297e+06 +8.487289297e+06 +3.3331e-01 +9.3116e-01 +1.0628e-01 -2.0467e+00 +3.6186e-01
25 0 +6.018329521e+06 +6.017976141e+06 +6.017976141e+06 +2.3709e-01 +5.1531e-01 -2.5587e-01 -2.6904e+00 +7.5440e-01
27 0 +5.542932016e+06 +5.542578636e+06 +5.542578636e+06 -1.7612e-01 +5.0467e-02 -2.4493e-01 -2.6040e+00 +6.8537e-01
33 0 +4.704938795e+06 +4.704585415e+06 +4.704585415e+06 +8.4555e-01 +4.3939e-01 -7.1555e-01 -3.6141e+00 +1.4293e+00
44 0 +3.205131188e+06 +3.204777808e+06 +3.204777808e+06 +8.5386e-01 -5.6058e-01 +3.4374e-01 -4.6922e+00 +4.6192e-01
45 0 +1.086662885e+05 +1.083129085e+05 +1.083129085e+05 +1.7329e+00 +1.3621e+00 -4.9691e-02 -6.4782e+00 +2.1320e+00
68 0 +8.299990526e+04 +8.264652526e+04 +8.264652526e+04 -8.0514e-01 -7.8760e-02 +8.6450e-01 -4.9575e+00 +5.5682e-01
69 0 +5.317307292e+04 +5.281969292e+04 +5.281969292e+04 +1.2908e+00 +1.9620e+00 -1.0899e+00 -7.0929e+00 +1.3300e+00
99 0 +2.531341560e+04 +2.496003560e+04 +2.496003560e+04 +7.8615e-01 +2.8381e+00 -4.3103e-01 -7.0675e+00 +8.1811e-01
100 0 +3.092233102e+03 +2.738853102e+03 +2.738853102e+03 +2.9081e+00 +3.7531e+00 -2.1782e-01 -9.3880e+00 -5.2644e-01
158 0 +4.223701866e+02 +6.899018655e+01 +6.899018655e+01 -5.2604e-01 +3.0244e+00 -8.6269e-01 -7.1470e+00 -1.5130e+00
174 0 +3.952037646e+02 +4.182376456e+01 +4.182376456e+01 +1.1654e+00 +4.4845e+00 +5.0813e-01 -7.9540e+00 -1.8131e+00
199 0 +2.834832393e+02 -6.989676070e+01 -6.989676070e+01 +1.8009e+00 +4.0626e+00 -1.3022e+00 -8.2891e+00 +2.8447e-01
203 0 +9.948568590e+01 -2.538943141e+02 -2.538943141e+02 +1.1399e+00 +4.1851e+00 -1.1551e+00 -7.8580e+00 -2.1105e-01
302 0 +8.810725948e+01 -2.652727405e+02 -2.652727405e+02 +7.6928e-01 +3.5920e+00 -1.1218e+00 -7.5533e+00 -1.1551e-01
307 0 +8.614520120e+01 -2.672347988e+02 -2.672347988e+02 +6.4822e-01 +3.5094e+00 -1.1428e+00 -7.4835e+00 -1.4048e-01
504 0 +8.614520120e+01 -2.672347988e+02 -2.672347988e+02 +6.4822e-01 +3.5094e+00 -1.1428e+00 -7.4835e+00 -1.4048e-01
% f evaluations | g evaluations | best noise-free fitness - Fopt (-2.910000000000e+00) + sum g_i+ | measured fitness | best measured fitness or single-digit g-values | x1 | x2...
1 0 +2.363196897e+07 +2.363196606e+07 +2.363196606e+07 +1.1293e-01 -4.9922e-01 -4.8882e-02 -3.4728e-01 +1.5150e-01
3 0 +2.165355844e+07 +2.165355553e+07 +2.165355553e+07 -5.5843e-01 -2.2233e-01 +4.0673e-01 -4.3954e-01 -2.2953e-02
6 0 +2.096474569e+07 +2.096474278e+07 +2.096474278e+07 +2.7854e-01 -9.6010e-03 +4.6190e-02 +7.7928e-02 -1.2956e-01
7 0 +1.956170097e+07 +1.956169806e+07 +1.956169806e+07 -4.6535e-02 +4.1834e-01 +2.3087e-01 +4.4581e-02 -1.2841e-01
9 0 +1.726054640e+07 +1.726054349e+07 +1.726054349e+07 +3.7453e-01 +2.5970e-01 +3.8882e-01 +4.4119e-01 -5.0165e-01
10 0 +1.691526538e+07 +1.691526247e+07 +1.691526247e+07 +5.0514e-01 +7.2570e-01 +2.8275e-01 -4.4492e-01 -3.1737e-01
18 0 +1.319639074e+07 +1.319638783e+07 +1.319638783e+07 +7.0865e-01 +3.8389e-01 +8.2019e-01 -3.7298e-01 -6.5598e-01
27 0 +7.355183939e+06 +7.355181029e+06 +7.355181029e+06 +9.3764e-01 +1.5700e+00 +1.2380e+00 -6.2812e-01 -1.0301e+00
33 0 +6.416928297e+06 +6.416925387e+06 +6.416925387e+06 +1.4959e+00 +2.4273e+00 +9.2886e-01 -5.6836e-01 -6.9542e-01
41 0 +4.249984521e+06 +4.249981611e+06 +4.249981611e+06 +2.7421e+00 +2.5272e+00 +9.9750e-01 -1.2169e+00 -1.3870e+00
49 0 +2.682602929e+06 +2.682600019e+06 +2.682600019e+06 +1.8701e+00 +1.6871e+00 +2.3584e+00 -1.0425e+00 -5.8197e-01
51 0 +2.568805551e+05 +2.568776451e+05 +2.568776451e+05 +2.7386e+00 +2.1908e+00 +2.7483e+00 -1.4493e+00 -3.0019e+00
62 0 +6.416937307e+04 +6.416646307e+04 +6.416646307e+04 +3.7815e+00 +4.5398e+00 +2.3581e+00 -2.1498e+00 -3.3255e+00
74 0 +1.458312695e+03 +1.455402695e+03 +1.455402695e+03 +2.8348e+00 +3.5940e+00 +2.8076e+00 -1.3317e+00 -2.3175e+00
162 0 +6.322340740e+02 +6.293240740e+02 +6.293240740e+02 +4.9658e+00 +4.9885e+00 +1.5217e+00 -4.5293e+00 -3.3728e+00
195 0 +5.905799400e+02 +5.876699400e+02 +5.876699400e+02 +4.9171e+00 +5.7253e+00 +1.3972e+00 -5.6521e+00 -2.7512e+00
213 0 +3.785397122e+02 +3.756297122e+02 +3.756297122e+02 +5.0839e+00 +5.4261e+00 +1.5046e+00 -5.7537e+00 -2.6041e+00
228 0 +9.123048977e+01 +8.832048977e+01 +8.832048977e+01 +5.0046e+00 +5.7366e+00 +1.4096e+00 -5.7664e+00 -2.6098e+00
233 0 +8.875886044e+01 +8.584886044e+01 +8.584886044e+01 +4.9922e+00 +5.7191e+00 +1.4137e+00 -5.6166e+00 -2.5968e+00
239 0 +6.932813291e+01 +6.641813291e+01 +6.641813291e+01 +4.9670e+00 +5.6191e+00 +1.4528e+00 -5.5848e+00 -2.6328e+00
253 0 +6.077975137e+01 +5.786975137e+01 +5.786975137e+01 +5.0222e+00 +5.5824e+00 +1.4514e+00 -5.6051e+00 -2.5352e+00
288 0 +5.990079642e+01 +5.699079642e+01 +5.699079642e+01 +5.0313e+00 +5.5316e+00 +1.4582e+00 -5.6126e+00 -2.5941e+00
504 0 +5.930756554e+01 +5.639756554e+01 +5.639756554e+01 +5.0395e+00 +5.5523e+00 +1.4505e+00 -5.6335e+00 -2.5855e+00
% f evaluations | g evaluations | best noise-free fitness - Fopt (-2.970000000000e+00) + sum g_i+ | measured fitness | best measured fitness or single-digit g-values | x1 | x2...
1 0 +2.559326509e+06 +2.559323539e+06 +2.559323539e+06 -1.6515e-01 -5.8906e-01 +4.8004e-01 -3.5439e-02 -8.3351e-02
13 0 +1.224053018e+06 +1.224050048e+06 +1.224050048e+06 +7.0083e-02 -5.6434e-01 +2.4956e-01 -6.4174e-01 -4.9462e-01
22 0 +4.462915801e+05 +4.462886101e+05 +4.462886101e+05 +1.9659e-01 -9.9129e-01 +2.3414e-01 -5.8536e-01 -5.6655e-01
31 0 +2.087585257e+05 +2.087555557e+05 +2.087555557e+05 +6.6957e-01 -9.0406e-01 -3.2294e-01 -8.0499e-01 -8.1487e-01
33 0 +5.069923599e+04 +5.069626599e+04 +5.069626599e+04 +3.0919e-01 -1.3382e+00 -9.3162e-01 -7.1557e-01 -1.4700e+00
47 0 +4.692722602e+04 +4.692425602e+04 +4.692425602e+04 +8.5985e-01 -9.1786e-01 -7.5906e-01 -1.7329e+00 -1.5457e+00
54 0 +4.240031085e+04 +4.239734085e+04 +4.239734085e+04 +3.2290e-01 -2.2428e+00 -1.8676e+00 -1.3307e+00 -7.6956e-02
58 0 +4.339116944e+02 +4.309416944e+02 +4.309416944e+02 +4.9029e-01 -1.3465e+00 -7.3281e-01 -2.9250e+00 -9.2260e-01
79 0 +5.272397075e+01 +4.975397075e+01 +4.975397075e+01 +7.5304e-01 -1.6013e+00 +1.0751e+00 -3.7857e+00 -6.5520e-01
236 0 +5.168773311e+01 +4.871773311e+01 +4.871773311e+01 -1.0235e+00 -1.5311e+00 +4.1078e-01 -2.3588e+00 -1.4001e+00
244 0 +4.556979253e+01 +4.259979253e+01 +4.259979253e+01 -7.5161e-01 -1.4406e+00 +2.1098e-01 -2.1361e+00 -1.3887e+00
504 0 +4.531355680e+01 +4.234355680e+01 +4.234355680e+01 -7.6191e-01 -1.4711e+00 +1.3922e-01 -2.0893e+00 -1.3700e+00
% f evaluations | g evaluations | best noise-free fitness - Fopt (2.996300000000e+02) + sum g_i+ | measured fitness | best measured fitness or single-digit g-values | x1 | x2...
1 0 +1.280718428e+05 +1.283714728e+05 +1.283714728e+05 -9.6518e-03 +4.5405e-01 -8.4247e-02 -1.3982e-01 +7.7193e-03
3 0 +8.929210554e+04 +8.959173554e+04 +8.959173554e+04 -1.5221e-01 +3.9713e-01 -1.7061e-01 +2.1351e-01 -4.8056e-02
14 0 +2.073745179e+02 +5.070045179e+02 +5.070045179e+02 +3.4189e-01 +4.8127e-01 -7.7757e-02 +4.5622e-01 -3.8297e-01
19 0 +1.698870510e+02 +4.695170510e+02 +4.695170510e+02 +7.2064e-02 +5.3686e-01 +2.4710e-01 +6.7108e-01 -1.1003e-01
65 0 +3.382156815e+01 +3.334515682e+02 +3.334515682e+02 +9.2688e-02 +7.0451e-01 -5.4814e-01 -8.4925e-02 -3.5934e-01
80 0 +3.133318791e+01 +3.309631879e+02 +3.309631879e+02 -2.7753e-01 +7.0822e-01 -4.5305e-01 +1.6074e-01 -4.1907e-01
167 0 +2.818307872e+01 +3.278130787e+02 +3.278130787e+02 -8.0906e-01 +7.4706e-01 -1.2262e+00 +5.7125e-02 -1.5942e-01
252 0 +2.725472093e+01 +3.268847209e+02 +3.268847209e+02 -5.4819e-01 +7.2779e-01 -1.2082e+00 -2.7638e-02 -6.2513e-02
504 0 +2.725472093e+01 +3.268847209e+02 +3.268847209e+02 -5.4819e-01 +7.2779e-01 -1.2082e+00 -2.7638e-02 -6.2513e-02
