% f evaluations | g evaluations | best noise-free fitness - Fopt (6.870000000000e+00) + sum g_i+ | measured fitness | best measured fitness or single-digit g-values | x1 | x2...
1 0 +1.565280198e+01 +2.252280198e+01 +2.252280198e+01 -2.1150e-01 +5.9570e-01 +1.7642e-02 +3.2207e-01 +3.9832e-01 -5.1016e-01 -2.8947e-02 +7.6681e-02 -1.9382e-01 -2.4680e-01
2 0 +6.791562657e+00 +1.366156266e+01 +1.366156266e+01 +2.7823e-01 +2.5172e-01 -3.2546e-01 -4.1917e-01 -2.1934e-01 +4.8042e-01 -1.4941e-01 +9.8672e-02 +2.6646e-01 +2.3291e-01
3 0 +6.358956394e+00 +1.322895639e+01 +1.322895639e+01 -1.5276e-01 +1.7580e-01 +3.6150e-03 -2.8083e-01 -3.8178e-01 -3.7483e-01 +4.3518e-01 +3.9423e-01 +3.1181e-01 -2.7480e-01
14 0 +5.323081408e+00 +1.219308141e+01 +1.219308141e+01 -3.2845e-01 -1.3159e-01 -2.1308e-01 -2.5304e-01 -5.6307e-01 +9.3313e-02 +3.3133e-01 -1.0641e-01 +1.7230e-01 -1.4758e-01
20 0 +4.606021599e+00 +1.147602160e+01 +1.147602160e+01 +2.6261e-01 +5.6831e-03 +2.3672e-01 -4.4441e-01 +1.2312e-01 +1.4424e-01 -1.2579e-02 +2.1462e-01 +5.8242e-01 +1.7667e-02
139 0 +4.257372326e+00 +1.112737233e+01 +1.112737233e+01 +5.5387e-01 +1.6283e-01 +8.0269e-01 -5.8052e-01 -6.6409e-01 -3.9989e-01 -1.8572e-01 +2.2794e-01 +1.4368e-01 -4.7576e-02
323 0 +2.674153581e+00 +9.544153581e+00 +9.544153581e+00 +1.3703e-01 +4.2434e-01 +9.4316e-01 -4.2689e-01 -8.2685e-01 -3.3240e-01 -4.0099e-01 +2.2638e-01 +2.6165e-01 +2.8825e-01
491 0 +2.473982519e+00 +9.343982519e+00 +9.343982519e+00 +1.0176e-01 +3.5162e-01 +7.7335e-01 -4.8941e-01 -5.7259e-01 -3.1363e-01 -4.4713e-01 +2.3647e-01 +3.3081e-01 +1.2149e-01
497 0 +2.291442538e+00 +9.161442538e+00 +9.161442538e+00 +1.0807e-01 +3.4005e-01 +7.5289e-01 -5.1687e-01 -5.5154e-01 -3.3227e-01 -4.6271e-01 +2.3341e-01 +3.2773e-01 +1.0122e-01
564 0 +2.223228263e+00 +9.093228263e+00 +9.093228263e+00 +1.0742e-01 +3.3049e-01 +7.5380e-01 -5.0184e-01 -5.6347e-01 -3.2674e-01 -4.6394e-01 +2.1548e-01 +3.1628e-01 +1.1640e-01
587 0 +1.988198105e+00 +8.858198105e+00 +8.858198105e+00 +1.1414e-01 +3.4338e-01 +7.7207e-01 -5.0888e-01 -5.8726e-01 -3.5176e-01 -4.7343e-01 +2.1048e-01 +3.3176e-01 +1.2774e-01
594 0 +1.680215081e+00 +8.550215081e+00 +8.550215081e+00 +1.1849e-01 +3.5367e-01 +7.7743e-01 -5.1189e-01 -5.9918e-01 -3.5658e-01 -4.7705e-01 +2.1109e-01 +3.3858e-01 +1.2558e-01
642 0 +1.151115895e+00 +8.021115895e+00 +8.021115895e+00 +1.2487e-01 +3.4157e-01 +7.7785e-01 -5.0157e-01 -6.0050e-01 -3.5410e-01 -4.6895e-01 +2.1126e-01 +3.2954e-01 +1.3597e-01
666 0 +1.123021594e+00 +7.993021594e+00 +7.993021594e+00 +1.2581e-01 +3.3988e-01 +7.7830e-01 -5.0544e-01 -6.0214e-01 -3.6129e-01 -4.6975e-01 +2.1489e-01 +3.2751e-01 +1.3124e-01
682 0 +8.271667943e-01 +7.697166794e+00 +7.697166794e+00 +1.2239e-01 +3.3637e-01 +7.7405e-01 -5.0344e-01 -6.0236e-01 -3.6380e-01 -4.6404e-01 +2.1883e-01 +3.2307e-01 +1.2822e-01
701 0 +7.295853456e-01 +7.599585346e+00 +7.599585346e+00 +1.2242e-01 +3.3809e-01 +7.7215e-01 -5.0561e-01 -6.0108e-01 -3.6004e-01 -4.6509e-01 +2.1901e-01 +3.2599e-01 +1.2432e-01
754 0 +6.678856615e-01 +7.537885662e+00 +7.537885662e+00 +1.2332e-01 +3.3767e-01 +7.7384e-01 -5.0461e-01 -6.0047e-01 -3.5918e-01 -4.6492e-01 +2.2166e-01 +3.2619e-01 +1.2509e-01
766 0 +6.585811776e-01 +7.528581178e+00 +7.528581178e+00 +1.2142e-01 +3.3709e-01 +7.7399e-01 -5.0531e-01 -5.9992e-01 -3.5957e-01 -4.6357e-01 +2.2130e-01 +3.2689e-01 +1.2329e-01
780 0 +5.735015606e-01 +7.443501561e+00 +7.443501561e+00 +1.2131e-01 +3.3725e-01 +7.7271e-01 -5.0498e-01 -5.9944e-01 -3.5925e-01 -4.6416e-01 +2.2075e-01 +3.2621e-01 +1.2232e-01
810 0 +5.595628830e-01 +7.429562883e+00 +7.429562883e+00 +1.2216e-01 +3.3699e-01 +7.7259e-01 -5.0497e-01 -5.9970e-01 -3.5889e-01 -4.6444e-01 +2.2156e-01 +3.2724e-01 +1.2292e-01
822 0 +5.344986772e-01 +7.404498677e+00 +7.404498677e+00 +1.2235e-01 +3.3701e-01 +7.7221e-01 -5.0522e-01 -5.9907e-01 -3.5926e-01 -4.6472e-01 +2.2076e-01 +3.2675e-01 +1.2288e-01
865 0 +5.237077991e-01 +7.393707799e+00 +7.393707799e+00 +1.2309e-01 +3.3700e-01 +7.7239e-01 -5.0554e-01 -5.9985e-01 -3.5960e-01 -4.6488e-01 +2.2084e-01 +3.2680e-01 +1.2305e-01
889 0 +4.992207911e-01 +7.369220791e+00 +7.369220791e+00 +1.2291e-01 +3.3709e-01 +7.7256e-01 -5.0516e-01 -5.9964e-01 -3.5995e-01 -4.6507e-01 +2.2070e-01 +3.2692e-01 +1.2340e-01
945 0 +4.879469696e-01 +7.357946970e+00 +7.357946970e+00 +1.2271e-01 +3.3701e-01 +7.7241e-01 -5.0523e-01 -5.9996e-01 -3.6006e-01 -4.6479e-01 +2.2053e-01 +3.2683e-01 +1.2331e-01
1000 0 +4.791960477e-01 +7.349196048e+00 +7.349196048e+00 +1.2286e-01 +3.3709e-01 +7.7249e-01 -5.0528e-01 -6.0009e-01 -3.6008e-01 -4.6481e-01 +2.2065e-01 +3.2679e-01 +1.2341e-01
% f evaluations | g evaluations | best noise-free fitness - Fopt (1.000000000000e-02) + sum g_i+ | measured fitness | best measured fitness or single-digit g-values | x1 | x2...
1 0 +2.643746559e+01 +2.644746559e+01 +2.644746559e+01 +3.0123e-01 -9.6384e-02 -2.5430e-03 +1.0703e-01 +3.7774e-01 +2.4724e-01 +2.1709e-01 -2.9696e-01 +1.2950e-01 -1.2422e-01
2 0 +1.245855414e+01 +1.246855414e+01 +1.246855414e+01 -2.5636e-01 -6.1742e-02 +1.0173e-01 +8.6278e-02 -9.9682e-02 +7.5199e-01 -9.6141e-02 +7.0744e-03 -2.0201e-01 -1.8564e-01
21 0 +1.054105068e+01 +1.055105068e+01 +1.055105068e+01 +3.6121e-01 +4.6187e-01 +9.2718e-02 +3.5257e-01 +3.6087e-01 -3.9991e-02 -8.3755e-03 -3.9808e-03 +2.5633e-01 -3.1859e-01
22 0 +7.570066372e+00 +7.580066372e+00 +7.580066372e+00 -2.1965e-01 +4.0268e-01 -1.0790e-02 +2.8299e-01 -4.5955e-01 +1.9853e-01 -5.5000e-02 -1.1676e-01 +4.8115e-01 +4.5192e-02
27 0 +7.253314059e+00 +7.263314059e+00 +7.263314059e+00 +3.5621e-02 +8.4037e-02 -2.8628e-01 +6.8650e-01 +3.9771e-01 +2.5960e-01 +3.8330e-01 +3.5697e-01 +1.8476e-01 -2.7440e-02
35 0 +5.816932468e+00 +5.826932468e+00 +5.826932468e+00 -4.5308e-01 +5.0711e-01 +1.4447e-01 +1.1835e-01 +8.0051e-02 +5.2583e-01 +1.2383e-01 +3.3695e-01 -8.5713e-02 +4.8230e-01
82 0 +5.439036015e+00 +5.449036015e+00 +5.449036015e+00 -3.1196e-01 +5.9656e-01 -1.7059e-01 +1.7581e-02 -1.6065e-01 +5.1889e-01 -8.2769e-01 -4.1819e-01 +6.4561e-01 +9.0037e-02
133 0 +4.953369834e+00 +4.963369834e+00 +4.963369834e+00 -9.8508e-01 +7.1009e-01 -7.4779e-01 +8.3897e-02 -7.4993e-02 +3.5470e-01 -3.4345e-01 -3.8953e-01 +6.6413e-01 +3.1004e-01
182 0 +4.407955121e+00 +4.417955121e+00 +4.417955121e+00 -6.8677e-01 +1.1731e+00 -3.5966e-01 +6.3947e-02 +4.7864e-02 +1.9519e-01 -5.3918e-01 -1.1815e-01 +9.0363e-01 +4.1789e-01
256 0 +4.199661393e+00 +4.209661393e+00 +4.209661393e+00 -6.4337e-01 +1.0034e+00 -4.3930e-01 -1.6761e-01 +1.1191e-01 +3.6901e-01 -5.1668e-01 -2.5468e-01 +1.0127e+00 +2.1836e-01
290 0 +3.558726959e+00 +3.568726959e+00 +3.568726959e+00 -6.9186e-01 +1.1093e+00 -3.8312e-01 -1.4172e-01 +2.8014e-01 +3.9854e-01 -6.0460e-01 -1.5757e-01 +1.1052e+00 +1.4166e-01
430 0 +3.437855258e+00 +3.447855258e+00 +3.447855258e+00 -1.0175e+00 +1.1425e+00 -4.5502e-01 -6.7480e-02 +4.3585e-01 +4.9960e-01 -6.8063e-01 -1.7940e-01 +1.1923e+00 +2.8332e-02
516 0 +2.065273745e+00 +2.075273745e+00 +2.075273745e+00 -9.9892e-01 +1.0887e+00 -3.6265e-01 -1.4349e-01 +4.6009e-01 +4.2335e-01 -6.5393e-01 -2.6270e-01 +1.0914e+00 +1.2384e-01
610 0 +1.997359138e+00 +2.007359138e+00 +2.007359138e+00 -9.8585e-01 +1.0742e+00 -3.8280e-01 -1.8161e-01 +4.3849e-01 +4.2697e-01 -7.0192e-01 -2.6063e-01 +1.0874e+00 +7.6134e-02
624 0 +1.964280379e+00 +1.974280379e+00 +1.974280379e+00 -9.8692e-01 +1.0768e+00 -3.8132e-01 -1.7684e-01 +4.3735e-01 +4.2180e-01 -6.8533e-01 -2.6929e-01 +1.0972e+00 +8.7146e-02
630 0 +1.728953274e+00 +1.738953274e+00 +1.738953274e+00 -9.6827e-01 +1.0718e+00 -3.8105e-01 -1.8108e-01 +4.5251e-01 +4.2036e-01 -6.7744e-01 -2.5759e-01 +1.0948e+00 +6.4008e-02
653 0 +1.626439024e+00 +1.636439024e+00 +1.636439024e+00 -9.6862e-01 +1.0774e+00 -3.7467e-01 -1.8667e-01 +4.5019e-01 +4.1681e-01 -6.7807e-01 -2.7446e-01 +1.0905e+00 +9.1307e-02
660 0 +1.616321681e+00 +1.626321681e+00 +1.626321681e+00 -9.6763e-01 +1.0695e+00 -3.8442e-01 -1.7990e-01 +4.4100e-01 +4.2924e-01 -6.7184e-01 -2.5691e-01 +1.0969e+00 +7.0060e-02
661 0 +1.228576107e+00 +1.238576107e+00 +1.238576107e+00 -9.6804e-01 +1.0687e+00 -3.7454e-01 -1.7414e-01 +4.5042e-01 +4.3758e-01 -6.6811e-01 -2.6254e-01 +1.0890e+00 +8.0778e-02
670 0 +1.139102061e+00 +1.149102061e+00 +1.149102061e+00 -9.6438e-01 +1.0746e+00 -3.8171e-01 -1.7879e-01 +4.4486e-01 +4.2672e-01 -6.7408e-01 -2.6100e-01 +1.0944e+00 +7.6124e-02
685 0 +1.115884416e+00 +1.125884416e+00 +1.125884416e+00 -9.6146e-01 +1.0699e+00 -3.8030e-01 -1.7799e-01 +4.3614e-01 +4.2752e-01 -6.7122e-01 -2.6426e-01 +1.0951e+00 +7.4820e-02
686 0 +8.583099477e-01 +8.683099477e-01 +8.683099477e-01 -9.6313e-01 +1.0672e+00 -3.8039e-01 -1.7322e-01 +4.4246e-01 +4.3654e-01 -6.6983e-01 -2.6206e-01 +1.0944e+00 +7.7653e-02
772 0 +8.278936112e-01 +8.378936112e-01 +8.378936112e-01 -9.6031e-01 +1.0721e+00 -3.7992e-01 -1.7492e-01 +4.4232e-01 +4.3183e-01 -6.7391e-01 -2.6322e-01 +1.0928e+00 +7.2096e-02
796 0 +8.032837984e-01 +8.132837984e-01 +8.132837984e-01 -9.5716e-01 +1.0716e+00 -3.7770e-01 -1.7748e-01 +4.4341e-01 +4.3159e-01 -6.7426e-01 -2.6380e-01 +1.0921e+00 +7.0601e-02
798 0 +7.486206382e-01 +7.586206382e-01 +7.586206382e-01 -9.5796e-01 +1.0713e+00 -3.7827e-01 -1.7776e-01 +4.4341e-01 +4.3041e-01 -6.7498e-01 -2.6446e-01 +1.0920e+00 +7.1062e-02
815 0 +7.010808245e-01 +7.110808245e-01 +7.110808245e-01 -9.5851e-01 +1.0712e+00 -3.7980e-01 -1.7736e-01 +4.4193e-01 +4.3082e-01 -6.7558e-01 -2.6575e-01 +1.0925e+00 +7.1808e-02
823 0 +6.848817548e-01 +6.948817548e-01 +6.948817548e-01 -9.5818e-01 +1.0707e+00 -3.7914e-01 -1.7765e-01 +4.4247e-01 +4.3063e-01 -6.7688e-01 -2.6649e-01 +1.0918e+00 +7.1839e-02
824 0 +6.378764706e-01 +6.478764706e-01 +6.478764706e-01 -9.5767e-01 +1.0707e+00 -3.7993e-01 -1.7606e-01 +4.4171e-01 +4.3135e-01 -6.7525e-01 -2.6483e-01 +1.0926e+00 +7.2096e-02
836 0 +6.095609423e-01 +6.195609423e-01 +6.195609423e-01 -9.5808e-01 +1.0704e+00 -3.7975e-01 -1.7694e-01 +4.4246e-01 +4.3142e-01 -6.7568e-01 -2.6559e-01 +1.0919e+00 +7.1494e-02
845 0 +5.829875815e-01 +5.929875815e-01 +5.929875815e-01 -9.5731e-01 +1.0704e+00 -3.7907e-01 -1.7704e-01 +4.4209e-01 +4.3083e-01 -6.7615e-01 -2.6595e-01 +1.0920e+00 +7.1182e-02
868 0 +5.727688781e-01 +5.827688781e-01 +5.827688781e-01 -9.5719e-01 +1.0702e+00 -3.7881e-01 -1.7667e-01 +4.4222e-01 +4.3066e-01 -6.7609e-01 -2.6595e-01 +1.0920e+00 +7.1940e-02
897 0 +5.350760836e-01 +5.450760836e-01 +5.450760836e-01 -9.5720e-01 +1.0709e+00 -3.7868e-01 -1.7770e-01 +4.4239e-01 +4.3043e-01 -6.7678e-01 -2.6599e-01 +1.0915e+00 +7.1919e-02
906 0 +5.166113558e-01 +5.266113558e-01 +5.266113558e-01 -9.5704e-01 +1.0707e+00 -3.7890e-01 -1.7689e-01 +4.4263e-01 +4.3096e-01 -6.7617e-01 -2.6581e-01 +1.0914e+00 +7.1930e-02
926 0 +4.905182562e-01 +5.005182562e-01 +5.005182562e-01 -9.5694e-01 +1.0711e+00 -3.7886e-01 -1.7693e-01 +4.4229e-01 +4.3069e-01 -6.7649e-01 -2.6570e-01 +1.0915e+00 +7.1880e-02
978 0 +4.892997341e-01 +4.992997341e-01 +4.992997341e-01 -9.5701e-01 +1.0708e+00 -3.7897e-01 -1.7692e-01 +4.4240e-01 +4.3090e-01 -6.7645e-01 -2.6574e-01 +1.0915e+00 +7.1598e-02
1000 0 +4.854783608e-01 +4.954783608e-01 +4.954783608e-01 -9.5701e-01 +1.0709e+00 -3.7882e-01 -1.7702e-01 +4.4240e-01 +4.3079e-01 -6.7653e-01 -2.6577e-01 +1.0914e+00 +7.1735e-02
% f evaluations | g evaluations | best noise-free fitness - Fopt (-1.306100000000e+02) + sum g_i+ | measured fitness | best measured fitness or single-digit g-values | x1 | x2...
1 0 +1.097222144e+01 -1.196377786e+02 -1.196377786e+02 -2.6822e-01 -3.6591e-02 -1.1137e-01 +3.4440e-01 +1.2872e-01 +2.6072e-01 -2.7752e-01 -1.2366e-01 +1.1077e-01 +3.1295e-01
9 0 +9.148518566e+00 -1.214614814e+02 -1.214614814e+02 -3.5250e-01 -8.7740e-02 +9.9407e-02 -2.7660e-01 +1.2098e-01 +7.8004e-02 -1.9715e-01 +6.9539e-02 +1.3513e-01 -9.0477e-02
11 0 +4.896310867e+00 -1.257136891e+02 -1.257136891e+02 -4.6975e-01 +1.7473e-01 -7.4305e-02 +2.7538e-01 -3.7653e-02 -9.2312e-02 +1.6239e-01 +2.9729e-01 -2.3858e-01 +1.8952e-01
245 0 +4.383498652e+00 -1.262265013e+02 -1.262265013e+02 -6.3860e-01 -3.5433e-01 +2.6039e-01 -4.3808e-03 +6.8792e-01 +1.3868e-01 -1.4356e-01 -8.4992e-01 +4.5910e-01 +1.3993e-01
300 0 +2.809061035e+00 -1.278009390e+02 -1.278009390e+02 -6.3909e-01 -3.8410e-01 +4.3590e-01 -1.2514e-01 +3.3624e-01 +3.2764e-05 -1.3247e-01 -7.0575e-01 +5.8259e-01 +9.9800e-03
636 0 +2.665850985e+00 -1.279441490e+02 -1.279441490e+02 -3.9259e-01 -2.5988e-01 +3.7442e-01 +3.3413e-02 +1.7139e-01 -7.2037e-03 +8.1374e-02 -2.6810e-01 +5.6093e-01 +2.7952e-01
712 0 +2.300290253e+00 -1.283097097e+02 -1.283097097e+02 -3.8935e-01 -2.4410e-01 +3.6879e-01 +1.2864e-02 +9.1608e-02 -8.0794e-03 +1.0438e-01 -2.6417e-01 +5.5381e-01 +3.0243e-01
737 0 +1.569016008e+00 -1.290409840e+02 -1.290409840e+02 -3.8146e-01 -2.4311e-01 +3.7438e-01 +1.1455e-02 +9.9260e-02 +1.0240e-02 +1.0883e-01 -2.6372e-01 +5.6430e-01 +3.0122e-01
743 0 +1.342920464e+00 -1.292670795e+02 -1.292670795e+02 -3.8174e-01 -2.4870e-01 +3.6420e-01 +8.2292e-03 +1.0651e-01 +2.3815e-03 +1.0101e-01 -2.5808e-01 +5.6004e-01 +3.0423e-01
774 0 +1.009933459e+00 -1.296000665e+02 -1.296000665e+02 -3.8871e-01 -2.5407e-01 +3.7091e-01 +5.2347e-03 +1.0763e-01 -1.1313e-03 +1.0013e-01 -2.7039e-01 +5.6056e-01 +2.9820e-01
781 0 +9.232293675e-01 -1.296867706e+02 -1.296867706e+02 -3.8897e-01 -2.4698e-01 +3.7112e-01 +4.4129e-03 +1.1404e-01 +2.4484e-03 +1.0064e-01 -2.6399e-01 +5.5940e-01 +3.0218e-01
817 0 +7.480821919e-01 -1.298619178e+02 -1.298619178e+02 -3.8709e-01 -2.5051e-01 +3.7286e-01 +4.7878e-03 +1.1549e-01 +4.1669e-03 +9.8164e-02 -2.6757e-01 +5.6289e-01 +3.0354e-01
864 0 +6.989133133e-01 -1.299110867e+02 -1.299110867e+02 -3.8574e-01 -2.4857e-01 +3.7248e-01 +3.4790e-03 +1.1925e-01 +2.6135e-03 +1.0015e-01 -2.7163e-01 +5.6928e-01 +2.9874e-01
902 0 +6.451433109e-01 -1.299648567e+02 -1.299648567e+02 -3.8649e-01 -2.4846e-01 +3.7085e-01 +3.9545e-03 +1.1580e-01 +1.7100e-03 +1.0124e-01 -2.7083e-01 +5.6631e-01 +2.9840e-01
939 0 +5.655109342e-01 -1.300444891e+02 -1.300444891e+02 -3.8675e-01 -2.4978e-01 +3.7137e-01 +3.8660e-03 +1.1615e-01 -1.2533e-04 +9.9342e-02 -2.7165e-01 +5.6634e-01 +2.9817e-01
956 0 +5.262596240e-01 -1.300837404e+02 -1.300837404e+02 -3.8695e-01 -2.4968e-01 +3.7225e-01 +2.7716e-03 +1.1780e-01 +4.4776e-04 +9.9270e-02 -2.7304e-01 +5.6753e-01 +2.9859e-01
980 0 +5.232449414e-01 -1.300867551e+02 -1.300867551e+02 -3.8691e-01 -2.4956e-01 +3.7151e-01 +3.1094e-03 +1.1698e-01 +2.9305e-04 +9.9426e-02 -2.7311e-01 +5.6776e-01 +2.9850e-01
989 0 +5.119155574e-01 -1.300980844e+02 -1.300980844e+02 -3.8631e-01 -2.5024e-01 +3.7178e-01 +3.2958e-03 +1.1692e-01 +3.1153e-04 +9.9259e-02 -2.7331e-01 +5.6781e-01 +2.9889e-01
996 0 +4.627534206e-01 -1.301472466e+02 -1.301472466e+02 -3.8663e-01 -2.5049e-01 +3.7192e-01 +2.7288e-03 +1.1742e-01 +2.8185e-04 +9.8801e-02 -2.7396e-01 +5.6827e-01 +2.9903e-01
1000 0 +4.627534206e-01 -1.301472466e+02 -1.301472466e+02 -3.8663e-01 -2.5049e-01 +3.7192e-01 +2.7288e-03 +1.1742e-01 +2.8185e-04 +9.8801e-02 -2.7396e-01 +5.6827e-01 +2.9903e-01
% f evaluations | g evaluations | best noise-free fitness - Fopt (-2.231200000000e+02) + sum g_i+ | measured fitness | best measured fitness or single-digit g-values | x1 | x2...
1 0 +8.221646397e+00 -2.148983536e+02 -2.148983536e+02 +5.1068e-01 -3.7016e-01 -2.1015e-03 +3.7969e-01 +1.2963e-01 -7.2950e-02 -1.3047e-01 -4.2051e-02 -2.0513e-01 +8.0193e-02
13 0 +5.790347720e+00 -2.173296523e+02 -2.173296523e+02 -3.8979e-01 -1.5750e-01 +2.6282e-01 +4.8099e-01 -3.2207e-01 +7.8602e-02 +3.1093e-01 -4.8830e-01 -3.2105e-01 -4.5894e-01
25 0 +5.176381851e+00 -2.179436181e+02 -2.179436181e+02 -3.5340e-01 +3.0420e-01 +1.2260e-01 +3.2282e-01 -2.0944e-02 -4.7078e-02 +6.2618e-01 -4.7943e-01 -2.6157e-01 -2.7234e-01
30 0 +4.935978575e+00 -2.181840214e+02 -2.181840214e+02 -3.6418e-02 -4.9419e-01 -2.3372e-02 -6.0455e-02 -3.4190e-01 +1.9864e-01 +2.9054e-01 +5.0911e-01 -3.5977e-01 -1.8646e-01
81 0 +3.894112347e+00 -2.192258877e+02 -2.192258877e+02 -4.1307e-01 -1.3420e+00 +1.1188e-02 +5.9355e-01 +2.1723e-01 -2.9729e-01 +1.6636e-01 +2.1618e-01 +8.8092e-01 -4.3090e-01
93 0 +3.861899778e+00 -2.192581002e+02 -2.192581002e+02 -7.5482e-01 -6.5352e-01 -1.9526e-01 +5.4904e-01 +1.9581e-01 -2.0351e-01 +4.0327e-01 -2.2468e-02 +1.0781e+00 -5.5051e-01
335 0 +3.043973435e+00 -2.200760266e+02 -2.200760266e+02 -8.1414e-01 -7.2751e-01 -6.6093e-01 +1.1940e+00 +4.8117e-01 -8.9692e-01 -2.5746e-01 +2.9673e-01 +1.0953e+00 +3.8067e-02
434 0 +2.966597313e+00 -2.201534027e+02 -2.201534027e+02 -1.1379e+00 -1.5619e-01 -5.5190e-01 +1.3677e+00 +1.2488e-01 -6.0299e-01 -1.1358e-01 +2.0859e-01 +8.5227e-01 +1.8062e-01
703 0 +2.303356654e+00 -2.208166433e+02 -2.208166433e+02 -1.1971e+00 -6.1662e-01 -7.6991e-01 +1.0473e+00 +1.7178e-01 -6.7525e-01 +1.7917e-01 +4.9452e-01 +1.0180e+00 +1.3512e-01
720 0 +1.935833169e+00 -2.211841668e+02 -2.211841668e+02 -1.1829e+00 -6.2039e-01 -7.4373e-01 +1.0587e+00 +1.8584e-01 -6.7372e-01 +1.6744e-01 +4.8902e-01 +1.0013e+00 +1.2406e-01
862 0 +1.889718745e+00 -2.212302813e+02 -2.212302813e+02 -1.1760e+00 -6.1714e-01 -7.4786e-01 +1.0303e+00 +1.7940e-01 -6.5807e-01 +1.7771e-01 +4.9452e-01 +1.0008e+00 +1.4882e-01
878 0 +1.754965044e+00 -2.213650350e+02 -2.213650350e+02 -1.1767e+00 -6.1979e-01 -7.5099e-01 +1.0316e+00 +1.7751e-01 -6.5749e-01 +1.7546e-01 +4.9416e-01 +1.0005e+00 +1.5103e-01
879 0 +1.696161598e+00 -2.214238384e+02 -2.214238384e+02 -1.1771e+00 -6.1561e-01 -7.4832e-01 +1.0304e+00 +1.8104e-01 -6.5841e-01 +1.7503e-01 +4.9332e-01 +9.9845e-01 +1.4596e-01
880 0 +1.631272549e+00 -2.214887275e+02 -2.214887275e+02 -1.1813e+00 -6.1592e-01 -7.5058e-01 +1.0360e+00 +1.7989e-01 -6.5875e-01 +1.7267e-01 +4.9627e-01 +1.0038e+00 +1.4664e-01
925 0 +1.598782858e+00 -2.215212171e+02 -2.215212171e+02 -1.1765e+00 -6.1837e-01 -7.5054e-01 +1.0324e+00 +1.8087e-01 -6.5906e-01 +1.7580e-01 +4.9635e-01 +1.0032e+00 +1.4976e-01
942 0 +1.563226757e+00 -2.215567732e+02 -2.215567732e+02 -1.1781e+00 -6.1517e-01 -7.4889e-01 +1.0341e+00 +1.8137e-01 -6.5908e-01 +1.7483e-01 +4.9581e-01 +1.0055e+00 +1.4789e-01
963 0 +1.541255731e+00 -2.215787443e+02 -2.215787443e+02 -1.1772e+00 -6.1667e-01 -7.4944e-01 +1.0316e+00 +1.8161e-01 -6.5987e-01 +1.7644e-01 +4.9676e-01 +1.0019e+00 +1.4707e-01
964 0 +1.498645123e+00 -2.216213549e+02 -2.216213549e+02 -1.1780e+00 -6.1588e-01 -7.4851e-01 +1.0318e+00 +1.8097e-01 -6.5934e-01 +1.7521e-01 +4.9662e-01 +1.0032e+00 +1.4834e-01
969 0 +1.262808219e+00 -2.218571918e+02 -2.218571918e+02 -1.1793e+00 -6.1689e-01 -7.4977e-01 +1.0337e+00 +1.8085e-01 -6.6140e-01 +1.7584e-01 +4.9683e-01 +1.0037e+00 +1.4761e-01
996 0 +1.038585221e+00 -2.220814148e+02 -2.220814148e+02 -1.1789e+00 -6.1684e-01 -7.4934e-01 +1.0330e+00 +1.8045e-01 -6.5844e-01 +1.7623e-01 +4.9673e-01 +1.0030e+00 +1.4807e-01
1000 0 +1.038585221e+00 -2.220814148e+02 -2.220814148e+02 -1.1789e+00 -6.1684e-01 -7.4934e-01 +1.0330e+00 +1.8045e-01 -6.5844e-01 +1.7623e-01 +4.9673e-01 +1.0030e+00 +1.4807e-01
% f evaluations | g evaluations | best noise-free fitness - Fopt (-4.443000000000e+01) + sum g_i+ | measured fitness | best measured fitness or single-digit g-values | x1 | x2...
1 0 +1.481118567e+01 -2.961881433e+01 -2.961881433e+01 +1.5276e-02 -1.0703e-01 -1.5841e-02 +4.7881e-02 -2.1630e-01 +2.7265e-01 -2.4380e-01 +1.5276e-01 -3.4583e-01 +2.7002e-01
4 0 +6.672078564e+00 -3.775792144e+01 -3.775792144e+01 -5.7896e-02 -3.7315e-01 -9.1445e-02 -4.2067e-01 -1.8523e-01 +2.8914e-01 -1.1609e-01 +1.8821e-02 +1.6037e-01 -1.6402e-01
12 0 +3.662856212e+00 -4.076714379e+01 -4.076714379e+01 -2.9360e-01 -6.0349e-01 +3.9169e-01 +1.1516e-01 -1.5456e-01 +4.2558e-01 +4.7606e-01 -8.8185e-02 -5.1260e-02 +1.3812e-01
600 0 +2.715472733e+00 -4.171452727e+01 -4.171452727e+01 -1.6899e+00 +5.7337e-01 -2.7304e-01 +6.1743e-02 -6.9559e-01 -9.4234e-01 +1.5687e+00 -1.5615e+00 -1.6226e+00 +6.4602e-01
636 0 +1.533086510e+00 -4.289691349e+01 -4.289691349e+01 -1.7642e+00 +4.8978e-01 -2.1949e-01 +2.9960e-02 -6.8770e-01 -9.4757e-01 +1.5896e+00 -1.5565e+00 -1.5621e+00 +6.9565e-01
815 0 +1.508826437e+00 -4.292117356e+01 -4.292117356e+01 -1.7485e+00 +4.9664e-01 -2.2578e-01 +4.9268e-02 -6.8077e-01 -9.7579e-01 +1.6017e+00 -1.5626e+00 -1.5759e+00 +7.1916e-01
832 0 +1.299343281e+00 -4.313065672e+01 -4.313065672e+01 -1.7492e+00 +4.9792e-01 -2.2643e-01 +5.2199e-02 -6.8168e-01 -9.7567e-01 +1.6044e+00 -1.5643e+00 -1.5781e+00 +7.1773e-01
842 0 +1.255475162e+00 -4.317452484e+01 -4.317452484e+01 -1.7440e+00 +5.0257e-01 -2.2452e-01 +5.0189e-02 -6.8071e-01 -9.7564e-01 +1.6049e+00 -1.5649e+00 -1.5796e+00 +7.1220e-01
870 0 +1.227850285e+00 -4.320214972e+01 -4.320214972e+01 -1.7455e+00 +4.9898e-01 -2.2714e-01 +5.0542e-02 -6.8065e-01 -9.7719e-01 +1.6043e+00 -1.5638e+00 -1.5803e+00 +7.1498e-01
874 0 +1.135985567e+00 -4.329401443e+01 -4.329401443e+01 -1.7419e+00 +5.0065e-01 -2.2772e-01 +5.0975e-02 -6.8048e-01 -9.7605e-01 +1.6025e+00 -1.5633e+00 -1.5811e+00 +7.1233e-01
875 0 +1.060086065e+00 -4.336991393e+01 -4.336991393e+01 -1.7448e+00 +5.0009e-01 -2.2657e-01 +5.2200e-02 -6.8199e-01 -9.7592e-01 +1.6047e+00 -1.5638e+00 -1.5790e+00 +7.1282e-01
886 0 +9.660798799e-01 -4.346392012e+01 -4.346392012e+01 -1.7418e+00 +5.0025e-01 -2.2672e-01 +5.1435e-02 -6.8049e-01 -9.7601e-01 +1.6049e+00 -1.5632e+00 -1.5801e+00 +7.1298e-01
973 0 +9.540604213e-01 -4.347593958e+01 -4.347593958e+01 -1.7426e+00 +5.0001e-01 -2.2656e-01 +5.2167e-02 -6.8143e-01 -9.7573e-01 +1.6049e+00 -1.5634e+00 -1.5794e+00 +7.1334e-01
989 0 +9.229150380e-01 -4.350708496e+01 -4.350708496e+01 -1.7424e+00 +5.0021e-01 -2.2634e-01 +5.1942e-02 -6.8158e-01 -9.7548e-01 +1.6049e+00 -1.5633e+00 -1.5796e+00 +7.1293e-01
1000 0 +9.229150380e-01 -4.350708496e+01 -4.350708496e+01 -1.7424e+00 +5.0021e-01 -2.2634e-01 +5.1942e-02 -6.8158e-01 -9.7548e-01 +1.6049e+00 -1.5633e+00 -1.5796e+00 +7.1293e-01
% f evaluations | g evaluations | best noise-free fitness - Fopt (2.557800000000e+02) + sum g_i+ | measured fitness | best measured fitness or single-digit g-values | x1 | x2...
1 0 +1.134283873e+01 +2.671228387e+02 +2.671228387e+02 +2.5290e-02 +6.1216e-01 -4.2257e-01 +1.0082e-01 +1.6326e-01 -9.4782e-02 +4.4783e-03 -1.6098e-01 +2.0083e-01 +2.5115e-01
7 0 +1.107065896e+01 +2.668506590e+02 +2.668506590e+02 +3.4767e-01 -3.7854e-01 +2.3011e-01 +3.4692e-01 -2.8824e-01 +7.9088e-02 -5.0343e-02 +4.3874e-01 -4.6640e-02 -2.3924e-01
10 0 +7.159752377e+00 +2.629397524e+02 +2.629397524e+02 +3.8052e-01 -4.5449e-01 -1.6522e-01 +3.0630e-01 +1.4023e-01 +3.3695e-01 +1.5739e-01 -1.8006e-01 +4.4846e-01 +3.0034e-01
14 0 +6.649373285e+00 +2.624293733e+02 +2.624293733e+02 +7.3005e-02 -3.0925e-01 +1.7736e-01 +4.0566e-01 +1.9306e-01 -1.1539e-02 -1.6536e-01 +2.3650e-02 +4.3838e-01 -2.7855e-01
26 0 +5.581819780e+00 +2.613618198e+02 +2.613618198e+02 +1.0245e-01 -9.5207e-02 +1.9511e-01 +4.7154e-02 +6.4155e-01 +5.0217e-01 -6.6195e-01 +4.5623e-02 +1.7475e-01 -5.2622e-01
55 0 +5.317266787e+00 +2.610972668e+02 +2.610972668e+02 +1.0909e-01 -2.5305e-01 +2.3433e-01 +3.2994e-01 +8.1813e-01 +5.8316e-02 -3.1167e-01 +6.6506e-01 +5.6532e-01 -7.2618e-02
86 0 +4.655994385e+00 +2.604359944e+02 +2.604359944e+02 -2.2503e-01 -6.6047e-01 -4.6590e-01 +4.1008e-02 +9.7853e-01 +3.8417e-01 -3.9671e-01 +8.9995e-01 +5.3351e-01 -3.9651e-01
109 0 +4.387261974e+00 +2.601672620e+02 +2.601672620e+02 -6.0444e-01 -6.3085e-01 -2.1411e-01 +9.3747e-02 +7.6500e-01 +2.9756e-01 -6.3785e-02 +6.0868e-01 +2.4998e-01 -3.0983e-01
131 0 +4.091042993e+00 +2.598710430e+02 +2.598710430e+02 -5.6889e-01 -2.8607e-01 +3.5792e-02 -2.6141e-01 +1.2445e+00 +5.3326e-01 -4.2516e-01 +1.4193e-01 +2.2238e-01 +2.3414e-01
305 0 +2.752554741e+00 +2.585325547e+02 +2.585325547e+02 -9.6871e-01 -3.5713e-01 +5.4463e-02 +2.7592e-01 +7.6790e-01 +6.4229e-01 -3.1794e-01 -1.0363e-01 +5.8805e-01 -9.4655e-02
355 0 +1.794960124e+00 +2.575749601e+02 +2.575749601e+02 -1.2022e+00 -5.3625e-01 +1.0642e-01 +2.1596e-01 +6.0928e-01 +7.3036e-01 -4.8402e-01 -1.3869e-01 +4.2396e-01 +1.3193e-01
758 0 +1.647807349e+00 +2.574278073e+02 +2.574278073e+02 -1.3791e+00 -4.8539e-01 +2.4686e-01 +5.9409e-01 +1.0997e+00 +4.4868e-01 -7.0164e-01 +3.6455e-01 +5.4718e-01 -4.2417e-01
789 0 +1.454281370e+00 +2.572342814e+02 +2.572342814e+02 -1.3822e+00 -4.7941e-01 +2.4555e-01 +5.8636e-01 +1.0948e+00 +4.5760e-01 -6.9628e-01 +3.5014e-01 +5.4735e-01 -4.1290e-01
791 0 +1.302042164e+00 +2.570820422e+02 +2.570820422e+02 -1.3783e+00 -4.7502e-01 +2.5267e-01 +5.9188e-01 +1.0905e+00 +4.5232e-01 -7.0105e-01 +3.6183e-01 +5.4590e-01 -4.1332e-01
812 0 +9.658220839e-01 +2.567458221e+02 +2.567458221e+02 -1.3726e+00 -4.7658e-01 +2.4754e-01 +5.8756e-01 +1.0874e+00 +4.5130e-01 -7.0024e-01 +3.5938e-01 +5.4414e-01 -4.0707e-01
827 0 +8.337028495e-01 +2.566137028e+02 +2.566137028e+02 -1.3687e+00 -4.7454e-01 +2.4692e-01 +5.8464e-01 +1.0927e+00 +4.5155e-01 -6.9258e-01 +3.6232e-01 +5.4473e-01 -4.0415e-01
897 0 +6.585864109e-01 +2.564385864e+02 +2.564385864e+02 -1.3687e+00 -4.7406e-01 +2.5131e-01 +5.8541e-01 +1.0907e+00 +4.4745e-01 -6.9117e-01 +3.5813e-01 +5.4201e-01 -4.0310e-01
949 0 +6.427918095e-01 +2.564227918e+02 +2.564227918e+02 -1.3671e+00 -4.7489e-01 +2.5333e-01 +5.8507e-01 +1.0897e+00 +4.4648e-01 -6.9106e-01 +3.5803e-01 +5.4224e-01 -4.0250e-01
962 0 +6.286562375e-01 +2.564086562e+02 +2.564086562e+02 -1.3668e+00 -4.7514e-01 +2.5331e-01 +5.8495e-01 +1.0890e+00 +4.4596e-01 -6.9206e-01 +3.5888e-01 +5.4139e-01 -4.0325e-01
966 0 +5.847920801e-01 +2.563647921e+02 +2.563647921e+02 -1.3658e+00 -4.7510e-01 +2.5326e-01 +5.8548e-01 +1.0897e+00 +4.4682e-01 -6.9165e-01 +3.5821e-01 +5.4157e-01 -4.0255e-01
973 0 +5.705306440e-01 +2.563505306e+02 +2.563505306e+02 -1.3661e+00 -4.7460e-01 +2.5357e-01 +5.8551e-01 +1.0902e+00 +4.4622e-01 -6.9145e-01 +3.5874e-01 +5.4163e-01 -4.0316e-01
990 0 +5.484489840e-01 +2.563284490e+02 +2.563284490e+02 -1.3652e+00 -4.7358e-01 +2.5423e-01 +5.8564e-01 +1.0900e+00 +4.4633e-01 -6.9089e-01 +3.5841e-01 +5.4075e-01 -4.0235e-01
1000 0 +5.484489840e-01 +2.563284490e+02 +2.563284490e+02 -1.3652e+00 -4.7358e-01 +2.5423e-01 +5.8564e-01 +1.0900e+00 +4.4633e-01 -6.9089e-01 +3.5841e-01 +5.4075e-01 -4.0235e-01
% f evaluations | g evaluations | best noise-free fitness - Fopt (1.000000000000e+03) + sum g_i+ | measured fitness | best measured fitness or single-digit g-values | x1 | x2...
1 0 +1.585991925e+01 +1.015859919e+03 +1.015859919e+03 +1.2322e-01 +5.9415e-01 +1.4471e-01 +2.6302e-01 +7.4465e-02 +2.5772e-01 -1.4151e-01 -1.5976e-01 -3.0245e-01 -1.2393e-01
2 0 +7.421072808e+00 +1.007421073e+03 +1.007421073e+03 +1.1177e+00 +1.6692e-01 +4.5526e-02 -2.6487e-01 +7.3050e-03 -1.5574e-01 -1.4843e-01 -3.3693e-01 +9.8874e-02 -4.8458e-01
17 0 +5.691975058e+00 +1.005691975e+03 +1.005691975e+03 +7.9039e-01 +2.0530e-01 +5.0408e-02 +2.0043e-01 -4.1904e-02 -4.9483e-01 -1.7681e-01 -2.7773e-01 -5.8345e-02 +4.1573e-01
23 0 +5.349030152e+00 +1.005349030e+03 +1.005349030e+03 +5.8318e-01 +1.0346e-01 +1.2625e-01 +4.8048e-01 +3.0174e-01 -4.5865e-01 -1.9357e-01 -3.0555e-01 -4.2725e-01 +3.8636e-01
28 0 +3.869240405e+00 +1.003869240e+03 +1.003869240e+03 +6.1044e-01 +1.5141e-01 -1.6790e-01 -1.3697e-01 +4.7201e-01 -6.9695e-01 +8.3960e-02 -3.5773e-02 +1.7938e-01 +8.6484e-02
127 0 +3.593259813e+00 +1.003593260e+03 +1.003593260e+03 +1.5438e+00 +6.5489e-01 +1.9950e-01 -5.4240e-01 -2.5769e-01 -1.1108e+00 -3.7404e-01 +1.5509e+00 +1.3599e+00 -1.1792e+00
148 0 +3.045923431e+00 +1.003045923e+03 +1.003045923e+03 +7.9712e-01 +6.9325e-01 -5.7769e-01 -2.8128e-01 -1.6417e-01 -1.5045e+00 +5.2910e-02 +1.4786e+00 +1.3930e+00 -8.8437e-01
519 0 +2.966254362e+00 +1.002966254e+03 +1.002966254e+03 +1.0327e+00 -6.6782e-01 -1.4295e+00 +2.3471e+00 -1.1534e+00 -2.8901e-01 -7.8339e-01 +2.4581e+00 +3.7639e-01 -1.0244e+00
792 0 +2.614159988e+00 +1.002614160e+03 +1.002614160e+03 +1.1575e+00 -6.5177e-01 -1.3113e+00 +2.4547e+00 -1.1142e+00 -3.9992e-01 -8.2444e-01 +2.4264e+00 +4.3330e-01 -1.1128e+00
814 0 +1.700222206e+00 +1.001700222e+03 +1.001700222e+03 +1.1666e+00 -6.4491e-01 -1.3062e+00 +2.4468e+00 -1.1075e+00 -4.0985e-01 -8.2781e-01 +2.4237e+00 +4.3569e-01 -1.1274e+00
963 0 +1.678282071e+00 +1.001678282e+03 +1.001678282e+03 +1.1621e+00 -6.4699e-01 -1.3087e+00 +2.4439e+00 -1.1075e+00 -4.1115e-01 -8.2357e-01 +2.4316e+00 +4.3552e-01 -1.1197e+00
965 0 +1.641176403e+00 +1.001641176e+03 +1.001641176e+03 +1.1645e+00 -6.4716e-01 -1.3072e+00 +2.4464e+00 -1.1098e+00 -4.1106e-01 -8.2399e-01 +2.4326e+00 +4.3414e-01 -1.1203e+00
985 0 +1.616694304e+00 +1.001616694e+03 +1.001616694e+03 +1.1611e+00 -6.4731e-01 -1.3091e+00 +2.4448e+00 -1.1103e+00 -4.1077e-01 -8.2400e-01 +2.4317e+00 +4.3602e-01 -1.1206e+00
1000 0 +1.615747747e+00 +1.001615748e+03 +1.001615748e+03 +1.1627e+00 -6.4659e-01 -1.3085e+00 +2.4457e+00 -1.1101e+00 -4.1093e-01 -8.2418e-01 +2.4323e+00 +4.3485e-01 -1.1206e+00
% f evaluations | g evaluations | best noise-free fitness - Fopt (-1.869500000000e+02) + sum g_i+ | measured fitness | best measured fitness or single-digit g-values | x1 | x2...
1 0 +2.034651757e+01 -1.666034824e+02 -1.666034824e+02 -2.9152e-01 -1.6270e-01 -5.5381e-01 -1.6187e-01 +3.7324e-01 -1.9458e-01 +1.9513e-01 +1.1589e-01 +6.9837e-02 -2.5673e-02
2 0 +1.413227102e+01 -1.728177290e+02 -1.728177290e+02 +1.6822e-02 +2.1536e-01 -3.4383e-02 -8.0558e-01 -1.0647e-02 -9.5540e-02 -5.3922e-01 -6.2935e-01 +1.4604e-02 +3.2901e-01
4 0 +1.142322461e+01 -1.755267754e+02 -1.755267754e+02 -5.2686e-01 +1.0526e-01 +1.7807e-01 -1.5465e-01 +1.8972e-01 +1.2173e-01 +2.1298e-01 -2.8178e-02 +4.1452e-01 +7.9324e-02
9 0 +7.827307434e+00 -1.791226926e+02 -1.791226926e+02 +5.5825e-01 -4.7645e-01 +6.2072e-01 +2.4511e-01 +2.2489e-01 -5.1043e-02 -2.8673e-02 +1.1472e-01 -6.0038e-01 -5.6565e-01
14 0 +4.963495911e+00 -1.819865041e+02 -1.819865041e+02 +2.5060e-01 +1.4083e-01 +7.4972e-02 +3.0089e-01 +5.3761e-01 -8.1889e-02 +3.0463e-03 -4.3932e-01 +1.7741e-01 +3.1795e-01
15 0 +4.351748405e+00 -1.825982516e+02 -1.825982516e+02 +1.8700e-04 -3.8374e-01 -4.3647e-02 -2.4494e-01 -1.1885e-01 +5.0228e-01 -5.5931e-01 -2.1152e-01 -1.5980e-01 +2.5750e-03
123 0 +3.128413379e+00 -1.838215866e+02 -1.838215866e+02 -6.5684e-01 -1.7278e-02 -5.9868e-01 +3.1726e-01 +4.2276e-01 +8.5128e-02 +1.6602e-01 -5.6093e-03 +5.8123e-01 +6.2812e-01
852 0 +2.933746383e+00 -1.840162536e+02 -1.840162536e+02 -5.4557e-01 -4.3771e-01 -5.0766e-01 +1.1302e+00 +1.0117e+00 -4.5423e-01 +1.8735e-01 +9.7869e-02 -7.3523e-01 +1.2249e-01
1010 0 +2.933746383e+00 -1.840162536e+02 -1.840162536e+02 -5.4557e-01 -4.3771e-01 -5.0766e-01 +1.1302e+00 +1.0117e+00 -4.5423e-01 +1.8735e-01 +9.7869e-02 -7.3523e-01 +1.2249e-01
% f evaluations | g evaluations | best noise-free fitness - Fopt (5.859500000000e+02) + sum g_i+ | measured fitness | best measured fitness or single-digit g-values | x1 | x2...
1 0 +9.898985362e+00 +5.958489854e+02 +5.958489854e+02 +2.5562e-01 -1.3836e-02 +4.1057e-02 +2.2660e-01 +1.1545e-01 +4.5427e-01 -9.2181e-02 +1.6267e-01 +1.3829e-02 -3.2843e-01
6 0 +9.446916020e+00 +5.953969160e+02 +5.953969160e+02 -1.8034e-02 +4.7723e-01 -5.0440e-01 -6.2260e-01 +8.3057e-02 -2.6028e-01 -3.6877e-01 -5.4797e-01 -3.0001e-01 +2.1244e-01
13 0 +4.865641029e+00 +5.908156410e+02 +5.908156410e+02 -1.2417e-03 -1.7685e-01 -3.0656e-01 +4.7168e-01 +2.2330e-01 -3.0230e-01 +3.5414e-01 +5.3635e-02 +3.3838e-01 +1.4424e-01
16 0 +4.430711587e+00 +5.903807116e+02 +5.903807116e+02 +1.3012e-01 -1.3279e-01 -1.8250e-01 -3.6166e-01 +2.2664e-02 +3.8892e-01 -6.6269e-01 -3.0683e-01 -4.3116e-01 +1.6992e-01
84 0 +3.722088235e+00 +5.896720882e+02 +5.896720882e+02 -8.1275e-02 -5.2880e-01 -2.1345e-01 +3.7623e-02 +4.4782e-01 +3.0194e-01 +4.1410e-01 +2.5009e-01 -1.8701e-01 +3.3909e-01
194 0 +2.511242491e+00 +5.884612425e+02 +5.884612425e+02 -1.7001e-01 +2.9627e-01 -1.3261e-01 +4.2964e-01 -1.2953e-01 +1.8287e-01 +2.2419e-01 +1.0172e-01 -2.3664e-01 +4.8376e-01
220 0 +2.148070886e+00 +5.880980709e+02 +5.880980709e+02 -7.8381e-02 -1.9497e-01 +1.3232e-01 +3.8828e-01 +1.7189e-01 +5.2725e-01 +3.0893e-01 +2.0085e-01 -2.2807e-01 +3.0721e-01
1000 0 +2.148070886e+00 +5.880980709e+02 +5.880980709e+02 -7.8381e-02 -1.9497e-01 +1.3232e-01 +3.8828e-01 +1.7189e-01 +5.2725e-01 +3.0893e-01 +2.0085e-01 -2.2807e-01 +3.0721e-01
% f evaluations | g evaluations | best noise-free fitness - Fopt (2.871600000000e+02) + sum g_i+ | measured fitness | best measured fitness or single-digit g-values | x1 | x2...
1 0 +2.291101613e+01 +3.100710161e+02 +3.100710161e+02 -1.9116e-01 -9.4879e-02 +2.7746e-01 +1.2457e-02 +3.6371e-01 +1.2141e-01 +1.7523e-01 +2.0053e-01 +1.7381e-01 +4.8074e-01
2 0 +1.121687508e+01 +2.983768751e+02 +2.983768751e+02 -3.8194e-01 -4.0747e-02 +3.6314e-01 -8.8879e-02 +1.0171e-01 -4.2446e-02 -4.6579e-01 -7.4744e-01 -1.5124e-01 +2.5349e-01
5 0 +9.423870741e+00 +2.965838707e+02 +2.965838707e+02 -8.8340e-03 -1.6453e-01 -6.4755e-01 +5.2310e-01 -1.8552e-01 -1.1517e-01 +3.1672e-01 +2.4946e-01 +1.5375e-01 -4.7876e-01
15 0 +9.156237844e+00 +2.963162378e+02 +2.963162378e+02 -5.6869e-01 -3.3965e-01 -6.8986e-01 +1.8360e-01 +1.2474e-01 +1.0685e-01 +1.8849e-01 -4.7970e-03 +4.0548e-01 -2.3267e-01
16 0 +6.643048658e+00 +2.938030487e+02 +2.938030487e+02 -5.8884e-02 +5.7658e-02 -7.9094e-01 +3.0265e-02 -1.8128e-01 -3.0996e-01 +5.5177e-01 +6.8671e-02 -3.0070e-01 +1.6548e-02
90 0 +5.506782229e+00 +2.926667822e+02 +2.926667822e+02 -4.6614e-01 -3.7380e-01 -6.7027e-01 +2.5470e-01 +1.2604e-01 -5.0118e-01 +4.0154e-01 +1.1591e-01 -4.0257e-01 -7.5576e-01
98 0 +3.938127534e+00 +2.910981275e+02 +2.910981275e+02 -2.1414e-01 -4.9024e-02 -1.0982e+00 +4.6340e-01 -3.3464e-01 -5.3446e-01 +6.9628e-01 -4.3873e-01 -5.4076e-01 -1.0493e+00
332 0 +3.754060191e+00 +2.909140602e+02 +2.909140602e+02 -1.3045e+00 -5.7126e-01 -1.2305e+00 +8.1479e-01 -2.6453e-01 -4.2713e-01 +3.4719e-01 +1.9731e-01 -7.8450e-01 -4.3547e-01
508 0 +3.555375068e+00 +2.907153751e+02 +2.907153751e+02 -1.3348e+00 -6.6221e-01 -1.2216e+00 +9.6031e-01 -2.4540e-01 -4.2688e-01 +3.8254e-01 +2.9299e-01 -7.0271e-01 -3.0181e-01
532 0 +3.486452985e+00 +2.906464530e+02 +2.906464530e+02 -1.3562e+00 -6.6218e-01 -1.2459e+00 +9.9331e-01 -2.6192e-01 -4.1189e-01 +3.8835e-01 +2.8664e-01 -7.0572e-01 -3.1765e-01
597 0 +3.396424738e+00 +2.905564247e+02 +2.905564247e+02 -1.3430e+00 -6.8961e-01 -1.2398e+00 +9.9304e-01 -2.5017e-01 -3.9284e-01 +4.1221e-01 +2.6792e-01 -7.0632e-01 -2.8862e-01
623 0 +2.836379555e+00 +2.899963796e+02 +2.899963796e+02 -1.3378e+00 -7.0660e-01 -1.2191e+00 +9.9767e-01 -2.4199e-01 -4.0108e-01 +3.9175e-01 +2.6055e-01 -7.0300e-01 -2.8428e-01
631 0 +2.800074425e+00 +2.899600744e+02 +2.899600744e+02 -1.3416e+00 -6.9555e-01 -1.2168e+00 +9.9882e-01 -2.3759e-01 -4.1026e-01 +3.8635e-01 +2.6449e-01 -7.1210e-01 -2.8821e-01
634 0 +2.544856989e+00 +2.897048570e+02 +2.897048570e+02 -1.3413e+00 -7.0205e-01 -1.2129e+00 +9.9352e-01 -2.4511e-01 -4.1089e-01 +3.8797e-01 +2.6649e-01 -7.0139e-01 -2.8640e-01
641 0 +1.866525913e+00 +2.890265259e+02 +2.890265259e+02 -1.3386e+00 -6.9757e-01 -1.2215e+00 +1.0027e+00 -2.4698e-01 -4.0970e-01 +3.9230e-01 +2.6725e-01 -7.0293e-01 -2.8592e-01
642 0 +1.587256717e+00 +2.887472567e+02 +2.887472567e+02 -1.3378e+00 -6.9973e-01 -1.2132e+00 +9.9635e-01 -2.4272e-01 -4.1436e-01 +3.8861e-01 +2.6374e-01 -7.0611e-01 -2.8899e-01
653 0 +1.337827488e+00 +2.884978275e+02 +2.884978275e+02 -1.3405e+00 -7.0305e-01 -1.2199e+00 +9.9903e-01 -2.4789e-01 -4.1754e-01 +3.9227e-01 +2.6460e-01 -7.0374e-01 -2.8648e-01
671 0 +1.032998525e+00 +2.881929985e+02 +2.881929985e+02 -1.3346e+00 -7.0374e-01 -1.2159e+00 +9.9659e-01 -2.4620e-01 -4.1677e-01 +3.8889e-01 +2.7857e-01 -6.9982e-01 -2.8834e-01
709 0 +1.002299816e+00 +2.881622998e+02 +2.881622998e+02 -1.3338e+00 -7.0147e-01 -1.2146e+00 +9.9685e-01 -2.4814e-01 -4.1470e-01 +3.8784e-01 +2.7694e-01 -6.9403e-01 -2.8716e-01
712 0 +9.436625074e-01 +2.881036625e+02 +2.881036625e+02 -1.3344e+00 -6.9937e-01 -1.2167e+00 +9.9667e-01 -2.4913e-01 -4.1214e-01 +3.8878e-01 +2.8198e-01 -6.9233e-01 -2.8419e-01
742 0 +7.586816536e-01 +2.879186817e+02 +2.879186817e+02 -1.3357e+00 -6.9974e-01 -1.2154e+00 +9.9752e-01 -2.4831e-01 -4.1376e-01 +3.8817e-01 +2.8102e-01 -6.9127e-01 -2.7854e-01
757 0 +6.922925312e-01 +2.878522925e+02 +2.878522925e+02 -1.3365e+00 -7.0017e-01 -1.2134e+00 +9.9527e-01 -2.4703e-01 -4.1654e-01 +3.8573e-01 +2.8248e-01 -6.9424e-01 -2.7924e-01
765 0 +6.121365032e-01 +2.877721365e+02 +2.877721365e+02 -1.3345e+00 -7.0058e-01 -1.2133e+00 +9.9545e-01 -2.4705e-01 -4.1670e-01 +3.8555e-01 +2.7856e-01 -6.9313e-01 -2.8076e-01
786 0 +5.983207910e-01 +2.877583208e+02 +2.877583208e+02 -1.3355e+00 -7.0003e-01 -1.2148e+00 +9.9692e-01 -2.4805e-01 -4.1578e-01 +3.8523e-01 +2.8153e-01 -6.9254e-01 -2.8075e-01
795 0 +5.338427338e-01 +2.876938427e+02 +2.876938427e+02 -1.3357e+00 -6.9871e-01 -1.2150e+00 +9.9622e-01 -2.4826e-01 -4.1638e-01 +3.8554e-01 +2.8141e-01 -6.9300e-01 -2.8166e-01
802 0 +4.783057040e-01 +2.876383057e+02 +2.876383057e+02 -1.3351e+00 -7.0077e-01 -1.2135e+00 +9.9559e-01 -2.4665e-01 -4.1792e-01 +3.8526e-01 +2.7976e-01 -6.9411e-01 -2.8097e-01
843 0 +4.586686986e-01 +2.876186687e+02 +2.876186687e+02 -1.3357e+00 -7.0022e-01 -1.2141e+00 +9.9563e-01 -2.4676e-01 -4.1721e-01 +3.8530e-01 +2.7983e-01 -6.9363e-01 -2.8180e-01
844 0 +4.569528519e-01 +2.876169529e+02 +2.876169529e+02 -1.3357e+00 -6.9991e-01 -1.2144e+00 +9.9582e-01 -2.4701e-01 -4.1683e-01 +3.8529e-01 +2.8101e-01 -6.9276e-01 -2.8111e-01
846 0 +4.361165973e-01 +2.875961166e+02 +2.875961166e+02 -1.3360e+00 -7.0051e-01 -1.2144e+00 +9.9570e-01 -2.4670e-01 -4.1766e-01 +3.8584e-01 +2.7987e-01 -6.9376e-01 -2.8113e-01
872 0 +4.232265414e-01 +2.875832265e+02 +2.875832265e+02 -1.3361e+00 -6.9989e-01 -1.2140e+00 +9.9487e-01 -2.4646e-01 -4.1802e-01 +3.8528e-01 +2.8072e-01 -6.9341e-01 -2.8177e-01
877 0 +4.157071981e-01 +2.875757072e+02 +2.875757072e+02 -1.3360e+00 -7.0004e-01 -1.2142e+00 +9.9542e-01 -2.4640e-01 -4.1794e-01 +3.8521e-01 +2.7969e-01 -6.9415e-01 -2.8226e-01
879 0 +3.965301892e-01 +2.875565302e+02 +2.875565302e+02 -1.3358e+00 -6.9977e-01 -1.2139e+00 +9.9516e-01 -2.4646e-01 -4.1766e-01 +3.8529e-01 +2.8066e-01 -6.9366e-01 -2.8165e-01
962 0 +3.804508433e-01 +2.875404508e+02 +2.875404508e+02 -1.3360e+00 -7.0016e-01 -1.2140e+00 +9.9564e-01 -2.4626e-01 -4.1777e-01 +3.8527e-01 +2.8055e-01 -6.9395e-01 -2.8209e-01
984 0 +3.767553779e-01 +2.875367554e+02 +2.875367554e+02 -1.3359e+00 -7.0010e-01 -1.2141e+00 +9.9554e-01 -2.4617e-01 -4.1768e-01 +3.8530e-01 +2.8066e-01 -6.9382e-01 -2.8194e-01
1000 0 +3.752817824e-01 +2.875352818e+02 +2.875352818e+02 -1.3359e+00 -7.0001e-01 -1.2141e+00 +9.9546e-01 -2.4619e-01 -4.1767e-01 +3.8527e-01 +2.8067e-01 -6.9386e-01 -2.8202e-01
% f evaluations | g evaluations | best noise-free fitness - Fopt (-3.943800000000e+02) + sum g_i+ | measured fitness | best measured fitness or single-digit g-values | x1 | x2...
1 0 +1.322620934e+01 -3.811537907e+02 -3.811537907e+02 -1.0080e-01 +2.9477e-01 +2.8534e-01 +1.8516e-01 +1.2703e-02 -3.0202e-02 -1.1461e-01 -2.9054e-01 -3.9040e-01 -2.6644e-02
4 0 +9.190030217e+00 -3.851899698e+02 -3.851899698e+02 +4.5288e-01 +7.2551e-02 -1.5470e-01 +7.7034e-02 -3.7440e-01 -3.0575e-01 -3.5474e-02 -5.4734e-01 -1.4568e-01 -4.8912e-01
29 0 +5.136965551e+00 -3.892430344e+02 -3.892430344e+02 -1.7600e-01 +6.2411e-01 +1.2866e-01 +3.6900e-01 -1.0981e+00 +1.1139e-01 -3.9658e-01 -2.1728e-01 -3.0854e-01 -2.0895e-01
69 0 +4.573580663e+00 -3.898064193e+02 -3.898064193e+02 -1.2938e-01 +9.8405e-01 +2.7077e-01 +1.5366e-01 -3.9389e-01 -2.8491e-01 -7.6083e-01 -6.6740e-01 +2.9579e-01 -1.0179e-01
320 0 +4.285876638e+00 -3.900941234e+02 -3.900941234e+02 -6.5158e-01 +1.5903e+00 +1.4334e+00 +2.0203e-02 -3.4178e-01 -1.7867e-01 -9.2971e-01 -8.1666e-01 +1.3963e-01 -7.9412e-01
542 0 +3.830439295e+00 -3.905495607e+02 -3.905495607e+02 -6.5786e-01 +1.3655e+00 +1.5174e+00 +1.5077e-01 -7.5876e-01 -5.7032e-01 -8.0184e-01 -8.1288e-01 +3.5667e-01 -6.9548e-01
548 0 +3.672979138e+00 -3.907070209e+02 -3.907070209e+02 -6.3865e-01 +1.3972e+00 +1.5188e+00 +1.7086e-01 -7.7521e-01 -5.7083e-01 -8.2685e-01 -8.2276e-01 +3.3024e-01 -7.1420e-01
580 0 +3.253440206e+00 -3.911265598e+02 -3.911265598e+02 -6.5289e-01 +1.3777e+00 +1.5231e+00 +1.5875e-01 -7.8534e-01 -5.9953e-01 -8.4272e-01 -8.1179e-01 +3.3974e-01 -6.7922e-01
612 0 +3.155316746e+00 -3.912246833e+02 -3.912246833e+02 -6.3410e-01 +1.3523e+00 +1.5158e+00 +1.4424e-01 -7.7876e-01 -5.8021e-01 -8.4281e-01 -8.0671e-01 +3.4687e-01 -7.0339e-01
622 0 +2.740676996e+00 -3.916393230e+02 -3.916393230e+02 -6.4571e-01 +1.3635e+00 +1.5159e+00 +1.4543e-01 -7.6817e-01 -5.8517e-01 -8.5307e-01 -8.0166e-01 +3.3813e-01 -7.1622e-01
662 0 +2.495289535e+00 -3.918847105e+02 -3.918847105e+02 -6.3716e-01 +1.3601e+00 +1.5176e+00 +1.4863e-01 -7.6079e-01 -5.8436e-01 -8.4322e-01 -8.0336e-01 +3.4362e-01 -7.1869e-01
670 0 +2.444327038e+00 -3.919356730e+02 -3.919356730e+02 -6.3159e-01 +1.3646e+00 +1.5173e+00 +1.4525e-01 -7.6132e-01 -5.7482e-01 -8.4551e-01 -7.9261e-01 +3.4258e-01 -7.1161e-01
675 0 +2.371268844e+00 -3.920087312e+02 -3.920087312e+02 -6.3786e-01 +1.3621e+00 +1.5115e+00 +1.4413e-01 -7.6288e-01 -5.7742e-01 -8.4430e-01 -7.9940e-01 +3.4647e-01 -7.0947e-01
677 0 +2.282874640e+00 -3.920971254e+02 -3.920971254e+02 -6.3608e-01 +1.3602e+00 +1.5157e+00 +1.4680e-01 -7.6804e-01 -5.7918e-01 -8.4296e-01 -8.0401e-01 +3.4854e-01 -7.1042e-01
728 0 +2.167252946e+00 -3.922127471e+02 -3.922127471e+02 -6.4047e-01 +1.3613e+00 +1.5091e+00 +1.5304e-01 -7.7102e-01 -5.8310e-01 -8.4477e-01 -8.0930e-01 +3.4449e-01 -7.1761e-01
739 0 +2.119307293e+00 -3.922606927e+02 -3.922606927e+02 -6.4101e-01 +1.3639e+00 +1.5127e+00 +1.4999e-01 -7.6656e-01 -5.8394e-01 -8.4271e-01 -8.0686e-01 +3.4514e-01 -7.1612e-01
765 0 +1.989704291e+00 -3.923902957e+02 -3.923902957e+02 -6.4187e-01 +1.3665e+00 +1.5109e+00 +1.4843e-01 -7.7012e-01 -5.8646e-01 -8.4191e-01 -8.0635e-01 +3.4711e-01 -7.1565e-01
771 0 +1.777201403e+00 -3.926027986e+02 -3.926027986e+02 -6.4090e-01 +1.3653e+00 +1.5103e+00 +1.4774e-01 -7.6950e-01 -5.8535e-01 -8.4227e-01 -8.0567e-01 +3.4660e-01 -7.1456e-01
785 0 +1.730898908e+00 -3.926491011e+02 -3.926491011e+02 -6.4153e-01 +1.3629e+00 +1.5096e+00 +1.4505e-01 -7.6857e-01 -5.8426e-01 -8.4167e-01 -8.0409e-01 +3.4708e-01 -7.1615e-01
805 0 +1.622680496e+00 -3.927573195e+02 -3.927573195e+02 -6.4167e-01 +1.3639e+00 +1.5093e+00 +1.4598e-01 -7.6892e-01 -5.8441e-01 -8.4254e-01 -8.0611e-01 +3.4674e-01 -7.1509e-01
818 0 +1.543088576e+00 -3.928369114e+02 -3.928369114e+02 -6.4132e-01 +1.3618e+00 +1.5095e+00 +1.4577e-01 -7.6817e-01 -5.8221e-01 -8.4224e-01 -8.0528e-01 +3.4763e-01 -7.1606e-01
821 0 +1.454212989e+00 -3.929257870e+02 -3.929257870e+02 -6.4115e-01 +1.3621e+00 +1.5109e+00 +1.4615e-01 -7.6750e-01 -5.8250e-01 -8.4258e-01 -8.0562e-01 +3.4729e-01 -7.1477e-01
827 0 +1.432195006e+00 -3.929478050e+02 -3.929478050e+02 -6.4185e-01 +1.3608e+00 +1.5098e+00 +1.4534e-01 -7.6817e-01 -5.8250e-01 -8.4250e-01 -8.0607e-01 +3.4723e-01 -7.1569e-01
833 0 +1.396121462e+00 -3.929838785e+02 -3.929838785e+02 -6.4123e-01 +1.3605e+00 +1.5101e+00 +1.4498e-01 -7.6775e-01 -5.8256e-01 -8.4278e-01 -8.0648e-01 +3.4785e-01 -7.1562e-01
843 0 +1.374957535e+00 -3.930050425e+02 -3.930050425e+02 -6.4162e-01 +1.3598e+00 +1.5111e+00 +1.4549e-01 -7.6640e-01 -5.8230e-01 -8.4164e-01 -8.0580e-01 +3.4827e-01 -7.1533e-01
846 0 +1.325501968e+00 -3.930544980e+02 -3.930544980e+02 -6.4209e-01 +1.3599e+00 +1.5107e+00 +1.4428e-01 -7.6728e-01 -5.8135e-01 -8.4247e-01 -8.0539e-01 +3.4778e-01 -7.1528e-01
857 0 +1.307794382e+00 -3.930722056e+02 -3.930722056e+02 -6.4166e-01 +1.3594e+00 +1.5111e+00 +1.4462e-01 -7.6640e-01 -5.8135e-01 -8.4141e-01 -8.0594e-01 +3.4807e-01 -7.1624e-01
871 0 +1.260385840e+00 -3.931196142e+02 -3.931196142e+02 -6.4225e-01 +1.3599e+00 +1.5105e+00 +1.4527e-01 -7.6707e-01 -5.8223e-01 -8.4179e-01 -8.0600e-01 +3.4843e-01 -7.1617e-01
886 0 +1.258715061e+00 -3.931212849e+02 -3.931212849e+02 -6.4227e-01 +1.3597e+00 +1.5111e+00 +1.4535e-01 -7.6698e-01 -5.8246e-01 -8.4207e-01 -8.0601e-01 +3.4780e-01 -7.1568e-01
905 0 +1.189488709e+00 -3.931905113e+02 -3.931905113e+02 -6.4176e-01 +1.3598e+00 +1.5107e+00 +1.4481e-01 -7.6739e-01 -5.8175e-01 -8.4127e-01 -8.0615e-01 +3.4847e-01 -7.1564e-01
933 0 +1.134934623e+00 -3.932450654e+02 -3.932450654e+02 -6.4195e-01 +1.3597e+00 +1.5109e+00 +1.4453e-01 -7.6675e-01 -5.8201e-01 -8.4126e-01 -8.0601e-01 +3.4834e-01 -7.1569e-01
1000 0 +1.123625944e+00 -3.932563741e+02 -3.932563741e+02 -6.4225e-01 +1.3594e+00 +1.5111e+00 +1.4474e-01 -7.6674e-01 -5.8193e-01 -8.4100e-01 -8.0624e-01 +3.4828e-01 -7.1576e-01
% f evaluations | g evaluations | best noise-free fitness - Fopt (5.443000000000e+01) + sum g_i+ | measured fitness | best measured fitness or single-digit g-values | x1 | x2...
1 0 +4.563124503e+00 +5.899312450e+01 +5.899312450e+01 -1.4303e-01 -5.1180e-01 +7.0254e-02 +1.3872e-02 -4.0334e-01 -2.8236e-01 -2.6609e-01 -3.4580e-01 -3.7278e-01 +1.6790e-01
3 0 +4.116720447e+00 +5.854672045e+01 +5.854672045e+01 -3.2546e-01 -5.4102e-02 +4.9107e-01 +4.5767e-01 +2.7699e-01 -3.0878e-02 +4.1856e-01 +2.9480e-01 +6.2516e-01 -3.2833e-01
121 0 +3.896872244e+00 +5.832687224e+01 +5.832687224e+01 +3.5445e-02 +6.8270e-01 -3.5008e-01 +4.3815e-01 -1.7826e-01 +5.1113e-02 +3.6513e-01 -1.1953e-01 +6.3827e-02 +2.8752e-01
221 0 +3.744480509e+00 +5.817448051e+01 +5.817448051e+01 -2.3713e-02 +9.0655e-01 +5.0520e-01 +6.5326e-01 -1.0847e-01 +1.8747e-01 +1.3778e-01 -1.6748e-01 +3.2213e-01 +5.1105e-01
622 0 +1.795064732e+00 +5.622506473e+01 +5.622506473e+01 -2.1939e-01 +1.1686e+00 +1.2345e-01 +1.0547e+00 -4.7319e-01 -4.6323e-01 +1.7223e-01 +2.3109e-01 +5.9022e-01 +5.3254e-01
851 0 +1.486096582e+00 +5.591609658e+01 +5.591609658e+01 -1.9064e-01 +1.1004e+00 +1.3878e-01 +1.0735e+00 -4.8692e-01 -4.4682e-01 +1.3425e-01 +2.1251e-01 +5.5825e-01 +5.3409e-01
861 0 +1.474257701e+00 +5.590425770e+01 +5.590425770e+01 -1.9180e-01 +1.1021e+00 +1.4412e-01 +1.0737e+00 -4.8576e-01 -4.5168e-01 +1.3414e-01 +2.1230e-01 +5.6125e-01 +5.3466e-01
873 0 +1.365599043e+00 +5.579559904e+01 +5.579559904e+01 -1.9226e-01 +1.1004e+00 +1.3807e-01 +1.0738e+00 -4.8566e-01 -4.5048e-01 +1.3298e-01 +2.1187e-01 +5.5191e-01 +5.3377e-01
904 0 +1.286127453e+00 +5.571612745e+01 +5.571612745e+01 -1.8924e-01 +1.1046e+00 +1.4339e-01 +1.0724e+00 -4.8686e-01 -4.5171e-01 +1.3419e-01 +2.1247e-01 +5.5779e-01 +5.3439e-01
912 0 +1.192274994e+00 +5.562227499e+01 +5.562227499e+01 -1.8798e-01 +1.1028e+00 +1.4476e-01 +1.0727e+00 -4.8590e-01 -4.4840e-01 +1.3347e-01 +2.1194e-01 +5.5586e-01 +5.3299e-01
919 0 +1.172267962e+00 +5.560226796e+01 +5.560226796e+01 -1.8847e-01 +1.1022e+00 +1.4321e-01 +1.0719e+00 -4.8652e-01 -4.4992e-01 +1.3343e-01 +2.1302e-01 +5.5641e-01 +5.3366e-01
920 0 +9.033725764e-01 +5.533337258e+01 +5.533337258e+01 -1.8923e-01 +1.1023e+00 +1.4429e-01 +1.0731e+00 -4.8453e-01 -4.5011e-01 +1.3501e-01 +2.1044e-01 +5.5649e-01 +5.3125e-01
1000 0 +8.971909920e-01 +5.532719099e+01 +5.532719099e+01 -1.8727e-01 +1.1028e+00 +1.4407e-01 +1.0726e+00 -4.8587e-01 -4.4929e-01 +1.3491e-01 +2.0973e-01 +5.5690e-01 +5.3179e-01
% f evaluations | g evaluations | best noise-free fitness - Fopt (1.396900000000e+02) + sum g_i+ | measured fitness | best measured fitness or single-digit g-values | x1 | x2...
1 0 +1.380783445e+01 +1.534978345e+02 +1.534978345e+02 -3.5014e-01 +1.6821e-01 +1.0675e+00 -6.7112e-01 +2.2859e-01 -2.5583e-01 -7.1015e-02 -7.7120e-02 -5.0053e-01 -1.1864e-01
5 0 +1.352402826e+01 +1.532140283e+02 +1.532140283e+02 -5.1003e-01 +1.8063e-01 -4.9804e-01 +7.4203e-01 +3.7179e-01 -4.3758e-01 -4.7256e-01 -5.3041e-01 -4.2639e-01 +1.1294e-01
6 0 +1.305325173e+01 +1.527432517e+02 +1.527432517e+02 +1.3203e-01 -2.6645e-01 -2.6129e-01 -1.3336e-01 -5.3060e-02 -1.5232e-01 +3.4171e-01 -7.6877e-02 -2.1184e-01 +5.7933e-01
10 0 +1.221989628e+01 +1.519098963e+02 +1.519098963e+02 -3.3848e-01 +2.0788e-02 +5.0174e-02 +1.2561e-01 +1.4547e-01 +1.1276e-01 +4.4280e-01 -1.6345e-01 -5.9419e-01 +1.1004e-02
11 0 +1.139309374e+01 +1.510830937e+02 +1.510830937e+02 -4.6089e-01 +2.2861e-01 -2.2018e-01 -1.7012e-02 +7.0029e-01 +1.7760e-01 +3.6669e-01 -7.6551e-03 -1.1686e+00 +4.6569e-01
12 0 +9.178667053e+00 +1.488686671e+02 +1.488686671e+02 -9.4710e-02 -7.8040e-03 +2.1459e-01 +7.9807e-02 -3.2211e-01 +7.2000e-02 -1.9387e-01 +1.2143e-02 -2.2988e-01 -2.1574e-01
14 0 +8.298726699e+00 +1.479887267e+02 +1.479887267e+02 -5.2322e-01 -1.2988e-01 +2.0856e-01 +2.1163e-01 +5.1650e-02 -4.6214e-01 +4.2586e-01 -3.0824e-01 -2.1089e-01 -1.2351e-01
32 0 +6.316655997e+00 +1.460066560e+02 +1.460066560e+02 -3.5428e-01 -4.3433e-02 -1.3367e-01 +1.4445e-01 -2.2848e-01 -2.3879e-01 -1.3714e-02 -2.7188e-01 -8.5509e-01 +4.3708e-01
39 0 +5.567673916e+00 +1.452576739e+02 +1.452576739e+02 -9.8691e-01 -7.0386e-01 +4.5916e-01 +2.4052e-01 -4.2307e-01 -3.7075e-01 +1.2426e+00 -2.8161e-01 -8.3123e-01 -4.7487e-01
53 0 +5.195531345e+00 +1.448855313e+02 +1.448855313e+02 -1.1085e+00 -4.1079e-01 +1.8846e-02 -5.5228e-01 +8.8342e-02 -7.3609e-01 +1.0381e+00 +3.0004e-01 -9.3306e-01 +5.7706e-02
152 0 +3.747605751e+00 +1.434376058e+02 +1.434376058e+02 +1.5072e-01 -1.8328e-01 -4.1154e-01 -4.7121e-01 +7.1928e-03 -1.6136e+00 +7.8977e-02 +9.4879e-01 -1.8554e-02 -3.1843e-01
493 0 +3.515114652e+00 +1.432051147e+02 +1.432051147e+02 +3.1164e-01 -7.1236e-01 -7.6124e-01 -3.7744e-01 -7.5500e-01 -1.2745e+00 +3.0805e-02 +1.2254e+00 +8.2804e-02 -3.9284e-01
582 0 +3.248004422e+00 +1.429380044e+02 +1.429380044e+02 +1.6527e-01 -7.0706e-01 -6.2636e-01 -3.9844e-01 -8.2299e-01 -1.2486e+00 +1.1756e-01 +1.1827e+00 +5.5260e-02 -4.5332e-01
598 0 +2.841003059e+00 +1.425310031e+02 +1.425310031e+02 +1.3435e-01 -7.3395e-01 -6.2471e-01 -3.7686e-01 -8.1906e-01 -1.2378e+00 +1.3821e-01 +1.1814e+00 +6.1266e-02 -4.4895e-01
614 0 +2.369573951e+00 +1.420595740e+02 +1.420595740e+02 +1.5442e-01 -7.2541e-01 -6.2562e-01 -3.8032e-01 -8.6163e-01 -1.2585e+00 +1.3948e-01 +1.2092e+00 +5.0346e-02 -4.3451e-01
666 0 +1.953066051e+00 +1.416430661e+02 +1.416430661e+02 +1.6964e-01 -7.1005e-01 -6.3389e-01 -3.9388e-01 -8.1930e-01 -1.2210e+00 +1.2184e-01 +1.1939e+00 +6.7972e-02 -4.2956e-01
670 0 +1.900079093e+00 +1.415900791e+02 +1.415900791e+02 +1.5148e-01 -7.0064e-01 -6.2989e-01 -3.8218e-01 -8.2420e-01 -1.2158e+00 +1.0930e-01 +1.1756e+00 +6.1397e-02 -4.3168e-01
674 0 +1.615861526e+00 +1.413058615e+02 +1.413058615e+02 +1.5629e-01 -7.1801e-01 -6.2447e-01 -3.8647e-01 -8.2169e-01 -1.2333e+00 +1.3087e-01 +1.1861e+00 +5.4287e-02 -4.3496e-01
688 0 +1.554283266e+00 +1.412442833e+02 +1.412442833e+02 +1.6151e-01 -7.0139e-01 -6.2503e-01 -3.8954e-01 -8.1929e-01 -1.2140e+00 +1.1799e-01 +1.1832e+00 +6.4580e-02 -4.2582e-01
697 0 +1.152412921e+00 +1.408424129e+02 +1.408424129e+02 +1.6389e-01 -7.0065e-01 -6.2676e-01 -3.9065e-01 -8.0946e-01 -1.2123e+00 +1.1225e-01 +1.1912e+00 +6.4727e-02 -4.3967e-01
756 0 +9.867129232e-01 +1.406767129e+02 +1.406767129e+02 +1.6324e-01 -7.0314e-01 -6.2820e-01 -3.8081e-01 -8.0937e-01 -1.2033e+00 +1.0870e-01 +1.1856e+00 +7.7033e-02 -4.3838e-01
800 0 +9.040313509e-01 +1.405940314e+02 +1.405940314e+02 +1.5472e-01 -7.0495e-01 -6.2555e-01 -3.8436e-01 -8.1021e-01 -1.2045e+00 +1.1240e-01 +1.1817e+00 +7.5483e-02 -4.3537e-01
824 0 +8.718425716e-01 +1.405618426e+02 +1.405618426e+02 +1.5609e-01 -7.0130e-01 -6.2648e-01 -3.8421e-01 -8.0745e-01 -1.2034e+00 +1.0896e-01 +1.1805e+00 +7.5242e-02 -4.3683e-01
825 0 +7.786202444e-01 +1.404686202e+02 +1.404686202e+02 +1.5842e-01 -7.0036e-01 -6.2655e-01 -3.8354e-01 -8.0606e-01 -1.1987e+00 +1.0790e-01 +1.1830e+00 +7.7822e-02 -4.3573e-01
831 0 +6.598546364e-01 +1.403498546e+02 +1.403498546e+02 +1.5552e-01 -6.9976e-01 -6.2608e-01 -3.8105e-01 -8.0938e-01 -1.1999e+00 +1.0786e-01 +1.1792e+00 +7.6593e-02 -4.3437e-01
885 0 +6.270922670e-01 +1.403170923e+02 +1.403170923e+02 +1.5469e-01 -7.0072e-01 -6.2546e-01 -3.8299e-01 -8.0853e-01 -1.2000e+00 +1.0978e-01 +1.1785e+00 +7.4918e-02 -4.3491e-01
915 0 +5.867248990e-01 +1.402767249e+02 +1.402767249e+02 +1.5528e-01 -7.0079e-01 -6.2607e-01 -3.8266e-01 -8.0803e-01 -1.2009e+00 +1.0920e-01 +1.1797e+00 +7.5755e-02 -4.3518e-01
921 0 +5.680425454e-01 +1.402580425e+02 +1.402580425e+02 +1.5459e-01 -7.0139e-01 -6.2553e-01 -3.8253e-01 -8.0832e-01 -1.2008e+00 +1.0967e-01 +1.1792e+00 +7.5584e-02 -4.3512e-01
957 0 +5.481400616e-01 +1.402381401e+02 +1.402381401e+02 +1.5485e-01 -7.0169e-01 -6.2528e-01 -3.8308e-01 -8.0813e-01 -1.2007e+00 +1.0992e-01 +1.1795e+00 +7.5291e-02 -4.3492e-01
997 0 +5.350972730e-01 +1.402250973e+02 +1.402250973e+02 +1.5461e-01 -7.0215e-01 -6.2500e-01 -3.8312e-01 -8.0859e-01 -1.2007e+00 +1.1043e-01 +1.1796e+00 +7.4999e-02 -4.3447e-01
1000 0 +5.350972730e-01 +1.402250973e+02 +1.402250973e+02 +1.5461e-01 -7.0215e-01 -6.2500e-01 -3.8312e-01 -8.0859e-01 -1.2007e+00 +1.1043e-01 +1.1796e+00 +7.4999e-02 -4.3447e-01
% f evaluations | g evaluations | best noise-free fitness - Fopt (-5.794000000000e+01) + sum g_i+ | measured fitness | best measured fitness or single-digit g-values | x1 | x2...
1 0 +2.186855389e+01 -3.607144611e+01 -3.607144611e+01 +3.2381e-01 -1.1524e-01 -6.5804e-01 +7.5140e-03 -4.6370e-01 -3.0450e-01 +4.3004e-01 -1.5056e-01 -2.1373e-01 -2.5829e-01
2 0 +6.802714024e+00 -5.113728598e+01 -5.113728598e+01 +5.1437e-02 -6.4591e-02 -1.1739e-01 +1.2227e-01 +5.8244e-01 -2.7452e-01 +2.5653e-03 +2.9038e-01 +2.2353e-01 -7.2674e-02
42 0 +5.396461391e+00 -5.254353861e+01 -5.254353861e+01 +2.3320e-01 +9.3238e-02 -2.0965e-01 -4.2740e-01 +9.2940e-01 -2.5897e-01 +3.9858e-02 +5.4408e-01 -1.6721e-01 +2.0612e-01
76 0 +3.801088646e+00 -5.413891135e+01 -5.413891135e+01 +8.3994e-01 +5.5162e-01 -5.1788e-01 -1.0601e+00 +1.0589e+00 -4.7702e-01 +2.7852e-01 +1.0032e+00 -7.7435e-01 -1.5528e-01
209 0 +2.616244873e+00 -5.532375513e+01 -5.532375513e+01 +2.2585e-01 +2.7174e-01 -1.8496e-01 -5.3558e-01 +1.9068e+00 +5.9512e-01 +9.5828e-01 -2.4141e-01 +1.5369e-01 +1.2192e-01
1010 0 +2.616244873e+00 -5.532375513e+01 -5.532375513e+01 +2.2585e-01 +2.7174e-01 -1.8496e-01 -5.3558e-01 +1.9068e+00 +5.9512e-01 +9.5828e-01 -2.4141e-01 +1.5369e-01 +1.2192e-01
% f evaluations | g evaluations | best noise-free fitness - Fopt (1.253900000000e+02) + sum g_i+ | measured fitness | best measured fitness or single-digit g-values | x1 | x2...
1 0 +6.670892195e+00 +1.320608922e+02 +1.320608922e+02 +9.3709e-02 +3.9706e-01 -5.9824e-02 -3.5083e-02 +1.4407e-01 -1.8218e-01 -1.8989e-01 +2.0102e-01 +2.6305e-01 +6.3686e-02
5 0 +5.237042071e+00 +1.306270421e+02 +1.306270421e+02 +4.2390e-01 -6.6775e-02 -1.6496e-01 +5.0997e-01 +7.4869e-02 +2.3508e-01 +5.3344e-01 -4.9948e-01 -2.8414e-01 -6.1361e-02
6 0 +4.999713318e+00 +1.303897133e+02 +1.303897133e+02 +1.9083e-01 +7.0135e-01 -2.6412e-01 -1.8991e-03 -2.4948e-01 -5.0368e-02 -9.0661e-02 +1.4895e-01 +1.4133e-01 +2.5025e-01
63 0 +4.517098631e+00 +1.299070986e+02 +1.299070986e+02 -5.9340e-05 +5.5500e-01 +4.9049e-01 +2.4299e-01 -2.5528e-01 -3.2942e-01 +8.8789e-02 +1.9157e-01 +9.2826e-02 +8.0897e-01
138 0 +3.977299576e+00 +1.293672996e+02 +1.293672996e+02 +3.5792e-01 +2.4967e-01 +7.8575e-01 +9.8835e-02 +8.9902e-01 +2.9761e-01 +8.5232e-03 +1.4409e-02 +1.8230e-01 +3.6554e-01
176 0 +3.776125476e+00 +1.291661255e+02 +1.291661255e+02 +4.8848e-01 +3.9789e-01 +1.2550e+00 -9.7733e-02 +1.2316e+00 +8.0875e-02 +8.1750e-01 -6.7972e-02 +2.2689e-01 +8.9824e-01
378 0 +1.942448955e+00 +1.273324490e+02 +1.273324490e+02 +9.8156e-01 -1.4646e-01 +1.3756e+00 -3.7583e-01 +1.2939e+00 -5.6254e-01 +2.6153e+00 +2.2689e-01 -4.8716e-01 +1.9257e+00
872 0 +1.896571132e+00 +1.272865711e+02 +1.272865711e+02 +9.3269e-01 -8.5838e-01 +1.6880e+00 -8.3083e-01 +8.2076e-01 -2.2180e-01 +2.9828e+00 +6.4664e-01 -6.7198e-01 +1.9599e+00
888 0 +1.852982285e+00 +1.272429823e+02 +1.272429823e+02 +9.2901e-01 -8.5652e-01 +1.6898e+00 -8.2632e-01 +8.1858e-01 -2.2301e-01 +2.9781e+00 +6.4386e-01 -6.7283e-01 +1.9563e+00
894 0 +1.126252186e+00 +1.265162522e+02 +1.265162522e+02 +9.2986e-01 -8.5557e-01 +1.6926e+00 -8.3164e-01 +8.2036e-01 -2.2076e-01 +2.9837e+00 +6.4371e-01 -6.6999e-01 +1.9619e+00
942 0 +1.058438760e+00 +1.264484388e+02 +1.264484388e+02 +9.2807e-01 -8.5338e-01 +1.6929e+00 -8.2540e-01 +8.2331e-01 -2.2012e-01 +2.9829e+00 +6.4574e-01 -6.7374e-01 +1.9570e+00
971 0 +1.010496624e+00 +1.264004966e+02 +1.264004966e+02 +9.3007e-01 -8.5307e-01 +1.6928e+00 -8.2541e-01 +8.2630e-01 -2.2022e-01 +2.9835e+00 +6.4551e-01 -6.7364e-01 +1.9564e+00
978 0 +8.774465535e-01 +1.262674466e+02 +1.262674466e+02 +9.3021e-01 -8.5271e-01 +1.6929e+00 -8.2593e-01 +8.2599e-01 -2.2094e-01 +2.9864e+00 +6.4568e-01 -6.7277e-01 +1.9581e+00
994 0 +7.942498173e-01 +1.261842498e+02 +1.261842498e+02 +9.2966e-01 -8.5347e-01 +1.6924e+00 -8.2571e-01 +8.2495e-01 -2.2116e-01 +2.9845e+00 +6.4634e-01 -6.7416e-01 +1.9570e+00
1000 0 +7.942498173e-01 +1.261842498e+02 +1.261842498e+02 +9.2966e-01 -8.5347e-01 +1.6924e+00 -8.2571e-01 +8.2495e-01 -2.2116e-01 +2.9845e+00 +6.4634e-01 -6.7416e-01 +1.9570e+00
