% f evaluations | g evaluations | best noise-free fitness - Fopt (-9.210000000000e+00) + sum g_i+ | measured fitness | best measured fitness or single-digit g-values | x1 | x2...
1 0 +2.068401240e+02 +1.976301240e+02 +1.976301240e+02 +3.3257e-04 -8.6864e-02 -3.3482e-01 -3.8649e-03 -1.1351e-01 -1.4434e-01 -4.5521e-01 -1.4727e-01 -7.2207e-02 -1.9439e-01
3 0 +1.982416473e+02 +1.890316473e+02 +1.890316473e+02 +2.0258e-01 +9.5875e-03 +2.7545e-01 +1.1415e-01 +1.5491e-01 -1.0657e-01 +6.2635e-02 +9.8527e-02 -1.4947e-01 -6.2756e-01
18 0 +1.936222667e+02 +1.844122667e+02 +1.844122667e+02 +5.2365e-02 +3.0263e-01 +4.4353e-01 -3.5602e-01 +2.3813e-02 +7.2929e-01 -2.6484e-01 +1.8495e-01 +3.2566e-01 -5.3537e-01
23 0 +1.855684310e+02 +1.763584310e+02 +1.763584310e+02 -2.0619e-02 -2.3942e-01 +6.6149e-01 -3.0232e-01 -2.0593e-01 +5.4450e-01 +3.0677e-01 +6.0892e-01 +1.1495e-01 -1.0163e+00
32 0 +1.810400112e+02 +1.718300112e+02 +1.718300112e+02 -2.4417e-01 -4.6501e-01 +6.6827e-01 -1.4043e-02 -3.1043e-01 +6.3724e-01 +1.1110e-01 +6.3615e-01 +1.4942e-01 -1.4428e+00
53 0 +1.768002827e+02 +1.675902827e+02 +1.675902827e+02 +2.0882e-01 +2.9151e-01 +1.8344e+00 +5.6945e-04 -4.7900e-01 -1.5928e-02 +2.0469e-01 +6.7154e-01 +5.6988e-01 -1.3237e+00
54 0 +1.667823221e+02 +1.575723221e+02 +1.575723221e+02 -4.9137e-02 +3.4619e-01 +4.9948e-01 +2.5660e-01 -9.6565e-01 +1.1892e+00 +2.7707e-01 +1.0066e+00 +8.6180e-01 -1.4828e+00
67 0 +1.582012198e+02 +1.489912198e+02 +1.489912198e+02 +5.1629e-01 +1.3036e-02 +1.1447e+00 -2.6160e-01 -1.5042e+00 +9.4436e-01 +9.4580e-01 +1.4238e+00 +7.3648e-01 -1.8060e+00
83 0 +1.507273786e+02 +1.415173786e+02 +1.415173786e+02 +3.5317e-01 +5.3400e-01 +1.6391e+00 -2.8866e-01 -6.4810e-01 +1.2306e+00 +1.1423e+00 +1.1602e+00 +4.1626e-01 -2.8759e+00
84 0 +1.313068811e+02 +1.220968811e+02 +1.220968811e+02 +5.6315e-01 +5.7195e-02 +1.0693e+00 +3.7288e-02 -3.1410e+00 +1.3264e+00 +1.9228e+00 +1.9613e+00 +1.5451e+00 -2.4387e+00
103 0 +1.104342156e+02 +1.012242156e+02 +1.012242156e+02 -2.6095e-01 +1.0831e-01 +2.4628e+00 +7.7570e-01 -2.4691e+00 +2.4056e+00 +2.6911e+00 +1.7734e+00 +1.0668e+00 -4.1358e+00
111 0 +1.000960722e+02 +9.088607223e+01 +9.088607223e+01 +3.8350e-01 -4.4251e-01 +3.4128e+00 -1.6432e-01 -3.2745e+00 +2.5611e+00 +1.9653e+00 +2.0022e+00 +1.8289e+00 -4.5499e+00
113 0 +9.447625441e+01 +8.526625441e+01 +8.526625441e+01 +4.5313e-01 +4.0896e-01 +4.7532e+00 +1.3163e+00 -2.8383e+00 +1.6955e+00 +2.3963e+00 +2.7610e+00 +1.2463e+00 -4.6810e+00
123 0 +8.150739134e+01 +7.229739134e+01 +7.229739134e+01 +1.5952e+00 -6.5695e-01 +5.0702e+00 -7.7392e-01 -3.3437e+00 +2.3067e+00 +3.1578e+00 +4.2942e+00 +9.5911e-01 -5.8639e+00
130 0 +6.832705099e+01 +5.911705099e+01 +5.911705099e+01 -6.7395e-01 +2.7695e-01 +4.7591e+00 +9.3295e-01 -3.3572e+00 +4.9215e+00 +3.1186e+00 +5.7585e+00 +6.3415e-01 -6.3667e+00
133 0 +5.747073022e+01 +4.826073022e+01 +4.826073022e+01 -5.9849e-01 +2.0193e+00 +6.4251e+00 +2.3762e+00 -3.0038e+00 +3.0422e+00 +4.5996e+00 +7.0124e+00 +1.3939e+00 -6.1512e+00
144 0 +3.409518546e+01 +2.488518546e+01 +2.488518546e+01 -2.2444e+00 +2.6267e+00 +6.6645e+00 +3.7144e+00 -3.4027e+00 +4.5949e+00 +3.7197e+00 +3.4698e+00 +6.3373e+00 -5.0871e+00
161 0 +3.268980532e+01 +2.347980532e+01 +2.347980532e+01 -6.1759e+00 -7.6403e-01 +5.8313e+00 +4.1139e+00 -1.1433e+00 +8.5326e+00 +4.6922e+00 +7.2243e+00 +6.3568e+00 -5.9305e+00
171 0 +2.942095707e+01 +2.021095707e+01 +2.021095707e+01 -6.2177e+00 -2.1090e-01 +4.0751e+00 +3.4964e+00 -5.6984e+00 +8.0589e+00 +4.6922e+00 +7.3730e+00 +4.3204e+00 -8.5526e+00
173 0 +2.477911630e+01 +1.556911630e+01 +1.556911630e+01 -2.7858e+00 +2.1280e+00 +6.0469e+00 +2.0532e+00 -2.7618e+00 +4.8032e+00 +6.5487e+00 +1.0698e+01 +5.4240e+00 -6.9021e+00
182 0 +1.931566937e+01 +1.010566937e+01 +1.010566937e+01 -6.1788e+00 +3.3596e+00 +3.9804e+00 +5.6580e+00 -3.4484e+00 +6.8689e+00 +7.1087e+00 +8.4444e+00 +7.5804e+00 -5.4044e+00
212 0 +1.520794766e+01 +5.997947657e+00 +5.997947657e+00 -8.0913e+00 +3.3612e+00 +7.9075e+00 +6.2497e+00 -5.5486e+00 +5.5824e+00 +6.7587e+00 +1.1942e+01 +9.8643e+00 -1.1748e+01
213 0 +1.473704091e+01 +5.527040906e+00 +5.527040906e+00 -6.7113e+00 +2.6572e+00 +6.7137e+00 +8.3175e+00 -9.0387e+00 +7.2451e+00 +8.2897e+00 +1.0158e+01 +1.0948e+01 -8.2289e+00
225 0 +1.298764065e+01 +3.777640647e+00 +3.777640647e+00 -4.1989e+00 +5.8841e+00 +8.2746e+00 +6.2327e+00 -1.0376e+01 +3.9458e+00 +8.0471e+00 +1.5083e+01 +1.0570e+01 -1.1188e+01
229 0 +1.156921385e+01 +2.359213848e+00 +2.359213848e+00 -4.9810e+00 +4.1352e+00 +8.8890e+00 +7.5958e+00 -6.0609e+00 +1.0806e+01 +4.8985e+00 +1.2555e+01 +1.0458e+01 -1.3731e+01
246 0 +1.115071787e+01 +1.940717870e+00 +1.940717870e+00 -6.0204e+00 +4.8991e+00 +1.2826e+01 +6.5754e+00 -7.9917e+00 +9.1907e+00 +7.1370e+00 +1.2357e+01 +1.2197e+01 -1.2239e+01
251 0 +8.001783974e+00 -1.208216026e+00 -1.208216026e+00 -2.9204e+00 +4.9370e+00 +1.1179e+01 +6.6825e+00 -5.2979e+00 +1.1660e+01 +8.0670e+00 +1.3094e+01 +8.5440e+00 -1.4906e+01
261 0 +5.963946676e+00 -3.246053324e+00 -3.246053324e+00 -9.6395e-01 +7.9436e+00 +1.1528e+01 +5.4510e+00 -8.3907e+00 +1.4874e+01 +6.9877e+00 +2.0974e+01 +9.7623e+00 -1.6899e+01
266 0 +5.555692953e+00 -3.654307047e+00 -3.654307047e+00 -5.5569e-01 +6.5663e+00 +1.2999e+01 +8.3973e+00 -9.7601e+00 +1.2164e+01 +9.8105e+00 +1.2729e+01 +1.4027e+01 -1.4213e+01
279 0 +2.139062729e+00 -7.070937271e+00 -7.070937271e+00 +2.8609e+00 +5.0613e+00 +1.3230e+01 +5.6097e+00 -9.2497e+00 +1.1323e+01 +5.9376e+00 +1.2145e+01 +6.5289e+00 -1.5803e+01
281 0 +1.836565539e+00 -7.373434461e+00 -7.373434461e+00 +3.1634e+00 +5.1014e+00 +1.3683e+01 +5.2922e+00 -8.2071e+00 +1.3235e+01 +8.0178e+00 +5.6775e+00 +6.5842e+00 -1.6623e+01
289 0 +0.000000000e+00 -9.210000000e+00 -9.210000000e+00 +8.7875e+00 +9.5338e+00 +1.3575e+01 +6.8702e+00 -7.2080e+00 +1.0227e+01 +7.4241e+00 +1.0388e+01 +1.0706e+01 -1.1566e+01
390 0 +0.000000000e+00 -9.210000000e+00 -9.210000000e+00 +8.7875e+00 +9.5338e+00 +1.3575e+01 +6.8702e+00 -7.2080e+00 +1.0227e+01 +7.4241e+00 +1.0388e+01 +1.0706e+01 -1.1566e+01
% f evaluations | g evaluations | best noise-free fitness - Fopt (6.559900000000e+02) + sum g_i+ | measured fitness | best measured fitness or single-digit g-values | x1 | x2...
1 0 +1.991172471e+02 +8.551072471e+02 +8.551072471e+02 +3.3257e-04 -8.6864e-02 -3.3482e-01 -3.8649e-03 -1.1351e-01 -1.4434e-01 -4.5521e-01 -1.4727e-01 -7.2207e-02 -1.9439e-01
3 0 +1.966861549e+02 +8.526761549e+02 +8.526761549e+02 +2.0258e-01 +9.5875e-03 +2.7545e-01 +1.1415e-01 +1.5491e-01 -1.0657e-01 +6.2635e-02 +9.8527e-02 -1.4947e-01 -6.2756e-01
20 0 +1.938885285e+02 +8.498785285e+02 +8.498785285e+02 -2.1236e-01 +4.7471e-01 -1.3237e-01 -1.9953e-01 -1.0594e-01 -2.6731e-01 -3.8423e-01 +1.1559e-01 -3.2214e-01 -5.2676e-01
31 0 +1.896216719e+02 +8.456116719e+02 +8.456116719e+02 -3.4678e-01 +5.0686e-01 +2.0492e-01 +1.9873e-01 +1.5502e-01 -7.4602e-01 -6.8515e-01 +5.4087e-01 -3.9513e-01 -3.9094e-01
44 0 +1.858950325e+02 +8.418850325e+02 +8.418850325e+02 -1.8938e-01 +1.7872e-01 +4.0581e-02 -1.9470e-01 +3.5075e-01 -4.4761e-02 -1.1381e+00 +4.4150e-01 -4.6476e-01 -8.6473e-01
46 0 +1.818392275e+02 +8.378292275e+02 +8.378292275e+02 +1.2796e-01 +5.5324e-01 -1.6091e-01 +2.8732e-01 -7.7566e-02 -9.3316e-01 -5.1854e-01 +1.9366e-02 -9.7808e-01 -8.5422e-01
62 0 +1.703770132e+02 +8.263670132e+02 +8.263670132e+02 +1.1668e-01 +3.6795e-01 +3.2556e-02 +1.1067e-01 +2.9362e-01 -9.7412e-01 -2.0004e+00 +8.3469e-01 -1.4410e+00 -6.0148e-01
73 0 +1.565987515e+02 +8.125887515e+02 +8.125887515e+02 +3.0308e-01 +1.5090e+00 -4.0822e-01 +8.7888e-01 -5.0675e-01 -1.1860e+00 -1.6873e+00 +1.1375e+00 -1.7084e+00 -1.3270e+00
82 0 +1.467758722e+02 +8.027658722e+02 +8.027658722e+02 +1.8051e-01 +1.7482e+00 -4.1687e-01 +1.6937e-01 -1.5720e-01 -7.4249e-01 -2.6822e+00 +1.0786e+00 -2.4339e+00 -1.7723e+00
91 0 +1.418710406e+02 +7.978610406e+02 +7.978610406e+02 +1.2559e+00 -4.3162e-01 -2.8117e-01 +7.6766e-01 +9.4467e-02 +1.9269e-01 -2.4998e+00 +2.0476e+00 -2.3460e+00 -1.7454e+00
98 0 +1.257562165e+02 +7.817462165e+02 +7.817462165e+02 +1.1709e-01 +1.4921e+00 -2.2255e+00 +6.5989e-01 +4.1065e-01 -1.8357e+00 -2.6642e+00 +2.0371e+00 -3.0936e+00 -2.1283e+00
101 0 +1.086315981e+02 +7.646215981e+02 +7.646215981e+02 +2.6871e-01 +2.5521e-01 -3.3833e-01 +2.1896e-01 +2.8475e-01 -1.7075e+00 -3.6376e+00 +2.2085e+00 -4.5000e+00 -2.4431e+00
112 0 +1.032388434e+02 +7.592288434e+02 +7.592288434e+02 -1.0846e+00 +7.0626e-02 -2.1604e+00 +1.9221e-01 +1.7474e+00 -1.2801e+00 -2.8068e+00 +3.9317e+00 -4.3134e+00 -2.8533e+00
117 0 +9.996293736e+01 +7.559529374e+02 +7.559529374e+02 +1.0744e+00 +6.0436e-02 -2.6335e+00 +3.6148e-01 -1.4179e+00 -2.6949e+00 -4.7484e+00 +2.0019e+00 -4.1584e+00 -1.8349e+00
121 0 +8.120814370e+01 +7.371981437e+02 +7.371981437e+02 -4.3807e-01 -1.2162e-01 -4.6887e+00 +3.4444e-01 -1.6994e+00 -5.2229e-01 -4.4433e+00 +3.8028e+00 -3.7711e+00 -3.5632e+00
124 0 +6.909914441e+01 +7.250891444e+02 +7.250891444e+02 +9.0159e-01 +2.9915e+00 -3.4824e+00 +2.1286e-01 -1.9544e-01 -4.4467e+00 -4.2623e+00 +3.6323e+00 -5.9350e+00 -3.5146e+00
131 0 +4.672923531e+01 +7.027192353e+02 +7.027192353e+02 -3.6358e-01 +1.7711e+00 -2.2887e+00 -1.0921e-01 +5.6683e-01 -4.5547e+00 -5.1475e+00 +5.8337e+00 -6.9790e+00 -5.8044e+00
149 0 +4.139274123e+01 +6.973827412e+02 +6.973827412e+02 +7.7974e-01 +8.4245e-01 -3.3274e+00 +2.6573e-01 -1.5071e+00 -3.4027e+00 -6.4673e+00 +4.8037e+00 -6.9678e+00 -5.6346e+00
151 0 +2.914497738e+01 +6.851349774e+02 +6.851349774e+02 -1.1075e+00 +3.2658e-01 -7.6683e+00 +3.4170e-01 -3.0817e+00 -4.7818e+00 -8.5003e+00 +6.6875e+00 -8.6848e+00 -7.4922e+00
162 0 +2.637541287e+01 +6.823654129e+02 +6.823654129e+02 -3.2599e+00 +2.9321e+00 -8.9040e+00 +3.4080e+00 -3.6477e+00 -4.8113e+00 -9.1776e+00 +9.4083e+00 -7.1332e+00 -8.0462e+00
165 0 +2.611459759e+01 +6.821045976e+02 +6.821045976e+02 +2.3679e+00 -2.1087e+00 -7.9260e+00 -2.4243e+00 -3.6512e+00 -6.3508e+00 -9.2373e+00 +7.4404e+00 -6.8391e+00 -6.1313e+00
166 0 +2.362513180e+01 +6.796151318e+02 +6.796151318e+02 -4.7600e-01 +5.9285e+00 -8.5639e+00 +3.9644e+00 -5.6913e+00 -7.9160e+00 -9.8439e+00 +4.6992e+00 -1.1020e+01 -9.3419e+00
171 0 +1.435709244e+01 +6.703470924e+02 +6.703470924e+02 +1.6562e+00 +9.9804e-01 -8.7159e+00 +3.4838e+00 -6.5804e+00 -7.1197e+00 -1.1125e+01 +5.4134e+00 -5.6841e+00 -6.7202e+00
184 0 +8.741592884e+00 +6.647315929e+02 +6.647315929e+02 +1.0519e+00 -4.4076e+00 -9.3863e+00 +4.2904e+00 -8.5332e+00 -4.3044e+00 -1.1764e+01 +5.2000e+00 -7.3715e+00 -1.0210e+01
197 0 +6.742484406e-02 +6.560574248e+02 +6.560574248e+02 +8.7146e+00 -4.9478e+00 -5.2210e+00 +5.5473e+00 -8.4154e+00 -1.2299e+01 -1.0739e+01 +6.4851e+00 -6.8798e+00 -5.6620e+00
231 0 +0.000000000e+00 +6.559900000e+02 +6.559900000e+02 +5.3475e+00 -1.0495e+01 -1.3029e+01 +1.3674e+01 -2.3004e+01 -1.3877e+01 -1.3384e+01 +1.1259e+01 -7.8051e+00 -1.2065e+01
370 0 +0.000000000e+00 +6.559900000e+02 +6.559900000e+02 +5.3475e+00 -1.0495e+01 -1.3029e+01 +1.3674e+01 -2.3004e+01 -1.3877e+01 -1.3384e+01 +1.1259e+01 -7.8051e+00 -1.2065e+01
% f evaluations | g evaluations | best noise-free fitness - Fopt (6.671000000000e+01) + sum g_i+ | measured fitness | best measured fitness or single-digit g-values | x1 | x2...
1 0 +1.995078688e+02 +2.662178688e+02 +2.662178688e+02 +3.3257e-04 -8.6864e-02 -3.3482e-01 -3.8649e-03 -1.1351e-01 -1.4434e-01 -4.5521e-01 -1.4727e-01 -7.2207e-02 -1.9439e-01
6 0 +1.959712556e+02 +2.626812556e+02 +2.626812556e+02 -3.6325e-01 -1.5102e-01 -2.1058e-01 -5.9229e-01 -7.9674e-01 -1.7305e-02 -1.9686e-01 -1.9852e-01 +2.3081e-01 -2.6971e-01
12 0 +1.930002007e+02 +2.597102007e+02 +2.597102007e+02 -7.6623e-02 +2.3322e-01 -1.1195e-01 +4.3925e-01 +2.4085e-02 +3.5839e-01 +3.7382e-01 -7.3151e-01 +1.2410e-01 -5.6069e-01
18 0 +1.903136802e+02 +2.570236802e+02 +2.570236802e+02 -1.6135e-01 +2.0368e-01 +6.0854e-01 +4.1151e-01 -4.5514e-01 -5.2650e-02 -5.7890e-01 -5.0849e-01 +2.7975e-01 -5.2856e-01
23 0 +1.860165495e+02 +2.527265495e+02 +2.527265495e+02 -7.8812e-01 -8.5407e-02 +7.9866e-01 +8.2244e-01 -1.2394e-01 -1.4348e-02 -5.1195e-01 -4.1534e-01 +1.0152e+00 -3.9730e-01
24 0 +1.801612766e+02 +2.468712766e+02 +2.468712766e+02 +4.6348e-02 -9.1242e-02 +9.2779e-02 +3.0580e-01 -7.2751e-01 +7.1559e-01 -5.0190e-01 -5.3589e-01 +8.0681e-01 -7.2257e-01
44 0 +1.774461221e+02 +2.441561221e+02 +2.441561221e+02 +2.1813e-01 -5.0969e-01 +4.5370e-01 +8.4715e-01 -7.5920e-01 +4.4819e-01 -5.0871e-01 -3.6989e-01 +1.1510e+00 -8.1794e-01
59 0 +1.708295556e+02 +2.375395556e+02 +2.375395556e+02 +1.5555e-02 -5.5217e-01 +1.1231e+00 +2.9825e-02 +2.4032e-01 +5.0990e-01 -7.4447e-01 -5.2739e-01 +1.2039e+00 -1.7527e+00
61 0 +1.686418107e+02 +2.353518107e+02 +2.353518107e+02 +7.4732e-02 +2.8672e-01 +9.3680e-01 +1.7216e-01 -4.0379e-01 -2.9250e-01 -9.8356e-01 -6.4915e-01 +1.4651e+00 -1.7470e+00
71 0 +1.585045815e+02 +2.252145815e+02 +2.252145815e+02 -6.3072e-02 +1.5150e-01 +1.0398e+00 +3.8163e-01 -5.0328e-01 +2.2252e-02 -1.5693e+00 -1.1367e+00 +1.5969e+00 -1.8945e+00
83 0 +1.547133238e+02 +2.214233238e+02 +2.214233238e+02 -2.1558e-01 +7.3439e-01 +1.3028e+00 +2.1768e-01 -3.1625e-01 +4.6126e-01 -1.1314e+00 -1.2526e+00 +2.0418e+00 -2.0964e+00
84 0 +1.447577311e+02 +2.114677311e+02 +2.114677311e+02 +3.9411e-01 -6.4423e-01 +5.2761e-01 +6.1311e-01 -3.4627e-01 -6.1530e-01 -1.9652e+00 -3.3482e-01 +1.5865e+00 -3.6547e+00
91 0 +1.416761197e+02 +2.083861197e+02 +2.083861197e+02 -2.0946e-01 +6.0027e-01 +1.0284e+00 -1.0096e+00 +4.0527e-01 +7.3758e-01 -1.4691e+00 -9.6444e-01 +3.0293e+00 -2.9550e+00
92 0 +1.233035841e+02 +1.900135841e+02 +1.900135841e+02 -2.6300e-01 -6.2386e-01 +3.6997e-01 +7.0640e-01 -7.0253e-01 +5.1637e-01 -1.2116e+00 -1.4361e+00 +3.1716e+00 -3.6470e+00
111 0 +1.154340492e+02 +1.821440492e+02 +1.821440492e+02 +6.9789e-01 -1.0853e-01 +1.6618e+00 +1.1674e+00 -7.4881e-01 -5.9575e-03 -2.0507e+00 -1.9384e+00 +2.5660e+00 -4.6659e+00
113 0 +1.076684781e+02 +1.743784781e+02 +1.743784781e+02 +7.0360e-01 -2.5270e-01 +1.8414e+00 +1.1674e+00 -1.1316e+00 +8.5580e-01 -1.2062e+00 -3.5331e+00 +1.8869e+00 -5.7803e+00
118 0 +1.056362770e+02 +1.723462770e+02 +1.723462770e+02 +1.3857e-01 -3.2306e-01 +7.8604e-01 +3.3742e-01 -3.6912e-01 -4.6030e-01 -3.4543e+00 -1.5008e+00 +3.7837e+00 -4.5317e+00
122 0 +9.937287825e+01 +1.660828782e+02 +1.660828782e+02 +5.7833e-01 -1.1941e+00 +6.3862e-01 +1.5336e+00 -5.1823e-01 +9.5745e-01 -3.0197e+00 -1.1715e+00 +4.7170e+00 -3.9327e+00
123 0 +9.391743403e+01 +1.606274340e+02 +1.606274340e+02 +5.8168e-01 -3.5401e-01 +1.9261e+00 +2.2540e+00 -9.5918e-01 +4.0210e-01 -2.2043e+00 -2.5532e+00 +3.7791e+00 -7.2503e+00
133 0 +8.338520024e+01 +1.500952002e+02 +1.500952002e+02 -9.6100e-01 +1.1347e-01 +9.3214e-01 +8.3405e-01 +5.7988e-01 -2.3952e+00 -4.1963e+00 -3.6592e+00 +5.1788e+00 -8.3554e+00
134 0 +7.794176405e+01 +1.446517640e+02 +1.446517640e+02 -1.0601e+00 +3.7658e-01 +1.1523e+00 +1.1284e+00 -4.9746e-01 -8.6984e-01 -2.9380e+00 -4.1227e+00 +5.6092e+00 -5.9535e+00
141 0 +7.510223022e+01 +1.418122302e+02 +1.418122302e+02 +1.3024e+00 +2.5448e-01 +7.6242e-01 +2.1512e+00 -1.0668e+00 -1.1072e+00 -2.3095e+00 -4.8527e+00 +5.9315e+00 -5.7377e+00
160 0 +6.346624104e+01 +1.301762410e+02 +1.301762410e+02 -2.6232e-01 +3.5837e-01 +2.3199e+00 +3.0950e+00 -2.7871e+00 +3.2912e-01 -2.2963e+00 -6.7200e+00 +6.1661e+00 -9.4726e+00
161 0 +5.591365516e+01 +1.226236552e+02 +1.226236552e+02 +2.5318e+00 -8.0752e-01 +2.1172e-01 +3.5267e+00 -2.8367e+00 +1.8638e+00 -2.0250e+00 -5.8021e+00 +7.0755e+00 -1.0026e+01
172 0 +5.203529042e+01 +1.187452904e+02 +1.187452904e+02 +1.1174e+00 -2.4274e-01 -4.9214e-01 +3.1135e+00 -5.8608e+00 +1.7155e+00 -3.0037e+00 -4.5120e+00 +4.4583e+00 -7.8650e+00
173 0 +4.505200127e+01 +1.117620013e+02 +1.117620013e+02 +2.9163e-01 -5.7716e-01 +2.0931e-01 +5.8299e+00 -4.6361e+00 +1.8607e+00 -2.1855e+00 -6.7090e+00 +5.8782e+00 -9.9196e+00
185 0 +3.869302269e+01 +1.054030227e+02 +1.054030227e+02 +8.2351e-01 +3.1548e+00 -4.6497e+00 +2.9659e+00 -4.6336e+00 +3.2412e+00 -2.8391e+00 -7.2816e+00 +7.4277e+00 -9.1601e+00
191 0 +3.767165870e+01 +1.043816587e+02 +1.043816587e+02 -3.0059e+00 +2.3745e+00 -3.6257e+00 +1.0479e+01 -1.2225e+01 +5.3720e+00 +1.4059e-01 -7.2114e+00 +7.2534e+00 -1.1819e+01
192 0 +2.794380668e+01 +9.465380668e+01 +9.465380668e+01 +1.7910e+00 +5.5146e+00 -6.5007e+00 +6.5843e+00 -6.4833e+00 +4.7174e+00 -3.5873e+00 -6.7154e+00 +6.5727e+00 -5.1710e+00
206 0 +1.311751894e+01 +7.982751894e+01 +7.982751894e+01 -2.0646e+00 +1.6193e+00 -8.8840e+00 +1.0469e+01 -4.4131e+00 +5.5843e+00 -5.4196e+00 -7.1353e+00 +1.0253e+01 -7.2433e+00
227 0 +1.014417568e+01 +7.685417568e+01 +7.685417568e+01 -2.5892e+00 -2.6196e-01 -4.0324e+00 +9.5598e+00 -8.7457e+00 +6.1274e+00 -7.3603e+00 -6.2022e+00 +1.2096e+01 -7.8470e+00
242 0 +9.416541033e+00 +7.612654103e+01 +7.612654103e+01 -5.0689e+00 +2.2909e+00 -8.8253e+00 +9.5411e+00 -8.4192e+00 +1.2705e+01 -1.0037e+01 -5.4665e+00 +1.7621e+01 -2.0115e+01
251 0 +9.230356659e+00 +7.594035666e+01 +7.594035666e+01 -3.5355e+00 +1.0128e+00 -7.0722e+00 +6.5813e+00 -6.9005e+00 +1.0592e+01 -8.7087e+00 -8.1269e+00 +1.8210e+01 -2.2006e+01
259 0 +3.549728012e+00 +7.025972801e+01 +7.025972801e+01 -3.9223e+00 -3.0860e+00 -8.0586e+00 +1.5332e+01 -1.4926e+01 +1.3371e+01 -8.9512e+00 -8.4095e+00 +1.7832e+01 -2.2455e+01
271 0 +2.187047384e+00 +6.889704738e+01 +6.889704738e+01 -4.3899e+00 -3.7790e+00 -1.6876e+01 +2.8717e+01 -1.7049e+01 +1.9726e+01 -1.5757e+01 -8.7802e+00 +1.4194e+01 -2.4881e+01
275 0 +0.000000000e+00 +6.671000000e+01 +6.671000000e+01 -1.2037e+01 -6.5564e+00 -1.4652e+01 +6.7526e+00 -1.5257e+01 +1.8674e+01 -1.5018e+01 -1.2266e+01 +1.5304e+01 -2.7500e+01
380 0 +0.000000000e+00 +6.671000000e+01 +6.671000000e+01 -1.2037e+01 -6.5564e+00 -1.4652e+01 +6.7526e+00 -1.5257e+01 +1.8674e+01 -1.5018e+01 -1.2266e+01 +1.5304e+01 -2.7500e+01
% f evaluations | g evaluations | best noise-free fitness - Fopt (9.416700000000e+02) + sum g_i+ | measured fitness | best measured fitness or single-digit g-values | x1 | x2...
1 0 +1.995874140e+02 +1.141257414e+03 +1.141257414e+03 +3.3257e-04 -8.6864e-02 -3.3482e-01 -3.8649e-03 -1.1351e-01 -1.4434e-01 -4.5521e-01 -1.4727e-01 -7.2207e-02 -1.9439e-01
6 0 +1.965493995e+02 +1.138219399e+03 +1.138219399e+03 -3.6325e-01 -1.5102e-01 -2.1058e-01 -5.9229e-01 -7.9674e-01 -1.7305e-02 -1.9686e-01 -1.9852e-01 +2.3081e-01 -2.6971e-01
12 0 +1.871474666e+02 +1.128817467e+03 +1.128817467e+03 +4.9066e-02 -5.0552e-01 -3.7098e-02 -4.4301e-02 -2.1370e-01 +1.3044e-01 -8.3549e-02 -8.5822e-01 +4.5296e-01 -7.5880e-01
28 0 +1.855971992e+02 +1.127267199e+03 +1.127267199e+03 -9.1368e-02 -1.7015e-01 +9.8561e-02 -3.0221e-01 -4.5623e-01 +1.4520e-01 -5.1742e-01 -1.1383e+00 +6.2697e-01 -4.0982e-01
34 0 +1.813988619e+02 +1.123068862e+03 +1.123068862e+03 +3.4262e-02 +3.5577e-01 +4.7022e-01 +6.1674e-01 -7.2452e-01 -5.8009e-01 +2.4634e-01 -1.3435e+00 +8.1742e-01 -3.9890e-01
46 0 +1.761510704e+02 +1.117821070e+03 +1.117821070e+03 -1.3176e-01 +4.1206e-01 +7.5500e-01 -1.6578e-01 -4.9980e-01 -1.2810e+00 +1.2748e-01 -9.1658e-01 +1.3133e+00 -6.6286e-01
57 0 +1.713058609e+02 +1.112975861e+03 +1.112975861e+03 -7.8346e-01 +7.6358e-01 -7.5713e-02 -3.3706e-01 -3.8092e-01 -7.4833e-01 +9.4529e-03 -7.6293e-01 +1.7787e+00 -1.2046e+00
59 0 +1.639829580e+02 +1.105652958e+03 +1.105652958e+03 -8.6255e-01 +1.1458e+00 +5.8718e-01 +8.4703e-01 -9.1782e-01 -6.2149e-01 -1.0311e-01 -7.3625e-01 +1.4328e+00 -1.7404e+00
62 0 +1.498449857e+02 +1.091514986e+03 +1.091514986e+03 -1.8666e+00 +1.0885e+00 +3.2565e-01 +3.9702e-01 -9.7392e-01 -9.5698e-01 +1.9110e-02 -6.8900e-01 +2.8346e+00 -2.0505e+00
73 0 +1.470216024e+02 +1.088691602e+03 +1.088691602e+03 -2.2030e+00 +1.2827e+00 +1.9673e-01 +1.6118e+00 -1.0659e+00 -5.1845e-02 +1.1206e+00 -2.1765e+00 +3.1805e+00 -1.7355e+00
75 0 +1.302045612e+02 +1.071874561e+03 +1.071874561e+03 -1.7720e+00 +9.2621e-02 -6.7588e-01 -2.7803e-01 -1.0533e+00 -1.7184e+00 -1.0573e-01 -3.0339e+00 +2.7444e+00 -2.5183e+00
82 0 +1.129001551e+02 +1.054570155e+03 +1.054570155e+03 -2.5821e+00 -2.6050e-01 +3.5891e-02 +8.7531e-01 -2.4146e+00 -3.9298e-01 +3.2124e-01 -2.5981e+00 +4.4668e+00 -2.9784e+00
96 0 +1.098428785e+02 +1.051512879e+03 +1.051512879e+03 -2.1277e+00 +6.4893e-01 -9.7342e-01 -7.5119e-01 -1.6347e+00 -5.1870e-01 +9.9652e-01 -3.3800e+00 +5.1865e+00 -3.5694e+00
98 0 +1.040993796e+02 +1.045769380e+03 +1.045769380e+03 -2.1628e+00 -1.1280e+00 +6.5729e-01 +1.8118e+00 -4.2196e+00 -1.2129e+00 +1.2928e+00 -3.6068e+00 +3.7881e+00 -3.0577e+00
99 0 +1.011893439e+02 +1.042859344e+03 +1.042859344e+03 -3.0362e+00 -2.1946e-01 -1.6520e+00 +7.2440e-01 -2.6436e+00 -4.1402e-01 -1.8220e+00 -2.6642e+00 +5.3433e+00 -2.9048e+00
103 0 +6.976114997e+01 +1.011431150e+03 +1.011431150e+03 -8.5712e-01 -6.5118e-01 -1.6588e+00 -1.1339e+00 -4.3279e+00 -1.8285e+00 -9.3250e-01 -4.8472e+00 +4.6757e+00 -4.9896e+00
112 0 +5.998547890e+01 +1.001655479e+03 +1.001655479e+03 -2.1982e+00 +1.7573e+00 -1.2653e+00 +2.6825e+00 -4.7169e+00 -1.4805e-01 -1.8977e+00 -4.9353e+00 +6.6688e+00 -5.4241e+00
126 0 +4.630232447e+01 +9.879723245e+02 +9.879723245e+02 -2.4719e+00 +4.9144e-01 -9.6603e-01 +3.1139e+00 -7.1636e+00 -2.1675e+00 -2.3098e+00 -5.6667e+00 +5.4627e+00 -8.0446e+00
131 0 +3.586745304e+01 +9.775374530e+02 +9.775374530e+02 -5.0200e+00 +1.7270e+00 -4.4803e-02 +3.1030e+00 -8.8320e+00 -3.1918e+00 -3.2380e+00 -8.4113e+00 +8.5306e+00 -9.7125e+00
141 0 +2.694463276e+01 +9.686146328e+02 +9.686146328e+02 -2.6482e+00 -1.8477e+00 +8.8810e-01 +4.1911e+00 -5.8416e+00 -5.2775e+00 -2.4320e+00 -8.2861e+00 +6.4402e+00 -7.6100e+00
147 0 +2.124930013e+01 +9.629193001e+02 +9.629193001e+02 -3.3833e+00 -4.4120e+00 -2.1047e+00 +1.7407e+00 -9.7178e+00 -5.5361e+00 -7.5776e+00 -7.1543e+00 +7.5179e+00 -7.1459e+00
157 0 +1.386371361e+01 +9.555337136e+02 +9.555337136e+02 -6.7171e+00 -2.7261e+00 -1.5505e+00 +5.0964e+00 -9.5982e+00 -6.5437e+00 -5.3457e+00 -1.0141e+01 +1.4985e+01 -1.3056e+01
171 0 +6.216125625e+00 +9.478861256e+02 +9.478861256e+02 -5.5633e+00 -5.7016e+00 +1.2735e+00 +6.7051e+00 -1.1659e+01 -1.2360e+01 -5.7577e+00 -7.9205e+00 +1.3118e+01 -1.5264e+01
185 0 +6.165278262e+00 +9.478352783e+02 +9.478352783e+02 -1.2182e+00 -8.7198e+00 +3.5711e+00 +5.1991e+00 -1.3898e+01 -1.0546e+01 -1.1901e+01 -5.7180e+00 +1.0605e+01 -1.5274e+01
203 0 +0.000000000e+00 +9.416700000e+02 +9.416700000e+02 -6.5839e+00 -1.3899e+01 +9.5674e+00 +9.8617e+00 -1.0166e+01 -9.1870e+00 -1.6640e+01 -8.1973e+00 +2.5273e+01 -1.6037e+01
410 0 +0.000000000e+00 +9.416700000e+02 +9.416700000e+02 -6.5839e+00 -1.3899e+01 +9.5674e+00 +9.8617e+00 -1.0166e+01 -9.1870e+00 -1.6640e+01 -8.1973e+00 +2.5273e+01 -1.6037e+01
% f evaluations | g evaluations | best noise-free fitness - Fopt (-3.745000000000e+01) + sum g_i+ | measured fitness | best measured fitness or single-digit g-values | x1 | x2...
1 0 +2.089456484e+02 +1.714956484e+02 +1.714956484e+02 +3.3257e-04 -8.6864e-02 -3.3482e-01 -3.8649e-03 -1.1351e-01 -1.4434e-01 -4.5521e-01 -1.4727e-01 -7.2207e-02 -1.9439e-01
2 0 +1.975060317e+02 +1.600560317e+02 +1.600560317e+02 +1.9077e-01 +5.2204e-01 +8.9006e-02 +2.1225e-01 +5.4686e-01 +1.2923e-01 +4.6283e-01 -2.7023e-01 -4.1139e-02 +3.8929e-01
14 0 +1.941079498e+02 +1.566579498e+02 +1.566579498e+02 -1.4008e-01 +6.8477e-01 -5.3107e-01 -7.3037e-02 +3.9563e-01 -1.7306e-01 +4.1438e-01 -2.9272e-01 -3.5557e-02 +8.5437e-01
24 0 +1.905238639e+02 +1.530738639e+02 +1.530738639e+02 -6.4439e-02 +4.1506e-01 -9.8733e-01 -8.6537e-01 +1.6418e-01 +2.4053e-03 +2.9349e-01 -2.0505e-01 -4.7637e-02 +1.1360e+00
32 0 +1.845358297e+02 +1.470858297e+02 +1.470858297e+02 -5.4130e-02 +5.5922e-01 -1.3114e-01 -9.1233e-01 -5.1384e-01 +2.9891e-02 +1.5266e-01 -5.9328e-01 +2.3384e-01 +9.7839e-01
44 0 +1.792754683e+02 +1.418254683e+02 +1.418254683e+02 +5.5184e-02 +2.7964e-01 -5.3812e-01 -5.7350e-01 +2.8303e-01 -1.2988e-01 +7.9883e-02 -6.5822e-01 +9.4073e-01 +1.3972e+00
52 0 +1.656325073e+02 +1.281825073e+02 +1.281825073e+02 -6.6494e-01 +1.4482e+00 +1.2308e-01 -5.6518e-01 -3.6171e-01 +5.7772e-01 +8.0491e-01 -3.3128e-01 +9.4048e-01 +2.0000e+00
62 0 +1.515128448e+02 +1.140628448e+02 +1.140628448e+02 +1.1731e-01 +1.0067e+00 +5.8472e-01 -9.7575e-01 +7.0163e-01 +1.3052e-01 +4.0779e-01 -1.4088e+00 +2.1419e+00 +2.2901e+00
73 0 +1.510774310e+02 +1.136274310e+02 +1.136274310e+02 +1.7732e-01 +1.6088e+00 +6.1753e-01 -8.4163e-01 -7.8056e-01 -3.1963e-01 -2.5016e-01 -5.3439e-01 +3.2449e+00 +1.9982e+00
75 0 +1.367746323e+02 +9.932463235e+01 +9.932463235e+01 +3.7683e-03 +2.1239e+00 +7.3726e-01 -1.7708e+00 +1.1447e+00 +1.5117e-01 +5.6754e-01 -2.4829e+00 +2.6494e+00 +2.4391e+00
82 0 +1.313066260e+02 +9.385662605e+01 +9.385662605e+01 +1.1846e-01 +2.3952e+00 +1.7817e+00 -1.3916e+00 +1.3619e+00 -9.0601e-01 -1.5856e-01 -3.1607e+00 +2.6051e+00 +3.2522e+00
96 0 +1.103891459e+02 +7.293914593e+01 +7.293914593e+01 +2.2456e+00 +1.5646e+00 +2.4940e+00 -2.4224e+00 +6.8612e-01 -4.1737e-01 -2.7042e-01 -2.4931e+00 +3.2954e+00 +4.4516e+00
105 0 +1.093727195e+02 +7.192271950e+01 +7.192271950e+01 +7.5836e-01 +1.7818e+00 +9.9546e-01 -1.7182e+00 +3.3362e-01 -2.0811e-01 +7.4743e-01 -2.1848e+00 +3.1446e+00 +4.7315e+00
106 0 +1.050479051e+02 +6.759790512e+01 +6.759790512e+01 +1.8066e+00 +8.2756e-01 +3.9009e-01 -2.3893e+00 +2.0678e+00 -1.1246e+00 +1.4773e+00 -4.6592e+00 +3.6572e+00 +3.7317e+00
107 0 +9.967313511e+01 +6.222313511e+01 +6.222313511e+01 +8.4334e-01 +1.7296e+00 +1.2529e+00 -2.0980e+00 +8.8528e-02 -4.5231e-01 +1.3484e+00 -1.5828e+00 +4.3870e+00 +4.7145e+00
111 0 +9.505289833e+01 +5.760289833e+01 +5.760289833e+01 +4.8074e-01 +5.7373e-01 +2.5786e+00 -2.4514e+00 +9.8085e-01 -1.3382e+00 +1.3187e+00 -1.9143e+00 +5.3892e+00 +4.9719e+00
126 0 +8.884649264e+01 +5.139649264e+01 +5.139649264e+01 -1.5337e-01 -1.1210e+00 +4.2728e+00 -2.5645e+00 +1.4034e+00 -2.2851e+00 +3.7171e+00 -3.9369e+00 +3.3210e+00 +6.4111e+00
127 0 +7.757770797e+01 +4.012770797e+01 +4.012770797e+01 +2.4690e+00 -5.1852e-01 +1.9680e+00 -3.7722e+00 +5.6650e-01 +6.6394e-01 +2.8949e+00 -3.7344e+00 +3.4777e+00 +5.0748e+00
131 0 +6.352557804e+01 +2.607557804e+01 +2.607557804e+01 +1.5996e+00 -1.0081e+00 +4.1035e+00 -4.9250e+00 +6.9706e-02 -8.2153e-01 +4.0007e+00 -3.1581e+00 +7.0518e+00 +7.8992e+00
144 0 +5.113426056e+01 +1.368426056e+01 +1.368426056e+01 +2.0568e+00 -1.9936e+00 +4.2784e+00 -1.2352e+00 -4.3915e+00 +2.4903e+00 +5.0049e+00 -3.4250e+00 +3.7486e+00 +5.8100e+00
153 0 +4.967117559e+01 +1.222117559e+01 +1.222117559e+01 +5.3524e+00 -3.3567e+00 +2.1875e+00 -4.3242e+00 -8.2355e-01 -8.7377e-01 +5.1298e+00 -6.6830e+00 +5.8101e+00 +8.4650e+00
154 0 +4.595562293e+01 +8.505622929e+00 +8.505622929e+00 +1.8663e+00 -2.1431e+00 +2.3522e-01 -3.0460e-01 -1.2390e+00 +4.7829e+00 +4.2779e+00 -4.8586e+00 +6.5713e+00 +4.9913e+00
159 0 +3.311631263e+01 -4.333687368e+00 -4.333687368e+00 +3.8352e+00 -6.6601e-01 +5.4218e+00 -1.7368e+00 -4.6494e+00 +1.4200e+00 +4.1895e+00 -7.4155e+00 +1.0161e+01 +5.4171e+00
163 0 +3.204844418e+01 -5.401555821e+00 -5.401555821e+00 +5.1778e+00 -1.9269e+00 +1.3390e+00 -1.2961e+00 -4.0184e+00 +3.2515e+00 +5.0932e+00 -7.7748e+00 +7.8697e+00 +7.9811e+00
168 0 +3.136935219e+01 -6.080647811e+00 -6.080647811e+00 +4.4283e+00 +1.2652e+00 +3.5699e+00 -2.7458e+00 -6.5946e+00 +1.4832e+00 +3.6873e+00 -5.6997e+00 +7.6796e+00 +5.0725e+00
177 0 +1.910270891e+01 -1.834729109e+01 -1.834729109e+01 +3.9082e+00 -3.5230e-01 +5.0929e+00 -2.3747e+00 -5.3801e+00 +4.1806e+00 +4.4620e+00 -7.0482e+00 +6.7627e+00 +6.7418e+00
185 0 +8.035269944e+00 -2.941473006e+01 -2.941473006e+01 +7.3874e+00 +2.0044e+00 +7.0658e+00 -3.0662e+00 -5.0647e+00 +6.6071e+00 +8.7299e+00 -6.5123e+00 +6.0144e+00 +6.5558e+00
197 0 +1.493979443e+00 -3.595602056e+01 -3.595602056e+01 +7.5703e+00 +8.2111e+00 +7.5581e+00 -4.3066e+00 -5.0534e+00 +7.3930e+00 +1.0494e+01 -5.0171e+00 +5.6812e+00 +5.6382e+00
219 0 +0.000000000e+00 -3.745000000e+01 -3.745000000e+01 +8.5343e+00 +6.6356e+00 +9.7274e+00 -9.5305e+00 -1.2359e+01 +1.2180e+01 +1.4464e+01 -1.1934e+01 +1.0948e+01 +7.7623e+00
340 0 +0.000000000e+00 -3.745000000e+01 -3.745000000e+01 +8.5343e+00 +6.6356e+00 +9.7274e+00 -9.5305e+00 -1.2359e+01 +1.2180e+01 +1.4464e+01 -1.1934e+01 +1.0948e+01 +7.7623e+00
% f evaluations | g evaluations | best noise-free fitness - Fopt (-6.639000000000e+01) + sum g_i+ | measured fitness | best measured fitness or single-digit g-values | x1 | x2...
1 0 +2.039580695e+02 +1.375680695e+02 +1.375680695e+02 +3.3257e-04 -8.6864e-02 -3.3482e-01 -3.8649e-03 -1.1351e-01 -1.4434e-01 -4.5521e-01 -1.4727e-01 -7.2207e-02 -1.9439e-01
3 0 +2.007470600e+02 +1.343570600e+02 +1.343570600e+02 +2.0258e-01 +9.5875e-03 +2.7545e-01 +1.1415e-01 +1.5491e-01 -1.0657e-01 +6.2635e-02 +9.8527e-02 -1.4947e-01 -6.2756e-01
6 0 +1.981888652e+02 +1.317988652e+02 +1.317988652e+02 -3.6325e-01 -1.5102e-01 -2.1058e-01 -5.9229e-01 -7.9674e-01 -1.7305e-02 -1.9686e-01 -1.9852e-01 +2.3081e-01 -2.6971e-01
9 0 +1.947340483e+02 +1.283440483e+02 +1.283440483e+02 -1.3975e-01 -8.3232e-02 +1.0650e-02 +2.5447e-01 +4.8901e-02 +3.6260e-01 +1.5076e-01 -4.7516e-01 +3.0692e-01 -1.9591e-01
17 0 +1.880374563e+02 +1.216474563e+02 +1.216474563e+02 -1.2106e-01 +8.2578e-02 -8.9325e-02 +8.8370e-02 -8.1689e-03 +1.4902e-01 +3.6358e-01 -3.6307e-01 +7.8293e-01 -5.2587e-01
26 0 +1.843609506e+02 +1.179709506e+02 +1.179709506e+02 -4.9089e-01 -1.3430e-01 -7.8303e-01 +3.8188e-02 -4.5687e-01 +7.9573e-02 +2.2225e-01 -8.5339e-01 +7.5419e-01 -4.7366e-01
44 0 +1.810766983e+02 +1.146866983e+02 +1.146866983e+02 -2.0110e-01 -8.6822e-03 -1.4748e-01 +3.4231e-01 -8.0493e-01 -1.4145e-02 -2.3993e-01 -8.0422e-01 +7.9543e-01 -1.0042e+00
57 0 +1.778028070e+02 +1.114128070e+02 +1.114128070e+02 -6.3986e-02 +6.0136e-01 -1.0364e-01 -1.9166e-01 -4.8026e-01 -4.5802e-01 +2.9153e-01 -1.5703e+00 +7.9145e-01 -9.3592e-01
62 0 +1.694416284e+02 +1.030516284e+02 +1.030516284e+02 -3.1132e-01 +2.3647e-01 -1.4727e-01 -7.7448e-01 -9.2378e-01 -2.0842e-02 -1.9999e-01 -2.3026e+00 +1.5316e+00 -8.4820e-01
73 0 +1.577763817e+02 +9.138638172e+01 +9.138638172e+01 +3.6104e-01 -3.6142e-02 -1.0676e-01 -9.0637e-02 -1.6054e+00 +1.7468e-01 +7.4045e-02 -2.3207e+00 +1.7630e+00 -1.3995e+00
81 0 +1.540641389e+02 +8.767413887e+01 +8.767413887e+01 -6.0341e-01 +6.4939e-01 +5.5673e-01 -7.8109e-01 -7.4410e-01 -5.6704e-01 +5.1253e-01 -2.3988e+00 +1.9060e+00 -1.9904e+00
82 0 +1.449876511e+02 +7.859765106e+01 +7.859765106e+01 -1.0672e+00 +5.6483e-01 -3.0144e-01 -3.4415e-02 -2.1594e+00 +3.8721e-02 +6.7836e-01 -2.0074e+00 +1.5663e+00 -2.3677e+00
91 0 +1.425842210e+02 +7.619422101e+01 +7.619422101e+01 -3.9499e-02 +6.7767e-01 +1.0905e+00 -8.8522e-02 -1.6435e-01 +1.1296e+00 +6.7493e-01 -2.2934e+00 +2.2796e+00 -2.3810e+00
96 0 +1.371973754e+02 +7.080737545e+01 +7.080737545e+01 -8.4495e-01 +7.8643e-01 -6.4783e-01 +3.1378e-01 -1.7394e+00 -6.5742e-01 +1.8442e-01 -3.2305e+00 +2.2418e+00 -2.3476e+00
99 0 +1.338564620e+02 +6.746646197e+01 +6.746646197e+01 -4.8918e-01 +4.8875e-01 +3.9293e-02 -1.9259e-01 -2.2241e+00 -4.7357e-01 +1.4773e+00 -2.4847e+00 +1.5026e+00 -3.1978e+00
101 0 +1.244582027e+02 +5.806820272e+01 +5.806820272e+01 -1.1331e+00 +1.9531e+00 +1.2850e-01 -1.4022e+00 -1.5838e+00 +2.1027e-01 +6.8272e-01 -3.8996e+00 +2.8040e+00 -2.6050e+00
112 0 +1.182812104e+02 +5.189121043e+01 +5.189121043e+01 -1.1916e+00 +1.2482e+00 -8.4456e-01 -1.9141e+00 -2.0595e+00 +1.2910e+00 +2.2998e+00 -3.8828e+00 +3.2437e+00 -1.6541e+00
114 0 +1.163899487e+02 +4.999994866e+01 +4.999994866e+01 -1.1262e+00 +1.7166e+00 +3.3647e-01 -1.4744e+00 -2.7180e+00 +1.3770e+00 -9.6702e-01 -4.2284e+00 +2.4945e+00 -3.5666e+00
122 0 +9.816762208e+01 +3.177762208e+01 +3.177762208e+01 -5.8786e-01 -5.7056e-02 -1.1883e+00 -6.0880e-02 -1.4093e+00 +1.9187e+00 +1.2531e+00 -4.7919e+00 +3.3053e+00 -3.2863e+00
131 0 +7.453225439e+01 +8.142254394e+00 +8.142254394e+00 -1.7302e+00 +7.3634e-01 -1.2298e+00 -1.8902e+00 -2.1471e+00 +2.1408e+00 +5.3714e-01 -6.3996e+00 +5.8940e+00 -4.4306e+00
146 0 +6.990700217e+01 +3.517002167e+00 +3.517002167e+00 -2.1190e+00 +2.6307e+00 -1.7993e+00 -1.3623e+00 -3.3878e+00 +2.4762e+00 +1.3252e+00 -7.0479e+00 +4.0909e+00 -4.2732e+00
154 0 +6.440757316e+01 -1.982426844e+00 -1.982426844e+00 -3.9971e+00 +1.6251e+00 -1.3962e+00 -1.7557e-01 -6.0565e+00 +1.2074e+00 +8.5148e-01 -6.7738e+00 +4.8507e+00 -4.2158e+00
156 0 +5.621753032e+01 -1.017246968e+01 -1.017246968e+01 -2.1402e+00 +1.5550e+00 -2.4442e+00 -1.7647e+00 -4.5745e+00 +4.5931e+00 +3.7420e+00 -6.0964e+00 +3.7157e+00 -3.8358e+00
162 0 +4.590625527e+01 -2.048374473e+01 -2.048374473e+01 -2.2749e+00 +8.8031e-01 -2.9496e+00 +1.8546e-01 -6.7386e+00 +4.5225e+00 +2.8439e+00 -8.5213e+00 +3.4058e+00 -6.2803e+00
164 0 +3.849604150e+01 -2.789395850e+01 -2.789395850e+01 -5.5651e+00 +2.1103e+00 -2.0142e+00 -3.1967e+00 -4.3376e+00 +3.1789e+00 +4.6012e+00 -7.3076e+00 +4.7565e+00 -5.4334e+00
171 0 +2.164599323e+01 -4.474400677e+01 -4.474400677e+01 -6.1913e+00 +2.5529e+00 -4.1570e+00 -2.5582e+00 -5.0183e+00 +4.7786e+00 +5.0887e+00 -7.4299e+00 +5.1445e+00 -5.0420e+00
227 0 +2.070923044e+01 -4.568076956e+01 -4.568076956e+01 -4.9513e+00 +7.1594e+00 +2.6484e-01 +7.4019e-01 -9.2047e+00 +4.2485e+00 +1.0443e+01 -8.5057e+00 +5.2437e+00 -9.3995e+00
229 0 +1.802477803e+01 -4.836522197e+01 -4.836522197e+01 -1.2444e+01 +7.4957e+00 +6.0736e-01 +2.0762e+00 -1.0454e+01 +4.3400e+00 +9.7692e+00 -8.2541e+00 +5.5786e+00 -1.0326e+01
230 0 +1.145729963e+01 -5.493270037e+01 -5.493270037e+01 -1.0977e+01 +8.2082e+00 -1.2608e+00 +2.5771e+00 -7.4327e+00 +8.6131e+00 +7.1982e+00 -1.0710e+01 +6.6998e+00 -1.1948e+01
232 0 +9.750060517e+00 -5.663993948e+01 -5.663993948e+01 -1.6794e+01 +1.1454e+01 -2.7673e+00 +2.2031e+00 -5.8227e+00 +8.4302e+00 +1.0875e+01 -1.0683e+01 +9.5057e+00 -1.1779e+01
236 0 +8.783002141e+00 -5.760699786e+01 -5.760699786e+01 -8.3109e+00 +1.0287e+01 -2.7499e+00 +3.4100e+00 -1.0659e+01 +4.5537e+00 +7.4187e+00 -1.1411e+01 +5.3075e+00 -6.7240e+00
245 0 +3.510538592e+00 -6.287946141e+01 -6.287946141e+01 -1.4221e+01 +1.4162e+01 -5.5402e+00 +3.3706e+00 -6.0706e+00 +8.0531e+00 +1.1577e+01 -1.3025e+01 +1.0862e+01 -1.2044e+01
252 0 +0.000000000e+00 -6.639000000e+01 -6.639000000e+01 -1.4851e+01 +1.0055e+01 -6.5548e+00 +5.3899e+00 -7.6386e+00 +1.2578e+01 +7.2020e+00 -1.3968e+01 +1.2731e+01 -1.3937e+01
410 0 +0.000000000e+00 -6.639000000e+01 -6.639000000e+01 -1.4851e+01 +1.0055e+01 -6.5548e+00 +5.3899e+00 -7.6386e+00 +1.2578e+01 +7.2020e+00 -1.3968e+01 +1.2731e+01 -1.3937e+01
% f evaluations | g evaluations | best noise-free fitness - Fopt (-2.260100000000e+02) + sum g_i+ | measured fitness | best measured fitness or single-digit g-values | x1 | x2...
1 0 +2.015774734e+02 -2.443252660e+01 -2.443252660e+01 +3.3257e-04 -8.6864e-02 -3.3482e-01 -3.8649e-03 -1.1351e-01 -1.4434e-01 -4.5521e-01 -1.4727e-01 -7.2207e-02 -1.9439e-01
3 0 +1.984622439e+02 -2.754775614e+01 -2.754775614e+01 +2.0258e-01 +9.5875e-03 +2.7545e-01 +1.1415e-01 +1.5491e-01 -1.0657e-01 +6.2635e-02 +9.8527e-02 -1.4947e-01 -6.2756e-01
26 0 +1.929623878e+02 -3.304761225e+01 -3.304761225e+01 +2.6097e-01 +2.4668e-01 +4.9959e-01 -1.8451e-01 -3.5726e-01 +1.7374e-01 -5.3557e-01 -6.5833e-01 +3.0768e-01 -9.6005e-01
31 0 +1.881052648e+02 -3.790473520e+01 -3.790473520e+01 +3.2580e-01 +4.0801e-01 +2.4495e-01 -1.0357e-01 -1.9669e-01 -5.0471e-01 -6.8459e-01 -1.5203e-01 +7.4998e-02 -1.0648e+00
41 0 +1.840120887e+02 -4.199791133e+01 -4.199791133e+01 +4.4452e-01 +7.2120e-01 +4.4872e-01 -8.9521e-02 -4.8294e-01 +7.6479e-02 -1.0624e+00 -5.5074e-01 +7.9000e-01 -1.0478e+00
45 0 +1.801839514e+02 -4.582604860e+01 -4.582604860e+01 -1.5880e-01 +1.5890e-01 +3.4856e-02 -5.5065e-01 -6.3787e-01 -5.4148e-02 -1.3226e+00 -2.0389e-01 +6.1219e-01 -1.3302e+00
52 0 +1.749062474e+02 -5.110375256e+01 -5.110375256e+01 +3.2623e-01 +2.7655e-01 +8.7598e-01 +7.7919e-01 -8.7753e-01 -4.5970e-01 -6.9677e-01 +1.1179e-01 +4.1038e-01 -1.5095e+00
54 0 +1.716298182e+02 -5.438018185e+01 -5.438018185e+01 -5.0431e-02 +1.9874e-01 -5.5587e-02 -8.1156e-01 -6.9446e-01 -8.4569e-01 -1.9402e+00 -3.7539e-01 +1.3318e+00 -1.2214e+00
65 0 +1.646223070e+02 -6.138769296e+01 -6.138769296e+01 +2.0079e-01 -1.1638e-01 +7.1905e-01 -5.9714e-01 -3.5022e-01 -1.1920e+00 -2.5190e+00 +1.3918e-01 +1.1020e+00 -1.3846e+00
72 0 +1.610491475e+02 -6.496085250e+01 -6.496085250e+01 +7.9303e-01 -5.4510e-02 +1.7816e-01 -1.2843e+00 -6.4891e-02 -1.6392e+00 -1.9387e+00 +2.0872e-01 +1.4742e+00 -1.8896e+00
79 0 +1.584377333e+02 -6.757226670e+01 -6.757226670e+01 -3.8531e-02 +6.8777e-02 +6.7101e-01 -5.2434e-01 -7.7908e-02 -1.1494e+00 -1.6821e+00 -2.8460e-01 +1.8429e+00 -2.1075e+00
82 0 +1.489729088e+02 -7.703709125e+01 -7.703709125e+01 +2.9595e-01 +1.4953e-01 +6.8852e-01 -9.4479e-01 +2.7876e-02 -4.1675e-01 -2.5996e+00 -9.0956e-01 +2.6699e+00 -2.7659e+00
90 0 +1.423786565e+02 -8.363134352e+01 -8.363134352e+01 +3.2982e-01 -2.8629e-01 +4.5491e-01 -3.5465e-01 -4.4986e-01 -1.8387e+00 -1.5042e+00 -1.3660e-02 +3.5041e+00 -2.0783e+00
94 0 +1.308869945e+02 -9.512300546e+01 -9.512300546e+01 +4.0220e-01 +5.3952e-01 +1.2674e+00 -7.4483e-01 -1.4843e-03 -2.5801e+00 -5.4974e-01 +1.6432e-01 +3.7460e+00 -3.0839e+00
103 0 +1.235000169e+02 -1.025099831e+02 -1.025099831e+02 +6.8847e-01 +3.5264e-01 +2.5819e+00 +2.2224e-01 -2.9938e-01 -5.5164e-01 -1.8524e+00 -1.3197e+00 +4.9046e+00 -3.4818e+00
104 0 +1.193613305e+02 -1.066486695e+02 -1.066486695e+02 -5.3407e-01 +6.6821e-01 -5.8131e-02 -1.5998e+00 +4.8923e-01 -1.5708e+00 -2.4880e+00 -5.0467e-01 +3.5237e+00 -4.7044e+00
117 0 +1.112432917e+02 -1.147667083e+02 -1.147667083e+02 -1.1272e+00 +6.5542e-01 +4.7834e-01 -7.1976e-01 +1.1702e+00 -3.8162e+00 -3.1209e+00 -1.2965e-01 +4.8054e+00 -3.0510e+00
122 0 +1.044071234e+02 -1.216028766e+02 -1.216028766e+02 +2.3662e-01 +3.3842e+00 -6.0276e-01 +3.5377e-01 -8.0804e-02 -2.4004e+00 -2.1131e+00 -3.1906e-01 +5.5813e+00 -4.0589e+00
124 0 +9.147157178e+01 -1.345384282e+02 -1.345384282e+02 +3.8478e-01 +1.3494e+00 +2.1284e+00 -1.8884e+00 +5.2126e-01 -4.8253e+00 -4.7262e+00 -2.0727e-01 +5.4719e+00 -3.6738e+00
133 0 +8.534506766e+01 -1.406649323e+02 -1.406649323e+02 +2.8068e+00 +4.2241e+00 -4.8558e-01 -1.6592e+00 -1.7473e-01 -3.3709e+00 -4.5643e+00 +5.2140e-01 +6.7878e+00 -4.5113e+00
136 0 +8.067700836e+01 -1.453329916e+02 -1.453329916e+02 +1.8309e+00 +3.3619e+00 +4.2444e-01 -9.9728e-01 +1.6923e+00 -6.0094e+00 -4.0069e+00 +1.5076e+00 +7.5550e+00 -4.2990e+00
141 0 +7.274038902e+01 -1.532696110e+02 -1.532696110e+02 +1.6121e+00 +1.7884e+00 -2.3071e-01 -2.5802e+00 -1.3164e-02 -4.5120e+00 -5.9903e+00 +2.9920e+00 +5.8221e+00 -4.0744e+00
142 0 +6.394915424e+01 -1.620608458e+02 -1.620608458e+02 +9.6636e-01 +2.3648e+00 +2.9518e-01 -1.1880e+00 +4.1887e-01 -7.5120e+00 -5.1528e+00 +1.9438e+00 +9.5675e+00 -5.9332e+00
155 0 +4.646164670e+01 -1.795483533e+02 -1.795483533e+02 +4.1186e+00 +2.4133e+00 +1.9465e+00 +3.2934e+00 -2.7412e+00 -5.3970e+00 -6.2402e+00 +3.6152e+00 +8.6084e+00 -3.9355e+00
161 0 +3.313622659e+01 -1.928737734e+02 -1.928737734e+02 +5.3489e+00 +6.5810e+00 +4.0472e+00 +4.4059e-01 -3.0517e+00 -5.2521e+00 -4.6218e+00 +4.2997e+00 +7.9603e+00 -5.6015e+00
183 0 +3.162452829e+01 -1.943854717e+02 -1.943854717e+02 +3.1330e+00 +3.4666e+00 +4.8545e+00 +5.4320e+00 -7.7226e+00 -6.0491e+00 -1.2378e+01 +5.7132e+00 +1.2957e+01 -2.8732e+00
186 0 +2.458735037e+01 -2.014226496e+02 -2.014226496e+02 +3.3105e-02 +2.9307e+00 +2.0794e+00 +2.7517e+00 -6.8901e+00 -5.3121e+00 -3.4561e+00 +6.3312e+00 +1.0750e+01 -5.4762e+00
195 0 +9.860270458e+00 -2.161497295e+02 -2.161497295e+02 -8.0774e-01 +1.9610e+00 +1.0042e+01 +1.0767e+01 -6.5815e+00 -5.5515e+00 -4.6245e+00 +6.4191e+00 +1.1587e+01 -6.2513e+00
213 0 +5.466759321e+00 -2.205432407e+02 -2.205432407e+02 -4.0902e-01 +6.5981e+00 +6.1350e+00 +9.5712e+00 -7.1837e+00 -4.7563e+00 -5.5152e+00 +5.0393e+00 +1.2791e+01 -9.3287e+00
241 0 +2.044272282e+00 -2.239657277e+02 -2.239657277e+02 -2.9557e+00 +1.0787e+01 +1.1747e+01 +7.4654e+00 -1.2204e+01 -1.1472e+01 -1.7608e+01 +7.6557e+00 +1.1711e+01 -1.8349e+01
252 0 +1.052142380e+00 -2.249578576e+02 -2.249578576e+02 -3.9479e+00 +6.7704e+00 +1.2502e+01 +1.2082e+01 -7.6930e+00 -1.3661e+01 -1.7635e+01 +1.2454e+01 +1.8229e+01 -2.1464e+01
261 0 +7.093326529e-01 -2.253006673e+02 -2.253006673e+02 -4.2907e+00 +1.1968e+01 +2.3061e+01 +2.1377e+01 -1.2930e+01 -2.5461e+01 -1.8899e+01 +1.4644e+01 +1.6128e+01 -2.6419e+01
262 0 +0.000000000e+00 -2.260100000e+02 -2.260100000e+02 -5.0957e+00 +9.4048e+00 +1.6899e+01 +1.6893e+01 -7.9527e+00 -8.1263e+00 -2.0677e+01 +1.6978e+01 +1.6423e+01 -2.0801e+01
360 0 +0.000000000e+00 -2.260100000e+02 -2.260100000e+02 -5.0957e+00 +9.4048e+00 +1.6899e+01 +1.6893e+01 -7.9527e+00 -8.1263e+00 -2.0677e+01 +1.6978e+01 +1.6423e+01 -2.0801e+01
% f evaluations | g evaluations | best noise-free fitness - Fopt (1.000000000000e+03) + sum g_i+ | measured fitness | best measured fitness or single-digit g-values | x1 | x2...
1 0 +1.998117915e+02 +1.199811791e+03 +1.199811791e+03 +3.3257e-04 -8.6864e-02 -3.3482e-01 -3.8649e-03 -1.1351e-01 -1.4434e-01 -4.5521e-01 -1.4727e-01 -7.2207e-02 -1.9439e-01
3 0 +1.996435488e+02 +1.199643549e+03 +1.199643549e+03 +2.0258e-01 +9.5875e-03 +2.7545e-01 +1.1415e-01 +1.5491e-01 -1.0657e-01 +6.2635e-02 +9.8527e-02 -1.4947e-01 -6.2756e-01
6 0 +1.969395053e+02 +1.196939505e+03 +1.196939505e+03 -3.6325e-01 -1.5102e-01 -2.1058e-01 -5.9229e-01 -7.9674e-01 -1.7305e-02 -1.9686e-01 -1.9852e-01 +2.3081e-01 -2.6971e-01
12 0 +1.928451076e+02 +1.192845108e+03 +1.192845108e+03 -3.3112e-01 -2.9885e-02 +1.2351e-01 -1.6027e-01 -2.1916e-01 +3.3621e-01 +4.5546e-01 -6.7156e-01 +1.7855e-01 -8.6534e-01
23 0 +1.822989454e+02 +1.182298945e+03 +1.182298945e+03 -9.4825e-01 +6.7511e-03 -2.3286e-02 -5.3259e-01 -2.2549e-01 -4.3736e-01 -6.9127e-01 -9.3884e-01 +9.2357e-01 -4.0911e-01
25 0 +1.818312484e+02 +1.181831248e+03 +1.181831248e+03 -1.9876e-01 +3.0048e-01 +3.2907e-01 +1.5084e-01 -3.1983e-01 -1.8373e-02 -3.6899e-01 -1.1417e+00 +6.8596e-01 -6.2313e-01
44 0 +1.773788554e+02 +1.177378855e+03 +1.177378855e+03 -7.2606e-01 -2.2708e-01 +3.8234e-01 +1.9570e-01 -4.5857e-01 -4.5864e-01 -1.2852e-01 -1.1532e+00 +1.1608e+00 -6.0548e-01
52 0 +1.709276400e+02 +1.170927640e+03 +1.170927640e+03 -5.3909e-02 -3.6414e-01 +6.9065e-02 +7.1831e-01 +2.0252e-01 -5.9606e-01 -2.0848e+00 -1.1227e+00 +6.0900e-01 -9.4727e-01
59 0 +1.675074464e+02 +1.167507446e+03 +1.167507446e+03 -2.0032e-01 -1.0553e+00 -6.3057e-01 +6.0175e-02 -1.6969e-01 -1.0009e-01 -1.8207e-01 -1.9697e+00 +1.2742e+00 -1.5575e+00
62 0 +1.508889470e+02 +1.150888947e+03 +1.150888947e+03 -6.2812e-01 -1.4322e+00 -8.2008e-01 +2.6366e-01 +2.2358e-01 -8.2590e-01 -2.0007e+00 -2.0162e+00 +1.7987e+00 -1.7834e+00
73 0 +1.318130647e+02 +1.131813065e+03 +1.131813065e+03 -1.6431e+00 -2.7191e-01 -1.0881e+00 +1.3915e+00 -3.2102e-01 -7.2686e-01 -2.1863e+00 -3.1344e+00 +1.7532e+00 -2.4041e+00
82 0 +1.160982414e+02 +1.116098241e+03 +1.116098241e+03 -2.5052e+00 -1.4104e+00 -1.4677e+00 +1.1898e+00 -3.9161e-01 -5.8632e-01 -4.0803e+00 -3.5210e+00 +2.2702e+00 -2.6630e+00
93 0 +1.038701745e+02 +1.103870174e+03 +1.103870174e+03 -2.3995e+00 +1.2273e+00 -2.3496e+00 +1.4875e+00 -9.8256e-01 -1.1059e+00 -3.7573e+00 -3.8160e+00 +9.8652e-01 -4.2545e+00
96 0 +9.855839864e+01 +1.098558399e+03 +1.098558399e+03 -4.1439e+00 -2.4880e+00 +3.9918e-01 +1.9377e-01 -6.5611e-01 -1.5916e+00 -3.1187e+00 -4.4945e+00 +2.5131e+00 -3.5352e+00
98 0 +8.583520010e+01 +1.085835200e+03 +1.085835200e+03 -2.7835e+00 -7.3652e-01 +8.2148e-02 +3.9338e+00 -5.3611e-01 -2.2764e-01 -4.2010e+00 -3.8860e+00 +1.6742e+00 -5.4545e+00
101 0 +8.063282697e+01 +1.080632827e+03 +1.080632827e+03 -4.5559e+00 +7.8841e-01 -1.5943e+00 +9.7114e-01 -2.5694e-01 +4.1361e-01 -6.4351e+00 -6.6954e+00 +2.1049e+00 -5.4350e+00
114 0 +5.147550356e+01 +1.051475504e+03 +1.051475504e+03 -4.8317e+00 -3.8671e-01 +3.0132e+00 +3.0918e+00 -3.4296e+00 -2.3027e+00 -4.9175e+00 -6.5342e+00 +2.0968e+00 -6.1895e+00
124 0 +4.294568164e+01 +1.042945682e+03 +1.042945682e+03 -8.0656e+00 +1.6355e+00 -2.1049e+00 +2.4709e+00 -1.6945e+00 -1.6325e+00 -9.1621e+00 -9.2918e+00 +7.2169e+00 -8.4398e+00
131 0 +2.168890847e+01 +1.021688908e+03 +1.021688908e+03 -6.2013e+00 -1.3059e+00 +6.1390e-01 +3.8344e+00 -5.3767e+00 -3.9657e+00 -1.1175e+01 -1.0698e+01 +7.8236e+00 -1.1540e+01
150 0 +5.867476306e+00 +1.005867476e+03 +1.005867476e+03 -9.8986e+00 +2.2925e+00 +7.9411e+00 +6.2199e+00 -4.8852e+00 -4.4292e+00 -8.6212e+00 -9.1625e+00 +7.2176e+00 -5.9354e+00
166 0 +3.609338834e+00 +1.003609339e+03 +1.003609339e+03 -1.4457e+01 +2.2262e+00 +5.3171e+00 +4.9875e+00 -6.0127e+00 -5.6398e+00 -2.3275e+01 -1.0851e+01 +1.1459e+01 -1.1248e+01
171 0 +3.185104558e+00 +1.003185105e+03 +1.003185105e+03 -1.1369e+01 +2.7279e+00 +6.7924e+00 +1.0369e+01 -8.5208e+00 -4.9303e+00 -2.1861e+01 -1.0452e+01 +8.4173e+00 -1.3347e+01
188 0 +2.832023127e+00 +1.002832023e+03 +1.002832023e+03 -1.6273e+01 +5.0512e+00 +3.3022e+00 +9.6619e+00 -1.8371e+01 -7.9064e+00 -3.1855e+01 -1.4435e+01 +1.3591e+01 -6.5625e+00
201 0 +1.627074529e-01 +1.000162707e+03 +1.000162707e+03 -2.0595e+01 +4.8740e+00 +1.6147e+01 +5.0294e+00 -1.4200e+01 -6.7760e+00 -1.1877e+01 -9.4436e+00 +8.6172e+00 -1.3525e+01
203 0 +0.000000000e+00 +1.000000000e+03 +1.000000000e+03 -2.7213e+01 +6.6472e+00 +1.8027e+01 +7.4176e+00 -2.2984e+01 -1.1036e+01 -2.0492e+01 -1.1002e+01 +1.0218e+01 -5.8544e+00
270 0 +0.000000000e+00 +1.000000000e+03 +1.000000000e+03 -2.7213e+01 +6.6472e+00 +1.8027e+01 +7.4176e+00 -2.2984e+01 -1.1036e+01 -2.0492e+01 -1.1002e+01 +1.0218e+01 -5.8544e+00
% f evaluations | g evaluations | best noise-free fitness - Fopt (-1.830200000000e+02) + sum g_i+ | measured fitness | best measured fitness or single-digit g-values | x1 | x2...
1 0 +2.033784101e+02 +2.035841010e+01 +2.035841010e+01 +3.3257e-04 -8.6864e-02 -3.3482e-01 -3.8649e-03 -1.1351e-01 -1.4434e-01 -4.5521e-01 -1.4727e-01 -7.2207e-02 -1.9439e-01
4 0 +1.991680416e+02 +1.614804157e+01 +1.614804157e+01 -2.4776e-02 +7.3656e-01 -8.0164e-01 -2.7399e-01 -6.8196e-02 +8.0797e-02 +3.3915e-01 +3.1273e-01 +3.9116e-01 +4.1684e-01
7 0 +1.919588016e+02 +8.938801624e+00 +8.938801624e+00 +5.0809e-01 -5.0920e-01 -8.3802e-01 -6.7846e-02 +1.1923e-01 +4.9792e-01 -1.4813e-01 -1.1283e-01 -5.0924e-02 +7.2516e-01
26 0 +1.856298436e+02 +2.609843599e+00 +2.609843599e+00 +1.2597e-01 +2.6548e-01 -1.7428e+00 -2.4446e-01 -2.5545e-01 +3.9736e-01 -5.7238e-01 -1.9764e-01 +3.3911e-01 +6.8948e-01
37 0 +1.785263330e+02 -4.493666969e+00 -4.493666969e+00 -1.0544e-03 +7.8506e-01 -1.0092e+00 -5.5910e-01 -8.0482e-02 +6.8918e-01 -2.4460e-01 -4.3937e-01 +7.8989e-01 +1.1362e+00
41 0 +1.685597165e+02 -1.446028350e+01 -1.446028350e+01 +1.0545e-01 +5.3533e-01 -1.3802e+00 -1.0791e+00 +2.9529e-01 +7.3183e-01 -5.8415e-01 -5.8836e-01 +9.8835e-01 +1.6047e+00
51 0 +1.635273756e+02 -1.949262440e+01 -1.949262440e+01 +2.3560e-01 +3.4603e-01 -1.1273e+00 -8.4041e-01 +6.1454e-01 +1.0653e+00 -9.5519e-01 +4.8286e-02 +1.5587e+00 +1.9009e+00
53 0 +1.561224456e+02 -2.689755438e+01 -2.689755438e+01 -5.3315e-01 +5.4789e-01 -1.6917e+00 -1.1032e+00 +4.3431e-01 +1.4259e+00 -7.6562e-01 -1.7967e+00 +7.8482e-01 +1.9951e+00
62 0 +1.432037985e+02 -3.981620146e+01 -3.981620146e+01 -7.1909e-02 -1.3162e-01 -1.9226e+00 -1.9617e+00 +9.9273e-01 +1.1562e+00 -1.0900e+00 -6.1071e-01 +2.6677e+00 +2.2844e+00
65 0 +1.380761165e+02 -4.494388349e+01 -4.494388349e+01 -9.5187e-01 +2.3076e-01 -1.1526e+00 -1.5272e+00 -9.3055e-02 +9.8998e-01 -1.4667e+00 -1.5442e+00 +1.4743e+00 +3.1012e+00
71 0 +1.243020158e+02 -5.871798420e+01 -5.871798420e+01 -8.1989e-01 +3.7462e-01 -1.6498e+00 -2.2283e+00 -6.6925e-02 +1.0731e+00 -1.7848e+00 -1.7474e+00 +2.7579e+00 +2.9641e+00
83 0 +1.166000771e+02 -6.641992292e+01 -6.641992292e+01 -6.2812e-01 +5.8788e-01 -2.7446e+00 -1.8284e+00 -1.4180e+00 +1.1934e+00 -2.7832e+00 -2.6475e+00 +2.4916e+00 +2.4301e+00
89 0 +1.120118081e+02 -7.100819191e+01 -7.100819191e+01 -6.1315e-01 -7.1843e-01 -1.9465e+00 -2.3419e+00 +5.6988e-01 +1.7277e+00 -2.2278e+00 -1.9083e+00 +1.8708e+00 +4.2840e+00
92 0 +9.908071516e+01 -8.393928484e+01 -8.393928484e+01 -2.0064e+00 -3.0345e-01 -2.6100e+00 -2.3414e+00 +1.6308e+00 +2.5163e+00 -3.0527e+00 -1.7823e+00 +3.5541e+00 +4.0606e+00
95 0 +9.725545049e+01 -8.576454951e+01 -8.576454951e+01 -8.7257e-01 +6.4461e-01 -3.5480e+00 -2.0131e+00 +7.9126e-01 -1.0036e-01 -2.7838e+00 -2.3375e+00 +4.7748e+00 +3.7200e+00
103 0 +8.994440254e+01 -9.307559746e+01 -9.307559746e+01 -6.2307e-01 +3.4827e-01 -3.6099e+00 -4.9856e+00 +1.0766e+00 +9.1929e-01 -1.2964e+00 -6.1297e-01 +5.7025e+00 +5.1174e+00
106 0 +8.372293765e+01 -9.929706235e+01 -9.929706235e+01 +2.8931e-01 -1.6232e+00 -2.8867e+00 -2.6898e+00 +1.4819e+00 +8.4129e-01 -2.3855e+00 -3.4867e+00 +3.4616e+00 +4.9952e+00
109 0 +8.028597634e+01 -1.027340237e+02 -1.027340237e+02 -4.2080e-01 -7.6779e-01 -2.4398e+00 -1.6568e+00 +9.4497e-01 +1.9777e+00 -1.9559e+00 -3.7876e+00 +6.0374e+00 +4.0876e+00
112 0 +7.063871204e+01 -1.123812880e+02 -1.123812880e+02 +1.3201e-01 -1.6176e+00 -2.7799e+00 -1.7418e+00 +4.0096e+00 +2.6795e+00 -4.0475e+00 -2.8567e+00 +5.2179e+00 +6.1713e+00
122 0 +6.143693620e+01 -1.215830638e+02 -1.215830638e+02 -2.3064e+00 -1.4108e+00 -1.6123e+00 -5.3118e-01 +1.2958e-01 +1.8677e+00 -3.7706e+00 -4.5030e+00 +5.6507e+00 +7.8314e+00
123 0 +4.717251632e+01 -1.358474837e+02 -1.358474837e+02 -9.6119e-01 -1.4285e+00 -4.2727e+00 -5.7237e+00 +1.5435e+00 +3.6222e+00 -4.2356e+00 -4.9186e+00 +3.9422e+00 +6.6067e+00
128 0 +4.572942746e+01 -1.372905725e+02 -1.372905725e+02 -1.4116e+00 -1.4185e+00 -4.7000e+00 -4.5684e+00 +1.6062e+00 +1.2943e+00 -5.2746e+00 -4.7394e+00 +6.4826e+00 +5.5793e+00
132 0 +4.244714294e+01 -1.405728571e+02 -1.405728571e+02 -1.0267e+00 -8.2215e-01 -1.7719e+00 -7.7078e+00 -1.0201e+00 +2.2445e+00 -6.9891e+00 -5.6118e+00 +4.3978e+00 +5.8571e+00
139 0 +4.109657582e+01 -1.419234242e+02 -1.419234242e+02 -1.4737e+00 -3.6031e+00 -4.7371e+00 -1.9054e+00 +5.0782e-01 +2.1144e+00 -6.6366e+00 -4.9972e+00 +7.2826e+00 +5.8245e+00
144 0 +2.868988720e+01 -1.543301128e+02 -1.543301128e+02 -3.4234e+00 -3.9239e+00 -9.0855e+00 -2.0389e+00 -3.8494e+00 +2.5121e+00 -6.2419e+00 -6.1257e+00 +5.3002e+00 +4.9645e+00
155 0 +1.491883282e+01 -1.681011672e+02 -1.681011672e+02 -1.5710e+00 -7.9063e+00 -4.1935e+00 -5.0544e+00 -5.1488e+00 +4.1931e+00 -4.7136e+00 -9.8778e+00 +9.0626e+00 +4.7227e+00
156 0 +1.208002470e+01 -1.709399753e+02 -1.709399753e+02 +3.9215e+00 -4.6122e+00 -1.1073e+01 -6.1432e+00 -3.6642e+00 +3.1124e+00 -7.1533e+00 -5.3856e+00 +5.6311e+00 +5.3270e+00
163 0 +1.182280862e+01 -1.711971914e+02 -1.711971914e+02 +3.5341e+00 -7.8883e+00 -7.5225e+00 -5.7803e+00 -1.2831e+00 +5.3315e+00 -5.5902e+00 -4.9976e+00 +7.5949e+00 +6.2532e+00
167 0 +8.115602336e+00 -1.749043977e+02 -1.749043977e+02 +2.9173e+00 -8.2056e+00 -8.0266e+00 -9.3593e+00 -4.1917e+00 +4.5728e+00 -4.5156e+00 -6.7487e+00 +6.7231e+00 +6.9733e+00
173 0 +4.533851243e+00 -1.784861488e+02 -1.784861488e+02 +7.3562e-01 -8.7972e+00 -5.8400e+00 -9.2940e+00 -4.9032e+00 +9.0494e+00 -9.1287e+00 -5.8679e+00 +5.3231e+00 +1.1510e+01
208 0 +2.420715613e+00 -1.805992844e+02 -1.805992844e+02 +5.3514e+00 -1.6884e+01 -8.4514e+00 -1.8755e+01 -4.1300e+00 +1.2972e+01 -1.1270e+01 -8.8380e+00 +8.0854e+00 +1.4501e+01
213 0 +5.039481947e-02 -1.829696052e+02 -1.829696052e+02 +5.2529e+00 -1.4260e+01 -4.9889e+00 -9.9687e+00 -5.9618e+00 +1.3907e+01 -9.7615e+00 -1.0242e+01 +4.9959e+00 +9.6556e+00
229 0 +0.000000000e+00 -1.830200000e+02 -1.830200000e+02 +5.6857e+00 -1.1981e+01 -9.3514e+00 -1.2974e+01 -1.5596e+01 +1.0374e+01 -5.6619e+00 -1.0440e+01 +9.7653e+00 +7.8308e+00
350 0 +0.000000000e+00 -1.830200000e+02 -1.830200000e+02 +5.6857e+00 -1.1981e+01 -9.3514e+00 -1.2974e+01 -1.5596e+01 +1.0374e+01 -5.6619e+00 -1.0440e+01 +9.7653e+00 +7.8308e+00
% f evaluations | g evaluations | best noise-free fitness - Fopt (-1.026200000000e+02) + sum g_i+ | measured fitness | best measured fitness or single-digit g-values | x1 | x2...
1 0 +2.082365991e+02 +1.056165991e+02 +1.056165991e+02 +3.3257e-04 -8.6864e-02 -3.3482e-01 -3.8649e-03 -1.1351e-01 -1.4434e-01 -4.5521e-01 -1.4727e-01 -7.2207e-02 -1.9439e-01
2 0 +1.964896655e+02 +9.386966549e+01 +9.386966549e+01 +1.9077e-01 +5.2204e-01 +8.9006e-02 +2.1225e-01 +5.4686e-01 +1.2923e-01 +4.6283e-01 -2.7023e-01 -4.1139e-02 +3.8929e-01
7 0 +1.936865526e+02 +9.106655256e+01 +9.106655256e+01 +5.0809e-01 -5.0920e-01 -8.3802e-01 -6.7846e-02 +1.1923e-01 +4.9792e-01 -1.4813e-01 -1.1283e-01 -5.0924e-02 +7.2516e-01
14 0 +1.884928838e+02 +8.587288379e+01 +8.587288379e+01 +6.8090e-02 +6.1075e-01 -5.1095e-01 -3.1902e-01 +2.5214e-01 +6.6781e-01 -6.5134e-02 -2.6171e-01 +1.5825e-01 +9.5786e-01
26 0 +1.780390826e+02 +7.541908264e+01 +7.541908264e+01 +8.0285e-01 +2.4931e-01 -6.3751e-01 -1.4418e-01 +2.8908e-01 +8.1665e-01 +2.1800e-01 -4.8140e-01 +3.9070e-01 +1.5397e+00
32 0 +1.683005810e+02 +6.568058099e+01 +6.568058099e+01 +6.1643e-01 +3.7816e-01 -4.3673e-01 -7.5697e-01 +6.0062e-01 +2.1406e-01 +3.0813e-01 -3.8776e-01 +1.1893e+00 +1.9389e+00
41 0 +1.617654880e+02 +5.914548797e+01 +5.914548797e+01 +5.5519e-01 +6.8596e-01 -5.4230e-01 -1.3978e+00 +1.0165e+00 +8.7357e-01 +1.8208e-01 -8.7787e-01 +9.9233e-01 +2.0348e+00
50 0 +1.552934399e+02 +5.267343986e+01 +5.267343986e+01 +8.9256e-01 +3.8742e-01 -4.5476e-01 -9.9898e-01 +7.9705e-01 +1.0502e+00 +8.7751e-01 -9.0070e-01 +1.0597e+00 +2.3867e+00
53 0 +1.446739844e+02 +4.205398437e+01 +4.205398437e+01 +5.6421e-01 -4.7253e-01 +3.6746e-01 -9.8565e-01 +3.6391e-01 +9.3075e-01 +5.7846e-01 -2.9772e-01 +1.4801e+00 +3.7830e+00
58 0 +1.400294129e+02 +3.740941289e+01 +3.740941289e+01 +6.4664e-01 -2.2822e-01 -2.6759e-01 +7.3362e-02 +1.1139e+00 +1.3796e+00 +1.3816e+00 -1.3226e+00 +1.4730e+00 +3.0578e+00
61 0 +1.357916075e+02 +3.317160755e+01 +3.317160755e+01 +1.2973e+00 +3.6168e-01 -9.4107e-01 -5.2714e-02 +2.4399e+00 -1.3620e-01 +1.1101e+00 -1.2754e+00 +2.0000e+00 +3.4054e+00
67 0 +1.150903917e+02 +1.247039166e+01 +1.247039166e+01 +1.0589e+00 -1.2279e+00 -6.0449e-01 -4.9750e-01 +1.0692e+00 +1.3918e+00 +1.8006e+00 -1.2214e+00 +2.5817e+00 +4.3004e+00
75 0 +1.026332183e+02 +1.321830213e-02 +1.321830213e-02 +2.6639e+00 -1.0963e+00 -1.7490e+00 -1.3654e-01 +3.5837e+00 +1.7200e+00 +1.4140e+00 -2.0704e+00 +2.3157e+00 +4.6693e+00
81 0 +9.898799358e+01 -3.632006422e+00 -3.632006422e+00 +6.2525e-01 -1.8294e+00 -3.3053e-01 -1.4975e+00 +1.2317e+00 +3.6895e+00 +1.5761e+00 -1.6942e+00 +3.0913e+00 +4.1751e+00
84 0 +9.083610495e+01 -1.178389505e+01 -1.178389505e+01 +3.3561e+00 +9.1308e-01 -1.0852e-01 +8.7169e-01 +5.1680e+00 +2.9281e+00 -1.0435e-01 -3.7147e+00 +3.0381e+00 +5.6100e+00
89 0 +8.700020545e+01 -1.561979455e+01 -1.561979455e+01 +1.4300e+00 -1.3368e+00 -7.4550e-01 -6.0745e-01 +2.8680e+00 +3.4610e+00 +1.8843e+00 -7.2871e-01 +3.9993e+00 +6.1838e+00
95 0 +5.659385613e+01 -4.602614387e+01 -4.602614387e+01 +1.9875e+00 -1.4583e+00 +2.1079e+00 -1.5720e+00 +4.4759e+00 +4.6967e+00 +2.2173e+00 -3.9178e+00 +4.5043e+00 +5.0720e+00
104 0 +5.175539458e+01 -5.086460542e+01 -5.086460542e+01 +6.3658e-01 -9.3375e-01 +4.4448e+00 +6.0105e-01 +6.6465e+00 +4.4319e+00 +2.8028e+00 -4.8867e+00 +4.9837e+00 +7.0942e+00
112 0 +5.093636410e+01 -5.168363590e+01 -5.168363590e+01 +3.3298e+00 -1.1013e+00 -8.8595e-01 +7.0948e-01 +4.7017e+00 +7.8771e+00 +3.0877e+00 -5.5801e+00 +3.8761e+00 +9.4624e+00
114 0 +4.037355081e+01 -6.224644919e+01 -6.224644919e+01 +4.9972e+00 -1.6916e-01 +6.9894e+00 -3.2602e+00 +6.4566e+00 +4.9009e+00 +4.9929e+00 -5.3745e+00 +6.0130e+00 +6.5301e+00
131 0 +3.733699326e+01 -6.528300674e+01 -6.528300674e+01 +1.0346e+01 -1.0783e+00 -1.3301e-01 -1.4153e+00 +7.2830e+00 +6.2781e+00 +4.7665e+00 -8.8346e+00 +8.8002e+00 +1.7144e+01
144 0 +3.540490390e+01 -6.721509610e+01 -6.721509610e+01 +9.3502e+00 -6.1053e+00 +5.2359e+00 -3.1526e+00 +1.0869e+01 +5.7237e+00 +9.8016e+00 -8.5304e+00 +7.8931e+00 +1.0015e+01
154 0 +2.650959318e+01 -7.611040682e+01 -7.611040682e+01 +8.5669e+00 -4.1716e+00 +5.8260e-01 -7.5530e+00 +4.0798e+00 +1.0071e+01 +8.2673e+00 -7.5427e+00 +8.3758e+00 +6.4980e+00
164 0 +1.051063188e+01 -9.210936812e+01 -9.210936812e+01 +4.5389e+00 -4.8108e+00 -4.7475e+00 -7.1756e+00 +6.8282e+00 +8.9249e+00 +8.5599e+00 -4.9489e+00 +8.6214e+00 +8.9156e+00
215 0 +3.880861447e+00 -9.873913855e+01 -9.873913855e+01 -3.8119e+00 -7.7392e+00 -3.3857e+00 -1.2608e+01 +5.9739e+00 +8.9221e+00 +1.1736e+01 -1.0875e+01 +1.2746e+01 +1.5002e+01
216 0 +2.339418189e+00 -1.002805818e+02 -1.002805818e+02 -4.2965e+00 -3.7334e+00 -9.4042e+00 -1.7136e+01 +1.5963e+01 +8.6517e+00 +1.2737e+01 -9.7975e+00 +7.6762e+00 +1.1142e+01
223 0 +6.987458238e-01 -1.019212542e+02 -1.019212542e+02 -4.3013e+00 -1.1738e+01 -8.3531e+00 -1.7878e+01 +9.6034e+00 +2.0479e+01 +1.2848e+01 -1.0013e+01 +1.2546e+01 +2.3744e+01
231 0 +0.000000000e+00 -1.026200000e+02 -1.026200000e+02 -1.4204e+01 -1.0082e+01 -1.0366e+01 -2.0077e+01 +7.3458e+00 +1.7657e+01 +1.3289e+01 -1.7331e+01 +1.2330e+01 +2.1794e+01
400 0 +0.000000000e+00 -1.026200000e+02 -1.026200000e+02 -1.4204e+01 -1.0082e+01 -1.0366e+01 -2.0077e+01 +7.3458e+00 +1.7657e+01 +1.3289e+01 -1.7331e+01 +1.2330e+01 +2.1794e+01
% f evaluations | g evaluations | best noise-free fitness - Fopt (9.953000000000e+01) + sum g_i+ | measured fitness | best measured fitness or single-digit g-values | x1 | x2...
1 0 +2.032472465e+02 +3.027772465e+02 +3.027772465e+02 +3.3257e-04 -8.6864e-02 -3.3482e-01 -3.8649e-03 -1.1351e-01 -1.4434e-01 -4.5521e-01 -1.4727e-01 -7.2207e-02 -1.9439e-01
2 0 +2.027238630e+02 +3.022538630e+02 +3.022538630e+02 +1.9077e-01 +5.2204e-01 +8.9006e-02 +2.1225e-01 +5.4686e-01 +1.2923e-01 +4.6283e-01 -2.7023e-01 -4.1139e-02 +3.8929e-01
3 0 +1.975950776e+02 +2.971250776e+02 +2.971250776e+02 +2.0258e-01 +9.5875e-03 +2.7545e-01 +1.1415e-01 +1.5491e-01 -1.0657e-01 +6.2635e-02 +9.8527e-02 -1.4947e-01 -6.2756e-01
13 0 +1.917944791e+02 +2.913244791e+02 +2.913244791e+02 +2.8593e-01 +2.0930e-01 -9.5560e-02 +1.9844e-01 +9.1197e-01 +4.6862e-01 +3.5200e-01 -5.5308e-01 -4.3885e-01 +4.6565e-03
23 0 +1.890200920e+02 +2.885500920e+02 +2.885500920e+02 -1.8513e-01 +2.4366e-01 +2.5046e-01 +4.4632e-01 +7.2833e-01 +9.3799e-01 +6.0984e-01 -2.7679e-01 -3.9209e-01 -1.9899e-01
41 0 +1.829121409e+02 +2.824421409e+02 +2.824421409e+02 +2.6647e-01 +1.1752e-02 +1.8573e-01 +4.6204e-01 +1.0214e+00 +1.1972e+00 +4.9953e-01 -8.4667e-01 -6.1884e-01 -1.7012e-01
49 0 +1.813317916e+02 +2.808617916e+02 +2.808617916e+02 +1.4564e-01 +2.5412e-01 +1.0311e-01 +3.7963e-01 -1.2247e-01 +9.2807e-01 +7.2918e-01 -7.6800e-01 -7.8090e-01 -5.8145e-01
51 0 +1.747306445e+02 +2.742606445e+02 +2.742606445e+02 -7.6364e-02 -2.4235e-01 -7.3309e-02 +4.2552e-01 +3.5292e-01 +1.3152e+00 +8.5572e-01 -6.7524e-01 -8.7925e-01 -7.6526e-01
54 0 +1.729992634e+02 +2.725292634e+02 +2.725292634e+02 +1.4914e-01 +3.7999e-01 -6.6629e-01 +9.1155e-01 +8.2988e-01 +9.0831e-01 +3.8878e-01 -8.4206e-01 -1.7609e+00 -2.8532e-01
61 0 +1.685733716e+02 +2.681033716e+02 +2.681033716e+02 +4.5730e-01 -4.7319e-02 -2.2273e-01 +1.0215e+00 -2.5854e-02 +1.2214e+00 +1.4015e+00 -1.0848e+00 -1.8126e+00 -2.2380e-01
67 0 +1.649876103e+02 +2.645176103e+02 +2.645176103e+02 -1.7988e-01 +8.4631e-01 -2.8795e-01 +1.3541e+00 +1.0111e+00 +1.3959e+00 +9.8544e-01 -1.2941e+00 -1.7412e+00 -3.2321e-01
73 0 +1.527904669e+02 +2.523204669e+02 +2.523204669e+02 +9.2651e-01 +4.4532e-01 +5.8369e-02 +1.7446e+00 +7.8780e-01 +1.8840e+00 +2.1555e+00 -1.2847e+00 -2.1311e+00 -6.2282e-01
76 0 +1.501297435e+02 +2.496597435e+02 +2.496597435e+02 -7.8521e-02 +7.4683e-01 -7.4917e-01 +1.2855e+00 +1.5838e+00 +1.3624e+00 +1.6526e+00 -1.4696e+00 -1.7953e+00 -1.1400e+00
82 0 +1.384793894e+02 +2.380093894e+02 +2.380093894e+02 +2.3872e-02 +6.1051e-01 -8.8411e-01 +1.5346e+00 +2.1789e+00 +1.7364e+00 +1.8081e+00 -2.6405e+00 -2.7914e+00 -3.7620e-01
94 0 +1.293972175e+02 +2.289272175e+02 +2.289272175e+02 -6.7656e-02 -7.1957e-01 -7.7870e-01 +1.6834e-01 +1.7543e+00 +1.0566e+00 +2.4953e+00 -1.5662e+00 -3.4793e+00 -1.5703e+00
96 0 +1.219607834e+02 +2.214907834e+02 +2.214907834e+02 +9.8635e-01 +3.5366e-01 -1.5571e+00 +1.2283e+00 +1.9514e+00 +2.8624e+00 +1.5123e+00 -2.3572e+00 -4.0233e+00 -1.0568e+00
101 0 +1.150068856e+02 +2.145368856e+02 +2.145368856e+02 +3.4051e-01 +6.9392e-01 -6.0487e-01 +3.6140e+00 +2.5784e+00 +2.7996e+00 +2.2547e+00 -2.3845e+00 -4.7721e+00 -2.8379e-01
102 0 +9.077035389e+01 +1.903003539e+02 +1.903003539e+02 +7.4703e-01 +4.3802e-01 -5.2368e-01 +2.6313e+00 +2.3388e+00 +3.1978e+00 +2.0668e+00 -2.9929e+00 -4.2729e+00 -2.9729e+00
114 0 +7.801056584e+01 +1.775405658e+02 +1.775405658e+02 +1.8403e+00 -1.0332e+00 -1.0403e+00 +3.2533e+00 +3.7705e+00 +2.2750e+00 +2.8900e+00 -3.8612e+00 -5.5279e+00 -2.4156e+00
121 0 +7.153805144e+01 +1.710680514e+02 +1.710680514e+02 -8.5851e-02 +4.9776e-01 -2.2497e+00 +4.2574e+00 +6.0024e-01 +1.9318e+00 +3.5216e+00 -4.1942e+00 -4.7038e+00 -3.3919e+00
123 0 +4.435526103e+01 +1.438852610e+02 +1.438852610e+02 +1.0198e+00 +3.3622e-01 -2.1903e+00 +3.4196e+00 +4.2802e+00 +3.5661e+00 +3.4581e+00 -4.6455e+00 -6.3635e+00 -4.3086e+00
136 0 +4.256741189e+01 +1.420974119e+02 +1.420974119e+02 +1.0071e+00 +3.1690e+00 -7.4195e-01 +4.7731e+00 +3.7696e+00 +5.3180e+00 +5.8520e+00 -6.8837e+00 -6.8474e+00 -3.5006e+00
141 0 +3.723291344e+01 +1.367629134e+02 +1.367629134e+02 +7.6333e-01 +2.2195e+00 -2.9005e+00 +2.1260e+00 +5.0420e+00 +4.7201e+00 +6.5394e+00 -5.1735e+00 -6.0399e+00 -3.8555e+00
142 0 +2.282287849e+01 +1.223528785e+02 +1.223528785e+02 +9.3311e-01 +2.1410e+00 -5.9580e-01 +4.8514e+00 +5.2807e+00 +7.7829e+00 +5.5760e+00 -6.3980e+00 -8.8393e+00 -5.6087e+00
159 0 +1.827104812e+01 +1.178010481e+02 +1.178010481e+02 +1.5191e+00 +1.7076e+00 -3.1484e+00 +7.8512e+00 +7.3617e+00 +5.9511e+00 +1.0483e+01 -7.2702e+00 -9.1530e+00 -7.0920e+00
171 0 +1.761396025e+01 +1.171439603e+02 +1.171439603e+02 +2.6138e+00 -6.7322e-01 -2.3551e+00 +6.9001e+00 +1.2295e+01 +6.2416e+00 +9.9769e+00 -1.0046e+01 -7.5684e+00 -6.3961e+00
177 0 +1.523500608e+01 +1.147650061e+02 +1.147650061e+02 +2.1380e+00 -7.6832e-01 -3.4224e+00 +5.4720e+00 +6.0478e+00 +5.9501e+00 +1.0280e+01 -7.6870e+00 -5.7402e+00 -7.1753e+00
187 0 +1.113496960e+01 +1.106649696e+02 +1.106649696e+02 -1.2816e+00 +7.4240e-01 -6.3484e+00 +7.9278e+00 +8.9725e+00 +6.0781e+00 +1.1000e+01 -7.2418e+00 -1.0135e+01 -5.6454e+00
203 0 +8.765269151e+00 +1.082952692e+02 +1.082952692e+02 -2.7946e+00 -3.0458e-01 -4.7030e+00 +1.0318e+01 +1.0691e+01 +7.8428e+00 +8.4288e+00 -1.0104e+01 -1.1726e+01 -5.4373e+00
216 0 +4.492223988e-01 +9.997922240e+01 +9.997922240e+01 -4.6762e+00 -4.9029e+00 -7.1392e+00 +1.0376e+01 +9.6851e+00 +5.7789e+00 +1.6456e+01 -9.7313e+00 -1.4688e+01 -1.0890e+01
239 0 +0.000000000e+00 +9.953000000e+01 +9.953000000e+01 -7.0544e+00 -7.4276e+00 -9.4005e+00 +1.0876e+01 +8.7593e+00 +5.7153e+00 +1.1199e+01 -1.0834e+01 -1.2379e+01 -9.3194e+00
320 0 +0.000000000e+00 +9.953000000e+01 +9.953000000e+01 -7.0544e+00 -7.4276e+00 -9.4005e+00 +1.0876e+01 +8.7593e+00 +5.7153e+00 +1.1199e+01 -1.0834e+01 -1.2379e+01 -9.3194e+00
% f evaluations | g evaluations | best noise-free fitness - Fopt (1.495900000000e+02) + sum g_i+ | measured fitness | best measured fitness or single-digit g-values | x1 | x2...
1 0 +2.045731168e+02 +3.541631168e+02 +3.541631168e+02 +3.3257e-04 -8.6864e-02 -3.3482e-01 -3.8649e-03 -1.1351e-01 -1.4434e-01 -4.5521e-01 -1.4727e-01 -7.2207e-02 -1.9439e-01
2 0 +2.029270144e+02 +3.525170144e+02 +3.525170144e+02 +1.9077e-01 +5.2204e-01 +8.9006e-02 +2.1225e-01 +5.4686e-01 +1.2923e-01 +4.6283e-01 -2.7023e-01 -4.1139e-02 +3.8929e-01
9 0 +1.955583897e+02 +3.451483897e+02 +3.451483897e+02 -1.3975e-01 -8.3232e-02 +1.0650e-02 +2.5447e-01 +4.8901e-02 +3.6260e-01 +1.5076e-01 -4.7516e-01 +3.0692e-01 -1.9591e-01
17 0 +1.916483842e+02 +3.412383842e+02 +3.412383842e+02 +4.1692e-04 +2.7170e-01 -3.0054e-01 -4.7368e-01 -3.8528e-01 +3.3332e-01 +2.2838e-01 -1.6321e-01 +4.5653e-01 -5.1279e-01
26 0 +1.883633455e+02 +3.379533455e+02 +3.379533455e+02 -3.2865e-01 +4.6300e-01 -4.2608e-02 -9.2301e-01 -4.5636e-01 +2.9043e-01 +2.7457e-01 -5.4307e-01 +3.0169e-01 -6.3581e-01
37 0 +1.851340154e+02 +3.347240154e+02 +3.347240154e+02 -1.8184e-01 +2.6193e-01 +4.8682e-01 -6.3034e-01 -4.0139e-02 +4.7567e-01 -2.7104e-02 -7.2680e-01 +6.6271e-01 -7.1874e-01
44 0 +1.803783347e+02 +3.299683347e+02 +3.299683347e+02 -2.6726e-01 +1.5215e-01 -5.1540e-02 -3.2149e-01 -2.2753e-01 +5.5650e-01 +1.0460e-01 -7.2306e-01 +9.3786e-01 -9.2785e-01
59 0 +1.735473977e+02 +3.231373977e+02 +3.231373977e+02 -5.7855e-01 +4.8302e-01 -5.3475e-01 -7.8340e-01 +5.7501e-01 +5.0695e-01 +1.7524e-01 -5.6382e-01 +8.4121e-01 -1.2890e+00
62 0 +1.668710571e+02 +3.164610571e+02 +3.164610571e+02 -6.0813e-01 +8.9255e-01 -5.8083e-01 -4.7109e-01 -1.7129e-01 +7.9117e-01 +3.9117e-01 -4.3005e-01 +1.5483e+00 -1.4983e+00
73 0 +1.517988661e+02 +3.013888661e+02 +3.013888661e+02 -7.4157e-01 +5.5954e-01 -6.9811e-01 -6.4619e-01 +9.8764e-01 +1.1819e+00 -2.6977e-02 -8.2523e-01 +1.9065e+00 -2.1949e+00
83 0 +1.493442658e+02 +2.989342658e+02 +2.989342658e+02 -3.8181e-01 +9.2843e-01 -5.4598e-01 -1.3688e+00 +7.6352e-01 +6.6845e-01 -1.9145e-01 -9.0157e-01 +1.5976e+00 -2.8150e+00
84 0 +1.427996338e+02 +2.923896338e+02 +2.923896338e+02 -8.0019e-01 +5.3710e-01 +9.2469e-01 -7.1061e-01 +6.3854e-01 +2.2889e+00 +7.3897e-01 -9.7149e-01 +3.0082e+00 -1.7518e+00
96 0 +1.247395543e+02 +2.743295543e+02 +2.743295543e+02 -1.4107e+00 +2.4829e-01 +5.5958e-01 -6.2856e-01 +1.2239e+00 +2.1298e+00 +9.0668e-01 -8.4481e-01 +3.7855e+00 -2.7814e+00
101 0 +1.006248503e+02 +2.502148503e+02 +2.502148503e+02 -1.9418e+00 +1.2203e+00 -7.5423e-01 -1.3634e-01 +1.9705e+00 +2.0127e+00 +8.9462e-01 -1.3502e+00 +3.1352e+00 -4.9416e+00
114 0 +8.822951146e+01 +2.378195115e+02 +2.378195115e+02 +2.0398e-01 +3.5005e+00 -1.9701e-01 +9.5574e-02 +8.1784e-01 +2.7143e+00 +1.4432e+00 -2.6639e+00 +4.7247e+00 -4.0398e+00
124 0 +7.641920405e+01 +2.260092041e+02 +2.260092041e+02 -1.4378e+00 +3.2948e+00 -1.5829e+00 -2.4621e+00 +4.0083e+00 +2.5562e+00 +1.3842e+00 -3.0770e-01 +5.7600e+00 -4.6968e+00
131 0 +6.556057386e+01 +2.151505739e+02 +2.151505739e+02 -3.0440e+00 +3.7217e+00 -2.3901e+00 -4.3557e+00 +2.6820e+00 +3.0252e+00 +6.9775e-01 -1.2142e+00 +6.2971e+00 -6.6258e+00
142 0 +5.546684991e+01 +2.050568499e+02 +2.050568499e+02 -2.9773e+00 +6.5020e+00 -4.5083e+00 -4.4164e+00 +4.2806e+00 +2.7805e+00 +8.2675e-01 -1.3272e+00 +5.8064e+00 -6.6088e+00
144 0 +4.405147233e+01 +1.936414723e+02 +1.936414723e+02 -1.6386e+00 +3.8897e+00 -3.9049e+00 -1.4045e+00 +6.1713e+00 +4.9598e+00 +1.0224e+00 -4.3854e+00 +4.0454e+00 -5.3205e+00
151 0 +2.097463933e+01 +1.705646393e+02 +1.705646393e+02 -4.7226e+00 +3.5737e+00 -4.8692e+00 -1.0522e+00 +9.8157e+00 +3.3939e+00 +4.0607e+00 -5.2099e+00 +5.4227e+00 -7.3451e+00
163 0 +1.620664127e+01 +1.657966413e+02 +1.657966413e+02 -9.2305e-01 +5.1229e+00 -2.7952e+00 -5.4363e+00 +5.7676e+00 +4.1481e+00 +3.8387e+00 -5.0999e+00 +6.2279e+00 -5.1903e+00
164 0 +1.002681233e+01 +1.596168123e+02 +1.596168123e+02 -4.4266e+00 +5.4019e+00 -6.4391e+00 -5.9882e+00 +6.3686e+00 +7.0508e+00 +6.1456e+00 -3.4231e+00 +6.0081e+00 -5.6510e+00
171 0 +4.200315818e+00 +1.537903158e+02 +1.537903158e+02 -2.9071e+00 +6.0484e+00 -3.9998e+00 -4.8539e+00 +9.8908e+00 +5.4503e+00 +7.2777e+00 -5.1994e+00 +7.8846e+00 -4.9876e+00
193 0 +1.495467695e+00 +1.510854677e+02 +1.510854677e+02 -8.3781e+00 +4.3293e+00 -6.1542e+00 -5.8786e+00 +6.8731e+00 +4.8249e+00 +5.7325e+00 -8.7002e+00 +9.0526e+00 -1.0116e+01
208 0 +0.000000000e+00 +1.495900000e+02 +1.495900000e+02 -7.9936e+00 +8.8960e+00 -8.2155e+00 -9.1701e+00 +1.7480e+01 +5.3424e+00 +6.2039e+00 -8.0624e+00 +7.5700e+00 -7.2012e+00
300 0 +0.000000000e+00 +1.495900000e+02 +1.495900000e+02 -7.9936e+00 +8.8960e+00 -8.2155e+00 -9.1701e+00 +1.7480e+01 +5.3424e+00 +6.2039e+00 -8.0624e+00 +7.5700e+00 -7.2012e+00
% f evaluations | g evaluations | best noise-free fitness - Fopt (-1.000000000000e+03) + sum g_i+ | measured fitness | best measured fitness or single-digit g-values | x1 | x2...
1 0 +2.043480742e+02 -7.956519258e+02 -7.956519258e+02 +3.3257e-04 -8.6864e-02 -3.3482e-01 -3.8649e-03 -1.1351e-01 -1.4434e-01 -4.5521e-01 -1.4727e-01 -7.2207e-02 -1.9439e-01
2 0 +2.038939553e+02 -7.961060447e+02 -7.961060447e+02 +1.9077e-01 +5.2204e-01 +8.9006e-02 +2.1225e-01 +5.4686e-01 +1.2923e-01 +4.6283e-01 -2.7023e-01 -4.1139e-02 +3.8929e-01
9 0 +1.956228837e+02 -8.043771163e+02 -8.043771163e+02 -1.3975e-01 -8.3232e-02 +1.0650e-02 +2.5447e-01 +4.8901e-02 +3.6260e-01 +1.5076e-01 -4.7516e-01 +3.0692e-01 -1.9591e-01
14 0 +1.946677848e+02 -8.053322152e+02 -8.053322152e+02 +1.2395e-01 -2.8247e-02 -3.2787e-01 -8.6114e-02 -2.4228e-01 +2.7430e-01 +3.4542e-01 -4.0371e-01 -2.4513e-01 -6.3498e-01
26 0 +1.894504935e+02 -8.105495065e+02 -8.105495065e+02 +3.5547e-01 -1.6542e-01 -4.1190e-01 -6.7138e-01 +3.0242e-02 +2.6189e-01 +6.3921e-01 -4.9281e-01 -2.9981e-01 -7.5692e-01
34 0 +1.844204579e+02 -8.155795421e+02 -8.155795421e+02 +1.3729e-01 +7.7188e-01 -1.6393e-01 -3.7235e-02 -2.5614e-01 -9.7990e-02 +4.3912e-01 -5.0162e-01 +4.4949e-01 -1.2972e+00
41 0 +1.760877892e+02 -8.239122108e+02 -8.239122108e+02 -9.6712e-02 +5.8581e-01 -2.1626e-01 -3.1824e-01 +3.3380e-02 +1.1528e-01 +6.1787e-01 -1.0310e+00 +1.1792e-01 -1.7598e+00
51 0 +1.710638490e+02 -8.289361510e+02 -8.289361510e+02 +8.1541e-02 +3.8566e-01 +2.6814e-02 -2.1258e-01 -1.2777e-01 +5.2325e-01 +1.2093e+00 -1.1445e+00 +3.8908e-01 -1.6275e+00
62 0 +1.592283579e+02 -8.407716421e+02 -8.407716421e+02 -4.6310e-01 +2.4181e-01 -5.6878e-01 -1.6211e-01 -7.7997e-01 +5.1061e-01 +1.2156e+00 -1.8288e+00 -3.0425e-01 -3.0682e+00
71 0 +1.538888645e+02 -8.461111355e+02 -8.461111355e+02 -1.7429e-01 +2.5421e-01 -7.8495e-01 -7.8160e-01 -2.0712e-01 +1.0665e+00 +1.8292e+00 -1.6808e+00 -4.1540e-01 -2.9361e+00
78 0 +1.500580348e+02 -8.499419652e+02 -8.499419652e+02 -2.4239e-01 +4.4611e-01 -2.1648e-01 -6.0664e-01 -2.1680e-01 +5.7937e-01 +1.2049e+00 -2.4712e+00 +2.4865e-01 -2.9629e+00
81 0 +1.469441431e+02 -8.530558569e+02 -8.530558569e+02 -4.8880e-02 +6.1958e-02 -8.6418e-03 +2.4400e-01 -1.0363e+00 +1.2619e+00 +2.0497e+00 -2.1961e+00 +5.7915e-01 -2.9229e+00
82 0 +1.406504689e+02 -8.593495311e+02 -8.593495311e+02 -5.2908e-01 +8.4044e-01 -1.0277e+00 -9.8137e-01 +6.1397e-02 +5.9234e-01 +2.8392e+00 -1.9712e+00 +6.0452e-02 -3.3720e+00
91 0 +1.281288638e+02 -8.718711362e+02 -8.718711362e+02 -2.3941e-01 +5.5681e-01 -9.1535e-01 -2.3733e+00 -1.1271e+00 +5.2594e-01 +2.4422e+00 -3.4679e+00 +1.0562e+00 -3.1480e+00
92 0 +1.218114425e+02 -8.781885575e+02 -8.781885575e+02 +1.6949e-01 +6.5813e-01 -1.5749e+00 -6.5371e-01 +1.0123e+00 -9.1491e-02 +2.5594e+00 -3.4487e+00 +8.5690e-01 -3.7505e+00
103 0 +1.005068568e+02 -8.994931432e+02 -8.994931432e+02 +1.5933e+00 +1.0417e+00 -1.2637e+00 -1.2936e+00 -1.6436e-01 -6.9315e-01 +3.9752e+00 -3.4196e+00 +2.1909e+00 -4.5732e+00
111 0 +8.877985000e+01 -9.112201500e+02 -9.112201500e+02 +4.8097e-01 +3.4766e-01 -1.3238e+00 -1.5100e+00 +3.7671e-01 +2.2935e-01 +4.4342e+00 -4.7174e+00 +1.2063e+00 -5.8962e+00
113 0 +7.304863829e+01 -9.269513617e+02 -9.269513617e+02 +2.0087e-01 +6.0315e-01 -2.3441e+00 -1.6633e+00 +1.1319e+00 -3.4168e-01 +6.4156e+00 -5.6258e+00 +2.4901e+00 -5.0153e+00
127 0 +5.246643699e+01 -9.475335630e+02 -9.475335630e+02 +1.2466e+00 -4.0360e-01 -2.9419e+00 -3.4472e+00 +3.0635e+00 +7.3699e-01 +5.9965e+00 -5.5110e+00 +3.4100e+00 -4.7021e+00
135 0 +4.420314421e+01 -9.557968558e+02 -9.557968558e+02 +3.3403e+00 +3.1597e-01 -2.7690e+00 -1.8376e+00 +5.4344e+00 +9.9069e-01 +5.3875e+00 -8.6779e+00 +3.6136e+00 -5.9688e+00
142 0 +3.270345235e+01 -9.672965477e+02 -9.672965477e+02 +1.5140e+00 +3.1591e-01 -2.9882e+00 -4.1807e+00 +5.1908e+00 +1.5130e+00 +7.5189e+00 -1.2612e+01 +4.3931e+00 -1.0496e+01
154 0 +2.705249574e+01 -9.729475043e+02 -9.729475043e+02 +1.6968e+00 -4.9811e+00 +1.8767e+00 -6.2508e+00 +4.1127e+00 +4.9863e+00 +2.9025e+00 -8.5414e+00 +5.7568e+00 -7.9650e+00
159 0 +1.593312224e+01 -9.840668778e+02 -9.840668778e+02 +4.0679e+00 -1.7681e+00 -4.3650e+00 -4.6624e-01 +7.5328e+00 +6.7988e+00 +7.8010e+00 -1.0253e+01 +7.2099e+00 -1.6301e+01
165 0 +8.655532814e+00 -9.913444672e+02 -9.913444672e+02 +6.0738e+00 -5.2143e+00 -4.8319e+00 -1.0026e+01 +2.4933e+00 +7.3348e+00 +1.0394e+01 -1.4601e+01 +4.8192e+00 -9.6575e+00
177 0 +8.412283728e+00 -9.915877163e+02 -9.915877163e+02 +5.5262e+00 -6.2734e+00 -4.9957e+00 -6.4526e+00 +6.3847e+00 +2.6612e+00 +6.8249e+00 -1.4866e+01 +5.3105e+00 -1.2342e+01
202 0 +6.362117796e+00 -9.936378822e+02 -9.936378822e+02 +3.3598e+00 -7.5267e+00 -8.7162e+00 -1.0068e+01 +4.8127e+00 +4.8035e+00 +1.9967e+01 -1.2822e+01 +4.5487e+00 -1.3014e+01
213 0 +4.169358973e+00 -9.958306410e+02 -9.958306410e+02 +4.9259e+00 -9.3851e+00 -8.8822e+00 -1.3140e+01 +5.5253e+00 +7.5574e+00 +1.6589e+01 -7.3067e+00 +4.4711e+00 -1.4899e+01
219 0 +1.938229426e+00 -9.980617706e+02 -9.980617706e+02 +8.1091e+00 -3.4993e+00 -1.0581e+01 -2.2215e+01 +1.5040e+01 +6.6486e+00 +2.8591e+01 -1.4842e+01 +6.9157e+00 -1.6563e+01
231 0 +0.000000000e+00 -1.000000000e+03 -1.000000000e+03 +8.7317e+00 -1.9021e+01 -1.0712e+01 -1.8876e+01 +1.1987e+01 +7.4116e+00 +2.5277e+01 -1.8422e+01 +7.8505e+00 -8.4165e+00
300 0 +0.000000000e+00 -1.000000000e+03 -1.000000000e+03 +8.7317e+00 -1.9021e+01 -1.0712e+01 -1.8876e+01 +1.1987e+01 +7.4116e+00 +2.5277e+01 -1.8422e+01 +7.8505e+00 -8.4165e+00
% f evaluations | g evaluations | best noise-free fitness - Fopt (-2.922000000000e+01) + sum g_i+ | measured fitness | best measured fitness or single-digit g-values | x1 | x2...
1 0 +1.990214233e+02 +1.698014233e+02 +1.698014233e+02 +3.3257e-04 -8.6864e-02 -3.3482e-01 -3.8649e-03 -1.1351e-01 -1.4434e-01 -4.5521e-01 -1.4727e-01 -7.2207e-02 -1.9439e-01
3 0 +1.981765292e+02 +1.689565292e+02 +1.689565292e+02 +2.0258e-01 +9.5875e-03 +2.7545e-01 +1.1415e-01 +1.5491e-01 -1.0657e-01 +6.2635e-02 +9.8527e-02 -1.4947e-01 -6.2756e-01
21 0 +1.927360239e+02 +1.635160239e+02 +1.635160239e+02 +4.5176e-01 -1.2791e-01 +2.0169e-01 -9.4967e-02 -2.0650e-01 -6.6510e-02 -4.5195e-01 +5.8650e-02 -4.3514e-01 -8.1375e-01
22 0 +1.900774364e+02 +1.608574364e+02 +1.608574364e+02 +4.0357e-01 -4.5164e-01 -3.7861e-01 -2.1373e-01 +5.4974e-02 +3.6072e-01 -4.2465e-01 -2.8370e-01 -3.0399e-02 -8.5629e-01
41 0 +1.830556116e+02 +1.538356116e+02 +1.538356116e+02 +1.8841e-01 -2.3447e-01 -4.9082e-01 -7.9549e-01 -9.2031e-02 +5.7589e-01 -6.2357e-01 -6.3865e-01 -1.8130e-01 -1.2132e+00
50 0 +1.793769620e+02 +1.501569620e+02 +1.501569620e+02 +3.3153e-01 -4.6336e-02 -7.1192e-01 -5.3040e-01 +1.1044e-01 +4.3412e-01 -6.1436e-01 -1.1158e+00 -1.5367e-01 -1.2600e+00
51 0 +1.735487799e+02 +1.443287799e+02 +1.443287799e+02 +4.6899e-01 +1.6452e-01 -6.1637e-01 -6.4389e-02 +4.7450e-01 +3.3729e-01 -8.0041e-01 -8.2627e-01 -6.0866e-01 -1.4677e+00
61 0 +1.689288870e+02 +1.397088870e+02 +1.397088870e+02 +2.0668e-01 -3.6707e-02 -5.2508e-01 -9.7932e-01 -9.2334e-02 +5.6776e-02 -1.1335e+00 -6.7291e-01 -8.9852e-01 -2.0613e+00
67 0 +1.644353080e+02 +1.352153080e+02 +1.352153080e+02 +4.7163e-01 +2.9607e-04 -1.3073e+00 -5.5322e-01 +6.7350e-01 +5.0268e-01 -1.8324e+00 -1.0372e+00 -7.6652e-01 -1.5057e+00
71 0 +1.557869081e+02 +1.265669081e+02 +1.265669081e+02 +5.1433e-01 +1.7670e-01 -1.1190e+00 -3.0934e-01 +4.7232e-01 +1.8988e-01 -1.6920e+00 -1.3456e+00 -7.6324e-01 -2.4276e+00
83 0 +1.525774703e+02 +1.233574703e+02 +1.233574703e+02 +7.9593e-01 -1.4628e-01 -1.3045e+00 -2.5586e-01 -5.2940e-02 +7.8583e-01 -1.2648e+00 -1.6171e+00 -4.8216e-01 -2.8777e+00
84 0 +1.447049336e+02 +1.154849336e+02 +1.154849336e+02 +6.0509e-01 -1.1367e-02 -2.2273e+00 -8.6753e-01 +1.6846e+00 +7.9992e-01 -1.4910e+00 -5.0776e-01 -1.8521e+00 -2.6520e+00
91 0 +1.343219151e+02 +1.051019151e+02 +1.051019151e+02 -2.9612e-01 -4.8523e-01 -2.1480e+00 -1.7799e+00 +2.2531e+00 +7.8629e-02 -1.7352e+00 -1.3293e+00 -2.4197e+00 -2.8045e+00
97 0 +1.304016244e+02 +1.011816244e+02 +1.011816244e+02 +1.2995e+00 +3.4230e-02 -1.6095e+00 -1.3336e+00 +1.1435e+00 +1.6293e+00 -1.9593e+00 -2.3047e+00 -2.4932e+00 -2.4227e+00
101 0 +1.242079545e+02 +9.498795449e+01 +9.498795449e+01 +8.0663e-01 -3.8120e-01 -2.4321e+00 -2.3019e+00 +5.5206e-01 +1.9119e+00 -1.4424e+00 -3.7297e+00 -1.9743e+00 -2.8609e+00
102 0 +1.075170071e+02 +7.829700709e+01 +7.829700709e+01 +1.0063e+00 +1.5269e-02 -2.6344e+00 -3.0442e-01 +9.8278e-01 +1.5450e+00 -1.1774e+00 -3.1589e+00 -3.0663e+00 -3.7687e+00
112 0 +9.353561267e+01 +6.431561267e+01 +6.431561267e+01 +4.5952e-01 +6.5663e-01 -1.4227e+00 -1.1130e+00 +1.7463e-01 +1.4346e+00 -1.5523e+00 -4.2489e+00 -3.3824e+00 -4.7637e+00
122 0 +9.318388181e+01 +6.396388181e+01 +6.396388181e+01 -8.7973e-02 +2.0481e+00 -3.8862e+00 -6.8177e-01 +1.8862e+00 +1.6921e+00 -1.7164e+00 -3.4236e+00 -3.7907e+00 -3.9537e+00
124 0 +7.751407182e+01 +4.829407182e+01 +4.829407182e+01 +1.4492e+00 +7.0700e-01 -3.0393e+00 -1.5124e+00 +1.5121e+00 +4.1334e-01 -3.6501e+00 -5.2919e+00 -3.1998e+00 -6.7106e+00
131 0 +6.359982970e+01 +3.437982970e+01 +3.437982970e+01 +8.5337e-01 +7.4415e-01 -4.0820e+00 -1.2993e+00 +1.6559e+00 +2.6412e+00 -3.7859e+00 -6.7780e+00 -3.4751e+00 -7.9231e+00
146 0 +5.941534001e+01 +3.019534001e+01 +3.019534001e+01 +4.3706e-01 +7.5558e-01 -5.1580e+00 -3.8754e-01 +9.2717e-01 +1.7659e+00 -2.5670e+00 -5.6824e+00 -4.9110e+00 -8.9667e+00
151 0 +4.752093310e+01 +1.830093310e+01 +1.830093310e+01 +2.2735e+00 -8.6900e-01 -4.1823e+00 -4.4157e+00 +2.0125e+00 +3.6227e+00 -5.4854e+00 -8.1908e+00 -7.0106e+00 -5.3661e+00
157 0 +3.960256892e+01 +1.038256892e+01 +1.038256892e+01 +2.3270e+00 -6.6574e-01 -5.5775e+00 -1.4828e+00 +3.9446e+00 +2.5352e+00 -4.8026e+00 -8.9145e+00 -7.0617e+00 -9.6213e+00
162 0 +2.970045411e+01 +4.804541091e-01 +4.804541091e-01 +4.3517e+00 -2.0018e+00 -6.5021e+00 -5.8550e-01 +3.4033e+00 +5.6351e+00 -5.4357e+00 -9.1836e+00 -8.0499e+00 -7.3900e+00
174 0 +2.054255705e+01 -8.677442954e+00 -8.677442954e+00 +3.3659e+00 +1.6735e+00 -8.9046e+00 +3.3488e+00 +5.9715e+00 +7.8539e+00 -6.1553e+00 -1.2257e+01 -6.6075e+00 -1.0853e+01
184 0 +1.216351795e+01 -1.705648205e+01 -1.705648205e+01 +1.7679e+00 -8.2235e-01 -1.0704e+01 +5.2111e+00 +6.4788e+00 +6.1666e+00 -6.5263e+00 -1.2034e+01 -6.4882e+00 -1.1474e+01
208 0 +1.120041594e+01 -1.801958406e+01 -1.801958406e+01 +1.3854e+00 -3.1747e+00 -1.2915e+01 +4.8291e+00 +7.9117e+00 +4.4186e+00 -1.4267e+01 -1.0553e+01 -9.2350e+00 -1.5777e+01
213 0 +9.638208474e+00 -1.958179153e+01 -1.958179153e+01 +1.1523e-01 -1.4980e+00 -8.9777e+00 +8.3905e+00 +8.9434e+00 +6.2054e+00 -9.4461e+00 -1.1488e+01 -7.9292e+00 -1.2021e+01
233 0 +9.279818260e+00 -1.994018174e+01 -1.994018174e+01 +1.2407e+00 -5.6538e+00 -6.5276e+00 +1.0423e+01 +4.7564e+00 +4.3430e+00 -1.3864e+01 -1.7440e+01 -5.8512e+00 -1.1752e+01
235 0 +7.521708405e+00 -2.169829159e+01 -2.169829159e+01 -4.9636e+00 -9.9324e-03 -4.3763e+00 +1.3274e+01 +1.1961e+01 +5.2360e+00 -1.3058e+01 -1.7815e+01 -9.1854e+00 -9.6989e+00
246 0 +3.428935177e+00 -2.579106482e+01 -2.579106482e+01 -1.8293e+00 -8.4656e+00 -7.5903e+00 +1.3539e+01 +1.0546e+01 +4.9282e+00 -1.7793e+01 -1.7155e+01 -9.7196e+00 -1.7320e+01
263 0 +2.856255760e+00 -2.636374424e+01 -2.636374424e+01 -3.7444e+00 -3.7607e+00 -1.2863e+01 +1.3436e+01 +1.2916e+01 +1.0550e+01 -8.2647e+00 -1.8825e+01 -1.4399e+01 -1.8373e+01
278 0 +0.000000000e+00 -2.922000000e+01 -2.922000000e+01 -5.2517e+00 -1.3856e+01 -1.3103e+01 +2.3354e+01 +9.1383e+00 +1.0613e+01 -9.4337e+00 -1.3826e+01 -2.1820e+01 -2.4156e+01
450 0 +0.000000000e+00 -2.922000000e+01 -2.922000000e+01 -5.2517e+00 -1.3856e+01 -1.3103e+01 +2.3354e+01 +9.1383e+00 +1.0613e+01 -9.4337e+00 -1.3826e+01 -2.1820e+01 -2.4156e+01
% f evaluations | g evaluations | best noise-free fitness - Fopt (-4.096000000000e+01) + sum g_i+ | measured fitness | best measured fitness or single-digit g-values | x1 | x2...
1 0 +2.058026315e+02 +1.648426315e+02 +1.648426315e+02 +3.3257e-04 -8.6864e-02 -3.3482e-01 -3.8649e-03 -1.1351e-01 -1.4434e-01 -4.5521e-01 -1.4727e-01 -7.2207e-02 -1.9439e-01
3 0 +1.974756295e+02 +1.565156295e+02 +1.565156295e+02 +2.0258e-01 +9.5875e-03 +2.7545e-01 +1.1415e-01 +1.5491e-01 -1.0657e-01 +6.2635e-02 +9.8527e-02 -1.4947e-01 -6.2756e-01
15 0 +1.949343534e+02 +1.539743534e+02 +1.539743534e+02 -1.1211e-01 +7.8865e-02 +2.2949e-01 -4.6975e-01 -3.3945e-01 -4.0314e-01 +2.0857e-01 +5.0251e-02 +2.3986e-01 -4.5330e-01
21 0 +1.879631082e+02 +1.470031082e+02 +1.470031082e+02 +5.7872e-02 +2.5245e-01 +5.9313e-01 -3.4137e-01 +1.8587e-01 -3.5470e-01 +4.4129e-01 +2.4521e-01 +2.8601e-01 -9.2564e-01
33 0 +1.860344366e+02 +1.450744366e+02 +1.450744366e+02 -1.0818e-01 +4.2444e-01 +1.4315e-01 -2.9396e-01 +9.9200e-02 -5.6015e-01 +4.4881e-01 +4.8848e-01 +5.6672e-01 -7.1312e-01
51 0 +1.806147969e+02 +1.396547969e+02 +1.396547969e+02 +1.7266e-01 +6.6596e-01 +7.1768e-01 +1.0132e-01 -2.2668e-01 -4.7341e-01 +2.8730e-01 +3.3266e-01 +8.1850e-01 -9.2873e-01
61 0 +1.760347804e+02 +1.350747804e+02 +1.350747804e+02 -2.6671e-01 +6.7359e-01 +2.5610e-01 +3.3734e-01 -3.5564e-01 +3.6938e-02 +1.1493e+00 +4.7959e-01 +9.2896e-01 -1.0296e+00
73 0 +1.706655701e+02 +1.297055701e+02 +1.297055701e+02 -1.4045e-01 +1.5299e+00 +5.4736e-01 -7.5040e-01 -5.7287e-01 -1.2039e+00 +1.1175e+00 +1.6279e-01 +9.0827e-01 -1.3434e+00
75 0 +1.569516920e+02 +1.159916920e+02 +1.159916920e+02 -3.4167e-01 +5.6661e-01 +8.9635e-01 +3.9415e-01 -1.3066e+00 -1.0554e+00 +1.3725e+00 +6.4013e-01 +1.4308e+00 -1.5946e+00
84 0 +1.467638461e+02 +1.058038461e+02 +1.058038461e+02 +6.6786e-01 +1.5852e+00 +1.8020e-01 +6.2559e-01 -5.3982e-01 -2.0753e+00 +1.7342e+00 +1.4727e+00 +9.7881e-01 -1.9804e+00
92 0 +1.374882656e+02 +9.652826558e+01 +9.652826558e+01 +8.5200e-01 +9.5902e-01 +2.1533e+00 +6.9116e-01 -7.9068e-01 -1.5733e+00 +1.8768e+00 +1.0049e+00 +1.6251e+00 -2.4516e+00
95 0 +1.306223602e+02 +8.966236024e+01 +8.966236024e+01 +3.4226e-01 +1.0288e+00 +5.3301e-01 +1.3932e+00 -5.0344e-01 -1.8096e+00 +1.6402e+00 +1.0232e+00 +1.6201e+00 -3.3968e+00
101 0 +1.092548688e+02 +6.829486878e+01 +6.829486878e+01 +4.4862e-01 +9.4475e-01 +1.7444e+00 +2.1943e+00 -1.4556e+00 -1.4037e+00 +1.6459e+00 +5.7329e-01 +2.6429e+00 -4.5152e+00
111 0 +9.168699316e+01 +5.072699316e+01 +5.072699316e+01 +3.3636e-01 +2.3567e+00 +4.1099e-01 +1.5295e+00 -1.1545e+00 -2.3058e+00 +2.8002e+00 +1.9797e+00 +3.0886e+00 -4.5021e+00
113 0 +7.935867400e+01 +3.839867400e+01 +3.839867400e+01 -1.4605e-01 +1.6303e+00 +2.6967e-03 +9.3294e-01 -6.8446e-01 -2.4341e+00 +3.0246e+00 +1.2696e+00 +5.0924e+00 -5.5736e+00
124 0 +6.685199263e+01 +2.589199263e+01 +2.589199263e+01 -1.0463e+00 +3.6876e+00 +1.7992e+00 +3.1880e+00 -3.4129e+00 -1.5832e+00 +4.2937e+00 +5.2839e-01 +4.6013e+00 -7.0392e+00
131 0 +4.327503340e+01 +2.315033401e+00 +2.315033401e+00 -1.0177e+00 +3.6669e+00 +2.1690e+00 +4.2734e+00 -2.6589e+00 -5.0178e+00 +5.7582e+00 +1.2078e+00 +5.5094e+00 -9.0110e+00
140 0 +4.062588308e+01 -3.341169238e-01 -3.341169238e-01 +1.2967e-01 +1.9350e+00 +7.4210e-01 +2.3051e+00 -2.6672e+00 -2.5797e+00 +4.5940e+00 +4.6973e+00 +6.5348e+00 -5.7146e+00
141 0 +3.894920921e+01 -2.010790789e+00 -2.010790789e+00 -5.2841e-01 +4.4812e+00 +2.3169e+00 +2.2503e-01 -2.6639e+00 -4.0552e+00 +3.9592e+00 +4.4561e+00 +7.4486e+00 -7.0532e+00
142 0 +2.939568278e+01 -1.156431722e+01 -1.156431722e+01 -1.3163e+00 +4.2968e+00 +3.1148e+00 +5.0670e+00 -1.6560e+00 -6.8917e+00 +6.4760e+00 +3.3783e+00 +7.3638e+00 -9.0004e+00
151 0 +2.665728883e+01 -1.430271117e+01 -1.430271117e+01 +1.8863e+00 +2.2272e+00 +1.0742e+00 +5.9842e+00 -1.7940e-01 -8.2370e+00 +7.6786e+00 +6.4346e+00 +1.3816e+01 -1.0660e+01
154 0 +1.259642146e+01 -2.836357854e+01 -2.836357854e+01 +2.7839e+00 +4.8560e+00 +1.3399e+00 +4.2730e+00 -4.0935e+00 -1.0379e+01 +8.1111e+00 +6.0775e+00 +5.5115e+00 -8.7060e+00
162 0 +1.150256309e+01 -2.945743691e+01 -2.945743691e+01 -4.9035e-01 +4.3686e+00 +6.9668e+00 +7.3690e+00 -3.1324e+00 -1.4631e+01 +7.7066e+00 +8.4501e+00 +8.9358e+00 -8.8627e+00
168 0 +1.113667930e+01 -2.982332070e+01 -2.982332070e+01 +1.0406e+00 +6.7251e+00 +6.4700e+00 +4.8777e+00 -2.5153e+00 -6.9738e+00 +5.8231e+00 +7.2550e+00 +7.6505e+00 -9.4848e+00
170 0 +6.128370478e+00 -3.483162952e+01 -3.483162952e+01 +4.7383e-01 +8.1046e+00 +4.9266e+00 +4.3131e+00 -6.0550e+00 -1.2163e+01 +6.2569e+00 +7.1374e+00 +1.2050e+01 -8.2918e+00
176 0 +1.781168432e+00 -3.917883157e+01 -3.917883157e+01 +3.6124e+00 +5.6523e+00 +4.7641e+00 +1.2290e+01 -6.0912e+00 -1.3088e+01 +7.8827e+00 +1.0834e+01 +1.1853e+01 -6.8303e+00
194 0 +0.000000000e+00 -4.096000000e+01 -4.096000000e+01 +5.9360e+00 +5.4021e+00 +9.7808e+00 +1.3783e+01 -1.5019e+01 -8.9277e+00 +6.3846e+00 +1.0331e+01 +9.4888e+00 -1.7385e+01
290 0 +0.000000000e+00 -4.096000000e+01 -4.096000000e+01 +5.9360e+00 +5.4021e+00 +9.7808e+00 +1.3783e+01 -1.5019e+01 -8.9277e+00 +6.3846e+00 +1.0331e+01 +9.4888e+00 -1.7385e+01
