% f evaluations | g evaluations | best noise-free fitness - Fopt (7.627000000000e+01) + sum g_i+ | measured fitness | best measured fitness or single-digit g-values | x1 | x2...
1 0 +7.037000142e+06 +7.037076412e+06 +7.037076412e+06 +1.5169e-02 +1.4999e-01 -2.9878e-01 +2.0809e-01 -1.2550e-01
2 0 +3.760942514e+06 +3.761018784e+06 +3.761018784e+06 -4.7537e-01 -1.9431e-01 +1.7958e-01 +9.9678e-02 -3.4426e-01
10 0 +2.177069351e+06 +2.177145621e+06 +2.177145621e+06 -2.9449e-01 -3.7213e-01 +4.4612e-01 -2.6358e-01 -5.2353e-01
13 0 +2.059338512e+06 +2.059414782e+06 +2.059414782e+06 -4.3886e-01 -4.3748e-01 +6.2059e-01 -2.9924e-01 +4.7653e-02
19 0 +1.774582079e+06 +1.774658349e+06 +1.774658349e+06 -5.1712e-01 -5.7584e-01 +9.1978e-01 -3.8600e-01 -2.4280e-01
21 0 +1.380313188e+06 +1.380389458e+06 +1.380389458e+06 -6.6970e-01 -4.7061e-01 +1.1942e+00 -6.1905e-01 -2.4400e-01
25 0 +5.771339052e+05 +5.772101752e+05 +5.772101752e+05 -1.4193e+00 -7.8301e-01 +7.7724e-01 -6.7729e-01 -5.4294e-01
30 0 +1.935045919e+05 +1.935808619e+05 +1.935808619e+05 -8.6085e-01 -1.0150e+00 +2.0320e+00 -4.4144e-01 +5.9807e-02
33 0 +1.892271608e+05 +1.893034308e+05 +1.893034308e+05 -1.2130e+00 -1.5354e+00 +1.5245e+00 +2.6712e-01 +4.7429e-02
42 0 +2.200373125e+04 +2.208000125e+04 +2.208000125e+04 -3.4184e-02 -1.3637e+00 +2.8856e+00 -7.3454e-01 +1.7871e-02
63 0 +1.950261565e+03 +2.026531565e+03 +2.026531565e+03 +3.8118e-02 -1.2444e+00 +3.3677e+00 -4.8485e-01 +4.7358e-01
91 0 +3.935568059e+02 +4.698268059e+02 +4.698268059e+02 -3.9461e-01 -6.1980e-01 +3.3706e+00 -1.3517e+00 +2.6829e-02
94 0 +2.628042199e+02 +3.390742199e+02 +3.390742199e+02 +5.5582e-01 -1.4920e-01 +4.6108e+00 -1.5737e+00 -1.8666e-01
150 0 +8.494582907e+01 +1.612158291e+02 +1.612158291e+02 +5.0145e-01 -9.2713e-01 +3.8846e+00 -8.8678e-01 +1.2630e+00
161 0 +7.679951977e+01 +1.530695198e+02 +1.530695198e+02 +6.4732e-01 -7.1746e-01 +3.5882e+00 -1.4886e+00 +1.1736e+00
173 0 +7.379243372e+01 +1.500624337e+02 +1.500624337e+02 +7.2992e-01 -9.0503e-01 +3.1646e+00 -1.4632e+00 +1.0629e+00
185 0 +6.566758339e+01 +1.419375834e+02 +1.419375834e+02 +7.2683e-01 -1.0871e+00 +3.1539e+00 -1.0979e+00 +9.1608e-01
186 0 +5.115986433e+01 +1.274298643e+02 +1.274298643e+02 +1.2142e+00 -8.4482e-01 +3.6777e+00 -1.3328e+00 +1.1165e+00
201 0 +4.994745096e+01 +1.262174510e+02 +1.262174510e+02 +9.4440e-01 -9.4293e-01 +3.2755e+00 -1.4857e+00 +1.9019e+00
205 0 +3.823267933e+01 +1.145026793e+02 +1.145026793e+02 +8.2135e-01 -1.2719e+00 +2.9706e+00 -1.0259e+00 +1.7371e+00
346 0 +3.521481470e+01 +1.114848147e+02 +1.114848147e+02 +4.4416e-01 -1.4163e+00 +3.0112e+00 -6.0964e-01 +1.6241e+00
371 0 +3.442644084e+01 +1.106964408e+02 +1.106964408e+02 +6.9148e-02 -1.0750e+00 +2.6417e+00 -1.1486e+00 -2.5635e-02
375 0 +3.312875191e+01 +1.093987519e+02 +1.093987519e+02 +3.9221e-02 -1.0931e+00 +2.6580e+00 -1.1389e+00 +2.3126e-01
378 0 +2.538067826e+01 +1.016506783e+02 +1.016506783e+02 +5.3719e-02 -1.1531e+00 +2.3347e+00 -1.2737e+00 +2.9492e-01
387 0 +2.303530798e+01 +9.930530798e+01 +9.930530798e+01 -1.1428e-01 -1.3175e+00 +2.3992e+00 -7.8292e-01 -2.8438e-01
401 0 +2.210071232e+01 +9.837071232e+01 +9.837071232e+01 -5.9118e-02 -1.1819e+00 +1.9887e+00 -1.3080e+00 -4.8563e-01
424 0 +2.067920123e+01 +9.694920123e+01 +9.694920123e+01 +3.7493e-01 -1.4019e+00 +2.1407e+00 -9.0381e-01 -4.0343e-01
442 0 +1.629713793e+01 +9.256713793e+01 +9.256713793e+01 -9.2067e-02 -1.3627e+00 +1.6263e+00 -1.1270e+00 -1.0135e+00
459 0 +1.502648434e+01 +9.129648434e+01 +9.129648434e+01 -1.0690e-01 -1.3698e+00 +1.7412e+00 -9.6009e-01 -1.4284e+00
460 0 +1.439711519e+01 +9.066711519e+01 +9.066711519e+01 -9.7084e-02 -1.3174e+00 +1.4874e+00 -1.2070e+00 -1.6515e+00
480 0 +1.263846836e+01 +8.890846836e+01 +8.890846836e+01 -2.5103e-01 -1.4432e+00 +1.3455e+00 -9.4032e-01 -2.1962e+00
482 0 +1.115116352e+01 +8.742116352e+01 +8.742116352e+01 -5.3849e-01 -1.4975e+00 +1.1108e+00 -8.6690e-01 -2.6123e+00
493 0 +1.090352237e+01 +8.717352237e+01 +8.717352237e+01 -4.3346e-01 -1.4876e+00 +8.9554e-01 -1.0356e+00 -2.7792e+00
502 0 +1.043639594e+01 +8.670639594e+01 +8.670639594e+01 -9.2598e-02 -1.6791e+00 +7.6186e-01 -1.0270e+00 -1.7003e+00
504 0 +1.011042592e+01 +8.638042592e+01 +8.638042592e+01 -2.0389e-01 -1.6564e+00 +6.1047e-01 -9.5754e-01 -2.8722e+00
% f evaluations | g evaluations | best noise-free fitness - Fopt (-2.255000000000e+01) + sum g_i+ | measured fitness | best measured fitness or single-digit g-values | x1 | x2...
1 0 +2.362390752e+06 +2.362368202e+06 +2.362368202e+06 +1.5169e-02 +1.4999e-01 -2.9878e-01 +2.0809e-01 -1.2550e-01
3 0 +1.026745123e+06 +1.026722573e+06 +1.026722573e+06 +1.8560e-01 -2.6396e-02 +1.2752e-01 +9.9679e-02 -3.4706e-01
11 0 +4.882509622e+05 +4.882284122e+05 +4.882284122e+05 +2.2288e-01 -9.9580e-02 +1.7274e-01 +6.4024e-01 -5.4464e-01
18 0 +1.367255213e+05 +1.367029713e+05 +1.367029713e+05 +9.4357e-01 +5.3375e-02 +2.9298e-01 +5.1489e-01 -3.2111e-01
26 0 +1.246403673e+05 +1.246178173e+05 +1.246178173e+05 +1.3807e+00 +4.3678e-01 +3.0799e-01 +1.1547e+00 -8.1573e-01
28 0 +3.439044553e+03 +3.416494553e+03 +3.416494553e+03 +1.1142e+00 +3.2938e-01 +3.2980e-01 +8.7430e-01 -6.8254e-01
42 0 +4.514924035e+02 +4.289424035e+02 +4.289424035e+02 +5.5935e-01 +9.8997e-01 +7.3766e-01 +1.8840e-01 -1.0756e+00
66 0 +3.179079045e+02 +2.953579045e+02 +2.953579045e+02 +9.4191e-01 +4.9284e-01 +2.5173e-02 +5.1439e-01 -1.1583e+00
69 0 +3.988666525e+01 +1.733666525e+01 +1.733666525e+01 +7.1212e-01 -1.9895e-02 +3.4899e-01 +5.2728e-01 -1.2013e+00
138 0 +3.389823129e+01 +1.134823129e+01 +1.134823129e+01 +8.7053e-01 +4.8541e-01 +6.2132e-02 +5.7239e-01 -1.1666e+00
183 0 +3.300676797e+01 +1.045676797e+01 +1.045676797e+01 +7.7634e-01 +4.2649e-01 +4.7004e-01 +4.7171e-01 -1.0118e+00
185 0 +3.228136316e+01 +9.731363160e+00 +9.731363160e+00 +6.8634e-01 +4.2431e-01 +5.1467e-01 +5.4028e-01 -1.0639e+00
225 0 +3.148263933e+01 +8.932639333e+00 +8.932639333e+00 +7.3741e-01 +4.5663e-01 +5.1556e-01 +4.5074e-01 -1.0274e+00
249 0 +3.065481974e+01 +8.104819740e+00 +8.104819740e+00 +8.4940e-01 +6.7705e-01 +2.4906e-01 +3.8807e-01 -1.0933e+00
253 0 +2.991726088e+01 +7.367260884e+00 +7.367260884e+00 +8.3565e-01 +6.7602e-01 +2.6697e-01 +2.6946e-01 -1.1337e+00
269 0 +2.942682378e+01 +6.876823778e+00 +6.876823778e+00 +7.7976e-01 +7.6615e-01 +3.5890e-01 +2.7814e-01 -1.1222e+00
348 0 +2.781773379e+01 +5.267733795e+00 +5.267733795e+00 +8.8985e-01 +7.1194e-01 +3.6474e-01 +1.6123e-01 -1.0261e+00
367 0 +2.743489500e+01 +4.884894995e+00 +4.884894995e+00 +9.2322e-01 +8.0800e-01 +2.8094e-01 +1.2659e-01 -1.0514e+00
401 0 +2.628714855e+01 +3.737148551e+00 +3.737148551e+00 +9.6243e-01 +8.5791e-01 +3.2244e-01 +7.5451e-02 -9.8494e-01
414 0 +2.561892408e+01 +3.068924080e+00 +3.068924080e+00 +1.0319e+00 +9.1557e-01 +2.8696e-01 -1.1690e-02 -9.5090e-01
418 0 +2.412654781e+01 +1.576547815e+00 +1.576547815e+00 +9.6616e-01 +1.0494e+00 +3.5342e-01 -1.4979e-01 -1.0112e+00
425 0 +2.388710959e+01 +1.337109591e+00 +1.337109591e+00 +9.5597e-01 +1.1114e+00 +3.5271e-01 -2.1036e-01 -1.0391e+00
428 0 +2.315837282e+01 +6.083728228e-01 +6.083728228e-01 +9.7113e-01 +1.1656e+00 +3.7935e-01 -2.4186e-01 -1.0059e+00
450 0 +2.120400128e+01 -1.345998723e+00 -1.345998723e+00 +1.0699e+00 +1.2897e+00 +4.0983e-01 -2.9971e-01 -8.7011e-01
458 0 +1.844504257e+01 -4.104957426e+00 -4.104957426e+00 +1.1294e+00 +1.4173e+00 +5.5706e-01 -4.7389e-01 -7.3006e-01
465 0 +1.689899810e+01 -5.651001898e+00 -5.651001898e+00 +1.1480e+00 +1.6591e+00 +5.7560e-01 -6.3347e-01 -7.2451e-01
479 0 +1.615173875e+01 -6.398261254e+00 -6.398261254e+00 +1.2071e+00 +1.7636e+00 +6.7562e-01 -7.6267e-01 -6.1064e-01
485 0 +1.365820989e+01 -8.891790109e+00 -8.891790109e+00 +1.3628e+00 +2.2384e+00 +7.8396e-01 -1.1374e+00 -4.1891e-01
486 0 +1.294575439e+01 -9.604245613e+00 -9.604245613e+00 +1.2834e+00 +2.0989e+00 +7.7448e-01 -1.0558e+00 -5.0613e-01
495 0 +8.769049875e+00 -1.378095012e+01 -1.378095012e+01 +1.4746e+00 +2.7398e+00 +1.1264e+00 -1.4644e+00 -8.3447e-02
504 0 +8.761347246e+00 -1.378865275e+01 -1.378865275e+01 +1.6552e+00 +3.1451e+00 +1.2088e+00 -1.8364e+00 +1.1680e-01
% f evaluations | g evaluations | best noise-free fitness - Fopt (1.366000000000e+01) + sum g_i+ | measured fitness | best measured fitness or single-digit g-values | x1 | x2...
1 0 +5.328495970e+06 +5.328509630e+06 +5.328509630e+06 +1.5169e-02 +1.4999e-01 -2.9878e-01 +2.0809e-01 -1.2550e-01
6 0 +2.472055767e+06 +2.472069427e+06 +2.472069427e+06 +1.1829e-01 +5.0771e-01 -3.3385e-01 +4.9074e-01 -4.0831e-01
11 0 +2.110545017e+06 +2.110558677e+06 +2.110558677e+06 +1.5040e-01 +7.9078e-01 -2.8506e-01 +1.9121e-02 -7.0694e-01
19 0 +1.760324460e+06 +1.760338120e+06 +1.760338120e+06 +1.4551e-01 +1.0597e+00 -2.4895e-01 +2.3659e-01 -7.9417e-01
21 0 +7.856430640e+05 +7.856567240e+05 +7.856567240e+05 +2.7477e-01 +1.1629e+00 -1.7657e-01 +3.6034e-01 -1.1652e+00
25 0 +5.237866588e+05 +5.238003188e+05 +5.238003188e+05 +4.5176e-01 +1.1143e+00 -9.9160e-01 +7.6620e-01 -1.3294e+00
27 0 +3.099726288e+05 +3.099862888e+05 +3.099862888e+05 +7.0488e-01 +1.7256e+00 -5.3758e-01 +9.3561e-01 -7.8508e-01
30 0 +5.067039659e+04 +5.068405659e+04 +5.068405659e+04 +3.4633e-01 +1.8675e+00 +1.4014e-01 +1.1316e-01 -1.7628e+00
37 0 +6.140328578e+03 +6.153988578e+03 +6.153988578e+03 +6.3630e-01 +1.7612e+00 -5.9997e-01 +5.3987e-01 -2.0328e+00
53 0 +9.745098032e+02 +9.881698032e+02 +9.881698032e+02 +2.5475e-01 +2.2998e+00 +3.9759e-01 +1.3434e-01 -1.3783e+00
81 0 +1.816042687e+02 +1.952642687e+02 +1.952642687e+02 +2.4589e-01 +1.7480e+00 -1.0334e-02 +1.4541e+00 -1.3099e+00
97 0 +1.134531732e+02 +1.271131732e+02 +1.271131732e+02 -2.4905e-01 +8.4122e-01 +1.5874e-01 +2.1710e+00 -2.0023e+00
196 0 +1.999964095e+01 +3.365964095e+01 +3.365964095e+01 +2.0065e-01 +7.0625e-01 +7.7880e-01 +3.4834e+00 -1.3354e+00
480 0 +1.851236439e+01 +3.217236439e+01 +3.217236439e+01 -1.1788e+00 +2.7083e-01 +1.6190e+00 +3.6679e+00 -1.3206e+00
504 0 +1.827408928e+01 +3.193408928e+01 +3.193408928e+01 -1.2894e+00 +3.2875e-01 +1.8224e+00 +3.4060e+00 -1.3909e+00
% f evaluations | g evaluations | best noise-free fitness - Fopt (9.378400000000e+02) + sum g_i+ | measured fitness | best measured fitness or single-digit g-values | x1 | x2...
1 0 +6.581535912e+03 +7.519375912e+03 +7.519375912e+03 +1.5169e-02 +1.4999e-01 -2.9878e-01 +2.0809e-01 -1.2550e-01
3 0 +2.599377438e+03 +3.537217438e+03 +3.537217438e+03 +1.8560e-01 -2.6396e-02 +1.2752e-01 +9.9679e-02 -3.4706e-01
19 0 +9.284164335e+02 +1.866256434e+03 +1.866256434e+03 +3.3580e-01 +3.4246e-02 -1.2050e-01 +1.5684e-01 -5.5688e-01
20 0 +2.475602365e+02 +1.185400236e+03 +1.185400236e+03 +2.9558e-01 +1.2916e-01 +1.0795e-02 +2.8128e-01 -3.5276e-01
53 0 +1.257726713e+02 +1.063612671e+03 +1.063612671e+03 +1.0561e-01 -7.3726e-02 -1.0290e-01 +1.2222e-01 -3.3154e-02
80 0 +1.040607303e+02 +1.041900730e+03 +1.041900730e+03 +2.8135e-01 -3.1584e-02 +1.9725e-01 +1.8125e-01 -2.2299e-01
88 0 +4.742308011e+01 +9.852630801e+02 +9.852630801e+02 +2.3579e-01 +4.1097e-02 +1.6760e-01 +1.9693e-01 -1.6234e-01
102 0 +3.426457424e+01 +9.721045742e+02 +9.721045742e+02 +2.1675e-01 -6.4362e-02 +1.9468e-01 +1.2161e-01 -1.6798e-01
116 0 +3.069497850e+01 +9.685349785e+02 +9.685349785e+02 +2.4864e-01 +3.8852e-02 +1.2783e-01 +2.2862e-01 -1.5068e-01
132 0 +2.979412535e+01 +9.676341253e+02 +9.676341253e+02 +2.1648e-01 +1.1157e-01 +1.8269e-01 +1.7772e-01 -1.5457e-01
237 0 +2.934632351e+01 +9.671863235e+02 +9.671863235e+02 +2.7167e-01 +9.9299e-02 +1.9112e-01 +2.3598e-01 -1.9889e-01
322 0 +2.877815524e+01 +9.666181552e+02 +9.666181552e+02 +2.3699e-01 +1.1175e-01 +2.5341e-01 +1.4128e-01 -2.4667e-01
353 0 +2.813418384e+01 +9.659741838e+02 +9.659741838e+02 +1.9654e-01 +1.1777e-01 +2.9730e-01 +4.9706e-02 -2.7451e-01
379 0 +2.727472274e+01 +9.651147227e+02 +9.651147227e+02 +2.0843e-01 +1.7740e-01 +3.1885e-01 +2.1418e-02 -3.8277e-01
385 0 +2.687346313e+01 +9.647134631e+02 +9.647134631e+02 +1.7637e-01 +1.7056e-01 +3.8681e-01 -3.6854e-02 -3.5552e-01
396 0 +2.625889557e+01 +9.640988956e+02 +9.640988956e+02 +1.9232e-01 +2.4073e-01 +3.9727e-01 -4.9129e-02 -4.5804e-01
404 0 +2.564091740e+01 +9.634809174e+02 +9.634809174e+02 +1.0297e-01 +3.2197e-01 +3.3346e-01 -1.9381e-01 -5.4297e-01
424 0 +2.497208134e+01 +9.628120813e+02 +9.628120813e+02 +1.0508e-01 +4.1890e-01 +3.6065e-01 -1.7708e-01 -5.5547e-01
437 0 +2.441331977e+01 +9.622533198e+02 +9.622533198e+02 +1.4878e-01 +4.5008e-01 +4.5813e-01 -2.7044e-01 -8.2048e-01
439 0 +2.332287679e+01 +9.611628768e+02 +9.611628768e+02 +2.3341e-01 +6.6272e-01 +4.4691e-01 -1.9591e-01 -1.0474e+00
451 0 +2.278929793e+01 +9.606292979e+02 +9.606292979e+02 -3.4487e-02 +7.9100e-01 +4.0383e-01 -3.2107e-01 -5.9718e-01
456 0 +2.228665771e+01 +9.601266577e+02 +9.601266577e+02 +1.4965e-01 +9.0266e-01 +4.4425e-01 -9.5659e-02 -7.5054e-01
459 0 +2.015301451e+01 +9.579930145e+02 +9.579930145e+02 +1.2626e-01 +1.1865e+00 +4.6920e-01 -1.5564e-01 -9.3178e-01
462 0 +1.954669925e+01 +9.573866992e+02 +9.573866992e+02 +7.5273e-02 +1.3110e+00 +3.8095e-01 -2.2360e-01 -1.0266e+00
480 0 +1.744187252e+01 +9.552818725e+02 +9.552818725e+02 +5.8464e-02 +1.9463e+00 +3.1427e-01 -1.4062e-01 -1.2018e+00
482 0 +1.635316629e+01 +9.541931663e+02 +9.541931663e+02 +7.9589e-03 +2.1403e+00 +6.7042e-01 -4.9770e-01 -1.6294e+00
493 0 +1.607697921e+01 +9.539169792e+02 +9.539169792e+02 -1.3047e-01 +2.1518e+00 +4.9490e-01 -7.9090e-01 -1.8623e+00
497 0 +1.466053859e+01 +9.525005386e+02 +9.525005386e+02 -4.5139e-01 +2.5816e+00 +7.2377e-01 -1.3324e+00 -2.0342e+00
500 0 +1.342877952e+01 +9.512687795e+02 +9.512687795e+02 -1.9397e-01 +2.4462e+00 +8.7542e-01 -1.2329e+00 -2.4468e+00
504 0 +1.342877952e+01 +9.512687795e+02 +9.512687795e+02 -1.9397e-01 +2.4462e+00 +8.7542e-01 -1.2329e+00 -2.4468e+00
% f evaluations | g evaluations | best noise-free fitness - Fopt (-7.872000000000e+01) + sum g_i+ | measured fitness | best measured fitness or single-digit g-values | x1 | x2...
1 0 +1.599460802e+03 +1.520740802e+03 +1.520740802e+03 +1.5169e-02 +1.4999e-01 -2.9878e-01 +2.0809e-01 -1.2550e-01
15 0 +8.286658864e+02 +7.499458864e+02 +7.499458864e+02 +5.2997e-01 +9.0182e-03 -1.0315e-01 +2.4418e-01 +5.8114e-02
17 0 +2.058717880e+01 -5.813282120e+01 -5.813282120e+01 +8.6472e-01 -1.1822e-01 -4.5344e-01 +1.4350e-01 +1.4828e-01
138 0 +1.981606308e+01 -5.890393692e+01 -5.890393692e+01 +1.2516e+00 +7.2933e-01 +5.4771e-01 +2.7103e-01 +3.4830e-01
202 0 +1.841211157e+01 -6.030788843e+01 -6.030788843e+01 +7.9220e-01 +5.3502e-01 +5.5470e-02 +4.1246e-01 -5.1442e-01
370 0 +1.733503185e+01 -6.138496815e+01 -6.138496815e+01 +2.5817e+00 +1.3199e+00 +6.1416e-01 +7.5988e-01 -1.5488e+00
385 0 +7.720966031e+00 -7.099903397e+01 -7.099903397e+01 +3.4646e+00 +9.7233e-01 -6.6370e-01 +4.2497e-01 -1.6876e+00
395 0 +6.309315410e+00 -7.241068459e+01 -7.241068459e+01 +3.6573e+00 +6.6913e-01 -1.5565e+00 +4.1022e-01 -2.4451e+00
419 0 +5.673180718e+00 -7.304681928e+01 -7.304681928e+01 +4.7769e+00 +4.5864e-01 -2.2683e+00 +9.4927e-02 -2.1278e+00
433 0 +3.680178432e+00 -7.503982157e+01 -7.503982157e+01 +4.5004e+00 +3.0926e-01 -1.8991e+00 +1.3607e-01 -1.7776e+00
481 0 +2.785056732e+00 -7.593494327e+01 -7.593494327e+01 +4.1144e+00 +1.6260e-02 -1.9822e+00 +1.7466e-01 -1.8204e+00
498 0 +2.683302191e+00 -7.603669781e+01 -7.603669781e+01 +4.2671e+00 -4.0309e-01 -2.0642e+00 +2.1676e-01 -1.8371e+00
500 0 +2.535393880e+00 -7.618460612e+01 -7.618460612e+01 +3.6136e+00 +5.5119e-02 -1.7825e+00 +2.7284e-01 -1.9186e+00
504 0 +2.535393880e+00 -7.618460612e+01 -7.618460612e+01 +3.6136e+00 +5.5119e-02 -1.7825e+00 +2.7284e-01 -1.9186e+00
% f evaluations | g evaluations | best noise-free fitness - Fopt (-4.151000000000e+01) + sum g_i+ | measured fitness | best measured fitness or single-digit g-values | x1 | x2...
1 0 +3.967736464e+05 +3.967321364e+05 +3.967321364e+05 +1.5169e-02 +1.4999e-01 -2.9878e-01 +2.0809e-01 -1.2550e-01
5 0 +3.776487464e+05 +3.776072364e+05 +3.776072364e+05 -2.9490e-01 +1.6330e-02 +4.7969e-02 -3.6270e-01 +6.6703e-01
6 0 +2.690880443e+05 +2.690465343e+05 +2.690465343e+05 +1.1829e-01 +5.0771e-01 -3.3385e-01 +4.9074e-01 -4.0831e-01
8 0 +1.581297152e+04 +1.577146152e+04 +1.577146152e+04 +2.5135e-01 +6.2637e-01 +2.7446e-01 -8.2863e-02 +2.3896e-01
13 0 +3.231772528e+03 +3.190262528e+03 +3.190262528e+03 +3.3624e-01 +5.0378e-01 -5.6533e-01 -1.0954e-02 +3.0996e-01
29 0 +1.138222712e+03 +1.096712712e+03 +1.096712712e+03 +3.2847e-02 +6.9513e-01 -6.4552e-01 -2.9910e-01 +3.4189e-01
34 0 +7.589884746e+01 +3.438884746e+01 +3.438884746e+01 -1.2632e-01 +8.6753e-01 -1.1837e+00 -4.6827e-01 -8.5841e-02
37 0 +5.054902638e+01 +9.039026380e+00 +9.039026380e+00 +2.7156e-01 +5.8387e-01 -8.8486e-01 -2.9572e-01 -4.9845e-02
128 0 +3.046092227e+01 -1.104907773e+01 -1.104907773e+01 +1.1992e-01 +8.7307e-01 -1.5019e+00 +2.9848e-01 +1.1449e-01
204 0 +2.973339712e+01 -1.177660288e+01 -1.177660288e+01 +2.3544e-01 +7.2358e-01 -1.5965e+00 +3.2849e-01 +1.9436e-01
209 0 +2.931608195e+01 -1.219391805e+01 -1.219391805e+01 +2.5031e-01 +6.6659e-01 -1.5585e+00 +2.2006e-01 +1.8098e-01
249 0 +2.881189553e+01 -1.269810447e+01 -1.269810447e+01 +4.9381e-01 +5.1353e-01 -1.5840e+00 +4.2577e-01 +1.6948e-01
316 0 +2.782591409e+01 -1.368408591e+01 -1.368408591e+01 +3.4415e-01 +6.3834e-01 -1.8298e+00 +4.0713e-01 +1.0842e-01
339 0 +2.726927144e+01 -1.424072856e+01 -1.424072856e+01 +3.0031e-01 +7.1773e-01 -1.7771e+00 +3.6081e-01 -3.3413e-02
345 0 +2.585857746e+01 -1.565142254e+01 -1.565142254e+01 +4.0264e-01 +6.1450e-01 -1.8477e+00 +3.1257e-01 -1.4834e-01
355 0 +2.568013990e+01 -1.582986010e+01 -1.582986010e+01 +5.0779e-01 +5.0262e-01 -1.9185e+00 +4.1905e-01 -1.6783e-02
357 0 +2.434872209e+01 -1.716127791e+01 -1.716127791e+01 +3.5823e-01 +6.6357e-01 -1.8496e+00 +2.3777e-01 -2.6323e-01
370 0 +2.228072904e+01 -1.922927096e+01 -1.922927096e+01 +5.6870e-01 +4.8465e-01 -1.8125e+00 +2.4035e-01 -3.5201e-01
384 0 +1.870414348e+01 -2.280585652e+01 -2.280585652e+01 +7.6457e-01 +3.3404e-01 -1.8894e+00 +2.0461e-01 -5.9607e-01
396 0 +1.725033396e+01 -2.425966604e+01 -2.425966604e+01 +7.5004e-01 +3.0256e-01 -1.7423e+00 -2.8503e-02 -7.1647e-01
400 0 +1.378348735e+01 -2.772651265e+01 -2.772651265e+01 +1.0693e+00 +8.1255e-02 -1.8018e+00 +2.5511e-02 -9.9010e-01
412 0 +1.266821444e+01 -2.884178556e+01 -2.884178556e+01 +1.1383e+00 +4.6964e-03 -1.8292e+00 -6.8132e-02 -1.1269e+00
414 0 +1.192074288e+01 -2.958925712e+01 -2.958925712e+01 +1.3592e+00 -1.1369e-01 -1.6000e+00 +2.7458e-02 -1.1948e+00
415 0 +8.327021066e+00 -3.318297893e+01 -3.318297893e+01 +1.4591e+00 -1.7444e-01 -2.0156e+00 -8.1867e-02 -1.6878e+00
422 0 +7.764321849e+00 -3.374567815e+01 -3.374567815e+01 +1.5853e+00 -1.7998e-01 -1.9336e+00 +1.0209e-02 -1.8874e+00
433 0 +3.999643924e+00 -3.751035608e+01 -3.751035608e+01 +2.1065e+00 -7.1647e-01 -2.3192e+00 -2.5671e-01 -2.4725e+00
445 0 +1.424096153e+00 -4.008590385e+01 -4.008590385e+01 +2.4281e+00 -9.8653e-01 -3.0855e+00 -3.4221e-01 -3.1662e+00
449 0 +1.171565159e+00 -4.033843484e+01 -4.033843484e+01 +2.4195e+00 -8.0909e-01 -2.7231e+00 -6.1341e-01 -3.8750e+00
504 0 +1.171565159e+00 -4.033843484e+01 -4.033843484e+01 +2.4195e+00 -8.0909e-01 -2.7231e+00 -6.1341e-01 -3.8750e+00
% f evaluations | g evaluations | best noise-free fitness - Fopt (1.320700000000e+02) + sum g_i+ | measured fitness | best measured fitness or single-digit g-values | x1 | x2...
1 0 +1.787906767e+06 +1.788038837e+06 +1.788038837e+06 +1.5169e-02 +1.4999e-01 -2.9878e-01 +2.0809e-01 -1.2550e-01
2 0 +1.272789358e+06 +1.272921428e+06 +1.272921428e+06 -4.7537e-01 -1.9431e-01 +1.7958e-01 +9.9678e-02 -3.4426e-01
5 0 +3.286347618e+05 +3.287668318e+05 +3.287668318e+05 -2.9490e-01 +1.6330e-02 +4.7969e-02 -3.6270e-01 +6.6703e-01
7 0 +1.372545422e+05 +1.373866122e+05 +1.373866122e+05 -1.9537e-01 +1.6274e-01 +1.4402e-02 -7.0744e-01 -3.3169e-01
10 0 +4.926771705e+04 +4.939978705e+04 +4.939978705e+04 +5.6116e-02 +3.6147e-02 +1.4072e-01 -9.5594e-01 -2.3397e-02
14 0 +7.256711552e+02 +8.577411552e+02 +8.577411552e+02 -4.8637e-01 +8.1315e-01 +2.5500e-01 -8.8041e-01 -2.9421e-01
24 0 +6.321209968e+02 +7.641909968e+02 +7.641909968e+02 -3.5009e-01 +3.9937e-02 -1.0052e-01 -1.0432e+00 +1.7604e-01
29 0 +5.380753617e+01 +1.858775362e+02 +1.858775362e+02 -5.2335e-01 -4.4195e-01 +4.6503e-01 -1.0987e+00 +1.2981e-01
102 0 +2.021038771e+01 +1.522803877e+02 +1.522803877e+02 -1.8060e+00 -1.8262e-01 +9.6131e-01 -6.4453e-01 +3.5259e-01
504 0 +2.021038771e+01 +1.522803877e+02 +1.522803877e+02 -1.8060e+00 -1.8262e-01 +9.6131e-01 -6.4453e-01 +3.5259e-01
% f evaluations | g evaluations | best noise-free fitness - Fopt (9.725000000000e+01) + sum g_i+ | measured fitness | best measured fitness or single-digit g-values | x1 | x2...
1 0 +3.358276986e+06 +3.358374236e+06 +3.358374236e+06 +1.5169e-02 +1.4999e-01 -2.9878e-01 +2.0809e-01 -1.2550e-01
6 0 +2.341139947e+06 +2.341237197e+06 +2.341237197e+06 +1.1829e-01 +5.0771e-01 -3.3385e-01 +4.9074e-01 -4.0831e-01
11 0 +1.806243823e+06 +1.806341073e+06 +1.806341073e+06 +1.3920e-01 +5.1469e-01 +8.9100e-02 +8.3480e-01 -3.6035e-01
13 0 +1.340459089e+06 +1.340556339e+06 +1.340556339e+06 +4.3779e-01 +3.8518e-01 -2.8202e-02 +5.4392e-01 +4.7441e-01
17 0 +6.085544680e+05 +6.086517180e+05 +6.086517180e+05 +2.0491e-01 +2.7571e-01 -4.5674e-01 +1.4540e+00 +6.6171e-02
23 0 +2.690601396e+05 +2.691573896e+05 +2.691573896e+05 +2.6069e-01 +8.4061e-01 -8.6156e-01 +8.7051e-01 +4.8097e-01
25 0 +1.883867672e+05 +1.884840172e+05 +1.884840172e+05 +1.0413e+00 +1.0772e+00 -7.4186e-01 +6.3420e-01 +1.8417e-01
27 0 +1.262563621e+02 +2.235063621e+02 +2.235063621e+02 +2.6297e-01 +1.7080e+00 -7.4487e-01 +8.1242e-01 +4.2585e-01
62 0 +1.088119168e+02 +2.060619168e+02 +2.060619168e+02 +1.1876e+00 +7.7336e-01 -2.0568e+00 +1.1484e+00 +5.9890e-01
134 0 +1.063529222e+02 +2.036029222e+02 +2.036029222e+02 +6.6141e-01 +9.3414e-01 -1.2239e+00 +4.2385e-01 +2.0462e+00
138 0 +8.906206394e+01 +1.863120639e+02 +1.863120639e+02 +6.6739e-01 +8.6165e-01 -1.5913e+00 +7.5221e-01 +1.5882e+00
145 0 +9.862410053e+00 +1.071124101e+02 +1.071124101e+02 +1.0479e+00 +5.1011e-01 -1.4565e+00 +5.8280e-01 +2.3095e+00
158 0 +6.841182712e+00 +1.040911827e+02 +1.040911827e+02 +9.4255e-01 +4.0707e-01 -1.3694e+00 +8.8462e-01 +2.1642e+00
337 0 +6.554537312e+00 +1.038045373e+02 +1.038045373e+02 +1.0341e+00 +3.8819e-01 -1.8149e+00 +5.5817e-01 +2.4640e+00
361 0 +6.253708620e+00 +1.035037086e+02 +1.035037086e+02 +1.0449e+00 +3.8077e-01 -1.7301e+00 +5.3403e-01 +2.5433e+00
379 0 +6.155469963e+00 +1.034054700e+02 +1.034054700e+02 +9.7483e-01 +4.4086e-01 -1.7498e+00 +4.9739e-01 +2.5198e+00
389 0 +5.811348253e+00 +1.030613483e+02 +1.030613483e+02 +9.6201e-01 +4.4111e-01 -1.7068e+00 +4.7543e-01 +2.5803e+00
401 0 +5.727366208e+00 +1.029773662e+02 +1.029773662e+02 +9.0944e-01 +4.5662e-01 -1.6956e+00 +5.0308e-01 +2.5487e+00
431 0 +5.593645815e+00 +1.028436458e+02 +1.028436458e+02 +9.0141e-01 +4.7944e-01 -1.6641e+00 +4.7581e-01 +2.5626e+00
437 0 +5.437069376e+00 +1.026870694e+02 +1.026870694e+02 +8.5876e-01 +5.0513e-01 -1.6533e+00 +4.7269e-01 +2.5510e+00
442 0 +5.096498904e+00 +1.023464989e+02 +1.023464989e+02 +8.0474e-01 +4.8378e-01 -1.6084e+00 +4.4315e-01 +2.6960e+00
450 0 +4.996628985e+00 +1.022466290e+02 +1.022466290e+02 +7.8499e-01 +5.1323e-01 -1.5592e+00 +4.4373e-01 +2.6693e+00
459 0 +4.895865633e+00 +1.021458656e+02 +1.021458656e+02 +7.6665e-01 +5.0766e-01 -1.5727e+00 +3.9985e-01 +2.7569e+00
473 0 +4.705912715e+00 +1.019559127e+02 +1.019559127e+02 +6.3710e-01 +5.1237e-01 -1.5391e+00 +4.0967e-01 +2.8364e+00
480 0 +4.451210838e+00 +1.017012108e+02 +1.017012108e+02 +6.3670e-01 +5.7584e-01 -1.4604e+00 +3.8275e-01 +2.7830e+00
482 0 +4.159323182e+00 +1.014093232e+02 +1.014093232e+02 +5.6829e-01 +5.8992e-01 -1.4075e+00 +3.1144e-01 +2.9351e+00
489 0 +3.966527827e+00 +1.012165278e+02 +1.012165278e+02 +4.9238e-01 +5.7826e-01 -1.3570e+00 +2.6779e-01 +3.1011e+00
490 0 +3.304998394e+00 +1.005549984e+02 +1.005549984e+02 +3.7179e-01 +6.8058e-01 -1.1884e+00 +2.5824e-01 +3.0626e+00
499 0 +3.103430638e+00 +1.003534306e+02 +1.003534306e+02 +2.7820e-01 +6.5811e-01 -1.1310e+00 +1.6942e-01 +3.3331e+00
500 0 +2.923288442e+00 +1.001732884e+02 +1.001732884e+02 +2.9853e-01 +6.9658e-01 -1.0866e+00 +2.6672e-01 +3.1104e+00
504 0 +2.923288442e+00 +1.001732884e+02 +1.001732884e+02 +2.9853e-01 +6.9658e-01 -1.0866e+00 +2.6672e-01 +3.1104e+00
% f evaluations | g evaluations | best noise-free fitness - Fopt (-2.033000000000e+01) + sum g_i+ | measured fitness | best measured fitness or single-digit g-values | x1 | x2...
1 0 +3.494077153e+03 +3.473747153e+03 +3.473747153e+03 +1.5169e-02 +1.4999e-01 -2.9878e-01 +2.0809e-01 -1.2550e-01
2 0 +3.627374648e+02 +3.424074648e+02 +3.424074648e+02 -4.7537e-01 -1.9431e-01 +1.7958e-01 +9.9678e-02 -3.4426e-01
21 0 +3.479757389e+02 +3.276457389e+02 +3.276457389e+02 -6.2615e-02 -3.9213e-01 -6.5414e-01 +3.6842e-01 -8.6493e-01
33 0 +6.969495135e+01 +4.936495135e+01 +4.936495135e+01 +5.8472e-02 -1.5337e-01 -3.0167e-01 +8.7020e-01 -1.2874e+00
156 0 +5.643826919e+01 +3.610826919e+01 +3.610826919e+01 +8.4188e-01 -7.0229e-01 -1.0090e+00 +2.0974e+00 -3.0892e+00
158 0 +4.687876882e+01 +2.654876882e+01 +2.654876882e+01 +5.3204e-01 -4.2535e-01 -4.9085e-01 +1.8063e+00 -2.5640e+00
186 0 +4.338123454e+01 +2.305123454e+01 +2.305123454e+01 +6.1398e-01 -3.8055e-01 +2.9862e-02 +1.9687e+00 -2.3831e+00
248 0 +4.225431010e+01 +2.192431010e+01 +2.192431010e+01 +8.9149e-01 -5.2950e-01 -2.6198e-01 +1.9509e+00 -2.1819e+00
259 0 +4.153770204e+01 +2.120770204e+01 +2.120770204e+01 +8.4266e-01 -6.0473e-01 -1.3720e-02 +1.9587e+00 -2.1242e+00
322 0 +4.073515312e+01 +2.040515312e+01 +2.040515312e+01 +7.5664e-01 -4.7783e-01 +1.2456e-01 +1.9388e+00 -2.0808e+00
339 0 +3.968684699e+01 +1.935684699e+01 +1.935684699e+01 +8.9382e-01 -5.0357e-01 +1.7988e-01 +1.9025e+00 -1.7824e+00
345 0 +3.650122033e+01 +1.617122033e+01 +1.617122033e+01 +9.5192e-01 -4.1182e-01 +1.8008e-01 +1.9178e+00 -1.6920e+00
353 0 +3.349859270e+01 +1.316859270e+01 +1.316859270e+01 +1.1077e+00 -4.4127e-01 +3.0016e-01 +1.9929e+00 -1.5276e+00
367 0 +3.014704498e+01 +9.817044984e+00 +9.817044984e+00 +1.2460e+00 -4.0379e-01 +4.7862e-01 +2.0232e+00 -1.2469e+00
378 0 +2.943328687e+01 +9.103286873e+00 +9.103286873e+00 +1.3059e+00 -3.8676e-01 +7.3162e-01 +2.2149e+00 -1.3432e+00
379 0 +2.782849427e+01 +7.498494267e+00 +7.498494267e+00 +1.5448e+00 -3.6181e-01 +5.4681e-01 +2.1321e+00 -9.4936e-01
384 0 +2.089420335e+01 +5.642033531e-01 +5.642033531e-01 +1.5025e+00 -2.9044e-01 +1.5175e+00 +2.0859e+00 -2.4139e-01
389 0 +2.079623534e+01 +4.662353415e-01 +4.662353415e-01 +1.3761e+00 -2.9514e-01 +1.8000e+00 +2.0240e+00 -1.2585e-01
400 0 +1.738428714e+01 -2.945712863e+00 -2.945712863e+00 +1.8646e+00 -3.3480e-01 +2.5454e+00 +2.0059e+00 +1.1274e+00
401 0 +1.602726343e+01 -4.302736567e+00 -4.302736567e+00 +1.9791e+00 -2.5938e-01 +2.2328e+00 +2.3131e+00 +5.2717e-01
402 0 +1.425346350e+01 -6.076536503e+00 -6.076536503e+00 +1.7822e+00 +9.9438e-02 +2.2141e+00 +2.2422e+00 +4.7823e-01
417 0 +1.272228118e+01 -7.607718818e+00 -7.607718818e+00 +2.3486e+00 +5.3255e-01 +4.3471e+00 +2.7613e+00 +1.9182e+00
423 0 +1.102185321e+01 -9.308146791e+00 -9.308146791e+00 +2.3391e+00 +1.4675e-01 +2.3663e+00 +2.7378e+00 +4.8532e-01
435 0 +1.061689923e+01 -9.713100767e+00 -9.713100767e+00 +2.3467e+00 -1.0620e-02 +2.3637e+00 +2.3196e+00 +1.2377e+00
441 0 +9.503213021e+00 -1.082678698e+01 -1.082678698e+01 +2.3024e+00 +3.8509e-01 +2.3859e+00 +2.3368e+00 +1.2816e+00
458 0 +8.778671666e+00 -1.155132833e+01 -1.155132833e+01 +3.2785e+00 +8.9586e-01 +3.6755e+00 +2.6462e+00 +3.1945e+00
459 0 +7.628085120e+00 -1.270191488e+01 -1.270191488e+01 +2.4818e+00 +6.9397e-01 +2.4402e+00 +2.5151e+00 +1.3473e+00
468 0 +7.500139758e+00 -1.282986024e+01 -1.282986024e+01 +2.4305e+00 +9.6974e-01 +3.0792e+00 +2.6283e+00 +1.5755e+00
471 0 +6.067163541e+00 -1.426283646e+01 -1.426283646e+01 +2.5360e+00 +1.2184e+00 +2.5932e+00 +2.5932e+00 +1.5524e+00
475 0 +5.608959687e+00 -1.472104031e+01 -1.472104031e+01 +2.9247e+00 +1.3249e+00 +3.0136e+00 +2.7009e+00 +2.2535e+00
498 0 +5.275537274e+00 -1.505446273e+01 -1.505446273e+01 +3.0475e+00 +1.7145e+00 +3.9390e+00 +3.2829e+00 +2.0778e+00
500 0 +3.196663475e+00 -1.713333652e+01 -1.713333652e+01 +2.9770e+00 +1.6127e+00 +2.7192e+00 +3.1270e+00 +1.4110e+00
504 0 +3.196663475e+00 -1.713333652e+01 -1.713333652e+01 +2.9770e+00 +1.6127e+00 +2.7192e+00 +3.1270e+00 +1.4110e+00
% f evaluations | g evaluations | best noise-free fitness - Fopt (9.431000000000e+01) + sum g_i+ | measured fitness | best measured fitness or single-digit g-values | x1 | x2...
1 0 +4.010094833e+05 +4.011037933e+05 +4.011037933e+05 +1.5169e-02 +1.4999e-01 -2.9878e-01 +2.0809e-01 -1.2550e-01
5 0 +2.168870316e+05 +2.169813416e+05 +2.169813416e+05 -2.9490e-01 +1.6330e-02 +4.7969e-02 -3.6270e-01 +6.6703e-01
9 0 +1.358895279e+05 +1.359838379e+05 +1.359838379e+05 -8.0913e-02 -1.1429e-01 -3.1811e-01 -6.2840e-01 +4.1665e-01
17 0 +7.309824370e+04 +7.319255370e+04 +7.319255370e+04 -6.3479e-01 -5.2945e-01 -3.9714e-01 -8.2210e-01 +8.1586e-01
29 0 +7.158155531e+04 +7.167586531e+04 +7.167586531e+04 -6.6674e-01 -4.6417e-01 -6.3985e-01 -6.7989e-01 +3.6681e-01
30 0 +5.100304843e+04 +5.109735843e+04 +5.109735843e+04 -8.3962e-01 -4.8404e-02 -1.6253e-01 -1.1801e+00 +1.2964e+00
31 0 +1.508376389e+03 +1.602686389e+03 +1.602686389e+03 -5.3622e-01 -2.8684e-01 -1.8014e-01 -1.3887e+00 +1.1042e+00
60 0 +7.733201913e+01 +1.716420191e+02 +1.716420191e+02 -3.4118e-02 -3.7329e-01 -2.0257e-02 -1.6359e+00 +1.5201e+00
63 0 +7.516783973e+01 +1.694778397e+02 +1.694778397e+02 +8.5218e-01 +6.5546e-01 +1.5129e-01 -1.2077e+00 +8.1701e-01
252 0 +7.314749643e+01 +1.674574964e+02 +1.674574964e+02 -1.2054e+00 +7.5215e-01 -3.1314e-01 -6.6745e-01 -1.1850e+00
322 0 +7.186442509e+01 +1.661744251e+02 +1.661744251e+02 -6.1161e-01 +1.1086e+00 -2.9064e-01 -6.2425e-01 -1.4329e+00
346 0 +6.932142080e+01 +1.636314208e+02 +1.636314208e+02 -5.9826e-01 +1.2579e+00 -2.3652e-01 -4.8796e-01 -1.4740e+00
379 0 +6.569695723e+01 +1.600069572e+02 +1.600069572e+02 -7.6331e-01 +1.1722e+00 -1.5523e-01 -5.0429e-01 -1.2730e+00
387 0 +6.380406558e+01 +1.581140656e+02 +1.581140656e+02 -7.2522e-01 +1.3141e+00 -3.7632e-02 -4.6676e-01 -1.2810e+00
404 0 +6.040056107e+01 +1.547105611e+02 +1.547105611e+02 -8.9862e-01 +1.3364e+00 +1.0443e-01 -4.6257e-01 -1.1789e+00
423 0 +5.968591136e+01 +1.539959114e+02 +1.539959114e+02 -9.6012e-01 +1.3942e+00 +2.3797e-01 -4.1511e-01 -1.0273e+00
425 0 +5.854672241e+01 +1.528567224e+02 +1.528567224e+02 -1.0476e+00 +1.3123e+00 +1.0912e-01 -4.1992e-01 -1.1760e+00
430 0 +5.598839877e+01 +1.502983988e+02 +1.502983988e+02 -1.0186e+00 +1.4335e+00 +2.7476e-01 -4.0911e-01 -1.0894e+00
438 0 +5.339021498e+01 +1.477002150e+02 +1.477002150e+02 -1.1133e+00 +1.5664e+00 +4.3117e-01 -3.5648e-01 -1.0805e+00
443 0 +4.879896907e+01 +1.431089691e+02 +1.431089691e+02 -1.4331e+00 +1.6120e+00 +5.8168e-01 -2.3022e-01 -9.7411e-01
453 0 +4.400547022e+01 +1.383154702e+02 +1.383154702e+02 -1.6473e+00 +1.6706e+00 +7.9548e-01 -2.2934e-01 -8.4934e-01
459 0 +4.280153006e+01 +1.371115301e+02 +1.371115301e+02 -1.7697e+00 +1.7104e+00 +8.2479e-01 -1.4190e-01 -8.5957e-01
473 0 +4.156419553e+01 +1.358741955e+02 +1.358741955e+02 -2.1984e+00 +1.9707e+00 +1.2783e+00 -1.7829e-01 -9.4101e-01
478 0 +3.921853625e+01 +1.335285362e+02 +1.335285362e+02 -2.3443e+00 +2.2011e+00 +1.6102e+00 +6.6968e-02 -5.9848e-01
480 0 +3.506565150e+01 +1.293756515e+02 +1.293756515e+02 -2.5517e+00 +1.7124e+00 +1.2040e+00 -3.7412e-02 -5.8235e-01
482 0 +2.802232688e+01 +1.223323269e+02 +1.223323269e+02 -3.1221e+00 +2.4990e+00 +1.9960e+00 +3.4751e-01 -7.3440e-01
483 0 +2.736645447e+01 +1.216764545e+02 +1.216764545e+02 -2.8349e+00 +1.8902e+00 +1.8819e+00 -5.5374e-02 +9.7133e-02
488 0 +2.671209921e+01 +1.210220992e+02 +1.210220992e+02 -3.2839e+00 +2.1823e+00 +2.0141e+00 +7.2194e-02 -4.7506e-01
498 0 +2.608600565e+01 +1.203960057e+02 +1.203960057e+02 -3.2180e+00 +2.1028e+00 +2.1567e+00 -1.2057e-01 -2.1854e-01
500 0 +2.009264337e+01 +1.144026434e+02 +1.144026434e+02 -4.1711e+00 +2.4533e+00 +2.7360e+00 +2.6245e-01 -1.0306e-01
504 0 +2.009264337e+01 +1.144026434e+02 +1.144026434e+02 -4.1711e+00 +2.4533e+00 +2.7360e+00 +2.6245e-01 -1.0306e-01
% f evaluations | g evaluations | best noise-free fitness - Fopt (-1.436900000000e+02) + sum g_i+ | measured fitness | best measured fitness or single-digit g-values | x1 | x2...
1 0 +3.689928933e+04 +3.675559933e+04 +3.675559933e+04 +1.5169e-02 +1.4999e-01 -2.9878e-01 +2.0809e-01 -1.2550e-01
2 0 +7.792684380e+03 +7.648994380e+03 +7.648994380e+03 -4.7537e-01 -1.9431e-01 +1.7958e-01 +9.9678e-02 -3.4426e-01
3 0 +7.935107365e+02 +6.498207365e+02 +6.498207365e+02 +1.8560e-01 -2.6396e-02 +1.2752e-01 +9.9679e-02 -3.4706e-01
11 0 +1.978462402e+02 +5.415624019e+01 +5.415624019e+01 -6.7708e-02 -2.4442e-01 -3.2064e-01 -1.9308e-01 -4.0698e-01
34 0 +1.577132401e+02 +1.402324007e+01 +1.402324007e+01 -2.8648e-01 -1.9168e-01 -8.1890e-02 +2.0339e-01 -2.1320e-01
88 0 +3.833268524e+01 -1.053573148e+02 -1.053573148e+02 -3.8735e-01 -8.3977e-02 +1.3843e-01 -4.5158e-01 -5.0086e-01
110 0 +1.219297349e+01 -1.314970265e+02 -1.314970265e+02 -9.5110e-02 +1.4624e-01 +3.3845e-01 -6.1375e-01 -6.5645e-01
116 0 +9.791578214e+00 -1.338984218e+02 -1.338984218e+02 -3.4310e-01 +2.3286e-02 +4.6448e-01 -8.7107e-01 -6.9977e-01
228 0 +8.921891766e+00 -1.347681082e+02 -1.347681082e+02 -6.0231e-01 -9.6424e-02 +6.4783e-01 -7.2414e-01 -5.8593e-01
356 0 +8.898551517e+00 -1.347914485e+02 -1.347914485e+02 -6.3890e-01 -5.6893e-02 +5.2287e-01 -7.6156e-01 -5.9829e-01
371 0 +8.601231884e+00 -1.350887681e+02 -1.350887681e+02 -8.8788e-01 -1.4720e-01 +5.0108e-01 -8.5147e-01 -5.7749e-01
375 0 +8.415690279e+00 -1.352743097e+02 -1.352743097e+02 -8.5647e-01 -1.1916e-01 +5.2045e-01 -8.4341e-01 -5.8550e-01
378 0 +8.226631612e+00 -1.354633684e+02 -1.354633684e+02 -8.3502e-01 -1.2526e-01 +5.7876e-01 -8.8998e-01 -6.0716e-01
382 0 +8.075029712e+00 -1.356149703e+02 -1.356149703e+02 -8.3021e-01 -8.3971e-02 +5.6384e-01 -8.7938e-01 -6.1279e-01
392 0 +7.692396078e+00 -1.359976039e+02 -1.359976039e+02 -8.4470e-01 -1.0675e-01 +5.2061e-01 -9.4376e-01 -6.2914e-01
404 0 +6.812581101e+00 -1.368774189e+02 -1.368774189e+02 -9.3939e-01 -1.8170e-01 +6.5778e-01 -1.0759e+00 -6.5564e-01
424 0 +6.490022684e+00 -1.371999773e+02 -1.371999773e+02 -9.4202e-01 -8.8302e-02 +5.9593e-01 -1.1137e+00 -6.8667e-01
430 0 +6.324601405e+00 -1.373653986e+02 -1.373653986e+02 -1.0027e+00 -1.1934e-01 +6.5207e-01 -1.2174e+00 -7.1463e-01
433 0 +6.000030626e+00 -1.376899694e+02 -1.376899694e+02 -9.2994e-01 -8.0278e-02 +6.4291e-01 -1.2288e+00 -7.3716e-01
438 0 +5.593166746e+00 -1.380968333e+02 -1.380968333e+02 -1.0634e+00 -1.3148e-01 +7.3596e-01 -1.3146e+00 -7.4337e-01
445 0 +5.369446183e+00 -1.383205538e+02 -1.383205538e+02 -8.3031e-01 -4.5722e-02 +6.4993e-01 -1.3316e+00 -7.9846e-01
453 0 +5.151976412e+00 -1.385380236e+02 -1.385380236e+02 -1.0512e+00 -5.7792e-02 +8.0146e-01 -1.6378e+00 -8.8842e-01
459 0 +4.854233198e+00 -1.388357668e+02 -1.388357668e+02 -1.0163e+00 -4.1488e-02 +8.6934e-01 -1.6163e+00 -8.9093e-01
467 0 +4.494062824e+00 -1.391959372e+02 -1.391959372e+02 -8.5586e-01 -2.6105e-02 +1.0180e+00 -1.7397e+00 -9.7012e-01
478 0 +4.086316671e+00 -1.396036833e+02 -1.396036833e+02 -1.2260e+00 -1.0422e-01 +1.1291e+00 -2.0219e+00 -1.0154e+00
480 0 +3.412204752e+00 -1.402777952e+02 -1.402777952e+02 -9.6987e-01 +5.1297e-02 +9.6131e-01 -1.9541e+00 -1.0507e+00
481 0 +3.344248818e+00 -1.403457512e+02 -1.403457512e+02 -1.0730e+00 +6.5935e-02 +9.8626e-01 -1.8764e+00 -1.0093e+00
483 0 +2.534504299e+00 -1.411554957e+02 -1.411554957e+02 -1.0535e+00 +8.7728e-02 +1.3530e+00 -2.2517e+00 -1.1767e+00
488 0 +2.134682010e+00 -1.415553180e+02 -1.415553180e+02 -1.3094e+00 +4.5662e-02 +1.1681e+00 -2.4703e+00 -1.2076e+00
498 0 +1.689943093e+00 -1.420000569e+02 -1.420000569e+02 -1.5350e+00 +2.3522e-01 +1.3840e+00 -2.6292e+00 -1.2814e+00
504 0 +1.689943093e+00 -1.420000569e+02 -1.420000569e+02 -1.5350e+00 +2.3522e-01 +1.3840e+00 -2.6292e+00 -1.2814e+00
% f evaluations | g evaluations | best noise-free fitness - Fopt (-3.533800000000e+02) + sum g_i+ | measured fitness | best measured fitness or single-digit g-values | x1 | x2...
1 0 +2.112168181e+07 +2.112132843e+07 +2.112132843e+07 +1.5169e-02 +1.4999e-01 -2.9878e-01 +2.0809e-01 -1.2550e-01
2 0 +1.811730744e+07 +1.811695406e+07 +1.811695406e+07 -4.7537e-01 -1.9431e-01 +1.7958e-01 +9.9678e-02 -3.4426e-01
5 0 +1.365335985e+07 +1.365300647e+07 +1.365300647e+07 -2.9490e-01 +1.6330e-02 +4.7969e-02 -3.6270e-01 +6.6703e-01
9 0 +1.321263278e+07 +1.321227940e+07 +1.321227940e+07 -5.3169e-01 -2.2607e-01 +2.5427e-01 -3.1599e-01 +4.3475e-01
14 0 +8.825272388e+06 +8.824919008e+06 +8.824919008e+06 -6.2737e-01 +5.2317e-02 +9.5422e-02 -1.0141e+00 +7.4406e-01
19 0 +7.562429070e+06 +7.562075690e+06 +7.562075690e+06 -8.3070e-01 +8.2078e-02 +1.8128e-01 -1.0431e+00 +8.4386e-01
21 0 +6.087143441e+06 +6.086790061e+06 +6.086790061e+06 -9.4528e-01 +2.2915e-01 +9.1278e-02 -1.1621e+00 +1.2436e+00
25 0 +5.083550456e+06 +5.083197076e+06 +5.083197076e+06 -1.4392e+00 -5.6297e-01 -2.4284e-01 -1.2782e+00 +1.4429e+00
27 0 +4.276907820e+06 +4.276554440e+06 +4.276554440e+06 -1.7791e+00 +9.0869e-02 -3.4450e-01 -1.6609e+00 +7.9887e-01
30 0 +3.362452203e+06 +3.362098823e+06 +3.362098823e+06 -8.8129e-01 +7.0990e-01 +3.9839e-01 -1.9838e+00 +1.7058e+00
35 0 +4.766283994e+04 +4.730945994e+04 +4.730945994e+04 -2.6980e+00 +9.7506e-01 +8.7553e-01 -2.0180e+00 +2.3769e+00
48 0 +1.760399242e+04 +1.725061242e+04 +1.725061242e+04 -2.1623e+00 +9.8602e-01 +3.5972e-01 -2.7139e+00 +3.3912e+00
52 0 +2.109223253e+01 -3.322877675e+02 -3.322877675e+02 -1.6587e+00 +1.4855e+00 +8.5772e-02 -3.0719e+00 +3.2815e+00
182 0 +6.986981549e+00 -3.463930185e+02 -3.463930185e+02 -2.5241e+00 +4.7051e-01 +1.3254e+00 -1.6600e+00 +3.5954e+00
366 0 +6.806269980e+00 -3.465737300e+02 -3.465737300e+02 -2.7412e+00 +4.3266e-01 +1.9298e+00 -1.2184e+00 +3.5162e+00
450 0 +6.726314251e+00 -3.466536857e+02 -3.466536857e+02 -2.0629e+00 +5.0208e-01 +2.1144e+00 -1.7000e+00 +3.5962e+00
452 0 +6.224249091e+00 -3.471557509e+02 -3.471557509e+02 -1.9840e+00 +2.8924e-01 +2.0947e+00 -1.7017e+00 +3.7945e+00
459 0 +5.794139546e+00 -3.475858605e+02 -3.475858605e+02 -2.1218e+00 +4.6796e-01 +2.1100e+00 -1.7197e+00 +3.4836e+00
471 0 +5.580500440e+00 -3.477994996e+02 -3.477994996e+02 -2.1801e+00 +4.0302e-01 +2.0068e+00 -1.6879e+00 +3.5519e+00
482 0 +5.320271569e+00 -3.480597284e+02 -3.480597284e+02 -2.3896e+00 +5.8334e-01 +2.1623e+00 -1.5238e+00 +3.3211e+00
483 0 +5.154031098e+00 -3.482259689e+02 -3.482259689e+02 -2.3426e+00 +3.7582e-01 +2.1793e+00 -1.4712e+00 +3.5291e+00
490 0 +4.131725967e+00 -3.492482740e+02 -3.492482740e+02 -2.6954e+00 +3.9662e-01 +2.2613e+00 -1.3164e+00 +3.1725e+00
500 0 +3.945236285e+00 -3.494347637e+02 -3.494347637e+02 -2.7966e+00 +4.4688e-01 +2.2550e+00 -1.2611e+00 +3.0974e+00
504 0 +3.945236285e+00 -3.494347637e+02 -3.494347637e+02 -2.7966e+00 +4.4688e-01 +2.2550e+00 -1.2611e+00 +3.0974e+00
% f evaluations | g evaluations | best noise-free fitness - Fopt (-2.910000000000e+00) + sum g_i+ | measured fitness | best measured fitness or single-digit g-values | x1 | x2...
1 0 +2.361102655e+07 +2.361102364e+07 +2.361102364e+07 +1.5169e-02 +1.4999e-01 -2.9878e-01 +2.0809e-01 -1.2550e-01
2 0 +2.248603125e+07 +2.248602834e+07 +2.248602834e+07 -4.7537e-01 -1.9431e-01 +1.7958e-01 +9.9678e-02 -3.4426e-01
3 0 +2.056551517e+07 +2.056551226e+07 +2.056551226e+07 +1.8560e-01 -2.6396e-02 +1.2752e-01 +9.9679e-02 -3.4706e-01
4 0 +1.904771217e+07 +1.904770926e+07 +1.904770926e+07 +1.0530e-01 -1.8207e-01 +4.6410e-01 +2.1701e-01 +1.3841e-02
8 0 +1.817073573e+07 +1.817073282e+07 +1.817073282e+07 +2.5135e-01 +6.2637e-01 +2.7446e-01 -8.2863e-02 +2.3896e-01
9 0 +1.776063561e+07 +1.776063270e+07 +1.776063270e+07 +5.0233e-01 +8.2540e-02 +4.3369e-01 -2.8265e-01 +1.8256e-01
11 0 +1.592095382e+07 +1.592095091e+07 +1.592095091e+07 +5.7346e-02 +4.9349e-01 +6.5667e-01 +1.5587e-01 -3.4084e-01
19 0 +1.391154493e+07 +1.391154202e+07 +1.391154202e+07 +1.5796e-01 +4.6309e-01 +9.1419e-01 +2.4015e-01 -2.8176e-01
21 0 +1.160113595e+07 +1.160113304e+07 +1.160113304e+07 +3.0373e-01 +5.5666e-01 +1.1623e+00 +8.4069e-02 -3.5433e-01
26 0 +7.323652833e+06 +7.323649923e+06 +7.323649923e+06 -5.5342e-02 +8.3127e-01 +1.8977e+00 +5.2784e-01 -5.7498e-01
34 0 +4.475577151e+06 +4.475574241e+06 +4.475574241e+06 +5.0919e-01 +8.1594e-01 +2.3565e+00 +7.8571e-01 -1.2095e+00
38 0 +3.642705463e+06 +3.642702553e+06 +3.642702553e+06 +1.7054e-01 +5.5091e-01 +2.9219e+00 +1.1861e+00 -9.7092e-01
42 0 +1.979964318e+06 +1.979961408e+06 +1.979961408e+06 +1.3468e+00 -1.1850e-01 +3.3153e+00 +1.6851e+00 -5.7538e-01
48 0 +5.925404595e+05 +5.925375495e+05 +5.925375495e+05 +3.9462e-01 +4.0164e-01 +3.9971e+00 +1.1319e+00 -1.5500e+00
51 0 +2.096391601e+05 +2.096362501e+05 +2.096362501e+05 +2.9461e-01 +1.6771e+00 +5.0824e+00 +2.6410e+00 -3.9068e-01
62 0 +1.497267772e+05 +1.497238672e+05 +1.497238672e+05 -1.6358e+00 +6.6590e-01 +5.2039e+00 +3.5215e+00 -6.1851e-01
63 0 +7.408058319e+04 +7.407767319e+04 +7.407767319e+04 +1.3967e-01 +2.9449e+00 +4.4743e+00 +2.9556e+00 +3.4887e-02
71 0 +7.890265942e+01 +7.599265942e+01 +7.599265942e+01 -1.0860e+00 +2.1534e+00 +4.8989e+00 +3.9596e+00 +8.2966e-02
147 0 +6.379715563e+01 +6.088715563e+01 +6.088715563e+01 +5.6674e-01 +1.6606e+00 +4.5856e+00 +1.3981e+00 +3.7152e-01
222 0 +6.421838302e+00 +3.511838302e+00 +3.511838302e+00 +1.8930e+00 +1.5626e+00 +4.0542e+00 +7.6118e-01 -1.4395e-01
280 0 +3.345184896e+00 +4.351848960e-01 +4.351848960e-01 +2.9785e+00 +2.0353e+00 +3.5184e+00 +1.1978e-01 +3.6023e-01
332 0 +1.445647721e+00 -1.464352279e+00 -1.464352279e+00 +2.8152e+00 +1.4921e+00 +3.7086e+00 +2.7488e-01 -3.6351e-01
335 0 +8.232048408e-01 -2.086795159e+00 -2.086795159e+00 +3.2212e+00 +1.4771e+00 +3.5769e+00 +3.0270e-01 -2.9023e-02
364 0 +5.602080368e-01 -2.349791963e+00 -2.349791963e+00 +3.1870e+00 +1.7162e+00 +3.5039e+00 +4.8119e-02 -1.8759e-01
504 0 +5.602080368e-01 -2.349791963e+00 -2.349791963e+00 +3.1870e+00 +1.7162e+00 +3.5039e+00 +4.8119e-02 -1.8759e-01
% f evaluations | g evaluations | best noise-free fitness - Fopt (-2.970000000000e+00) + sum g_i+ | measured fitness | best measured fitness or single-digit g-values | x1 | x2...
1 0 +3.612427432e+06 +3.612424462e+06 +3.612424462e+06 +1.5169e-02 +1.4999e-01 -2.9878e-01 +2.0809e-01 -1.2550e-01
2 0 +2.940848071e+06 +2.940845101e+06 +2.940845101e+06 -4.7537e-01 -1.9431e-01 +1.7958e-01 +9.9678e-02 -3.4426e-01
3 0 +2.728629885e+06 +2.728626915e+06 +2.728626915e+06 +1.8560e-01 -2.6396e-02 +1.2752e-01 +9.9679e-02 -3.4706e-01
17 0 +1.226106297e+06 +1.226103327e+06 +1.226103327e+06 +7.5840e-02 -3.4469e-01 +5.3062e-01 +2.2455e-01 -7.4342e-01
27 0 +4.810119410e+05 +4.810089710e+05 +4.810089710e+05 +3.1329e-03 -3.4474e-01 +6.9446e-01 -9.6665e-02 -1.1778e+00
35 0 +6.999213000e+03 +6.996243000e+03 +6.996243000e+03 +7.9713e-01 -8.6922e-01 +1.3431e+00 +3.0506e-01 -1.4219e+00
41 0 +2.724498430e+01 +2.427498430e+01 +2.427498430e+01 +1.3971e+00 -1.1018e+00 +6.8653e-01 -1.4899e-01 -1.0888e+00
196 0 +2.442403732e+01 +2.145403732e+01 +2.145403732e+01 +2.5771e+00 -5.4915e-01 +4.3380e-01 -9.0297e-01 -1.0704e+00
214 0 +2.046245177e+01 +1.749245177e+01 +1.749245177e+01 +2.7230e+00 -4.2243e-01 +5.6220e-01 -1.2148e+00 -1.1121e+00
247 0 +1.568665448e+01 +1.271665448e+01 +1.271665448e+01 +2.8502e+00 -4.4848e-01 +2.2163e-01 -1.2319e+00 -1.0314e+00
292 0 +1.242391150e+01 +9.453911500e+00 +9.453911500e+00 +2.7224e+00 -3.0646e-01 -3.9934e-01 -1.7431e+00 -1.1304e+00
375 0 +1.221221769e+01 +9.242217690e+00 +9.242217690e+00 +2.6926e+00 -3.6541e-01 -7.0928e-01 -1.9705e+00 -1.0658e+00
419 0 +1.194837307e+01 +8.978373070e+00 +8.978373070e+00 +2.6572e+00 -1.8222e-01 -8.8287e-01 -2.5293e+00 -1.1803e+00
433 0 +1.174685843e+01 +8.776858433e+00 +8.776858433e+00 +2.7140e+00 -6.7175e-02 -9.7121e-01 -2.4592e+00 -1.2576e+00
445 0 +1.056953569e+01 +7.599535686e+00 +7.599535686e+00 +2.8108e+00 -3.3716e-02 -1.1136e+00 -2.4386e+00 -1.2472e+00
504 0 +1.056953569e+01 +7.599535686e+00 +7.599535686e+00 +2.8108e+00 -3.3716e-02 -1.1136e+00 -2.4386e+00 -1.2472e+00
% f evaluations | g evaluations | best noise-free fitness - Fopt (2.996300000000e+02) + sum g_i+ | measured fitness | best measured fitness or single-digit g-values | x1 | x2...
1 0 +1.784398803e+05 +1.787395103e+05 +1.787395103e+05 +1.5169e-02 +1.4999e-01 -2.9878e-01 +2.0809e-01 -1.2550e-01
6 0 +4.220146964e+02 +7.216446964e+02 +7.216446964e+02 +1.1829e-01 +5.0771e-01 -3.3385e-01 +4.9074e-01 -4.0831e-01
9 0 +2.736947291e+02 +5.733247291e+02 +5.733247291e+02 +9.8446e-02 +5.5364e-01 -2.0693e-01 +5.2997e-01 +3.0363e-01
49 0 +2.593506617e+02 +5.589806617e+02 +5.589806617e+02 +1.1797e-01 +7.1943e-01 +2.0779e-01 +1.8756e-01 -2.7675e-01
73 0 +3.750040543e+01 +3.371304054e+02 +3.371304054e+02 +3.0779e-01 +6.9161e-01 +2.3764e-01 +1.8486e-01 -3.0656e-01
150 0 +3.533636540e+01 +3.349663654e+02 +3.349663654e+02 +4.0033e-01 +7.2505e-01 +1.3463e-01 -4.0898e-03 -4.6088e-01
244 0 +3.290982083e+01 +3.325398208e+02 +3.325398208e+02 +3.0357e-01 +6.0986e-01 +1.9753e-02 +2.6050e-01 -4.3823e-01
309 0 +3.182134537e+01 +3.314513454e+02 +3.314513454e+02 +3.8111e-01 +6.3592e-01 +3.4357e-02 +1.9475e-01 -1.7137e-01
355 0 +3.114619280e+01 +3.307761928e+02 +3.307761928e+02 +4.3261e-01 +6.3878e-01 +1.2595e-02 +1.6858e-01 -2.4929e-02
361 0 +3.039884780e+01 +3.300288478e+02 +3.300288478e+02 +5.7232e-01 +6.2395e-01 -2.1080e-02 +1.0316e-01 -3.2234e-02
367 0 +2.911345312e+01 +3.287434531e+02 +3.287434531e+02 +4.6226e-01 +6.0137e-01 -5.3816e-02 +2.1975e-01 +1.0519e-01
384 0 +2.763093818e+01 +3.272609382e+02 +3.272609382e+02 +6.5663e-01 +5.9501e-01 -2.8058e-01 +6.1137e-02 +5.0498e-01
389 0 +2.505756839e+01 +3.246875684e+02 +3.246875684e+02 +5.6016e-01 +6.0907e-01 -2.9685e-01 +9.7888e-02 +6.2939e-01
398 0 +2.404491080e+01 +3.236749108e+02 +3.236749108e+02 +6.0862e-01 +5.7098e-01 -4.1704e-01 +1.0069e-01 +6.2749e-01
402 0 +2.351136050e+01 +3.231413605e+02 +3.231413605e+02 +6.4041e-01 +5.3922e-01 -5.4386e-01 +7.4967e-02 +4.6427e-01
406 0 +2.120289638e+01 +3.208328964e+02 +3.208328964e+02 +6.8098e-01 +5.6282e-01 -6.2121e-01 +2.0479e-02 +9.4426e-01
412 0 +2.005118407e+01 +3.196811841e+02 +3.196811841e+02 +8.0051e-01 +4.7011e-01 -7.2214e-01 +1.1415e-01 +9.3483e-01
416 0 +1.914582312e+01 +3.187758231e+02 +3.187758231e+02 +7.8427e-01 +6.0170e-01 -1.0257e+00 -2.4505e-01 +1.5203e+00
418 0 +1.822634710e+01 +3.178563471e+02 +3.178563471e+02 +1.1881e+00 +5.0053e-01 -9.3017e-01 -1.8178e-01 +1.7235e+00
419 0 +1.669825592e+01 +3.163282559e+02 +3.163282559e+02 +9.0910e-01 +4.9498e-01 -1.3666e+00 -1.8883e-01 +1.8518e+00
429 0 +1.618300421e+01 +3.158130042e+02 +3.158130042e+02 +1.2050e+00 +5.2488e-01 -1.9429e+00 -5.6909e-01 +2.8658e+00
435 0 +1.492186682e+01 +3.145518668e+02 +3.145518668e+02 +1.0340e+00 +4.2650e-01 -1.7860e+00 -2.5517e-01 +2.2255e+00
441 0 +1.464085725e+01 +3.142708572e+02 +3.142708572e+02 +1.3636e+00 +2.6917e-01 -1.9944e+00 -1.6768e-01 +2.4132e+00
458 0 +1.381377168e+01 +3.134437717e+02 +3.134437717e+02 +1.4189e+00 +3.2678e-01 -2.3482e+00 -2.8845e-01 +4.0580e+00
465 0 +1.216330763e+01 +3.117933076e+02 +3.117933076e+02 +1.4252e+00 +3.1078e-01 -2.8990e+00 -4.7027e-01 +4.4051e+00
495 0 +1.184728994e+01 +3.114772899e+02 +3.114772899e+02 +1.2528e+00 +2.0439e-01 -2.6915e+00 +1.4727e-02 +4.8199e+00
498 0 +9.594595725e+00 +3.092245957e+02 +3.092245957e+02 +1.0056e+00 +3.3057e-01 -2.3795e+00 -7.6020e-02 +4.0637e+00
504 0 +9.594595725e+00 +3.092245957e+02 +3.092245957e+02 +1.0056e+00 +3.3057e-01 -2.3795e+00 -7.6020e-02 +4.0637e+00
