% f evaluations | g evaluations | best noise-free fitness - Fopt (-9.210000000000e+00) + sum g_i+ | measured fitness | best measured fitness or single-digit g-values | x1 | x2...
1 0 +1.044757557e+02 +9.526575575e+01 +9.526575575e+01 +5.0716e-01 -1.3978e-01 +9.8462e-03 +1.2226e-01 -2.3669e-01
4 0 +1.027996442e+02 +9.358964421e+01 +9.358964421e+01 -4.3597e-01 +1.6638e-01 +3.7165e-02 +8.2340e-02 -4.5798e-01
7 0 +1.019400442e+02 +9.273004424e+01 +9.273004424e+01 -2.2277e-01 +3.2174e-01 -4.9533e-01 +1.6063e-01 -6.1935e-01
15 0 +9.643552874e+01 +8.722552874e+01 +8.722552874e+01 -6.0910e-01 +1.8977e-01 -4.6132e-01 +9.2051e-01 -7.9384e-01
21 0 +9.281642032e+01 +8.360642032e+01 +8.360642032e+01 -8.7681e-01 +3.8883e-01 +2.2641e-01 +1.0866e+00 -8.3623e-01
28 0 +8.717301016e+01 +7.796301016e+01 +7.796301016e+01 -5.4229e-01 +4.5727e-01 -2.7380e-02 +2.4512e+00 -6.6785e-01
31 0 +8.701700537e+01 +7.780700537e+01 +7.780700537e+01 -1.3210e+00 +1.9326e-01 -7.8684e-01 +1.2289e+00 -1.7358e+00
34 0 +7.973451259e+01 +7.052451259e+01 +7.052451259e+01 -1.3750e+00 +1.1262e+00 -8.5943e-01 +1.3667e+00 -2.2490e+00
39 0 +7.312472466e+01 +6.391472466e+01 +6.391472466e+01 -1.2452e+00 +1.3712e+00 -1.0914e+00 +2.3496e+00 -2.3740e+00
41 0 +7.217390591e+01 +6.296390591e+01 +6.296390591e+01 +6.0275e-01 +1.2032e+00 -1.8939e+00 +1.9428e+00 -2.7968e+00
45 0 +5.873821827e+01 +4.952821827e+01 +4.952821827e+01 -6.9955e-01 +7.7032e-01 -8.8018e-01 +2.8290e+00 -3.5286e+00
50 0 +4.986385091e+01 +4.065385091e+01 +4.065385091e+01 +5.9194e-01 +9.9010e-01 -2.0232e+00 +3.7783e+00 -4.0754e+00
57 0 +3.353350310e+01 +2.432350310e+01 +2.432350310e+01 +1.3531e+00 -1.0102e+00 -1.0712e+00 +5.2383e+00 -5.1810e+00
68 0 +3.025216253e+01 +2.104216253e+01 +2.104216253e+01 +1.6598e+00 -1.7474e+00 +2.8405e-01 +5.6888e+00 -6.1356e+00
78 0 +2.677679702e+01 +1.756679702e+01 +1.756679702e+01 +1.5211e+00 -1.0174e+00 +1.0164e+00 +5.1929e+00 -7.1583e+00
94 0 +2.436000952e+01 +1.515000952e+01 +1.515000952e+01 +2.8598e+00 -6.7267e-01 +1.1635e+00 +7.6683e+00 -8.1983e+00
96 0 +2.353301654e+01 +1.432301654e+01 +1.432301654e+01 +3.9467e+00 -1.4492e+00 +1.5972e+00 +4.9555e+00 -9.4402e+00
97 0 +1.985935617e+01 +1.064935617e+01 +1.064935617e+01 +3.0838e+00 +2.3409e+00 +8.2122e-01 +7.0849e+00 -7.0927e+00
101 0 +1.722859431e+01 +8.018594305e+00 +8.018594305e+00 -3.0032e-01 -1.7078e+00 +5.2242e+00 +5.8109e+00 -9.9539e+00
115 0 +1.672416143e+01 +7.514161426e+00 +7.514161426e+00 +6.4292e+00 +1.4269e+00 +1.7206e+00 +6.7121e+00 -6.7344e+00
120 0 +1.444644655e+01 +5.236446546e+00 +5.236446546e+00 +5.9144e+00 +3.7165e+00 +1.1534e+00 +6.5939e+00 -6.1659e+00
124 0 +1.249081786e+01 +3.280817864e+00 +3.280817864e+00 +4.0819e+00 +4.0691e+00 +1.8639e+00 +6.9814e+00 -6.6787e+00
133 0 +9.648164333e+00 +4.381643331e-01 +4.381643331e-01 +6.6982e+00 +3.0446e+00 +3.0486e+00 +7.9738e+00 -1.0720e+01
134 0 +2.086680624e+00 -7.123319376e+00 -7.123319376e+00 +9.2755e+00 +3.8425e+00 +4.9910e+00 +5.2588e+00 -6.2523e+00
153 0 +8.157968511e-01 -8.394203149e+00 -8.394203149e+00 +9.8954e+00 +6.4216e+00 +8.9892e+00 +4.8549e+00 -1.0776e+01
155 0 +0.000000000e+00 -9.210000000e+00 -9.210000000e+00 +1.2929e+01 +5.8108e+00 +9.2236e+00 +7.3448e+00 -9.6449e+00
248 0 +0.000000000e+00 -9.210000000e+00 -9.210000000e+00 +1.2929e+01 +5.8108e+00 +9.2236e+00 +7.3448e+00 -9.6449e+00
% f evaluations | g evaluations | best noise-free fitness - Fopt (6.559900000000e+02) + sum g_i+ | measured fitness | best measured fitness or single-digit g-values | x1 | x2...
1 0 +1.040408838e+02 +7.600308838e+02 +7.600308838e+02 +5.0716e-01 -1.3978e-01 +9.8462e-03 +1.2226e-01 -2.3669e-01
4 0 +1.036264216e+02 +7.596164216e+02 +7.596164216e+02 -4.3597e-01 +1.6638e-01 +3.7165e-02 +8.2340e-02 -4.5798e-01
7 0 +9.995158829e+01 +7.559415883e+02 +7.559415883e+02 -2.2277e-01 +3.2174e-01 -4.9533e-01 +1.6063e-01 -6.1935e-01
10 0 +9.746805755e+01 +7.534580576e+02 +7.534580576e+02 +1.3832e-01 -2.8762e-01 +1.3995e-01 +1.6470e-01 -9.2184e-01
18 0 +9.045056652e+01 +7.464405665e+02 +7.464405665e+02 +6.3502e-01 +1.6717e-01 -3.9719e-01 +2.7528e-01 -1.4227e+00
27 0 +8.419731996e+01 +7.401873200e+02 +7.401873200e+02 +2.2572e-01 +5.1366e-01 -9.6964e-01 +3.0585e-01 -1.9524e+00
29 0 +8.201256225e+01 +7.380025622e+02 +7.380025622e+02 +8.2203e-01 +5.9413e-02 -7.7610e-01 +3.3873e-01 -2.0732e+00
34 0 +7.403002054e+01 +7.300200205e+02 +7.300200205e+02 +1.5312e+00 +2.3698e-01 -7.4210e-01 +5.4730e-01 -2.7256e+00
39 0 +6.947611898e+01 +7.254661190e+02 +7.254661190e+02 +1.7755e+00 +1.0528e+00 -9.3636e-01 +1.9176e-01 -3.4401e+00
41 0 +5.595327022e+01 +7.119432702e+02 +7.119432702e+02 +1.5202e+00 -8.4636e-01 -1.8056e+00 +1.9721e-01 -4.2022e+00
49 0 +4.636185651e+01 +7.023518565e+02 +7.023518565e+02 +3.9585e+00 -1.6880e-01 -2.3553e+00 +1.2295e+00 -4.2837e+00
57 0 +4.106524524e+01 +6.970552452e+02 +6.970552452e+02 +9.6105e-01 -1.9457e+00 -5.0113e+00 +1.3437e+00 -3.8966e+00
63 0 +3.213282763e+01 +6.881228276e+02 +6.881228276e+02 +5.9219e+00 -1.8543e-01 -2.5326e+00 +2.1959e+00 -5.7353e+00
68 0 +2.688942884e+01 +6.828794288e+02 +6.828794288e+02 +1.7559e+00 -1.1697e+00 -4.2453e+00 +2.4308e+00 -7.2519e+00
74 0 +2.279141979e+01 +6.787814198e+02 +6.787814198e+02 +8.8853e+00 +1.1783e+00 -4.1868e+00 +3.3581e+00 -1.3712e+01
76 0 +1.866227697e+01 +6.746522770e+02 +6.746522770e+02 +6.2814e+00 -1.5496e+00 -3.6846e+00 +5.9391e+00 -4.1633e+00
78 0 +1.572266077e+01 +6.717126608e+02 +6.717126608e+02 +3.8323e+00 +1.0040e+00 -3.7736e+00 +5.1683e+00 -7.3592e+00
85 0 +8.008981442e+00 +6.639989814e+02 +6.639989814e+02 +7.6400e+00 -4.9622e-01 -6.5017e+00 +7.1622e+00 -1.1896e+01
86 0 +5.701603688e+00 +6.616916037e+02 +6.616916037e+02 +6.5251e+00 -1.8435e+00 -4.9720e+00 +7.3054e+00 -9.6060e+00
98 0 +5.155935442e+00 +6.611459354e+02 +6.611459354e+02 +4.9633e+00 -2.2242e+00 -5.9019e+00 +4.9674e+00 -1.1317e+01
99 0 +2.676667020e+00 +6.586666670e+02 +6.586666670e+02 +6.3520e+00 -3.4948e+00 -1.1508e+01 +7.8569e+00 -2.0318e+01
100 0 +0.000000000e+00 +6.559900000e+02 +6.559900000e+02 +8.3698e+00 -7.0511e+00 -8.7295e+00 +9.6173e+00 -9.3208e+00
168 0 +0.000000000e+00 +6.559900000e+02 +6.559900000e+02 +8.3698e+00 -7.0511e+00 -8.7295e+00 +9.6173e+00 -9.3208e+00
% f evaluations | g evaluations | best noise-free fitness - Fopt (6.671000000000e+01) + sum g_i+ | measured fitness | best measured fitness or single-digit g-values | x1 | x2...
1 0 +1.050551992e+02 +1.717651992e+02 +1.717651992e+02 +5.0716e-01 -1.3978e-01 +9.8462e-03 +1.2226e-01 -2.3669e-01
4 0 +1.027544767e+02 +1.694644767e+02 +1.694644767e+02 -4.3597e-01 +1.6638e-01 +3.7165e-02 +8.2340e-02 -4.5798e-01
6 0 +1.019776504e+02 +1.686876504e+02 +1.686876504e+02 -4.3520e-01 -1.2157e-01 -6.8651e-01 +3.1483e-01 -1.2495e-01
7 0 +9.950605617e+01 +1.662160562e+02 +1.662160562e+02 -2.2277e-01 +3.2174e-01 -4.9533e-01 +1.6063e-01 -6.1935e-01
15 0 +9.705676638e+01 +1.637667664e+02 +1.637667664e+02 -1.2490e-01 +8.1908e-01 -9.4926e-01 +3.2546e-01 -7.2627e-01
24 0 +9.178534850e+01 +1.584953485e+02 +1.584953485e+02 -7.4493e-01 +7.5638e-01 -1.5528e+00 +3.0881e-01 -9.9875e-01
29 0 +8.980313312e+01 +1.565131331e+02 +1.565131331e+02 -6.2941e-02 +9.4449e-01 -1.8036e+00 -2.7054e-01 -1.5451e+00
33 0 +7.638169647e+01 +1.430916965e+02 +1.430916965e+02 -9.2730e-01 +2.4198e-01 -2.7832e+00 +9.2712e-01 -1.6926e+00
38 0 +7.320138027e+01 +1.399113803e+02 +1.399113803e+02 -9.8107e-01 +7.2146e-01 -2.2943e+00 -1.3663e-01 -2.8434e+00
41 0 +7.166922136e+01 +1.383792214e+02 +1.383792214e+02 -1.4947e+00 +2.0714e+00 -1.2730e+00 +1.2199e+00 -2.7454e+00
46 0 +6.396456438e+01 +1.306745644e+02 +1.306745644e+02 -1.4025e+00 +6.5858e-01 -2.8358e+00 +8.3092e-01 -2.9984e+00
48 0 +6.246662734e+01 +1.291766273e+02 +1.291766273e+02 -5.5675e-01 +6.2230e-01 -2.4863e+00 +4.6858e-01 -3.5406e+00
52 0 +5.316819759e+01 +1.198781976e+02 +1.198781976e+02 -5.6251e-01 +8.5118e-01 -3.3824e+00 +1.9485e+00 -3.3950e+00
53 0 +3.381063957e+01 +1.005206396e+02 +1.005206396e+02 -1.5833e+00 +2.7423e-01 -3.5109e+00 +3.2629e+00 -4.3463e+00
57 0 +2.486703584e+01 +9.157703584e+01 +9.157703584e+01 -1.7132e+00 +1.5711e+00 -1.8709e+00 +6.2307e+00 -5.1292e+00
61 0 +2.434543384e+01 +9.105543384e+01 +9.105543384e+01 -1.2339e+00 +9.9384e-01 -4.3171e+00 +5.2858e+00 -4.2239e+00
65 0 +2.344537712e+01 +9.015537712e+01 +9.015537712e+01 +4.6614e-02 +2.7707e+00 -3.7854e+00 +8.7769e+00 -4.9261e+00
75 0 +7.861018548e+00 +7.457101855e+01 +7.457101855e+01 -1.0447e+00 -2.8036e+00 -5.2294e+00 +6.9653e+00 -8.4000e+00
93 0 +1.674507899e+00 +6.838450790e+01 +6.838450790e+01 -6.1542e+00 -4.0584e+00 -8.7574e+00 +1.0527e+01 -9.4185e+00
97 0 +0.000000000e+00 +6.671000000e+01 +6.671000000e+01 -5.1792e+00 -5.5768e+00 -1.0825e+01 +9.4569e+00 -5.1934e+00
168 0 +0.000000000e+00 +6.671000000e+01 +6.671000000e+01 -5.1792e+00 -5.5768e+00 -1.0825e+01 +9.4569e+00 -5.1934e+00
% f evaluations | g evaluations | best noise-free fitness - Fopt (9.416700000000e+02) + sum g_i+ | measured fitness | best measured fitness or single-digit g-values | x1 | x2...
1 0 +1.049929261e+02 +1.046662926e+03 +1.046662926e+03 +5.0716e-01 -1.3978e-01 +9.8462e-03 +1.2226e-01 -2.3669e-01
4 0 +1.025194245e+02 +1.044189425e+03 +1.044189425e+03 -4.3597e-01 +1.6638e-01 +3.7165e-02 +8.2340e-02 -4.5798e-01
8 0 +1.016238601e+02 +1.043293860e+03 +1.043293860e+03 -1.9865e-01 -3.6127e-01 +4.3860e-01 +5.2986e-01 -9.8828e-02
12 0 +9.783461814e+01 +1.039504618e+03 +1.039504618e+03 -6.9902e-01 -4.5190e-01 +2.0807e-01 +4.3735e-01 -5.3653e-01
18 0 +9.756641875e+01 +1.039236419e+03 +1.039236419e+03 -4.2523e-01 -6.4008e-01 +5.3719e-01 +1.1476e+00 -5.3787e-02
21 0 +9.482411132e+01 +1.036494111e+03 +1.036494111e+03 -7.2809e-01 -2.5209e-01 -1.0076e-01 +7.4314e-01 -7.9590e-01
24 0 +9.050094384e+01 +1.032170944e+03 +1.032170944e+03 -9.0477e-01 -8.9265e-01 +2.8433e-01 +7.6619e-01 -9.6190e-01
31 0 +8.219977586e+01 +1.023869776e+03 +1.023869776e+03 -8.2048e-01 -7.4019e-01 +1.0307e-01 +1.4407e+00 -1.5056e+00
38 0 +7.071853073e+01 +1.012388531e+03 +1.012388531e+03 -5.4649e-01 -8.3944e-01 +9.2574e-01 +2.2099e+00 -1.9707e+00
43 0 +6.878771919e+01 +1.010457719e+03 +1.010457719e+03 -1.0234e+00 -1.0546e+00 +6.8642e-01 +1.7534e+00 -2.4103e+00
50 0 +5.193830877e+01 +9.936083088e+02 +9.936083088e+02 -2.2096e+00 -1.3679e+00 +1.3540e+00 +2.4618e+00 -3.3114e+00
58 0 +4.817691126e+01 +9.898469113e+02 +9.898469113e+02 -1.7553e+00 -4.6597e-01 +8.5535e-01 +3.8211e+00 -3.2867e+00
65 0 +3.907772086e+01 +9.807477209e+02 +9.807477209e+02 -1.2299e+00 -4.7367e-01 -2.6397e-03 +4.7426e+00 -4.0008e+00
75 0 +3.614218851e+01 +9.778121885e+02 +9.778121885e+02 -2.5315e+00 -9.9742e-01 +1.6535e+00 +3.1365e+00 -4.4506e+00
76 0 +3.376482529e+01 +9.754348253e+02 +9.754348253e+02 -2.0387e+00 -7.4652e-02 -6.7694e-01 +4.2722e+00 -5.5183e+00
80 0 +1.926152975e+01 +9.609315297e+02 +9.609315297e+02 -1.9130e+00 -1.8591e+00 +1.6515e+00 +5.0978e+00 -5.6156e+00
100 0 +1.671478874e+01 +9.583847887e+02 +9.583847887e+02 -1.6377e+00 -4.3058e+00 +1.1680e+00 +5.0114e+00 -6.7180e+00
106 0 +1.228248641e+01 +9.539524864e+02 +9.539524864e+02 -1.6211e+00 -4.5587e+00 +2.4326e+00 +5.5099e+00 -7.4487e+00
113 0 +1.034473789e+01 +9.520147379e+02 +9.520147379e+02 -4.6499e+00 -8.4839e+00 +1.8394e+00 +7.1254e+00 -1.1964e+01
117 0 +9.710228093e+00 +9.513802281e+02 +9.513802281e+02 -3.9050e+00 -4.3977e+00 +2.6143e+00 +1.0269e+01 -8.9571e+00
121 0 +7.946125039e+00 +9.496161250e+02 +9.496161250e+02 -4.4345e+00 -8.1690e+00 +2.6660e+00 +5.4474e+00 -1.2540e+01
124 0 +7.245954890e+00 +9.489159549e+02 +9.489159549e+02 -5.1168e+00 -5.8524e+00 +2.7086e+00 +9.5555e+00 -8.7870e+00
128 0 +6.028169340e-01 +9.422728169e+02 +9.422728169e+02 -4.9033e+00 -7.8298e+00 +4.8399e+00 +8.8931e+00 -1.2317e+01
132 0 +0.000000000e+00 +9.416700000e+02 +9.416700000e+02 -5.6901e+00 -1.4171e+01 +5.8920e+00 +1.0184e+01 -1.9081e+01
224 0 +0.000000000e+00 +9.416700000e+02 +9.416700000e+02 -5.6901e+00 -1.4171e+01 +5.8920e+00 +1.0184e+01 -1.9081e+01
% f evaluations | g evaluations | best noise-free fitness - Fopt (-3.745000000000e+01) + sum g_i+ | measured fitness | best measured fitness or single-digit g-values | x1 | x2...
1 0 +1.058507765e+02 +6.840077648e+01 +6.840077648e+01 +5.0716e-01 -1.3978e-01 +9.8462e-03 +1.2226e-01 -2.3669e-01
4 0 +1.037257129e+02 +6.627571293e+01 +6.627571293e+01 -4.3597e-01 +1.6638e-01 +3.7165e-02 +8.2340e-02 -4.5798e-01
11 0 +1.006497300e+02 +6.319972996e+01 +6.319972996e+01 -2.4944e-01 +2.4096e-01 +2.8244e-01 -2.2149e-01 -4.8524e-01
15 0 +9.918886766e+01 +6.173886766e+01 +6.173886766e+01 -6.6141e-01 +6.4275e-01 +2.8404e-01 +1.4494e-01 -8.0663e-01
18 0 +9.438142300e+01 +5.693142300e+01 +5.693142300e+01 -5.0148e-01 +1.3027e-01 -2.1450e-02 +5.7766e-02 -1.4101e+00
28 0 +8.643804308e+01 +4.898804308e+01 +4.898804308e+01 +1.2724e-01 +4.1462e-01 +1.8878e-03 +6.9646e-02 -2.0903e+00
38 0 +7.634153684e+01 +3.889153684e+01 +3.889153684e+01 -1.2497e-01 +1.2099e+00 +6.7926e-01 -2.3361e-01 -2.5990e+00
44 0 +7.481108653e+01 +3.736108653e+01 +3.736108653e+01 -3.0206e-01 +1.4412e+00 +4.1787e-02 -5.1065e-01 -2.7744e+00
49 0 +7.201589231e+01 +3.456589231e+01 +3.456589231e+01 -5.7796e-01 +1.3262e+00 -1.2029e-01 +7.4186e-01 -3.8576e+00
52 0 +6.933123880e+01 +3.188123880e+01 +3.188123880e+01 +3.3900e-01 +2.0908e+00 +3.3731e-01 -9.2800e-02 -3.2843e+00
53 0 +5.676595362e+01 +1.931595362e+01 +1.931595362e+01 +3.5706e-01 +3.0021e+00 +7.4632e-01 -7.0000e-01 -3.9062e+00
59 0 +5.528249610e+01 +1.783249610e+01 +1.783249610e+01 +1.4387e+00 +3.0502e+00 -4.6153e-01 -1.0078e+00 -4.1467e+00
60 0 +4.574634496e+01 +8.296344961e+00 +8.296344961e+00 -7.1057e-01 +3.3301e+00 +1.2888e+00 -1.7710e+00 -4.2828e+00
62 0 +4.456501255e+01 +7.115012550e+00 +7.115012550e+00 +1.8809e+00 +3.7863e+00 -3.9420e-01 -1.0469e+00 -5.7068e+00
68 0 +3.840947702e+01 +9.594770161e-01 +9.594770161e-01 -1.1571e-01 +2.8743e+00 -2.0899e-01 -2.6809e+00 -5.4380e+00
71 0 +2.974258733e+01 -7.707412671e+00 -7.707412671e+00 +4.0768e-01 +3.4756e+00 +4.1241e+00 -1.5022e+00 -5.2264e+00
74 0 +2.115097459e+01 -1.629902541e+01 -1.629902541e+01 -1.3883e-01 +6.2986e+00 +2.9113e+00 -3.3272e+00 -1.0880e+01
83 0 +2.023518586e+01 -1.721481414e+01 -1.721481414e+01 -2.1634e+00 +8.7036e+00 +3.7269e+00 -3.3914e+00 -8.1705e+00
84 0 +1.114123854e+01 -2.630876146e+01 -2.630876146e+01 +2.0852e+00 +1.1420e+01 +2.3986e+00 -5.5100e+00 -1.8709e+01
90 0 +7.013414888e+00 -3.043658511e+01 -3.043658511e+01 -1.6955e+00 +1.8885e+01 +4.8995e+00 -7.4705e+00 -3.1218e+01
91 0 +4.021056273e+00 -3.342894373e+01 -3.342894373e+01 +4.4377e+00 +9.7306e+00 +3.9063e+00 -5.0123e+00 -1.9694e+01
98 0 +3.930674547e+00 -3.351932545e+01 -3.351932545e+01 +1.0693e+00 +1.1294e+01 +6.2497e+00 -5.3726e+00 -2.2552e+01
99 0 +2.133401759e+00 -3.531659824e+01 -3.531659824e+01 +2.8666e+00 +2.3675e+01 +6.7751e+00 -8.4455e+00 -3.3896e+01
106 0 +5.948201859e-01 -3.685517981e+01 -3.685517981e+01 +4.4052e+00 +1.5607e+01 +1.1359e+01 -7.9129e+00 -3.2585e+01
129 0 +0.000000000e+00 -3.745000000e+01 -3.745000000e+01 +8.1844e+00 +2.5582e+01 +5.8093e+00 -5.4205e+00 -1.9579e+01
168 0 +0.000000000e+00 -3.745000000e+01 -3.745000000e+01 +8.1844e+00 +2.5582e+01 +5.8093e+00 -5.4205e+00 -1.9579e+01
% f evaluations | g evaluations | best noise-free fitness - Fopt (-6.639000000000e+01) + sum g_i+ | measured fitness | best measured fitness or single-digit g-values | x1 | x2...
1 0 +1.055523443e+02 +3.916234430e+01 +3.916234430e+01 +5.0716e-01 -1.3978e-01 +9.8462e-03 +1.2226e-01 -2.3669e-01
4 0 +1.021627516e+02 +3.577275155e+01 +3.577275155e+01 -4.3597e-01 +1.6638e-01 +3.7165e-02 +8.2340e-02 -4.5798e-01
7 0 +9.836175380e+01 +3.197175380e+01 +3.197175380e+01 -2.2277e-01 +3.2174e-01 -4.9533e-01 +1.6063e-01 -6.1935e-01
12 0 +9.256523882e+01 +2.617523882e+01 +2.617523882e+01 -3.8885e-01 +1.3459e-01 -3.6461e-01 +6.7554e-01 -9.6746e-01
23 0 +8.687628810e+01 +2.048628810e+01 +2.048628810e+01 -2.1233e-01 -9.4538e-02 -7.2555e-01 +4.3954e-01 -1.6133e+00
27 0 +8.305990968e+01 +1.666990968e+01 +1.666990968e+01 -1.2435e-01 -4.2070e-01 -3.7681e-01 +6.6949e-01 -2.0427e+00
29 0 +8.065340944e+01 +1.426340944e+01 +1.426340944e+01 -9.5449e-02 +3.4624e-01 -1.6123e-01 +7.6357e-01 -2.1652e+00
30 0 +7.925056473e+01 +1.286056473e+01 +1.286056473e+01 -4.9669e-02 -2.2124e-01 -3.2222e-01 +8.8754e-01 -2.2903e+00
34 0 +7.287695870e+01 +6.486958701e+00 +6.486958701e+00 +3.0542e-01 +3.6012e-02 -1.2271e+00 +6.0001e-01 -2.7930e+00
39 0 +6.659670364e+01 +2.067036420e-01 +2.067036420e-01 +3.6403e-01 -3.6808e-01 -9.3069e-01 +3.3763e-01 -3.7400e+00
41 0 +6.576542119e+01 -6.245788069e-01 -6.245788069e-01 +4.2965e-01 -8.4645e-01 -2.9463e+00 +2.9114e-01 -3.3035e+00
45 0 +5.570825257e+01 -1.068174743e+01 -1.068174743e+01 -2.7616e-01 -1.2254e+00 -1.4942e+00 +7.8458e-01 -4.4878e+00
50 0 +4.486728062e+01 -2.152271938e+01 -2.152271938e+01 -5.4612e-01 -1.4235e+00 -2.7512e+00 +1.1092e+00 -6.3105e+00
59 0 +3.494226804e+01 -3.144773196e+01 -3.144773196e+01 -1.4328e-01 +9.1982e-01 -2.7054e+00 +2.2306e+00 -6.3893e+00
62 0 +3.334530967e+01 -3.304469033e+01 -3.304469033e+01 +1.0866e+00 +2.6523e-01 -3.0475e+00 +2.7479e+00 -7.8808e+00
63 0 +3.295832726e+01 -3.343167274e+01 -3.343167274e+01 -4.3897e-01 -1.0842e+00 -4.5756e+00 +2.1128e+00 -6.4333e+00
65 0 +2.033164514e+01 -4.605835486e+01 -4.605835486e+01 +1.5836e+00 +1.0419e+00 -4.1674e+00 +4.2751e+00 -8.3391e+00
69 0 +1.980969575e+01 -4.658030425e+01 -4.658030425e+01 -6.2628e-01 +1.1071e+00 -6.0568e+00 +5.5460e+00 -4.1487e+00
72 0 +1.724306385e+01 -4.914693615e+01 -4.914693615e+01 -3.0966e+00 -1.2905e+00 -4.1841e+00 +4.7202e+00 -5.5223e+00
81 0 +1.207899644e+01 -5.431100356e+01 -5.431100356e+01 -2.3729e-01 +8.8575e-01 -6.7134e+00 +8.4440e+00 -9.4854e+00
82 0 +1.107431662e+01 -5.531568338e+01 -5.531568338e+01 -3.8911e-02 +1.5623e+00 -5.0352e+00 +5.1861e+00 -1.2743e+01
91 0 +7.984184529e+00 -5.840581547e+01 -5.840581547e+01 -3.5265e+00 +2.2161e+00 -4.5067e+00 +9.5513e+00 -9.9813e+00
95 0 +6.873918659e+00 -5.951608134e+01 -5.951608134e+01 -2.1770e+00 +2.7220e+00 -7.2558e+00 +6.5169e+00 -5.5864e+00
97 0 +6.031465667e+00 -6.035853433e+01 -6.035853433e+01 +1.0315e+00 +5.3257e+00 -9.8817e+00 +8.4151e+00 -1.0285e+01
102 0 +5.349586270e+00 -6.104041373e+01 -6.104041373e+01 -2.8058e+00 +3.2256e+00 -7.2784e+00 +1.3690e+01 -9.8670e+00
105 0 +1.585595266e+00 -6.480440473e+01 -6.480440473e+01 -3.4144e+00 +7.8508e+00 -8.8590e+00 +7.9166e+00 -1.4452e+01
109 0 +3.482766157e-01 -6.604172338e+01 -6.604172338e+01 -4.6517e+00 +9.7876e+00 -6.0597e+00 +1.9559e+01 -8.8945e+00
113 0 +0.000000000e+00 -6.639000000e+01 -6.639000000e+01 -9.2563e+00 +2.1356e+01 -7.1457e+00 +2.7223e+01 -1.7043e+01
168 0 +0.000000000e+00 -6.639000000e+01 -6.639000000e+01 -9.2563e+00 +2.1356e+01 -7.1457e+00 +2.7223e+01 -1.7043e+01
% f evaluations | g evaluations | best noise-free fitness - Fopt (-2.260100000000e+02) + sum g_i+ | measured fitness | best measured fitness or single-digit g-values | x1 | x2...
1 0 +1.054900712e+02 -1.205199288e+02 -1.205199288e+02 +5.0716e-01 -1.3978e-01 +9.8462e-03 +1.2226e-01 -2.3669e-01
4 0 +1.019276994e+02 -1.240823006e+02 -1.240823006e+02 -4.3597e-01 +1.6638e-01 +3.7165e-02 +8.2340e-02 -4.5798e-01
12 0 +9.898587490e+01 -1.270241251e+02 -1.270241251e+02 -7.8305e-01 +6.4250e-02 -4.9596e-01 +3.1170e-01 -7.7522e-01
17 0 +9.559470009e+01 -1.304152999e+02 -1.304152999e+02 -3.0305e-01 +2.1159e-01 -9.4149e-02 +4.2697e-01 -9.4425e-01
24 0 +9.005346887e+01 -1.359565311e+02 -1.359565311e+02 -9.9140e-01 +2.7355e-01 -5.5671e-01 +2.4021e-01 -1.6698e+00
28 0 +8.430109179e+01 -1.417089082e+02 -1.417089082e+02 -6.6576e-01 -6.3832e-01 +6.5624e-03 +1.1466e+00 -1.7519e+00
33 0 +8.245798640e+01 -1.435520136e+02 -1.435520136e+02 -1.6184e+00 +2.2945e-01 +3.0507e-01 +1.7219e+00 -1.2688e+00
38 0 +7.537239748e+01 -1.506376025e+02 -1.506376025e+02 -9.8951e-01 +4.6918e-01 -5.5443e-01 +1.8506e+00 -2.1970e+00
41 0 +7.410471327e+01 -1.519052867e+02 -1.519052867e+02 -5.5469e-02 -8.0441e-01 +3.2239e-01 +2.2458e+00 -2.1442e+00
45 0 +6.552642319e+01 -1.604835768e+02 -1.604835768e+02 -3.0174e-01 +5.0397e-01 -3.7813e-01 +2.4951e+00 -2.8260e+00
49 0 +5.737431516e+01 -1.686356848e+02 -1.686356848e+02 -8.7830e-01 +1.5985e+00 +3.0078e-01 +3.3314e+00 -2.7040e+00
53 0 +5.295796269e+01 -1.730520373e+02 -1.730520373e+02 -8.0424e-01 -9.7636e-01 -1.1629e+00 +3.5300e+00 -3.9621e+00
57 0 +3.268279481e+01 -1.933272052e+02 -1.933272052e+02 -2.0302e+00 +1.8578e+00 -5.8064e-01 +4.2253e+00 -4.7879e+00
73 0 +3.189321932e+01 -1.941167807e+02 -1.941167807e+02 -1.3920e+00 +4.6425e-01 -1.3939e+00 +5.3489e+00 -7.8394e+00
75 0 +2.096878009e+01 -2.050412199e+02 -2.050412199e+02 -2.4393e+00 +2.0407e+00 +8.4299e-01 +5.4260e+00 -5.2159e+00
86 0 +2.064497577e+01 -2.053650242e+02 -2.053650242e+02 -3.2877e+00 +1.6831e+00 +8.7819e-01 +6.6575e+00 -5.9927e+00
90 0 +1.520700038e+01 -2.108029996e+02 -2.108029996e+02 -3.6240e+00 +3.4722e+00 +1.4854e+00 +1.4908e+01 -1.1118e+01
98 0 +1.415382002e+01 -2.118561800e+02 -2.118561800e+02 -4.1727e+00 +3.5754e+00 +1.5869e+00 +1.2426e+01 -1.1050e+01
100 0 +9.653142386e+00 -2.163568576e+02 -2.163568576e+02 -4.7283e+00 +4.9598e+00 +2.0559e+00 +1.4695e+01 -8.2831e+00
103 0 +6.737409738e+00 -2.192725903e+02 -2.192725903e+02 -7.5091e+00 +7.2552e+00 +2.8694e+00 +1.7059e+01 -1.5365e+01
105 0 +0.000000000e+00 -2.260100000e+02 -2.260100000e+02 -6.1453e+00 +7.7058e+00 +6.2784e+00 +1.8790e+01 -1.0484e+01
192 0 +0.000000000e+00 -2.260100000e+02 -2.260100000e+02 -6.1453e+00 +7.7058e+00 +6.2784e+00 +1.8790e+01 -1.0484e+01
% f evaluations | g evaluations | best noise-free fitness - Fopt (1.000000000000e+03) + sum g_i+ | measured fitness | best measured fitness or single-digit g-values | x1 | x2...
1 0 +1.054900712e+02 +1.105490071e+03 +1.105490071e+03 +5.0716e-01 -1.3978e-01 +9.8462e-03 +1.2226e-01 -2.3669e-01
4 0 +1.019276994e+02 +1.101927699e+03 +1.101927699e+03 -4.3597e-01 +1.6638e-01 +3.7165e-02 +8.2340e-02 -4.5798e-01
12 0 +9.898587490e+01 +1.098985875e+03 +1.098985875e+03 -7.8305e-01 +6.4250e-02 -4.9596e-01 +3.1170e-01 -7.7522e-01
17 0 +9.559470009e+01 +1.095594700e+03 +1.095594700e+03 -3.0305e-01 +2.1159e-01 -9.4149e-02 +4.2697e-01 -9.4425e-01
24 0 +9.005346887e+01 +1.090053469e+03 +1.090053469e+03 -9.9140e-01 +2.7355e-01 -5.5671e-01 +2.4021e-01 -1.6698e+00
28 0 +8.430109179e+01 +1.084301092e+03 +1.084301092e+03 -6.6576e-01 -6.3832e-01 +6.5624e-03 +1.1466e+00 -1.7519e+00
33 0 +8.245798640e+01 +1.082457986e+03 +1.082457986e+03 -1.6184e+00 +2.2945e-01 +3.0507e-01 +1.7219e+00 -1.2688e+00
38 0 +7.537239748e+01 +1.075372397e+03 +1.075372397e+03 -9.8951e-01 +4.6918e-01 -5.5443e-01 +1.8506e+00 -2.1970e+00
41 0 +7.410471327e+01 +1.074104713e+03 +1.074104713e+03 -5.5469e-02 -8.0441e-01 +3.2239e-01 +2.2458e+00 -2.1442e+00
45 0 +6.552642319e+01 +1.065526423e+03 +1.065526423e+03 -3.0174e-01 +5.0397e-01 -3.7813e-01 +2.4951e+00 -2.8260e+00
49 0 +5.737431516e+01 +1.057374315e+03 +1.057374315e+03 -8.7830e-01 +1.5985e+00 +3.0078e-01 +3.3314e+00 -2.7040e+00
53 0 +5.295796269e+01 +1.052957963e+03 +1.052957963e+03 -8.0424e-01 -9.7636e-01 -1.1629e+00 +3.5300e+00 -3.9621e+00
57 0 +3.268279481e+01 +1.032682795e+03 +1.032682795e+03 -2.0302e+00 +1.8578e+00 -5.8064e-01 +4.2253e+00 -4.7879e+00
73 0 +3.189321932e+01 +1.031893219e+03 +1.031893219e+03 -1.3920e+00 +4.6425e-01 -1.3939e+00 +5.3489e+00 -7.8394e+00
75 0 +2.096878009e+01 +1.020968780e+03 +1.020968780e+03 -2.4393e+00 +2.0407e+00 +8.4299e-01 +5.4260e+00 -5.2159e+00
86 0 +2.064497577e+01 +1.020644976e+03 +1.020644976e+03 -3.2877e+00 +1.6831e+00 +8.7819e-01 +6.6575e+00 -5.9927e+00
90 0 +1.520700038e+01 +1.015207000e+03 +1.015207000e+03 -3.6240e+00 +3.4722e+00 +1.4854e+00 +1.4908e+01 -1.1118e+01
98 0 +1.415382002e+01 +1.014153820e+03 +1.014153820e+03 -4.1727e+00 +3.5754e+00 +1.5869e+00 +1.2426e+01 -1.1050e+01
100 0 +9.653142386e+00 +1.009653142e+03 +1.009653142e+03 -4.7283e+00 +4.9598e+00 +2.0559e+00 +1.4695e+01 -8.2831e+00
103 0 +6.737409738e+00 +1.006737410e+03 +1.006737410e+03 -7.5091e+00 +7.2552e+00 +2.8694e+00 +1.7059e+01 -1.5365e+01
105 0 +0.000000000e+00 +1.000000000e+03 +1.000000000e+03 -6.1453e+00 +7.7058e+00 +6.2784e+00 +1.8790e+01 -1.0484e+01
192 0 +0.000000000e+00 +1.000000000e+03 +1.000000000e+03 -6.1453e+00 +7.7058e+00 +6.2784e+00 +1.8790e+01 -1.0484e+01
% f evaluations | g evaluations | best noise-free fitness - Fopt (-1.830200000000e+02) + sum g_i+ | measured fitness | best measured fitness or single-digit g-values | x1 | x2...
1 0 +1.054159045e+02 -7.760409547e+01 -7.760409547e+01 +5.0716e-01 -1.3978e-01 +9.8462e-03 +1.2226e-01 -2.3669e-01
4 0 +1.045524903e+02 -7.846750971e+01 -7.846750971e+01 -4.3597e-01 +1.6638e-01 +3.7165e-02 +8.2340e-02 -4.5798e-01
7 0 +1.017582068e+02 -8.126179319e+01 -8.126179319e+01 -2.2277e-01 +3.2174e-01 -4.9533e-01 +1.6063e-01 -6.1935e-01
10 0 +9.997573196e+01 -8.304426804e+01 -8.304426804e+01 +2.4392e-01 +5.5461e-01 +1.4197e-01 -4.8416e-01 -6.3128e-01
15 0 +9.713338616e+01 -8.588661384e+01 -8.588661384e+01 -4.0495e-02 -1.1405e-02 -5.9591e-01 +5.7458e-01 -1.2053e+00
19 0 +9.373922731e+01 -8.928077269e+01 -8.928077269e+01 -1.1020e-01 +2.7810e-01 -5.1783e-01 +8.6202e-02 -1.3533e+00
22 0 +9.156560882e+01 -9.145439118e+01 -9.145439118e+01 +3.9372e-01 -2.2893e-01 -6.7799e-02 +4.4141e-02 -1.5487e+00
25 0 +9.075861677e+01 -9.226138323e+01 -9.226138323e+01 -1.4503e-02 +2.6565e-01 +6.5892e-02 -2.6549e-01 -1.6264e+00
28 0 +8.017100532e+01 -1.028489947e+02 -1.028489947e+02 +4.4581e-01 -9.8533e-01 -6.9489e-01 -3.6499e-01 -2.1201e+00
33 0 +6.861631555e+01 -1.144036845e+02 -1.144036845e+02 +6.0075e-01 -6.5326e-01 -1.9319e-01 -1.3607e+00 -2.9179e+00
45 0 +5.977057859e+01 -1.232494214e+02 -1.232494214e+02 +1.0745e+00 -3.0916e-01 -1.3391e+00 -5.5136e-01 -3.9090e+00
50 0 +5.490818690e+01 -1.281118131e+02 -1.281118131e+02 +4.6665e-02 -4.7051e-01 -7.8610e-01 +8.1370e-02 -5.6092e+00
57 0 +4.938947480e+01 -1.336305252e+02 -1.336305252e+02 -4.6409e-01 -5.7970e-01 +8.0959e-01 -1.8536e+00 -6.5623e+00
58 0 +3.851871460e+01 -1.445012854e+02 -1.445012854e+02 +1.7874e+00 -1.4647e+00 -8.9319e-01 -2.1490e+00 -6.0891e+00
70 0 +2.615229135e+01 -1.568677086e+02 -1.568677086e+02 +2.8968e+00 -1.5302e+00 -1.9739e-01 -4.7249e+00 -4.8855e+00
75 0 +2.136707182e+01 -1.616529282e+02 -1.616529282e+02 +3.0443e+00 -5.0051e+00 +4.5695e-01 -4.6168e+00 -6.0511e+00
80 0 +1.559938140e+01 -1.674206186e+02 -1.674206186e+02 +2.7863e+00 -4.1171e+00 -2.2593e+00 -4.4401e+00 -7.4204e+00
81 0 +1.062407210e+01 -1.723959279e+02 -1.723959279e+02 +3.1588e+00 -4.2911e+00 -4.1555e+00 -4.1372e+00 -5.9297e+00
82 0 +6.434587314e+00 -1.765854127e+02 -1.765854127e+02 +2.6339e+00 -4.3315e+00 -4.0894e+00 -6.8480e+00 -7.2710e+00
91 0 +1.450667838e+00 -1.815693322e+02 -1.815693322e+02 +3.5493e+00 -6.1132e+00 -5.6549e+00 -8.1839e+00 -8.6720e+00
94 0 +8.155656255e-01 -1.822044344e+02 -1.822044344e+02 +5.3865e+00 -5.4197e+00 -4.7421e+00 -5.5438e+00 -5.3638e+00
101 0 +5.272189708e-01 -1.824927810e+02 -1.824927810e+02 +4.4728e+00 -6.9996e+00 -6.2187e+00 -1.2562e+01 -6.6007e+00
113 0 +0.000000000e+00 -1.830200000e+02 -1.830200000e+02 +1.0864e+01 -1.4147e+01 -7.5355e+00 -2.0368e+01 -6.7772e+00
160 0 +0.000000000e+00 -1.830200000e+02 -1.830200000e+02 +1.0864e+01 -1.4147e+01 -7.5355e+00 -2.0368e+01 -6.7772e+00
% f evaluations | g evaluations | best noise-free fitness - Fopt (-1.026200000000e+02) + sum g_i+ | measured fitness | best measured fitness or single-digit g-values | x1 | x2...
1 0 +1.111639475e+02 +8.543947473e+00 +8.543947473e+00 +5.0716e-01 -1.3978e-01 +9.8462e-03 +1.2226e-01 -2.3669e-01
2 0 +1.060705827e+02 +3.450582686e+00 +3.450582686e+00 +6.1967e-04 -2.6712e-04 -5.2643e-01 +3.0531e-01 +1.8016e-01
10 0 +9.775300378e+01 -4.866996222e+00 -4.866996222e+00 -5.0331e-01 -3.9154e-01 -5.6625e-01 -1.2157e-01 +6.3930e-01
18 0 +9.582776893e+01 -6.792231069e+00 -6.792231069e+00 -8.2326e-01 -7.7396e-01 -1.0472e+00 -3.4539e-01 +4.5386e-01
22 0 +9.492517837e+01 -7.694821629e+00 -7.694821629e+00 -7.4562e-01 -5.5748e-04 -7.2787e-01 -6.3997e-01 +6.2476e-01
26 0 +9.053616382e+01 -1.208383618e+01 -1.208383618e+01 -4.2639e-01 -1.8661e-01 -9.1590e-01 -1.0436e+00 +7.7606e-01
32 0 +8.423554602e+01 -1.838445398e+01 -1.838445398e+01 -8.9187e-01 -8.9354e-01 -6.9107e-01 -1.2145e+00 +1.2089e+00
37 0 +8.082636796e+01 -2.179363204e+01 -2.179363204e+01 -1.1490e+00 -3.6423e-01 -3.9135e-01 -1.7412e+00 +1.4168e+00
38 0 +7.486924431e+01 -2.775075569e+01 -2.775075569e+01 -5.6143e-01 -5.4247e-01 -1.9775e+00 -1.3319e+00 +1.7681e+00
52 0 +7.156949326e+01 -3.105050674e+01 -3.105050674e+01 -1.2412e+00 -7.7045e-01 -1.2831e+00 -3.1537e-01 +2.7808e+00
53 0 +6.359800350e+01 -3.902199650e+01 -3.902199650e+01 -1.1615e+00 +2.0262e-01 -1.9168e+00 +8.3792e-02 +3.7831e+00
60 0 +4.662748473e+01 -5.599251527e+01 -5.599251527e+01 -1.0141e+00 +4.0253e-01 -6.6395e-01 -2.5172e+00 +4.4639e+00
70 0 +4.528153159e+01 -5.733846841e+01 -5.733846841e+01 -1.1278e+00 +1.0792e+00 -1.4261e+00 -4.1563e+00 +3.5447e+00
73 0 +4.018725023e+01 -6.243274977e+01 -6.243274977e+01 -2.3914e-01 -3.0162e-01 -1.4536e+00 -2.1802e+00 +5.0901e+00
77 0 +3.905016300e+01 -6.356983700e+01 -6.356983700e+01 -2.3216e+00 +5.8826e-01 -5.9698e+00 -2.9924e-01 +6.4023e+00
79 0 +3.770594809e+01 -6.491405191e+01 -6.491405191e+01 -4.7836e-01 +2.5962e-01 -3.6174e+00 -1.6797e+00 +4.9212e+00
82 0 +2.815218219e+01 -7.446781781e+01 -7.446781781e+01 -1.3070e+00 +8.3806e-02 -2.8794e+00 -3.4506e+00 +7.8351e+00
92 0 +1.161885021e+01 -9.100114979e+01 -9.100114979e+01 +3.3431e+00 -3.3777e+00 -6.9418e+00 -4.9305e+00 +5.4721e+00
116 0 +1.027779960e+01 -9.234220040e+01 -9.234220040e+01 +2.1462e+00 -3.2390e+00 -6.9598e+00 -6.9476e+00 +8.2974e+00
134 0 +6.987119892e+00 -9.563288011e+01 -9.563288011e+01 +8.7115e-01 -4.3724e+00 -9.0711e+00 -5.9660e+00 +7.5371e+00
135 0 +6.457027401e+00 -9.616297260e+01 -9.616297260e+01 -1.0026e+00 -3.6168e+00 -5.7203e+00 -8.7946e+00 +7.0688e+00
136 0 +4.988146438e+00 -9.763185356e+01 -9.763185356e+01 -4.7167e+00 -2.3542e+00 -5.9924e+00 -8.3124e+00 +6.3108e+00
137 0 +4.719192273e+00 -9.790080773e+01 -9.790080773e+01 -3.1743e+00 -4.2980e+00 -7.6591e+00 -4.7075e+00 +5.3328e+00
139 0 +3.044069960e+00 -9.957593004e+01 -9.957593004e+01 -6.1808e+00 -3.2882e+00 -8.7384e+00 -8.1054e+00 +6.4733e+00
148 0 +3.425684196e-01 -1.022774316e+02 -1.022774316e+02 -7.3086e+00 -4.8074e+00 -5.6483e+00 -6.6685e+00 +6.3022e+00
156 0 +0.000000000e+00 -1.026200000e+02 -1.026200000e+02 -9.6854e+00 -6.5352e+00 -8.3162e+00 -7.0062e+00 +7.8427e+00
208 0 +0.000000000e+00 -1.026200000e+02 -1.026200000e+02 -9.6854e+00 -6.5352e+00 -8.3162e+00 -7.0062e+00 +7.8427e+00
% f evaluations | g evaluations | best noise-free fitness - Fopt (9.953000000000e+01) + sum g_i+ | measured fitness | best measured fitness or single-digit g-values | x1 | x2...
1 0 +1.097889267e+02 +2.093189267e+02 +2.093189267e+02 +5.0716e-01 -1.3978e-01 +9.8462e-03 +1.2226e-01 -2.3669e-01
2 0 +1.026368528e+02 +2.021668528e+02 +2.021668528e+02 +6.1967e-04 -2.6712e-04 -5.2643e-01 +3.0531e-01 +1.8016e-01
9 0 +9.591445971e+01 +1.954444597e+02 +1.954444597e+02 -4.0502e-02 -2.5756e-01 -8.0180e-01 +9.7792e-01 +3.3721e-01
18 0 +8.959647835e+01 +1.891264783e+02 +1.891264783e+02 -9.7053e-02 +1.9946e-01 -7.2802e-01 +1.5041e+00 +7.7206e-01
26 0 +8.579402333e+01 +1.853240233e+02 +1.853240233e+02 +1.4421e-01 -6.1634e-02 -8.6024e-01 +1.6819e+00 +9.8819e-01
31 0 +8.398874491e+01 +1.835187449e+02 +1.835187449e+02 -8.1588e-01 +4.5908e-02 -1.2532e+00 +2.1383e+00 +7.1094e-01
32 0 +7.926336533e+01 +1.787933653e+02 +1.787933653e+02 -5.9909e-01 -4.5800e-01 -8.3097e-01 +2.2958e+00 +1.1605e+00
36 0 +7.514533751e+01 +1.746753375e+02 +1.746753375e+02 -4.1537e-02 +1.6918e-01 -8.5268e-01 +3.2517e+00 +1.1951e+00
40 0 +7.370928932e+01 +1.732392893e+02 +1.732392893e+02 -1.4605e+00 -1.5691e+00 -1.0589e+00 +1.9151e+00 +1.5742e+00
41 0 +7.052752790e+01 +1.700575279e+02 +1.700575279e+02 -9.7158e-02 -2.9105e+00 -1.0268e+00 +2.1908e+00 +1.6453e+00
43 0 +6.353350595e+01 +1.630635059e+02 +1.630635059e+02 -1.2827e+00 -8.5921e-01 -1.2953e+00 +2.6248e+00 +2.2620e+00
49 0 +5.591909621e+01 +1.554490962e+02 +1.554490962e+02 -3.1748e+00 +3.3390e-01 -1.6172e+00 +3.0058e+00 +2.7303e+00
52 0 +5.377630077e+01 +1.533063008e+02 +1.533063008e+02 -1.6296e+00 -1.6548e+00 -1.2648e+00 +4.0706e+00 +2.2581e+00
53 0 +4.345843562e+01 +1.429884356e+02 +1.429884356e+02 -9.5612e-01 -2.6908e+00 -2.4799e+00 +4.6815e+00 +2.4452e+00
58 0 +2.737526144e+01 +1.269052614e+02 +1.269052614e+02 -1.6721e+00 -1.3471e+00 -4.3064e+00 +3.9608e+00 +4.0486e+00
65 0 +1.808207179e+01 +1.176120718e+02 +1.176120718e+02 -8.5416e-01 -3.1400e+00 -4.3888e+00 +6.4659e+00 +4.1304e+00
76 0 +1.134632122e+01 +1.108763212e+02 +1.108763212e+02 -3.3337e+00 -5.5304e+00 -4.3328e+00 +7.3823e+00 +4.2430e+00
81 0 +4.717008363e+00 +1.042470084e+02 +1.042470084e+02 -2.0140e+00 -7.5010e+00 -4.6759e+00 +4.8744e+00 +5.6175e+00
87 0 +4.101765935e+00 +1.036317659e+02 +1.036317659e+02 -1.3534e+00 -4.7441e+00 -6.5948e+00 +5.5041e+00 +5.6087e+00
91 0 +3.388274374e+00 +1.029182744e+02 +1.029182744e+02 -4.0339e+00 -6.1181e+00 -7.4394e+00 +6.4930e+00 +4.7578e+00
98 0 +3.274907267e+00 +1.028049073e+02 +1.028049073e+02 -1.9462e+00 -4.8757e+00 -8.0744e+00 +7.0103e+00 +5.2185e+00
100 0 +9.534675259e-01 +1.004834675e+02 +1.004834675e+02 -4.0465e+00 -5.3283e+00 -5.9200e+00 +1.0517e+01 +5.8134e+00
115 0 +5.574689088e-01 +1.000874689e+02 +1.000874689e+02 -4.4425e+00 -5.7117e+00 -9.2548e+00 +9.1772e+00 +7.0391e+00
120 0 +5.062075970e-02 +9.958062076e+01 +9.958062076e+01 -4.9494e+00 -5.7491e+00 -9.1956e+00 +7.4579e+00 +8.0695e+00
124 0 +0.000000000e+00 +9.953000000e+01 +9.953000000e+01 -5.2252e+00 -6.0343e+00 -8.2168e+00 +9.5320e+00 +8.2889e+00
192 0 +0.000000000e+00 +9.953000000e+01 +9.953000000e+01 -5.2252e+00 -6.0343e+00 -8.2168e+00 +9.5320e+00 +8.2889e+00
% f evaluations | g evaluations | best noise-free fitness - Fopt (1.495900000000e+02) + sum g_i+ | measured fitness | best measured fitness or single-digit g-values | x1 | x2...
1 0 +1.116610925e+02 +2.612510925e+02 +2.612510925e+02 +5.0716e-01 -1.3978e-01 +9.8462e-03 +1.2226e-01 -2.3669e-01
2 0 +1.060715327e+02 +2.556615327e+02 +2.556615327e+02 +6.1967e-04 -2.6712e-04 -5.2643e-01 +3.0531e-01 +1.8016e-01
10 0 +9.938810941e+01 +2.489781094e+02 +2.489781094e+02 -5.0126e-01 +3.9436e-01 -4.6935e-01 -3.2351e-01 +3.9258e-01
17 0 +9.754270193e+01 +2.471327019e+02 +2.471327019e+02 -4.1369e-01 +5.0897e-01 -4.7531e-01 -2.1327e-01 +6.2560e-01
28 0 +9.132001266e+01 +2.409100127e+02 +2.409100127e+02 +3.9258e-02 +4.6779e-01 -1.2514e+00 +1.6784e-01 +1.2694e+00
33 0 +8.944383141e+01 +2.390338314e+02 +2.390338314e+02 +7.2360e-02 +6.8030e-01 -5.3121e-01 -1.2631e+00 +8.4560e-01
34 0 +8.507096343e+01 +2.346609634e+02 +2.346609634e+02 +3.6688e-01 +8.5262e-01 -5.9360e-01 -3.6773e-01 +1.7655e+00
39 0 +7.862905433e+01 +2.282190543e+02 +2.282190543e+02 +5.3347e-01 +1.2956e+00 -1.2783e+00 -4.5025e-01 +2.0846e+00
44 0 +7.591607447e+01 +2.255060745e+02 +2.255060745e+02 +1.3890e-01 +1.2461e+00 -1.3008e+00 -4.3283e-01 +2.3279e+00
49 0 +6.637550283e+01 +2.159655028e+02 +2.159655028e+02 -5.7509e-01 +2.2170e+00 -1.3325e+00 -2.5876e-01 +3.1258e+00
53 0 +6.052862475e+01 +2.101186248e+02 +2.101186248e+02 +1.5576e+00 +1.8069e+00 -2.7019e+00 -1.2915e+00 +2.9829e+00
59 0 +5.342465874e+01 +2.030146587e+02 +2.030146587e+02 +1.5387e+00 +1.5964e+00 -2.5252e+00 -2.0916e+00 +3.3348e+00
60 0 +5.079006246e+01 +2.003800625e+02 +2.003800625e+02 -4.7652e-01 +1.5019e+00 -3.6097e+00 -4.2042e-01 +4.0103e+00
62 0 +3.793458934e+01 +1.875245893e+02 +1.875245893e+02 +2.0721e+00 +2.5982e+00 -3.3548e+00 -2.5503e+00 +4.2387e+00
70 0 +3.698609209e+01 +1.865760921e+02 +1.865760921e+02 +6.5328e-01 +2.6480e+00 -5.6028e+00 -1.0043e+00 +4.5319e+00
71 0 +2.609756317e+01 +1.756875632e+02 +1.756875632e+02 +1.1339e+00 +8.7921e-01 -1.6961e+00 -4.6109e+00 +5.6570e+00
73 0 +1.807000288e+01 +1.676600029e+02 +1.676600029e+02 +8.3943e-01 +2.0739e+00 -4.0486e+00 -4.2854e+00 +7.0965e+00
77 0 +1.500720397e+01 +1.645972040e+02 +1.645972040e+02 +2.3360e+00 +6.3872e+00 -7.7334e+00 -3.6359e+00 +1.1147e+01
82 0 +6.221129785e+00 +1.558111298e+02 +1.558111298e+02 -8.3557e-01 +5.1241e+00 -9.4120e+00 -4.6343e+00 +1.1457e+01
94 0 +5.557728293e+00 +1.551477283e+02 +1.551477283e+02 +5.5773e-01 +7.6214e+00 -1.0291e+01 -7.0496e+00 +1.0843e+01
100 0 +4.630158442e+00 +1.542201584e+02 +1.542201584e+02 -4.2926e+00 +5.5941e+00 -1.2657e+01 -4.3024e+00 +1.2347e+01
106 0 +6.456804607e-01 +1.502356805e+02 +1.502356805e+02 -5.2898e+00 +6.5533e+00 -1.0756e+01 -4.8852e+00 +1.6647e+01
133 0 +0.000000000e+00 +1.495900000e+02 +1.495900000e+02 -9.8792e+00 +5.6124e+00 -1.0097e+01 -1.0382e+01 +2.0428e+01
192 0 +0.000000000e+00 +1.495900000e+02 +1.495900000e+02 -9.8792e+00 +5.6124e+00 -1.0097e+01 -1.0382e+01 +2.0428e+01
% f evaluations | g evaluations | best noise-free fitness - Fopt (-1.000000000000e+03) + sum g_i+ | measured fitness | best measured fitness or single-digit g-values | x1 | x2...
1 0 +1.101496321e+02 -8.898503679e+02 -8.898503679e+02 +5.0716e-01 -1.3978e-01 +9.8462e-03 +1.2226e-01 -2.3669e-01
2 0 +1.060693433e+02 -8.939306567e+02 -8.939306567e+02 +6.1967e-04 -2.6712e-04 -5.2643e-01 +3.0531e-01 +1.8016e-01
20 0 +1.028953056e+02 -8.971046944e+02 -8.971046944e+02 -5.4025e-02 -3.6935e-01 -8.7382e-01 -1.4628e-01 +7.3588e-02
21 0 +1.018636300e+02 -8.981363700e+02 -8.981363700e+02 -3.8789e-01 -6.4395e-01 -6.2960e-01 +3.0243e-01 +4.9087e-01
28 0 +9.688953768e+01 -9.031104623e+02 -9.031104623e+02 +5.3500e-01 -4.1553e-01 -1.1685e+00 +3.3048e-01 +7.8197e-01
37 0 +9.516596993e+01 -9.048340301e+02 -9.048340301e+02 -7.6000e-01 -5.8531e-01 -7.9731e-01 -2.9886e-02 +9.6837e-01
40 0 +8.706059533e+01 -9.129394047e+02 -9.129394047e+02 +1.5087e-01 -4.6731e-01 -9.7190e-01 -5.3644e-01 +1.3687e+00
45 0 +8.369750373e+01 -9.163024963e+02 -9.163024963e+02 -1.9131e-01 -1.1870e+00 -1.8291e+00 -3.9715e-01 +1.4185e+00
50 0 +7.688243412e+01 -9.231175659e+02 -9.231175659e+02 -8.6937e-01 -7.3007e-01 -2.3190e+00 -8.6960e-02 +2.2686e+00
60 0 +6.894894161e+01 -9.310510584e+02 -9.310510584e+02 -4.8190e-01 -4.8305e-02 -1.7729e+00 -8.7628e-01 +2.8733e+00
66 0 +6.678593291e+01 -9.332140671e+02 -9.332140671e+02 -1.1170e+00 +4.8887e-02 -1.8110e+00 -2.5878e-01 +3.5056e+00
69 0 +6.087710214e+01 -9.391228979e+02 -9.391228979e+02 +1.1212e-01 -5.9924e-01 -3.5107e+00 +9.5293e-02 +3.5199e+00
70 0 +5.585943193e+01 -9.441405681e+02 -9.441405681e+02 -1.1815e+00 -6.0496e-01 -2.1499e+00 -1.4787e+00 +3.6952e+00
73 0 +4.804200520e+01 -9.519579948e+02 -9.519579948e+02 -8.3266e-01 -6.3098e-02 -2.9253e+00 -6.0411e-01 +4.7851e+00
74 0 +3.662677046e+01 -9.633732295e+02 -9.633732295e+02 -1.7534e+00 -1.1487e+00 -4.9436e+00 -9.3728e-01 +5.9089e+00
84 0 +3.031501901e+01 -9.696849810e+02 -9.696849810e+02 -1.4947e+00 -1.2471e+00 -9.6228e+00 -1.9509e+00 +1.1447e+01
98 0 +2.521000057e+01 -9.747899994e+02 -9.747899994e+02 -1.5608e+00 -2.4623e+00 -1.0398e+01 -2.4861e+00 +9.0787e+00
101 0 +2.289644721e+01 -9.771035528e+02 -9.771035528e+02 -6.0593e-02 -4.7254e+00 -5.3918e+00 -1.9151e+00 +6.9158e+00
103 0 +1.157134859e+01 -9.884286514e+02 -9.884286514e+02 -1.3847e+00 -2.0833e+00 -1.4568e+01 -7.4736e+00 +1.4154e+01
107 0 +1.045985358e+01 -9.895401464e+02 -9.895401464e+02 +1.8514e+00 -8.8857e-01 -1.2150e+01 -8.7533e+00 +1.1574e+01
111 0 +6.855530287e+00 -9.931444697e+02 -9.931444697e+02 +1.2016e+00 -3.2808e+00 -5.3656e+00 -6.6981e+00 +6.1636e+00
117 0 +4.900310512e+00 -9.950996895e+02 -9.950996895e+02 +9.9196e-01 -4.4982e+00 -1.9541e+01 -6.4573e+00 +1.3052e+01
121 0 +2.820876246e+00 -9.971791238e+02 -9.971791238e+02 +5.6694e+00 -3.4137e+00 -2.1870e+01 -1.5782e+01 +1.5516e+01
140 0 +2.278672775e+00 -9.977213272e+02 -9.977213272e+02 +4.7104e+00 -3.8814e+00 -1.4320e+01 -1.1362e+01 +1.7380e+01
141 0 +2.439488411e-01 -9.997560512e+02 -9.997560512e+02 +8.6966e+00 -4.8628e+00 -3.7459e+01 -1.4735e+01 +1.7546e+01
145 0 +0.000000000e+00 -1.000000000e+03 -1.000000000e+03 +1.2712e+01 -6.2787e+00 -3.3288e+01 -1.8201e+01 +2.9590e+01
232 0 +0.000000000e+00 -1.000000000e+03 -1.000000000e+03 +1.2712e+01 -6.2787e+00 -3.3288e+01 -1.8201e+01 +2.9590e+01
% f evaluations | g evaluations | best noise-free fitness - Fopt (-2.922000000000e+01) + sum g_i+ | measured fitness | best measured fitness or single-digit g-values | x1 | x2...
1 0 +1.097889267e+02 +8.056892674e+01 +8.056892674e+01 +5.0716e-01 -1.3978e-01 +9.8462e-03 +1.2226e-01 -2.3669e-01
2 0 +1.026368528e+02 +7.341685277e+01 +7.341685277e+01 +6.1967e-04 -2.6712e-04 -5.2643e-01 +3.0531e-01 +1.8016e-01
9 0 +9.591445971e+01 +6.669445971e+01 +6.669445971e+01 -4.0502e-02 -2.5756e-01 -8.0180e-01 +9.7792e-01 +3.3721e-01
18 0 +8.959647835e+01 +6.037647835e+01 +6.037647835e+01 -9.7053e-02 +1.9946e-01 -7.2802e-01 +1.5041e+00 +7.7206e-01
26 0 +8.579402333e+01 +5.657402333e+01 +5.657402333e+01 +1.4421e-01 -6.1634e-02 -8.6024e-01 +1.6819e+00 +9.8819e-01
31 0 +8.398874491e+01 +5.476874491e+01 +5.476874491e+01 -8.1588e-01 +4.5908e-02 -1.2532e+00 +2.1383e+00 +7.1094e-01
32 0 +7.926336533e+01 +5.004336533e+01 +5.004336533e+01 -5.9909e-01 -4.5800e-01 -8.3097e-01 +2.2958e+00 +1.1605e+00
36 0 +7.514533751e+01 +4.592533751e+01 +4.592533751e+01 -4.1537e-02 +1.6918e-01 -8.5268e-01 +3.2517e+00 +1.1951e+00
40 0 +7.370928932e+01 +4.448928932e+01 +4.448928932e+01 -1.4605e+00 -1.5691e+00 -1.0589e+00 +1.9151e+00 +1.5742e+00
41 0 +7.052752790e+01 +4.130752790e+01 +4.130752790e+01 -9.7158e-02 -2.9105e+00 -1.0268e+00 +2.1908e+00 +1.6453e+00
43 0 +6.353350595e+01 +3.431350595e+01 +3.431350595e+01 -1.2827e+00 -8.5921e-01 -1.2953e+00 +2.6248e+00 +2.2620e+00
49 0 +5.591909621e+01 +2.669909621e+01 +2.669909621e+01 -3.1748e+00 +3.3390e-01 -1.6172e+00 +3.0058e+00 +2.7303e+00
52 0 +5.377630077e+01 +2.455630077e+01 +2.455630077e+01 -1.6296e+00 -1.6548e+00 -1.2648e+00 +4.0706e+00 +2.2581e+00
53 0 +4.345843562e+01 +1.423843562e+01 +1.423843562e+01 -9.5612e-01 -2.6908e+00 -2.4799e+00 +4.6815e+00 +2.4452e+00
58 0 +2.737526144e+01 -1.844738556e+00 -1.844738556e+00 -1.6721e+00 -1.3471e+00 -4.3064e+00 +3.9608e+00 +4.0486e+00
65 0 +1.808207179e+01 -1.113792821e+01 -1.113792821e+01 -8.5416e-01 -3.1400e+00 -4.3888e+00 +6.4659e+00 +4.1304e+00
76 0 +1.134632122e+01 -1.787367878e+01 -1.787367878e+01 -3.3337e+00 -5.5304e+00 -4.3328e+00 +7.3823e+00 +4.2430e+00
81 0 +4.717008363e+00 -2.450299164e+01 -2.450299164e+01 -2.0140e+00 -7.5010e+00 -4.6759e+00 +4.8744e+00 +5.6175e+00
87 0 +4.101765935e+00 -2.511823406e+01 -2.511823406e+01 -1.3534e+00 -4.7441e+00 -6.5948e+00 +5.5041e+00 +5.6087e+00
91 0 +3.388274374e+00 -2.583172563e+01 -2.583172563e+01 -4.0339e+00 -6.1181e+00 -7.4394e+00 +6.4930e+00 +4.7578e+00
98 0 +3.274907267e+00 -2.594509273e+01 -2.594509273e+01 -1.9462e+00 -4.8757e+00 -8.0744e+00 +7.0103e+00 +5.2185e+00
100 0 +9.534675259e-01 -2.826653247e+01 -2.826653247e+01 -4.0465e+00 -5.3283e+00 -5.9200e+00 +1.0517e+01 +5.8134e+00
115 0 +5.574689088e-01 -2.866253109e+01 -2.866253109e+01 -4.4425e+00 -5.7117e+00 -9.2548e+00 +9.1772e+00 +7.0391e+00
120 0 +5.062075970e-02 -2.916937924e+01 -2.916937924e+01 -4.9494e+00 -5.7491e+00 -9.1956e+00 +7.4579e+00 +8.0695e+00
124 0 +0.000000000e+00 -2.922000000e+01 -2.922000000e+01 -5.2252e+00 -6.0343e+00 -8.2168e+00 +9.5320e+00 +8.2889e+00
192 0 +0.000000000e+00 -2.922000000e+01 -2.922000000e+01 -5.2252e+00 -6.0343e+00 -8.2168e+00 +9.5320e+00 +8.2889e+00
% f evaluations | g evaluations | best noise-free fitness - Fopt (-4.096000000000e+01) + sum g_i+ | measured fitness | best measured fitness or single-digit g-values | x1 | x2...
1 0 +1.044757557e+02 +6.351575575e+01 +6.351575575e+01 +5.0716e-01 -1.3978e-01 +9.8462e-03 +1.2226e-01 -2.3669e-01
4 0 +1.027996442e+02 +6.183964421e+01 +6.183964421e+01 -4.3597e-01 +1.6638e-01 +3.7165e-02 +8.2340e-02 -4.5798e-01
7 0 +1.019400442e+02 +6.098004424e+01 +6.098004424e+01 -2.2277e-01 +3.2174e-01 -4.9533e-01 +1.6063e-01 -6.1935e-01
15 0 +9.643552874e+01 +5.547552874e+01 +5.547552874e+01 -6.0910e-01 +1.8977e-01 -4.6132e-01 +9.2051e-01 -7.9384e-01
21 0 +9.281642032e+01 +5.185642032e+01 +5.185642032e+01 -8.7681e-01 +3.8883e-01 +2.2641e-01 +1.0866e+00 -8.3623e-01
28 0 +8.717301016e+01 +4.621301016e+01 +4.621301016e+01 -5.4229e-01 +4.5727e-01 -2.7380e-02 +2.4512e+00 -6.6785e-01
31 0 +8.701700537e+01 +4.605700537e+01 +4.605700537e+01 -1.3210e+00 +1.9326e-01 -7.8684e-01 +1.2289e+00 -1.7358e+00
34 0 +7.973451259e+01 +3.877451259e+01 +3.877451259e+01 -1.3750e+00 +1.1262e+00 -8.5943e-01 +1.3667e+00 -2.2490e+00
39 0 +7.312472466e+01 +3.216472466e+01 +3.216472466e+01 -1.2452e+00 +1.3712e+00 -1.0914e+00 +2.3496e+00 -2.3740e+00
41 0 +7.217390591e+01 +3.121390591e+01 +3.121390591e+01 +6.0275e-01 +1.2032e+00 -1.8939e+00 +1.9428e+00 -2.7968e+00
45 0 +5.873821827e+01 +1.777821827e+01 +1.777821827e+01 -6.9955e-01 +7.7032e-01 -8.8018e-01 +2.8290e+00 -3.5286e+00
50 0 +4.986385091e+01 +8.903850912e+00 +8.903850912e+00 +5.9194e-01 +9.9010e-01 -2.0232e+00 +3.7783e+00 -4.0754e+00
57 0 +3.353350310e+01 -7.426496905e+00 -7.426496905e+00 +1.3531e+00 -1.0102e+00 -1.0712e+00 +5.2383e+00 -5.1810e+00
68 0 +3.025216253e+01 -1.070783747e+01 -1.070783747e+01 +1.6598e+00 -1.7474e+00 +2.8405e-01 +5.6888e+00 -6.1356e+00
78 0 +2.677679702e+01 -1.418320298e+01 -1.418320298e+01 +1.5211e+00 -1.0174e+00 +1.0164e+00 +5.1929e+00 -7.1583e+00
94 0 +2.436000952e+01 -1.659999048e+01 -1.659999048e+01 +2.8598e+00 -6.7267e-01 +1.1635e+00 +7.6683e+00 -8.1983e+00
96 0 +2.353301654e+01 -1.742698346e+01 -1.742698346e+01 +3.9467e+00 -1.4492e+00 +1.5972e+00 +4.9555e+00 -9.4402e+00
97 0 +1.985935617e+01 -2.110064383e+01 -2.110064383e+01 +3.0838e+00 +2.3409e+00 +8.2122e-01 +7.0849e+00 -7.0927e+00
101 0 +1.722859431e+01 -2.373140569e+01 -2.373140569e+01 -3.0032e-01 -1.7078e+00 +5.2242e+00 +5.8109e+00 -9.9539e+00
115 0 +1.672416143e+01 -2.423583857e+01 -2.423583857e+01 +6.4292e+00 +1.4269e+00 +1.7206e+00 +6.7121e+00 -6.7344e+00
120 0 +1.444644655e+01 -2.651355345e+01 -2.651355345e+01 +5.9144e+00 +3.7165e+00 +1.1534e+00 +6.5939e+00 -6.1659e+00
124 0 +1.249081786e+01 -2.846918214e+01 -2.846918214e+01 +4.0819e+00 +4.0691e+00 +1.8639e+00 +6.9814e+00 -6.6787e+00
133 0 +9.648164333e+00 -3.131183567e+01 -3.131183567e+01 +6.6982e+00 +3.0446e+00 +3.0486e+00 +7.9738e+00 -1.0720e+01
134 0 +2.086680624e+00 -3.887331938e+01 -3.887331938e+01 +9.2755e+00 +3.8425e+00 +4.9910e+00 +5.2588e+00 -6.2523e+00
153 0 +8.157968511e-01 -4.014420315e+01 -4.014420315e+01 +9.8954e+00 +6.4216e+00 +8.9892e+00 +4.8549e+00 -1.0776e+01
155 0 +0.000000000e+00 -4.096000000e+01 -4.096000000e+01 +1.2929e+01 +5.8108e+00 +9.2236e+00 +7.3448e+00 -9.6449e+00
248 0 +0.000000000e+00 -4.096000000e+01 -4.096000000e+01 +1.2929e+01 +5.8108e+00 +9.2236e+00 +7.3448e+00 -9.6449e+00
