% f evaluations | g evaluations | best noise-free fitness - Fopt (-1.000000000000e+03) + sum g_i+ | measured fitness | best measured fitness or single-digit g-values | x1 | x2...
1 0 +7.975039623e+01 -9.202496038e+02 -9.202496038e+02 +3.3257e-04 -8.6864e-02 -3.3483e-01 -3.8649e-03 -1.1351e-01
3 0 +7.913310553e+01 -9.208668945e+02 -9.208668945e+02 +1.9077e-01 +5.2204e-01 +8.9006e-02 +2.1226e-01 +5.4687e-01
7 0 +7.717475429e+01 -9.228252457e+02 -9.228252457e+02 -2.4776e-02 +7.3656e-01 -8.0165e-01 -2.7399e-01 -6.8197e-02
10 0 +7.155614446e+01 -9.284438555e+02 -9.284438555e+02 +8.2684e-01 +9.1228e-01 -5.1630e-01 -3.3947e-01 +1.4443e-02
21 0 +6.215463345e+01 -9.378453666e+02 -9.378453666e+02 +6.7988e-01 +4.2647e-01 +3.3000e-01 +8.4703e-02 -1.9968e-01
25 0 +4.785638443e+01 -9.521436156e+02 -9.521436156e+02 +1.4302e+00 +4.4159e-01 -1.9889e-01 +4.4284e-01 +1.6047e-01
29 0 +3.082422474e+01 -9.691757753e+02 -9.691757753e+02 +7.2666e-01 +3.7487e-01 +2.4303e-01 -4.6235e-02 -9.9877e-01
39 0 +2.577720007e+01 -9.742227999e+02 -9.742227999e+02 +8.0479e-01 +8.4502e-01 +2.0529e-01 +4.4626e-01 -1.1432e+00
44 0 +9.858646063e+00 -9.901413539e+02 -9.901413539e+02 +1.6292e+00 +2.1469e-02 +2.5469e-01 +6.2344e-01 -4.3946e-01
68 0 +7.077194102e+00 -9.929228059e+02 -9.929228059e+02 +9.0601e-01 -2.3329e-01 +9.2697e-01 +8.0440e-01 -5.8283e-01
69 0 +6.755079044e+00 -9.932449210e+02 -9.932449210e+02 +1.2223e+00 -7.6001e-02 +8.5251e-01 +7.1626e-01 -7.7507e-01
71 0 +4.448797254e+00 -9.955512027e+02 -9.955512027e+02 +1.2328e+00 -3.5895e-01 +1.3844e+00 +9.1822e-01 -5.0333e-01
79 0 +3.569541751e+00 -9.964304582e+02 -9.964304582e+02 +1.4976e+00 -1.0520e-01 +1.4552e+00 +9.9319e-01 -6.0638e-01
97 0 +2.200538419e+00 -9.977994616e+02 -9.977994616e+02 +1.2565e+00 +1.5636e-01 +1.9391e+00 +2.3616e-01 -1.4098e+00
99 0 +2.048317934e+00 -9.979516821e+02 -9.979516821e+02 +1.4468e+00 +2.0174e-01 +1.5036e+00 +1.0028e+00 -7.8677e-01
102 0 +3.429779402e-01 -9.996570221e+02 -9.996570221e+02 +1.3615e+00 +1.8111e-01 +1.6416e+00 +3.2739e-01 -9.8797e-01
143 0 +1.960707294e-01 -9.998039293e+02 -9.998039293e+02 +1.7883e+00 +3.9103e-01 +1.6142e+00 -1.0587e-01 -1.0919e+00
159 0 +3.049599215e-02 -9.999695040e+02 -9.999695040e+02 +1.5374e+00 +5.3184e-01 +2.1069e+00 -1.2835e-01 -1.4731e+00
183 0 +1.965628481e-02 -9.999803437e+02 -9.999803437e+02 +1.6632e+00 +4.9511e-01 +2.3555e+00 -1.4818e-01 -1.4032e+00
187 0 +3.761401678e-03 -9.999962386e+02 -9.999962386e+02 +1.7256e+00 +6.6145e-01 +2.3155e+00 -3.2527e-02 -1.3644e+00
210 0 +1.603678218e-03 -9.999983963e+02 -9.999983963e+02 +1.4244e+00 +7.6526e-01 +2.7760e+00 -3.2519e-01 -1.8084e+00
256 0 +1.406392591e-03 -9.999985936e+02 -9.999985936e+02 +1.4803e+00 +6.3759e-01 +2.3312e+00 +8.3223e-02 -1.3845e+00
268 0 +8.475993320e-04 -9.999991524e+02 -9.999991524e+02 +1.4621e+00 +8.3275e-01 +2.4830e+00 +3.8365e-01 -1.3854e+00
294 0 +2.209418921e-04 -9.999997791e+02 -9.999997791e+02 +1.4775e+00 +7.0761e-01 +2.4220e+00 +1.1859e-01 -1.4532e+00
298 0 +1.072275355e-04 -9.999998928e+02 -9.999998928e+02 +1.4561e+00 +7.7156e-01 +2.5152e+00 +7.5713e-02 -1.5172e+00
325 0 +8.633220455e-05 -9.999999137e+02 -9.999999137e+02 +1.4507e+00 +7.5199e-01 +2.5395e+00 +1.6405e-01 -1.4592e+00
329 0 +3.361632571e-05 -9.999999664e+02 -9.999999664e+02 +1.4710e+00 +7.6426e-01 +2.5133e+00 +1.0917e-01 -1.4909e+00
337 0 +3.215300683e-05 -9.999999678e+02 -9.999999678e+02 +1.4867e+00 +7.7652e-01 +2.5226e+00 +1.3557e-01 -1.4793e+00
351 0 +7.566481599e-06 -9.999999924e+02 -9.999999924e+02 +1.4386e+00 +7.6878e-01 +2.5732e+00 +7.2411e-02 -1.5367e+00
409 0 +7.257248285e-06 -9.999999927e+02 -9.999999927e+02 +1.4430e+00 +7.6670e-01 +2.5656e+00 +5.8198e-02 -1.5459e+00
419 0 +6.962502312e-06 -9.999999930e+02 -9.999999930e+02 +1.4450e+00 +7.6060e-01 +2.5624e+00 +3.9938e-02 -1.5497e+00
425 0 +6.361109172e-06 -9.999999936e+02 -9.999999936e+02 +1.4378e+00 +7.6228e-01 +2.5820e+00 +3.7143e-02 -1.5589e+00
433 0 +4.938905363e-06 -9.999999951e+02 -9.999999951e+02 +1.4151e+00 +7.6303e-01 +2.5892e+00 +4.2840e-02 -1.5716e+00
445 0 +4.890096534e-06 -9.999999951e+02 -9.999999951e+02 +1.4178e+00 +7.4589e-01 +2.5900e+00 -4.1308e-02 -1.6112e+00
457 0 +4.634241463e-06 -9.999999954e+02 -9.999999954e+02 +1.4193e+00 +7.6715e-01 +2.5941e+00 +1.1727e-02 -1.5868e+00
459 0 +2.813874517e-06 -9.999999972e+02 -9.999999972e+02 +1.4167e+00 +7.5481e-01 +2.6061e+00 -3.2820e-02 -1.6116e+00
464 0 +1.978121418e-06 -9.999999980e+02 -9.999999980e+02 +1.4088e+00 +7.4752e-01 +2.6009e+00 -3.4787e-02 -1.6141e+00
470 0 +1.758086114e-06 -9.999999982e+02 -9.999999982e+02 +1.4117e+00 +7.5209e-01 +2.5948e+00 -2.2178e-02 -1.6044e+00
480 0 +1.379159357e-06 -9.999999986e+02 -9.999999986e+02 +1.4003e+00 +7.5799e-01 +2.6164e+00 -1.7758e-02 -1.6126e+00
483 0 +9.736609172e-07 -9.999999990e+02 -9.999999990e+02 +1.3997e+00 +7.3735e-01 +2.6068e+00 -8.6160e-02 -1.6364e+00
489 0 +8.103733080e-07 -9.999999992e+02 -9.999999992e+02 +1.3930e+00 +7.5201e-01 +2.6100e+00 -4.1509e-02 -1.6232e+00
491 0 +6.456045867e-07 -9.999999994e+02 -9.999999994e+02 +1.3914e+00 +7.4246e-01 +2.6175e+00 -8.7632e-02 -1.6482e+00
492 0 +3.327239710e-07 -9.999999997e+02 -9.999999997e+02 +1.3864e+00 +7.2502e-01 +2.5995e+00 -1.0075e-01 -1.6439e+00
493 0 +2.120631279e-07 -9.999999998e+02 -9.999999998e+02 +1.3728e+00 +7.4199e-01 +2.6235e+00 -8.2319e-02 -1.6515e+00
495 0 +1.251776212e-07 -9.999999999e+02 -9.999999999e+02 +1.3688e+00 +7.3598e-01 +2.6282e+00 -1.0772e-01 -1.6692e+00
501 0 +7.235712474e-08 -9.999999999e+02 -9.999999999e+02 +1.3666e+00 +7.2288e-01 +2.6290e+00 -1.4725e-01 -1.6835e+00
504 0 +7.235712474e-08 -9.999999999e+02 -9.999999999e+02 +1.3666e+00 +7.2288e-01 +2.6290e+00 -1.4725e-01 -1.6835e+00
% f evaluations | g evaluations | best noise-free fitness - Fopt (1.000000000000e+03) + sum g_i+ | measured fitness | best measured fitness or single-digit g-values | x1 | x2...
1 0 +7.493355452e+01 +1.074933555e+03 +1.074933555e+03 +3.3257e-04 -8.6864e-02 -3.3483e-01 -3.8649e-03 -1.1351e-01
2 0 +7.214460997e+01 +1.072144610e+03 +1.072144610e+03 -1.4434e-01 -4.5520e-01 -1.4726e-01 -7.2206e-02 -1.9439e-01
5 0 +6.928019569e+01 +1.069280196e+03 +1.069280196e+03 +2.0258e-01 +9.5875e-03 +2.7545e-01 +1.1416e-01 +1.5492e-01
11 0 +6.061780780e+01 +1.060617808e+03 +1.060617808e+03 +7.9595e-01 -1.2940e-01 +6.2314e-01 +4.0523e-01 +7.5921e-02
18 0 +5.028813702e+01 +1.050288137e+03 +1.050288137e+03 +9.0513e-01 -2.7369e-01 +3.6235e-01 -1.8608e-01 +3.3416e-01
27 0 +4.365149910e+01 +1.043651499e+03 +1.043651499e+03 +8.6544e-01 +9.5431e-02 +4.9124e-01 -3.4732e-01 +5.6164e-01
29 0 +3.915227307e+01 +1.039152273e+03 +1.039152273e+03 +1.2791e+00 -1.4454e-01 +6.1896e-01 -4.3940e-01 -1.9264e-01
34 0 +2.509986615e+01 +1.025099866e+03 +1.025099866e+03 +1.4799e+00 +3.2800e-01 +6.2078e-01 -7.5789e-01 +5.8911e-01
70 0 +1.874373539e+01 +1.018743735e+03 +1.018743735e+03 +2.2868e+00 +1.6754e+00 +9.5544e-01 -1.0703e+00 +2.0874e+00
92 0 +1.721113807e+01 +1.017211138e+03 +1.017211138e+03 +2.4004e+00 +1.4433e+00 +1.5441e+00 -6.6907e-01 +8.5451e-01
98 0 +1.477760182e+01 +1.014777602e+03 +1.014777602e+03 +1.8183e+00 +2.0446e+00 +1.7756e+00 -9.7166e-01 +1.4458e+00
99 0 +1.138258397e+01 +1.011382584e+03 +1.011382584e+03 +1.9060e+00 +1.3858e+00 +1.1647e+00 -1.8117e+00 +1.4895e+00
110 0 +1.070654812e+01 +1.010706548e+03 +1.010706548e+03 +2.1071e+00 +1.6030e+00 +1.6012e+00 -1.3990e+00 +1.4652e+00
124 0 +9.137222946e+00 +1.009137223e+03 +1.009137223e+03 +2.0116e+00 +2.7074e+00 +1.6395e+00 -3.0534e+00 +2.6106e+00
138 0 +9.100525675e+00 +1.009100526e+03 +1.009100526e+03 +1.4579e+00 +2.3276e+00 +1.7130e+00 -2.1318e+00 +3.0666e+00
142 0 +8.550509978e+00 +1.008550510e+03 +1.008550510e+03 +2.0319e+00 +2.0143e+00 +2.0455e+00 -1.5674e+00 +1.5588e+00
152 0 +8.140250845e+00 +1.008140251e+03 +1.008140251e+03 +1.6104e+00 +2.4059e+00 +1.7991e+00 -3.1499e+00 +2.6269e+00
154 0 +7.552203926e+00 +1.007552204e+03 +1.007552204e+03 +1.3737e+00 +2.8917e+00 +1.9480e+00 -3.8982e+00 +2.4514e+00
155 0 +6.345340147e+00 +1.006345340e+03 +1.006345340e+03 +1.6871e+00 +3.2406e+00 +2.3637e+00 -2.9336e+00 +2.8295e+00
173 0 +4.991201548e+00 +1.004991202e+03 +1.004991202e+03 +2.1758e+00 +2.8769e+00 +2.2983e+00 -2.4494e+00 +2.6007e+00
195 0 +4.172563414e+00 +1.004172563e+03 +1.004172563e+03 +1.9683e+00 +3.3661e+00 +2.7180e+00 -3.3470e+00 +1.9000e+00
200 0 +3.684836510e+00 +1.003684837e+03 +1.003684837e+03 +1.8277e+00 +3.1079e+00 +2.4739e+00 -2.9002e+00 +2.5443e+00
235 0 +3.187148124e+00 +1.003187148e+03 +1.003187148e+03 +1.9608e+00 +3.2221e+00 +2.5592e+00 -3.3771e+00 +2.1421e+00
258 0 +3.132957528e+00 +1.003132958e+03 +1.003132958e+03 +1.8105e+00 +3.2133e+00 +2.6434e+00 -3.6711e+00 +1.9655e+00
275 0 +3.053727345e+00 +1.003053727e+03 +1.003053727e+03 +1.8212e+00 +3.0986e+00 +2.6354e+00 -3.5089e+00 +1.5868e+00
278 0 +3.019530571e+00 +1.003019531e+03 +1.003019531e+03 +1.9082e+00 +3.1570e+00 +2.5973e+00 -3.3375e+00 +2.0057e+00
282 0 +2.882090157e+00 +1.002882090e+03 +1.002882090e+03 +1.8291e+00 +3.0795e+00 +2.4779e+00 -3.4329e+00 +1.8644e+00
305 0 +2.699357048e+00 +1.002699357e+03 +1.002699357e+03 +1.6868e+00 +2.8445e+00 +2.3208e+00 -3.9248e+00 +1.2760e+00
311 0 +2.674727257e+00 +1.002674727e+03 +1.002674727e+03 +1.6884e+00 +2.7898e+00 +2.3085e+00 -3.6044e+00 +1.4468e+00
341 0 +2.629215926e+00 +1.002629216e+03 +1.002629216e+03 +1.7513e+00 +2.7912e+00 +2.3190e+00 -3.5706e+00 +1.3833e+00
504 0 +2.590594711e+00 +1.002590595e+03 +1.002590595e+03 +1.6885e+00 +2.7081e+00 +2.2770e+00 -3.7573e+00 +1.0327e+00
% f evaluations | g evaluations | best noise-free fitness - Fopt (-4.913000000000e+01) + sum g_i+ | measured fitness | best measured fitness or single-digit g-values | x1 | x2...
1 0 +6.607948975e+01 +1.694948975e+01 +1.694948975e+01 +3.3257e-04 -8.6864e-02 -3.3483e-01 -3.8649e-03 -1.1351e-01
3 0 +5.687255859e+01 +7.742558593e+00 +7.742558593e+00 +1.9077e-01 +5.2204e-01 +8.9006e-02 +2.1226e-01 +5.4687e-01
13 0 +5.440999440e+01 +5.279994401e+00 +5.279994401e+00 +9.3476e-01 +2.0594e-01 +6.6772e-01 +9.2099e-02 -1.2918e-01
18 0 +5.015696238e+01 +1.026962379e+00 +1.026962379e+00 +8.1771e-01 +1.4591e-01 +1.0390e+00 +6.9835e-01 +3.3189e-01
23 0 +3.942282630e+01 -9.707173696e+00 -9.707173696e+00 +2.7644e-01 +1.1489e-01 +5.0542e-01 +1.0832e-01 +7.6262e-01
26 0 +3.074411650e+01 -1.838588350e+01 -1.838588350e+01 -3.8845e-01 -3.2096e-01 +1.6073e-01 -5.8496e-01 +1.0793e+00
29 0 +1.732048977e+01 -3.180951023e+01 -3.180951023e+01 +9.1966e-01 -1.2969e-01 +1.3609e+00 -1.4657e-01 +5.6933e-01
52 0 +1.243031594e+01 -3.669968406e+01 -3.669968406e+01 +1.1892e+00 +3.3854e-01 +1.3068e+00 -4.9527e-01 +4.5024e-01
64 0 +1.022265873e+01 -3.890734127e+01 -3.890734127e+01 +1.7384e+00 +6.7591e-01 +1.6853e+00 +3.4515e-02 +8.1376e-01
65 0 +7.539948066e+00 -4.159005193e+01 -4.159005193e+01 +1.9407e+00 +8.3438e-01 +1.6537e+00 -2.5128e-01 +6.1517e-01
78 0 +3.784327995e+00 -4.534567200e+01 -4.534567200e+01 +2.3814e+00 +9.6796e-01 +1.3174e+00 -1.1741e+00 +1.0492e+00
141 0 +1.453571867e+00 -4.767642813e+01 -4.767642813e+01 +4.2737e+00 +2.8646e+00 +2.7498e+00 -8.5212e-01 +1.2053e+00
148 0 +7.980972492e-01 -4.833190275e+01 -4.833190275e+01 +4.0612e+00 +2.7745e+00 +3.1470e+00 -3.9327e-01 +9.4756e-01
198 0 +6.556843347e-01 -4.847431567e+01 -4.847431567e+01 +3.8235e+00 +2.0746e+00 +2.2962e+00 -1.3944e+00 +1.2259e+00
208 0 +1.629422133e-01 -4.896705779e+01 -4.896705779e+01 +3.7663e+00 +2.6802e+00 +2.5887e+00 -1.1777e+00 +1.2081e+00
229 0 +1.420584100e-01 -4.898794159e+01 -4.898794159e+01 +3.7058e+00 +3.1599e+00 +2.7881e+00 -8.7636e-01 +9.8415e-01
239 0 +5.036453187e-02 -4.907963547e+01 -4.907963547e+01 +4.0398e+00 +3.3782e+00 +2.9846e+00 -8.1146e-01 +1.0960e+00
251 0 +4.659383023e-02 -4.908340617e+01 -4.908340617e+01 +3.8409e+00 +3.4548e+00 +3.1708e+00 -5.7998e-01 +9.5759e-01
261 0 +4.227130318e-02 -4.908772870e+01 -4.908772870e+01 +4.2447e+00 +3.6499e+00 +3.1605e+00 -9.2539e-01 +1.0968e+00
288 0 +3.410267403e-02 -4.909589733e+01 -4.909589733e+01 +3.9791e+00 +3.1386e+00 +3.3310e+00 -5.6190e-01 +9.5530e-01
289 0 +2.526917441e-02 -4.910473083e+01 -4.910473083e+01 +3.6689e+00 +3.0916e+00 +3.1592e+00 -4.4678e-01 +9.0266e-01
292 0 +2.141049433e-02 -4.910858951e+01 -4.910858951e+01 +4.0120e+00 +3.0568e+00 +3.1623e+00 -6.8544e-01 +1.0387e+00
295 0 +2.121740062e-02 -4.910878260e+01 -4.910878260e+01 +3.8871e+00 +3.4319e+00 +3.2176e+00 -5.5324e-01 +9.2361e-01
297 0 +3.317241356e-03 -4.912668276e+01 -4.912668276e+01 +3.9317e+00 +3.2038e+00 +3.3084e+00 -4.1300e-01 +9.6214e-01
353 0 +3.065534145e-03 -4.912693447e+01 -4.912693447e+01 +4.0213e+00 +3.4151e+00 +3.4701e+00 -2.3539e-01 +9.2019e-01
354 0 +2.562303468e-03 -4.912743770e+01 -4.912743770e+01 +4.1268e+00 +3.6157e+00 +3.5961e+00 -1.8290e-01 +9.2557e-01
363 0 +9.795427064e-04 -4.912902046e+01 -4.912902046e+01 +4.0000e+00 +3.4035e+00 +3.5061e+00 -1.6159e-01 +9.1878e-01
381 0 +8.160750889e-04 -4.912918392e+01 -4.912918392e+01 +4.0183e+00 +3.2657e+00 +3.4963e+00 -2.1032e-01 +9.6007e-01
389 0 +7.456094693e-04 -4.912925439e+01 -4.912925439e+01 +3.9766e+00 +3.0907e+00 +3.4139e+00 -2.2044e-01 +1.0012e+00
395 0 +4.393065677e-04 -4.912956069e+01 -4.912956069e+01 +3.9545e+00 +3.0793e+00 +3.5409e+00 -4.1481e-02 +9.3944e-01
413 0 +4.280566814e-04 -4.912957194e+01 -4.912957194e+01 +3.8461e+00 +2.9582e+00 +3.5069e+00 +5.1562e-02 +9.2936e-01
423 0 +1.346761068e-04 -4.912986532e+01 -4.912986532e+01 +3.9360e+00 +3.1458e+00 +3.4660e+00 -1.0312e-01 +9.4134e-01
441 0 +3.795244774e-05 -4.912996205e+01 -4.912996205e+01 +3.9076e+00 +2.9286e+00 +3.4385e+00 -4.2664e-02 +9.7313e-01
457 0 +2.059914785e-05 -4.912997940e+01 -4.912997940e+01 +3.8953e+00 +2.9287e+00 +3.4077e+00 -5.2525e-02 +9.6956e-01
459 0 +1.724757314e-05 -4.912998275e+01 -4.912998275e+01 +3.8059e+00 +2.7075e+00 +3.3568e+00 -4.6867e-02 +9.6181e-01
472 0 +9.119003778e-06 -4.912999088e+01 -4.912999088e+01 +3.8399e+00 +2.8300e+00 +3.4239e+00 +2.1437e-02 +9.4104e-01
490 0 +8.126433002e-07 -4.912999919e+01 -4.912999919e+01 +3.7542e+00 +2.6308e+00 +3.3171e+00 -2.6365e-02 +9.6089e-01
504 0 +5.329155144e-07 -4.912999947e+01 -4.912999947e+01 +3.7725e+00 +2.6625e+00 +3.3404e+00 -1.2341e-02 +9.5410e-01
% f evaluations | g evaluations | best noise-free fitness - Fopt (2.977300000000e+02) + sum g_i+ | measured fitness | best measured fitness or single-digit g-values | x1 | x2...
1 0 +3.070369808e+01 +3.284336981e+02 +3.284336981e+02 +3.3257e-04 -8.6864e-02 -3.3483e-01 -3.8649e-03 -1.1351e-01
9 0 +2.886570590e+01 +3.265957059e+02 +3.265957059e+02 -1.4317e-01 -1.6374e-02 -3.6603e-01 +3.4753e-02 -2.7936e-01
11 0 +1.781219462e+01 +3.155421946e+02 +3.155421946e+02 -1.5219e-01 +5.4943e-01 -1.5271e-01 +3.8111e-02 -1.0017e+00
23 0 +1.575179270e+01 +3.134817927e+02 +3.134817927e+02 -2.2306e-01 +2.1975e-01 -2.0776e-01 -3.4325e-01 -9.0371e-01
31 0 +1.468223365e+01 +3.124122336e+02 +3.124122336e+02 -6.5410e-01 +3.4734e-01 -1.5765e-02 -4.0285e-01 -1.0921e+00
33 0 +1.274178349e+01 +3.104717835e+02 +3.104717835e+02 -7.2550e-01 +2.9869e-01 -3.1533e-01 -6.9616e-01 -1.1765e+00
59 0 +1.176807602e+01 +3.094980760e+02 +3.094980760e+02 +7.5779e-01 +4.6349e-01 -4.5141e-01 -4.7978e-01 -1.3242e+00
69 0 +1.111361610e+01 +3.088436161e+02 +3.088436161e+02 +5.2728e-03 +3.9298e-01 -2.6293e-01 -6.6291e-01 -1.4088e+00
77 0 +1.074863548e+01 +3.084786355e+02 +3.084786355e+02 +6.6340e-01 +5.3918e-01 -8.0679e-01 -1.4667e+00 -1.3654e+00
84 0 +1.017490621e+01 +3.079049062e+02 +3.079049062e+02 +7.7001e-01 +4.8695e-01 -5.2436e-01 -7.6168e-01 -1.5172e+00
138 0 +9.784838434e+00 +3.075148384e+02 +3.075148384e+02 -2.9748e-01 +4.9491e-01 -5.9655e-01 -1.4939e+00 -1.6866e+00
143 0 +9.765924080e+00 +3.074959241e+02 +3.074959241e+02 -4.0670e-01 +4.8422e-01 -6.5440e-01 -1.5913e+00 -1.5604e+00
179 0 +9.348874735e+00 +3.070788747e+02 +3.070788747e+02 +2.0949e-01 +6.9752e-01 -4.8893e-01 -1.0818e+00 -1.7686e+00
189 0 +9.316124700e+00 +3.070461247e+02 +3.070461247e+02 +5.0087e-01 +6.3036e-01 -6.3398e-01 -1.2192e+00 -1.7835e+00
290 0 +9.109627024e+00 +3.068396270e+02 +3.068396270e+02 +7.1054e-01 +7.4849e-01 -6.7044e-01 -1.2731e+00 -1.8672e+00
341 0 +8.878584673e+00 +3.066085847e+02 +3.066085847e+02 +1.5346e+00 +7.4322e-01 -7.4389e-01 -1.1608e+00 -1.8790e+00
504 0 +8.744771983e+00 +3.064747720e+02 +3.064747720e+02 +2.3525e+00 +8.2848e-01 -9.6917e-01 -1.2907e+00 -1.9747e+00
% f evaluations | g evaluations | best noise-free fitness - Fopt (5.157000000000e+01) + sum g_i+ | measured fitness | best measured fitness or single-digit g-values | x1 | x2...
1 0 +7.253306750e+01 +1.241030675e+02 +1.241030675e+02 +3.3257e-04 -8.6864e-02 -3.3483e-01 -3.8649e-03 -1.1351e-01
2 0 +7.228802643e+01 +1.238580264e+02 +1.238580264e+02 -1.4434e-01 -4.5520e-01 -1.4726e-01 -7.2206e-02 -1.9439e-01
13 0 +7.055398504e+01 +1.221239850e+02 +1.221239850e+02 -3.5454e-01 +2.4943e-01 -2.5862e-01 +7.9732e-01 -3.2351e-01
18 0 +6.825288666e+01 +1.198228867e+02 +1.198228867e+02 -5.6224e-01 -7.9996e-02 -9.2853e-01 +5.7687e-03 -4.3288e-01
26 0 +6.251204523e+01 +1.140820452e+02 +1.140820452e+02 -9.2644e-01 -7.9193e-01 -1.3801e+00 +7.7056e-01 -3.2704e-01
34 0 +6.085495069e+01 +1.124249507e+02 +1.124249507e+02 -1.1726e+00 -1.2725e+00 -1.5693e+00 +9.3877e-01 -2.2629e-01
43 0 +5.176947067e+01 +1.033394707e+02 +1.033394707e+02 -2.0913e+00 -6.1366e-01 -2.2066e+00 +1.1889e+00 -2.2217e-01
79 0 +5.120051354e+01 +1.027705135e+02 +1.027705135e+02 -1.5216e+00 +4.8786e-01 -3.3600e+00 +1.3032e-01 +1.5055e-01
97 0 +4.631377964e+01 +9.788377964e+01 +9.788377964e+01 -1.5161e+00 +5.9717e-01 -1.3336e+00 +9.5095e-01 +1.0970e+00
100 0 +4.215847355e+01 +9.372847355e+01 +9.372847355e+01 -1.9876e+00 +1.4105e+00 -3.9515e+00 -3.5918e-02 +7.3860e-01
102 0 +3.577209211e+01 +8.734209211e+01 +8.734209211e+01 -1.7365e+00 +9.6768e-01 -1.9666e+00 +1.0597e+00 +5.9809e-01
133 0 +3.226659402e+01 +8.383659402e+01 +8.383659402e+01 -1.5226e+00 +1.9777e+00 -2.5272e+00 +1.0873e+00 +5.3746e-01
148 0 +2.818877946e+01 +7.975877946e+01 +7.975877946e+01 -1.8752e+00 +1.9196e+00 -2.4465e+00 +1.1538e+00 +4.9865e-01
184 0 +2.715435509e+01 +7.872435509e+01 +7.872435509e+01 -2.2124e+00 +2.0024e+00 -2.4057e+00 +8.2814e-01 +5.3882e-01
190 0 +2.669839544e+01 +7.826839544e+01 +7.826839544e+01 -2.2632e+00 +2.1074e+00 -2.0175e+00 +1.3123e+00 +6.1586e-01
245 0 +2.587190663e+01 +7.744190663e+01 +7.744190663e+01 -2.3877e+00 +2.3996e+00 -1.7019e+00 +1.2444e+00 +6.6722e-01
278 0 +2.558295563e+01 +7.715295563e+01 +7.715295563e+01 -2.5288e+00 +2.2710e+00 -1.1984e+00 +1.4589e+00 +8.7013e-01
504 0 +2.547706047e+01 +7.704706047e+01 +7.704706047e+01 -2.5061e+00 +2.2917e+00 -1.2684e+00 +1.3802e+00 +8.0694e-01
% f evaluations | g evaluations | best noise-free fitness - Fopt (1.527100000000e+02) + sum g_i+ | measured fitness | best measured fitness or single-digit g-values | x1 | x2...
1 0 +7.766474866e+01 +2.303747487e+02 +2.303747487e+02 +3.3257e-04 -8.6864e-02 -3.3483e-01 -3.8649e-03 -1.1351e-01
2 0 +7.673367056e+01 +2.294436706e+02 +2.294436706e+02 -1.4434e-01 -4.5520e-01 -1.4726e-01 -7.2206e-02 -1.9439e-01
3 0 +7.272941927e+01 +2.254394193e+02 +2.254394193e+02 +1.9077e-01 +5.2204e-01 +8.9006e-02 +2.1226e-01 +5.4687e-01
11 0 +7.007675652e+01 +2.227867565e+02 +2.227867565e+02 +1.0786e+00 +1.0457e+00 +1.8101e-01 +3.1548e-01 +8.7359e-01
18 0 +6.373042478e+01 +2.164404248e+02 +2.164404248e+02 +9.1896e-01 +5.4355e-01 +6.4611e-01 -1.2681e-01 +1.2010e+00
25 0 +6.233250394e+01 +2.150425039e+02 +2.150425039e+02 +1.2296e+00 -2.1374e-01 +1.0230e+00 -5.1527e-02 +1.3078e+00
34 0 +4.534321720e+01 +1.980532172e+02 +1.980532172e+02 +6.1282e-01 +3.7211e-01 +3.6041e-01 -3.0716e-01 +2.7857e+00
41 0 +3.554120281e+01 +1.882512028e+02 +1.882512028e+02 +5.6882e-01 +1.5434e+00 +7.9092e-01 +4.1094e-02 +3.1582e+00
44 0 +2.763066137e+01 +1.803406614e+02 +1.803406614e+02 +1.3187e+00 -4.1639e-01 +1.6233e+00 -4.7997e-02 +2.5187e+00
49 0 +2.247116839e+01 +1.751811684e+02 +1.751811684e+02 +2.0509e+00 +2.3697e-01 +1.6101e+00 -9.9617e-02 +4.1672e+00
61 0 +1.887385489e+01 +1.715838549e+02 +1.715838549e+02 +1.2622e+00 +4.0958e-01 +2.2020e+00 -4.1906e-01 +3.2020e+00
74 0 +1.837379261e+01 +1.710837926e+02 +1.710837926e+02 +1.6364e+00 -9.9529e-01 +2.4242e+00 -6.7152e-01 +3.3049e+00
114 0 +1.525078339e+01 +1.679607834e+02 +1.679607834e+02 +1.6113e+00 -4.5855e-01 +2.0173e+00 -5.1332e-01 +4.1068e+00
169 0 +1.489385117e+01 +1.676038512e+02 +1.676038512e+02 +1.5655e+00 -5.2857e-01 +2.3672e+00 -1.9257e-01 +3.9817e+00
200 0 +1.477675670e+01 +1.674867567e+02 +1.674867567e+02 +1.4498e+00 -2.9636e-01 +2.1130e+00 -2.7524e-01 +4.0060e+00
504 0 +1.458485035e+01 +1.672948504e+02 +1.672948504e+02 +1.4962e+00 -3.9965e-01 +2.2564e+00 -3.1019e-01 +3.8496e+00
% f evaluations | g evaluations | best noise-free fitness - Fopt (9.980000000000e+01) + sum g_i+ | measured fitness | best measured fitness or single-digit g-values | x1 | x2...
1 0 +7.390762568e+01 +1.737076257e+02 +1.737076257e+02 +3.3257e-04 -8.6864e-02 -3.3483e-01 -3.8649e-03 -1.1351e-01
2 0 +7.289005593e+01 +1.726900559e+02 +1.726900559e+02 -1.4434e-01 -4.5520e-01 -1.4726e-01 -7.2206e-02 -1.9439e-01
6 0 +6.907054355e+01 +1.688705436e+02 +1.688705436e+02 -1.0657e-01 +6.2634e-02 +9.8525e-02 -1.4947e-01 -6.2756e-01
11 0 +5.201577696e+01 +1.518157770e+02 +1.518157770e+02 -1.7873e-01 +4.0303e-01 -1.8868e-01 -6.2034e-01 -1.4151e+00
21 0 +5.012808752e+01 +1.499280875e+02 +1.499280875e+02 -3.1115e-01 +3.0178e-01 -3.6234e-01 -8.6656e-01 -1.5012e+00
27 0 +3.498284646e+01 +1.347828465e+02 +1.347828465e+02 -3.7057e-01 +1.1945e+00 -4.7617e-01 -6.9278e-01 -1.5583e+00
34 0 +2.191850444e+01 +1.217185044e+02 +1.217185044e+02 -3.5283e-01 +2.1056e+00 +1.1623e-01 -9.2414e-01 -1.8110e+00
41 0 +9.870255660e+00 +1.096702557e+02 +1.096702557e+02 -7.5257e-01 +1.9745e+00 +5.1322e-01 -4.3914e-01 -2.9859e+00
56 0 +9.107933996e+00 +1.089079340e+02 +1.089079340e+02 -9.7851e-02 +2.9444e+00 -6.0439e-02 -8.5574e-01 -2.7875e+00
87 0 +8.474216324e+00 +1.082742163e+02 +1.082742163e+02 -3.6658e-01 +2.3326e+00 +1.8601e-01 -9.2765e-01 -2.7955e+00
99 0 +8.162460944e+00 +1.079624609e+02 +1.079624609e+02 -4.8468e-01 +2.7443e+00 +1.2131e-01 -7.3043e-01 -2.8704e+00
106 0 +8.109448705e+00 +1.079094487e+02 +1.079094487e+02 -1.8283e-01 +3.1194e+00 +1.3416e-01 -1.1376e+00 -3.2813e+00
126 0 +7.784756062e+00 +1.075847561e+02 +1.075847561e+02 -4.5559e-01 +2.5559e+00 +1.6435e-01 -7.5394e-01 -3.3756e+00
140 0 +7.741059337e+00 +1.075410593e+02 +1.075410593e+02 -6.5497e-01 +2.5042e+00 -1.8275e-01 -7.1784e-01 -3.2964e+00
161 0 +7.355453462e+00 +1.071554535e+02 +1.071554535e+02 -5.9964e-01 +2.6597e+00 -1.4092e-01 -1.2177e+00 -3.2432e+00
504 0 +7.271636906e+00 +1.070716369e+02 +1.070716369e+02 -6.8349e-01 +2.5979e+00 -2.0894e-02 -1.1056e+00 -3.2239e+00
% f evaluations | g evaluations | best noise-free fitness - Fopt (-1.194100000000e+02) + sum g_i+ | measured fitness | best measured fitness or single-digit g-values | x1 | x2...
1 0 +7.432093310e+01 -4.508906690e+01 -4.508906690e+01 +3.3257e-04 -8.6864e-02 -3.3483e-01 -3.8649e-03 -1.1351e-01
2 0 +7.291412604e+01 -4.649587396e+01 -4.649587396e+01 -1.4434e-01 -4.5520e-01 -1.4726e-01 -7.2206e-02 -1.9439e-01
3 0 +6.897180208e+01 -5.043819792e+01 -5.043819792e+01 +1.9077e-01 +5.2204e-01 +8.9006e-02 +2.1226e-01 +5.4687e-01
11 0 +6.508649990e+01 -5.432350010e+01 -5.432350010e+01 +9.4282e-01 +1.4872e+00 +6.7049e-02 +1.8940e-01 +8.8686e-01
28 0 +6.378052774e+01 -5.562947226e+01 -5.562947226e+01 +1.1002e+00 +7.5809e-01 -3.2015e-01 +5.1518e-01 +8.7925e-01
44 0 +6.306979881e+01 -5.634020119e+01 -5.634020119e+01 +1.2541e+00 +1.0416e+00 +1.7288e-01 +3.8649e-01 +1.2775e-01
66 0 +6.116096187e+01 -5.824903813e+01 -5.824903813e+01 +1.4964e+00 +1.3237e+00 +1.4054e-02 +5.7741e-01 +5.2274e-01
84 0 +5.872211907e+01 -6.068788093e+01 -6.068788093e+01 +1.7691e+00 +8.6406e-01 +2.1433e-02 +9.8538e-01 +2.9014e-01
139 0 +5.561329817e+01 -6.379670183e+01 -6.379670183e+01 +2.7981e+00 +4.7636e-01 +1.3633e+00 +2.3885e+00 -1.9157e-01
165 0 +5.413947407e+01 -6.527052593e+01 -6.527052593e+01 +2.6546e+00 +8.0138e-02 +1.0219e+00 +2.0888e+00 -3.1832e-01
175 0 +5.256933137e+01 -6.684066863e+01 -6.684066863e+01 +2.5569e+00 -4.2704e-02 +1.4497e+00 +2.1788e+00 -3.0898e-01
201 0 +5.147237371e+01 -6.793762629e+01 -6.793762629e+01 +2.8215e+00 -1.2963e-01 +1.4749e+00 +2.5196e+00 -3.1434e-01
211 0 +5.108765989e+01 -6.832234011e+01 -6.832234011e+01 +3.0614e+00 -3.9758e-01 +1.9250e+00 +2.9672e+00 -4.1639e-01
504 0 +5.016363513e+01 -6.924636487e+01 -6.924636487e+01 +3.3059e+00 -9.6128e-01 +1.9425e+00 +3.3805e+00 -5.1074e-01
% f evaluations | g evaluations | best noise-free fitness - Fopt (1.077000000000e+01) + sum g_i+ | measured fitness | best measured fitness or single-digit g-values | x1 | x2...
1 0 +1.984400588e+01 +3.061400588e+01 +3.061400588e+01 +3.3257e-04 -8.6864e-02 -3.3483e-01 -3.8649e-03 -1.1351e-01
4 0 +7.769055464e+00 +1.853905546e+01 +1.853905546e+01 +1.2923e-01 +4.6282e-01 -2.7022e-01 -4.1139e-02 +3.8929e-01
5 0 +3.515164472e+00 +1.428516447e+01 +1.428516447e+01 +2.0258e-01 +9.5875e-03 +2.7545e-01 +1.1416e-01 +1.5492e-01
21 0 +2.603290967e+00 +1.337329097e+01 +1.337329097e+01 +9.1606e-02 +2.9374e-01 +1.8623e-01 -2.9870e-03 +7.2625e-02
38 0 +2.123297455e+00 +1.289329745e+01 +1.289329745e+01 +2.2368e-01 -1.1623e-01 +2.5239e-01 +2.8876e-01 -1.4932e-02
42 0 +2.080315201e+00 +1.285031520e+01 +1.285031520e+01 +3.9609e-01 +1.4680e-01 +6.2359e-01 +4.5698e-01 -2.5498e-01
49 0 +1.979086987e+00 +1.274908699e+01 +1.274908699e+01 +3.7176e-01 +2.3081e-01 +1.7491e-01 +4.1453e-01 -4.7665e-02
50 0 +1.838471533e+00 +1.260847153e+01 +1.260847153e+01 +2.4139e-01 +2.3365e-01 +7.4464e-01 +5.9910e-01 -1.6568e-01
66 0 +1.395992437e+00 +1.216599244e+01 +1.216599244e+01 +3.8074e-01 +6.2776e-01 +6.0099e-01 +7.8585e-01 -1.9841e-01
69 0 +1.234141439e+00 +1.200414144e+01 +1.200414144e+01 +4.1229e-01 +1.8244e-01 +5.5058e-01 +7.0879e-01 -1.3294e-01
81 0 +7.824112911e-01 +1.155241129e+01 +1.155241129e+01 +6.1451e-01 +5.6610e-01 +6.8449e-01 +9.6538e-01 -2.9031e-01
95 0 +6.051605816e-01 +1.137516058e+01 +1.137516058e+01 +5.0160e-01 +1.1954e-01 +9.3090e-01 +1.2135e+00 -2.3124e-01
98 0 +4.838012198e-01 +1.125380122e+01 +1.125380122e+01 +6.0184e-01 -3.8381e-02 +6.1992e-01 +1.2805e+00 -5.1352e-02
110 0 +4.500233005e-01 +1.122002330e+01 +1.122002330e+01 +6.8278e-01 -2.1306e-01 +3.6952e-01 +1.3672e+00 +9.3774e-03
119 0 +3.515036749e-01 +1.112150367e+01 +1.112150367e+01 +1.2644e+00 +1.5465e-01 +5.3527e-01 +2.0104e+00 -2.4316e-01
123 0 +1.399282687e-01 +1.090992827e+01 +1.090992827e+01 +1.3503e+00 +5.4425e-01 +8.8926e-01 +2.4469e+00 -4.1666e-01
130 0 +4.435016034e-02 +1.081435016e+01 +1.081435016e+01 +1.6600e+00 -1.6734e-01 +7.2307e-01 +3.0359e+00 -3.2173e-01
201 0 +1.984246630e-02 +1.078984247e+01 +1.078984247e+01 +1.4228e+00 -1.4353e-01 +6.7388e-01 +2.7999e+00 -1.4454e-01
215 0 +1.372066140e-02 +1.078372066e+01 +1.078372066e+01 +1.5403e+00 -6.1226e-01 +5.7655e-01 +3.0362e+00 -9.3437e-02
221 0 +1.316530234e-02 +1.078316530e+01 +1.078316530e+01 +1.5915e+00 -3.6692e-01 +6.2550e-01 +2.9678e+00 -1.9801e-01
223 0 +1.164537487e-02 +1.078164537e+01 +1.078164537e+01 +1.3918e+00 -7.0282e-01 +4.5551e-01 +2.6921e+00 +5.6337e-03
277 0 +1.140101161e-02 +1.078140101e+01 +1.078140101e+01 +1.5196e+00 -7.8431e-01 +2.8797e-01 +2.7548e+00 +5.8334e-02
288 0 +4.486522678e-03 +1.077448652e+01 +1.077448652e+01 +1.5268e+00 -6.7184e-01 +3.0640e-01 +2.9006e+00 +4.6913e-02
289 0 +3.108795731e-03 +1.077310880e+01 +1.077310880e+01 +1.4750e+00 -7.5641e-01 +2.2220e-01 +2.7345e+00 +4.0663e-02
295 0 +2.559831412e-03 +1.077255983e+01 +1.077255983e+01 +1.5710e+00 -6.9523e-01 +2.9826e-01 +2.8815e+00 -2.0879e-02
298 0 +1.196166875e-03 +1.077119617e+01 +1.077119617e+01 +1.5893e+00 -7.5055e-01 +1.7079e-01 +2.8756e+00 +2.6832e-02
323 0 +8.610036339e-04 +1.077086100e+01 +1.077086100e+01 +1.6883e+00 -9.8445e-01 +3.6992e-02 +2.9718e+00 +9.3655e-02
336 0 +7.610494941e-04 +1.077076105e+01 +1.077076105e+01 +1.6569e+00 -9.5946e-01 +8.0389e-02 +2.9625e+00 +9.6887e-02
343 0 +2.329691565e-04 +1.077023297e+01 +1.077023297e+01 +1.6263e+00 -1.0749e+00 -1.6213e-01 +2.8337e+00 +1.8752e-01
347 0 +1.672107964e-04 +1.077016721e+01 +1.077016721e+01 +1.6558e+00 -1.1492e+00 -1.7811e-01 +2.9351e+00 +2.0140e-01
365 0 +1.215824956e-04 +1.077012158e+01 +1.077012158e+01 +1.6922e+00 -1.4069e+00 -4.0106e-01 +2.9255e+00 +2.9679e-01
372 0 +9.790103907e-05 +1.077009790e+01 +1.077009790e+01 +1.6700e+00 -1.3905e+00 -3.3183e-01 +2.9062e+00 +3.1127e-01
375 0 +9.488875624e-05 +1.077009489e+01 +1.077009489e+01 +1.7514e+00 -1.5142e+00 -4.5138e-01 +3.0083e+00 +3.6350e-01
377 0 +1.599165862e-05 +1.077001599e+01 +1.077001599e+01 +1.7005e+00 -1.4468e+00 -4.3503e-01 +2.9221e+00 +3.2675e-01
433 0 +1.904722833e-07 +1.077000019e+01 +1.077000019e+01 +1.7603e+00 -1.4608e+00 -4.1589e-01 +3.0354e+00 +3.1533e-01
489 0 +1.594682608e-07 +1.077000016e+01 +1.077000016e+01 +1.8001e+00 -1.5180e+00 -4.8174e-01 +3.0771e+00 +3.4027e-01
504 0 +1.594682608e-07 +1.077000016e+01 +1.077000016e+01 +1.8001e+00 -1.5180e+00 -4.8174e-01 +3.0771e+00 +3.4027e-01
% f evaluations | g evaluations | best noise-free fitness - Fopt (2.137000000000e+01) + sum g_i+ | measured fitness | best measured fitness or single-digit g-values | x1 | x2...
1 0 +7.337172236e+01 +9.474172236e+01 +9.474172236e+01 +3.3257e-04 -8.6864e-02 -3.3483e-01 -3.8649e-03 -1.1351e-01
3 0 +7.195025440e+01 +9.332025440e+01 +9.332025440e+01 +1.9077e-01 +5.2204e-01 +8.9006e-02 +2.1226e-01 +5.4687e-01
12 0 +6.865493128e+01 +9.002493128e+01 +9.002493128e+01 +4.0924e-01 +6.7842e-01 -3.5790e-01 +1.6540e-01 +7.0044e-01
21 0 +6.718650737e+01 +8.855650737e+01 +8.855650737e+01 +4.2108e-01 +1.4182e+00 -3.2047e-01 +6.9952e-01 +7.8274e-01
31 0 +6.517115488e+01 +8.654115488e+01 +8.654115488e+01 +1.1407e+00 +1.6361e+00 -4.7238e-01 +6.8810e-01 +8.7758e-01
36 0 +5.831580340e+01 +7.968580340e+01 +7.968580340e+01 +9.4270e-01 +1.7004e+00 -6.2343e-01 +1.1370e-01 +2.5988e-01
44 0 +5.544653385e+01 +7.681653385e+01 +7.681653385e+01 +6.9206e-01 +1.3421e+00 -1.0013e+00 -8.7787e-02 +1.3735e+00
59 0 +4.718505820e+01 +6.855505820e+01 +6.855505820e+01 +9.0679e-01 +2.0152e+00 -1.5145e+00 -6.6687e-01 +1.4160e+00
70 0 +4.134468758e+01 +6.271468758e+01 +6.271468758e+01 +1.1793e-01 +1.7397e+00 -1.5850e+00 -1.3966e+00 +1.3704e+00
87 0 +3.681640077e+01 +5.818640077e+01 +5.818640077e+01 +7.5902e-01 +1.9549e+00 -1.6196e+00 -1.2611e+00 +1.4016e+00
94 0 +3.321418933e+01 +5.458418933e+01 +5.458418933e+01 +1.1052e+00 +1.8775e+00 -1.6967e+00 -1.7404e+00 +1.3095e+00
110 0 +2.883597913e+01 +5.020597913e+01 +5.020597913e+01 +1.3822e+00 +1.1715e+00 -2.1041e+00 -1.4996e+00 +2.1093e+00
122 0 +2.694529191e+01 +4.831529191e+01 +4.831529191e+01 +8.2342e-01 +8.6449e-01 -2.6836e+00 -2.3756e+00 +2.5667e+00
141 0 +2.615825398e+01 +4.752825398e+01 +4.752825398e+01 +1.1443e+00 +1.1929e+00 -2.4803e+00 -2.6699e+00 +2.3937e+00
220 0 +2.566311687e+01 +4.703311687e+01 +4.703311687e+01 +8.0899e-01 +1.1411e+00 -2.3834e+00 -2.5293e+00 +2.4219e+00
504 0 +2.547699385e+01 +4.684699385e+01 +4.684699385e+01 +8.4848e-01 +1.4078e+00 -2.0603e+00 -2.9478e+00 +2.1962e+00
% f evaluations | g evaluations | best noise-free fitness - Fopt (1.673000000000e+01) + sum g_i+ | measured fitness | best measured fitness or single-digit g-values | x1 | x2...
1 0 +7.009337443e+01 +8.682337443e+01 +8.682337443e+01 +3.3257e-04 -8.6864e-02 -3.3483e-01 -3.8649e-03 -1.1351e-01
3 0 +6.516116929e+01 +8.189116929e+01 +8.189116929e+01 +1.9077e-01 +5.2204e-01 +8.9006e-02 +2.1226e-01 +5.4687e-01
7 0 +6.408140005e+01 +8.081140005e+01 +8.081140005e+01 -2.4776e-02 +7.3656e-01 -8.0165e-01 -2.7399e-01 -6.8197e-02
12 0 +5.624509003e+01 +7.297509003e+01 +7.297509003e+01 -2.7059e-01 +7.4509e-01 -3.7202e-01 -3.0651e-01 -4.9237e-01
19 0 +5.608976954e+01 +7.281976954e+01 +7.281976954e+01 -1.4502e-02 +6.0672e-01 -5.0482e-01 -4.6081e-01 -4.3285e-01
21 0 +4.201563516e+01 +5.874563516e+01 +5.874563516e+01 -2.8310e-01 +1.0588e+00 -8.6654e-01 -4.8231e-01 -5.7477e-01
27 0 +3.210432621e+01 +4.883432621e+01 +4.883432621e+01 -5.5245e-01 +1.2457e+00 -3.6275e-01 -3.5144e-01 -1.1102e+00
29 0 +3.158105094e+01 +4.831105094e+01 +4.831105094e+01 +5.7922e-03 +1.6456e+00 -8.0152e-01 -7.3786e-01 -6.6166e-01
34 0 +2.366980040e+01 +4.039980040e+01 +4.039980040e+01 -6.8411e-01 +2.1785e+00 -6.0456e-01 -4.2047e-01 -1.4754e+00
35 0 +1.062634728e+01 +2.735634728e+01 +2.735634728e+01 +2.5558e-01 +1.6801e+00 -5.0604e-01 -1.4813e+00 -1.6309e+00
55 0 +6.728050881e+00 +2.345805088e+01 +2.345805088e+01 -1.9300e-01 +2.7970e+00 -1.8861e+00 -1.0093e+00 -1.8136e+00
56 0 +6.332759352e+00 +2.306275935e+01 +2.306275935e+01 +4.6184e-02 +2.1529e+00 -1.4988e+00 -1.3973e+00 -1.4358e+00
61 0 +2.592010524e+00 +1.932201052e+01 +1.932201052e+01 -3.9353e-01 +2.5070e+00 -1.8746e+00 -1.8720e+00 -1.7670e+00
80 0 +1.990829872e+00 +1.872082987e+01 +1.872082987e+01 -2.2119e-01 +2.5083e+00 -2.2595e+00 -1.5410e+00 -2.6017e+00
84 0 +1.808239151e+00 +1.853823915e+01 +1.853823915e+01 +2.7684e-01 +2.4440e+00 -1.6040e+00 -1.0184e+00 -2.4105e+00
99 0 +1.371469484e+00 +1.810146948e+01 +1.810146948e+01 -1.6540e-01 +2.3308e+00 -1.9235e+00 -1.2696e+00 -2.5656e+00
112 0 +1.267205567e+00 +1.799720557e+01 +1.799720557e+01 -5.0626e-01 +2.1081e+00 -2.2280e+00 -8.4676e-01 -2.5475e+00
153 0 +1.013831507e+00 +1.774383151e+01 +1.774383151e+01 -1.7430e-01 +2.0827e+00 -2.0713e+00 -5.1208e-01 -2.6707e+00
169 0 +9.374316104e-01 +1.766743161e+01 +1.766743161e+01 -1.8391e-01 +2.0732e+00 -2.1447e+00 -7.5780e-01 -2.4792e+00
172 0 +8.941498295e-01 +1.762414983e+01 +1.762414983e+01 -2.3952e-01 +2.0459e+00 -2.0517e+00 -7.2607e-01 -2.6247e+00
183 0 +7.546369723e-01 +1.748463697e+01 +1.748463697e+01 -6.3360e-03 +2.1147e+00 -2.0599e+00 -6.8029e-01 -2.6098e+00
201 0 +7.309931841e-01 +1.746099318e+01 +1.746099318e+01 -3.6581e-03 +2.1512e+00 -2.0807e+00 -7.9612e-01 -2.5526e+00
214 0 +7.201406882e-01 +1.745014069e+01 +1.745014069e+01 +6.4606e-02 +2.1818e+00 -1.9434e+00 -9.1012e-01 -2.5196e+00
270 0 +6.990969900e-01 +1.742909699e+01 +1.742909699e+01 +1.8225e-02 +2.1507e+00 -1.9910e+00 -8.4323e-01 -2.6202e+00
504 0 +6.918617294e-01 +1.742186173e+01 +1.742186173e+01 +6.5874e-02 +2.1656e+00 -1.9866e+00 -8.1274e-01 -2.6212e+00
% f evaluations | g evaluations | best noise-free fitness - Fopt (1.000000000000e+03) + sum g_i+ | measured fitness | best measured fitness or single-digit g-values | x1 | x2...
1 0 +7.019433399e+01 +1.070194334e+03 +1.070194334e+03 +3.3257e-04 -8.6864e-02 -3.3483e-01 -3.8649e-03 -1.1351e-01
3 0 +6.252572405e+01 +1.062525724e+03 +1.062525724e+03 +1.9077e-01 +5.2204e-01 +8.9006e-02 +2.1226e-01 +5.4687e-01
11 0 +4.588773868e+01 +1.045887739e+03 +1.045887739e+03 +3.1490e-01 +9.7723e-01 +4.7699e-01 +1.3207e+00 +5.5103e-01
27 0 +2.881461066e+01 +1.028814611e+03 +1.028814611e+03 +1.1787e+00 +1.2667e+00 +9.5382e-02 +1.2309e+00 +2.8556e-01
36 0 +2.802663865e+01 +1.028026639e+03 +1.028026639e+03 +6.2133e-01 +2.0100e+00 -1.3031e-01 +8.0744e-01 +2.1434e-01
43 0 +2.024883218e+01 +1.020248832e+03 +1.020248832e+03 +1.7057e+00 +1.5875e+00 -1.7221e-01 +1.7356e+00 +1.3385e-02
48 0 +1.892754733e+01 +1.018927547e+03 +1.018927547e+03 +1.4470e+00 +2.2829e+00 +3.8507e-01 +9.0205e-01 -9.8928e-02
49 0 +1.026435616e+01 +1.010264356e+03 +1.010264356e+03 +2.6723e+00 +2.2395e+00 +2.0384e-01 +2.3312e+00 -7.6022e-01
83 0 +1.013595408e+01 +1.010135954e+03 +1.010135954e+03 +2.4319e+00 +2.7436e+00 +2.8249e-01 +1.6486e+00 -3.9923e-03
141 0 +9.570983022e+00 +1.009570983e+03 +1.009570983e+03 +2.3297e+00 +2.3985e+00 +3.2928e-01 +2.1546e+00 -4.6936e-01
157 0 +9.182657260e+00 +1.009182657e+03 +1.009182657e+03 +2.2975e+00 +2.6817e+00 -1.5548e-01 +2.0320e+00 -3.6481e-01
176 0 +8.870122941e+00 +1.008870123e+03 +1.008870123e+03 +2.5005e+00 +2.8746e+00 -5.3272e-02 +2.1662e+00 -3.6238e-01
504 0 +8.742766176e+00 +1.008742766e+03 +1.008742766e+03 +2.5905e+00 +2.7505e+00 +7.0481e-02 +2.2344e+00 -3.5910e-01
% f evaluations | g evaluations | best noise-free fitness - Fopt (-1.079600000000e+02) + sum g_i+ | measured fitness | best measured fitness or single-digit g-values | x1 | x2...
1 0 +6.275346239e+01 -4.520653761e+01 -4.520653761e+01 +3.3257e-04 -8.6864e-02 -3.3483e-01 -3.8649e-03 -1.1351e-01
2 0 +6.073633378e+01 -4.722366622e+01 -4.722366622e+01 -1.4434e-01 -4.5520e-01 -1.4726e-01 -7.2206e-02 -1.9439e-01
8 0 +5.709122732e+01 -5.086877268e+01 -5.086877268e+01 +8.0795e-02 +3.3914e-01 +3.1273e-01 +3.9115e-01 +4.1684e-01
9 0 +5.560697058e+01 -5.235302942e+01 -5.235302942e+01 -1.6398e-02 +1.9380e-01 +2.8081e-02 +3.9235e-01 +2.5919e-01
12 0 +5.379126964e+01 -5.416873036e+01 -5.416873036e+01 -1.0444e-01 +2.6143e-01 +1.9327e-01 +5.6371e-01 +1.4783e-01
21 0 +5.267432762e+01 -5.528567238e+01 -5.528567238e+01 +3.4709e-02 +3.2643e-01 +1.6881e-01 +6.9651e-01 +3.6592e-01
25 0 +4.558757056e+01 -6.237242944e+01 -6.237242944e+01 -4.1944e-01 +2.4119e-01 -1.1365e-01 +6.9391e-01 +3.7846e-01
40 0 +4.242277922e+01 -6.553722078e+01 -6.553722078e+01 -1.4711e-01 +1.1341e-01 +1.5251e-01 +9.5764e-01 +3.6997e-01
41 0 +3.459364945e+01 -7.336635055e+01 -7.336635055e+01 -4.6548e-01 +8.9786e-02 -7.1010e-02 +1.1952e+00 +5.0804e-01
50 0 +2.710994192e+01 -8.085005808e+01 -8.085005808e+01 -7.3371e-01 -2.8557e-02 -4.0060e-03 +1.2454e+00 +7.5057e-01
57 0 +2.430435104e+01 -8.365564896e+01 -8.365564896e+01 -1.0913e+00 -5.4239e-02 -9.5919e-02 +2.1855e+00 +1.0260e+00
61 0 +2.353084820e+01 -8.442915180e+01 -8.442915180e+01 -9.1275e-01 -1.0183e-01 +4.2681e-02 +1.5606e+00 +7.4041e-01
69 0 +2.247932801e+01 -8.548067199e+01 -8.548067199e+01 -1.1108e+00 -6.9537e-02 -2.6798e-02 +1.4385e+00 +1.0398e+00
74 0 +2.205287942e+01 -8.590712058e+01 -8.590712058e+01 -7.0205e-01 -1.3773e-01 +2.1779e-01 +1.6642e+00 +1.2647e+00
75 0 +2.058624960e+01 -8.737375040e+01 -8.737375040e+01 -1.7735e+00 -7.7491e-02 -4.8123e-02 +1.3369e+00 +1.1772e+00
83 0 +2.009729474e+01 -8.786270526e+01 -8.786270526e+01 -1.6706e+00 -8.2747e-02 +1.4829e-01 +1.9084e+00 +1.6900e+00
87 0 +1.882307978e+01 -8.913692022e+01 -8.913692022e+01 -1.3875e+00 -8.5922e-02 +3.7303e-01 +2.1352e+00 +1.3729e+00
91 0 +1.780405536e+01 -9.015594464e+01 -9.015594464e+01 -1.6008e+00 -4.7039e-01 +1.0094e-02 +1.1643e+00 +1.1705e+00
97 0 +1.681374376e+01 -9.114625624e+01 -9.114625624e+01 -8.0184e-01 -8.1988e-01 +4.4636e-01 +1.5830e+00 +1.9721e+00
129 0 +1.647492531e+01 -9.148507469e+01 -9.148507469e+01 -1.2162e+00 -1.6133e+00 +1.6001e-01 +1.2597e+00 +1.4549e+00
132 0 +1.504058368e+01 -9.291941632e+01 -9.291941632e+01 -1.1836e+00 -9.2756e-01 +6.1362e-01 +2.2171e+00 +1.9393e+00
141 0 +1.338234991e+01 -9.457765009e+01 -9.457765009e+01 -1.3654e+00 -1.2922e+00 +2.3227e-01 +1.5942e+00 +1.4600e+00
147 0 +1.188556714e+01 -9.607443286e+01 -9.607443286e+01 -1.3363e+00 -1.1616e+00 +7.8304e-01 +1.8223e+00 +1.4925e+00
155 0 +1.158066963e+01 -9.637933037e+01 -9.637933037e+01 -1.8195e+00 -1.1220e+00 +6.3184e-01 +1.9954e+00 +1.4826e+00
223 0 +1.140947498e+01 -9.655052502e+01 -9.655052502e+01 -1.8348e+00 -1.0973e+00 +6.6686e-01 +1.9598e+00 +1.3171e+00
274 0 +1.120231615e+01 -9.675768385e+01 -9.675768385e+01 -1.7327e+00 -9.0717e-01 +6.8973e-01 +1.7731e+00 +1.4247e+00
504 0 +1.112566252e+01 -9.683433748e+01 -9.683433748e+01 -1.7846e+00 -1.0071e+00 +6.9408e-01 +1.7814e+00 +1.3965e+00
% f evaluations | g evaluations | best noise-free fitness - Fopt (-3.025900000000e+02) + sum g_i+ | measured fitness | best measured fitness or single-digit g-values | x1 | x2...
1 0 +1.837277121e+01 -2.842172288e+02 -2.842172288e+02 +3.3257e-04 -8.6864e-02 -3.3483e-01 -3.8649e-03 -1.1351e-01
6 0 +3.845791523e-02 -3.025515421e+02 -3.025515421e+02 -1.0657e-01 +6.2634e-02 +9.8525e-02 -1.4947e-01 -6.2756e-01
19 0 +9.161113882e-03 -3.025808389e+02 -3.025808389e+02 -1.6281e-01 +3.5598e-01 -5.0880e-01 -2.5608e-01 -2.5933e-01
71 0 +5.352283720e-03 -3.025846477e+02 -3.025846477e+02 +2.1704e-01 +1.2666e-02 -5.8136e-01 -1.4709e-01 -5.7117e-01
94 0 +3.774832493e-03 -3.025862252e+02 -3.025862252e+02 +3.1368e-01 -1.2547e-01 -9.6911e-01 -1.7422e-01 -5.1854e-01
99 0 +3.524259829e-03 -3.025864757e+02 -3.025864757e+02 +2.8620e-01 -4.3475e-02 -1.1328e+00 -1.0876e-01 -4.4113e-01
126 0 +2.922146900e-03 -3.025870779e+02 -3.025870779e+02 +5.1025e-01 -8.2087e-02 -1.3171e+00 -9.9916e-02 -4.7910e-01
130 0 +2.616351304e-03 -3.025873836e+02 -3.025873836e+02 +2.3915e-01 +1.9386e-01 -1.1495e+00 -1.5585e-02 -4.5172e-01
137 0 +2.905666662e-04 -3.025897094e+02 -3.025897094e+02 +4.2363e-01 +9.2100e-02 -1.6673e+00 -1.2463e-01 -3.1254e-01
174 0 +7.747391493e-05 -3.025899225e+02 -3.025899225e+02 +4.6238e-01 +2.2843e-02 -1.4943e+00 -1.3277e-01 -3.8647e-01
187 0 +2.568747709e-05 -3.025899743e+02 -3.025899743e+02 +3.6299e-01 +7.7110e-02 -1.5075e+00 -9.0261e-02 -3.3265e-01
201 0 +6.952296360e-06 -3.025899930e+02 -3.025899930e+02 +3.5302e-01 +1.2269e-01 -1.5893e+00 -1.0294e-01 -2.8316e-01
210 0 +6.072445217e-06 -3.025899939e+02 -3.025899939e+02 +3.4602e-01 +9.5912e-02 -1.5388e+00 -1.2891e-01 -2.9719e-01
214 0 +3.580786597e-06 -3.025899964e+02 -3.025899964e+02 +3.3685e-01 +7.5598e-02 -1.4702e+00 -1.5758e-01 -2.9014e-01
221 0 +1.609821538e-06 -3.025899984e+02 -3.025899984e+02 +3.4087e-01 +6.8670e-02 -1.5091e+00 -1.3759e-01 -2.9907e-01
253 0 +1.927734843e-07 -3.025899998e+02 -3.025899998e+02 +3.9634e-01 +6.2766e-02 -1.5510e+00 -1.2720e-01 -3.1909e-01
268 0 +1.189556542e-08 -3.025900000e+02 -3.025900000e+02 +4.0440e-01 +4.9000e-02 -1.5852e+00 -1.2664e-01 -3.1499e-01
325 0 +9.461700756e-09 -3.025900000e+02 -3.025900000e+02 +4.0957e-01 +4.8472e-02 -1.5850e+00 -1.2992e-01 -3.1459e-01
475 0 +7.389644452e-13 -3.025900000e+02 -3.025900000e+02 +4.0388e-01 +4.3165e-02 -1.5627e+00 -1.3191e-01 -3.1949e-01
504 0 +5.684341886e-14 -3.025900000e+02 -3.025900000e+02 +4.0596e-01 +4.2112e-02 -1.5650e+00 -1.3182e-01 -3.2016e-01
% f evaluations | g evaluations | best noise-free fitness - Fopt (-3.065500000000e+02) + sum g_i+ | measured fitness | best measured fitness or single-digit g-values | x1 | x2...
1 0 +5.988331662e+01 -2.466666834e+02 -2.466666834e+02 +3.3257e-04 -8.6864e-02 -3.3483e-01 -3.8649e-03 -1.1351e-01
4 0 +5.941203242e+01 -2.471379676e+02 -2.471379676e+02 +1.2923e-01 +4.6282e-01 -2.7022e-01 -4.1139e-02 +3.8929e-01
7 0 +5.423072147e+01 -2.523192785e+02 -2.523192785e+02 -2.4776e-02 +7.3656e-01 -8.0165e-01 -2.7399e-01 -6.8197e-02
10 0 +5.257254228e+01 -2.539774577e+02 -2.539774577e+02 +5.4084e-02 -3.0546e-01 -8.1653e-01 -2.0750e-01 +3.4731e-02
17 0 +4.988498099e+01 -2.566650190e+02 -2.566650190e+02 +9.9735e-02 +1.4797e-01 -9.0765e-01 -6.0119e-01 +4.1078e-02
23 0 +4.840874357e+01 -2.581412564e+02 -2.581412564e+02 +6.3219e-01 +5.6570e-01 -7.5793e-01 -5.6273e-01 +2.3324e-01
27 0 +4.329097296e+01 -2.632590270e+02 -2.632590270e+02 +4.5214e-01 +5.0355e-02 -1.2804e+00 -9.7126e-01 +3.4443e-01
53 0 +3.916479374e+01 -2.673852063e+02 -2.673852063e+02 +1.4342e+00 +6.2066e-01 -1.0954e+00 -1.7534e+00 +5.8404e-01
65 0 +3.695968857e+01 -2.695903114e+02 -2.695903114e+02 +1.0116e+00 +6.3315e-01 -1.2648e+00 -1.9500e+00 +6.3097e-01
81 0 +3.570962442e+01 -2.708403756e+02 -2.708403756e+02 +2.3171e+00 +5.4203e-02 -1.7844e+00 -2.3014e+00 +7.1838e-01
82 0 +3.421995294e+01 -2.723300471e+02 -2.723300471e+02 +2.7113e+00 +2.0455e-01 -1.8972e+00 -2.3810e+00 +4.2766e-01
99 0 +3.267843155e+01 -2.738715685e+02 -2.738715685e+02 +3.1724e+00 +8.2362e-01 -1.8330e+00 -2.5179e+00 +4.0881e-01
110 0 +3.125626249e+01 -2.752937375e+02 -2.752937375e+02 +3.2913e+00 +6.5312e-01 -1.8318e+00 -3.1033e+00 +7.3668e-01
157 0 +3.079855884e+01 -2.757514412e+02 -2.757514412e+02 +3.8762e+00 +6.9386e-01 -2.0392e+00 -2.7200e+00 +5.8354e-01
234 0 +3.013115387e+01 -2.764188461e+02 -2.764188461e+02 +3.7862e+00 +8.3543e-01 -2.1958e+00 -3.3246e+00 +6.7832e-01
504 0 +3.008223316e+01 -2.764677668e+02 -2.764677668e+02 +3.7993e+00 +8.2416e-01 -2.1678e+00 -3.2387e+00 +6.8009e-01
