% f evaluations | g evaluations | best noise-free fitness - Fopt (-1.025500000000e+02) + sum g_i+ | measured fitness | best measured fitness or single-digit g-values | x1 | x2...
1 0 +1.385546823e+01 -8.869453177e+01 -8.869453177e+01 -9.3535e-02 +2.1870e-01 +6.5347e-02 -2.6973e-01 -7.4605e-01 +2.7398e-01 +3.3813e-01 -4.5424e-01 +4.9181e-01 -1.2897e-01
2 0 +8.876008310e+00 -9.367399169e+01 -9.367399169e+01 +7.8938e-01 +1.8055e-01 -1.0077e-01 +3.7133e-01 +3.3339e-02 +3.8746e-02 +2.2839e-02 -4.6540e-02 +1.9028e-01 +2.4321e-01
5 0 +6.161233347e+00 -9.638876665e+01 -9.638876665e+01 +4.1551e-01 -1.5589e-01 -2.3405e-01 +2.8669e-01 -3.8022e-02 -4.1059e-01 +3.6556e-01 -2.5726e-01 -1.6845e-01 -3.1007e-01
42 0 +4.137540397e+00 -9.841245960e+01 -9.841245960e+01 +5.7522e-01 +3.0679e-01 -2.0302e-01 +8.7443e-01 +1.3744e-01 +3.0284e-02 -2.6683e-01 -8.4592e-01 -1.2181e-01 +2.6862e-01
555 0 +3.353639735e+00 -9.919636026e+01 -9.919636026e+01 +6.4802e-01 -6.0060e-02 +7.2407e-01 +8.9489e-01 +1.0335e+00 +4.2625e-01 +1.0420e+00 -1.1751e+00 +3.1230e-01 -1.4320e-01
992 0 +2.480284645e+00 -1.000697154e+02 -1.000697154e+02 +1.3119e+00 -1.0291e+00 +6.0562e-01 +1.1522e+00 +9.9053e-01 +2.5441e-01 +6.8645e-01 -2.1262e-01 +5.9586e-02 -2.9221e-01
1010 0 +2.480284645e+00 -1.000697154e+02 -1.000697154e+02 +1.3119e+00 -1.0291e+00 +6.0562e-01 +1.1522e+00 +9.9053e-01 +2.5441e-01 +6.8645e-01 -2.1262e-01 +5.9586e-02 -2.9221e-01
% f evaluations | g evaluations | best noise-free fitness - Fopt (7.169000000000e+01) + sum g_i+ | measured fitness | best measured fitness or single-digit g-values | x1 | x2...
1 0 +1.226273092e+01 +8.395273092e+01 +8.395273092e+01 -9.3535e-02 +2.1870e-01 +6.5347e-02 -2.6973e-01 -7.4605e-01 +2.7398e-01 +3.3813e-01 -4.5424e-01 +4.9181e-01 -1.2897e-01
3 0 +7.114638187e+00 +7.880463819e+01 +7.880463819e+01 +1.0644e-01 +5.4378e-01 -4.0695e-01 -1.3909e-01 +2.4740e-01 -3.5294e-01 +4.6936e-01 +2.1382e-01 -5.4304e-02 +1.6027e-01
18 0 +6.537757217e+00 +7.822775722e+01 +7.822775722e+01 +9.2394e-02 +4.6078e-01 -2.4644e-01 -1.0285e-01 +6.0535e-02 +4.6267e-01 +3.2730e-01 -5.6914e-02 +3.8590e-01 +2.6611e-01
19 0 +5.462396640e+00 +7.715239664e+01 +7.715239664e+01 +1.0198e-01 +6.0293e-01 -2.8003e-01 +2.9501e-01 +1.8930e-01 -8.8889e-02 +7.9511e-01 +2.5028e-01 +4.7277e-01 +4.9250e-01
45 0 +4.221818196e+00 +7.591181820e+01 +7.591181820e+01 +1.8545e-01 +3.9762e-01 -8.8226e-01 +4.8232e-01 -3.7856e-02 +8.5643e-02 +1.8925e-01 +5.0702e-01 +4.2115e-01 +1.8498e-01
369 0 +3.938367682e+00 +7.562836768e+01 +7.562836768e+01 -6.8004e-01 +6.8913e-02 +1.6072e-01 +3.0455e-02 -4.7305e-01 +9.1127e-04 +1.1186e+00 +5.0063e-01 +2.4984e-01 +3.4620e-01
513 0 +3.691199472e+00 +7.538119947e+01 +7.538119947e+01 -9.4595e-01 +1.9933e-01 +1.0390e-01 -1.3806e-01 -2.0644e-01 +3.5939e-01 +1.0345e+00 +9.9466e-01 +6.0830e-01 -8.0115e-02
662 0 +2.894977031e+00 +7.458497703e+01 +7.458497703e+01 -9.8914e-01 -1.7395e-01 +5.5566e-02 -2.2290e-02 -1.3918e-01 +1.2201e-01 +4.5069e-01 +6.0334e-01 +2.5923e-01 -1.0009e-01
1010 0 +2.894977031e+00 +7.458497703e+01 +7.458497703e+01 -9.8914e-01 -1.7395e-01 +5.5566e-02 -2.2290e-02 -1.3918e-01 +1.2201e-01 +4.5069e-01 +6.0334e-01 +2.5923e-01 -1.0009e-01
% f evaluations | g evaluations | best noise-free fitness - Fopt (2.140100000000e+02) + sum g_i+ | measured fitness | best measured fitness or single-digit g-values | x1 | x2...
1 0 +1.308240409e+01 +2.270924041e+02 +2.270924041e+02 -9.3535e-02 +2.1870e-01 +6.5347e-02 -2.6973e-01 -7.4605e-01 +2.7398e-01 +3.3813e-01 -4.5424e-01 +4.9181e-01 -1.2897e-01
2 0 +8.547837248e+00 +2.225578372e+02 +2.225578372e+02 +7.8938e-01 +1.8055e-01 -1.0077e-01 +3.7133e-01 +3.3339e-02 +3.8746e-02 +2.2839e-02 -4.6540e-02 +1.9028e-01 +2.4321e-01
5 0 +7.520761174e+00 +2.215307612e+02 +2.215307612e+02 +4.1551e-01 -1.5589e-01 -2.3405e-01 +2.8669e-01 -3.8022e-02 -4.1059e-01 +3.6556e-01 -2.5726e-01 -1.6845e-01 -3.1007e-01
13 0 +7.412592571e+00 +2.214225926e+02 +2.214225926e+02 +4.2250e-01 -1.8027e-02 -1.3288e-01 +1.8687e-01 -1.1566e-01 -2.1544e-01 +1.9290e-02 -3.8489e-01 -5.8769e-01 -2.3652e-01
15 0 +4.765806699e+00 +2.187758067e+02 +2.187758067e+02 +6.9915e-01 +6.9544e-01 -5.9864e-01 +4.6762e-01 +5.2729e-01 -4.3398e-01 +4.3765e-02 -6.1156e-01 -1.4794e-01 -2.5240e-01
21 0 +3.927864488e+00 +2.179378645e+02 +2.179378645e+02 +1.2183e+00 -1.3588e-01 +5.3500e-01 +2.2265e-01 +1.8606e-02 -6.3771e-01 +1.6108e-01 -3.3066e-01 +1.2147e-02 +4.0686e-01
74 0 +3.428978574e+00 +2.174389786e+02 +2.174389786e+02 +5.6037e-01 +6.8538e-02 -2.7087e-01 +4.4910e-01 -5.0972e-01 -5.6667e-01 +1.8935e-01 +1.0718e+00 +3.4678e-02 -2.9583e-01
139 0 +2.488420878e+00 +2.164984209e+02 +2.164984209e+02 +4.2334e-01 +2.7787e-01 -8.8822e-01 +1.3468e+00 -5.0598e-01 -1.1766e+00 +3.7937e-01 +1.2189e+00 +3.1452e-01 -3.0340e-01
1010 0 +2.488420878e+00 +2.164984209e+02 +2.164984209e+02 +4.2334e-01 +2.7787e-01 -8.8822e-01 +1.3468e+00 -5.0598e-01 -1.1766e+00 +3.7937e-01 +1.2189e+00 +3.1452e-01 -3.0340e-01
% f evaluations | g evaluations | best noise-free fitness - Fopt (-5.848000000000e+01) + sum g_i+ | measured fitness | best measured fitness or single-digit g-values | x1 | x2...
1 0 +8.333848688e+00 -5.014615131e+01 -5.014615131e+01 -9.3535e-02 +2.1870e-01 +6.5347e-02 -2.6973e-01 -7.4605e-01 +2.7398e-01 +3.3813e-01 -4.5424e-01 +4.9181e-01 -1.2897e-01
4 0 +6.656113598e+00 -5.182388640e+01 -5.182388640e+01 -1.7598e-01 -4.4456e-01 +2.5718e-01 +2.8293e-01 +3.4333e-02 -6.5872e-03 -6.3816e-01 -2.5033e-01 -1.3966e-01 +7.0116e-02
7 0 +6.578335237e+00 -5.190166476e+01 -5.190166476e+01 +1.2789e-01 -2.2745e-01 -4.8711e-02 +2.1805e-01 +1.3323e-01 -2.5705e-01 +1.3408e-01 -3.0441e-01 -6.3972e-01 +5.2161e-02
13 0 +4.382100983e+00 -5.409789902e+01 -5.409789902e+01 +1.4428e-01 +2.8269e-02 +1.5885e-01 +1.1936e-01 +1.4968e-01 -9.5182e-02 +2.3578e-01 -2.6183e-01 -2.2383e-01 -1.9286e-01
51 0 +3.328324948e+00 -5.515167505e+01 -5.515167505e+01 -3.5280e-01 -2.5540e-01 -1.4190e-01 +4.5975e-01 +4.2223e-01 -4.9551e-02 +1.6741e-01 +1.4351e-01 -6.0750e-01 -1.1662e-01
1010 0 +3.328324948e+00 -5.515167505e+01 -5.515167505e+01 -3.5280e-01 -2.5540e-01 -1.4190e-01 +4.5975e-01 +4.2223e-01 -4.9551e-02 +1.6741e-01 +1.4351e-01 -6.0750e-01 -1.1662e-01
% f evaluations | g evaluations | best noise-free fitness - Fopt (-6.130800000000e+02) + sum g_i+ | measured fitness | best measured fitness or single-digit g-values | x1 | x2...
1 0 +9.814076931e+00 -6.032659231e+02 -6.032659231e+02 -9.3535e-02 +2.1870e-01 +6.5347e-02 -2.6973e-01 -7.4605e-01 +2.7398e-01 +3.3813e-01 -4.5424e-01 +4.9181e-01 -1.2897e-01
2 0 +9.140716928e+00 -6.039392831e+02 -6.039392831e+02 +7.8938e-01 +1.8055e-01 -1.0077e-01 +3.7133e-01 +3.3339e-02 +3.8746e-02 +2.2839e-02 -4.6540e-02 +1.9028e-01 +2.4321e-01
11 0 +6.643437702e+00 -6.064365623e+02 -6.064365623e+02 +8.6110e-01 +2.9014e-01 -3.6839e-01 +1.4768e-01 +8.1277e-02 -1.9994e-01 +2.8465e-02 -6.9634e-02 +3.2961e-01 -1.6558e-01
16 0 +5.806460067e+00 -6.072735399e+02 -6.072735399e+02 +7.1657e-01 -9.4635e-02 +1.1911e-01 +1.7681e-02 -1.4801e-01 +1.3574e-01 +6.8614e-01 -7.3175e-02 -3.4664e-01 +2.7009e-01
22 0 +4.768908901e+00 -6.083110911e+02 -6.083110911e+02 +7.8150e-02 +1.3902e-01 +3.7551e-01 +1.2558e-01 -4.5020e-01 -1.7526e-01 +4.9433e-01 +1.9680e-01 -2.2569e-01 -1.1233e-01
109 0 +3.754201068e+00 -6.093257989e+02 -6.093257989e+02 +3.4216e-02 -1.9314e-01 +1.0021e-01 +4.3882e-02 +2.3302e-01 -2.9882e-01 +6.4786e-01 -6.5993e-01 -2.2300e-01 +1.7000e-02
391 0 +3.389312179e+00 -6.096906878e+02 -6.096906878e+02 +2.1222e-01 -1.5097e-01 +3.9286e-02 -1.7437e-01 +4.6682e-01 -2.2530e-01 +3.4622e-01 -7.0633e-01 -5.9130e-01 +3.7844e-01
399 0 +3.298763484e+00 -6.097812365e+02 -6.097812365e+02 +3.2816e-01 -1.6171e-01 +5.6685e-02 -2.1812e-01 +2.8778e-01 -1.6819e-01 +2.7617e-01 -7.8487e-01 -5.5716e-01 +4.2207e-01
432 0 +2.851852347e+00 -6.102281477e+02 -6.102281477e+02 +2.9558e-01 -4.3230e-02 +1.5655e-01 -2.8323e-01 +1.6418e-01 -1.7761e-01 +3.9422e-01 -6.8180e-01 -5.6659e-01 +1.2173e-01
658 0 +2.124683531e+00 -6.109553165e+02 -6.109553165e+02 +3.4688e-01 -2.1842e-03 -2.2980e-03 -3.5853e-01 +1.2718e-01 -1.3299e-01 +8.0217e-02 -6.6643e-01 -7.0861e-01 +3.3561e-01
707 0 +1.262533909e+00 -6.118174661e+02 -6.118174661e+02 +2.8323e-01 -3.5419e-02 +2.9804e-02 -3.7283e-01 +5.7297e-02 -1.8122e-01 +5.3795e-02 -6.0113e-01 -7.6003e-01 +3.6497e-01
977 0 +8.073989465e-01 -6.122726011e+02 -6.122726011e+02 +4.4678e-01 +7.6890e-02 -3.7966e-02 -2.9702e-01 +7.3952e-02 -1.3766e-01 +9.9983e-02 -7.0511e-01 -7.2346e-01 +3.5408e-01
1010 0 +8.073989465e-01 -6.122726011e+02 -6.122726011e+02 +4.4678e-01 +7.6890e-02 -3.7966e-02 -2.9702e-01 +7.3952e-02 -1.3766e-01 +9.9983e-02 -7.0511e-01 -7.2346e-01 +3.5408e-01
% f evaluations | g evaluations | best noise-free fitness - Fopt (6.189000000000e+01) + sum g_i+ | measured fitness | best measured fitness or single-digit g-values | x1 | x2...
1 0 +1.006852401e+01 +7.195852401e+01 +7.195852401e+01 -9.3535e-02 +2.1870e-01 +6.5347e-02 -2.6973e-01 -7.4605e-01 +2.7398e-01 +3.3813e-01 -4.5424e-01 +4.9181e-01 -1.2897e-01
2 0 +8.364743303e+00 +7.025474330e+01 +7.025474330e+01 +7.8938e-01 +1.8055e-01 -1.0077e-01 +3.7133e-01 +3.3339e-02 +3.8746e-02 +2.2839e-02 -4.6540e-02 +1.9028e-01 +2.4321e-01
4 0 +5.901200411e+00 +6.779120041e+01 +6.779120041e+01 -1.7598e-01 -4.4456e-01 +2.5718e-01 +2.8293e-01 +3.4333e-02 -6.5872e-03 -6.3816e-01 -2.5033e-01 -1.3966e-01 +7.0116e-02
14 0 +5.827281284e+00 +6.771728128e+01 +6.771728128e+01 -4.6916e-02 +1.3992e-01 +1.0762e-01 -3.6148e-02 -8.3640e-02 +1.9211e-01 -4.7449e-04 -1.2192e-01 +2.3985e-02 +5.8491e-03
104 0 +5.418166967e+00 +6.730816697e+01 +6.730816697e+01 +2.3391e-01 +7.4754e-01 -1.8063e-02 -2.5191e-02 -2.0854e-01 +2.4823e-01 +1.0655e-01 -2.8013e-01 -8.8056e-03 +1.9838e-01
156 0 +5.222198201e+00 +6.711219820e+01 +6.711219820e+01 +5.7800e-01 +2.9720e-01 +3.3549e-01 +2.5137e-01 +2.8547e-01 -4.8903e-01 +4.9839e-01 +4.1808e-01 +2.0767e-01 +4.1855e-01
163 0 +2.821653887e+00 +6.471165389e+01 +6.471165389e+01 +4.3116e-01 +2.7636e-01 -2.6399e-02 +1.4022e-01 +1.1129e-01 -6.1775e-01 +2.4896e-01 +5.6560e-01 +1.2191e-01 +5.7475e-01
1010 0 +2.821653887e+00 +6.471165389e+01 +6.471165389e+01 +4.3116e-01 +2.7636e-01 -2.6399e-02 +1.4022e-01 +1.1129e-01 -6.1775e-01 +2.4896e-01 +5.6560e-01 +1.2191e-01 +5.7475e-01
% f evaluations | g evaluations | best noise-free fitness - Fopt (-8.456000000000e+01) + sum g_i+ | measured fitness | best measured fitness or single-digit g-values | x1 | x2...
1 0 +1.067926928e+01 -7.388073072e+01 -7.388073072e+01 -9.3535e-02 +2.1870e-01 +6.5347e-02 -2.6973e-01 -7.4605e-01 +2.7398e-01 +3.3813e-01 -4.5424e-01 +4.9181e-01 -1.2897e-01
3 0 +7.287552966e+00 -7.727244703e+01 -7.727244703e+01 +1.0644e-01 +5.4378e-01 -4.0695e-01 -1.3909e-01 +2.4740e-01 -3.5294e-01 +4.6936e-01 +2.1382e-01 -5.4304e-02 +1.6027e-01
4 0 +7.170427754e+00 -7.738957225e+01 -7.738957225e+01 -1.7598e-01 -4.4456e-01 +2.5718e-01 +2.8293e-01 +3.4333e-02 -6.5872e-03 -6.3816e-01 -2.5033e-01 -1.3966e-01 +7.0116e-02
13 0 +6.937262414e+00 -7.762273759e+01 -7.762273759e+01 +6.0771e-02 +9.8633e-02 +2.8132e-01 +2.3905e-01 +1.5542e-01 -3.1070e-01 +1.6390e-02 +4.0603e-02 +5.1746e-02 +7.0986e-02
18 0 +5.965304090e+00 -7.859469591e+01 -7.859469591e+01 -1.7080e-01 -1.1497e-01 +3.9116e-02 -6.5651e-02 +1.1911e-01 -2.6495e-01 -2.7036e-01 +1.9809e-01 +1.5106e-01 +1.5808e-01
22 0 +5.722039735e+00 -7.883796026e+01 -7.883796026e+01 -1.5266e-01 -2.7474e-01 +3.8346e-01 +4.0990e-01 -3.2430e-01 -6.6194e-02 -1.2565e-01 +3.1224e-01 +5.8066e-02 -8.1066e-02
31 0 +4.356331828e+00 -8.020366817e+01 -8.020366817e+01 -3.9035e-02 -2.4040e-01 +2.9844e-01 +1.4298e-01 -1.5886e-01 -4.3410e-01 -2.9385e-01 +1.6404e-01 -4.6439e-01 -1.4804e-01
32 0 +3.900442612e+00 -8.065955739e+01 -8.065955739e+01 +4.4957e-02 -5.7610e-02 -1.1114e-02 +2.4578e-01 +1.9671e-02 -7.7851e-02 -3.5304e-02 +3.3317e-01 -1.3899e-01 -1.3110e-01
87 0 +3.127991274e+00 -8.143200873e+01 -8.143200873e+01 +1.6820e-02 -1.3734e-01 +5.4025e-01 -1.2011e-01 +4.4081e-01 -2.9131e-01 -6.1229e-01 +2.1769e-02 +7.7521e-02 -1.4679e-01
219 0 +2.166005229e+00 -8.239399477e+01 -8.239399477e+01 +5.4357e-02 -3.4372e-01 +3.0892e-01 -2.4332e-01 -7.7929e-02 -2.7432e-01 -4.8459e-01 -1.4934e-01 -1.2267e-01 +8.7912e-03
1010 0 +2.166005229e+00 -8.239399477e+01 -8.239399477e+01 +5.4357e-02 -3.4372e-01 +3.0892e-01 -2.4332e-01 -7.7929e-02 -2.7432e-01 -4.8459e-01 -1.4934e-01 -1.2267e-01 +8.7912e-03
% f evaluations | g evaluations | best noise-free fitness - Fopt (-2.602000000000e+01) + sum g_i+ | measured fitness | best measured fitness or single-digit g-values | x1 | x2...
1 0 +6.633750401e+00 -1.938624960e+01 -1.938624960e+01 -9.3535e-02 +2.1870e-01 +6.5347e-02 -2.6973e-01 -7.4605e-01 +2.7398e-01 +3.3813e-01 -4.5424e-01 +4.9181e-01 -1.2897e-01
4 0 +6.524576927e+00 -1.949542307e+01 -1.949542307e+01 -1.7598e-01 -4.4456e-01 +2.5718e-01 +2.8293e-01 +3.4333e-02 -6.5872e-03 -6.3816e-01 -2.5033e-01 -1.3966e-01 +7.0116e-02
49 0 +5.527840720e+00 -2.049215928e+01 -2.049215928e+01 -3.2710e-01 -3.7679e-01 -2.4876e-01 +1.1853e-01 -4.9622e-01 +4.3701e-01 -7.7851e-01 -9.0138e-02 +5.9715e-02 -4.7590e-01
51 0 +5.384337252e+00 -2.063566275e+01 -2.063566275e+01 -5.4677e-01 -5.9781e-01 -7.8503e-01 +4.8838e-01 -1.4279e-01 +1.1263e+00 -1.0260e+00 -1.7260e-01 +4.6537e-01 -6.6626e-01
351 0 +5.245140400e+00 -2.077485960e+01 -2.077485960e+01 +3.3651e-01 -1.9558e-02 -6.0517e-01 +9.5294e-01 -4.7737e-01 +4.9129e-01 -9.0287e-01 +5.5469e-01 +1.8914e+00 -3.8197e-01
520 0 +4.453176923e+00 -2.156682308e+01 -2.156682308e+01 +9.5569e-02 +4.4316e-02 -7.4849e-01 +8.7092e-01 -2.9802e-01 +5.2784e-01 -5.5293e-01 +9.4714e-01 +2.0954e+00 -6.1952e-01
972 0 +3.938807989e+00 -2.208119201e+01 -2.208119201e+01 -3.8206e-01 -4.1388e-01 -1.1263e+00 +2.7732e-01 -7.1607e-01 +7.3947e-01 -3.0269e-01 +1.0384e-01 +1.3345e+00 -1.5945e-01
1010 0 +3.938807989e+00 -2.208119201e+01 -2.208119201e+01 -3.8206e-01 -4.1388e-01 -1.1263e+00 +2.7732e-01 -7.1607e-01 +7.3947e-01 -3.0269e-01 +1.0384e-01 +1.3345e+00 -1.5945e-01
% f evaluations | g evaluations | best noise-free fitness - Fopt (-3.015000000000e+01) + sum g_i+ | measured fitness | best measured fitness or single-digit g-values | x1 | x2...
1 0 +7.045175453e+00 -2.310482455e+01 -2.310482455e+01 -9.3535e-02 +2.1870e-01 +6.5347e-02 -2.6973e-01 -7.4605e-01 +2.7398e-01 +3.3813e-01 -4.5424e-01 +4.9181e-01 -1.2897e-01
6 0 +6.541547657e+00 -2.360845234e+01 -2.360845234e+01 +1.0763e-01 +3.2211e-01 -1.1265e-01 +1.1891e-01 -1.4144e-01 +7.0100e-01 +4.5085e-01 -1.7864e-01 +1.5851e-01 +2.8196e-01
15 0 +6.120439280e+00 -2.402956072e+01 -2.402956072e+01 -3.8281e-01 +9.4023e-01 +2.8465e-01 -3.2258e-01 +9.5188e-02 +5.6633e-01 +1.8106e-02 +1.8120e-01 -2.4746e-01 +1.0346e-01
37 0 +5.113473701e+00 -2.503652630e+01 -2.503652630e+01 -1.6032e-01 -1.2535e-03 +7.1109e-01 -5.0852e-02 +6.9147e-02 +3.4686e-02 +6.3575e-01 -6.2583e-01 -1.5477e-01 +6.3063e-01
48 0 +3.168048720e+00 -2.698195128e+01 -2.698195128e+01 -1.4894e-01 +5.0713e-01 +4.8992e-01 +6.7566e-02 +5.2480e-02 +1.5168e-01 +3.4836e-01 -7.5557e-01 +2.3987e-01 +4.4580e-01
1010 0 +3.168048720e+00 -2.698195128e+01 -2.698195128e+01 -1.4894e-01 +5.0713e-01 +4.8992e-01 +6.7566e-02 +5.2480e-02 +1.5168e-01 +3.4836e-01 -7.5557e-01 +2.3987e-01 +4.4580e-01
% f evaluations | g evaluations | best noise-free fitness - Fopt (-1.000000000000e+03) + sum g_i+ | measured fitness | best measured fitness or single-digit g-values | x1 | x2...
1 0 +1.143305427e+01 -9.885669457e+02 -9.885669457e+02 -9.3535e-02 +2.1870e-01 +6.5347e-02 -2.6973e-01 -7.4605e-01 +2.7398e-01 +3.3813e-01 -4.5424e-01 +4.9181e-01 -1.2897e-01
3 0 +1.051832370e+01 -9.894816763e+02 -9.894816763e+02 +1.0644e-01 +5.4378e-01 -4.0695e-01 -1.3909e-01 +2.4740e-01 -3.5294e-01 +4.6936e-01 +2.1382e-01 -5.4304e-02 +1.6027e-01
4 0 +7.635436397e+00 -9.923645636e+02 -9.923645636e+02 -1.7598e-01 -4.4456e-01 +2.5718e-01 +2.8293e-01 +3.4333e-02 -6.5872e-03 -6.3816e-01 -2.5033e-01 -1.3966e-01 +7.0116e-02
12 0 +5.209932983e+00 -9.947900670e+02 -9.947900670e+02 +4.2787e-01 -9.4591e-02 +6.1971e-02 +3.1413e-01 -6.6469e-02 -1.5857e-01 -3.8272e-01 -2.1509e-01 +2.6842e-01 -7.1374e-01
23 0 +4.979842420e+00 -9.950201576e+02 -9.950201576e+02 +7.7901e-02 -4.5851e-02 -9.3460e-02 +1.6318e-01 +4.3117e-01 +1.2728e-01 -5.7127e-01 -3.1013e-01 +9.6981e-02 -7.9898e-03
57 0 +4.417487305e+00 -9.955825127e+02 -9.955825127e+02 +8.6246e-02 -7.8805e-01 +1.1433e-01 +4.9381e-01 +3.1592e-01 -4.4858e-02 -6.4142e-01 -1.6046e-01 +4.4105e-01 -5.0748e-01
163 0 +2.413700981e+00 -9.975862990e+02 -9.975862990e+02 -1.0247e-01 -6.9274e-01 -4.4145e-02 +5.0621e-01 +3.5583e-01 -6.5241e-03 -5.7325e-01 -1.0053e-01 +6.9765e-02 -4.2656e-01
472 0 +2.287321031e+00 -9.977126790e+02 -9.977126790e+02 -1.2928e-01 -2.8659e-01 -9.0984e-02 +2.3520e-01 +3.2969e-01 +2.2427e-01 -2.7468e-01 -2.2336e-02 +6.0337e-02 -3.5938e-01
490 0 +1.267606833e+00 -9.987323932e+02 -9.987323932e+02 -1.2933e-01 -3.2535e-01 -1.2171e-01 +2.5251e-01 +3.6753e-01 +2.1651e-01 -3.1334e-01 -1.0238e-02 +7.9380e-02 -3.2174e-01
560 0 +1.031456106e+00 -9.989685439e+02 -9.989685439e+02 -1.7386e-01 -3.8728e-01 -2.0732e-01 +2.9562e-01 +4.0234e-01 +2.4138e-01 -2.6055e-01 +6.4203e-02 +1.0749e-01 -3.3232e-01
673 0 +7.736737978e-01 -9.992263262e+02 -9.992263262e+02 -1.9762e-01 -3.6258e-01 -1.5647e-01 +2.5947e-01 +4.2239e-01 +2.9320e-01 -2.0341e-01 +4.0420e-02 +6.9088e-02 -3.3634e-01
761 0 +5.600947707e-01 -9.994399052e+02 -9.994399052e+02 -2.2185e-01 -4.0094e-01 -1.7808e-01 +3.5116e-01 +3.9014e-01 +2.3067e-01 -3.0064e-01 +7.4397e-02 +1.3527e-01 -3.7424e-01
798 0 +2.631406946e-01 -9.997368593e+02 -9.997368593e+02 -1.8075e-01 -4.0391e-01 -1.6298e-01 +3.3855e-01 +3.5332e-01 +2.3788e-01 -2.6753e-01 +4.8993e-02 +1.1949e-01 -3.8468e-01
1010 0 +2.631406946e-01 -9.997368593e+02 -9.997368593e+02 -1.8075e-01 -4.0391e-01 -1.6298e-01 +3.3855e-01 +3.5332e-01 +2.3788e-01 -2.6753e-01 +4.8993e-02 +1.1949e-01 -3.8468e-01
% f evaluations | g evaluations | best noise-free fitness - Fopt (-9.243000000000e+02) + sum g_i+ | measured fitness | best measured fitness or single-digit g-values | x1 | x2...
1 0 +1.127894769e+01 -9.130210523e+02 -9.130210523e+02 -9.3535e-02 +2.1870e-01 +6.5347e-02 -2.6973e-01 -7.4605e-01 +2.7398e-01 +3.3813e-01 -4.5424e-01 +4.9181e-01 -1.2897e-01
2 0 +5.037941625e+00 -9.192620584e+02 -9.192620584e+02 +7.8938e-01 +1.8055e-01 -1.0077e-01 +3.7133e-01 +3.3339e-02 +3.8746e-02 +2.2839e-02 -4.6540e-02 +1.9028e-01 +2.4321e-01
54 0 +4.484877241e+00 -9.198151228e+02 -9.198151228e+02 +2.7589e-01 +5.4203e-02 -1.4070e-01 +1.8831e-01 +2.5195e-01 +2.4167e-01 -7.4139e-03 +1.3070e-01 +3.7112e-01 +4.3726e-02
119 0 +3.071022100e+00 -9.212289779e+02 -9.212289779e+02 +2.4139e-01 +4.7139e-01 -2.0156e-01 +4.0725e-01 -3.3862e-01 +2.3446e-02 -6.6084e-02 -7.8740e-02 +2.5685e-03 +3.7120e-01
297 0 +2.652674582e+00 -9.216473254e+02 -9.216473254e+02 +1.0201e+00 +4.3966e-01 -1.9968e-01 -6.6162e-01 +5.1106e-02 -2.1118e-01 -1.9398e-01 +3.0860e-01 +2.6827e-01 -2.4293e-01
471 0 +1.782012791e+00 -9.225179872e+02 -9.225179872e+02 +6.5387e-01 +4.2308e-01 -5.5995e-02 -5.6630e-01 +3.5891e-01 -2.8659e-01 -2.1092e-02 +1.5000e-01 +4.6550e-01 -3.9944e-01
1010 0 +1.782012791e+00 -9.225179872e+02 -9.225179872e+02 +6.5387e-01 +4.2308e-01 -5.5995e-02 -5.6630e-01 +3.5891e-01 -2.8659e-01 -2.1092e-02 +1.5000e-01 +4.6550e-01 -3.9944e-01
% f evaluations | g evaluations | best noise-free fitness - Fopt (-1.035000000000e+01) + sum g_i+ | measured fitness | best measured fitness or single-digit g-values | x1 | x2...
1 0 +1.047214303e+01 +1.221430313e-01 +1.221430313e-01 -9.3535e-02 +2.1870e-01 +6.5347e-02 -2.6973e-01 -7.4605e-01 +2.7398e-01 +3.3813e-01 -4.5424e-01 +4.9181e-01 -1.2897e-01
2 0 +7.690583180e+00 -2.659416820e+00 -2.659416820e+00 +7.8938e-01 +1.8055e-01 -1.0077e-01 +3.7133e-01 +3.3339e-02 +3.8746e-02 +2.2839e-02 -4.6540e-02 +1.9028e-01 +2.4321e-01
5 0 +6.140067321e+00 -4.209932679e+00 -4.209932679e+00 +4.1551e-01 -1.5589e-01 -2.3405e-01 +2.8669e-01 -3.8022e-02 -4.1059e-01 +3.6556e-01 -2.5726e-01 -1.6845e-01 -3.1007e-01
22 0 +6.009936622e+00 -4.340063378e+00 -4.340063378e+00 +5.0781e-02 -1.7125e-01 +5.7291e-01 +2.2155e-01 -1.2626e-01 -1.3483e-01 +1.3820e-01 -4.0541e-02 -3.4976e-01 +3.3046e-01
23 0 +5.453098386e+00 -4.896901614e+00 -4.896901614e+00 -3.2688e-02 -8.2727e-03 -5.0548e-01 +1.9489e-01 -2.5032e-01 -4.8532e-01 -7.6174e-02 +3.7816e-02 -5.2317e-01 +1.7351e-01
28 0 +4.962549237e+00 -5.387450763e+00 -5.387450763e+00 +3.7910e-01 -4.2878e-02 +7.0561e-02 -3.4544e-02 +6.5009e-02 -5.1680e-01 +1.9066e-01 -9.8128e-01 -4.0900e-01 +1.0676e-01
224 0 +4.305209406e+00 -6.044790594e+00 -6.044790594e+00 -9.9676e-01 +1.2027e-01 -4.9446e-01 -3.5619e-02 -4.6639e-01 -4.2972e-01 +7.6236e-01 -1.1271e+00 +1.7047e-01 +2.4136e-01
321 0 +3.405996392e+00 -6.944003608e+00 -6.944003608e+00 -9.1002e-01 +7.4481e-02 -2.9235e-01 -1.0017e-01 +8.6775e-02 -5.3258e-01 +9.7411e-01 -9.4025e-01 +3.3447e-01 +6.1381e-01
436 0 +3.367694935e+00 -6.982305065e+00 -6.982305065e+00 -8.1619e-01 +2.1544e-01 -1.6014e-01 -1.1801e-01 +1.5418e-01 -3.5774e-01 +6.8223e-01 -9.6712e-01 +7.2047e-01 +6.6587e-01
613 0 +3.230776468e+00 -7.119223532e+00 -7.119223532e+00 -4.4263e-01 +1.8788e-01 -1.7188e-02 -1.7609e-01 +2.1249e-01 -2.0193e-01 +8.4868e-01 -1.0988e+00 +4.4496e-01 +8.3763e-01
641 0 +2.507911489e+00 -7.842088511e+00 -7.842088511e+00 -5.0596e-01 +1.7975e-01 -5.7285e-02 -1.6246e-01 +2.7716e-01 -2.8191e-01 +7.9155e-01 -1.0597e+00 +4.6658e-01 +7.7161e-01
938 0 +2.349124846e+00 -8.000875154e+00 -8.000875154e+00 -4.3730e-01 +2.2008e-01 -1.4843e-01 -5.8475e-02 +2.2596e-01 -2.0648e-01 +6.8566e-01 -1.0458e+00 +3.8130e-01 +8.1041e-01
1010 0 +2.349124846e+00 -8.000875154e+00 -8.000875154e+00 -4.3730e-01 +2.2008e-01 -1.4843e-01 -5.8475e-02 +2.2596e-01 -2.0648e-01 +6.8566e-01 -1.0458e+00 +3.8130e-01 +8.1041e-01
% f evaluations | g evaluations | best noise-free fitness - Fopt (-1.000000000000e+03) + sum g_i+ | measured fitness | best measured fitness or single-digit g-values | x1 | x2...
1 0 +8.387905269e+00 -9.916120947e+02 -9.916120947e+02 -9.3535e-02 +2.1870e-01 +6.5347e-02 -2.6973e-01 -7.4605e-01 +2.7398e-01 +3.3813e-01 -4.5424e-01 +4.9181e-01 -1.2897e-01
7 0 +5.415083679e+00 -9.945849163e+02 -9.945849163e+02 +1.2789e-01 -2.2745e-01 -4.8711e-02 +2.1805e-01 +1.3323e-01 -2.5705e-01 +1.3408e-01 -3.0441e-01 -6.3972e-01 +5.2161e-02
11 0 +4.430876792e+00 -9.955691232e+02 -9.955691232e+02 +6.7128e-03 +4.4635e-01 -8.8624e-02 +8.8561e-02 -3.9241e-01 +2.4813e-02 +5.0123e-02 +1.8857e-01 -1.8330e-01 +6.1206e-02
174 0 +3.214809364e+00 -9.967851906e+02 -9.967851906e+02 -2.6790e-02 +4.2214e-01 -3.6245e-01 +4.7893e-01 -1.0557e+00 +7.2912e-02 +3.1125e-01 -2.5051e-01 +9.0919e-02 +6.5332e-01
638 0 +2.800913568e+00 -9.971990864e+02 -9.971990864e+02 +6.2638e-01 -7.7679e-01 +2.2558e-01 +3.2453e-01 -4.5028e-01 -3.5183e-01 +3.2821e-01 -3.7318e-03 -2.3407e-01 +2.0779e-01
644 0 +2.296909209e+00 -9.977030908e+02 -9.977030908e+02 +6.0823e-01 -5.9648e-01 +1.1311e-01 +2.3015e-01 -4.0799e-01 -8.9409e-02 +2.7156e-01 -2.2842e-03 -1.1431e-01 +2.4566e-01
1010 0 +2.296909209e+00 -9.977030908e+02 -9.977030908e+02 +6.0823e-01 -5.9648e-01 +1.1311e-01 +2.3015e-01 -4.0799e-01 -8.9409e-02 +2.7156e-01 -2.2842e-03 -1.1431e-01 +2.4566e-01
% f evaluations | g evaluations | best noise-free fitness - Fopt (2.880000000000e+01) + sum g_i+ | measured fitness | best measured fitness or single-digit g-values | x1 | x2...
1 0 +6.986711306e+00 +3.578671131e+01 +3.578671131e+01 -9.3535e-02 +2.1870e-01 +6.5347e-02 -2.6973e-01 -7.4605e-01 +2.7398e-01 +3.3813e-01 -4.5424e-01 +4.9181e-01 -1.2897e-01
7 0 +6.274834637e+00 +3.507483464e+01 +3.507483464e+01 +1.2789e-01 -2.2745e-01 -4.8711e-02 +2.1805e-01 +1.3323e-01 -2.5705e-01 +1.3408e-01 -3.0441e-01 -6.3972e-01 +5.2161e-02
10 0 +5.877517727e+00 +3.467751773e+01 +3.467751773e+01 +1.5688e-01 -1.7756e-01 -1.4325e-01 +3.3759e-02 +5.7143e-01 +2.0825e-01 -5.8746e-03 +4.9887e-01 +9.1829e-03 -8.9254e-02
51 0 +5.521971226e+00 +3.432197123e+01 +3.432197123e+01 -6.5485e-01 -6.6359e-01 -3.1646e-02 +5.1696e-01 -2.1423e-01 -1.4336e-01 +6.6357e-01 -2.2823e-01 -5.4437e-01 -2.0393e-01
129 0 +5.419682719e+00 +3.421968272e+01 +3.421968272e+01 -3.5347e-01 -4.7413e-01 +2.2517e-01 +1.3680e-01 +1.6276e-01 -9.4474e-02 +3.3289e-01 -8.8966e-03 -3.6264e-02 +4.7174e-01
143 0 +5.210765252e+00 +3.401076525e+01 +3.401076525e+01 -8.0844e-01 -7.4950e-01 -4.9173e-01 -3.7019e-01 +2.6795e-01 -3.3015e-02 +3.9033e-01 -3.7247e-01 -6.9397e-01 +2.1537e-01
189 0 +4.360270546e+00 +3.316027055e+01 +3.316027055e+01 -7.6727e-01 -1.5392e-01 -3.5108e-01 -2.3969e-01 -1.2122e-01 +2.8675e-04 +5.1937e-01 -2.5545e-01 -8.4392e-01 +6.4971e-02
208 0 +3.072421051e+00 +3.187242105e+01 +3.187242105e+01 -5.0214e-01 +1.6219e-01 +5.9384e-02 +3.6258e-01 -1.5935e-01 -2.7222e-01 +3.0597e-01 -5.0340e-01 -9.2340e-01 +2.3611e-01
313 0 +2.808540889e+00 +3.160854089e+01 +3.160854089e+01 -3.6113e-01 -5.8293e-02 -1.2270e-01 +3.7069e-01 +2.9646e-01 +9.3673e-02 +2.7435e-01 -2.9327e-01 +7.9900e-02 +6.8237e-02
840 0 +2.644221765e+00 +3.144422176e+01 +3.144422176e+01 -1.2424e-01 -1.0914e-01 -7.3355e-02 +3.5058e-02 +4.0185e-01 +6.6395e-02 +2.5690e-01 -3.8078e-01 -1.2074e-01 +1.1251e-02
874 0 +2.259965862e+00 +3.105996586e+01 +3.105996586e+01 -1.3833e-01 -4.8753e-02 -1.1468e-01 +5.2393e-02 +3.5848e-01 +1.2496e-01 +2.6220e-01 -3.2479e-01 -8.9865e-02 -4.2046e-02
923 0 +7.986861602e-01 +2.959868616e+01 +2.959868616e+01 -1.6270e-01 -1.6840e-01 -1.7435e-01 +6.0472e-02 +3.5834e-01 +1.8897e-02 +2.9846e-01 -3.7618e-01 -2.5088e-02 +5.8948e-02
1010 0 +7.986861602e-01 +2.959868616e+01 +2.959868616e+01 -1.6270e-01 -1.6840e-01 -1.7435e-01 +6.0472e-02 +3.5834e-01 +1.8897e-02 +2.9846e-01 -3.7618e-01 -2.5088e-02 +5.8948e-02
% f evaluations | g evaluations | best noise-free fitness - Fopt (3.534000000000e+01) + sum g_i+ | measured fitness | best measured fitness or single-digit g-values | x1 | x2...
1 0 +9.886951945e+00 +4.522695194e+01 +4.522695194e+01 -9.3535e-02 +2.1870e-01 +6.5347e-02 -2.6973e-01 -7.4605e-01 +2.7398e-01 +3.3813e-01 -4.5424e-01 +4.9181e-01 -1.2897e-01
5 0 +5.330086832e+00 +4.067008683e+01 +4.067008683e+01 +4.1551e-01 -1.5589e-01 -2.3405e-01 +2.8669e-01 -3.8022e-02 -4.1059e-01 +3.6556e-01 -2.5726e-01 -1.6845e-01 -3.1007e-01
17 0 +5.222461117e+00 +4.056246112e+01 +4.056246112e+01 +1.2606e-02 -2.5359e-01 -1.3407e-01 -6.3088e-02 +1.5051e-01 -6.6799e-02 +9.8695e-02 -3.2227e-01 -2.6905e-01 -1.8042e-01
34 0 +4.838786966e+00 +4.017878697e+01 +4.017878697e+01 +5.4762e-01 -5.3798e-01 -9.9553e-02 -8.6264e-02 +5.4318e-02 +2.9778e-01 +8.1303e-03 +9.1061e-02 -2.0312e-01 +7.9223e-02
106 0 +3.171736503e+00 +3.851173650e+01 +3.851173650e+01 +3.6407e-01 -4.0315e-01 +5.0006e-01 +3.4812e-01 +3.5788e-01 +8.6744e-03 +5.2970e-01 +3.6518e-02 -5.0466e-01 -1.3136e-01
1010 0 +3.171736503e+00 +3.851173650e+01 +3.851173650e+01 +3.6407e-01 -4.0315e-01 +5.0006e-01 +3.4812e-01 +3.5788e-01 +8.6744e-03 +5.2970e-01 +3.6518e-02 -5.0466e-01 -1.3136e-01
