% f evaluations | g evaluations | best noise-free fitness - Fopt (-5.465000000000e+02) + sum g_i+ | measured fitness | best measured fitness or single-digit g-values | x1 | x2...
1 0 +1.001096213e+04 +9.464462130e+03 +9.464462130e+03 -6.3123e-01 -3.6522e-01 +3.6957e-02 +1.8330e-01 +6.6433e-01 +1.8770e-01 -3.2134e-01 +7.3281e-01 +2.9468e-01 +5.3218e-03
3 0 +4.385795408e+03 +3.839295408e+03 +3.839295408e+03 -1.6329e-03 +2.5815e-01 +3.4457e-01 -1.9245e-01 +2.9600e-02 -4.6826e-01 -2.4067e-01 +1.0904e-01 -3.3609e-01 +3.2031e-01
12 0 +2.674533391e+03 +2.128033391e+03 +2.128033391e+03 -1.7790e-01 +2.5002e-01 +5.5098e-01 -2.6387e-01 +2.3969e-01 -4.9520e-01 -3.9979e-01 -2.2130e-01 -8.0598e-01 +5.5768e-01
18 0 +1.515875056e+03 +9.693750555e+02 +9.693750555e+02 +1.2627e-01 -1.4123e-01 +6.6420e-01 -1.9965e-01 +2.4812e-01 -2.3110e-01 -9.5679e-02 +4.3137e-01 -3.5537e-01 +8.2532e-01
25 0 +1.015959691e+03 +4.694596910e+02 +4.694596910e+02 +2.5688e-01 -4.6392e-01 +9.6103e-01 -1.5546e-01 +3.7798e-01 -2.1910e-01 -3.1040e-01 +5.0392e-01 -5.6009e-01 +6.3097e-01
29 0 +1.539669020e+02 -3.925330980e+02 -3.925330980e+02 +3.2346e-01 -4.9837e-01 +6.1808e-01 -5.4659e-01 -1.4800e-01 -4.2596e-01 -4.0864e-01 +4.2860e-01 -7.6354e-01 +1.1027e+00
35 0 +4.739654186e+01 -4.991034581e+02 -4.991034581e+02 +7.3936e-01 -5.0601e-01 +1.2246e+00 -8.4527e-01 -2.3348e-01 -1.2861e-01 -6.2200e-01 +1.1029e+00 -6.2174e-01 +1.3774e+00
48 0 +4.263415438e+00 -5.422365846e+02 -5.422365846e+02 +4.5886e-01 -6.1321e-01 +7.2425e-01 -6.8400e-01 +7.4863e-01 -7.6257e-01 -3.6064e-01 +1.5086e+00 -1.3309e+00 +1.8212e+00
57 0 +3.721923896e+00 -5.427780761e+02 -5.427780761e+02 +5.6977e-01 -8.3225e-01 +9.2708e-01 -5.9534e-01 +7.6869e-01 -1.0099e+00 -1.0977e+00 +2.3193e+00 -1.1208e+00 +1.5503e+00
72 0 +3.598144383e+00 -5.429018556e+02 -5.429018556e+02 +1.2843e+00 -2.3413e-01 +3.8098e-01 -2.4622e+00 -2.1018e-01 -4.2800e-01 -1.6681e+00 +1.3330e+00 -6.9365e-01 +2.5288e+00
78 0 +3.182719998e+00 -5.433172800e+02 -5.433172800e+02 -3.4063e-01 +2.3174e-01 +6.3078e-01 -1.1665e+00 +2.2980e-01 -1.0604e+00 -1.1482e+00 +2.2401e+00 -4.2504e-01 +1.3635e+00
303 0 +3.091465495e+00 -5.434085345e+02 -5.434085345e+02 +6.8211e-01 -1.5669e-01 +1.2884e-03 -1.1226e+00 +1.6409e+00 -2.8635e-01 -1.5926e+00 +1.1385e+00 -1.9792e+00 +1.3216e+00
313 0 +3.075200407e+00 -5.434247996e+02 -5.434247996e+02 +6.9035e-01 -2.4913e-01 -3.4683e-02 -1.1320e+00 +1.6971e+00 -3.6572e-01 -1.6406e+00 +1.3122e+00 -1.8376e+00 +1.3395e+00
349 0 +2.955177375e+00 -5.435448226e+02 -5.435448226e+02 +5.1705e-01 -4.5478e-01 -2.1019e-02 -1.2053e+00 +1.7560e+00 -2.1803e-01 -1.7397e+00 +1.1268e+00 -1.9304e+00 +1.3829e+00
352 0 +2.765382766e+00 -5.437346172e+02 -5.437346172e+02 +6.1844e-01 -4.6700e-01 -5.4519e-02 -1.0693e+00 +1.8096e+00 -2.8711e-01 -1.7586e+00 +1.0488e+00 -1.9877e+00 +1.4394e+00
429 0 +2.661615568e+00 -5.438383844e+02 -5.438383844e+02 +6.6843e-01 -4.5134e-01 -2.4072e-02 -1.1662e+00 +1.6878e+00 -3.1225e-01 -1.7244e+00 +1.1045e+00 -1.9908e+00 +1.4835e+00
447 0 +2.603663611e+00 -5.438963364e+02 -5.438963364e+02 +6.0479e-01 -4.1855e-01 -9.7266e-02 -1.1079e+00 +1.7138e+00 -3.1465e-01 -1.7340e+00 +1.0589e+00 -1.9710e+00 +1.4616e+00
512 0 +2.559589441e+00 -5.439404106e+02 -5.439404106e+02 +6.1028e-01 -3.8510e-01 -7.2999e-02 -1.1298e+00 +1.6775e+00 -3.0609e-01 -1.7105e+00 +1.0930e+00 -1.9698e+00 +1.4155e+00
1000 0 +2.527011226e+00 -5.439729888e+02 -5.439729888e+02 +6.2144e-01 -3.9667e-01 -7.0449e-02 -1.1261e+00 +1.6991e+00 -2.9750e-01 -1.7321e+00 +1.0836e+00 -1.9698e+00 +1.4323e+00
% f evaluations | g evaluations | best noise-free fitness - Fopt (1.000000000000e+03) + sum g_i+ | measured fitness | best measured fitness or single-digit g-values | x1 | x2...
1 0 +9.635399713e+03 +1.063539971e+04 +1.063539971e+04 -2.5781e-01 -7.1423e-01 +5.6285e-01 -2.5777e-01 +1.5211e-01 -5.6227e-01 -3.5384e-01 -1.5872e-01 -2.2434e-01 +5.3613e-05
3 0 +8.747558439e+03 +9.747558439e+03 +9.747558439e+03 -3.8721e-01 -3.3678e-01 +2.6486e-01 +5.7214e-02 -5.5734e-01 +1.9270e-01 +1.4863e-02 +6.0913e-01 -7.7259e-03 +7.5835e-02
10 0 +8.217626222e+03 +9.217626222e+03 +9.217626222e+03 -1.5392e-01 +1.7357e-01 -2.2569e-01 -2.3287e-01 +1.5053e-01 -7.2075e-01 -1.2793e-01 +3.0311e-01 -2.3030e-01 -5.3091e-02
19 0 +6.140644629e+03 +7.140644629e+03 +7.140644629e+03 +1.1391e-01 +6.3408e-02 +3.9895e-01 -2.1996e-01 -1.6127e-02 -2.1215e-01 +2.3711e-01 +5.7687e-01 -1.5253e-01 -2.4308e-01
20 0 +5.576090308e+03 +6.576090308e+03 +6.576090308e+03 +3.0699e-02 +1.7957e-01 +2.7000e-01 +1.0203e-01 +4.1892e-01 -3.8001e-01 -1.6480e-02 +4.7775e-01 -4.5895e-02 -4.6214e-01
22 0 +4.141214482e+03 +5.141214482e+03 +5.141214482e+03 -3.1753e-01 -2.6151e-01 +3.4678e-01 +4.0394e-01 +3.5594e-02 -3.3006e-01 -1.0259e-01 +9.4869e-01 -2.8707e-01 -2.8691e-01
29 0 +3.481216726e+03 +4.481216726e+03 +4.481216726e+03 +3.4415e-01 -1.0783e-01 +4.3229e-01 -2.9293e-01 +3.6173e-01 -8.6051e-02 -5.6633e-01 +3.7328e-01 -4.3930e-01 -2.7443e-01
32 0 +2.322291354e+03 +3.322291354e+03 +3.322291354e+03 -2.1912e-01 -2.9743e-01 +2.3340e-01 +2.9546e-01 -4.5089e-02 -3.9696e-01 -1.4655e-01 +3.2114e-01 -8.0811e-01 -4.5883e-01
34 0 +1.282218966e+03 +2.282218966e+03 +2.282218966e+03 -1.9538e-01 +1.2191e-01 +8.6724e-01 -9.0023e-02 +2.3120e-01 +5.6925e-02 +3.9434e-02 +5.8407e-01 -6.6098e-01 -6.3910e-01
41 0 +7.283037635e+02 +1.728303764e+03 +1.728303764e+03 +2.8091e-01 +1.3208e-01 +7.1682e-01 -3.3969e-01 +7.7547e-01 -5.3284e-02 -6.1591e-01 +5.9041e-01 -8.2179e-01 -8.2552e-01
43 0 +4.580616913e+02 +1.458061691e+03 +1.458061691e+03 +4.2509e-01 +4.1146e-01 +2.4897e-01 -3.9489e-01 -2.1421e-02 -2.3995e-01 -6.0599e-01 +3.2748e-01 -8.6168e-01 -9.6718e-01
51 0 +3.744525783e+02 +1.374452578e+03 +1.374452578e+03 +4.7832e-01 +2.7427e-01 +3.5858e-01 -1.0744e-01 +2.1429e-01 +3.9647e-01 +4.6921e-02 +7.1883e-01 -9.4378e-01 -1.3276e+00
52 0 +1.671076784e+02 +1.167107678e+03 +1.167107678e+03 +3.0518e-01 -2.9111e-03 +3.4833e-01 -1.8030e-01 +2.2292e-01 +5.4039e-02 -5.2194e-01 +5.6589e-01 -1.1553e+00 -7.3143e-01
53 0 +1.411705908e+02 +1.141170591e+03 +1.141170591e+03 +5.8165e-01 +4.5381e-02 +1.3986e-01 -1.4010e-01 +2.6630e-01 +1.2891e-02 -5.4203e-01 +9.6628e-01 -1.0561e+00 -8.1897e-01
60 0 +2.278720581e+01 +1.022787206e+03 +1.022787206e+03 +8.9986e-01 +5.9851e-01 +2.6048e-01 -1.2632e-02 -9.9801e-03 +4.5899e-01 -5.2467e-01 +5.3275e-01 -9.7330e-01 -1.2018e+00
66 0 +4.490193554e+00 +1.004490194e+03 +1.004490194e+03 +6.6816e-01 +9.4731e-02 +3.1048e-01 -2.3553e-01 -2.2581e-01 +3.3710e-01 -8.3034e-01 +6.3543e-01 -1.0152e+00 -9.3562e-01
83 0 +4.242487133e+00 +1.004242487e+03 +1.004242487e+03 -2.2026e-01 -2.4367e-01 +4.0714e-02 +2.6205e-01 -3.7656e-01 +9.7814e-02 -9.9550e-01 +4.9159e-01 -1.7292e+00 -1.6920e+00
88 0 +3.799172906e+00 +1.003799173e+03 +1.003799173e+03 +7.4082e-02 -6.8816e-01 -1.6099e-01 -5.9894e-02 -6.2805e-01 +5.5764e-01 -5.3904e-01 +1.1190e+00 -1.2700e+00 -1.9217e+00
101 0 +3.393605634e+00 +1.003393606e+03 +1.003393606e+03 +2.5163e-01 +7.6052e-02 +2.1257e-01 -2.1952e-01 -8.3484e-01 +4.4310e-01 -1.2376e+00 +9.4973e-01 -1.6327e+00 -1.3058e+00
230 0 +3.352826470e+00 +1.003352826e+03 +1.003352826e+03 -1.2114e+00 -5.5767e-02 -1.0424e+00 -5.1250e-01 -1.3138e+00 +1.0064e+00 -1.0353e+00 +2.3592e+00 -1.9620e+00 -1.3260e+00
265 0 +2.997304258e+00 +1.002997304e+03 +1.002997304e+03 -2.1765e+00 -1.3880e-01 -1.5476e+00 +1.6524e-01 -2.5609e+00 +1.3891e+00 -1.0839e+00 +1.4623e+00 -1.9265e+00 -1.5932e+00
279 0 +2.940917189e+00 +1.002940917e+03 +1.002940917e+03 -2.0647e+00 -3.6415e-01 -1.7863e+00 +4.2058e-02 -1.6126e+00 +8.0843e-01 -7.2309e-01 +1.6893e+00 -1.8304e+00 -1.5985e+00
295 0 +2.711784626e+00 +1.002711785e+03 +1.002711785e+03 -2.1966e+00 -4.0062e-01 -1.6378e+00 +2.0896e-01 -2.6373e+00 +1.4305e+00 -7.4051e-01 +1.3194e+00 -1.3605e+00 -1.2095e+00
472 0 +2.666318855e+00 +1.002666319e+03 +1.002666319e+03 -2.1783e+00 -1.0772e+00 -1.9180e+00 +2.7807e-01 -1.9394e+00 +1.6109e+00 -1.2029e+00 +1.8795e+00 -1.4598e+00 -1.6887e+00
475 0 +2.607688803e+00 +1.002607689e+03 +1.002607689e+03 -2.1850e+00 -1.1253e+00 -1.9718e+00 +2.8356e-01 -1.9812e+00 +1.5100e+00 -1.0968e+00 +1.9467e+00 -1.5243e+00 -1.6607e+00
504 0 +2.452968544e+00 +1.002452969e+03 +1.002452969e+03 -2.1419e+00 -1.1378e+00 -2.0048e+00 +2.4690e-01 -2.0265e+00 +1.5836e+00 -1.1860e+00 +1.8812e+00 -1.5666e+00 -1.6794e+00
525 0 +2.390114826e+00 +1.002390115e+03 +1.002390115e+03 -2.1672e+00 -1.1501e+00 -2.0531e+00 +3.0724e-01 -2.0235e+00 +1.5666e+00 -1.1689e+00 +1.8798e+00 -1.5559e+00 -1.6592e+00
534 0 +2.314993516e+00 +1.002314994e+03 +1.002314994e+03 -2.1355e+00 -1.0970e+00 -2.0934e+00 +3.2901e-01 -2.0547e+00 +1.5673e+00 -1.1576e+00 +1.8884e+00 -1.5109e+00 -1.6692e+00
578 0 +2.266434204e+00 +1.002266434e+03 +1.002266434e+03 -2.1329e+00 -1.0822e+00 -2.0530e+00 +3.2831e-01 -2.0354e+00 +1.5705e+00 -1.1967e+00 +1.9112e+00 -1.5320e+00 -1.6837e+00
634 0 +2.237772724e+00 +1.002237773e+03 +1.002237773e+03 -2.1211e+00 -1.0732e+00 -2.0569e+00 +3.3012e-01 -2.0347e+00 +1.5567e+00 -1.2045e+00 +1.9042e+00 -1.5175e+00 -1.6907e+00
1000 0 +2.211107001e+00 +1.002211107e+03 +1.002211107e+03 -2.1052e+00 -1.0775e+00 -2.0582e+00 +3.4608e-01 -2.0672e+00 +1.5415e+00 -1.2087e+00 +1.8854e+00 -1.5209e+00 -1.6891e+00
% f evaluations | g evaluations | best noise-free fitness - Fopt (2.083800000000e+02) + sum g_i+ | measured fitness | best measured fitness or single-digit g-values | x1 | x2...
1 0 +1.723474723e+04 +1.744312723e+04 +1.744312723e+04 +1.1028e-02 +1.7548e-02 +4.4279e-01 -3.0044e-01 -4.9406e-01 -3.0033e-01 -2.5428e-01 -4.3940e-01 -1.9217e-01 -3.6912e-01
2 0 +7.449766359e+03 +7.658146359e+03 +7.658146359e+03 -5.6223e-01 +2.8106e-01 -3.1967e-01 -1.2794e-01 -4.9679e-02 -4.8298e-02 +2.9317e-01 -1.0264e-01 -2.4660e-01 +1.0828e-01
4 0 +7.112979968e+03 +7.321359968e+03 +7.321359968e+03 -3.6376e-01 +9.5821e-02 -1.8454e-01 +2.0498e-01 +8.1190e-01 +1.7639e-01 +1.2135e-01 +6.1368e-01 -9.8845e-02 +3.3347e-03
11 0 +3.380227142e+03 +3.588607142e+03 +3.588607142e+03 -8.5269e-01 +2.3629e-01 -8.1398e-01 +7.7781e-01 +4.5433e-01 +3.2039e-01 +1.5774e-01 +1.2362e-01 -4.3042e-01 +4.3352e-01
14 0 +2.101990940e+03 +2.310370940e+03 +2.310370940e+03 -7.0192e-02 +2.1462e-01 -1.0214e-01 -1.0535e-01 -6.9119e-02 -1.7530e-01 +3.2955e-01 +5.0816e-01 -3.5237e-01 +5.9462e-01
22 0 +1.519709032e+03 +1.728089032e+03 +1.728089032e+03 -2.6563e-02 -1.6370e-01 -2.6261e-01 +8.9242e-02 +5.0850e-01 -2.5484e-01 +5.3676e-01 +1.2803e-01 -4.5617e-01 +9.4919e-01
24 0 +1.529155428e+02 +3.612955428e+02 +3.612955428e+02 +3.0272e-01 +2.8593e-01 -3.0458e-01 +2.4262e-01 +1.5651e-01 +1.6484e-01 +2.4454e-01 +1.0773e+00 -5.9493e-01 +9.3662e-01
52 0 +4.238299807e+00 +2.126182998e+02 +2.126182998e+02 +7.8605e-01 +3.6425e-01 +4.8392e-01 -1.2747e-01 +3.8994e-02 +4.4953e-01 +4.4942e-01 +1.3637e+00 -6.3221e-01 +1.3453e+00
67 0 +3.487396426e+00 +2.118673964e+02 +2.118673964e+02 +1.2991e+00 +7.9486e-01 +4.3777e-01 -9.4760e-02 +2.4638e-01 +7.1231e-01 +7.6976e-01 +1.0203e+00 -1.6288e+00 +1.9390e+00
91 0 +3.234165826e+00 +2.116141658e+02 +2.116141658e+02 +6.5046e-01 +2.8738e-01 +5.5646e-01 +8.2147e-01 +1.7819e+00 +8.0790e-01 +1.3952e+00 +2.2399e+00 -1.5047e+00 +1.0746e+00
188 0 +3.044497776e+00 +2.114244978e+02 +2.114244978e+02 +1.5246e+00 +1.1841e+00 +1.3545e+00 +6.5616e-01 +7.9788e-01 +1.6614e+00 +1.3471e+00 +1.5985e+00 -2.1962e+00 +2.0800e+00
1000 0 +3.021815666e+00 +2.114018157e+02 +2.114018157e+02 +1.5177e+00 +1.1822e+00 +1.4901e+00 +7.3593e-01 +2.7903e-01 +1.4645e+00 +1.2285e+00 +1.2087e+00 -1.3482e+00 +1.7323e+00
% f evaluations | g evaluations | best noise-free fitness - Fopt (-1.449600000000e+02) + sum g_i+ | measured fitness | best measured fitness or single-digit g-values | x1 | x2...
1 0 +2.012115013e+04 +1.997619013e+04 +1.997619013e+04 +3.0853e-01 +3.3424e-01 -9.1112e-03 +4.4609e-02 +3.6332e-01 +1.9785e-01 +6.5199e-02 -3.9762e-01 +2.1747e-01 -4.3849e-01
2 0 +1.102200926e+04 +1.087704926e+04 +1.087704926e+04 +3.6867e-02 -3.6510e-02 -1.0778e-01 +1.4905e-01 -4.0395e-01 +4.6111e-02 +1.4257e-01 +6.0417e-01 +1.8077e-01 -1.1001e-01
4 0 +4.228684525e+03 +4.083724525e+03 +4.083724525e+03 +5.0136e-01 +1.0402e-01 +2.9457e-01 +1.3575e-01 -4.9426e-01 +6.2995e-01 +1.9078e-01 +6.0908e-02 -4.1517e-01 +4.6183e-01
16 0 +4.031391140e+03 +3.886431140e+03 +3.886431140e+03 +4.8590e-01 +4.3789e-01 +4.1381e-01 +8.5152e-02 +1.7660e-01 +1.7430e-01 -1.2600e-01 +9.3105e-02 -1.2702e-01 +7.0468e-01
19 0 +3.366596822e+03 +3.221636822e+03 +3.221636822e+03 +1.8864e-01 +3.1997e-01 +1.2946e-01 +1.6500e-01 +2.8986e-01 +5.2907e-01 +7.5732e-02 +1.4586e-01 -9.3519e-01 +2.2855e-01
27 0 +2.352400937e+03 +2.207440937e+03 +2.207440937e+03 +2.3432e-01 -1.0424e-01 +5.2812e-01 +8.0005e-02 +4.3021e-01 +6.9154e-01 +2.0264e-02 -1.3961e-01 -8.4042e-01 +9.2128e-01
29 0 +1.071571503e+03 +9.266115030e+02 +9.266115030e+02 +5.7488e-01 -3.1337e-01 +2.8843e-01 +3.7890e-01 -2.0396e-01 +6.1464e-01 -3.3198e-02 +1.3187e-01 -9.5467e-01 +1.0079e+00
40 0 +4.578841498e+02 +3.129241498e+02 +3.129241498e+02 +3.3132e-01 -1.4051e-01 +5.7949e-01 +7.3227e-02 +5.3788e-01 +8.5203e-01 -2.1546e-01 +5.3677e-01 -6.9398e-01 +8.3168e-01
46 0 +2.732078028e+01 -1.176392197e+02 -1.176392197e+02 +8.6697e-01 -3.9437e-01 +1.1686e+00 -3.9568e-01 +3.3088e-01 +3.5776e-01 -6.9756e-01 +6.6371e-01 -1.1838e+00 +1.0889e+00
50 0 +2.180897068e+01 -1.231510293e+02 -1.231510293e+02 +5.1930e-01 +1.0258e-02 +5.2681e-01 -3.5690e-01 -2.4877e-01 +7.8722e-01 -1.1149e+00 +5.0472e-01 -1.2365e+00 +7.9786e-01
64 0 +4.303729138e+00 -1.406562709e+02 -1.406562709e+02 +3.7850e-01 -3.1411e-01 +8.7843e-01 -6.4744e-01 -6.4379e-01 +1.3748e+00 -1.2476e+00 +8.9067e-01 -1.6156e+00 +1.1637e+00
72 0 +4.167357033e+00 -1.407926430e+02 -1.407926430e+02 -4.4148e-01 +1.8713e-01 +3.3021e-01 -4.5081e-01 -1.9483e-01 +1.1219e+00 -8.6600e-01 +1.9357e+00 -1.2894e+00 +8.5244e-01
90 0 +4.044833953e+00 -1.409151660e+02 -1.409151660e+02 -1.5873e+00 +3.1444e-01 +3.9848e-01 -1.5721e-01 -4.5436e-01 +1.1263e+00 -7.7680e-01 +1.4904e+00 -6.4562e-01 +1.6073e+00
106 0 +3.656577327e+00 -1.413034227e+02 -1.413034227e+02 -1.0257e+00 -2.9246e-01 +6.6525e-02 -6.6244e-01 -4.9228e-01 +1.8060e+00 -4.4566e-01 +1.0088e+00 -1.8379e+00 +1.6360e+00
121 0 +3.496762969e+00 -1.414632370e+02 -1.414632370e+02 +5.1321e-01 +5.8981e-02 +5.7986e-02 -6.0581e-01 -1.2354e+00 +1.4196e+00 -6.3971e-01 +9.4442e-01 -1.9608e+00 +1.2333e+00
201 0 +3.334202163e+00 -1.416257978e+02 -1.416257978e+02 -4.2803e-02 +5.8591e-01 -9.6785e-01 -8.4357e-01 -1.7058e+00 +1.2760e+00 -1.1522e+00 +1.6441e+00 -1.7706e+00 +1.0197e+00
228 0 +3.262605190e+00 -1.416973948e+02 -1.416973948e+02 +1.1823e-01 -4.4892e-02 -4.6003e-01 -1.0817e+00 -2.4424e+00 +1.4043e+00 -1.6624e+00 +1.7947e+00 -1.7686e+00 +1.6137e+00
256 0 +3.140193499e+00 -1.418198065e+02 -1.418198065e+02 +3.1837e-01 +4.5089e-01 -8.8946e-01 -1.2278e+00 -2.3642e+00 +1.4853e+00 -1.7262e+00 +1.7647e+00 -1.5220e+00 +1.2466e+00
323 0 +2.804123294e+00 -1.421558767e+02 -1.421558767e+02 +7.0132e-01 +3.9647e-01 -7.7528e-01 -9.0321e-01 -2.3862e+00 +1.4408e+00 -1.7409e+00 +1.6935e+00 -1.7977e+00 +1.7372e+00
409 0 +2.746984173e+00 -1.422130158e+02 -1.422130158e+02 +9.6093e-01 +2.1787e-01 -6.3412e-01 -1.0374e+00 -2.3549e+00 +1.4389e+00 -1.7204e+00 +1.7731e+00 -1.7974e+00 +1.8734e+00
494 0 +2.571186055e+00 -1.423888139e+02 -1.423888139e+02 +8.3099e-01 +3.0828e-01 -6.2748e-01 -1.2619e+00 -2.3171e+00 +1.4631e+00 -1.7080e+00 +1.7569e+00 -1.8528e+00 +1.7884e+00
503 0 +2.503163817e+00 -1.424568362e+02 -1.424568362e+02 +9.6578e-01 +3.0152e-01 -5.9077e-01 -1.2566e+00 -2.3367e+00 +1.4533e+00 -1.7425e+00 +1.7567e+00 -1.8197e+00 +1.8343e+00
517 0 +2.370541790e+00 -1.425894582e+02 -1.425894582e+02 +8.1648e-01 +3.1560e-01 -5.8943e-01 -1.2666e+00 -2.2780e+00 +1.4996e+00 -1.7331e+00 +1.7499e+00 -1.7801e+00 +1.8345e+00
554 0 +2.323554498e+00 -1.426364455e+02 -1.426364455e+02 +8.0528e-01 +3.5592e-01 -5.8437e-01 -1.2703e+00 -2.3007e+00 +1.4880e+00 -1.7566e+00 +1.7716e+00 -1.7982e+00 +1.8281e+00
582 0 +2.250955931e+00 -1.427090441e+02 -1.427090441e+02 +7.2659e-01 +3.4281e-01 -5.8860e-01 -1.2823e+00 -2.2941e+00 +1.4755e+00 -1.7348e+00 +1.7483e+00 -1.7912e+00 +1.8229e+00
597 0 +2.237896440e+00 -1.427221036e+02 -1.427221036e+02 +7.1517e-01 +3.4596e-01 -5.7308e-01 -1.2908e+00 -2.2955e+00 +1.4668e+00 -1.7428e+00 +1.7401e+00 -1.7913e+00 +1.8341e+00
665 0 +2.180732334e+00 -1.427792677e+02 -1.427792677e+02 +6.2519e-01 +4.0402e-01 -5.8425e-01 -1.2826e+00 -2.3100e+00 +1.4857e+00 -1.7447e+00 +1.7662e+00 -1.7907e+00 +1.8305e+00
1000 0 +2.152925089e+00 -1.428070749e+02 -1.428070749e+02 +6.2962e-01 +3.9124e-01 -6.0737e-01 -1.2719e+00 -2.3137e+00 +1.4818e+00 -1.7577e+00 +1.7498e+00 -1.8041e+00 +1.8358e+00
% f evaluations | g evaluations | best noise-free fitness - Fopt (-6.300000000000e+00) + sum g_i+ | measured fitness | best measured fitness or single-digit g-values | x1 | x2...
1 0 +1.623594981e+04 +1.622964981e+04 +1.622964981e+04 -3.6047e-01 -6.6885e-01 +3.4458e-02 -7.8042e-01 +3.5699e-01 -4.8312e-01 -4.4993e-01 +3.3372e-01 +1.3820e-01 -3.2966e-01
3 0 +9.993722578e+03 +9.987422578e+03 +9.987422578e+03 -1.4498e-01 +9.4789e-03 -8.3394e-01 -3.0388e-01 +6.2521e-01 -6.2036e-02 +9.1660e-02 -1.0483e-01 -2.9289e-01 +3.1180e-01
5 0 +6.306645243e+03 +6.300345243e+03 +6.300345243e+03 -6.3226e-02 -4.0888e-02 -2.9656e-01 -8.4555e-02 -6.7280e-02 +2.9182e-01 +1.7556e-01 -1.4134e-01 +2.9943e-01 +1.4485e-01
11 0 +5.749148721e+03 +5.742848721e+03 +5.742848721e+03 -1.6278e-01 +2.8643e-01 -1.9358e-01 +1.5022e-01 -4.0583e-01 +1.6385e-01 +1.4401e-01 -3.7377e-01 +2.0599e-01 +1.6623e-01
20 0 +2.780564738e+03 +2.774264738e+03 +2.774264738e+03 -7.7983e-02 +1.4074e-01 -6.7872e-02 -8.6658e-02 +9.9013e-02 +9.2972e-03 +1.5822e-01 -1.8730e-01 +5.9491e-01 +4.1770e-01
36 0 +2.384312014e+03 +2.378012014e+03 +2.378012014e+03 -1.8512e-01 +3.4635e-01 +3.2531e-01 +7.7487e-02 -3.3105e-01 +4.0933e-01 +2.0607e-01 -6.6779e-01 +6.0760e-01 +3.9676e-01
37 0 +1.054295498e+03 +1.047995498e+03 +1.047995498e+03 -4.8035e-01 -1.2407e-01 +4.2780e-01 +2.1802e-01 -4.6575e-01 +1.9450e-01 +1.0943e-02 -6.5985e-01 +5.5291e-01 +8.1964e-01
43 0 +9.279683087e+02 +9.216683087e+02 +9.216683087e+02 -6.9329e-01 +2.0057e-02 +8.6977e-01 +4.1081e-01 -3.6354e-01 +1.3089e-01 -1.2651e-01 -9.5783e-01 +6.1127e-01 +1.0855e+00
44 0 +4.533083222e+02 +4.470083222e+02 +4.470083222e+02 +1.1501e-02 +3.2936e-01 +5.2763e-01 +4.9326e-01 -5.3421e-01 +3.4257e-01 +2.9304e-01 -8.6866e-01 +6.2796e-01 +1.1271e+00
47 0 +1.900618180e+01 +1.270618180e+01 +1.270618180e+01 -4.4631e-02 +6.2698e-03 -1.6093e-01 +5.3062e-01 -4.4604e-01 -8.1544e-02 +3.8512e-01 -8.2997e-01 +8.0155e-01 +1.0333e+00
58 0 +1.846467405e+01 +1.216467405e+01 +1.216467405e+01 -4.1227e-01 -1.6373e-01 -4.5076e-01 +4.5022e-01 -8.6680e-02 -2.5801e-01 +4.1652e-01 -9.5464e-01 +1.2302e+00 +8.0801e-01
61 0 +4.801518024e+00 -1.498481976e+00 -1.498481976e+00 -7.7104e-01 -1.6385e-01 +1.3639e-01 +9.9912e-02 -1.4654e-01 -3.2678e-01 +4.0114e-01 -6.6887e-01 +1.5342e+00 +8.7078e-01
66 0 +4.191425894e+00 -2.108574106e+00 -2.108574106e+00 -2.9883e-01 -6.5636e-01 -2.4131e-02 +1.3143e-01 -5.9808e-01 -9.7291e-02 +9.2726e-01 -1.1079e+00 +1.2865e+00 +8.8176e-01
96 0 +3.248911391e+00 -3.051088609e+00 -3.051088609e+00 -2.8553e-01 -1.6877e+00 -5.0316e-01 -1.2254e-02 -9.3540e-01 -5.1691e-01 +1.9114e+00 -2.2590e+00 +1.1288e+00 +1.4194e+00
129 0 +3.197119120e+00 -3.102880880e+00 -3.102880880e+00 -1.5844e+00 -1.0149e+00 -7.8014e-01 -2.5817e-01 -2.0239e+00 -1.0438e+00 +1.2556e+00 -1.4323e+00 +2.3054e+00 +2.0978e+00
202 0 +2.607376625e+00 -3.692623375e+00 -3.692623375e+00 -6.5921e-01 -4.0040e-01 -1.6235e+00 -1.5457e-01 -1.9496e+00 -2.1648e+00 +8.4592e-01 -9.5867e-01 +1.6322e+00 +1.5563e+00
302 0 +2.554431758e+00 -3.745568242e+00 -3.745568242e+00 -1.6296e+00 +1.4111e-02 -1.2280e+00 -5.4654e-02 -2.1679e+00 -2.0138e+00 +4.5174e-01 -1.3950e+00 +1.3547e+00 +2.3479e+00
397 0 +2.341434364e+00 -3.958565636e+00 -3.958565636e+00 -1.6687e+00 +2.5227e-01 -9.1857e-01 -4.2433e-02 -1.9788e+00 -2.0537e+00 +3.9834e-01 -1.3717e+00 +1.3070e+00 +1.9538e+00
425 0 +2.248500197e+00 -4.051499803e+00 -4.051499803e+00 -1.5437e+00 +1.3022e-01 -8.7997e-01 -6.5288e-02 -1.7498e+00 -2.1131e+00 +4.3081e-01 -1.0636e+00 +1.1321e+00 +1.9663e+00
446 0 +2.044612243e+00 -4.255387757e+00 -4.255387757e+00 -1.5501e+00 +1.3293e-01 -8.9283e-01 -6.3319e-02 -1.8906e+00 -2.1374e+00 +3.3316e-01 -1.0436e+00 +1.0177e+00 +2.0660e+00
458 0 +1.976754608e+00 -4.323245392e+00 -4.323245392e+00 -1.5195e+00 +5.5762e-02 -9.4450e-01 -4.8676e-02 -1.8716e+00 -2.1391e+00 +4.1401e-01 -1.0729e+00 +1.0003e+00 +2.0272e+00
472 0 +1.840909104e+00 -4.459090896e+00 -4.459090896e+00 -1.5888e+00 +6.3217e-02 -9.8765e-01 -3.5388e-02 -2.0065e+00 -2.0636e+00 +4.6713e-01 -1.0656e+00 +1.0987e+00 +2.0137e+00
509 0 +1.685053268e+00 -4.614946732e+00 -4.614946732e+00 -1.5686e+00 +1.1426e-01 -9.4800e-01 -6.8400e-02 -2.0083e+00 -2.1559e+00 +4.3871e-01 -1.0440e+00 +1.1136e+00 +2.0248e+00
549 0 +1.655480118e+00 -4.644519882e+00 -4.644519882e+00 -1.5904e+00 +1.3721e-01 -8.4793e-01 -6.0444e-02 -1.9977e+00 -2.1114e+00 +4.3199e-01 -1.0400e+00 +1.0532e+00 +2.0333e+00
561 0 +1.615509372e+00 -4.684490628e+00 -4.684490628e+00 -1.5498e+00 +1.4200e-01 -8.5992e-01 -6.1359e-02 -2.0270e+00 -2.1340e+00 +4.1402e-01 -1.0452e+00 +1.0741e+00 +2.0231e+00
595 0 +1.582087182e+00 -4.717912818e+00 -4.717912818e+00 -1.5352e+00 +1.2421e-01 -8.9232e-01 -6.4920e-02 -2.0203e+00 -2.1173e+00 +4.2409e-01 -1.0521e+00 +1.0627e+00 +2.0256e+00
741 0 +1.548429045e+00 -4.751570955e+00 -4.751570955e+00 -1.5211e+00 +1.4547e-01 -9.2531e-01 -6.0902e-02 -1.9970e+00 -2.1274e+00 +4.2701e-01 -1.0462e+00 +1.0723e+00 +2.0222e+00
1000 0 +1.540582627e+00 -4.759417373e+00 -4.759417373e+00 -1.5179e+00 +1.6517e-01 -9.3913e-01 -6.8024e-02 -1.9978e+00 -2.1315e+00 +4.1715e-01 -1.0498e+00 +1.0697e+00 +2.0198e+00
% f evaluations | g evaluations | best noise-free fitness - Fopt (-1.367600000000e+02) + sum g_i+ | measured fitness | best measured fitness or single-digit g-values | x1 | x2...
1 0 +7.570084763e+03 +7.433324763e+03 +7.433324763e+03 +1.0617e-01 -1.2721e-01 +2.7272e-02 -1.0360e-01 -2.1422e-01 +3.5186e-01 -3.7889e-01 +3.2000e-01 +5.3831e-01 +2.7286e-01
8 0 +6.109441459e+03 +5.972681459e+03 +5.972681459e+03 +5.2106e-01 +2.0435e-01 -2.5275e-01 +5.6103e-01 +1.0655e-01 -1.0749e-01 -8.6898e-02 +2.3064e-01 +2.6580e-01 -1.4961e-01
12 0 +5.752554235e+03 +5.615794235e+03 +5.615794235e+03 +8.3440e-01 +6.6521e-01 -1.0060e-02 -1.0717e-02 +2.7471e-01 +2.5551e-01 +5.4358e-01 +8.9349e-01 +4.1717e-01 -1.1974e-01
14 0 +4.973586033e+03 +4.836826033e+03 +4.836826033e+03 +9.1354e-01 -6.9876e-02 -2.8054e-01 +6.5291e-01 +2.6480e-02 +2.4992e-01 -3.5340e-01 +3.5227e-01 +2.3313e-01 -1.9473e-01
22 0 +2.699013872e+03 +2.562253872e+03 +2.562253872e+03 +5.4011e-01 +1.8177e-01 -1.7940e-01 +2.1814e-01 +5.6932e-01 +4.7916e-01 +7.5347e-02 +7.8708e-01 +5.0748e-01 -3.5423e-01
31 0 +1.625351083e+03 +1.488591083e+03 +1.488591083e+03 +3.3167e-01 +3.8622e-01 -3.9695e-01 +1.8389e-01 +5.2904e-01 +1.9282e-01 -8.2784e-02 +5.2438e-01 +4.1734e-01 -7.0281e-01
39 0 +6.068420103e+02 +4.700820103e+02 +4.700820103e+02 +4.2550e-01 -7.1385e-02 +1.9415e-04 +3.4773e-01 +8.3609e-01 +1.8717e-01 -2.3742e-01 +8.6855e-01 +8.0006e-01 -9.0033e-01
42 0 +5.357412679e+02 +3.989812679e+02 +3.989812679e+02 +6.9136e-01 -5.5305e-02 -2.8553e-01 -2.1207e-02 +5.1717e-01 +1.6495e-01 -3.7796e-02 +7.9871e-01 +8.5135e-01 -1.0482e+00
47 0 +1.683725414e+02 +3.161254139e+01 +3.161254139e+01 +3.0063e-01 -2.7900e-01 -1.1988e-01 +5.9000e-01 +3.0418e-01 +9.8010e-01 -3.8925e-01 +9.4186e-01 +1.0736e+00 -7.0444e-01
54 0 +8.480982396e+01 -5.195017604e+01 -5.195017604e+01 +8.6127e-01 -3.7007e-01 +3.0936e-01 +7.3545e-01 +5.2062e-01 +6.6779e-01 -1.9229e-01 +1.2621e+00 +1.2296e+00 -1.0542e+00
58 0 +2.287895953e+01 -1.138810405e+02 -1.138810405e+02 +9.4847e-01 -1.2705e-01 -3.4680e-01 +3.6494e-01 +1.3572e-01 +5.4999e-01 -2.5414e-01 +1.1426e+00 +6.8537e-01 -1.2523e+00
63 0 +4.918614433e+00 -1.318413856e+02 -1.318413856e+02 +5.6439e-01 -4.9502e-01 -3.4498e-01 +1.1563e+00 +2.8322e-01 +1.0759e+00 -2.8319e-01 +1.2124e+00 +1.5434e+00 -1.2989e+00
66 0 +4.676608114e+00 -1.320833919e+02 -1.320833919e+02 +4.7166e-02 -3.8572e-01 -2.7562e-01 +7.7325e-01 +2.4403e-01 +9.4829e-01 -8.7774e-01 +1.7661e+00 +1.0242e+00 -1.5907e+00
75 0 +4.097286836e+00 -1.326627132e+02 -1.326627132e+02 +6.1450e-02 -3.8522e-01 -7.9189e-01 +5.6382e-01 -2.1810e-01 +8.6267e-01 -7.6128e-01 +1.8491e+00 +1.7069e+00 -2.0396e+00
81 0 +3.080724815e+00 -1.336792752e+02 -1.336792752e+02 +5.6956e-01 -7.6925e-01 -3.3446e-01 +9.9707e-01 -7.9372e-01 +1.1772e+00 -1.0869e+00 +2.3450e+00 +2.0530e+00 -1.8170e+00
493 0 +2.909973565e+00 -1.338500264e+02 -1.338500264e+02 -3.6223e-01 -8.7218e-01 -3.5453e-01 +1.3810e+00 -1.2332e-01 +1.1705e+00 -2.3250e+00 +1.0454e+00 +2.3668e+00 -1.3148e+00
533 0 +2.822915420e+00 -1.339370846e+02 -1.339370846e+02 -3.7292e-01 -7.6063e-01 -4.2085e-01 +1.3184e+00 -2.2640e-01 +1.1570e+00 -2.3853e+00 +9.5429e-01 +2.3977e+00 -1.1431e+00
537 0 +2.716230023e+00 -1.340437700e+02 -1.340437700e+02 -5.4881e-01 -9.4438e-01 -2.9379e-01 +1.1391e+00 -2.0750e-01 +1.1784e+00 -2.4009e+00 +9.2776e-01 +2.3927e+00 -1.3773e+00
557 0 +2.620557262e+00 -1.341394427e+02 -1.341394427e+02 -5.7911e-01 -9.1514e-01 -2.7450e-01 +1.1438e+00 -2.4498e-01 +1.1202e+00 -2.3797e+00 +9.4163e-01 +2.3502e+00 -1.1804e+00
604 0 +2.540857942e+00 -1.342191421e+02 -1.342191421e+02 -6.5102e-01 -1.0641e+00 -2.0026e-01 +1.0973e+00 -1.3834e-01 +1.1630e+00 -2.3658e+00 +9.2459e-01 +2.3822e+00 -1.1754e+00
661 0 +2.502917358e+00 -1.342570826e+02 -1.342570826e+02 -6.0505e-01 -1.0977e+00 -2.7031e-01 +1.1158e+00 -1.8250e-01 +1.1302e+00 -2.3244e+00 +9.4686e-01 +2.3676e+00 -1.1794e+00
727 0 +2.451811412e+00 -1.343081886e+02 -1.343081886e+02 -6.7304e-01 -1.1481e+00 -2.5376e-01 +1.1015e+00 -1.8343e-01 +1.1492e+00 -2.3509e+00 +9.2406e-01 +2.3825e+00 -1.1815e+00
761 0 +2.397937123e+00 -1.343620629e+02 -1.343620629e+02 -6.4246e-01 -1.1771e+00 -2.4500e-01 +1.0955e+00 -1.8559e-01 +1.1515e+00 -2.3465e+00 +9.3504e-01 +2.3967e+00 -1.1780e+00
1000 0 +2.353400394e+00 -1.344065996e+02 -1.344065996e+02 -6.4386e-01 -1.2200e+00 -2.2085e-01 +1.0568e+00 -1.9905e-01 +1.1405e+00 -2.3521e+00 +9.2866e-01 +2.3972e+00 -1.1682e+00
% f evaluations | g evaluations | best noise-free fitness - Fopt (3.667500000000e+02) + sum g_i+ | measured fitness | best measured fitness or single-digit g-values | x1 | x2...
1 0 +1.329892175e+04 +1.366567175e+04 +1.366567175e+04 +5.3954e-01 -2.5332e-01 +1.7927e-01 -9.7446e-02 -3.9875e-02 -6.5659e-03 -2.0817e-01 -3.3109e-01 -1.9644e-01 -1.9143e-01
2 0 +8.436858987e+03 +8.803608987e+03 +8.803608987e+03 +2.6875e-02 +1.0846e-01 -4.2615e-01 -3.6175e-02 -8.9078e-02 +3.3855e-01 +2.7395e-01 -3.6663e-04 -2.1576e-07 +2.0858e-01
3 0 +5.718415998e+03 +6.085165998e+03 +6.085165998e+03 -1.3371e-01 +2.0672e-01 +3.9687e-01 +3.5905e-01 +1.6136e-01 +1.1906e-01 +7.8386e-02 +5.6794e-02 -1.3919e-01 +4.2456e-01
21 0 +4.691569662e+03 +5.058319662e+03 +5.058319662e+03 +4.7861e-01 -2.6087e-01 -2.2837e-01 +9.3986e-02 -1.3619e-01 +2.2349e-01 +2.6226e-01 +1.6822e-01 -2.6987e-01 +3.6158e-01
24 0 +4.204675990e+03 +4.571425990e+03 +4.571425990e+03 +3.2879e-01 +1.3220e-03 +3.6186e-01 +2.4541e-01 +4.7955e-02 -1.2044e-01 +3.0520e-01 -5.6606e-02 -6.6141e-01 +2.1390e-01
28 0 +3.251959231e+03 +3.618709231e+03 +3.618709231e+03 -2.3191e-01 +1.2576e-01 +1.3110e-01 +7.5195e-02 -4.3980e-02 +3.5469e-01 +5.0144e-01 -1.5379e-01 -9.7935e-01 +3.5649e-01
33 0 +2.290231173e+03 +2.656981173e+03 +2.656981173e+03 +8.5799e-02 -1.1175e-01 +4.4582e-03 -7.8204e-02 +1.4340e-01 +5.1449e-01 +3.8729e-01 -2.6987e-02 -7.6748e-01 +7.2663e-01
37 0 +1.528243798e+03 +1.894993798e+03 +1.894993798e+03 -5.5732e-02 +3.0129e-01 -1.6617e-01 +5.5670e-03 +4.3028e-01 +1.8487e-01 +6.4492e-01 -1.6928e-01 -1.0839e+00 +8.1113e-01
46 0 +1.238204895e+03 +1.604954895e+03 +1.604954895e+03 +3.1602e-01 +2.3109e-01 -2.4155e-01 +1.4272e-01 +3.4263e-02 -1.2523e-01 +5.1337e-01 +1.1758e-01 -7.6854e-01 +6.2280e-01
47 0 +4.609700864e+02 +8.277200864e+02 +8.277200864e+02 +1.2738e-01 +2.0763e-01 +2.6886e-01 +1.1846e-01 -1.2559e-01 -1.4198e-01 +5.8585e-01 +3.2214e-01 -8.0063e-01 +7.3653e-01
53 0 +1.260187944e+02 +4.927687944e+02 +4.927687944e+02 +3.2721e-02 -3.5429e-01 +3.0508e-01 +2.1434e-01 +4.1285e-01 -3.6870e-01 +6.9413e-01 +3.5712e-01 -1.0172e+00 +8.8066e-01
78 0 +4.712625807e+01 +4.138762581e+02 +4.138762581e+02 +3.4842e-01 +5.6002e-01 -3.3069e-01 +9.1823e-02 +5.5492e-01 -2.3657e-01 +9.4551e-01 +5.8535e-01 -9.4009e-01 +8.3628e-01
83 0 +5.047978792e+00 +3.717979788e+02 +3.717979788e+02 +3.8923e-01 +3.1145e-01 -3.9794e-01 +5.0024e-01 +4.4995e-01 -3.6842e-01 +7.0582e-01 +6.2860e-01 -8.5608e-01 +1.0140e+00
96 0 +4.722847988e+00 +3.714728480e+02 +3.714728480e+02 +8.9595e-02 +6.6184e-01 +1.2854e-02 -8.1036e-02 +1.2171e+00 +1.0260e-01 +6.6224e-01 +7.6681e-01 -1.4962e+00 +8.7051e-01
105 0 +4.244999681e+00 +3.709949997e+02 +3.709949997e+02 +1.9740e-01 +3.0091e-01 -1.2649e-01 -1.2637e-01 +1.1753e+00 -3.1023e-01 +1.0344e+00 +5.5066e-01 -1.5638e+00 +7.7851e-01
116 0 +4.111753932e+00 +3.708617539e+02 +3.708617539e+02 +4.3188e-01 +8.6142e-02 -1.5484e-01 +6.1153e-01 +4.0450e-01 -8.0053e-01 +6.6305e-01 +8.5894e-01 -1.5018e+00 +1.6206e+00
134 0 +3.960490357e+00 +3.707104904e+02 +3.707104904e+02 +4.7605e-01 -7.3232e-02 -1.8209e-01 +2.8563e-02 +6.6938e-01 -4.5835e-01 +9.9220e-01 +7.3931e-01 -1.2206e+00 +1.2041e+00
143 0 +3.536326159e+00 +3.702863262e+02 +3.702863262e+02 +3.3650e-01 -1.3302e-01 -3.9430e-01 +3.3947e-01 +8.6836e-01 -4.6877e-01 +1.3185e+00 +1.3826e+00 -1.6181e+00 +1.3210e+00
164 0 +3.063056331e+00 +3.698130563e+02 +3.698130563e+02 -9.0756e-02 -2.7360e-01 -1.3702e-01 +9.3427e-02 +9.6338e-01 -5.2832e-02 +9.3041e-01 +9.8912e-01 -1.5272e+00 +1.0956e+00
178 0 +2.644746290e+00 +3.693947463e+02 +3.693947463e+02 -2.0762e-01 -2.2433e-01 -2.0613e-01 +1.0007e-01 +4.6011e-01 -5.9667e-01 +7.3347e-01 +1.0220e+00 -1.5320e+00 +1.5717e+00
1000 0 +2.644746290e+00 +3.693947463e+02 +3.693947463e+02 -2.0762e-01 -2.2433e-01 -2.0613e-01 +1.0007e-01 +4.6011e-01 -5.9667e-01 +7.3347e-01 +1.0220e+00 -1.5320e+00 +1.5717e+00
% f evaluations | g evaluations | best noise-free fitness - Fopt (-2.486900000000e+02) + sum g_i+ | measured fitness | best measured fitness or single-digit g-values | x1 | x2...
1 0 +7.544659286e+03 +7.295969286e+03 +7.295969286e+03 -6.4005e-01 -2.4572e-01 -7.5645e-01 +4.7124e-01 +4.5390e-01 -2.6487e-01 -3.3601e-01 +2.4969e-01 -4.8258e-01 +6.0989e-02
6 0 +4.961133380e+03 +4.712443380e+03 +4.712443380e+03 -1.5220e-02 -7.6639e-02 +6.9811e-01 +3.0280e-01 -2.1104e-03 -3.3064e-02 -5.7849e-02 -5.6388e-01 -5.8150e-01 -9.6977e-05
24 0 +8.056298680e+02 +5.569398680e+02 +5.569398680e+02 -3.2719e-01 +2.3720e-01 -1.1558e-02 +7.4363e-01 -6.6902e-01 -2.1958e-01 -2.6363e-01 -6.3495e-01 -7.0048e-01 +6.4252e-01
37 0 +5.584331044e+02 +3.097431044e+02 +3.097431044e+02 +4.5056e-01 -4.2234e-01 +2.7949e-02 +5.0200e-01 -5.4763e-01 +2.1500e-01 -2.0067e-01 -4.1641e-01 -1.0295e+00 +6.6574e-01
40 0 +6.957462558e+00 -2.417325374e+02 -2.417325374e+02 +2.0720e-02 +2.7924e-01 -2.5337e-01 +1.5868e+00 -1.0576e+00 +2.5841e-03 -6.0127e-01 -6.2945e-01 -1.3489e+00 +8.1235e-01
42 0 +3.809562906e+00 -2.448804371e+02 -2.448804371e+02 -2.0836e-01 +3.1965e-01 +1.3977e-01 +9.9481e-01 -2.2171e-01 +2.8865e-01 -8.3681e-01 -9.0047e-01 -1.2949e+00 +1.0914e+00
47 0 +3.669761760e+00 -2.450202382e+02 -2.450202382e+02 +6.8831e-01 +3.9493e-02 -8.9725e-04 +1.0974e+00 -1.2778e+00 +9.6933e-02 -9.0594e-01 -1.4202e+00 -1.0018e+00 +1.2137e+00
108 0 +3.510157045e+00 -2.451798430e+02 -2.451798430e+02 +6.8715e-01 -2.7969e-01 +1.1782e+00 +4.2085e-01 -1.5063e+00 +1.9582e+00 -2.0966e+00 -5.9403e-01 -1.7696e+00 +2.1466e+00
151 0 +3.450274595e+00 -2.452397254e+02 -2.452397254e+02 -1.9626e+00 -6.0896e-01 +1.2091e-01 +1.6793e-01 -2.5745e+00 +1.0319e+00 -2.2898e+00 -1.9482e+00 -1.0667e+00 +1.1686e+00
242 0 +3.269776152e+00 -2.454202238e+02 -2.454202238e+02 -1.4682e+00 -8.5663e-01 +3.6434e-01 -4.4258e-02 -2.0216e+00 +1.1754e+00 -1.6423e+00 -7.2325e-01 -1.7664e+00 +1.6550e+00
277 0 +2.964786724e+00 -2.457252133e+02 -2.457252133e+02 -9.4094e-01 -7.5186e-01 +7.2820e-01 +1.8088e-03 -2.6699e+00 +1.9229e+00 -1.8638e+00 -7.0794e-01 -1.1318e+00 +2.2572e+00
673 0 +2.945565926e+00 -2.457444341e+02 -2.457444341e+02 -6.2878e-01 -9.1054e-01 +6.4235e-01 +2.4175e-02 -1.9773e+00 +1.5633e+00 -1.2040e+00 -1.2139e+00 -1.6865e+00 +1.8595e+00
1000 0 +2.923263330e+00 -2.457667367e+02 -2.457667367e+02 -6.2216e-01 -9.5148e-01 +6.6766e-01 -4.2252e-03 -1.9784e+00 +1.5643e+00 -1.2028e+00 -1.2154e+00 -1.6904e+00 +1.8650e+00
% f evaluations | g evaluations | best noise-free fitness - Fopt (-6.786000000000e+01) + sum g_i+ | measured fitness | best measured fitness or single-digit g-values | x1 | x2...
1 0 +1.576433435e+04 +1.569647435e+04 +1.569647435e+04 -2.1930e-01 -2.0660e-01 -5.5645e-01 -4.4092e-02 +1.3510e-01 -1.9701e-01 -6.5981e-01 +4.4799e-01 -2.5618e-01 +2.0203e-01
2 0 +1.243438001e+04 +1.236652001e+04 +1.236652001e+04 -1.6857e-01 +1.6466e-01 -1.3504e-01 -2.3276e-01 +2.0429e-01 -2.0932e-01 -2.0306e-01 -2.2787e-02 +1.4272e-01 +4.9216e-02
4 0 +8.463891599e+03 +8.396031599e+03 +8.396031599e+03 -2.7276e-01 -9.5597e-02 +1.7521e-01 -1.3907e-01 +1.3199e-02 -1.0277e-01 -1.8376e-01 -1.2016e-01 +2.4272e-01 -4.9690e-01
8 0 +2.768620471e+03 +2.700760471e+03 +2.700760471e+03 -2.4168e-01 +1.2313e-01 +3.4379e-01 +2.3913e-01 -2.2019e-01 -2.7396e-01 +4.1133e-01 -3.5878e-01 -5.8175e-01 -2.7508e-01
14 0 +2.193294751e+03 +2.125434751e+03 +2.125434751e+03 -6.6582e-01 +3.7167e-01 +5.8902e-02 -1.9612e-01 +9.3365e-02 -5.2852e-02 +5.3708e-01 -3.5230e-01 -5.5926e-01 -3.9382e-01
17 0 +1.462042320e+03 +1.394182320e+03 +1.394182320e+03 -8.6693e-01 -8.7129e-02 +3.9235e-01 +5.8173e-01 -3.6828e-03 +2.7066e-01 +2.7071e-01 -1.2415e+00 -2.4954e-01 -7.7998e-01
22 0 +8.891458705e+02 +8.212858705e+02 +8.212858705e+02 -6.8132e-01 +1.9889e-01 +4.0023e-01 +4.6645e-01 -3.5010e-01 +1.2292e-01 +7.5444e-01 -5.6863e-01 -6.7826e-01 -5.7833e-01
31 0 +6.009093966e+02 +5.330493966e+02 +5.330493966e+02 -1.2969e+00 +1.6802e-02 -2.7019e-01 +2.5309e-01 +7.6260e-02 +2.2693e-01 +8.8290e-01 -8.2111e-01 -1.1627e+00 -6.0684e-01
36 0 +5.577086132e+02 +4.898486132e+02 +4.898486132e+02 -6.0691e-01 -1.8164e-01 +4.7852e-01 +4.7508e-01 +1.3940e-02 +1.3888e-01 +4.0920e-01 -7.4831e-01 -4.5020e-01 -1.0706e+00
41 0 +1.405577853e+02 +7.269778525e+01 +7.269778525e+01 -2.7765e-01 +6.4378e-01 -3.4003e-01 +3.7044e-01 -5.6119e-01 +7.7730e-02 +2.7203e-01 -1.7063e+00 -7.1729e-01 -9.7449e-01
49 0 +5.684264717e+01 -1.101735283e+01 -1.101735283e+01 -1.2469e+00 -4.1221e-01 +5.1304e-01 +7.2338e-01 -1.2645e-01 +2.0555e-02 +1.2710e+00 -1.5692e+00 -6.8688e-01 -1.0767e+00
55 0 +3.806139847e+00 -6.405386015e+01 -6.405386015e+01 -7.0766e-01 -6.6358e-01 +2.2933e-03 +1.3758e+00 -2.0690e-01 -4.4012e-01 +7.8596e-01 -1.6591e+00 -7.5239e-01 -1.8922e+00
87 0 +3.496948943e+00 -6.436305106e+01 -6.436305106e+01 -5.8705e-02 -4.4909e-01 -2.2766e-02 +6.2094e-01 -7.3720e-01 -9.5783e-02 +9.6884e-01 -1.0730e+00 -1.3186e+00 -2.3451e+00
102 0 +3.321252346e+00 -6.453874765e+01 -6.453874765e+01 -7.8384e-01 +1.1407e+00 -4.0488e-01 -3.8150e-01 -2.0003e+00 -2.1070e+00 +9.5047e-01 -9.1527e-01 -1.0577e+00 -1.0163e+00
234 0 +3.248504977e+00 -6.461149502e+01 -6.461149502e+01 +2.0289e-01 +5.3156e-01 +2.0793e+00 +2.5721e-01 -1.5483e+00 -8.0981e-01 +1.9410e+00 -2.1639e+00 -2.0784e+00 -1.4621e+00
313 0 +3.150782483e+00 -6.470921752e+01 -6.470921752e+01 +6.1832e-01 +1.0992e+00 +2.3072e+00 +1.1664e-01 -1.1979e+00 -3.7943e-01 +1.5551e+00 -1.0766e+00 -1.9832e+00 -1.3990e+00
333 0 +2.894032694e+00 -6.496596731e+01 -6.496596731e+01 +1.3034e-01 +1.0151e+00 +2.2955e+00 +2.3009e-01 -1.5556e+00 -2.8708e-01 +1.7103e+00 -1.2554e+00 -2.3493e+00 -1.7551e+00
390 0 +2.721697730e+00 -6.513830227e+01 -6.513830227e+01 -2.6309e-01 +1.6019e+00 +2.2418e+00 -3.1649e-01 -1.2594e+00 -3.3462e-01 +1.6934e+00 -1.5668e+00 -2.2559e+00 -1.4934e+00
444 0 +2.681032868e+00 -6.517896713e+01 -6.517896713e+01 -2.1243e-01 +1.6157e+00 +2.1594e+00 -3.2810e-01 -1.6269e+00 -3.7583e-01 +1.5197e+00 -1.4988e+00 -2.2392e+00 -1.0435e+00
472 0 +2.626145437e+00 -6.523385456e+01 -6.523385456e+01 -3.5005e-01 +1.6172e+00 +2.2801e+00 -3.3353e-01 -1.4280e+00 -3.5239e-01 +1.7307e+00 -1.4585e+00 -2.3383e+00 -1.3483e+00
493 0 +2.564141257e+00 -6.529585874e+01 -6.529585874e+01 -1.1941e-01 +1.7758e+00 +2.1864e+00 -3.9398e-01 -1.6312e+00 -3.4687e-01 +1.5275e+00 -1.4574e+00 -2.2530e+00 -1.1806e+00
533 0 +2.510733319e+00 -6.534926668e+01 -6.534926668e+01 -1.0627e-01 +1.6344e+00 +2.1859e+00 -3.4345e-01 -1.5844e+00 -3.1470e-01 +1.6841e+00 -1.4187e+00 -2.3046e+00 -1.2141e+00
597 0 +2.449426450e+00 -6.541057355e+01 -6.541057355e+01 -4.1980e-02 +1.6590e+00 +2.1672e+00 -3.6654e-01 -1.5774e+00 -3.1999e-01 +1.6713e+00 -1.3791e+00 -2.2964e+00 -1.1954e+00
607 0 +2.348217539e+00 -6.551178246e+01 -6.551178246e+01 +2.8666e-02 +1.6680e+00 +2.2114e+00 -3.7144e-01 -1.6351e+00 -3.2482e-01 +1.6848e+00 -1.3568e+00 -2.2966e+00 -1.1941e+00
619 0 +2.322032483e+00 -6.553796752e+01 -6.553796752e+01 +1.5860e-02 +1.6800e+00 +2.2222e+00 -3.8861e-01 -1.6458e+00 -3.2765e-01 +1.7031e+00 -1.3551e+00 -2.2864e+00 -1.1900e+00
1000 0 +2.291014364e+00 -6.556898564e+01 -6.556898564e+01 -2.5862e-02 +1.6670e+00 +2.2159e+00 -3.8775e-01 -1.6616e+00 -3.0857e-01 +1.7282e+00 -1.3499e+00 -2.2934e+00 -1.1951e+00
% f evaluations | g evaluations | best noise-free fitness - Fopt (-2.329000000000e+01) + sum g_i+ | measured fitness | best measured fitness or single-digit g-values | x1 | x2...
1 0 +9.202005141e+03 +9.178715141e+03 +9.178715141e+03 -7.9700e-03 -3.0266e-01 +7.3168e-02 +6.5623e-01 -5.3278e-03 -1.8196e-01 -5.4299e-02 +7.0727e-01 -1.5468e-01 +1.8269e-02
3 0 +8.920473272e+03 +8.897183272e+03 +8.897183272e+03 +3.9169e-01 +3.2215e-02 +3.3180e-01 -3.3228e-02 -5.8502e-01 +1.4748e-01 -1.0432e-01 -3.1274e-01 -2.0189e-01 +6.7312e-01
7 0 +4.808414234e+03 +4.785124234e+03 +4.785124234e+03 +3.0110e-01 +3.5107e-01 -2.0353e-01 -5.2198e-01 +2.1134e-01 -3.4192e-01 -2.5418e-01 +6.4445e-02 +4.4458e-01 +2.9825e-01
14 0 +3.003888287e+03 +2.980598287e+03 +2.980598287e+03 +2.3334e-01 +9.5459e-02 +9.9215e-02 -1.8609e-03 -1.1084e-01 -4.0795e-01 -3.8668e-01 +1.5101e-01 +2.3471e-01 +8.4646e-01
23 0 +1.225469021e+03 +1.202179021e+03 +1.202179021e+03 +3.3528e-01 -1.4169e-01 +4.8874e-01 -1.3422e-01 -7.2232e-01 +4.7979e-03 -1.6743e-01 +5.3967e-01 +2.8532e-01 +1.1294e+00
39 0 +1.739320679e+02 +1.506420679e+02 +1.506420679e+02 +3.3452e-01 -2.6299e-01 +1.9914e-01 -4.2292e-01 -4.3669e-01 +1.8325e-01 -9.5118e-01 +5.7955e-01 +5.9737e-01 +1.0487e+00
45 0 +6.770372874e+01 +4.441372874e+01 +4.441372874e+01 +5.1693e-01 -6.9345e-01 +7.7222e-01 -4.5384e-01 -3.2788e-02 +1.2759e-01 -1.2812e+00 +4.4499e-01 +8.2142e-01 +8.5467e-01
52 0 +2.397851560e+01 +6.885156046e-01 +6.885156046e-01 -3.1423e-01 -9.4385e-01 +1.0665e+00 +2.8083e-01 -1.6109e-04 +8.6873e-02 -1.2749e+00 +5.4749e-01 +9.1432e-01 +1.4406e+00
62 0 +4.275173909e+00 -1.901482609e+01 -1.901482609e+01 -4.4694e-01 -1.1188e+00 +1.7832e+00 +8.8083e-01 -1.2379e+00 +5.0787e-01 -1.9321e+00 +8.7584e-01 +1.7880e+00 +1.3321e+00
78 0 +3.931669878e+00 -1.935833012e+01 -1.935833012e+01 +3.6872e-02 +3.9825e-03 +1.2641e+00 +1.8760e-01 -1.1470e+00 +6.4848e-01 -2.0332e+00 +1.0453e+00 +1.1618e+00 +1.5568e+00
120 0 +3.713537294e+00 -1.957646271e+01 -1.957646271e+01 -2.5095e-01 +4.1109e-01 +6.9028e-01 -7.6783e-01 -1.4295e+00 +2.1802e+00 -1.0408e+00 +1.6959e+00 +2.1333e+00 +1.2818e+00
123 0 +3.261771743e+00 -2.002822826e+01 -2.002822826e+01 -1.5418e+00 +6.0040e-01 +1.0851e+00 -4.5920e-02 -7.3014e-01 +4.3561e-01 -1.5661e+00 +1.0160e+00 +1.0459e+00 +1.2277e+00
181 0 +3.166637292e+00 -2.012336271e+01 -2.012336271e+01 -3.9899e-01 -4.4308e-01 -4.3264e-02 -3.0989e-01 -1.0922e+00 +1.6037e+00 -2.0350e+00 +6.9263e-01 +1.1387e+00 +2.0379e+00
203 0 +3.151206356e+00 -2.013879364e+01 -2.013879364e+01 -9.0073e-01 -8.6137e-02 -1.9755e-01 -2.5609e-01 -1.0182e+00 +9.4153e-01 -1.5815e+00 +1.1605e+00 +1.0290e+00 +1.6833e+00
230 0 +3.020261183e+00 -2.026973882e+01 -2.026973882e+01 -5.3457e-01 -4.8122e-01 +2.9466e-02 -3.4864e-01 -1.1880e+00 +1.4121e+00 -1.8410e+00 +1.3996e+00 +1.0215e+00 +1.9918e+00
238 0 +2.814224602e+00 -2.047577540e+01 -2.047577540e+01 -3.9337e-01 -3.2334e-01 -1.3520e-01 -3.6778e-01 -1.1657e+00 +1.7257e+00 -2.2017e+00 +1.6470e+00 +1.1558e+00 +2.2669e+00
306 0 +2.600577535e+00 -2.068942247e+01 -2.068942247e+01 -5.7038e-01 -3.2489e-01 +1.7947e-02 +1.0654e-01 -2.0149e+00 +2.1431e+00 -1.6092e+00 +1.4894e+00 +1.8109e+00 +2.2282e+00
415 0 +2.345776152e+00 -2.094422385e+01 -2.094422385e+01 -5.3942e-01 -4.1193e-01 +8.3236e-03 -2.2098e-01 -1.9930e+00 +2.0749e+00 -1.0772e+00 +1.4827e+00 +1.3005e+00 +2.2571e+00
430 0 +2.192408189e+00 -2.109759181e+01 -2.109759181e+01 -4.8127e-01 -4.2855e-01 -6.4462e-02 -2.1431e-01 -1.8793e+00 +2.0998e+00 -1.2461e+00 +1.5450e+00 +1.2335e+00 +2.3145e+00
454 0 +2.176404846e+00 -2.111359515e+01 -2.111359515e+01 -5.2175e-01 -4.4240e-01 -2.9002e-02 -2.0270e-01 -1.9067e+00 +2.2099e+00 -1.2888e+00 +1.5977e+00 +1.4468e+00 +2.2908e+00
495 0 +2.132387670e+00 -2.115761233e+01 -2.115761233e+01 -5.5323e-01 -3.7050e-01 -4.0220e-02 -2.0183e-01 -1.9408e+00 +2.1240e+00 -1.2551e+00 +1.6192e+00 +1.3846e+00 +2.2981e+00
505 0 +2.081102215e+00 -2.120889779e+01 -2.120889779e+01 -5.3157e-01 -4.0323e-01 -6.5875e-02 -2.0363e-01 -1.9082e+00 +2.1879e+00 -1.2951e+00 +1.5835e+00 +1.4254e+00 +2.2716e+00
555 0 +2.037855045e+00 -2.125214495e+01 -2.125214495e+01 -5.6400e-01 -3.7610e-01 -7.6091e-02 -2.0331e-01 -1.9009e+00 +2.1813e+00 -1.2457e+00 +1.6048e+00 +1.4314e+00 +2.2682e+00
710 0 +1.993587128e+00 -2.129641287e+01 -2.129641287e+01 -5.8993e-01 -3.7946e-01 -7.1658e-02 -1.8715e-01 -1.9133e+00 +2.1588e+00 -1.2570e+00 +1.5920e+00 +1.4339e+00 +2.2738e+00
1000 0 +1.974563634e+00 -2.131543637e+01 -2.131543637e+01 -6.1946e-01 -3.9714e-01 -6.6097e-02 -1.8454e-01 -1.9350e+00 +2.1469e+00 -1.2697e+00 +1.5873e+00 +1.4319e+00 +2.2720e+00
% f evaluations | g evaluations | best noise-free fitness - Fopt (-1.028000000000e+01) + sum g_i+ | measured fitness | best measured fitness or single-digit g-values | x1 | x2...
1 0 +8.896034370e+03 +8.885754370e+03 +8.885754370e+03 -1.0993e-01 +6.4502e-02 +2.1828e-02 +2.9383e-02 -5.0170e-01 -4.1852e-01 +5.7795e-01 +6.9234e-01 +2.0588e-02 -6.9451e-01
3 0 +8.702093586e+03 +8.691813586e+03 +8.691813586e+03 -2.9913e-02 -1.3835e-01 -5.9600e-02 +2.8643e-01 -2.6622e-01 -3.5679e-01 +2.4725e-01 -1.9620e-01 -1.0178e-01 -1.0602e-01
4 0 +5.483188332e+03 +5.472908332e+03 +5.472908332e+03 -2.4968e-01 -2.6146e-01 -8.3775e-01 -5.5957e-01 +3.2873e-01 +3.3237e-01 -1.0181e-01 -4.2479e-01 +4.0213e-01 -1.9425e-01
7 0 +5.331907955e+03 +5.321627955e+03 +5.321627955e+03 -7.5443e-02 +1.7983e-02 -9.5221e-02 -1.3601e-03 -4.7779e-02 +2.3649e-01 +5.1029e-01 +1.1100e-02 +2.3174e-01 -3.4703e-01
12 0 +3.560720972e+03 +3.550440972e+03 +3.550440972e+03 -2.6674e-01 -2.1727e-01 -5.3422e-01 -4.8246e-01 +1.0712e-01 +1.1709e-01 -3.7207e-02 -4.6440e-01 +2.2021e-01 -5.4429e-01
19 0 +2.545189006e+03 +2.534909006e+03 +2.534909006e+03 -8.9109e-01 +2.1300e-01 -1.8684e-01 -2.1816e-01 +3.4135e-01 +2.9150e-01 +2.4786e-01 -2.9541e-01 +8.4947e-01 -3.5730e-01
24 0 +2.243570484e+03 +2.233290484e+03 +2.233290484e+03 -2.0177e-01 +2.7284e-01 -8.2076e-01 -5.4369e-01 +1.1615e-01 +4.6117e-01 +8.1577e-02 -6.8491e-01 +4.8641e-01 -6.3110e-01
31 0 +1.376785180e+03 +1.366505180e+03 +1.366505180e+03 -4.6713e-01 +5.7179e-01 -9.4485e-01 -1.6056e-01 +2.5029e-01 +4.2177e-01 +5.0006e-01 -5.6708e-01 +4.5398e-01 -8.3047e-01
34 0 +7.383224044e+02 +7.280424044e+02 +7.280424044e+02 -2.8645e-01 +6.2551e-01 -2.5493e-01 -7.2138e-01 +1.6405e-01 -1.9990e-01 -7.5084e-02 -9.5092e-01 +1.1460e+00 -6.4816e-01
36 0 +5.149910360e+02 +5.047110360e+02 +5.047110360e+02 -3.1002e-01 +2.3249e-01 -5.6388e-01 -2.7077e-01 +2.3376e-01 -1.3523e-01 -4.6310e-02 -6.9217e-01 +8.4697e-01 -9.8123e-01
43 0 +9.544704842e+01 +8.516704842e+01 +8.516704842e+01 -5.2431e-01 -1.5555e-01 -1.1467e+00 +7.8367e-02 -8.2540e-02 -2.0772e-01 +2.9667e-01 -6.4603e-01 +7.6078e-01 -1.1695e+00
65 0 +6.876405090e+01 +5.848405090e+01 +5.848405090e+01 -9.5450e-01 +1.7181e-01 -1.2457e+00 -4.0655e-01 -7.6030e-03 -8.9252e-02 +8.8155e-01 -1.0105e+00 +1.2929e+00 -2.2857e+00
67 0 +3.174634583e+01 +2.146634583e+01 +2.146634583e+01 -6.7938e-01 -3.3624e-01 -9.3770e-01 -3.3866e-01 +1.1117e-01 -1.8352e-01 +3.4098e-01 -1.1361e+00 +1.1924e+00 -1.7940e+00
73 0 +2.649006271e+01 +1.621006271e+01 +1.621006271e+01 -3.4097e-01 +9.2121e-02 -1.1408e+00 -2.1500e-02 -5.1253e-01 -1.0039e+00 +7.2685e-01 -6.9215e-01 +1.7466e+00 -1.6709e+00
81 0 +1.588665830e+01 +5.606658300e+00 +5.606658300e+00 -3.4560e-01 +4.7261e-01 -4.8141e-01 -7.1154e-01 +4.0988e-01 -9.8702e-01 +3.8878e-01 -9.9960e-01 +1.2393e+00 -2.0287e+00
82 0 +4.002895882e+00 -6.277104118e+00 -6.277104118e+00 -3.8493e-01 +8.3113e-01 -6.0177e-01 -8.8903e-02 -6.0162e-01 -1.6239e+00 +5.9351e-01 -8.2965e-01 +1.1358e+00 -2.2748e+00
91 0 +3.921484149e+00 -6.358515851e+00 -6.358515851e+00 -8.8614e-02 +8.7232e-01 -1.0442e+00 -4.1026e-01 -1.1345e+00 -3.2378e-01 +5.1259e-01 -9.5551e-01 +1.4110e+00 -1.5938e+00
111 0 +3.861349486e+00 -6.418650514e+00 -6.418650514e+00 -5.3167e-01 +1.1727e+00 +6.2011e-02 -8.9503e-01 -7.0502e-01 -1.1107e+00 +1.0474e+00 -1.0277e+00 +1.5633e+00 -1.0454e+00
133 0 +3.521612577e+00 -6.758387423e+00 -6.758387423e+00 -2.7324e-01 +2.0900e-01 -1.8966e-01 -8.5407e-01 -3.9270e-01 -4.3672e-01 +2.0581e+00 -7.9413e-01 +2.3515e+00 -1.9621e+00
146 0 +3.238460082e+00 -7.041539918e+00 -7.041539918e+00 +1.7964e-02 +6.6700e-01 -3.3177e-01 -3.6118e-01 -5.6385e-01 -1.4898e+00 +2.1886e+00 -8.7826e-01 +2.3180e+00 -1.7451e+00
211 0 +3.196476426e+00 -7.083523574e+00 -7.083523574e+00 -1.4319e+00 +6.7772e-01 -5.1623e-01 -9.4634e-01 -2.9805e-01 -1.0008e+00 +1.3416e+00 -7.4427e-01 +1.6689e+00 -1.8383e+00
244 0 +3.142267805e+00 -7.137732195e+00 -7.137732195e+00 -1.6580e+00 +7.1663e-01 -4.4516e-01 -9.7005e-01 -3.0902e-01 -9.6179e-01 +7.9505e-01 -9.0002e-01 +1.7272e+00 -1.6498e+00
272 0 +2.752477021e+00 -7.527522979e+00 -7.527522979e+00 -1.5475e+00 +4.9411e-01 -3.2644e-01 -1.1015e+00 -2.5355e-01 -1.0949e+00 +1.1204e+00 -8.7657e-01 +1.6381e+00 -1.3462e+00
364 0 +2.574708431e+00 -7.705291569e+00 -7.705291569e+00 -1.4061e+00 +5.3816e-01 -2.8143e-01 -1.1680e+00 -1.8339e-01 -6.7533e-01 +1.2861e+00 -8.3516e-01 +1.6609e+00 -1.6434e+00
385 0 +2.536795919e+00 -7.743204081e+00 -7.743204081e+00 -1.5591e+00 +5.4197e-01 -3.3680e-01 -1.1973e+00 -1.3403e-01 -7.1669e-01 +1.2184e+00 -8.6648e-01 +1.6210e+00 -1.6073e+00
414 0 +2.489123785e+00 -7.790876215e+00 -7.790876215e+00 -1.5078e+00 +5.6626e-01 -3.1232e-01 -1.3861e+00 -6.4785e-02 -6.6436e-01 +1.2183e+00 -8.6419e-01 +1.5894e+00 -1.6756e+00
460 0 +2.445882181e+00 -7.834117819e+00 -7.834117819e+00 -1.4829e+00 +5.9191e-01 -3.0602e-01 -1.2270e+00 -1.1545e-01 -6.9973e-01 +1.1805e+00 -8.8019e-01 +1.5922e+00 -1.6394e+00
481 0 +2.381468594e+00 -7.898531406e+00 -7.898531406e+00 -1.4976e+00 +5.8926e-01 -3.0673e-01 -1.2633e+00 -1.2718e-01 -6.9229e-01 +1.1931e+00 -8.7158e-01 +1.6109e+00 -1.6786e+00
1000 0 +2.349798196e+00 -7.930201804e+00 -7.930201804e+00 -1.5133e+00 +6.0547e-01 -3.1882e-01 -1.2945e+00 -1.3901e-01 -6.8852e-01 +1.1920e+00 -8.5529e-01 +1.6142e+00 -1.6658e+00
% f evaluations | g evaluations | best noise-free fitness - Fopt (1.799700000000e+02) + sum g_i+ | measured fitness | best measured fitness or single-digit g-values | x1 | x2...
1 0 +1.125853884e+04 +1.143850884e+04 +1.143850884e+04 +5.4619e-02 -2.3400e-01 -4.8405e-02 -1.9334e-01 +4.3538e-03 +5.6738e-02 -2.5074e-01 +8.7264e-02 +1.6848e-01 +9.1461e-02
4 0 +8.011988003e+03 +8.191958003e+03 +8.191958003e+03 +4.1041e-02 -3.3194e-01 +6.2801e-01 -5.5794e-01 -3.4063e-01 +3.3655e-01 -4.7284e-01 +4.0505e-01 +1.2904e-01 +3.7234e-01
30 0 +6.549085091e+03 +6.729055091e+03 +6.729055091e+03 -2.8554e-01 -6.4558e-01 +4.7073e-02 -6.7228e-01 +1.9394e-01 -4.6491e-03 -2.0408e-01 +5.3462e-01 -8.2997e-01 -1.9588e-01
33 0 +4.428103962e+03 +4.608073962e+03 +4.608073962e+03 +1.4851e-01 -3.7359e-01 +4.3105e-01 -5.1090e-01 +3.2539e-01 -3.3174e-01 +5.4339e-01 +8.2502e-02 -1.8767e-01 +4.9085e-01
49 0 +3.792462889e+03 +3.972432889e+03 +3.972432889e+03 -4.3650e-02 -7.2883e-01 +8.3819e-01 -1.0554e+00 -4.3436e-01 -5.5421e-01 +2.2580e-02 +9.6240e-01 -9.3931e-01 +3.1479e-01
53 0 +1.899675201e+03 +2.079645201e+03 +2.079645201e+03 -1.0110e-01 -6.9318e-01 +3.5144e-01 -1.5220e+00 +2.5342e-01 -6.5208e-01 +2.8723e-01 +9.6277e-01 -1.2552e+00 +9.9155e-01
59 0 +1.249273794e+03 +1.429243794e+03 +1.429243794e+03 -2.2928e-01 -7.5201e-01 +5.7135e-01 -1.0343e+00 +3.4426e-01 +1.2611e-01 +4.1473e-01 +7.0739e-01 -3.3392e-01 +7.5922e-01
61 0 +7.845310354e+02 +9.645010354e+02 +9.645010354e+02 +5.1968e-01 -4.3886e-01 +7.5067e-01 -9.1300e-01 +4.3450e-01 -4.5806e-01 +2.0594e-01 +8.3011e-01 -8.8297e-01 +9.4505e-01
63 0 +7.688246732e+02 +9.487946732e+02 +9.487946732e+02 -8.7015e-01 -6.3739e-01 +6.8269e-01 -1.4407e+00 +5.3031e-01 +1.9460e-02 +5.8898e-01 +6.3379e-01 -6.5558e-01 +8.0075e-01
83 0 +4.562546947e+02 +6.362246947e+02 +6.362246947e+02 -3.2819e-01 -9.2898e-01 +7.3312e-01 -1.2989e+00 +4.1893e-01 +2.7837e-01 +1.6842e-01 +1.0844e+00 -6.4843e-01 +1.1219e+00
91 0 +1.784233201e+02 +3.583933201e+02 +3.583933201e+02 -9.8644e-03 -3.8872e-01 +4.3276e-01 -1.0545e+00 +7.6242e-01 +5.4503e-01 +3.1329e-01 +6.3641e-01 -1.2905e+00 +8.2825e-01
99 0 +6.459202875e+01 +2.445620288e+02 +2.445620288e+02 +1.4222e-01 -1.0772e+00 +5.2417e-01 -8.7643e-01 +7.0403e-01 +5.1655e-01 +2.8353e-01 +7.7241e-01 -1.1423e+00 +9.0955e-01
106 0 +4.036179374e+01 +2.203317937e+02 +2.203317937e+02 -2.8524e-01 -1.1230e+00 +1.8002e-02 -7.1429e-01 +2.7306e-01 +5.6639e-01 +4.5229e-01 +1.5388e+00 -8.3252e-01 +1.4293e+00
107 0 +5.262653930e+00 +1.852326539e+02 +1.852326539e+02 -2.7909e-01 -7.8866e-01 +4.3288e-01 -4.3107e-01 +7.7713e-01 +1.4895e-01 +6.3603e-01 +1.0615e+00 -1.3646e+00 +1.3355e+00
110 0 +4.664891511e+00 +1.846348915e+02 +1.846348915e+02 +2.1706e-01 -6.9651e-01 +4.1732e-01 -5.5582e-01 +4.6744e-01 +4.3706e-01 +4.3779e-01 +1.0455e+00 -8.2245e-01 +1.0200e+00
119 0 +4.548976812e+00 +1.845189768e+02 +1.845189768e+02 -4.4731e-01 -1.2605e+00 +3.8451e-02 -4.4856e-02 +4.3679e-01 +2.9209e-01 +7.6448e-01 +1.2654e+00 -9.3553e-01 +9.8466e-01
121 0 +4.378297425e+00 +1.843482974e+02 +1.843482974e+02 -4.4949e-01 -1.5595e+00 +2.0194e-01 +2.6546e-01 +1.0017e+00 +3.6071e-01 +5.6484e-01 +1.1385e+00 -7.8425e-01 +1.3455e+00
138 0 +4.022873646e+00 +1.839928736e+02 +1.839928736e+02 -6.3118e-01 -9.6903e-01 +6.4818e-01 -5.6987e-03 +6.1561e-01 +1.1951e+00 +1.3566e+00 +1.6321e+00 -9.7882e-01 +1.9399e+00
143 0 +3.812207647e+00 +1.837822076e+02 +1.837822076e+02 -6.0576e-01 -1.0247e+00 +8.6046e-01 +6.9881e-02 +1.0210e+00 +9.8806e-01 +6.9228e-01 +1.5803e+00 -1.0412e+00 +1.6485e+00
145 0 +3.541892242e+00 +1.835118922e+02 +1.835118922e+02 +5.4729e-02 -1.3054e+00 +1.0630e-01 +2.8606e-02 +5.5784e-01 +2.3596e-01 +4.5202e-01 +1.1176e+00 -9.8590e-01 +1.3062e+00
176 0 +3.215619761e+00 +1.831856198e+02 +1.831856198e+02 -4.5792e-01 -7.9321e-01 +1.1900e+00 -7.1770e-01 +6.8411e-01 +9.8342e-01 +1.1066e+00 +1.9782e+00 -1.2518e+00 +2.3473e+00
263 0 +2.961681640e+00 +1.829316816e+02 +1.829316816e+02 +1.0715e-01 -5.8596e-01 +1.1616e+00 +5.4110e-01 +1.1672e+00 +1.4258e+00 +6.3407e-01 +1.3092e+00 -1.0115e+00 +2.0682e+00
325 0 +2.794203272e+00 +1.827642033e+02 +1.827642033e+02 +2.5615e-01 -4.5971e-01 +1.3377e+00 -1.6608e-01 +1.0935e+00 +1.0082e+00 +7.1213e-01 +1.4010e+00 -1.0129e+00 +2.2924e+00
442 0 +2.658120462e+00 +1.826281205e+02 +1.826281205e+02 +4.0313e-01 -4.9526e-01 +1.4954e+00 -2.7823e-01 +1.0794e+00 +9.3254e-01 +7.0936e-01 +1.3478e+00 -1.4655e+00 +2.2796e+00
463 0 +2.629499582e+00 +1.825994996e+02 +1.825994996e+02 +2.7369e-01 -5.2022e-01 +1.4386e+00 -1.9066e-01 +1.0639e+00 +9.0471e-01 +7.0632e-01 +1.3338e+00 -1.4781e+00 +2.3062e+00
532 0 +2.570269481e+00 +1.825402695e+02 +1.825402695e+02 +2.6260e-01 -4.3070e-01 +1.4275e+00 -1.9349e-01 +1.0505e+00 +8.9140e-01 +7.4525e-01 +1.3307e+00 -1.4798e+00 +2.2431e+00
543 0 +2.504151464e+00 +1.824741515e+02 +1.824741515e+02 +2.2796e-01 -4.4488e-01 +1.4024e+00 -2.2781e-01 +1.0652e+00 +8.9728e-01 +7.1653e-01 +1.3299e+00 -1.4915e+00 +2.2570e+00
614 0 +2.448309305e+00 +1.824183093e+02 +1.824183093e+02 +2.1405e-01 -4.9026e-01 +1.3988e+00 -1.9033e-01 +1.0659e+00 +9.0893e-01 +7.3926e-01 +1.3384e+00 -1.4962e+00 +2.2540e+00
716 0 +2.395242982e+00 +1.823652430e+02 +1.823652430e+02 +1.5354e-01 -4.9847e-01 +1.3816e+00 -1.7290e-01 +1.0444e+00 +9.3210e-01 +7.2131e-01 +1.3391e+00 -1.4921e+00 +2.2597e+00
1000 0 +2.388831978e+00 +1.823588320e+02 +1.823588320e+02 +1.3109e-01 -5.1809e-01 +1.3844e+00 -1.7910e-01 +1.0399e+00 +9.3223e-01 +7.1845e-01 +1.3369e+00 -1.4941e+00 +2.2573e+00
% f evaluations | g evaluations | best noise-free fitness - Fopt (8.376000000000e+01) + sum g_i+ | measured fitness | best measured fitness or single-digit g-values | x1 | x2...
1 0 +9.538717794e+03 +9.622477794e+03 +9.622477794e+03 +3.6639e-01 +1.4807e-01 -5.8258e-02 +3.3384e-01 +8.5951e-02 +3.0425e-01 -1.9923e-01 +3.8256e-01 +3.4246e-01 +2.8921e-01
2 0 +8.162601100e+03 +8.246361100e+03 +8.246361100e+03 +9.7285e-02 -2.4957e-01 +4.3768e-02 +2.9752e-01 -3.7428e-01 +6.3576e-02 +3.1410e-01 +2.7316e-01 -1.5366e-01 -8.4692e-02
4 0 +7.910672223e+03 +7.994432223e+03 +7.994432223e+03 +1.6606e-01 +9.9120e-02 +1.5440e-01 +4.2925e-02 -1.3051e-01 -3.6788e-01 -3.0277e-01 -9.0857e-02 -2.9128e-01 +3.1775e-01
11 0 +5.823741962e+03 +5.907501962e+03 +5.907501962e+03 +3.7633e-01 -3.9521e-02 +6.2894e-01 -1.8524e-01 -2.3296e-01 -3.5566e-01 -1.8570e-01 +2.5081e-01 -2.5674e-02 +6.1867e-01
15 0 +3.435350996e+03 +3.519110996e+03 +3.519110996e+03 +1.1059e-01 +2.1979e-01 +3.6448e-01 +1.4993e-01 -3.4431e-03 -5.3772e-01 -1.4238e-01 +6.3652e-01 -4.9512e-01 +5.1017e-01
24 0 +1.991372789e+03 +2.075132789e+03 +2.075132789e+03 +2.6774e-01 +2.5396e-01 +5.0236e-01 -2.2818e-02 -2.4105e-01 -4.6068e-01 +2.1921e-01 +1.4050e-01 -7.7304e-01 +6.8323e-01
27 0 +1.428592843e+03 +1.512352843e+03 +1.512352843e+03 +5.1513e-01 -3.1532e-01 +8.9256e-01 -7.5020e-02 -4.5476e-01 -4.8763e-01 +2.2437e-01 +1.5645e+00 -8.2202e-01 +5.6247e-01
35 0 +1.178341388e+03 +1.262101388e+03 +1.262101388e+03 -3.7815e-02 -5.7909e-03 +7.7592e-01 +2.2057e-02 -1.7528e-01 +1.9690e-01 -3.2844e-01 +7.2070e-01 -8.8837e-01 +8.5768e-01
45 0 +1.798755649e+02 +2.636355649e+02 +2.636355649e+02 +4.2494e-01 -6.8856e-01 +1.3463e+00 -4.2398e-01 -8.0328e-01 -2.6573e-01 +3.5971e-01 +1.5602e+00 -8.9591e-01 +1.2134e+00
50 0 +1.408701023e+02 +2.246301023e+02 +2.246301023e+02 +3.7211e-01 -2.1305e-01 +2.8044e-01 +9.6948e-02 -9.2839e-01 -1.0339e-01 +2.5588e-01 +7.4253e-01 -9.9374e-01 +9.2124e-01
61 0 +8.053059727e+00 +9.181305973e+01 +9.181305973e+01 -1.7790e-01 -8.8655e-01 +1.4350e+00 -1.0092e+00 -5.4200e-01 +3.8489e-01 +3.5137e-01 +1.0950e+00 -1.2062e+00 +1.5055e+00
71 0 +4.686667439e+00 +8.844666744e+01 +8.844666744e+01 -9.5460e-01 -2.0344e-01 +9.9660e-01 -8.0642e-01 -6.9526e-01 +3.5493e-01 +6.3608e-01 +1.7216e+00 -1.2403e+00 +1.3350e+00
75 0 +4.308770709e+00 +8.806877071e+01 +8.806877071e+01 -8.5812e-01 -5.0312e-01 +1.6018e+00 -1.6699e+00 -4.3557e-01 +8.8377e-01 +7.7600e-01 +1.3661e+00 -7.0984e-01 +1.2759e+00
78 0 +4.124750202e+00 +8.788475020e+01 +8.788475020e+01 +4.7759e-02 -3.3036e-01 +1.2124e+00 -4.0668e-01 -5.2919e-01 +1.7141e-01 +1.0097e+00 +1.8895e+00 -5.1787e-01 +1.2454e+00
81 0 +3.171722041e+00 +8.693172204e+01 +8.693172204e+01 -9.4090e-01 -2.3540e-03 +1.7990e+00 -1.4517e+00 +5.0085e-01 +1.4366e+00 +1.6575e+00 +1.7757e+00 -1.2689e+00 +1.9058e+00
166 0 +3.145870132e+00 +8.690587013e+01 +8.690587013e+01 -7.5285e-02 +2.0104e-01 +1.6656e+00 +3.1209e-01 -2.0101e+00 +8.1713e-01 +2.3457e+00 +9.3701e-01 -1.6740e+00 +1.4923e+00
167 0 +2.866456967e+00 +8.662645697e+01 +8.662645697e+01 +9.9860e-01 +3.8155e-01 +1.5916e+00 +8.1299e-02 -1.9547e+00 +3.1158e-01 +2.6017e+00 +1.2060e+00 -1.3297e+00 +2.3206e+00
557 0 +2.815995363e+00 +8.657599536e+01 +8.657599536e+01 -3.7885e-01 +9.2782e-01 +3.1602e-01 -4.0530e-02 -1.3879e+00 +1.1999e+00 +2.3352e+00 +9.1830e-01 -1.0876e+00 +1.7825e+00
649 0 +2.753178711e+00 +8.651317871e+01 +8.651317871e+01 -3.4816e-01 +9.3858e-01 +3.0546e-01 -7.8016e-02 -1.3735e+00 +1.2067e+00 +2.3324e+00 +9.2779e-01 -1.0975e+00 +1.7940e+00
1000 0 +2.725246133e+00 +8.648524613e+01 +8.648524613e+01 -3.2673e-01 +9.8456e-01 +2.7276e-01 -9.8227e-02 -1.3605e+00 +1.1951e+00 +2.3323e+00 +9.3330e-01 -1.0979e+00 +1.7946e+00
% f evaluations | g evaluations | best noise-free fitness - Fopt (-3.890100000000e+02) + sum g_i+ | measured fitness | best measured fitness or single-digit g-values | x1 | x2...
1 0 +1.047221204e+04 +1.008320204e+04 +1.008320204e+04 +2.5331e-01 -1.5375e-01 -1.1634e-01 -7.8421e-02 +4.7281e-02 +5.4350e-01 -1.5053e-01 -1.2461e-01 +5.2525e-02 -7.6369e-02
2 0 +7.734149834e+03 +7.345139834e+03 +7.345139834e+03 +1.6762e-01 -1.9019e-01 -3.3755e-01 -2.2450e-01 +2.9013e-01 +1.8496e-01 +2.1111e-01 +2.9568e-01 +1.1590e-01 -1.6684e-01
4 0 +4.171555744e+03 +3.782545744e+03 +3.782545744e+03 +4.7652e-01 +1.2819e-01 -3.6594e-01 +1.8316e-02 -3.6643e-01 +5.9318e-02 -1.6632e-01 +5.3142e-01 +4.1862e-01 -1.6552e-01
14 0 +1.600955081e+02 -2.289144919e+02 -2.289144919e+02 +1.8516e-01 -1.5648e-01 +1.9547e-01 -4.9902e-01 -8.1871e-01 +1.3432e-01 -7.5357e-01 +7.3851e-01 +5.9964e-01 -9.5829e-01
30 0 +5.290790662e+00 -3.837192093e+02 -3.837192093e+02 +6.1958e-01 -6.4044e-01 -3.4435e-01 +3.1839e-01 -4.5325e-01 -3.1411e-01 -6.5852e-01 +8.0008e-01 +1.1170e+00 -9.6300e-01
34 0 +4.654850389e+00 -3.843551496e+02 -3.843551496e+02 +6.5153e-01 -9.8312e-01 -5.8535e-01 +2.4806e-01 -6.0793e-01 -1.8902e-01 -8.0735e-01 +7.9677e-01 +1.0664e+00 -1.0969e+00
42 0 +4.149826099e+00 -3.848601739e+02 -3.848601739e+02 +8.5454e-01 -4.5925e-01 -9.4052e-01 +7.0439e-01 -8.7353e-01 -5.0264e-01 -5.0198e-01 +9.6889e-01 +1.1512e+00 -1.3519e+00
60 0 +3.737283612e+00 -3.852727164e+02 -3.852727164e+02 +1.0178e+00 -6.3032e-01 -4.5200e-01 -6.9114e-02 -5.1171e-01 -1.3507e+00 -1.3287e+00 +1.7282e+00 +1.6330e+00 -1.8677e+00
62 0 +3.556444639e+00 -3.854535554e+02 -3.854535554e+02 +1.2278e+00 -7.9238e-01 -4.3788e-01 +5.2274e-03 -6.3782e-01 -1.8808e+00 -1.0136e+00 +2.2782e+00 +1.0817e+00 -1.8304e+00
80 0 +3.038120709e+00 -3.859718793e+02 -3.859718793e+02 +1.3451e+00 -7.5778e-01 +3.7618e-01 +4.1408e-01 -1.0139e+00 -1.5933e+00 -5.4571e-01 +1.3118e+00 +1.6588e+00 -2.1587e+00
135 0 +2.916862816e+00 -3.860931372e+02 -3.860931372e+02 -1.2183e+00 -9.5325e-01 -2.7219e-01 -8.7117e-01 -1.8750e-01 -1.6510e+00 -5.0888e-01 +2.5231e+00 +1.2126e+00 -1.2166e+00
457 0 +2.842726133e+00 -3.861672739e+02 -3.861672739e+02 -3.1393e-01 -2.2249e-01 -5.3835e-01 -1.6809e-01 -1.0072e+00 -1.3347e+00 -1.7500e+00 +1.7258e+00 +8.9947e-01 -1.2451e+00
465 0 +2.796951706e+00 -3.862130483e+02 -3.862130483e+02 -4.2350e-01 -2.5212e-01 -5.3797e-01 -6.2963e-02 -1.0987e+00 -1.4040e+00 -1.7946e+00 +1.7225e+00 +8.6691e-01 -1.2820e+00
476 0 +2.736651243e+00 -3.862733488e+02 -3.862733488e+02 -3.6171e-01 -2.2334e-01 -4.1188e-01 -1.0176e-01 -1.0855e+00 -1.3395e+00 -1.8032e+00 +1.7656e+00 +9.0671e-01 -1.2470e+00
489 0 +2.621297754e+00 -3.863887022e+02 -3.863887022e+02 -3.3794e-01 -2.0323e-01 -4.7890e-01 -7.7756e-02 -1.0657e+00 -1.4113e+00 -1.7118e+00 +1.7598e+00 +8.9399e-01 -1.2820e+00
552 0 +2.567585230e+00 -3.864424148e+02 -3.864424148e+02 -2.3526e-01 -1.7622e-01 -4.3305e-01 -5.4521e-02 -1.0185e+00 -1.2672e+00 -1.8013e+00 +1.7546e+00 +8.7988e-01 -1.2440e+00
619 0 +2.507300815e+00 -3.865026992e+02 -3.865026992e+02 -2.7068e-01 -1.9389e-01 -4.5013e-01 -4.1537e-02 -1.0142e+00 -1.2625e+00 -1.7913e+00 +1.7428e+00 +8.8570e-01 -1.2675e+00
806 0 +2.454515534e+00 -3.865554845e+02 -3.865554845e+02 -3.0318e-01 -1.6858e-01 -4.7478e-01 -4.7748e-02 -9.8384e-01 -1.2906e+00 -1.8017e+00 +1.7331e+00 +9.0086e-01 -1.2589e+00
1000 0 +2.450112074e+00 -3.865598879e+02 -3.865598879e+02 -3.1541e-01 -1.6128e-01 -4.7681e-01 -4.6198e-02 -9.8048e-01 -1.2900e+00 -1.8042e+00 +1.7356e+00 +8.9715e-01 -1.2642e+00
% f evaluations | g evaluations | best noise-free fitness - Fopt (-1.455800000000e+02) + sum g_i+ | measured fitness | best measured fitness or single-digit g-values | x1 | x2...
1 0 +1.172539585e+04 +1.157981585e+04 +1.157981585e+04 -4.1635e-02 +3.2028e-01 -7.0373e-01 +1.5248e-01 -1.1422e-01 +2.0651e-01 -1.5747e-01 +4.8346e-02 -2.9262e-01 +3.0217e-01
2 0 +8.268899260e+03 +8.123319260e+03 +8.123319260e+03 -4.0051e-01 +4.3267e-02 +8.6465e-02 +4.4485e-01 +3.8473e-01 -2.2547e-01 +4.0712e-01 +6.4602e-02 +1.2484e-01 -2.5195e-01
3 0 +7.212699134e+03 +7.067119134e+03 +7.067119134e+03 +8.5193e-02 -2.1403e-02 +4.1639e-01 +7.7554e-02 +2.5468e-01 -5.9434e-01 -1.0350e-01 +4.4881e-01 +1.9360e-01 -3.4461e-01
6 0 +6.686527944e+03 +6.540947944e+03 +6.540947944e+03 +6.4052e-01 -9.1285e-02 -1.7301e-01 -1.0962e-03 -4.3754e-01 -3.3775e-02 -1.6631e-01 +1.4294e-01 -1.3494e-01 -2.9399e-01
11 0 +5.864995478e+03 +5.719415478e+03 +5.719415478e+03 +6.0410e-01 -2.8654e-01 +2.2795e-01 +6.2221e-02 -4.5098e-01 +5.0433e-01 +4.9224e-01 +6.1624e-01 -3.1451e-01 -3.2601e-02
13 0 +3.037472623e+03 +2.891892623e+03 +2.891892623e+03 +1.9106e-02 +1.7062e-01 +1.8908e-01 -1.5438e-02 -2.6379e-01 -2.0019e-01 +3.5225e-04 +5.8232e-01 -3.8968e-02 -7.5902e-01
27 0 +2.213961030e+03 +2.068381030e+03 +2.068381030e+03 +3.6401e-01 +4.7783e-01 +2.2238e-01 +3.5430e-01 -2.2933e-01 -2.4173e-01 -3.1926e-01 +5.0259e-01 -3.1136e-01 -1.3280e+00
36 0 +1.059430069e+03 +9.138500692e+02 +9.138500692e+02 +1.7826e-01 +5.7368e-01 +1.3328e-01 +3.1514e-02 -1.0127e-01 -7.3216e-01 -2.5738e-01 +7.5426e-01 -9.1000e-01 -6.1328e-01
42 0 +9.700475754e+02 +8.244675754e+02 +8.244675754e+02 +5.2744e-01 +2.7557e-01 +6.0900e-01 +2.3443e-02 -4.2632e-01 -6.9749e-01 -3.8365e-01 +1.4263e+00 -4.9333e-01 -1.0850e+00
44 0 +4.469127707e+02 +3.013327707e+02 +3.013327707e+02 +5.3998e-01 +2.7426e-01 -2.2169e-01 +3.4100e-02 -5.5826e-01 -3.7676e-01 -8.7862e-02 +9.1094e-01 -1.2958e+00 -8.9250e-01
50 0 +3.339807678e+02 +1.884007678e+02 +1.884007678e+02 +1.0652e-01 -4.0883e-02 +3.7202e-01 +5.2764e-02 -3.6421e-01 -3.8650e-01 +6.9258e-02 +5.0034e-01 -9.5920e-01 -1.4579e+00
51 0 +2.848198310e+02 +1.392398310e+02 +1.392398310e+02 -2.8388e-01 +2.0064e-01 +9.0571e-01 -8.0285e-02 -1.2126e+00 -7.1130e-01 -6.6350e-03 +5.6105e-01 -1.0296e+00 -1.5444e+00
53 0 +2.803397830e+01 -1.175460217e+02 -1.175460217e+02 +5.6695e-01 +2.7726e-01 -1.5050e-01 +4.4429e-01 -7.8869e-01 -6.5867e-01 +2.1405e-01 +1.7556e+00 -5.4316e-01 -1.8019e+00
67 0 +2.631770564e+01 -1.192622944e+02 -1.192622944e+02 +8.9175e-02 -6.8208e-02 +1.0935e-01 +1.8507e-01 -9.4309e-01 -6.6944e-01 +2.1904e-01 +9.1809e-01 -9.8740e-01 -1.1062e+00
79 0 +3.866196687e+00 -1.417138033e+02 -1.417138033e+02 -5.4264e-01 -3.9297e-01 +7.3166e-01 -5.5872e-03 -8.6792e-01 -1.1469e+00 +5.2335e-01 +9.6906e-01 -7.6727e-01 -1.4228e+00
86 0 +3.793308571e+00 -1.417866914e+02 -1.417866914e+02 -1.6299e-01 +3.6251e-01 +9.9212e-01 -5.7045e-02 -1.3018e+00 -1.2517e+00 +5.5121e-01 +1.3616e+00 -1.1345e+00 -1.2951e+00
91 0 +3.375630558e+00 -1.422043694e+02 -1.422043694e+02 +1.0380e-01 +1.3132e-01 +6.7849e-01 +2.0550e-01 -5.9599e-01 -1.8550e+00 +5.2819e-01 +6.0670e-01 -1.1470e+00 -1.2218e+00
183 0 +3.028318551e+00 -1.425516814e+02 -1.425516814e+02 -1.5709e-01 -1.8512e-01 +8.3766e-01 +1.8055e-01 -1.0155e+00 -6.1782e-01 +1.9129e+00 +2.1548e+00 -8.0224e-01 -1.3785e+00
464 0 +3.003214253e+00 -1.425767857e+02 -1.425767857e+02 -1.0916e-01 +6.0476e-01 +1.1386e+00 +7.0960e-02 -1.3441e+00 -1.3524e+00 +1.3343e+00 +2.2663e+00 -1.0641e+00 -1.7949e+00
495 0 +2.929871443e+00 -1.426501286e+02 -1.426501286e+02 -6.6711e-02 +5.7035e-01 +1.1085e+00 +1.1285e-01 -1.3102e+00 -1.3580e+00 +1.2771e+00 +2.3375e+00 -1.0804e+00 -1.7827e+00
550 0 +2.876208259e+00 -1.427037917e+02 -1.427037917e+02 -1.1675e-01 +5.6290e-01 +1.0792e+00 +8.8001e-02 -1.3053e+00 -1.3666e+00 +1.2377e+00 +2.3004e+00 -1.0792e+00 -1.8104e+00
1000 0 +2.844170061e+00 -1.427358299e+02 -1.427358299e+02 -1.3673e-01 +5.1917e-01 +1.1474e+00 +1.1810e-01 -1.3233e+00 -1.3613e+00 +1.2542e+00 +2.3180e+00 -1.0716e+00 -1.8007e+00
