% f evaluations | g evaluations | best noise-free fitness - Fopt (2.997000000000e+01) + sum g_i+ | measured fitness | best measured fitness or single-digit g-values | x1 | x2...
1 0 +1.167378055e+03 +1.197348055e+03 +1.197348055e+03 +5.7085e-02 -2.5767e-01 +2.9896e-01 +2.4833e-01 -2.9087e-02
2 0 +9.103663944e+02 +9.403363944e+02 +9.403363944e+02 -2.2462e-01 +4.1183e-01 -6.8652e-01 -9.7342e-03 -1.0376e-01
23 0 +8.654238679e+02 +8.953938679e+02 +8.953938679e+02 -3.8603e-01 -4.1081e-01 -7.5613e-01 -5.1226e-01 +1.4280e-02
29 0 +6.996101551e+02 +7.295801551e+02 +7.295801551e+02 -5.5039e-02 +2.8116e-01 -1.1258e+00 -6.9958e-01 +2.6900e-01
38 0 +6.650644403e+02 +6.950344403e+02 +6.950344403e+02 -2.9679e-01 +4.2495e-01 -1.1847e+00 -9.4954e-01 +1.1435e-01
44 0 +6.401082090e+02 +6.700782090e+02 +6.700782090e+02 -4.7007e-01 +3.1936e-01 -1.1617e+00 -1.1667e+00 +3.2077e-01
45 0 +5.559548241e+02 +5.859248241e+02 +5.859248241e+02 -6.1191e-01 +4.1670e-01 -1.6990e+00 -1.3209e+00 +2.4948e-01
58 0 +4.389705611e+02 +4.689405611e+02 +4.689405611e+02 -4.1565e-01 +8.3068e-01 -2.5532e+00 -1.7214e+00 +5.5208e-01
71 0 +3.608024729e+02 +3.907724729e+02 +3.907724729e+02 -4.7467e-01 +2.3532e-01 -2.3388e+00 -2.5864e+00 +6.7143e-01
75 0 +3.290118128e+02 +3.589818128e+02 +3.589818128e+02 +4.3670e-01 -2.2620e-01 -2.0188e+00 -2.0951e+00 +1.0539e+00
80 0 +2.750088222e+02 +3.049788222e+02 +3.049788222e+02 +1.7077e-01 -2.2678e-01 -2.1948e+00 -2.6517e+00 +1.4759e+00
115 0 +2.445282873e+02 +2.744982873e+02 +2.744982873e+02 +5.3214e-01 -2.4266e-01 -2.4945e+00 -2.7494e+00 +1.6923e+00
133 0 +2.276367656e+02 +2.576067656e+02 +2.576067656e+02 +6.8184e-02 +1.1619e-01 -2.8484e+00 -2.5511e+00 +1.9162e+00
135 0 +1.982404293e+02 +2.282104293e+02 +2.282104293e+02 +6.6427e-01 +9.9293e-02 -2.9050e+00 -2.2452e+00 +2.1432e+00
144 0 +1.870240182e+02 +2.169940182e+02 +2.169940182e+02 +2.7923e-01 -3.9526e-02 -2.9321e+00 -2.0926e+00 +2.0387e+00
163 0 +1.529635980e+02 +1.829335980e+02 +1.829335980e+02 +1.6805e-01 -1.8344e-01 -2.7922e+00 -2.1280e+00 +2.3475e+00
170 0 +1.360736487e+02 +1.660436487e+02 +1.660436487e+02 +3.8879e-01 -2.1529e-01 -2.9662e+00 -2.3169e+00 +2.5664e+00
190 0 +1.278797655e+02 +1.578497655e+02 +1.578497655e+02 +1.4751e-01 -2.8372e-01 -2.8651e+00 -2.1618e+00 +2.6207e+00
195 0 +1.240269627e+02 +1.539969627e+02 +1.539969627e+02 +2.7831e-01 -4.6632e-01 -2.8299e+00 -2.1175e+00 +2.7730e+00
201 0 +1.208649517e+02 +1.508349517e+02 +1.508349517e+02 +2.0416e-01 -3.6235e-01 -3.0664e+00 -2.1912e+00 +2.5893e+00
204 0 +1.122479650e+02 +1.422179650e+02 +1.422179650e+02 +2.9738e-01 -5.4173e-01 -2.9373e+00 -2.0951e+00 +2.6899e+00
226 0 +1.103339147e+02 +1.403039147e+02 +1.403039147e+02 +2.0980e-01 -4.3944e-01 -3.0604e+00 -2.1386e+00 +2.6535e+00
229 0 +9.571189121e+01 +1.256818912e+02 +1.256818912e+02 +2.8363e-01 -3.5663e-01 -3.1145e+00 -2.1353e+00 +2.8178e+00
236 0 +9.191558889e+01 +1.218855889e+02 +1.218855889e+02 +2.5331e-01 -3.7376e-01 -3.1467e+00 -2.0623e+00 +2.8325e+00
240 0 +8.873591669e+01 +1.187059167e+02 +1.187059167e+02 +2.2010e-01 -5.5636e-01 -3.1970e+00 -2.2091e+00 +2.9769e+00
241 0 +8.490303796e+01 +1.148730380e+02 +1.148730380e+02 +2.0713e-01 -5.4424e-01 -3.1265e+00 -2.1707e+00 +3.0228e+00
242 0 +7.869650191e+01 +1.086665019e+02 +1.086665019e+02 +2.3970e-01 -4.7194e-01 -3.1891e+00 -2.0830e+00 +2.9683e+00
253 0 +6.422849777e+01 +9.419849777e+01 +9.419849777e+01 +2.7759e-01 -5.9891e-01 -3.1974e+00 -2.0556e+00 +3.0978e+00
264 0 +6.192583905e+01 +9.189583905e+01 +9.189583905e+01 +3.3312e-01 -6.8257e-01 -3.1688e+00 -1.9967e+00 +3.2047e+00
269 0 +5.492515438e+01 +8.489515438e+01 +8.489515438e+01 +2.7408e-01 -6.7668e-01 -3.2559e+00 -2.0289e+00 +3.2412e+00
284 0 +5.352794893e+01 +8.349794893e+01 +8.349794893e+01 +3.1863e-01 -6.9765e-01 -3.3105e+00 -2.0837e+00 +3.3863e+00
288 0 +4.866234871e+01 +7.863234871e+01 +7.863234871e+01 +2.9942e-01 -7.4344e-01 -3.3542e+00 -2.0359e+00 +3.4427e+00
294 0 +4.596781595e+01 +7.593781595e+01 +7.593781595e+01 +3.5114e-01 -8.0391e-01 -3.3510e+00 -2.0143e+00 +3.4759e+00
298 0 +4.305470497e+01 +7.302470497e+01 +7.302470497e+01 +3.8299e-01 -7.7262e-01 -3.3768e+00 -2.0460e+00 +3.4072e+00
308 0 +3.784925622e+01 +6.781925622e+01 +6.781925622e+01 +3.9400e-01 -7.3075e-01 -3.4253e+00 -2.0034e+00 +3.4850e+00
315 0 +2.836183080e+01 +5.833183080e+01 +5.833183080e+01 +4.1062e-01 -7.5323e-01 -3.4116e+00 -1.9639e+00 +3.4728e+00
324 0 +2.570928659e+01 +5.567928659e+01 +5.567928659e+01 +3.8220e-01 -6.9065e-01 -3.3567e+00 -1.9262e+00 +3.4089e+00
332 0 +2.513777652e+01 +5.510777652e+01 +5.510777652e+01 +4.3442e-01 -7.0870e-01 -3.3243e+00 -1.9129e+00 +3.3867e+00
338 0 +1.744688339e+01 +4.741688339e+01 +4.741688339e+01 +4.6087e-01 -7.2359e-01 -3.4316e+00 -1.9079e+00 +3.4949e+00
357 0 +1.215532988e+01 +4.212532988e+01 +4.212532988e+01 +4.6511e-01 -7.4521e-01 -3.4136e+00 -1.8911e+00 +3.4736e+00
369 0 +9.701131651e+00 +3.967113165e+01 +3.967113165e+01 +4.7178e-01 -7.5282e-01 -3.4244e+00 -1.8707e+00 +3.4778e+00
375 0 +7.917639556e+00 +3.788763956e+01 +3.788763956e+01 +4.9199e-01 -7.5183e-01 -3.4265e+00 -1.8728e+00 +3.4912e+00
390 0 +7.638818210e+00 +3.760881821e+01 +3.760881821e+01 +4.9602e-01 -7.3891e-01 -3.4144e+00 -1.8769e+00 +3.4774e+00
391 0 +7.535864306e+00 +3.750586431e+01 +3.750586431e+01 +4.8851e-01 -7.5703e-01 -3.4248e+00 -1.8656e+00 +3.4960e+00
394 0 +6.934380081e+00 +3.690438008e+01 +3.690438008e+01 +4.9701e-01 -7.4359e-01 -3.4304e+00 -1.8623e+00 +3.4848e+00
401 0 +6.819310158e+00 +3.678931016e+01 +3.678931016e+01 +4.9696e-01 -7.5194e-01 -3.4335e+00 -1.8606e+00 +3.4894e+00
403 0 +6.587024978e+00 +3.655702498e+01 +3.655702498e+01 +4.9428e-01 -7.5185e-01 -3.4275e+00 -1.8646e+00 +3.4921e+00
409 0 +5.922605490e+00 +3.589260549e+01 +3.589260549e+01 +4.9253e-01 -7.4665e-01 -3.4167e+00 -1.8610e+00 +3.4741e+00
417 0 +5.504887682e+00 +3.547488768e+01 +3.547488768e+01 +4.9746e-01 -7.5152e-01 -3.4179e+00 -1.8551e+00 +3.4782e+00
431 0 +5.416480971e+00 +3.538648097e+01 +3.538648097e+01 +4.9869e-01 -7.5641e-01 -3.4240e+00 -1.8601e+00 +3.4881e+00
436 0 +5.148912977e+00 +3.511891298e+01 +3.511891298e+01 +5.0017e-01 -7.4957e-01 -3.4151e+00 -1.8586e+00 +3.4729e+00
441 0 +5.035262051e+00 +3.500526205e+01 +3.500526205e+01 +4.9940e-01 -7.5139e-01 -3.4177e+00 -1.8581e+00 +3.4775e+00
442 0 +4.706372801e+00 +3.467637280e+01 +3.467637280e+01 +5.0129e-01 -7.4966e-01 -3.4178e+00 -1.8586e+00 +3.4744e+00
452 0 +4.675410580e+00 +3.464541058e+01 +3.464541058e+01 +5.0151e-01 -7.5130e-01 -3.4247e+00 -1.8579e+00 +3.4845e+00
455 0 +4.440830085e+00 +3.441083008e+01 +3.441083008e+01 +5.0194e-01 -7.5095e-01 -3.4216e+00 -1.8578e+00 +3.4792e+00
462 0 +4.254223920e+00 +3.422422392e+01 +3.422422392e+01 +5.0359e-01 -7.5308e-01 -3.4209e+00 -1.8574e+00 +3.4795e+00
478 0 +4.144281771e+00 +3.411428177e+01 +3.411428177e+01 +5.0413e-01 -7.5279e-01 -3.4226e+00 -1.8573e+00 +3.4834e+00
482 0 +4.065704627e+00 +3.403570463e+01 +3.403570463e+01 +5.0477e-01 -7.5277e-01 -3.4237e+00 -1.8559e+00 +3.4827e+00
492 0 +3.970892489e+00 +3.394089249e+01 +3.394089249e+01 +5.0528e-01 -7.5330e-01 -3.4229e+00 -1.8558e+00 +3.4818e+00
504 0 +3.927528666e+00 +3.389752867e+01 +3.389752867e+01 +5.0594e-01 -7.5402e-01 -3.4228e+00 -1.8552e+00 +3.4835e+00
% f evaluations | g evaluations | best noise-free fitness - Fopt (-5.171000000000e+01) + sum g_i+ | measured fitness | best measured fitness or single-digit g-values | x1 | x2...
1 0 +1.295654466e+03 +1.243944466e+03 +1.243944466e+03 +2.4337e-01 -5.0646e-01 -1.8307e-01 +4.4688e-01 -7.2599e-02
2 0 +1.167237987e+03 +1.115527987e+03 +1.115527987e+03 +4.6393e-01 +1.0810e-01 +5.1884e-02 -1.4722e-01 +5.3759e-01
13 0 +1.128053593e+03 +1.076343593e+03 +1.076343593e+03 +2.4585e-01 +3.8979e-01 -4.0863e-01 -2.1600e-01 +3.3195e-01
18 0 +1.072930826e+03 +1.021220826e+03 +1.021220826e+03 +3.0811e-01 +5.8223e-01 -4.7571e-01 -6.2555e-01 +2.0834e-01
19 0 +1.019712070e+03 +9.680020700e+02 +9.680020700e+02 +6.8133e-01 +6.5564e-01 -6.0959e-01 -3.9154e-01 +2.2215e-01
28 0 +9.069216324e+02 +8.552116324e+02 +8.552116324e+02 +5.7423e-01 +1.4454e+00 -7.5630e-01 -1.0315e+00 +4.3636e-01
35 0 +7.970660021e+02 +7.453560021e+02 +7.453560021e+02 +1.3409e+00 +9.1503e-01 -1.2009e+00 -8.9483e-01 +5.3846e-01
42 0 +7.415147509e+02 +6.898047509e+02 +6.898047509e+02 +2.2078e+00 +1.7990e+00 -4.8871e-01 -9.9334e-01 +2.9368e-01
44 0 +7.289569337e+02 +6.772469337e+02 +6.772469337e+02 +1.1050e+00 +1.0884e+00 -1.3959e+00 -1.3971e+00 +1.1166e+00
49 0 +5.719803450e+02 +5.202703450e+02 +5.202703450e+02 +1.9874e+00 +1.4656e+00 -1.5955e+00 -1.7847e+00 +4.3742e-01
52 0 +5.538149027e+02 +5.021049027e+02 +5.021049027e+02 +2.2491e+00 +1.5361e+00 -1.5908e+00 -1.3838e+00 +1.6819e+00
56 0 +4.903790875e+02 +4.386690875e+02 +4.386690875e+02 +2.6932e+00 +2.1584e+00 -1.8580e+00 -1.6378e+00 -2.4222e-01
60 0 +3.367475678e+02 +2.850375678e+02 +2.850375678e+02 +3.4701e+00 +2.2498e+00 -1.8354e+00 -2.5725e+00 +5.8426e-01
70 0 +2.420202237e+02 +1.903102237e+02 +1.903102237e+02 +3.6643e+00 +3.5838e+00 -1.9654e+00 -4.7759e+00 -9.5959e-01
76 0 +1.174059155e+02 +6.569591552e+01 +6.569591552e+01 +3.4317e+00 +4.5925e+00 -2.1490e+00 -3.1489e+00 -4.4868e-01
130 0 +5.252719000e+01 +8.171900042e-01 +8.171900042e-01 +2.8952e+00 +4.2532e+00 -2.7960e+00 -3.9328e+00 +4.2393e-02
189 0 +4.932289006e+01 -2.387109944e+00 -2.387109944e+00 +3.0362e+00 +3.9694e+00 -2.7173e+00 -3.8476e+00 -6.3750e-02
206 0 +4.750103927e+01 -4.208960728e+00 -4.208960728e+00 +3.0822e+00 +3.9422e+00 -2.6870e+00 -3.8446e+00 -1.2880e-02
219 0 +4.530473563e+01 -6.405264371e+00 -6.405264371e+00 +3.0904e+00 +3.9815e+00 -2.7351e+00 -3.8780e+00 -1.3354e-03
221 0 +4.001913655e+01 -1.169086345e+01 -1.169086345e+01 +3.1126e+00 +3.9693e+00 -2.7380e+00 -3.7107e+00 +2.4084e-03
225 0 +3.739883784e+01 -1.431116216e+01 -1.431116216e+01 +3.0893e+00 +4.0498e+00 -2.7502e+00 -3.7809e+00 -3.2186e-02
241 0 +3.571758846e+01 -1.599241154e+01 -1.599241154e+01 +3.0975e+00 +3.9679e+00 -2.7325e+00 -3.7138e+00 +3.6922e-02
249 0 +3.462052439e+01 -1.708947561e+01 -1.708947561e+01 +3.0652e+00 +3.9587e+00 -2.7317e+00 -3.7219e+00 +4.7954e-02
250 0 +3.255753634e+01 -1.915246366e+01 -1.915246366e+01 +3.0601e+00 +3.9934e+00 -2.6988e+00 -3.6936e+00 +6.6837e-02
259 0 +2.644031717e+01 -2.526968283e+01 -2.526968283e+01 +3.0853e+00 +4.0509e+00 -2.7604e+00 -3.7404e+00 +6.3767e-02
265 0 +2.061216731e+01 -3.109783269e+01 -3.109783269e+01 +3.0715e+00 +4.0683e+00 -2.7438e+00 -3.6751e+00 +7.5529e-02
284 0 +2.030472420e+01 -3.140527580e+01 -3.140527580e+01 +3.0490e+00 +4.0715e+00 -2.7431e+00 -3.6349e+00 +1.0038e-01
287 0 +1.816644829e+01 -3.354355171e+01 -3.354355171e+01 +3.0496e+00 +4.0915e+00 -2.7620e+00 -3.7042e+00 +7.4911e-02
292 0 +1.755449233e+01 -3.415550767e+01 -3.415550767e+01 +3.0631e+00 +4.0832e+00 -2.7757e+00 -3.6911e+00 +1.0189e-01
295 0 +1.736061097e+01 -3.434938903e+01 -3.434938903e+01 +3.0517e+00 +4.0876e+00 -2.7699e+00 -3.6991e+00 +9.9820e-02
296 0 +1.512310860e+01 -3.658689140e+01 -3.658689140e+01 +3.0527e+00 +4.0746e+00 -2.7835e+00 -3.6688e+00 +1.0243e-01
306 0 +1.467523933e+01 -3.703476067e+01 -3.703476067e+01 +3.0477e+00 +4.0815e+00 -2.7809e+00 -3.6750e+00 +9.9430e-02
312 0 +1.350863299e+01 -3.820136701e+01 -3.820136701e+01 +3.0426e+00 +4.0816e+00 -2.7896e+00 -3.6478e+00 +1.0738e-01
323 0 +1.322337070e+01 -3.848662930e+01 -3.848662930e+01 +3.0413e+00 +4.0776e+00 -2.7912e+00 -3.6624e+00 +1.1028e-01
333 0 +1.272413454e+01 -3.898586546e+01 -3.898586546e+01 +3.0377e+00 +4.0834e+00 -2.7929e+00 -3.6529e+00 +1.1033e-01
340 0 +1.230629776e+01 -3.940370224e+01 -3.940370224e+01 +3.0409e+00 +4.0853e+00 -2.7936e+00 -3.6592e+00 +1.1227e-01
342 0 +1.197497767e+01 -3.973502233e+01 -3.973502233e+01 +3.0404e+00 +4.0871e+00 -2.7949e+00 -3.6632e+00 +1.1851e-01
346 0 +1.154622164e+01 -4.016377836e+01 -4.016377836e+01 +3.0326e+00 +4.0864e+00 -2.7932e+00 -3.6541e+00 +1.1683e-01
349 0 +1.124277189e+01 -4.046722811e+01 -4.046722811e+01 +3.0369e+00 +4.0901e+00 -2.7974e+00 -3.6521e+00 +1.1842e-01
360 0 +1.091207429e+01 -4.079792571e+01 -4.079792571e+01 +3.0345e+00 +4.0888e+00 -2.7959e+00 -3.6547e+00 +1.1922e-01
381 0 +1.070297042e+01 -4.100702958e+01 -4.100702958e+01 +3.0356e+00 +4.0883e+00 -2.7981e+00 -3.6540e+00 +1.2321e-01
399 0 +1.043231721e+01 -4.127768279e+01 -4.127768279e+01 +3.0339e+00 +4.0896e+00 -2.7967e+00 -3.6547e+00 +1.2369e-01
432 0 +1.020353408e+01 -4.150646592e+01 -4.150646592e+01 +3.0344e+00 +4.0887e+00 -2.7961e+00 -3.6530e+00 +1.2366e-01
504 0 +1.015101720e+01 -4.155898280e+01 -4.155898280e+01 +3.0345e+00 +4.0889e+00 -2.7961e+00 -3.6525e+00 +1.2381e-01
% f evaluations | g evaluations | best noise-free fitness - Fopt (-2.799500000000e+02) + sum g_i+ | measured fitness | best measured fitness or single-digit g-values | x1 | x2...
1 0 +1.898099751e+03 +1.618149751e+03 +1.618149751e+03 -1.0479e-01 +1.6854e-02 -5.1933e-02 -2.0514e-01 -1.2242e-01
5 0 +1.816711424e+03 +1.536761424e+03 +1.536761424e+03 -1.1249e-01 -3.8364e-01 -3.9045e-01 +1.2833e-01 -1.4753e-01
20 0 +1.744307368e+03 +1.464357368e+03 +1.464357368e+03 -5.3142e-01 -8.0810e-02 +5.5246e-01 -1.0010e-01 -5.0320e-01
26 0 +1.716816599e+03 +1.436866599e+03 +1.436866599e+03 -3.5370e-01 -4.3708e-01 +8.0516e-01 -1.6700e-01 +2.2435e-02
27 0 +1.578889029e+03 +1.298939029e+03 +1.298939029e+03 -5.7698e-01 -7.3464e-01 +5.7980e-01 -6.5536e-02 -5.7264e-01
34 0 +1.546537480e+03 +1.266587480e+03 +1.266587480e+03 -7.8463e-01 -6.1400e-01 +7.2836e-01 -7.1979e-02 -8.3853e-01
40 0 +1.494223478e+03 +1.214273478e+03 +1.214273478e+03 -8.9542e-01 -7.2312e-01 +1.3174e+00 +2.6097e-01 -4.5078e-01
41 0 +1.459320500e+03 +1.179370500e+03 +1.179370500e+03 -6.9231e-01 -1.0400e+00 +8.0146e-01 +3.9807e-01 -7.9414e-01
45 0 +1.328851879e+03 +1.048901879e+03 +1.048901879e+03 -1.3158e+00 -1.1301e+00 +8.7959e-01 -1.8687e-02 -7.9766e-01
49 0 +1.231721625e+03 +9.517716254e+02 +9.517716254e+02 -1.3534e+00 -1.2729e+00 +1.5305e+00 +3.9502e-01 -1.2176e+00
50 0 +9.371660999e+02 +6.572160999e+02 +6.572160999e+02 -2.0346e+00 -2.0475e+00 +2.1720e+00 -1.4847e-01 -7.4755e-01
67 0 +8.260036012e+02 +5.460536012e+02 +5.460536012e+02 -1.8364e+00 -2.9421e+00 +1.8024e+00 -2.6328e-01 -4.0499e-01
73 0 +6.221561481e+02 +3.422061481e+02 +3.422061481e+02 -3.9163e+00 -1.8221e+00 +2.6278e+00 +1.6392e-01 -3.2070e+00
74 0 +4.595086848e+02 +1.795586848e+02 +1.795586848e+02 -3.5451e+00 -3.1244e+00 +1.4046e+00 -1.1839e+00 -1.8923e+00
81 0 +4.159472795e+02 +1.359972795e+02 +1.359972795e+02 -3.8135e+00 -2.9552e+00 +1.6986e+00 -9.1149e-01 -2.1203e+00
86 0 +3.695775613e+02 +8.962756128e+01 +8.962756128e+01 -3.1613e+00 -4.2098e+00 +2.9487e+00 +1.4266e+00 -2.3666e+00
88 0 +3.070612134e+02 +2.711121335e+01 +2.711121335e+01 -3.9871e+00 -4.1024e+00 +4.6457e+00 +3.5966e-01 -2.7897e+00
92 0 +2.998202523e+02 +1.987025228e+01 +1.987025228e+01 -3.5376e+00 -3.1730e+00 +3.0585e+00 -5.4188e-02 -2.7291e+00
112 0 +2.467694096e+02 -3.318059040e+01 -3.318059040e+01 -3.7357e+00 -3.2647e+00 +3.9685e+00 -3.9677e-01 -4.2850e+00
146 0 +2.452545606e+02 -3.469543944e+01 -3.469543944e+01 -3.8275e+00 -3.8610e+00 +4.4575e+00 +1.1303e-01 -1.8132e+00
147 0 +2.179785608e+02 -6.197143922e+01 -6.197143922e+01 -3.1271e+00 -4.1149e+00 +4.2853e+00 -1.4292e-01 -2.2420e+00
153 0 +1.683202879e+02 -1.116297121e+02 -1.116297121e+02 -3.7628e+00 -3.5712e+00 +3.9956e+00 -4.6151e-01 -2.3510e+00
161 0 +1.598834721e+02 -1.200665279e+02 -1.200665279e+02 -3.6874e+00 -4.0722e+00 +3.9074e+00 -3.4316e-01 -2.1783e+00
164 0 +1.533931423e+02 -1.265568577e+02 -1.265568577e+02 -3.6703e+00 -4.0176e+00 +3.8548e+00 -3.9830e-01 -2.1929e+00
172 0 +1.443011698e+02 -1.356488302e+02 -1.356488302e+02 -3.3788e+00 -4.2799e+00 +3.5882e+00 -2.9007e-01 -2.2153e+00
175 0 +1.243123786e+02 -1.556376214e+02 -1.556376214e+02 -3.7588e+00 -3.9506e+00 +3.7189e+00 -3.6199e-01 -2.5908e+00
181 0 +1.200236018e+02 -1.599263982e+02 -1.599263982e+02 -3.7281e+00 -3.9985e+00 +3.6480e+00 -4.5361e-01 -2.4569e+00
195 0 +9.576893062e+01 -1.841810694e+02 -1.841810694e+02 -3.9459e+00 -3.9926e+00 +3.5847e+00 -7.3423e-01 -2.8809e+00
203 0 +5.452464067e+01 -2.254253593e+02 -2.254253593e+02 -3.7504e+00 -3.9235e+00 +3.4298e+00 -9.2523e-01 -2.9848e+00
227 0 +3.746405048e+01 -2.424859495e+02 -2.424859495e+02 -3.9270e+00 -3.7745e+00 +3.3420e+00 -1.1048e+00 -3.3585e+00
239 0 +3.495818208e+01 -2.449918179e+02 -2.449918179e+02 -3.9438e+00 -3.6306e+00 +3.4418e+00 -1.2615e+00 -3.4499e+00
250 0 +2.733298926e+01 -2.526170107e+02 -2.526170107e+02 -3.9469e+00 -3.7455e+00 +3.5255e+00 -1.2114e+00 -3.5139e+00
257 0 +2.077744424e+01 -2.591725558e+02 -2.591725558e+02 -3.8448e+00 -3.8097e+00 +3.3958e+00 -1.0920e+00 -3.4270e+00
259 0 +9.895455435e+00 -2.700545446e+02 -2.700545446e+02 -3.8413e+00 -3.7426e+00 +3.4858e+00 -1.1434e+00 -3.4876e+00
290 0 +8.530030908e+00 -2.714199691e+02 -2.714199691e+02 -3.8330e+00 -3.7402e+00 +3.4949e+00 -1.1748e+00 -3.5259e+00
301 0 +8.020439265e+00 -2.719295607e+02 -2.719295607e+02 -3.8446e+00 -3.7493e+00 +3.5039e+00 -1.1566e+00 -3.5499e+00
305 0 +7.756289296e+00 -2.721937107e+02 -2.721937107e+02 -3.7885e+00 -3.7628e+00 +3.4722e+00 -1.1108e+00 -3.4929e+00
306 0 +6.467156884e+00 -2.734828431e+02 -2.734828431e+02 -3.8178e+00 -3.7639e+00 +3.4942e+00 -1.1487e+00 -3.5077e+00
321 0 +6.406115614e+00 -2.735438844e+02 -2.735438844e+02 -3.8337e+00 -3.7353e+00 +3.5331e+00 -1.1360e+00 -3.4953e+00
328 0 +6.097973875e+00 -2.738520261e+02 -2.738520261e+02 -3.8383e+00 -3.7439e+00 +3.5187e+00 -1.1407e+00 -3.5052e+00
332 0 +5.527357527e+00 -2.744226425e+02 -2.744226425e+02 -3.8369e+00 -3.7498e+00 +3.5339e+00 -1.1384e+00 -3.5141e+00
333 0 +5.070786814e+00 -2.748792132e+02 -2.748792132e+02 -3.8257e+00 -3.7499e+00 +3.5201e+00 -1.1363e+00 -3.5023e+00
337 0 +4.596686398e+00 -2.753533136e+02 -2.753533136e+02 -3.8388e+00 -3.7378e+00 +3.5231e+00 -1.1514e+00 -3.5279e+00
344 0 +4.322646181e+00 -2.756273538e+02 -2.756273538e+02 -3.8318e+00 -3.7428e+00 +3.5273e+00 -1.1438e+00 -3.5148e+00
350 0 +3.852609673e+00 -2.760973903e+02 -2.760973903e+02 -3.8384e+00 -3.7351e+00 +3.5285e+00 -1.1536e+00 -3.5347e+00
358 0 +3.263833673e+00 -2.766861663e+02 -2.766861663e+02 -3.8336e+00 -3.7361e+00 +3.5292e+00 -1.1489e+00 -3.5359e+00
368 0 +3.214801575e+00 -2.767351984e+02 -2.767351984e+02 -3.8362e+00 -3.7330e+00 +3.5322e+00 -1.1591e+00 -3.5531e+00
378 0 +2.980646394e+00 -2.769693536e+02 -2.769693536e+02 -3.8327e+00 -3.7365e+00 +3.5299e+00 -1.1547e+00 -3.5371e+00
380 0 +2.770857741e+00 -2.771791423e+02 -2.771791423e+02 -3.8301e+00 -3.7327e+00 +3.5312e+00 -1.1586e+00 -3.5470e+00
385 0 +2.653998759e+00 -2.772960012e+02 -2.772960012e+02 -3.8283e+00 -3.7350e+00 +3.5326e+00 -1.1542e+00 -3.5372e+00
396 0 +2.450590792e+00 -2.774994092e+02 -2.774994092e+02 -3.8293e+00 -3.7343e+00 +3.5328e+00 -1.1573e+00 -3.5438e+00
399 0 +2.394822561e+00 -2.775551774e+02 -2.775551774e+02 -3.8295e+00 -3.7385e+00 +3.5318e+00 -1.1531e+00 -3.5376e+00
406 0 +2.064015122e+00 -2.778859849e+02 -2.778859849e+02 -3.8297e+00 -3.7368e+00 +3.5347e+00 -1.1537e+00 -3.5409e+00
441 0 +1.886588731e+00 -2.780634113e+02 -2.780634113e+02 -3.8283e+00 -3.7372e+00 +3.5368e+00 -1.1513e+00 -3.5379e+00
462 0 +1.808290197e+00 -2.781417098e+02 -2.781417098e+02 -3.8293e+00 -3.7369e+00 +3.5376e+00 -1.1519e+00 -3.5395e+00
472 0 +1.729544125e+00 -2.782204559e+02 -2.782204559e+02 -3.8290e+00 -3.7369e+00 +3.5380e+00 -1.1518e+00 -3.5399e+00
501 0 +1.697536360e+00 -2.782524636e+02 -2.782524636e+02 -3.8289e+00 -3.7368e+00 +3.5381e+00 -1.1518e+00 -3.5402e+00
504 0 +1.697536360e+00 -2.782524636e+02 -2.782524636e+02 -3.8289e+00 -3.7368e+00 +3.5381e+00 -1.1518e+00 -3.5402e+00
% f evaluations | g evaluations | best noise-free fitness - Fopt (9.319900000000e+02) + sum g_i+ | measured fitness | best measured fitness or single-digit g-values | x1 | x2...
1 0 +9.211368016e+02 +1.853126802e+03 +1.853126802e+03 -3.2786e-02 +4.4372e-01 -2.7939e-01 +7.1266e-01 -4.1196e-01
2 0 +8.718304546e+02 +1.803820455e+03 +1.803820455e+03 -1.5735e-01 +3.8699e-02 -1.2062e-01 +6.1561e-01 -3.3220e-01
3 0 +8.263689165e+02 +1.758358917e+03 +1.758358917e+03 -1.7608e-01 -1.3055e-01 -3.9379e-01 +3.0343e-02 +8.8819e-02
6 0 +6.874253189e+02 +1.619415319e+03 +1.619415319e+03 -1.5988e-01 +1.5766e-02 +6.5196e-01 -1.1859e-01 -1.0734e-01
9 0 +6.337644871e+02 +1.565754487e+03 +1.565754487e+03 -3.8984e-01 +4.2570e-02 +1.2966e+00 +1.1910e-01 -3.4905e-01
12 0 +5.592324758e+02 +1.491222476e+03 +1.491222476e+03 -2.4595e-01 -2.5498e-02 +5.0412e-01 +2.2727e-02 +8.4409e-01
18 0 +4.674372548e+02 +1.399427255e+03 +1.399427255e+03 -5.0796e-01 +7.1188e-02 +1.0009e+00 +4.6331e-01 +1.4492e+00
25 0 +3.839782647e+02 +1.315968265e+03 +1.315968265e+03 -5.9231e-01 +4.3273e-01 +1.1834e+00 -3.4179e-01 +1.2683e+00
27 0 +3.237366681e+02 +1.255726668e+03 +1.255726668e+03 -5.1634e-01 +6.3437e-01 +2.0405e+00 +2.2873e-01 +1.4586e+00
28 0 +3.188760247e+02 +1.250866025e+03 +1.250866025e+03 -8.4840e-01 -1.7199e-01 +2.2059e+00 +5.3748e-02 +1.0545e+00
40 0 +3.136666815e+02 +1.245656682e+03 +1.245656682e+03 -1.0904e+00 +5.4882e-01 +2.4459e+00 -6.2989e-01 +1.6044e+00
46 0 +2.431577865e+02 +1.175147787e+03 +1.175147787e+03 -1.1680e-01 -2.1698e-01 +2.7764e+00 +3.0934e-01 +1.8397e+00
82 0 +1.627600850e+02 +1.094750085e+03 +1.094750085e+03 +8.1851e-01 +2.9332e-01 +3.5116e+00 -7.1058e-02 +1.7269e+00
89 0 +1.013029593e+02 +1.033292959e+03 +1.033292959e+03 +6.2258e-01 +2.8445e-01 +2.5404e+00 -1.1440e+00 +2.5666e+00
135 0 +9.700276654e+01 +1.028992767e+03 +1.028992767e+03 +1.0133e+00 +2.9735e-01 +3.0071e+00 -3.8915e-01 +2.1552e+00
140 0 +9.181798023e+01 +1.023807980e+03 +1.023807980e+03 +9.6288e-01 +5.7953e-01 +3.0140e+00 -3.0684e-01 +2.3566e+00
148 0 +8.560611328e+01 +1.017596113e+03 +1.017596113e+03 +9.0484e-01 +5.5636e-01 +2.8276e+00 -2.8803e-01 +1.9923e+00
156 0 +6.666363619e+01 +9.986536362e+02 +9.986536362e+02 +9.2854e-01 +7.6360e-01 +2.9144e+00 -3.5736e-01 +2.1456e+00
169 0 +6.500873908e+01 +9.969987391e+02 +9.969987391e+02 +9.2942e-01 +6.7144e-01 +2.8683e+00 -4.3266e-01 +2.0336e+00
176 0 +6.324870965e+01 +9.952387097e+02 +9.952387097e+02 +9.6938e-01 +6.7982e-01 +3.0593e+00 -4.4561e-01 +2.1976e+00
181 0 +6.097745459e+01 +9.929674546e+02 +9.929674546e+02 +9.8431e-01 +9.0750e-01 +2.9355e+00 -3.6074e-01 +2.0732e+00
183 0 +5.104801424e+01 +9.830380142e+02 +9.830380142e+02 +1.0224e+00 +6.7966e-01 +2.9331e+00 -4.8626e-01 +2.2459e+00
189 0 +4.364801922e+01 +9.756380192e+02 +9.756380192e+02 +1.0953e+00 +7.3997e-01 +3.0410e+00 -4.3572e-01 +2.1843e+00
194 0 +3.470471345e+01 +9.666947134e+02 +9.666947134e+02 +1.1075e+00 +7.8541e-01 +2.9266e+00 -5.1295e-01 +2.1950e+00
207 0 +2.548643792e+01 +9.574764379e+02 +9.574764379e+02 +1.1931e+00 +8.3352e-01 +2.9506e+00 -5.7699e-01 +2.1803e+00
213 0 +2.364519573e+01 +9.556351957e+02 +9.556351957e+02 +1.2169e+00 +8.1944e-01 +2.8927e+00 -5.5342e-01 +2.2604e+00
218 0 +1.943960802e+01 +9.514296080e+02 +9.514296080e+02 +1.2291e+00 +8.6802e-01 +2.9897e+00 -5.5695e-01 +2.2009e+00
237 0 +1.894193235e+01 +9.509319323e+02 +9.509319323e+02 +1.3030e+00 +8.4866e-01 +2.9649e+00 -5.6641e-01 +2.2232e+00
241 0 +1.460647050e+01 +9.465964705e+02 +9.465964705e+02 +1.2916e+00 +8.4713e-01 +2.9980e+00 -5.3883e-01 +2.2546e+00
244 0 +1.074913013e+01 +9.427391301e+02 +9.427391301e+02 +1.3425e+00 +8.5837e-01 +2.9752e+00 -5.6329e-01 +2.2891e+00
254 0 +1.040132550e+01 +9.423913255e+02 +9.423913255e+02 +1.3405e+00 +8.7121e-01 +2.9981e+00 -5.5290e-01 +2.2696e+00
255 0 +1.005147552e+01 +9.420414755e+02 +9.420414755e+02 +1.3418e+00 +9.1672e-01 +2.9976e+00 -5.2964e-01 +2.2553e+00
258 0 +7.894234296e+00 +9.398842343e+02 +9.398842343e+02 +1.3595e+00 +9.4063e-01 +3.0030e+00 -5.4181e-01 +2.2804e+00
279 0 +6.650199645e+00 +9.386401996e+02 +9.386401996e+02 +1.3572e+00 +9.1005e-01 +2.9816e+00 -5.6832e-01 +2.2876e+00
286 0 +5.830673126e+00 +9.378206731e+02 +9.378206731e+02 +1.3400e+00 +8.8978e-01 +2.9920e+00 -5.8569e-01 +2.3021e+00
303 0 +5.739531388e+00 +9.377295314e+02 +9.377295314e+02 +1.3612e+00 +9.1216e-01 +2.9833e+00 -5.7875e-01 +2.3070e+00
305 0 +4.867070469e+00 +9.368570705e+02 +9.368570705e+02 +1.3546e+00 +9.2232e-01 +2.9818e+00 -5.8254e-01 +2.2938e+00
313 0 +2.043028037e+00 +9.340330280e+02 +9.340330280e+02 +1.3569e+00 +9.1868e-01 +2.9974e+00 -5.9156e-01 +2.2983e+00
332 0 +1.855567547e+00 +9.338455675e+02 +9.338455675e+02 +1.3615e+00 +9.2194e-01 +2.9892e+00 -5.9668e-01 +2.2943e+00
337 0 +1.620198842e+00 +9.336101988e+02 +9.336101988e+02 +1.3540e+00 +9.1644e-01 +2.9937e+00 -5.9511e-01 +2.2930e+00
339 0 +1.491765368e+00 +9.334817654e+02 +9.334817654e+02 +1.3575e+00 +9.1748e-01 +2.9900e+00 -5.9883e-01 +2.2939e+00
349 0 +1.240674986e+00 +9.332306750e+02 +9.332306750e+02 +1.3575e+00 +9.1989e-01 +2.9917e+00 -5.9724e-01 +2.2959e+00
359 0 +1.082319110e+00 +9.330723191e+02 +9.330723191e+02 +1.3571e+00 +9.2148e-01 +2.9962e+00 -5.9540e-01 +2.2948e+00
362 0 +9.496604726e-01 +9.329396605e+02 +9.329396605e+02 +1.3613e+00 +9.2289e-01 +2.9944e+00 -5.9726e-01 +2.2976e+00
369 0 +9.323542933e-01 +9.329223543e+02 +9.329223543e+02 +1.3591e+00 +9.1994e-01 +2.9951e+00 -5.9814e-01 +2.2948e+00
370 0 +8.763137551e-01 +9.328663138e+02 +9.328663138e+02 +1.3588e+00 +9.2120e-01 +2.9972e+00 -5.9769e-01 +2.2961e+00
371 0 +7.371835808e-01 +9.327271836e+02 +9.327271836e+02 +1.3603e+00 +9.2351e-01 +2.9961e+00 -5.9703e-01 +2.2962e+00
378 0 +7.233541501e-01 +9.327133542e+02 +9.327133542e+02 +1.3618e+00 +9.2327e-01 +2.9968e+00 -5.9775e-01 +2.2976e+00
385 0 +6.712373905e-01 +9.326612374e+02 +9.326612374e+02 +1.3607e+00 +9.2198e-01 +2.9971e+00 -5.9899e-01 +2.2967e+00
391 0 +5.676508059e-01 +9.325576508e+02 +9.325576508e+02 +1.3607e+00 +9.2414e-01 +2.9948e+00 -5.9892e-01 +2.2963e+00
393 0 +5.494261788e-01 +9.325394262e+02 +9.325394262e+02 +1.3622e+00 +9.2365e-01 +2.9967e+00 -5.9865e-01 +2.2972e+00
394 0 +4.177561744e-01 +9.324077562e+02 +9.324077562e+02 +1.3620e+00 +9.2406e-01 +2.9970e+00 -6.0049e-01 +2.2974e+00
401 0 +3.832626242e-01 +9.323732626e+02 +9.323732626e+02 +1.3624e+00 +9.2390e-01 +2.9963e+00 -6.0067e-01 +2.2974e+00
408 0 +3.599236994e-01 +9.323499237e+02 +9.323499237e+02 +1.3615e+00 +9.2461e-01 +2.9974e+00 -5.9966e-01 +2.2966e+00
410 0 +2.994507389e-01 +9.322894507e+02 +9.322894507e+02 +1.3616e+00 +9.2418e-01 +2.9967e+00 -6.0049e-01 +2.2964e+00
413 0 +2.444350762e-01 +9.322344351e+02 +9.322344351e+02 +1.3611e+00 +9.2445e-01 +2.9965e+00 -6.0060e-01 +2.2963e+00
433 0 +2.068087202e-01 +9.321968087e+02 +9.321968087e+02 +1.3611e+00 +9.2483e-01 +2.9968e+00 -6.0075e-01 +2.2960e+00
442 0 +1.957286465e-01 +9.321857286e+02 +9.321857286e+02 +1.3613e+00 +9.2486e-01 +2.9967e+00 -6.0068e-01 +2.2960e+00
443 0 +1.682966150e-01 +9.321582966e+02 +9.321582966e+02 +1.3613e+00 +9.2495e-01 +2.9966e+00 -6.0079e-01 +2.2962e+00
449 0 +1.354847722e-01 +9.321254848e+02 +9.321254848e+02 +1.3615e+00 +9.2520e-01 +2.9966e+00 -6.0073e-01 +2.2961e+00
459 0 +1.333597968e-01 +9.321233598e+02 +9.321233598e+02 +1.3615e+00 +9.2523e-01 +2.9966e+00 -6.0073e-01 +2.2962e+00
460 0 +1.290720407e-01 +9.321190720e+02 +9.321190720e+02 +1.3615e+00 +9.2533e-01 +2.9966e+00 -6.0077e-01 +2.2963e+00
464 0 +1.223103714e-01 +9.321123104e+02 +9.321123104e+02 +1.3615e+00 +9.2524e-01 +2.9965e+00 -6.0095e-01 +2.2961e+00
466 0 +1.036898883e-01 +9.320936899e+02 +9.320936899e+02 +1.3618e+00 +9.2549e-01 +2.9965e+00 -6.0102e-01 +2.2963e+00
476 0 +9.142719012e-02 +9.320814272e+02 +9.320814272e+02 +1.3617e+00 +9.2557e-01 +2.9965e+00 -6.0104e-01 +2.2963e+00
490 0 +8.143634379e-02 +9.320714363e+02 +9.320714363e+02 +1.3617e+00 +9.2552e-01 +2.9964e+00 -6.0103e-01 +2.2962e+00
493 0 +7.217069016e-02 +9.320621707e+02 +9.320621707e+02 +1.3615e+00 +9.2556e-01 +2.9964e+00 -6.0105e-01 +2.2962e+00
502 0 +6.516741371e-02 +9.320551674e+02 +9.320551674e+02 +1.3616e+00 +9.2558e-01 +2.9963e+00 -6.0116e-01 +2.2962e+00
504 0 +6.516741371e-02 +9.320551674e+02 +9.320551674e+02 +1.3616e+00 +9.2558e-01 +2.9963e+00 -6.0116e-01 +2.2962e+00
% f evaluations | g evaluations | best noise-free fitness - Fopt (1.133100000000e+02) + sum g_i+ | measured fitness | best measured fitness or single-digit g-values | x1 | x2...
1 0 +5.556085361e+02 +6.689185361e+02 +6.689185361e+02 -2.9868e-02 +3.1099e-01 -1.2384e-01 +4.8802e-01 -2.6061e-01
2 0 +4.680050513e+02 +5.813150513e+02 +5.813150513e+02 +7.0540e-01 +5.7001e-02 -3.0956e-01 -6.0286e-01 -3.3988e-01
9 0 +4.219643417e+02 +5.352743417e+02 +5.352743417e+02 +1.1670e+00 +1.4837e-01 -3.8505e-01 -1.1448e+00 -1.3862e-01
19 0 +3.501062852e+02 +4.634162852e+02 +4.634162852e+02 +9.7714e-01 +5.4830e-01 -8.4404e-01 -5.3063e-01 +1.6032e-01
31 0 +3.197699303e+02 +4.330799303e+02 +4.330799303e+02 +1.1494e+00 +5.1168e-01 -4.0652e-01 -7.9341e-01 +4.6400e-01
36 0 +2.648432091e+02 +3.781532091e+02 +3.781532091e+02 +1.1823e+00 +8.1337e-01 -6.8603e-01 -7.7559e-01 +7.8251e-01
41 0 +2.444430244e+02 +3.577530244e+02 +3.577530244e+02 +1.3803e+00 +1.2095e+00 -8.3385e-01 -1.0247e+00 +1.1515e+00
51 0 +1.822353940e+02 +2.955453940e+02 +2.955453940e+02 +2.1131e+00 +7.9585e-01 -1.2088e+00 -4.8240e-01 +1.2676e+00
69 0 +1.707165201e+02 +2.840265201e+02 +2.840265201e+02 +2.2628e+00 +4.9546e-01 -1.2899e+00 +5.9404e-02 +1.4186e+00
89 0 +1.572711503e+02 +2.705811503e+02 +2.705811503e+02 +2.5410e+00 +1.4529e+00 -9.6640e-01 -9.3675e-02 +1.6907e+00
91 0 +1.520285104e+02 +2.653385104e+02 +2.653385104e+02 +2.0287e+00 +1.2162e+00 -1.1869e+00 +2.8763e-01 +7.8922e-01
112 0 +6.471345694e+01 +1.780234569e+02 +1.780234569e+02 +2.3953e+00 +1.5678e+00 -1.1281e+00 +7.8161e-01 +1.0562e+00
142 0 +4.261090000e+01 +1.559209000e+02 +1.559209000e+02 +2.5356e+00 +1.5982e+00 -1.0208e+00 +9.0215e-01 +1.1884e+00
149 0 +3.305542684e+01 +1.463654268e+02 +1.463654268e+02 +2.5937e+00 +1.6544e+00 -1.0321e+00 +6.9076e-01 +1.1621e+00
199 0 +3.234942725e+01 +1.456594273e+02 +1.456594273e+02 +2.5772e+00 +1.7153e+00 -8.8314e-01 +7.1548e-01 +1.0498e+00
206 0 +2.618783487e+01 +1.394978349e+02 +1.394978349e+02 +2.5006e+00 +1.7332e+00 -8.4720e-01 +7.6400e-01 +1.0957e+00
225 0 +2.365961206e+01 +1.369696121e+02 +1.369696121e+02 +2.5492e+00 +1.7356e+00 -8.6659e-01 +7.4433e-01 +1.0766e+00
230 0 +2.263482154e+01 +1.359448215e+02 +1.359448215e+02 +2.5052e+00 +1.7085e+00 -8.8663e-01 +6.9706e-01 +1.1140e+00
235 0 +2.124538082e+01 +1.345553808e+02 +1.345553808e+02 +2.5619e+00 +1.7331e+00 -8.8450e-01 +7.1912e-01 +1.1257e+00
238 0 +2.064923364e+01 +1.339592336e+02 +1.339592336e+02 +2.5555e+00 +1.7456e+00 -9.0036e-01 +7.3901e-01 +1.1646e+00
252 0 +1.643314660e+01 +1.297431466e+02 +1.297431466e+02 +2.5456e+00 +1.7501e+00 -9.0567e-01 +7.6618e-01 +1.1420e+00
271 0 +1.581997924e+01 +1.291299792e+02 +1.291299792e+02 +2.5421e+00 +1.7554e+00 -9.0135e-01 +7.4956e-01 +1.1269e+00
284 0 +1.478758115e+01 +1.280975812e+02 +1.280975812e+02 +2.5429e+00 +1.7491e+00 -8.9844e-01 +7.5927e-01 +1.1208e+00
291 0 +1.413064305e+01 +1.274406430e+02 +1.274406430e+02 +2.5509e+00 +1.7483e+00 -9.0035e-01 +7.6367e-01 +1.1288e+00
298 0 +1.383778675e+01 +1.271477868e+02 +1.271477868e+02 +2.5474e+00 +1.7416e+00 -9.0467e-01 +7.5698e-01 +1.1310e+00
302 0 +1.379976059e+01 +1.271097606e+02 +1.271097606e+02 +2.5481e+00 +1.7512e+00 -8.9404e-01 +7.5829e-01 +1.1230e+00
368 0 +1.329252821e+01 +1.266025282e+02 +1.266025282e+02 +2.5470e+00 +1.7503e+00 -8.9563e-01 +7.5574e-01 +1.1264e+00
504 0 +1.321398328e+01 +1.265239833e+02 +1.265239833e+02 +2.5467e+00 +1.7515e+00 -8.9479e-01 +7.5593e-01 +1.1262e+00
% f evaluations | g evaluations | best noise-free fitness - Fopt (2.849000000000e+01) + sum g_i+ | measured fitness | best measured fitness or single-digit g-values | x1 | x2...
1 0 +8.545234160e+02 +8.830134160e+02 +8.830134160e+02 -3.6782e-01 -5.8022e-02 -5.6666e-02 +1.5824e-01 -2.0920e-01
6 0 +8.365116464e+02 +8.650016464e+02 +8.650016464e+02 -7.9207e-02 -1.4143e-01 -1.1863e-01 -2.0110e-01 +4.8900e-02
8 0 +7.787051462e+02 +8.071951462e+02 +8.071951462e+02 -4.4634e-01 +5.0641e-01 +1.2779e-01 -2.3622e-01 -6.9625e-01
12 0 +7.542202721e+02 +7.827102721e+02 +7.827102721e+02 -7.7499e-01 +3.1135e-01 -7.4907e-02 -4.9790e-02 -8.4777e-01
18 0 +7.324386363e+02 +7.609286363e+02 +7.609286363e+02 -7.9850e-01 +8.4266e-01 +3.7720e-01 -2.5821e-01 -1.0889e+00
20 0 +7.124821826e+02 +7.409721826e+02 +7.409721826e+02 -8.5920e-01 +1.5596e-01 +2.8191e-01 -3.0958e-01 -2.2884e-01
23 0 +6.505182306e+02 +6.790082306e+02 +6.790082306e+02 -1.2128e+00 +3.7142e-01 +1.2059e-01 -3.0417e-01 -1.0707e+00
28 0 +6.390514691e+02 +6.675414691e+02 +6.675414691e+02 -7.9560e-01 +4.2166e-01 +9.2578e-02 -6.7910e-01 -1.0486e+00
29 0 +4.605951203e+02 +4.890851203e+02 +4.890851203e+02 -1.7755e+00 +2.9331e-01 -1.0750e-01 -1.2479e+00 -1.2211e+00
40 0 +4.559681955e+02 +4.844581955e+02 +4.844581955e+02 -2.2685e+00 +6.4715e-01 -2.3336e-01 -1.5268e+00 -1.9407e+00
41 0 +4.148667262e+02 +4.433567262e+02 +4.433567262e+02 -1.8325e+00 +7.7730e-01 +1.5307e-01 -1.7055e+00 -8.5232e-01
44 0 +3.773725078e+02 +4.058625078e+02 +4.058625078e+02 -2.4935e+00 -3.3405e-02 +2.4958e-01 -1.5053e+00 -1.8625e+00
55 0 +3.535130822e+02 +3.820030822e+02 +3.820030822e+02 -1.8116e+00 +9.3011e-01 +9.2356e-01 -1.7439e+00 -2.5105e+00
73 0 +2.802410753e+02 +3.087310753e+02 +3.087310753e+02 -2.1406e+00 +9.2228e-01 +1.0805e+00 -1.8769e+00 -1.9866e+00
82 0 +2.691518426e+02 +2.976418426e+02 +2.976418426e+02 -1.9781e+00 +3.2947e-01 +1.1595e+00 -1.9072e+00 -1.2177e+00
85 0 +2.470657550e+02 +2.755557550e+02 +2.755557550e+02 -2.0999e+00 +1.1226e+00 +1.2798e+00 -2.4814e+00 -2.5705e+00
86 0 +1.992828009e+02 +2.277728009e+02 +2.277728009e+02 -1.3865e+00 -4.0160e-01 +7.7347e-01 -2.4852e+00 -1.6695e+00
91 0 +1.612609620e+02 +1.897509620e+02 +1.897509620e+02 -1.7568e+00 -4.6950e-01 +7.2569e-01 -2.5892e+00 -1.9076e+00
108 0 +1.483206102e+02 +1.768106102e+02 +1.768106102e+02 -1.4677e+00 -7.5993e-01 +6.9286e-01 -2.7637e+00 -2.4713e+00
112 0 +1.454228418e+02 +1.739128418e+02 +1.739128418e+02 -1.3521e+00 -1.1660e+00 +7.0610e-01 -2.9446e+00 -1.6590e+00
115 0 +1.425061015e+02 +1.709961015e+02 +1.709961015e+02 -1.2139e+00 -9.8497e-01 +5.7413e-01 -2.8474e+00 -2.1033e+00
116 0 +1.042483801e+02 +1.327383801e+02 +1.327383801e+02 -1.4425e+00 -4.9543e-01 +9.8479e-01 -3.2275e+00 -2.4891e+00
137 0 +9.508569521e+01 +1.235756952e+02 +1.235756952e+02 -1.4057e+00 -8.2944e-01 +5.7615e-01 -3.1908e+00 -2.4753e+00
141 0 +8.098785782e+01 +1.094778578e+02 +1.094778578e+02 -1.2084e+00 -1.3394e+00 +5.6907e-01 -3.3310e+00 -2.4267e+00
148 0 +6.955345255e+01 +9.804345255e+01 +9.804345255e+01 -1.2551e+00 -8.9090e-01 +4.6955e-01 -3.5970e+00 -2.0079e+00
161 0 +4.349791093e+01 +7.198791093e+01 +7.198791093e+01 -9.0639e-01 -1.1358e+00 +5.4700e-01 -3.6026e+00 -2.0189e+00
187 0 +4.095488964e+01 +6.944488964e+01 +6.944488964e+01 -9.9842e-01 -1.1273e+00 +4.3354e-01 -3.8254e+00 -2.1555e+00
195 0 +2.097956240e+01 +4.946956240e+01 +4.946956240e+01 -1.0027e+00 -1.2760e+00 +5.0614e-01 -3.6465e+00 -2.1894e+00
201 0 +1.568141625e+01 +4.417141625e+01 +4.417141625e+01 -9.6329e-01 -1.1770e+00 +5.2018e-01 -3.7833e+00 -2.1466e+00
209 0 +9.594478477e+00 +3.808447848e+01 +3.808447848e+01 -9.2727e-01 -1.2538e+00 +4.7649e-01 -3.7750e+00 -2.1351e+00
237 0 +6.423957380e+00 +3.491395738e+01 +3.491395738e+01 -9.1027e-01 -1.3502e+00 +4.3605e-01 -3.7577e+00 -2.1355e+00
261 0 +4.452938556e+00 +3.294293856e+01 +3.294293856e+01 -8.7554e-01 -1.3771e+00 +4.2079e-01 -3.7991e+00 -2.1433e+00
296 0 +3.507348700e+00 +3.199734870e+01 +3.199734870e+01 -8.8653e-01 -1.3834e+00 +4.3450e-01 -3.8054e+00 -2.1441e+00
298 0 +2.999286977e+00 +3.148928698e+01 +3.148928698e+01 -8.8431e-01 -1.3734e+00 +4.3250e-01 -3.7999e+00 -2.1448e+00
305 0 +2.928690798e+00 +3.141869080e+01 +3.141869080e+01 -8.8632e-01 -1.3745e+00 +4.3064e-01 -3.7957e+00 -2.1429e+00
321 0 +2.773359484e+00 +3.126335948e+01 +3.126335948e+01 -8.8155e-01 -1.3850e+00 +4.2717e-01 -3.7969e+00 -2.1483e+00
323 0 +2.538791056e+00 +3.102879106e+01 +3.102879106e+01 -8.8991e-01 -1.3892e+00 +4.2784e-01 -3.7940e+00 -2.1545e+00
326 0 +2.208554255e+00 +3.069855425e+01 +3.069855425e+01 -8.8814e-01 -1.3760e+00 +4.3226e-01 -3.7925e+00 -2.1511e+00
333 0 +1.637459686e+00 +3.012745969e+01 +3.012745969e+01 -8.9192e-01 -1.3763e+00 +4.3267e-01 -3.7916e+00 -2.1535e+00
349 0 +1.555366617e+00 +3.004536662e+01 +3.004536662e+01 -8.9142e-01 -1.3780e+00 +4.3225e-01 -3.7950e+00 -2.1552e+00
361 0 +1.484433796e+00 +2.997443380e+01 +2.997443380e+01 -8.8967e-01 -1.3785e+00 +4.3066e-01 -3.7962e+00 -2.1560e+00
376 0 +1.351355812e+00 +2.984135581e+01 +2.984135581e+01 -8.9174e-01 -1.3768e+00 +4.3171e-01 -3.7931e+00 -2.1553e+00
392 0 +1.285123363e+00 +2.977512336e+01 +2.977512336e+01 -8.9146e-01 -1.3768e+00 +4.3145e-01 -3.7931e+00 -2.1558e+00
416 0 +1.224598966e+00 +2.971459897e+01 +2.971459897e+01 -8.9111e-01 -1.3769e+00 +4.3150e-01 -3.7935e+00 -2.1565e+00
443 0 +1.200257035e+00 +2.969025703e+01 +2.969025703e+01 -8.9099e-01 -1.3773e+00 +4.3144e-01 -3.7938e+00 -2.1563e+00
504 0 +1.186257840e+00 +2.967625784e+01 +2.967625784e+01 -8.9100e-01 -1.3772e+00 +4.3142e-01 -3.7937e+00 -2.1564e+00
% f evaluations | g evaluations | best noise-free fitness - Fopt (-7.405800000000e+02) + sum g_i+ | measured fitness | best measured fitness or single-digit g-values | x1 | x2...
1 0 +3.512225782e+02 -3.893574218e+02 -3.893574218e+02 +3.9505e-01 -2.3484e-01 -8.0977e-01 -3.0569e-01 -3.2551e-02
2 0 +3.161833385e+02 -4.243966615e+02 -4.243966615e+02 -1.5023e-02 +1.0493e-01 -4.1751e-01 +1.9582e-01 +1.5185e-01
9 0 +2.729745277e+02 -4.676054723e+02 -4.676054723e+02 -1.5155e-01 +3.9362e-01 -7.1554e-01 +3.6196e-01 +2.6721e-01
22 0 +2.541334785e+02 -4.864465215e+02 -4.864465215e+02 +6.3463e-02 +6.8534e-01 -1.0095e+00 -9.5288e-02 -2.0189e-01
25 0 +2.278417273e+02 -5.127382727e+02 -5.127382727e+02 +1.7777e-01 +6.4085e-01 -1.1206e+00 -7.4715e-02 +2.2995e-01
27 0 +2.033952744e+02 -5.371847256e+02 -5.371847256e+02 -5.2517e-01 +1.2952e+00 -1.6034e+00 +3.3010e-01 -1.9195e-01
28 0 +1.873838593e+02 -5.531961407e+02 -5.531961407e+02 -6.8329e-01 +3.6381e-01 -1.3879e+00 +2.6114e-01 +6.1560e-02
33 0 +1.501244841e+02 -5.904555159e+02 -5.904555159e+02 -4.0271e-01 +4.7689e-01 -1.8387e+00 +2.1139e-01 +1.0360e-01
42 0 +8.799216900e+01 -6.525878310e+02 -6.525878310e+02 -7.7967e-01 +5.9263e-01 -2.6302e+00 -5.8359e-02 +1.4646e-01
79 0 +7.298770149e+01 -6.675922985e+02 -6.675922985e+02 -1.0702e+00 +2.5049e-01 -2.7834e+00 +7.4910e-03 -3.6157e-01
100 0 +6.889489051e+01 -6.716851095e+02 -6.716851095e+02 -1.1268e+00 +6.2088e-01 -2.6619e+00 -3.1884e-01 -2.4899e-01
105 0 +5.586521747e+01 -6.847147825e+02 -6.847147825e+02 -9.5082e-01 +4.6920e-01 -2.4990e+00 -1.1502e-01 -1.0833e-01
115 0 +2.931098600e+01 -7.112690140e+02 -7.112690140e+02 -1.1012e+00 +7.0887e-01 -2.5986e+00 -1.9766e-01 +1.7632e-02
136 0 +2.314916782e+01 -7.174308322e+02 -7.174308322e+02 -1.1780e+00 +6.2251e-01 -2.5781e+00 -1.9803e-01 -1.0412e-01
137 0 +1.738090001e+01 -7.231991000e+02 -7.231991000e+02 -1.2207e+00 +6.2435e-01 -2.6947e+00 -2.6776e-01 -4.5030e-02
170 0 +1.657687614e+01 -7.240031239e+02 -7.240031239e+02 -1.3075e+00 +5.1188e-01 -2.6735e+00 -2.1617e-01 -2.0910e-01
178 0 +1.359412152e+01 -7.269858785e+02 -7.269858785e+02 -1.3018e+00 +5.4388e-01 -2.5932e+00 -2.0027e-01 -1.2866e-01
192 0 +8.704298731e+00 -7.318757013e+02 -7.318757013e+02 -1.2838e+00 +5.5595e-01 -2.6302e+00 -2.0838e-01 -1.2191e-01
202 0 +8.401488774e+00 -7.321785112e+02 -7.321785112e+02 -1.3035e+00 +5.4865e-01 -2.6392e+00 -1.9010e-01 -1.3694e-01
231 0 +8.008179326e+00 -7.325718207e+02 -7.325718207e+02 -1.3348e+00 +5.3936e-01 -2.6893e+00 -2.0022e-01 -1.5110e-01
241 0 +6.328593891e+00 -7.342514061e+02 -7.342514061e+02 -1.3125e+00 +5.5198e-01 -2.6481e+00 -1.9900e-01 -1.4030e-01
260 0 +6.003199205e+00 -7.345768008e+02 -7.345768008e+02 -1.3133e+00 +5.4403e-01 -2.6524e+00 -1.9996e-01 -1.4191e-01
272 0 +5.709733851e+00 -7.348702661e+02 -7.348702661e+02 -1.3248e+00 +5.4765e-01 -2.6631e+00 -1.9931e-01 -1.4660e-01
274 0 +5.217316571e+00 -7.353626834e+02 -7.353626834e+02 -1.3169e+00 +5.4658e-01 -2.6548e+00 -2.0253e-01 -1.4924e-01
276 0 +4.832465691e+00 -7.357475343e+02 -7.357475343e+02 -1.3194e+00 +5.4668e-01 -2.6575e+00 -2.0335e-01 -1.4816e-01
283 0 +4.670325341e+00 -7.359096747e+02 -7.359096747e+02 -1.3211e+00 +5.4430e-01 -2.6590e+00 -2.0160e-01 -1.4868e-01
305 0 +4.450751849e+00 -7.361292482e+02 -7.361292482e+02 -1.3195e+00 +5.4409e-01 -2.6606e+00 -2.0373e-01 -1.4863e-01
329 0 +4.275393011e+00 -7.363046070e+02 -7.363046070e+02 -1.3219e+00 +5.4317e-01 -2.6623e+00 -2.0298e-01 -1.5060e-01
334 0 +4.149552142e+00 -7.364304479e+02 -7.364304479e+02 -1.3226e+00 +5.4311e-01 -2.6619e+00 -2.0321e-01 -1.5014e-01
504 0 +4.094711959e+00 -7.364852880e+02 -7.364852880e+02 -1.3228e+00 +5.4280e-01 -2.6622e+00 -2.0329e-01 -1.5032e-01
% f evaluations | g evaluations | best noise-free fitness - Fopt (-5.177000000000e+01) + sum g_i+ | measured fitness | best measured fitness or single-digit g-values | x1 | x2...
1 0 +1.030053499e+03 +9.782834994e+02 +9.782834994e+02 +7.1769e-01 +4.5035e-01 +2.6287e-01 -2.3168e-01 -1.9579e-01
2 0 +9.870433269e+02 +9.352733269e+02 +9.352733269e+02 +5.6124e-02 +1.9578e-01 +6.2851e-03 -4.4435e-01 -2.2603e-01
4 0 +9.544534939e+02 +9.026834939e+02 +9.026834939e+02 -1.8126e-01 +3.5469e-01 +1.2616e-01 -1.9484e-01 -2.9205e-01
7 0 +9.128814630e+02 +8.611114630e+02 +8.611114630e+02 -1.6540e-01 +4.6777e-01 +6.9461e-01 -1.4893e-03 +1.9072e-01
12 0 +7.884207606e+02 +7.366507606e+02 +7.366507606e+02 -6.0956e-01 +3.3585e-01 +1.5142e+00 -4.9595e-01 +7.3723e-01
17 0 +6.994878695e+02 +6.477178695e+02 +6.477178695e+02 -7.8647e-01 +9.8910e-01 +1.3950e+00 -1.0351e+00 +1.3020e-01
27 0 +6.486966700e+02 +5.969266700e+02 +5.969266700e+02 -1.3281e+00 +1.7375e+00 +2.8226e+00 -7.3143e-01 +1.1667e+00
28 0 +5.794967187e+02 +5.277267187e+02 +5.277267187e+02 -1.3112e+00 +1.5226e+00 +1.4989e+00 -9.9585e-01 +9.7923e-01
36 0 +5.133738307e+02 +4.616038307e+02 +4.616038307e+02 -8.6427e-01 +2.0876e+00 +2.6704e+00 -1.5148e+00 +1.7897e+00
44 0 +4.648083353e+02 +4.130383353e+02 +4.130383353e+02 -1.7472e+00 +1.7321e+00 +2.8811e+00 -1.5706e+00 +2.2149e+00
50 0 +4.486279455e+02 +3.968579455e+02 +3.968579455e+02 -2.4528e+00 +1.0969e+00 +4.6368e+00 -2.3524e+00 +3.4299e+00
58 0 +2.546368692e+02 +2.028668692e+02 +2.028668692e+02 -4.0017e+00 -4.4695e-02 +3.4073e+00 -2.6131e+00 +3.6959e+00
84 0 +1.682327562e+02 +1.164627562e+02 +1.164627562e+02 -3.3885e+00 +2.2910e-01 +3.4228e+00 -3.4475e+00 +3.7568e+00
106 0 +1.443028113e+02 +9.253281126e+01 +9.253281126e+01 -2.6733e+00 +7.8589e-01 +3.0065e+00 -3.6027e+00 +3.3850e+00
137 0 +1.330685208e+02 +8.129852082e+01 +8.129852082e+01 -3.7890e+00 +5.4452e-01 +2.7166e+00 -3.1387e+00 +3.8500e+00
138 0 +1.222913149e+02 +7.052131487e+01 +7.052131487e+01 -3.1548e+00 +5.6487e-01 +3.0104e+00 -3.4158e+00 +4.0230e+00
148 0 +1.047706116e+02 +5.300061157e+01 +5.300061157e+01 -3.2319e+00 +1.2598e+00 +2.1683e+00 -3.3159e+00 +3.9967e+00
154 0 +9.517305138e+01 +4.340305138e+01 +4.340305138e+01 -3.7293e+00 +7.1429e-01 +2.4287e+00 -3.3085e+00 +3.8290e+00
156 0 +8.102128690e+01 +2.925128690e+01 +2.925128690e+01 -3.2108e+00 +7.4422e-01 +2.0904e+00 -3.5095e+00 +4.0110e+00
161 0 +3.038033972e+01 -2.138966028e+01 -2.138966028e+01 -3.3761e+00 +7.2645e-01 +2.2720e+00 -3.5830e+00 +3.7475e+00
185 0 +2.858150373e+01 -2.318849627e+01 -2.318849627e+01 -3.3965e+00 +7.9154e-01 +2.1416e+00 -3.5382e+00 +3.7256e+00
189 0 +2.779889565e+01 -2.397110435e+01 -2.397110435e+01 -3.4761e+00 +7.7331e-01 +2.3322e+00 -3.6040e+00 +3.7708e+00
200 0 +2.608597732e+01 -2.568402268e+01 -2.568402268e+01 -3.4717e+00 +7.8417e-01 +2.2968e+00 -3.5945e+00 +3.8036e+00
212 0 +2.203148290e+01 -2.973851710e+01 -2.973851710e+01 -3.3899e+00 +7.7037e-01 +2.2348e+00 -3.5704e+00 +3.7582e+00
231 0 +1.842834904e+01 -3.334165096e+01 -3.334165096e+01 -3.4023e+00 +7.8450e-01 +2.2388e+00 -3.5968e+00 +3.7835e+00
239 0 +1.796296837e+01 -3.380703163e+01 -3.380703163e+01 -3.4228e+00 +8.0063e-01 +2.2157e+00 -3.5816e+00 +3.7745e+00
243 0 +1.557694244e+01 -3.619305756e+01 -3.619305756e+01 -3.4334e+00 +7.8672e-01 +2.2268e+00 -3.6077e+00 +3.7651e+00
257 0 +1.502057966e+01 -3.674942034e+01 -3.674942034e+01 -3.4314e+00 +7.7908e-01 +2.2446e+00 -3.6129e+00 +3.7525e+00
261 0 +1.424511803e+01 -3.752488197e+01 -3.752488197e+01 -3.4410e+00 +7.8609e-01 +2.2375e+00 -3.6013e+00 +3.7468e+00
281 0 +1.357502029e+01 -3.819497971e+01 -3.819497971e+01 -3.4276e+00 +7.8333e-01 +2.2371e+00 -3.5961e+00 +3.7560e+00
290 0 +1.333260290e+01 -3.843739710e+01 -3.843739710e+01 -3.4366e+00 +7.7623e-01 +2.2450e+00 -3.5964e+00 +3.7461e+00
295 0 +1.287159601e+01 -3.889840399e+01 -3.889840399e+01 -3.4349e+00 +7.8299e-01 +2.2366e+00 -3.5958e+00 +3.7493e+00
316 0 +1.256668479e+01 -3.920331521e+01 -3.920331521e+01 -3.4297e+00 +7.8286e-01 +2.2350e+00 -3.5960e+00 +3.7455e+00
320 0 +1.228796006e+01 -3.948203994e+01 -3.948203994e+01 -3.4295e+00 +7.8497e-01 +2.2357e+00 -3.5963e+00 +3.7445e+00
504 0 +1.202717382e+01 -3.974282618e+01 -3.974282618e+01 -3.4296e+00 +7.8540e-01 +2.2352e+00 -3.5974e+00 +3.7456e+00
% f evaluations | g evaluations | best noise-free fitness - Fopt (-2.229800000000e+02) + sum g_i+ | measured fitness | best measured fitness or single-digit g-values | x1 | x2...
1 0 +1.866614991e+03 +1.643634991e+03 +1.643634991e+03 +8.1480e-02 +3.2371e-01 +2.1822e-01 -2.2961e-01 -2.0475e-01
4 0 +1.801379738e+03 +1.578399738e+03 +1.578399738e+03 +1.9204e-01 +5.2327e-02 +2.4870e-01 -1.0517e-01 -3.5865e-01
8 0 +1.754897241e+03 +1.531917241e+03 +1.531917241e+03 -6.5254e-02 -2.0050e-01 -9.3397e-02 +3.6629e-01 -2.7974e-01
13 0 +1.727887021e+03 +1.504907021e+03 +1.504907021e+03 +1.3209e-01 +3.2456e-01 -2.9235e-01 +5.4735e-01 -6.5856e-02
17 0 +1.650745232e+03 +1.427765232e+03 +1.427765232e+03 +3.3193e-01 -3.7959e-01 +1.0631e-01 +5.5194e-02 -8.2451e-01
31 0 +1.578354588e+03 +1.355374588e+03 +1.355374588e+03 +2.6637e-01 -9.3581e-02 -8.8339e-01 +5.8316e-01 -3.8197e-01
40 0 +1.537237989e+03 +1.314257989e+03 +1.314257989e+03 +3.8380e-01 +3.2108e-02 -1.2136e+00 +5.4721e-01 -3.7736e-01
45 0 +1.473822141e+03 +1.250842141e+03 +1.250842141e+03 +1.0222e+00 +9.0790e-02 -5.7058e-01 +9.5703e-01 -2.2377e-01
47 0 +1.341938002e+03 +1.118958002e+03 +1.118958002e+03 +6.9122e-01 -4.7334e-01 -2.2124e+00 +8.9909e-01 -4.3429e-01
52 0 +1.312796083e+03 +1.089816083e+03 +1.089816083e+03 +6.1818e-01 -3.7146e-01 -1.5291e+00 +5.1924e-01 -1.1959e+00
59 0 +1.278780333e+03 +1.055800333e+03 +1.055800333e+03 +5.5042e-01 -7.4746e-01 -1.5614e+00 +1.0584e+00 -1.0488e+00
60 0 +1.144584494e+03 +9.216044941e+02 +9.216044941e+02 +1.1447e+00 +1.5364e-01 -2.3019e+00 +1.2530e+00 -8.1783e-01
65 0 +1.110202055e+03 +8.872220548e+02 +8.872220548e+02 +5.1568e-01 +8.6445e-01 -3.2883e+00 +2.3706e+00 -6.1667e-01
66 0 +1.074860747e+03 +8.518807467e+02 +8.518807467e+02 +1.4252e+00 +1.1813e+00 -3.4960e+00 +1.7021e+00 -4.4798e-01
71 0 +1.028160773e+03 +8.051807734e+02 +8.051807734e+02 +1.7604e+00 -2.5685e-01 -2.9734e+00 +1.4570e+00 -5.0241e-01
72 0 +8.390173350e+02 +6.160373350e+02 +6.160373350e+02 +1.5099e+00 +2.7835e-01 -3.8280e+00 +1.7941e+00 -1.3177e+00
74 0 +6.555211167e+02 +4.325411167e+02 +4.325411167e+02 +2.0804e+00 +8.8142e-02 -3.1096e+00 +1.5409e+00 -2.0306e+00
78 0 +5.566188290e+02 +3.336388290e+02 +3.336388290e+02 +3.5984e+00 -7.7531e-01 -3.6569e+00 +2.7300e+00 -5.3761e-01
88 0 +2.631232749e+02 +4.014327492e+01 +4.014327492e+01 +3.8813e+00 -1.0401e+00 -4.1014e+00 +3.2090e+00 -2.0751e+00
138 0 +2.428087571e+02 +1.982875707e+01 +1.982875707e+01 +4.5658e+00 -1.5732e+00 -3.2190e+00 +2.3958e+00 -2.0533e+00
172 0 +2.200880932e+02 -2.891906788e+00 -2.891906788e+00 +4.4557e+00 -1.4206e+00 -3.1978e+00 +2.6407e+00 -2.3333e+00
178 0 +2.004282003e+02 -2.255179970e+01 -2.255179970e+01 +4.5792e+00 -1.4152e+00 -3.2082e+00 +2.3476e+00 -2.3688e+00
180 0 +1.972864907e+02 -2.569350930e+01 -2.569350930e+01 +4.8227e+00 -1.2484e+00 -3.7500e+00 +2.5215e+00 -2.2660e+00
196 0 +1.814389420e+02 -4.154105797e+01 -4.154105797e+01 +4.6147e+00 -1.2508e+00 -3.4564e+00 +2.1268e+00 -2.2653e+00
210 0 +1.586659247e+02 -6.431407531e+01 -6.431407531e+01 +4.4108e+00 -1.1786e+00 -3.7158e+00 +2.4001e+00 -2.3996e+00
215 0 +1.493675347e+02 -7.361246532e+01 -7.361246532e+01 +4.3717e+00 -1.0778e+00 -3.7452e+00 +2.2914e+00 -2.4258e+00
224 0 +1.408572046e+02 -8.212279540e+01 -8.212279540e+01 +4.2070e+00 -1.0825e+00 -3.6073e+00 +2.3576e+00 -2.5685e+00
233 0 +1.354051911e+02 -8.757480890e+01 -8.757480890e+01 +4.3551e+00 -1.1085e+00 -3.6476e+00 +2.3451e+00 -2.6223e+00
235 0 +1.308621151e+02 -9.211788486e+01 -9.211788486e+01 +4.1789e+00 -1.0632e+00 -3.6450e+00 +2.0978e+00 -2.6050e+00
242 0 +1.280055931e+02 -9.497440695e+01 -9.497440695e+01 +4.2333e+00 -1.0224e+00 -3.6533e+00 +2.1818e+00 -2.6013e+00
243 0 +1.188666552e+02 -1.041133448e+02 -1.041133448e+02 +4.3346e+00 -1.1493e+00 -3.7146e+00 +2.2128e+00 -2.7267e+00
267 0 +1.151475025e+02 -1.078324975e+02 -1.078324975e+02 +4.2729e+00 -9.4423e-01 -3.7554e+00 +2.2466e+00 -2.7697e+00
275 0 +1.087441812e+02 -1.142358188e+02 -1.142358188e+02 +4.3007e+00 -8.8190e-01 -3.5653e+00 +2.1905e+00 -2.7728e+00
283 0 +1.052641105e+02 -1.177158895e+02 -1.177158895e+02 +4.1576e+00 -8.4366e-01 -3.5229e+00 +2.1386e+00 -2.7917e+00
290 0 +1.010452982e+02 -1.219347018e+02 -1.219347018e+02 +4.1970e+00 -8.3029e-01 -3.5349e+00 +2.0963e+00 -2.8110e+00
299 0 +9.653957395e+01 -1.264404261e+02 -1.264404261e+02 +4.1610e+00 -8.1522e-01 -3.5087e+00 +2.1412e+00 -2.8602e+00
306 0 +9.305243297e+01 -1.299275670e+02 -1.299275670e+02 +4.1599e+00 -8.3324e-01 -3.6167e+00 +2.1233e+00 -2.8734e+00
314 0 +9.040548882e+01 -1.325745112e+02 -1.325745112e+02 +4.1509e+00 -8.9572e-01 -3.4684e+00 +2.0878e+00 -2.9208e+00
315 0 +8.400698302e+01 -1.389730170e+02 -1.389730170e+02 +4.1686e+00 -7.9904e-01 -3.5908e+00 +2.1278e+00 -2.9765e+00
321 0 +8.086391639e+01 -1.421160836e+02 -1.421160836e+02 +4.1349e+00 -7.9937e-01 -3.5205e+00 +2.1091e+00 -2.9884e+00
336 0 +7.747962136e+01 -1.455003786e+02 -1.455003786e+02 +4.1112e+00 -7.6816e-01 -3.5401e+00 +2.1273e+00 -3.0333e+00
339 0 +7.508459093e+01 -1.478954091e+02 -1.478954091e+02 +4.1106e+00 -7.5791e-01 -3.4832e+00 +2.1031e+00 -3.0476e+00
360 0 +7.246169346e+01 -1.505183065e+02 -1.505183065e+02 +4.0866e+00 -7.3649e-01 -3.5449e+00 +2.0740e+00 -3.0449e+00
366 0 +7.149790853e+01 -1.514820915e+02 -1.514820915e+02 +4.0588e+00 -7.2856e-01 -3.4786e+00 +2.0512e+00 -3.0538e+00
369 0 +7.018798713e+01 -1.527920129e+02 -1.527920129e+02 +4.0845e+00 -7.1895e-01 -3.5052e+00 +2.0392e+00 -3.0560e+00
379 0 +6.747179396e+01 -1.555082060e+02 -1.555082060e+02 +4.0802e+00 -7.2669e-01 -3.5185e+00 +2.0539e+00 -3.0858e+00
387 0 +6.557966084e+01 -1.574003392e+02 -1.574003392e+02 +4.0170e+00 -6.9585e-01 -3.4829e+00 +2.0224e+00 -3.0985e+00
391 0 +6.453902836e+01 -1.584409716e+02 -1.584409716e+02 +4.0546e+00 -6.8953e-01 -3.4910e+00 +2.0264e+00 -3.1030e+00
401 0 +6.069656272e+01 -1.622834373e+02 -1.622834373e+02 +4.0550e+00 -6.6777e-01 -3.5078e+00 +2.0359e+00 -3.1445e+00
422 0 +6.006807592e+01 -1.629119241e+02 -1.629119241e+02 +4.0468e+00 -6.6942e-01 -3.5154e+00 +2.0340e+00 -3.1486e+00
439 0 +5.887491467e+01 -1.641050853e+02 -1.641050853e+02 +4.0306e+00 -6.5840e-01 -3.4935e+00 +2.0250e+00 -3.1529e+00
447 0 +5.652435691e+01 -1.664556431e+02 -1.664556431e+02 +4.0177e+00 -6.4550e-01 -3.4884e+00 +2.0200e+00 -3.1727e+00
453 0 +5.400395325e+01 -1.689760468e+02 -1.689760468e+02 +4.0042e+00 -6.3401e-01 -3.4817e+00 +2.0109e+00 -3.1925e+00
464 0 +5.367680769e+01 -1.693031923e+02 -1.693031923e+02 +4.0003e+00 -6.2475e-01 -3.4841e+00 +2.0049e+00 -3.1934e+00
469 0 +5.138897597e+01 -1.715910240e+02 -1.715910240e+02 +3.9930e+00 -6.1768e-01 -3.4740e+00 +2.0038e+00 -3.2146e+00
474 0 +5.004818327e+01 -1.729318167e+02 -1.729318167e+02 +3.9749e+00 -6.0242e-01 -3.4645e+00 +1.9952e+00 -3.2239e+00
484 0 +4.610498529e+01 -1.768750147e+02 -1.768750147e+02 +3.9385e+00 -5.6598e-01 -3.4287e+00 +1.9645e+00 -3.2606e+00
490 0 +4.542416380e+01 -1.775558362e+02 -1.775558362e+02 +3.9441e+00 -5.7144e-01 -3.4215e+00 +1.9698e+00 -3.2666e+00
493 0 +4.446382128e+01 -1.785161787e+02 -1.785161787e+02 +3.8926e+00 -5.3975e-01 -3.3922e+00 +1.9392e+00 -3.2950e+00
500 0 +3.503221039e+01 -1.879477896e+02 -1.879477896e+02 +3.8635e+00 -4.8791e-01 -3.3894e+00 +1.9271e+00 -3.3646e+00
504 0 +3.503221039e+01 -1.879477896e+02 -1.879477896e+02 +3.8635e+00 -4.8791e-01 -3.3894e+00 +1.9271e+00 -3.3646e+00
% f evaluations | g evaluations | best noise-free fitness - Fopt (5.860000000000e+00) + sum g_i+ | measured fitness | best measured fitness or single-digit g-values | x1 | x2...
1 0 +1.123414518e+03 +1.129274518e+03 +1.129274518e+03 -1.4901e-01 +1.0662e-01 +2.4306e-01 +3.1826e-01 -1.7009e-02
4 0 +1.081096848e+03 +1.086956848e+03 +1.086956848e+03 -3.0297e-01 +3.2201e-01 -3.3396e-01 -3.6832e-01 +1.2515e-01
8 0 +1.060340277e+03 +1.066200277e+03 +1.066200277e+03 -8.0906e-02 +5.1558e-01 -2.4977e-01 -1.1134e-01 -7.3714e-02
9 0 +1.028813776e+03 +1.034673776e+03 +1.034673776e+03 -3.1512e-02 +1.1091e+00 +1.7088e-01 -3.3545e-01 +1.7619e-01
17 0 +1.014285275e+03 +1.020145275e+03 +1.020145275e+03 +1.9055e-01 +4.3328e-01 -2.3936e-01 +5.3054e-01 +2.3235e-01
19 0 +9.206954142e+02 +9.265554142e+02 +9.265554142e+02 -4.9663e-02 +8.9475e-01 -3.3904e-01 +5.5706e-01 -1.4068e-01
23 0 +8.970084237e+02 +9.028684237e+02 +9.028684237e+02 -4.9829e-01 +2.0831e+00 -3.3672e-01 -9.3570e-01 +1.3247e-01
28 0 +8.562855911e+02 +8.621455911e+02 +8.621455911e+02 -6.3140e-01 +9.0219e-01 -7.6453e-01 +2.7235e-01 -6.4702e-02
32 0 +8.226851699e+02 +8.285451699e+02 +8.285451699e+02 -7.2381e-01 +1.6049e+00 -1.7213e-01 +4.1223e-02 -9.3841e-02
34 0 +7.501320915e+02 +7.559920915e+02 +7.559920915e+02 -9.6626e-01 +1.7184e+00 +1.7441e-01 +4.2885e-01 +1.9212e-01
43 0 +5.883551594e+02 +5.942151594e+02 +5.942151594e+02 -1.4447e+00 +2.7517e+00 -6.4719e-01 +5.2083e-01 -1.0836e-01
49 0 +5.646511141e+02 +5.705111141e+02 +5.705111141e+02 -1.5061e+00 +1.2128e+00 -1.0816e+00 +1.1249e+00 +4.8533e-01
53 0 +4.213256606e+02 +4.271856606e+02 +4.271856606e+02 -2.4501e+00 +2.9569e+00 -9.9838e-01 +1.5647e+00 +2.9240e-03
58 0 +3.862286690e+02 +3.920886690e+02 +3.920886690e+02 -3.1015e+00 +3.5029e+00 +1.5961e-01 +1.9274e+00 +6.1101e-01
67 0 +1.708689962e+02 +1.767289962e+02 +1.767289962e+02 -2.6414e+00 +2.2023e+00 -1.7887e-01 +2.6105e+00 +7.1695e-01
112 0 +1.378315805e+02 +1.436915805e+02 +1.436915805e+02 -4.0174e+00 +2.0161e+00 -8.1037e-01 +2.7219e+00 +2.0572e+00
129 0 +1.186107540e+02 +1.244707540e+02 +1.244707540e+02 -4.2072e+00 +1.5875e+00 -9.4152e-01 +1.6485e+00 +2.3408e+00
139 0 +7.659523852e+01 +8.245523852e+01 +8.245523852e+01 -3.1577e+00 +2.1660e+00 -9.7464e-01 +1.6932e+00 +2.3991e+00
143 0 +6.021795801e+01 +6.607795801e+01 +6.607795801e+01 -3.8471e+00 +1.9972e+00 -1.2625e+00 +1.7423e+00 +2.3734e+00
152 0 +4.110272948e+01 +4.696272948e+01 +4.696272948e+01 -3.5977e+00 +2.0866e+00 -8.8640e-01 +2.2010e+00 +2.0817e+00
168 0 +3.316982127e+01 +3.902982127e+01 +3.902982127e+01 -3.8280e+00 +2.1119e+00 -9.9126e-01 +1.8287e+00 +2.1347e+00
177 0 +3.264800164e+01 +3.850800164e+01 +3.850800164e+01 -3.5428e+00 +2.0769e+00 -1.0573e+00 +1.7654e+00 +2.0895e+00
184 0 +2.484939989e+01 +3.070939989e+01 +3.070939989e+01 -3.7637e+00 +1.9686e+00 -8.6436e-01 +1.9468e+00 +1.9946e+00
210 0 +1.952366987e+01 +2.538366987e+01 +2.538366987e+01 -3.7127e+00 +1.9609e+00 -9.9460e-01 +1.8222e+00 +1.9991e+00
221 0 +1.696708716e+01 +2.282708716e+01 +2.282708716e+01 -3.7067e+00 +2.0163e+00 -9.9569e-01 +1.8072e+00 +1.9798e+00
225 0 +1.451566977e+01 +2.037566977e+01 +2.037566977e+01 -3.6452e+00 +2.0570e+00 -9.6989e-01 +1.8281e+00 +2.0155e+00
234 0 +1.068603317e+01 +1.654603317e+01 +1.654603317e+01 -3.7181e+00 +1.9794e+00 -9.5478e-01 +1.9105e+00 +2.0006e+00
240 0 +7.452819714e+00 +1.331281971e+01 +1.331281971e+01 -3.7087e+00 +2.0448e+00 -9.5205e-01 +1.8914e+00 +1.9949e+00
252 0 +6.631970127e+00 +1.249197013e+01 +1.249197013e+01 -3.7053e+00 +2.0141e+00 -9.7456e-01 +1.8874e+00 +2.0185e+00
253 0 +2.429641006e+00 +8.289641006e+00 +8.289641006e+00 -3.6918e+00 +2.0232e+00 -9.5182e-01 +1.9054e+00 +2.0176e+00
283 0 +9.079366905e-01 +6.767936691e+00 +6.767936691e+00 -3.6919e+00 +2.0239e+00 -9.4541e-01 +1.8977e+00 +2.0175e+00
309 0 +6.264300664e-01 +6.486430066e+00 +6.486430066e+00 -3.6898e+00 +2.0272e+00 -9.4209e-01 +1.9007e+00 +2.0166e+00
321 0 +3.407670152e-01 +6.200767015e+00 +6.200767015e+00 -3.6918e+00 +2.0267e+00 -9.4157e-01 +1.9025e+00 +2.0161e+00
335 0 +2.279003875e-01 +6.087900387e+00 +6.087900387e+00 -3.6941e+00 +2.0264e+00 -9.4319e-01 +1.8994e+00 +2.0170e+00
342 0 +2.101774858e-01 +6.070177486e+00 +6.070177486e+00 -3.6947e+00 +2.0260e+00 -9.4282e-01 +1.8999e+00 +2.0172e+00
352 0 +2.072437750e-01 +6.067243775e+00 +6.067243775e+00 -3.6946e+00 +2.0258e+00 -9.4426e-01 +1.8996e+00 +2.0182e+00
365 0 +1.347023085e-01 +5.994702308e+00 +5.994702308e+00 -3.6950e+00 +2.0262e+00 -9.4377e-01 +1.8991e+00 +2.0176e+00
388 0 +1.300213408e-01 +5.990021341e+00 +5.990021341e+00 -3.6951e+00 +2.0261e+00 -9.4406e-01 +1.8987e+00 +2.0182e+00
399 0 +1.282850470e-01 +5.988285047e+00 +5.988285047e+00 -3.6951e+00 +2.0259e+00 -9.4380e-01 +1.8988e+00 +2.0185e+00
400 0 +1.205509985e-01 +5.980550999e+00 +5.980550999e+00 -3.6955e+00 +2.0260e+00 -9.4385e-01 +1.8986e+00 +2.0182e+00
404 0 +1.184355879e-01 +5.978435588e+00 +5.978435588e+00 -3.6953e+00 +2.0259e+00 -9.4374e-01 +1.8988e+00 +2.0182e+00
406 0 +1.085550232e-01 +5.968555023e+00 +5.968555023e+00 -3.6955e+00 +2.0259e+00 -9.4392e-01 +1.8984e+00 +2.0183e+00
409 0 +1.056839765e-01 +5.965683976e+00 +5.965683976e+00 -3.6952e+00 +2.0258e+00 -9.4390e-01 +1.8984e+00 +2.0183e+00
412 0 +8.658722997e-02 +5.946587230e+00 +5.946587230e+00 -3.6953e+00 +2.0259e+00 -9.4404e-01 +1.8984e+00 +2.0185e+00
425 0 +7.275171996e-02 +5.932751720e+00 +5.932751720e+00 -3.6952e+00 +2.0259e+00 -9.4405e-01 +1.8984e+00 +2.0183e+00
435 0 +7.189691389e-02 +5.931896914e+00 +5.931896914e+00 -3.6952e+00 +2.0259e+00 -9.4405e-01 +1.8984e+00 +2.0184e+00
453 0 +6.864081046e-02 +5.928640810e+00 +5.928640810e+00 -3.6953e+00 +2.0258e+00 -9.4407e-01 +1.8985e+00 +2.0183e+00
459 0 +6.599377375e-02 +5.925993774e+00 +5.925993774e+00 -3.6952e+00 +2.0259e+00 -9.4405e-01 +1.8985e+00 +2.0183e+00
467 0 +6.326362700e-02 +5.923263627e+00 +5.923263627e+00 -3.6952e+00 +2.0259e+00 -9.4407e-01 +1.8985e+00 +2.0183e+00
475 0 +6.166424357e-02 +5.921664244e+00 +5.921664244e+00 -3.6952e+00 +2.0259e+00 -9.4406e-01 +1.8985e+00 +2.0183e+00
488 0 +6.140579679e-02 +5.921405797e+00 +5.921405797e+00 -3.6952e+00 +2.0259e+00 -9.4406e-01 +1.8985e+00 +2.0183e+00
504 0 +6.140579679e-02 +5.921405797e+00 +5.921405797e+00 -3.6952e+00 +2.0259e+00 -9.4406e-01 +1.8985e+00 +2.0183e+00
% f evaluations | g evaluations | best noise-free fitness - Fopt (2.048600000000e+02) + sum g_i+ | measured fitness | best measured fitness or single-digit g-values | x1 | x2...
1 0 +3.857433917e+02 +5.906033917e+02 +5.906033917e+02 +1.5969e-01 -6.4488e-01 -3.2232e-02 +1.5517e-01 -5.0707e-02
3 0 +3.344409455e+02 +5.393009455e+02 +5.393009455e+02 +1.8472e-01 +3.6252e-01 +5.8339e-02 +7.4578e-01 -2.6675e-01
12 0 +3.001002276e+02 +5.049602276e+02 +5.049602276e+02 +2.6830e-01 -1.2689e-01 -2.4540e-01 +7.9765e-01 -2.7812e-01
18 0 +2.577556545e+02 +4.626156545e+02 +4.626156545e+02 +2.8262e-01 -1.4657e-01 -7.1235e-01 +8.6022e-01 -4.7808e-01
22 0 +2.435229288e+02 +4.483829288e+02 +4.483829288e+02 +8.5572e-02 +3.2963e-02 -7.7474e-01 +8.7180e-01 -2.6469e-01
28 0 +2.188031563e+02 +4.236631563e+02 +4.236631563e+02 -6.2068e-01 +8.2549e-02 -2.5798e-01 +1.6192e+00 -6.0341e-01
34 0 +1.607562175e+02 +3.656162175e+02 +3.656162175e+02 -7.3492e-01 -3.8775e-01 -6.2244e-01 +1.6486e+00 -5.1401e-01
60 0 +1.299810296e+02 +3.348410296e+02 +3.348410296e+02 -2.1474e+00 -6.3924e-01 -4.7592e-01 +3.1906e+00 -2.2206e+00
105 0 +8.016119114e+01 +2.850211911e+02 +2.850211911e+02 -1.4980e+00 -6.7980e-01 -3.5166e-01 +2.8985e+00 -1.4472e+00
113 0 +6.145660664e+01 +2.663166066e+02 +2.663166066e+02 -1.6685e+00 -8.9434e-01 -5.3827e-01 +2.6216e+00 -1.4170e+00
130 0 +2.966440262e+01 +2.345244026e+02 +2.345244026e+02 -1.6345e+00 -6.9750e-01 -4.5334e-01 +2.2448e+00 -1.7231e+00
153 0 +2.241665590e+01 +2.272766559e+02 +2.272766559e+02 -1.6338e+00 -6.3106e-01 -3.5803e-01 +2.4268e+00 -1.8308e+00
173 0 +1.422726861e+01 +2.190872686e+02 +2.190872686e+02 -1.7201e+00 -6.6998e-01 -2.4236e-01 +2.4991e+00 -1.7994e+00
190 0 +1.096855366e+01 +2.158285537e+02 +2.158285537e+02 -1.6815e+00 -6.9406e-01 -2.6167e-01 +2.4850e+00 -1.7622e+00
198 0 +7.622539650e+00 +2.124825396e+02 +2.124825396e+02 -1.6151e+00 -6.2220e-01 -2.9407e-01 +2.4262e+00 -1.7532e+00
232 0 +7.383583143e+00 +2.122435831e+02 +2.122435831e+02 -1.5947e+00 -6.3912e-01 -2.2605e-01 +2.4618e+00 -1.7425e+00
235 0 +6.430511378e+00 +2.112905114e+02 +2.112905114e+02 -1.5879e+00 -6.2471e-01 -2.4819e-01 +2.4421e+00 -1.7310e+00
237 0 +5.068950059e+00 +2.099289501e+02 +2.099289501e+02 -1.6050e+00 -6.3673e-01 -2.6473e-01 +2.4434e+00 -1.7597e+00
254 0 +3.141149780e+00 +2.080011498e+02 +2.080011498e+02 -1.6279e+00 -6.3557e-01 -2.4707e-01 +2.4674e+00 -1.7638e+00
257 0 +2.517399268e+00 +2.073773993e+02 +2.073773993e+02 -1.6255e+00 -6.4084e-01 -2.4935e-01 +2.4505e+00 -1.7529e+00
271 0 +2.061595037e+00 +2.069215950e+02 +2.069215950e+02 -1.6314e+00 -6.4165e-01 -2.4119e-01 +2.4637e+00 -1.7554e+00
274 0 +1.456879009e+00 +2.063168790e+02 +2.063168790e+02 -1.6284e+00 -6.4302e-01 -2.4206e-01 +2.4637e+00 -1.7537e+00
321 0 +9.281225308e-01 +2.057881225e+02 +2.057881225e+02 -1.6282e+00 -6.4397e-01 -2.4357e-01 +2.4663e+00 -1.7553e+00
341 0 +8.952759316e-01 +2.057552759e+02 +2.057552759e+02 -1.6280e+00 -6.4391e-01 -2.4417e-01 +2.4645e+00 -1.7551e+00
345 0 +8.863726042e-01 +2.057463726e+02 +2.057463726e+02 -1.6283e+00 -6.4441e-01 -2.4332e-01 +2.4652e+00 -1.7552e+00
363 0 +8.613150111e-01 +2.057213150e+02 +2.057213150e+02 -1.6295e+00 -6.4447e-01 -2.4331e-01 +2.4668e+00 -1.7562e+00
380 0 +8.092176740e-01 +2.056692177e+02 +2.056692177e+02 -1.6288e+00 -6.4454e-01 -2.4405e-01 +2.4660e+00 -1.7559e+00
395 0 +7.687863513e-01 +2.056287864e+02 +2.056287864e+02 -1.6287e+00 -6.4449e-01 -2.4374e-01 +2.4658e+00 -1.7558e+00
411 0 +7.571189503e-01 +2.056171190e+02 +2.056171190e+02 -1.6287e+00 -6.4445e-01 -2.4379e-01 +2.4656e+00 -1.7557e+00
504 0 +7.441026723e-01 +2.056041027e+02 +2.056041027e+02 -1.6287e+00 -6.4449e-01 -2.4388e-01 +2.4656e+00 -1.7557e+00
% f evaluations | g evaluations | best noise-free fitness - Fopt (1.154900000000e+02) + sum g_i+ | measured fitness | best measured fitness or single-digit g-values | x1 | x2...
1 0 +1.286420558e+03 +1.401910558e+03 +1.401910558e+03 -1.1221e-01 +1.6811e-01 +3.7313e-02 -5.8361e-01 +4.0227e-01
9 0 +1.215045876e+03 +1.330535876e+03 +1.330535876e+03 +1.3271e-01 +9.7946e-02 +6.5033e-01 -5.5417e-01 +3.3781e-01
20 0 +9.970821061e+02 +1.112572106e+03 +1.112572106e+03 -4.6151e-02 +1.2964e-01 +9.7447e-01 -1.0985e+00 +8.7786e-01
26 0 +8.669960035e+02 +9.824860035e+02 +9.824860035e+02 -7.0556e-02 -4.6025e-01 +1.3854e+00 -1.5000e+00 +8.8648e-01
28 0 +5.488603807e+02 +6.643503807e+02 +6.643503807e+02 -4.7755e-01 +4.5760e-01 +2.0131e+00 -1.6757e+00 +2.4061e+00
35 0 +4.256932328e+02 +5.411832328e+02 +5.411832328e+02 -4.4072e-01 +2.2953e-01 +2.4358e+00 -2.5769e+00 +2.3911e+00
38 0 +3.387209112e+02 +4.542109112e+02 +4.542109112e+02 +2.2397e-01 -4.4822e-01 +3.5784e+00 -2.1538e+00 +3.3757e+00
79 0 +2.253810208e+02 +3.408710208e+02 +3.408710208e+02 -6.6949e-01 -8.1418e-01 +3.2543e+00 -2.3947e+00 +3.1700e+00
98 0 +1.690840996e+02 +2.845740996e+02 +2.845740996e+02 -1.8485e+00 -1.0510e+00 +3.9511e+00 -2.8183e+00 +3.0953e+00
105 0 +1.419535217e+02 +2.574435217e+02 +2.574435217e+02 -2.2457e+00 -1.0441e+00 +3.5837e+00 -2.9053e+00 +2.8190e+00
141 0 +1.336906858e+02 +2.491806858e+02 +2.491806858e+02 -2.6882e+00 -5.1973e-02 +2.9000e+00 -2.8768e+00 +4.0535e+00
145 0 +1.173671152e+02 +2.328571152e+02 +2.328571152e+02 -2.7719e+00 -2.0038e-01 +2.8407e+00 -2.6942e+00 +3.9378e+00
153 0 +1.079673620e+02 +2.234573620e+02 +2.234573620e+02 -2.2583e+00 -1.0363e-02 +2.6362e+00 -2.4719e+00 +4.2451e+00
156 0 +1.045283202e+02 +2.200183202e+02 +2.200183202e+02 -2.4294e+00 -1.1212e-01 +2.7851e+00 -2.7480e+00 +4.1706e+00
163 0 +8.549800825e+01 +2.009880083e+02 +2.009880083e+02 -2.4827e+00 -6.0240e-01 +2.7423e+00 -2.5996e+00 +3.9194e+00
166 0 +7.476664461e+01 +1.902566446e+02 +1.902566446e+02 -2.6160e+00 -1.8316e-01 +2.4157e+00 -2.8937e+00 +4.1189e+00
188 0 +6.828240379e+01 +1.837724038e+02 +1.837724038e+02 -2.7023e+00 -5.0855e-01 +2.3856e+00 -2.9943e+00 +3.9502e+00
194 0 +6.401395549e+01 +1.795039555e+02 +1.795039555e+02 -2.6622e+00 -5.3735e-01 +2.5260e+00 -2.9213e+00 +3.8726e+00
205 0 +5.775931612e+01 +1.732493161e+02 +1.732493161e+02 -2.4513e+00 -5.3138e-01 +2.5150e+00 -2.8540e+00 +3.8723e+00
208 0 +5.683507377e+01 +1.723250738e+02 +1.723250738e+02 -2.5804e+00 -6.1839e-01 +2.7408e+00 -2.8071e+00 +4.0128e+00
209 0 +5.563230213e+01 +1.711223021e+02 +1.711223021e+02 -2.4574e+00 -5.8096e-01 +2.6697e+00 -2.7358e+00 +3.9275e+00
211 0 +2.888541737e+01 +1.443754174e+02 +1.443754174e+02 -2.5487e+00 -7.0650e-01 +2.5608e+00 -2.9001e+00 +3.9790e+00
234 0 +2.539990419e+01 +1.408899042e+02 +1.408899042e+02 -2.5177e+00 -7.5520e-01 +2.5051e+00 -2.8787e+00 +3.9322e+00
241 0 +2.327516275e+01 +1.387651628e+02 +1.387651628e+02 -2.4521e+00 -7.8084e-01 +2.5291e+00 -2.8886e+00 +3.9291e+00
248 0 +2.240566885e+01 +1.378956688e+02 +1.378956688e+02 -2.4716e+00 -8.0855e-01 +2.5565e+00 -2.8905e+00 +3.9035e+00
250 0 +2.042071455e+01 +1.359107145e+02 +1.359107145e+02 -2.4749e+00 -7.7583e-01 +2.5672e+00 -2.8667e+00 +4.0013e+00
253 0 +1.899867736e+01 +1.344886774e+02 +1.344886774e+02 -2.4122e+00 -8.4379e-01 +2.5310e+00 -2.8752e+00 +3.9343e+00
265 0 +1.413480958e+01 +1.296248096e+02 +1.296248096e+02 -2.4388e+00 -8.7771e-01 +2.5362e+00 -2.8842e+00 +3.9386e+00
266 0 +1.408848843e+01 +1.295784884e+02 +1.295784884e+02 -2.4808e+00 -8.2344e-01 +2.5441e+00 -2.8805e+00 +3.9898e+00
277 0 +1.002841208e+01 +1.255184121e+02 +1.255184121e+02 -2.5119e+00 -8.6995e-01 +2.5506e+00 -2.8911e+00 +3.9711e+00
293 0 +9.473568250e+00 +1.249635682e+02 +1.249635682e+02 -2.4943e+00 -8.4841e-01 +2.5237e+00 -2.8762e+00 +3.9831e+00
303 0 +8.249898317e+00 +1.237398983e+02 +1.237398983e+02 -2.4905e+00 -8.8171e-01 +2.5137e+00 -2.8836e+00 +3.9680e+00
305 0 +7.574933799e+00 +1.230649338e+02 +1.230649338e+02 -2.5036e+00 -8.7393e-01 +2.5109e+00 -2.8892e+00 +3.9675e+00
316 0 +6.910550211e+00 +1.224005502e+02 +1.224005502e+02 -2.5031e+00 -8.7588e-01 +2.5151e+00 -2.8853e+00 +3.9892e+00
320 0 +6.313239083e+00 +1.218032391e+02 +1.218032391e+02 -2.5078e+00 -8.8134e-01 +2.5047e+00 -2.9000e+00 +3.9854e+00
322 0 +6.263244896e+00 +1.217532449e+02 +1.217532449e+02 -2.5145e+00 -8.8285e-01 +2.4976e+00 -2.9019e+00 +3.9800e+00
323 0 +5.481304232e+00 +1.209713042e+02 +1.209713042e+02 -2.5160e+00 -8.8599e-01 +2.4979e+00 -2.8935e+00 +3.9926e+00
338 0 +5.092107345e+00 +1.205821073e+02 +1.205821073e+02 -2.5248e+00 -8.8120e-01 +2.4955e+00 -2.9010e+00 +3.9888e+00
350 0 +4.524012859e+00 +1.200140129e+02 +1.200140129e+02 -2.5236e+00 -8.8154e-01 +2.4999e+00 -2.8962e+00 +3.9940e+00
363 0 +4.292555416e+00 +1.197825554e+02 +1.197825554e+02 -2.5231e+00 -8.7020e-01 +2.5019e+00 -2.8916e+00 +3.9942e+00
368 0 +4.084341086e+00 +1.195743411e+02 +1.195743411e+02 -2.5255e+00 -8.6944e-01 +2.5013e+00 -2.8949e+00 +3.9929e+00
370 0 +3.963643888e+00 +1.194536439e+02 +1.194536439e+02 -2.5279e+00 -8.6945e-01 +2.5000e+00 -2.8931e+00 +3.9960e+00
388 0 +3.781614835e+00 +1.192716148e+02 +1.192716148e+02 -2.5286e+00 -8.6869e-01 +2.4951e+00 -2.8949e+00 +3.9976e+00
403 0 +3.711092956e+00 +1.192010930e+02 +1.192010930e+02 -2.5267e+00 -8.7046e-01 +2.4966e+00 -2.8948e+00 +3.9962e+00
409 0 +3.621697169e+00 +1.191116972e+02 +1.191116972e+02 -2.5276e+00 -8.6937e-01 +2.4963e+00 -2.8944e+00 +3.9968e+00
452 0 +3.538649969e+00 +1.190286500e+02 +1.190286500e+02 -2.5276e+00 -8.6980e-01 +2.4972e+00 -2.8944e+00 +3.9965e+00
504 0 +3.498896090e+00 +1.189888961e+02 +1.189888961e+02 -2.5275e+00 -8.6959e-01 +2.4974e+00 -2.8943e+00 +3.9964e+00
% f evaluations | g evaluations | best noise-free fitness - Fopt (1.950500000000e+02) + sum g_i+ | measured fitness | best measured fitness or single-digit g-values | x1 | x2...
1 0 +4.859816356e+02 +6.810316356e+02 +6.810316356e+02 +8.3138e-02 +7.1381e-01 +1.2714e-01 -2.7478e-01 -5.2341e-01
6 0 +4.473276707e+02 +6.423776707e+02 +6.423776707e+02 +5.0061e-02 +5.5139e-02 -3.3895e-01 +1.1547e-01 +1.6202e-01
7 0 +4.177110822e+02 +6.127610822e+02 +6.127610822e+02 +2.2807e-01 -6.3293e-02 -4.8740e-01 +3.0928e-01 +2.0983e-02
9 0 +3.091950579e+02 +5.042450579e+02 +5.042450579e+02 +6.7130e-01 -3.0403e-01 -7.3252e-01 -8.5672e-02 -7.6476e-02
18 0 +2.954924524e+02 +4.905424524e+02 +4.905424524e+02 +8.4390e-01 -1.8098e-01 -7.2450e-01 +2.2931e-01 -3.8583e-01
24 0 +1.983406803e+02 +3.933906803e+02 +3.933906803e+02 +1.1908e+00 -3.1429e-01 -1.5392e+00 +4.9870e-01 -5.3566e-02
29 0 +1.916147507e+02 +3.866647507e+02 +3.866647507e+02 +7.2134e-01 -2.0238e-01 -1.4768e+00 -9.1275e-02 -4.7971e-01
33 0 +1.800739031e+02 +3.751239031e+02 +3.751239031e+02 +9.8220e-01 -3.6773e-02 -1.1927e+00 -1.1697e-03 -4.3699e-01
47 0 +1.677823294e+02 +3.628323294e+02 +3.628323294e+02 +5.9716e-01 +4.8654e-01 -2.1649e+00 -1.9965e-01 -1.2372e+00
50 0 +1.416326784e+02 +3.366826784e+02 +3.366826784e+02 +7.1060e-01 -7.2692e-02 -1.7896e+00 -3.3987e-01 -1.2207e+00
56 0 +1.183652213e+02 +3.134152213e+02 +3.134152213e+02 +1.2763e+00 -2.2634e-01 -1.6152e+00 +8.2168e-02 -4.6399e-01
58 0 +7.337348830e+01 +2.684234883e+02 +2.684234883e+02 +1.1243e+00 +2.1230e-01 -1.6917e+00 -5.2020e-01 -8.3477e-01
73 0 +7.069818748e+01 +2.657481875e+02 +2.657481875e+02 +1.2269e+00 +1.2884e-01 -2.1492e+00 -4.4369e-01 -1.0538e+00
75 0 +6.551115715e+01 +2.605611571e+02 +2.605611571e+02 +9.4312e-01 +1.6702e-01 -1.9541e+00 -6.4143e-01 -1.4347e+00
89 0 +5.889788791e+01 +2.539478879e+02 +2.539478879e+02 +9.9946e-01 +1.8350e-01 -2.4477e+00 -7.4812e-01 -1.6090e+00
91 0 +5.193862820e+01 +2.469886282e+02 +2.469886282e+02 +1.0107e+00 -5.9033e-02 -2.0939e+00 -4.5160e-01 -1.4650e+00
113 0 +4.697824031e+01 +2.420282403e+02 +2.420282403e+02 +9.5404e-01 +1.2519e-01 -2.5367e+00 -4.8722e-01 -1.6933e+00
117 0 +3.994710358e+01 +2.349971036e+02 +2.349971036e+02 +9.9139e-01 +1.1114e-01 -2.1551e+00 -6.8057e-01 -1.4240e+00
121 0 +3.769838595e+01 +2.327483860e+02 +2.327483860e+02 +9.5808e-01 +6.6936e-02 -2.1598e+00 -6.1885e-01 -1.3514e+00
122 0 +2.801457110e+01 +2.230645711e+02 +2.230645711e+02 +9.1600e-01 +2.2487e-02 -2.2861e+00 -4.6162e-01 -1.4835e+00
131 0 +2.530091232e+01 +2.203509123e+02 +2.203509123e+02 +8.8944e-01 -1.3624e-01 -2.4133e+00 -4.0617e-01 -1.4118e+00
147 0 +1.201265849e+01 +2.070626585e+02 +2.070626585e+02 +9.6736e-01 -4.5332e-02 -2.3375e+00 -4.8255e-01 -1.4822e+00
162 0 +8.412845484e+00 +2.034628455e+02 +2.034628455e+02 +9.4695e-01 -5.1651e-02 -2.4643e+00 -5.1869e-01 -1.5458e+00
172 0 +8.243645142e+00 +2.032936451e+02 +2.032936451e+02 +9.9050e-01 -2.6167e-02 -2.4049e+00 -4.8422e-01 -1.4958e+00
175 0 +5.214052336e+00 +2.002640523e+02 +2.002640523e+02 +9.4003e-01 -7.1935e-02 -2.4696e+00 -4.9315e-01 -1.5334e+00
180 0 +4.431775441e+00 +1.994817754e+02 +1.994817754e+02 +1.0089e+00 -3.4766e-02 -2.3780e+00 -4.7906e-01 -1.4922e+00
191 0 +4.358854354e+00 +1.994088544e+02 +1.994088544e+02 +9.6582e-01 -5.9416e-02 -2.4012e+00 -4.5854e-01 -1.5011e+00
205 0 +3.008519871e+00 +1.980585199e+02 +1.980585199e+02 +9.8881e-01 -6.6906e-02 -2.4077e+00 -4.6273e-01 -1.4998e+00
220 0 +2.712318133e+00 +1.977623181e+02 +1.977623181e+02 +9.8046e-01 -5.9903e-02 -2.3961e+00 -4.6705e-01 -1.5050e+00
227 0 +1.978497288e+00 +1.970284973e+02 +1.970284973e+02 +9.8542e-01 -5.4029e-02 -2.4005e+00 -4.5606e-01 -1.5058e+00
241 0 +1.787567994e+00 +1.968375680e+02 +1.968375680e+02 +9.9329e-01 -5.8032e-02 -2.3919e+00 -4.5683e-01 -1.5037e+00
249 0 +1.751586722e+00 +1.968015867e+02 +1.968015867e+02 +9.8904e-01 -5.1254e-02 -2.3980e+00 -4.6372e-01 -1.4995e+00
255 0 +1.405328053e+00 +1.964553281e+02 +1.964553281e+02 +1.0028e+00 -4.8127e-02 -2.3840e+00 -4.5912e-01 -1.5020e+00
256 0 +1.244050208e+00 +1.962940502e+02 +1.962940502e+02 +9.8313e-01 -5.0871e-02 -2.3967e+00 -4.6574e-01 -1.5056e+00
259 0 +9.535153464e-01 +1.960035153e+02 +1.960035153e+02 +9.9398e-01 -5.3619e-02 -2.3894e+00 -4.6543e-01 -1.5007e+00
262 0 +7.287934270e-01 +1.957787934e+02 +1.957787934e+02 +9.9057e-01 -4.9560e-02 -2.3924e+00 -4.6483e-01 -1.5033e+00
263 0 +3.764179129e-01 +1.954264179e+02 +1.954264179e+02 +9.9033e-01 -5.2259e-02 -2.3950e+00 -4.6549e-01 -1.5053e+00
323 0 +3.260758585e-01 +1.953760759e+02 +1.953760759e+02 +9.8801e-01 -5.1775e-02 -2.3978e+00 -4.6631e-01 -1.5078e+00
336 0 +3.022593577e-01 +1.953522594e+02 +1.953522594e+02 +9.8873e-01 -5.1526e-02 -2.3968e+00 -4.6574e-01 -1.5076e+00
337 0 +2.595544836e-01 +1.953095545e+02 +1.953095545e+02 +9.8911e-01 -5.2346e-02 -2.3973e+00 -4.6518e-01 -1.5074e+00
344 0 +2.432800125e-01 +1.952932800e+02 +1.952932800e+02 +9.8876e-01 -5.2188e-02 -2.3970e+00 -4.6531e-01 -1.5077e+00
352 0 +2.217752697e-01 +1.952717753e+02 +1.952717753e+02 +9.8877e-01 -5.2034e-02 -2.3974e+00 -4.6575e-01 -1.5078e+00
355 0 +1.865049274e-01 +1.952365049e+02 +1.952365049e+02 +9.8886e-01 -5.2248e-02 -2.3975e+00 -4.6573e-01 -1.5080e+00
378 0 +1.758399223e-01 +1.952258399e+02 +1.952258399e+02 +9.8838e-01 -5.2376e-02 -2.3980e+00 -4.6585e-01 -1.5083e+00
399 0 +1.692979277e-01 +1.952192979e+02 +1.952192979e+02 +9.8850e-01 -5.2350e-02 -2.3977e+00 -4.6570e-01 -1.5082e+00
413 0 +1.630089359e-01 +1.952130089e+02 +1.952130089e+02 +9.8845e-01 -5.2373e-02 -2.3978e+00 -4.6571e-01 -1.5083e+00
434 0 +1.588587857e-01 +1.952088588e+02 +1.952088588e+02 +9.8849e-01 -5.2392e-02 -2.3979e+00 -4.6572e-01 -1.5083e+00
438 0 +1.583308987e-01 +1.952083309e+02 +1.952083309e+02 +9.8847e-01 -5.2412e-02 -2.3979e+00 -4.6570e-01 -1.5083e+00
504 0 +1.549962369e-01 +1.952049962e+02 +1.952049962e+02 +9.8847e-01 -5.2413e-02 -2.3979e+00 -4.6571e-01 -1.5083e+00
% f evaluations | g evaluations | best noise-free fitness - Fopt (-2.144800000000e+02) + sum g_i+ | measured fitness | best measured fitness or single-digit g-values | x1 | x2...
1 0 +1.125239875e+03 +9.107598749e+02 +9.107598749e+02 -2.9009e-01 -4.1479e-01 -1.8801e-01 -1.1955e-01 +1.4963e-01
2 0 +1.003566841e+03 +7.890868405e+02 +7.890868405e+02 -2.1147e-01 +4.1671e-02 +2.0453e-01 -1.2752e-01 -2.0999e-01
3 0 +9.777156187e+02 +7.632356187e+02 +7.632356187e+02 -1.8723e-01 +3.4873e-01 -5.2426e-02 -3.5350e-01 +3.0669e-01
4 0 +9.077367127e+02 +6.932567127e+02 +6.932567127e+02 +3.5877e-01 -5.7019e-02 +4.6982e-01 -5.4088e-01 -1.2005e-01
12 0 +8.867804767e+02 +6.723004767e+02 +6.723004767e+02 +3.6227e-01 +1.5884e-01 -2.3505e-02 -5.9957e-01 +2.7487e-02
15 0 +7.850707128e+02 +5.705907128e+02 +5.705907128e+02 +3.7104e-01 +3.1636e-01 -2.4222e-01 -9.7137e-01 -1.0331e-01
17 0 +5.308354398e+02 +3.163554398e+02 +3.163554398e+02 +8.1772e-01 +7.9005e-01 +5.8161e-01 -1.4853e+00 -6.7991e-01
27 0 +4.964688640e+02 +2.819888640e+02 +2.819888640e+02 +6.2465e-02 +1.3889e+00 +5.8212e-01 -1.3549e+00 -6.2468e-01
35 0 +3.884619303e+02 +1.739819303e+02 +1.739819303e+02 +3.5227e-01 +1.6101e+00 +2.3270e-01 -2.1805e+00 -3.3048e-01
36 0 +3.475796916e+02 +1.330996916e+02 +1.330996916e+02 +3.5510e-01 +1.1585e+00 +5.0929e-01 -2.7434e+00 -9.9482e-01
38 0 +2.995997985e+02 +8.511979847e+01 +8.511979847e+01 +7.6518e-01 +2.0412e+00 +1.2635e+00 -2.3968e+00 -1.0141e+00
47 0 +2.625461783e+02 +4.806617827e+01 +4.806617827e+01 +1.7858e-02 +1.8680e+00 +8.7009e-01 -2.4934e+00 -9.4622e-01
62 0 +2.128891745e+02 -1.590825512e+00 -1.590825512e+00 -3.8133e-01 +2.7249e+00 +7.7360e-01 -2.2777e+00 -6.4193e-01
71 0 +1.562624911e+02 -5.821750892e+01 -5.821750892e+01 +1.1472e-01 +3.0589e+00 +2.2735e-01 -1.7269e+00 -1.2751e+00
92 0 +9.593584366e+01 -1.185441563e+02 -1.185441563e+02 +4.6387e-04 +4.1820e+00 +1.6269e-01 -1.3295e+00 -1.8211e+00
106 0 +7.342320811e+01 -1.410567919e+02 -1.410567919e+02 -1.0104e+00 +4.1972e+00 +4.9023e-01 -1.4710e+00 -1.4197e+00
136 0 +5.902840942e+01 -1.554515906e+02 -1.554515906e+02 -7.4285e-01 +3.5221e+00 +5.6375e-01 -1.8892e+00 -1.4808e+00
166 0 +5.710336998e+01 -1.573766300e+02 -1.573766300e+02 -8.4620e-01 +3.7246e+00 +8.2126e-01 -1.6765e+00 -1.4536e+00
171 0 +3.772830443e+01 -1.767516956e+02 -1.767516956e+02 -7.6920e-01 +3.9016e+00 +6.3994e-01 -1.6210e+00 -1.4407e+00
173 0 +3.594744357e+01 -1.785325564e+02 -1.785325564e+02 -7.2555e-01 +3.7674e+00 +7.3321e-01 -1.6714e+00 -1.5421e+00
178 0 +2.394323218e+01 -1.905367678e+02 -1.905367678e+02 -8.5042e-01 +3.8538e+00 +6.7685e-01 -1.6639e+00 -1.5357e+00
185 0 +2.132294382e+01 -1.931570562e+02 -1.931570562e+02 -8.0252e-01 +3.9600e+00 +6.0888e-01 -1.6865e+00 -1.5116e+00
189 0 +1.575344672e+01 -1.987265533e+02 -1.987265533e+02 -7.3918e-01 +3.8858e+00 +5.9849e-01 -1.6622e+00 -1.5564e+00
200 0 +1.237103409e+01 -2.021089659e+02 -2.021089659e+02 -6.5382e-01 +3.9816e+00 +5.3331e-01 -1.5810e+00 -1.5701e+00
236 0 +1.175542945e+01 -2.027245706e+02 -2.027245706e+02 -7.3743e-01 +3.9914e+00 +5.7944e-01 -1.6167e+00 -1.5588e+00
245 0 +9.612799663e+00 -2.048672003e+02 -2.048672003e+02 -7.0348e-01 +3.9774e+00 +5.7681e-01 -1.5951e+00 -1.5642e+00
254 0 +8.274230136e+00 -2.062057699e+02 -2.062057699e+02 -7.2968e-01 +3.9887e+00 +5.7022e-01 -1.5995e+00 -1.5731e+00
262 0 +8.119181629e+00 -2.063608184e+02 -2.063608184e+02 -7.1845e-01 +3.9962e+00 +5.7107e-01 -1.5851e+00 -1.5743e+00
264 0 +7.675842739e+00 -2.068041573e+02 -2.068041573e+02 -7.3513e-01 +3.9691e+00 +5.8065e-01 -1.5982e+00 -1.5837e+00
281 0 +7.453130472e+00 -2.070268695e+02 -2.070268695e+02 -7.4537e-01 +3.9639e+00 +5.7735e-01 -1.6048e+00 -1.5888e+00
289 0 +6.940605079e+00 -2.075393949e+02 -2.075393949e+02 -7.4711e-01 +3.9664e+00 +5.8077e-01 -1.6062e+00 -1.5891e+00
303 0 +6.868523562e+00 -2.076114764e+02 -2.076114764e+02 -7.4657e-01 +3.9714e+00 +5.8064e-01 -1.6050e+00 -1.5805e+00
305 0 +6.673772704e+00 -2.078062273e+02 -2.078062273e+02 -7.5185e-01 +3.9681e+00 +5.8391e-01 -1.6065e+00 -1.5888e+00
313 0 +6.589404504e+00 -2.078905955e+02 -2.078905955e+02 -7.5293e-01 +3.9697e+00 +5.8177e-01 -1.6069e+00 -1.5867e+00
317 0 +6.431509990e+00 -2.080484900e+02 -2.080484900e+02 -7.5406e-01 +3.9689e+00 +5.8370e-01 -1.6095e+00 -1.5844e+00
327 0 +6.229242831e+00 -2.082507572e+02 -2.082507572e+02 -7.5452e-01 +3.9659e+00 +5.8626e-01 -1.6107e+00 -1.5859e+00
352 0 +6.151143609e+00 -2.083288564e+02 -2.083288564e+02 -7.5135e-01 +3.9672e+00 +5.8349e-01 -1.6088e+00 -1.5854e+00
504 0 +6.065618898e+00 -2.084143811e+02 -2.084143811e+02 -7.5181e-01 +3.9673e+00 +5.8398e-01 -1.6088e+00 -1.5852e+00
% f evaluations | g evaluations | best noise-free fitness - Fopt (-4.590000000000e+01) + sum g_i+ | measured fitness | best measured fitness or single-digit g-values | x1 | x2...
1 0 +1.019844111e+03 +9.739441106e+02 +9.739441106e+02 +1.7523e-01 +2.2906e-01 -2.7907e-01 +6.5982e-01 -4.5219e-02
2 0 +9.166413702e+02 +8.707413702e+02 +8.707413702e+02 -5.1031e-02 -8.7744e-02 -1.4554e-01 +1.1484e-01 -3.0829e-01
6 0 +8.437992329e+02 +7.978992329e+02 +7.978992329e+02 -3.0105e-01 -7.1835e-02 -2.4554e-01 -7.3541e-01 -6.5540e-01
13 0 +7.698714989e+02 +7.239714989e+02 +7.239714989e+02 -3.6833e-03 -6.4999e-01 -3.4641e-01 -3.4850e-01 -8.1523e-01
17 0 +7.442263003e+02 +6.983263003e+02 +6.983263003e+02 -1.9156e-01 -1.2449e+00 -4.4668e-01 -2.0304e-01 -8.1535e-01
18 0 +7.198313546e+02 +6.739313546e+02 +6.739313546e+02 -6.8036e-02 -1.1363e+00 -7.8229e-01 -5.1345e-01 -1.0361e+00
27 0 +6.772718910e+02 +6.313718910e+02 +6.313718910e+02 +2.3964e-01 -1.0649e+00 -4.8353e-01 -7.6897e-02 -1.1795e+00
30 0 +6.247107319e+02 +5.788107319e+02 +5.788107319e+02 +2.3876e-01 -1.6661e+00 -6.0944e-01 -4.8336e-01 -1.4214e+00
32 0 +4.454826913e+02 +3.995826913e+02 +3.995826913e+02 -3.3176e-01 -1.4687e+00 -2.2249e-01 -3.8127e-01 -2.0798e+00
41 0 +2.860192142e+02 +2.401192142e+02 +2.401192142e+02 -3.9431e-01 -1.5002e+00 -1.5972e+00 -6.1539e-01 -3.5910e+00
43 0 +1.955229539e+02 +1.496229539e+02 +1.496229539e+02 -3.4942e-01 -1.8017e+00 -1.1406e+00 -9.3803e-01 -3.8759e+00
50 0 +1.530845020e+02 +1.071845020e+02 +1.071845020e+02 -6.4407e-01 -1.6235e+00 -5.2797e-01 +1.1627e-01 -3.5702e+00
79 0 +1.288974259e+02 +8.299742592e+01 +8.299742592e+01 -6.2026e-01 -1.6799e+00 +4.3630e-01 +7.5513e-01 -3.6748e+00
92 0 +9.413776223e+01 +4.823776223e+01 +4.823776223e+01 +7.0296e-01 -1.9090e+00 +4.9625e-01 +9.7568e-01 -3.7623e+00
103 0 +8.835645930e+01 +4.245645930e+01 +4.245645930e+01 +4.1052e-01 -1.7019e+00 +1.7770e-01 +1.5824e+00 -3.7013e+00
147 0 +6.094150706e+01 +1.504150706e+01 +1.504150706e+01 +2.1487e-01 -1.9496e+00 +1.9025e-01 +2.1436e+00 -4.0279e+00
173 0 +5.198831639e+01 +6.088316394e+00 +6.088316394e+00 +4.1338e-01 -1.9807e+00 +3.2046e-01 +2.3461e+00 -3.7977e+00
177 0 +4.075176197e+01 -5.148238033e+00 -5.148238033e+00 +9.9794e-02 -2.0301e+00 +2.7691e-01 +1.9080e+00 -3.8794e+00
188 0 +3.004154579e+01 -1.585845421e+01 -1.585845421e+01 +2.9277e-01 -1.9844e+00 +3.8490e-01 +1.9816e+00 -3.7843e+00
194 0 +2.411275708e+01 -2.178724292e+01 -2.178724292e+01 +2.0425e-01 -1.9412e+00 +3.5992e-01 +1.9248e+00 -3.7778e+00
203 0 +1.638511925e+01 -2.951488075e+01 -2.951488075e+01 +1.8960e-01 -1.9603e+00 +3.9621e-01 +2.0889e+00 -3.8751e+00
207 0 +1.482262341e+01 -3.107737659e+01 -3.107737659e+01 +1.9312e-01 -1.8959e+00 +3.5767e-01 +1.8193e+00 -3.8911e+00
218 0 +1.329620975e+01 -3.260379025e+01 -3.260379025e+01 +2.0308e-01 -1.9119e+00 +3.8559e-01 +1.8357e+00 -3.8445e+00
234 0 +1.266310570e+01 -3.323689430e+01 -3.323689430e+01 +1.3589e-01 -1.9076e+00 +3.7465e-01 +1.9273e+00 -3.8543e+00
240 0 +1.150339364e+01 -3.439660636e+01 -3.439660636e+01 +2.0880e-01 -1.9210e+00 +3.8166e-01 +1.9085e+00 -3.8578e+00
248 0 +9.703024207e+00 -3.619697579e+01 -3.619697579e+01 +1.9661e-01 -1.9229e+00 +3.4905e-01 +1.8624e+00 -3.8583e+00
272 0 +9.542943842e+00 -3.635705616e+01 -3.635705616e+01 +1.8131e-01 -1.9243e+00 +3.5023e-01 +1.8417e+00 -3.8607e+00
279 0 +8.841821456e+00 -3.705817854e+01 -3.705817854e+01 +1.8239e-01 -1.9221e+00 +3.5000e-01 +1.8535e+00 -3.8617e+00
282 0 +7.320793702e+00 -3.857920630e+01 -3.857920630e+01 +1.7248e-01 -1.9146e+00 +3.4363e-01 +1.8529e+00 -3.8540e+00
300 0 +6.719598813e+00 -3.918040119e+01 -3.918040119e+01 +1.6650e-01 -1.9020e+00 +3.4271e-01 +1.8327e+00 -3.8574e+00
306 0 +6.289530841e+00 -3.961046916e+01 -3.961046916e+01 +1.7293e-01 -1.9062e+00 +3.4438e-01 +1.8328e+00 -3.8604e+00
323 0 +5.845031735e+00 -4.005496827e+01 -4.005496827e+01 +1.6957e-01 -1.9046e+00 +3.4215e-01 +1.8235e+00 -3.8578e+00
349 0 +5.571066690e+00 -4.032893331e+01 -4.032893331e+01 +1.6794e-01 -1.9049e+00 +3.4224e-01 +1.8205e+00 -3.8593e+00
396 0 +5.489619618e+00 -4.041038038e+01 -4.041038038e+01 +1.6843e-01 -1.9051e+00 +3.4192e-01 +1.8215e+00 -3.8589e+00
504 0 +5.428855743e+00 -4.047114426e+01 -4.047114426e+01 +1.6835e-01 -1.9052e+00 +3.4189e-01 +1.8206e+00 -3.8590e+00
