% f evaluations | g evaluations | best noise-free fitness - Fopt (1.000000000000e+03) + sum g_i+ | measured fitness | best measured fitness or single-digit g-values | x1 | x2...
1 0 +3.371856188e+02 +1.337185619e+03 +1.337185619e+03 -1.7702e-01 -5.5343e-02 +7.8821e-02 -2.0478e-01 -9.4354e-02 -5.8909e-02 +1.3314e-01 -3.0743e-01 +2.3537e-02 -3.5247e-01
3 0 +2.869385376e+02 +1.286938538e+03 +1.286938538e+03 +2.6082e-01 -4.8984e-02 -5.0276e-01 +1.9283e-02 -1.6563e-01 +3.1911e-02 -2.0028e-01 -1.5361e-01 +4.5633e-01 -3.9643e-01
6 0 +2.730773864e+02 +1.273077386e+03 +1.273077386e+03 +8.7751e-02 -4.0700e-01 +2.4366e-01 +3.1557e-01 +2.0528e-01 +2.5091e-01 +1.0051e-02 -6.7846e-02 +1.9002e-01 +3.4940e-01
10 0 +2.566605807e+02 +1.256660581e+03 +1.256660581e+03 +3.2939e-01 +3.4367e-01 -1.7555e-01 -1.1108e-01 -1.9586e-01 +1.6911e-01 +1.9338e-01 +3.5152e-01 -1.2094e-01 -8.9264e-02
20 0 +2.442264263e+02 +1.244226426e+03 +1.244226426e+03 +3.5612e-01 +3.2844e-01 +1.6882e-01 +6.5866e-02 +2.5749e-01 +2.3596e-01 -9.0060e-02 +2.4950e-01 -3.1576e-02 +2.3474e-01
24 0 +2.233527911e+02 +1.223352791e+03 +1.223352791e+03 +3.2188e-01 +6.0786e-01 +5.9550e-02 +5.0563e-01 +5.7825e-02 -1.5302e-01 -1.7616e-01 +2.6909e-01 +3.5898e-02 +1.8083e-01
41 0 +2.122284098e+02 +1.212228410e+03 +1.212228410e+03 +5.9050e-01 +6.7103e-01 +7.7675e-01 -1.4274e-01 -2.0132e-01 -3.0911e-01 -5.8879e-01 +3.8590e-01 -4.1893e-01 +4.8611e-01
51 0 +2.046323396e+02 +1.204632340e+03 +1.204632340e+03 +6.2670e-01 +9.9554e-01 +4.6674e-01 +3.4450e-01 +1.4177e-01 +8.8715e-02 -2.1448e-01 +1.1183e+00 -6.9062e-01 -3.4129e-01
52 0 +1.583863978e+02 +1.158386398e+03 +1.158386398e+03 +1.3825e-01 +4.2659e-01 +6.7608e-01 +7.5493e-01 +2.4582e-01 -7.7720e-01 -5.4878e-01 +1.3584e-01 -5.3423e-01 +1.0407e-01
64 0 +1.397390538e+02 +1.139739054e+03 +1.139739054e+03 +1.0151e+00 +5.0632e-01 +1.0335e+00 +1.4287e-01 +5.7243e-01 -1.4306e+00 -4.3898e-01 +2.7643e-01 -4.5333e-01 -6.9486e-02
107 0 +1.285512600e+02 +1.128551260e+03 +1.128551260e+03 +2.1122e-01 +8.7734e-01 +8.7077e-01 +8.7229e-01 +3.9184e-01 -1.6357e+00 -6.1264e-01 +3.3545e-01 -5.9913e-01 -2.3397e-01
111 0 +1.058374028e+02 +1.105837403e+03 +1.105837403e+03 +8.8205e-01 +7.0698e-01 +1.1242e+00 +1.5123e+00 +1.4963e+00 -1.2781e+00 -1.0088e+00 +4.9514e-01 -9.6755e-01 +9.9908e-02
160 0 +8.813024956e+01 +1.088130250e+03 +1.088130250e+03 +8.4854e-01 +1.1385e+00 +1.1462e+00 +1.9247e+00 +1.7956e+00 -1.9980e+00 -4.5237e-02 +5.9870e-01 -1.4828e+00 -5.2467e-01
230 0 +7.915988975e+01 +1.079159890e+03 +1.079159890e+03 +3.8684e-01 +1.7187e+00 +1.0605e+00 +1.5212e+00 +1.4270e+00 -1.8844e+00 -5.4528e-01 +6.8690e-01 -1.2163e+00 +3.5702e-01
321 0 +6.529942567e+01 +1.065299426e+03 +1.065299426e+03 +2.3213e-01 +1.4298e+00 +1.3013e+00 +2.2944e+00 +1.7579e+00 -2.2419e+00 -6.9590e-01 +3.8699e-01 -1.4863e+00 +4.9743e-01
390 0 +6.026511650e+01 +1.060265116e+03 +1.060265116e+03 +3.5328e-01 +1.4792e+00 +1.4060e+00 +2.2601e+00 +1.7311e+00 -2.5128e+00 -7.8084e-01 +4.3584e-01 -1.6296e+00 +5.5467e-01
449 0 +5.990342626e+01 +1.059903426e+03 +1.059903426e+03 +2.2773e-01 +1.5511e+00 +1.5472e+00 +2.3938e+00 +1.9234e+00 -2.5109e+00 -8.7682e-01 +5.6504e-01 -1.6697e+00 +6.0101e-01
463 0 +5.674822058e+01 +1.056748221e+03 +1.056748221e+03 +2.3224e-01 +1.6327e+00 +1.4848e+00 +2.3369e+00 +1.8838e+00 -2.4472e+00 -8.8370e-01 +5.7061e-01 -1.7419e+00 +6.1651e-01
466 0 +5.406169995e+01 +1.054061700e+03 +1.054061700e+03 +2.0632e-01 +1.6667e+00 +1.6147e+00 +2.3782e+00 +1.8908e+00 -2.4828e+00 -8.9525e-01 +5.6371e-01 -1.7909e+00 +7.2642e-01
469 0 +5.187943183e+01 +1.051879432e+03 +1.051879432e+03 +1.8223e-01 +1.5230e+00 +1.5203e+00 +2.3575e+00 +1.8713e+00 -2.3933e+00 -9.3766e-01 +6.2569e-01 -1.7293e+00 +6.3778e-01
471 0 +5.007706696e+01 +1.050077067e+03 +1.050077067e+03 +2.0416e-01 +1.6080e+00 +1.5576e+00 +2.3540e+00 +1.8759e+00 -2.4527e+00 -9.1403e-01 +6.2196e-01 -1.6664e+00 +6.6462e-01
555 0 +4.829086022e+01 +1.048290860e+03 +1.048290860e+03 +1.4253e-01 +1.5662e+00 +1.6412e+00 +2.3763e+00 +1.9257e+00 -2.4160e+00 -9.5117e-01 +6.2421e-01 -1.7636e+00 +6.7043e-01
563 0 +4.522981667e+01 +1.045229817e+03 +1.045229817e+03 +1.2585e-01 +1.5933e+00 +1.6335e+00 +2.3388e+00 +1.8822e+00 -2.4200e+00 -9.4797e-01 +6.2261e-01 -1.7397e+00 +6.6873e-01
565 0 +4.270749851e+01 +1.042707499e+03 +1.042707499e+03 +1.4720e-01 +1.6016e+00 +1.6283e+00 +2.3448e+00 +1.9020e+00 -2.4367e+00 -9.4279e-01 +6.1881e-01 -1.7199e+00 +6.7530e-01
572 0 +4.220466263e+01 +1.042204663e+03 +1.042204663e+03 +1.3355e-01 +1.6176e+00 +1.6564e+00 +2.3294e+00 +1.9363e+00 -2.4458e+00 -9.6521e-01 +6.2197e-01 -1.7337e+00 +6.7433e-01
583 0 +4.144404535e+01 +1.041444045e+03 +1.041444045e+03 +1.2876e-01 +1.6075e+00 +1.6399e+00 +2.3122e+00 +1.9316e+00 -2.4417e+00 -9.6346e-01 +6.0812e-01 -1.7574e+00 +6.9540e-01
585 0 +4.047442129e+01 +1.040474421e+03 +1.040474421e+03 +1.2899e-01 +1.6093e+00 +1.6164e+00 +2.3371e+00 +1.9248e+00 -2.4327e+00 -9.3395e-01 +6.1014e-01 -1.7388e+00 +6.9553e-01
620 0 +3.936057103e+01 +1.039360571e+03 +1.039360571e+03 +1.1453e-01 +1.6334e+00 +1.6266e+00 +2.3452e+00 +1.9155e+00 -2.4324e+00 -9.6499e-01 +6.1610e-01 -1.7572e+00 +6.8789e-01
633 0 +3.840606757e+01 +1.038406068e+03 +1.038406068e+03 +1.0755e-01 +1.6241e+00 +1.6157e+00 +2.3508e+00 +1.9299e+00 -2.4483e+00 -9.6599e-01 +6.1530e-01 -1.7527e+00 +6.9740e-01
662 0 +3.800193807e+01 +1.038001938e+03 +1.038001938e+03 +1.1630e-01 +1.6315e+00 +1.6262e+00 +2.3453e+00 +1.9306e+00 -2.4432e+00 -9.7307e-01 +6.1532e-01 -1.7589e+00 +6.9635e-01
710 0 +3.715233706e+01 +1.037152337e+03 +1.037152337e+03 +1.0757e-01 +1.6383e+00 +1.6291e+00 +2.3506e+00 +1.9423e+00 -2.4339e+00 -9.7295e-01 +6.0223e-01 -1.7493e+00 +7.0930e-01
743 0 +3.625476129e+01 +1.036254761e+03 +1.036254761e+03 +1.1994e-01 +1.6408e+00 +1.6272e+00 +2.3527e+00 +1.9555e+00 -2.4325e+00 -9.7622e-01 +5.9703e-01 -1.7521e+00 +7.0781e-01
814 0 +3.546913298e+01 +1.035469133e+03 +1.035469133e+03 +1.2183e-01 +1.6424e+00 +1.6238e+00 +2.3682e+00 +1.9723e+00 -2.4156e+00 -9.9644e-01 +5.8941e-01 -1.7512e+00 +7.0851e-01
1000 0 +3.497328867e+01 +1.034973289e+03 +1.034973289e+03 +1.1523e-01 +1.6507e+00 +1.6254e+00 +2.3599e+00 +1.9778e+00 -2.4175e+00 -1.0115e+00 +5.8144e-01 -1.7583e+00 +7.2352e-01
% f evaluations | g evaluations | best noise-free fitness - Fopt (7.003000000000e+01) + sum g_i+ | measured fitness | best measured fitness or single-digit g-values | x1 | x2...
1 0 +3.512768714e+02 +4.213068714e+02 +4.213068714e+02 +4.0713e-01 -1.8478e-03 -3.6788e-01 -1.8426e-01 +1.5846e-01 +1.1965e-01 +2.4748e-02 -1.4497e-01 -1.5749e-01 -2.6963e-01
2 0 +3.446565733e+02 +4.146865733e+02 +4.146865733e+02 +6.5756e-01 -4.6982e-04 +3.4176e-02 +1.2041e-01 +3.1131e-01 +6.2119e-02 -2.8286e-01 +1.9618e-01 -2.5158e-01 -1.9936e-01
14 0 +3.336916064e+02 +4.037216064e+02 +4.037216064e+02 +5.2297e-01 +1.9781e-01 -3.0821e-01 -7.4558e-02 +5.3777e-01 +2.2488e-01 -2.6356e-03 -1.0890e-01 -1.1002e-01 -4.6244e-01
15 0 +3.293382964e+02 +3.993682964e+02 +3.993682964e+02 -1.6925e-01 -4.5905e-02 -1.6711e-01 +2.7602e-01 +4.9419e-01 -8.6964e-02 +1.4826e-01 -3.8528e-02 +3.1554e-01 +2.4451e-01
18 0 +3.128733751e+02 +3.829033751e+02 +3.829033751e+02 +8.8724e-02 +9.1547e-02 -5.7756e-01 -2.7658e-01 +2.3123e-01 +2.9641e-01 +2.3928e-01 -3.0910e-01 -3.1113e-01 -2.3037e-01
22 0 +3.027109264e+02 +3.727409264e+02 +3.727409264e+02 +6.3902e-01 -2.4446e-01 -4.8131e-01 -2.9759e-01 +5.0736e-01 -2.3847e-02 +1.7475e-01 -2.7908e-01 +2.6054e-02 +2.5628e-01
23 0 +2.915095936e+02 +3.615395936e+02 +3.615395936e+02 +1.8318e-01 -3.9757e-01 -8.5696e-01 -9.2168e-02 +4.3948e-01 -4.4474e-01 +2.2070e-01 +9.4251e-02 +3.8190e-01 -3.3381e-01
44 0 +2.628973139e+02 +3.329273139e+02 +3.329273139e+02 +3.0177e-01 -3.6210e-01 -8.7805e-01 -1.3884e-01 +4.4739e-01 -5.6769e-01 +1.5779e-01 +4.0918e-01 +4.1083e-01 -1.0596e-01
61 0 +2.402375615e+02 +3.102675615e+02 +3.102675615e+02 +6.3747e-01 -3.2321e-01 -8.9646e-01 +4.4893e-02 +5.1377e-01 -1.1413e+00 -3.5510e-01 +5.2621e-01 +7.7019e-01 +2.3716e-01
66 0 +2.294884608e+02 +2.995184608e+02 +2.995184608e+02 +7.4537e-01 -9.5439e-01 -8.1402e-01 -8.8025e-02 +1.0718e+00 -1.2942e+00 -9.5829e-03 +6.7698e-01 +1.5346e-01 +3.1728e-01
72 0 +2.227621622e+02 +2.927921622e+02 +2.927921622e+02 +5.6491e-01 -5.4588e-01 -1.7654e+00 +2.5585e-01 +1.9078e+00 -1.2182e+00 -8.4191e-03 +1.0824e+00 +5.1962e-01 +4.8182e-01
75 0 +2.184651829e+02 +2.884951829e+02 +2.884951829e+02 +6.8797e-01 -7.4870e-01 -1.6516e+00 +9.9468e-02 +8.2717e-01 -1.4721e+00 -9.1891e-02 +6.0139e-01 -5.0141e-02 -1.3024e-01
86 0 +1.987139815e+02 +2.687439815e+02 +2.687439815e+02 +1.1324e+00 -4.6808e-01 -1.9303e+00 +4.2181e-01 +1.4180e+00 -1.5402e+00 -3.1102e-01 +9.5312e-01 +1.0958e-01 +3.5014e-01
89 0 +1.897506189e+02 +2.597806189e+02 +2.597806189e+02 +1.3211e+00 -8.4496e-01 -1.7271e+00 +5.3719e-01 +7.2278e-01 -2.0132e+00 -1.2022e+00 +8.9559e-01 -2.6731e-01 -1.3399e-01
94 0 +1.395127057e+02 +2.095427057e+02 +2.095427057e+02 +1.6889e+00 -1.3733e+00 -2.3475e+00 +3.7157e-01 +1.0704e+00 -1.6959e+00 -3.0043e-01 -1.1600e-01 +3.0879e-01 -5.4040e-01
128 0 +1.246456531e+02 +1.946756531e+02 +1.946756531e+02 +7.3062e-01 -2.1582e+00 -2.7951e+00 -3.3235e-01 +1.2237e+00 -4.3850e+00 -7.7570e-01 +1.8904e-01 +7.1525e-01 -1.3841e-01
144 0 +1.040789801e+02 +1.741089801e+02 +1.741089801e+02 +1.9805e+00 -1.3045e+00 -2.2130e+00 -8.8109e-01 +1.8650e+00 -2.3830e+00 -1.4474e+00 +1.0974e+00 +2.5739e-01 -6.2570e-01
147 0 +1.007283540e+02 +1.707583540e+02 +1.707583540e+02 -5.1424e-01 -7.3502e-01 -2.0179e+00 -3.9518e-01 +5.5046e-01 -2.9647e+00 +1.5612e-01 +3.1873e-01 -1.4345e+00 -2.7092e-01
171 0 +9.315858655e+01 +1.631885865e+02 +1.631885865e+02 +1.2806e+00 -1.7103e+00 -3.7495e+00 -1.0353e+00 +1.9276e+00 -4.1560e+00 -1.0397e+00 +1.9895e+00 -6.6145e-01 -5.1864e-01
198 0 +8.614890626e+01 +1.561789063e+02 +1.561789063e+02 -1.6463e-01 -2.2956e+00 -3.3401e+00 -4.8789e-01 +1.5011e+00 -4.4409e+00 -1.3254e+00 +1.4699e+00 -5.9747e-01 -1.1569e+00
257 0 +7.546057777e+01 +1.454905778e+02 +1.454905778e+02 +1.0425e+00 -1.8152e+00 -2.8831e+00 -1.5166e+00 +2.4193e+00 -4.4325e+00 -9.5964e-01 +2.0974e+00 -1.1149e+00 -1.5554e-02
275 0 +7.188885582e+01 +1.419188558e+02 +1.419188558e+02 +8.8835e-01 -1.8920e+00 -2.9261e+00 -1.7898e+00 +1.9920e+00 -5.1120e+00 -5.4546e-01 +1.8140e+00 -1.1225e+00 -8.9230e-02
383 0 +6.347376232e+01 +1.335037623e+02 +1.335037623e+02 +2.1364e-01 -2.1448e+00 -2.9062e+00 -1.4659e+00 +2.1692e+00 -4.1995e+00 -9.8170e-01 +1.9188e+00 -9.1981e-01 -1.1775e-01
391 0 +5.820925989e+01 +1.282392599e+02 +1.282392599e+02 +2.9515e-01 -2.2587e+00 -2.9318e+00 -1.5963e+00 +2.2345e+00 -4.2779e+00 -1.1243e+00 +1.7980e+00 -8.6416e-01 -2.0512e-01
412 0 +5.635028032e+01 +1.263802803e+02 +1.263802803e+02 +1.5535e-01 -2.2593e+00 -3.0672e+00 -1.6106e+00 +2.1031e+00 -4.3862e+00 -9.9944e-01 +2.0239e+00 -1.0512e+00 -1.9122e-01
415 0 +4.981479466e+01 +1.198447947e+02 +1.198447947e+02 +2.4433e-01 -2.3356e+00 -3.1232e+00 -1.5413e+00 +2.1864e+00 -4.3645e+00 -1.0161e+00 +1.8622e+00 -1.0191e+00 -1.5665e-01
416 0 +4.111721016e+01 +1.111472102e+02 +1.111472102e+02 +2.1793e-01 -2.2073e+00 -3.0179e+00 -1.5765e+00 +2.1571e+00 -4.3115e+00 -9.2401e-01 +1.9818e+00 -9.8824e-01 -1.4399e-01
484 0 +3.949676927e+01 +1.095267693e+02 +1.095267693e+02 +1.9667e-01 -2.2172e+00 -2.9479e+00 -1.4539e+00 +2.2195e+00 -4.2882e+00 -1.0074e+00 +1.9697e+00 -1.0114e+00 -1.6180e-01
493 0 +3.718046928e+01 +1.072104693e+02 +1.072104693e+02 +2.3069e-01 -2.2247e+00 -2.9100e+00 -1.4730e+00 +2.2080e+00 -4.2939e+00 -1.0323e+00 +1.9977e+00 -1.0193e+00 -1.2912e-01
497 0 +3.677904020e+01 +1.068090402e+02 +1.068090402e+02 +2.4167e-01 -2.2792e+00 -2.9880e+00 -1.4698e+00 +2.2234e+00 -4.3191e+00 -1.0828e+00 +2.0328e+00 -9.8046e-01 -1.5701e-01
501 0 +3.614679286e+01 +1.061767929e+02 +1.061767929e+02 +2.6615e-01 -2.2865e+00 -2.9586e+00 -1.5068e+00 +2.2693e+00 -4.3947e+00 -1.0791e+00 +2.0456e+00 -9.9479e-01 -1.0897e-01
508 0 +3.469017033e+01 +1.047201703e+02 +1.047201703e+02 +2.0758e-01 -2.2366e+00 -2.9406e+00 -1.5036e+00 +2.2123e+00 -4.2948e+00 -1.0267e+00 +2.0317e+00 -1.0188e+00 -1.3130e-01
520 0 +3.377925788e+01 +1.038092579e+02 +1.038092579e+02 +2.0782e-01 -2.2157e+00 -2.9284e+00 -1.4791e+00 +2.2242e+00 -4.3229e+00 -1.0667e+00 +2.0293e+00 -9.8823e-01 -1.6254e-01
522 0 +3.223189838e+01 +1.022618984e+02 +1.022618984e+02 +2.1570e-01 -2.2294e+00 -2.9623e+00 -1.5156e+00 +2.2225e+00 -4.3255e+00 -1.0622e+00 +2.0110e+00 -9.8091e-01 -1.4492e-01
533 0 +3.046183382e+01 +1.004918338e+02 +1.004918338e+02 +2.2437e-01 -2.2495e+00 -2.9588e+00 -1.5055e+00 +2.2206e+00 -4.3157e+00 -1.0223e+00 +2.0190e+00 -9.5416e-01 -1.3617e-01
536 0 +2.973993793e+01 +9.976993793e+01 +9.976993793e+01 +2.5126e-01 -2.2272e+00 -2.9622e+00 -1.4873e+00 +2.2329e+00 -4.3686e+00 -1.0595e+00 +2.0009e+00 -9.6031e-01 -1.4564e-01
566 0 +2.707760761e+01 +9.710760761e+01 +9.710760761e+01 +2.6021e-01 -2.2584e+00 -2.9215e+00 -1.4638e+00 +2.2345e+00 -4.3614e+00 -1.0546e+00 +1.9869e+00 -9.3379e-01 -1.3689e-01
635 0 +2.682521821e+01 +9.685521821e+01 +9.685521821e+01 +2.4279e-01 -2.2451e+00 -2.9273e+00 -1.4707e+00 +2.2410e+00 -4.3631e+00 -1.0451e+00 +1.9751e+00 -9.2596e-01 -1.7235e-01
640 0 +2.626631804e+01 +9.629631804e+01 +9.629631804e+01 +2.7731e-01 -2.2363e+00 -2.9262e+00 -1.4572e+00 +2.2420e+00 -4.3555e+00 -1.0443e+00 +1.9995e+00 -8.9944e-01 -1.7633e-01
664 0 +2.557725112e+01 +9.560725112e+01 +9.560725112e+01 +2.8871e-01 -2.2407e+00 -2.9188e+00 -1.4605e+00 +2.2479e+00 -4.3853e+00 -1.0642e+00 +1.9845e+00 -9.0090e-01 -1.7585e-01
724 0 +2.498862851e+01 +9.501862851e+01 +9.501862851e+01 +2.9591e-01 -2.2350e+00 -2.9061e+00 -1.4591e+00 +2.2589e+00 -4.3987e+00 -1.0586e+00 +1.9738e+00 -8.7879e-01 -1.7617e-01
1000 0 +2.487711824e+01 +9.490711824e+01 +9.490711824e+01 +2.9589e-01 -2.2296e+00 -2.9077e+00 -1.4637e+00 +2.2673e+00 -4.3916e+00 -1.0650e+00 +1.9719e+00 -8.7230e-01 -1.7642e-01
% f evaluations | g evaluations | best noise-free fitness - Fopt (-4.822000000000e+01) + sum g_i+ | measured fitness | best measured fitness or single-digit g-values | x1 | x2...
1 0 +6.589355659e+02 +6.107155659e+02 +6.107155659e+02 +8.2154e-02 +2.9940e-01 -5.4433e-01 +1.4136e-01 -2.1239e-01 +6.4935e-02 -5.5470e-01 -5.5888e-01 +3.8467e-01 -4.4188e-01
2 0 +6.241767295e+02 +5.759567295e+02 +5.759567295e+02 -2.0305e-02 +1.1374e-01 -1.1384e-01 -2.2147e-01 -2.4672e-01 -2.1800e-01 -4.0027e-01 +5.0184e-02 -1.3664e-02 +2.1968e-01
7 0 +5.619203184e+02 +5.137003184e+02 +5.137003184e+02 -5.9442e-02 -2.4102e-01 +5.6238e-01 -4.2576e-02 -2.4259e-01 +3.0782e-01 -7.7210e-02 -2.3232e-01 -2.2601e-01 +3.3939e-02
10 0 +5.430592076e+02 +4.948392076e+02 +4.948392076e+02 -3.9461e-01 +4.3132e-01 +4.6246e-02 +1.9331e-01 -1.1485e-01 +1.0251e+00 -2.5199e-01 +1.5011e-01 +2.7706e-01 -8.1845e-02
14 0 +5.199233571e+02 +4.717033571e+02 +4.717033571e+02 +1.5723e-01 +1.8599e-01 +3.0792e-01 +1.3684e-01 -1.0928e-01 +4.6457e-01 +1.3817e-01 -1.9888e-01 -4.3285e-01 +3.0085e-01
25 0 +4.746550998e+02 +4.264350998e+02 +4.264350998e+02 +2.5452e-01 +6.4487e-01 +7.8187e-02 +2.8399e-01 -4.9213e-01 +6.4909e-01 -1.5170e-01 -2.1698e-01 -2.6763e-01 +3.8915e-01
34 0 +3.910466771e+02 +3.428266771e+02 +3.428266771e+02 +5.4304e-01 +1.6727e-01 +3.6779e-01 +6.9480e-01 -5.8498e-01 +3.3313e-01 -6.4752e-01 -2.3435e-01 -6.6127e-01 +7.2130e-01
36 0 +3.682803216e+02 +3.200603216e+02 +3.200603216e+02 +2.3602e-02 +6.0753e-01 -1.5004e-01 +7.8013e-01 -3.6879e-01 +5.9047e-01 -4.3444e-01 +7.6952e-02 -5.0596e-01 +2.2023e-01
46 0 +3.161352928e+02 +2.679152928e+02 +2.679152928e+02 -6.2028e-01 +4.8992e-01 -4.5325e-02 +6.8570e-01 -2.7841e-01 +8.2832e-01 -2.6390e-01 +4.8034e-01 -1.2547e+00 +5.8259e-01
72 0 +2.932776321e+02 +2.450576321e+02 +2.450576321e+02 -4.4705e-01 +6.2661e-01 -5.4270e-01 +3.7004e-01 -1.5302e+00 +1.3961e+00 -3.0777e-01 +6.0565e-01 -9.1733e-01 +1.0983e-01
80 0 +2.671752983e+02 +2.189552983e+02 +2.189552983e+02 -1.2692e+00 -2.2873e-01 -6.8027e-01 +1.1700e+00 -1.0390e+00 +1.1083e+00 -1.4251e+00 +3.8964e-01 -1.0814e+00 +5.7610e-01
82 0 +1.930219680e+02 +1.448019680e+02 +1.448019680e+02 -9.6425e-01 -1.0927e-01 -1.4006e+00 +1.2151e+00 -7.8321e-01 +1.2489e+00 -1.3803e+00 +8.8511e-01 -1.9579e+00 +3.6423e-01
97 0 +1.763558385e+02 +1.281358385e+02 +1.281358385e+02 -1.1503e+00 -6.3680e-01 -7.9845e-01 +1.2697e+00 -7.7086e-01 +1.9093e+00 -1.7174e+00 +1.4906e-01 -2.1053e+00 +1.4676e+00
104 0 +1.458629281e+02 +9.764292807e+01 +9.764292807e+01 -1.6803e+00 +7.2616e-01 -1.7416e+00 +1.4979e+00 -1.4815e+00 +2.8709e+00 -2.0337e+00 +8.1300e-01 -2.4965e+00 +9.8675e-01
107 0 +1.408245681e+02 +9.260456810e+01 +9.260456810e+01 -1.3710e+00 -2.2435e-01 -1.4057e+00 +1.4326e+00 -9.7376e-01 +1.3930e+00 -2.2327e+00 -2.0541e-02 -2.2620e+00 +6.8069e-01
113 0 +1.246425553e+02 +7.642255529e+01 +7.642255529e+01 -1.5158e+00 -4.4770e-01 -2.5849e+00 +1.9908e+00 -1.3256e+00 +1.8407e+00 -3.3010e+00 +4.6342e-01 -3.3737e+00 +2.0136e+00
118 0 +1.158343946e+02 +6.761439460e+01 +6.761439460e+01 -1.8782e+00 +3.3713e-01 -1.9421e+00 +1.4069e-01 -1.8245e+00 +2.1213e+00 -3.0053e+00 +9.3480e-02 -2.3938e+00 +2.2028e+00
136 0 +9.982208816e+01 +5.160208816e+01 +5.160208816e+01 -1.8641e+00 +3.0764e-02 -3.5517e+00 -2.6516e-01 -2.8850e+00 +2.8169e+00 -2.8617e+00 +1.3526e+00 -3.9228e+00 +3.1857e+00
313 0 +6.693037936e+01 +1.871037936e+01 +1.871037936e+01 -2.0674e+00 -7.4280e-01 -2.4427e+00 -8.8847e-02 -3.1281e+00 +2.8268e+00 -3.5839e+00 +1.4878e+00 -3.2422e+00 +5.6431e+00
538 0 +6.247604794e+01 +1.425604794e+01 +1.425604794e+01 -2.4877e+00 -8.8092e-01 -1.6938e+00 +4.0933e-01 -2.4077e+00 +2.9469e+00 -3.4504e+00 +8.0610e-01 -4.3139e+00 +5.0309e+00
626 0 +6.123441616e+01 +1.301441616e+01 +1.301441616e+01 -2.6574e+00 -8.0581e-01 -1.4145e+00 +1.9099e-01 -2.6248e+00 +2.8549e+00 -3.6591e+00 +1.0009e+00 -3.9801e+00 +5.0533e+00
633 0 +5.648044763e+01 +8.260447630e+00 +8.260447630e+00 -2.6319e+00 -8.0063e-01 -1.4645e+00 +1.2331e-01 -2.6714e+00 +2.9203e+00 -3.7448e+00 +1.1238e+00 -3.9600e+00 +5.0116e+00
662 0 +5.601970423e+01 +7.799704229e+00 +7.799704229e+00 -2.4814e+00 -6.8397e-01 -1.4595e+00 +2.0741e-01 -2.6078e+00 +2.8007e+00 -3.5836e+00 +1.1951e+00 -4.0950e+00 +5.1818e+00
680 0 +5.105624809e+01 +2.836248085e+00 +2.836248085e+00 -2.4581e+00 -6.6167e-01 -1.4084e+00 +1.4858e-01 -2.7041e+00 +2.9161e+00 -3.6663e+00 +1.1720e+00 -4.0632e+00 +5.1744e+00
683 0 +4.950968269e+01 +1.289682694e+00 +1.289682694e+00 -2.4393e+00 -6.6663e-01 -1.5289e+00 +2.0643e-01 -2.6141e+00 +2.9710e+00 -3.7563e+00 +1.1054e+00 -4.0737e+00 +5.1339e+00
691 0 +4.880619296e+01 +5.861929647e-01 +5.861929647e-01 -2.4923e+00 -7.1228e-01 -1.4029e+00 +1.9918e-01 -2.6666e+00 +2.8525e+00 -3.7049e+00 +1.1390e+00 -4.0346e+00 +5.0930e+00
694 0 +4.775590464e+01 -4.640953629e-01 -4.640953629e-01 -2.4683e+00 -7.0465e-01 -1.3893e+00 +1.6578e-01 -2.6477e+00 +2.9372e+00 -3.7050e+00 +1.1027e+00 -4.0462e+00 +5.1958e+00
709 0 +4.263104561e+01 -5.588954393e+00 -5.588954393e+00 -2.5086e+00 -6.9929e-01 -1.4534e+00 +1.9143e-01 -2.6446e+00 +2.9785e+00 -3.7139e+00 +1.1206e+00 -4.0419e+00 +5.0769e+00
737 0 +4.000588983e+01 -8.214110165e+00 -8.214110165e+00 -2.5434e+00 -6.7744e-01 -1.4623e+00 +2.1259e-01 -2.6573e+00 +2.9481e+00 -3.6723e+00 +1.0722e+00 -4.0118e+00 +5.1170e+00
751 0 +3.946664381e+01 -8.753356190e+00 -8.753356190e+00 -2.5380e+00 -7.3093e-01 -1.4131e+00 +1.9481e-01 -2.6263e+00 +2.9120e+00 -3.7007e+00 +1.0755e+00 -4.0448e+00 +5.0868e+00
766 0 +3.807544137e+01 -1.014455863e+01 -1.014455863e+01 -2.5061e+00 -6.9409e-01 -1.4440e+00 +2.0609e-01 -2.6283e+00 +2.9135e+00 -3.6701e+00 +1.0760e+00 -4.0638e+00 +5.0970e+00
779 0 +3.768954620e+01 -1.053045380e+01 -1.053045380e+01 -2.5094e+00 -7.1309e-01 -1.4243e+00 +1.9695e-01 -2.6372e+00 +2.9045e+00 -3.6789e+00 +1.0634e+00 -4.0594e+00 +5.0951e+00
795 0 +3.712876576e+01 -1.109123424e+01 -1.109123424e+01 -2.5049e+00 -6.8736e-01 -1.4482e+00 +1.9027e-01 -2.6420e+00 +2.9290e+00 -3.6837e+00 +1.0643e+00 -4.0668e+00 +5.0955e+00
837 0 +3.618922421e+01 -1.203077579e+01 -1.203077579e+01 -2.5000e+00 -7.0328e-01 -1.4451e+00 +1.9338e-01 -2.6276e+00 +2.9238e+00 -3.6809e+00 +1.0431e+00 -4.0563e+00 +5.0803e+00
875 0 +3.516966302e+01 -1.305033698e+01 -1.305033698e+01 -2.4908e+00 -6.8688e-01 -1.4489e+00 +1.9907e-01 -2.6511e+00 +2.9286e+00 -3.6844e+00 +1.0393e+00 -4.0486e+00 +5.0699e+00
901 0 +3.463312920e+01 -1.358687080e+01 -1.358687080e+01 -2.4897e+00 -6.9349e-01 -1.4503e+00 +1.9918e-01 -2.6486e+00 +2.9290e+00 -3.6810e+00 +1.0285e+00 -4.0504e+00 +5.0683e+00
974 0 +3.385819136e+01 -1.436180864e+01 -1.436180864e+01 -2.4952e+00 -6.9120e-01 -1.4544e+00 +1.9930e-01 -2.6535e+00 +2.9378e+00 -3.6863e+00 +1.0148e+00 -4.0354e+00 +5.0543e+00
1000 0 +3.358274429e+01 -1.463725571e+01 -1.463725571e+01 -2.4906e+00 -6.9169e-01 -1.4562e+00 +1.9803e-01 -2.6539e+00 +2.9406e+00 -3.6877e+00 +1.0057e+00 -4.0337e+00 +5.0482e+00
% f evaluations | g evaluations | best noise-free fitness - Fopt (2.547000000000e+01) + sum g_i+ | measured fitness | best measured fitness or single-digit g-values | x1 | x2...
1 0 +3.108117542e+02 +3.362817542e+02 +3.362817542e+02 +4.0078e-01 -5.4180e-01 -5.8700e-01 -1.9814e-01 +3.7282e-03 -2.7527e-01 +3.8822e-01 -1.3343e-01 +4.6581e-01 -1.6920e-01
2 0 +3.068627043e+02 +3.323327043e+02 +3.323327043e+02 +1.2087e-01 -1.8768e-01 -2.6233e-01 +1.3177e-01 +6.6901e-01 -8.7533e-01 +1.6284e-01 +3.6379e-02 +2.8515e-01 +1.2745e-02
14 0 +2.709247898e+02 +2.963947898e+02 +2.963947898e+02 -2.5362e-01 -2.6237e-01 -3.1884e-01 -7.0922e-02 +8.0777e-02 -6.0104e-02 -2.3174e-01 -6.9635e-02 +1.1510e-02 -1.1034e-01
25 0 +2.586470362e+02 +2.841170362e+02 +2.841170362e+02 -3.0112e-01 -5.9671e-01 -2.3064e-01 -3.7967e-01 -3.7170e-01 -1.2299e-01 +4.3544e-02 -9.6990e-02 +7.8561e-01 -2.1530e-01
27 0 +2.540167829e+02 +2.794867829e+02 +2.794867829e+02 -5.2776e-01 -6.1878e-01 -5.0418e-01 -2.8236e-01 +3.3609e-02 +1.0821e-01 -3.9476e-01 +2.0061e-01 +8.8291e-02 -4.3361e-01
31 0 +2.389697640e+02 +2.644397640e+02 +2.644397640e+02 -7.4932e-01 -4.1942e-01 -7.3750e-01 -3.6713e-01 +6.2208e-01 -3.3382e-01 -1.4283e-01 +1.4699e-01 -6.3899e-02 -4.5205e-01
36 0 +1.907591578e+02 +2.162291578e+02 +2.162291578e+02 -7.2602e-01 -4.3153e-01 -4.8624e-01 -4.1332e-01 -1.5538e-01 +3.8484e-01 -1.1335e-01 +8.7191e-02 +4.6901e-01 -7.0713e-01
46 0 +1.873219937e+02 +2.127919937e+02 +2.127919937e+02 -8.5197e-01 -9.2285e-01 -5.3165e-01 -6.5827e-01 +3.5893e-01 -1.1146e-01 -5.8311e-01 -2.0081e-01 +1.3473e-01 -1.1468e+00
53 0 +1.806421925e+02 +2.061121925e+02 +2.061121925e+02 -9.7971e-01 -1.0620e+00 -6.2398e-01 -6.1830e-01 -6.0211e-01 -4.3692e-01 -5.0692e-01 -9.6520e-02 +1.7957e-01 -9.8989e-01
82 0 +1.616291076e+02 +1.870991076e+02 +1.870991076e+02 -1.8201e+00 -6.1656e-01 -2.2634e-02 -4.5954e-01 -3.1451e-01 +4.3084e-01 -8.6035e-01 +4.8650e-01 +4.5021e-01 -1.1162e+00
91 0 +1.384323562e+02 +1.639023562e+02 +1.639023562e+02 -1.8071e+00 -1.3933e+00 -9.2509e-01 -8.2792e-01 -3.1122e-01 -7.6396e-01 -4.5399e-01 +1.9378e-01 +7.0686e-01 -1.7599e+00
110 0 +1.122294677e+02 +1.376994677e+02 +1.376994677e+02 -2.6630e+00 -2.0503e+00 -1.2129e+00 -9.3973e-01 -1.8107e-02 -7.2252e-01 +2.9957e-01 +8.8119e-01 +1.2506e+00 -1.1800e+00
118 0 +1.066766095e+02 +1.321466095e+02 +1.321466095e+02 -3.0869e+00 -2.6640e+00 -1.3458e+00 -1.3920e+00 -9.1769e-01 -1.7207e+00 -4.6178e-01 -5.2970e-04 +1.6053e+00 -1.9493e+00
122 0 +9.463234858e+01 +1.201023486e+02 +1.201023486e+02 -3.0054e+00 -2.6671e+00 -1.7340e+00 -5.8885e-01 -4.9781e-01 -1.7284e+00 -7.2145e-01 +4.3410e-01 +1.2315e+00 -2.2942e+00
123 0 +7.601863768e+01 +1.014886377e+02 +1.014886377e+02 -3.3265e+00 -2.1908e+00 -1.1845e+00 -1.8586e+00 -1.1401e+00 +3.6820e-01 -9.3137e-01 -4.5009e-03 +1.3743e+00 -1.4809e+00
285 0 +7.371754111e+01 +9.918754111e+01 +9.918754111e+01 -4.0509e+00 -1.9941e+00 -1.1002e+00 -1.7782e+00 -2.3037e+00 -1.5762e+00 -1.3915e+00 -1.3663e-01 +3.0638e+00 -1.0460e+00
286 0 +6.938359229e+01 +9.485359229e+01 +9.485359229e+01 -4.0285e+00 -2.2703e+00 -1.3585e+00 -1.9618e+00 -2.0188e+00 -1.3007e+00 -1.5767e+00 -3.1103e-01 +2.9486e+00 -7.3296e-01
290 0 +6.873553683e+01 +9.420553683e+01 +9.420553683e+01 -4.5088e+00 -2.5183e+00 -1.2401e+00 -1.8227e+00 -2.5333e+00 -1.3357e+00 -1.4811e+00 -7.0281e-01 +2.8497e+00 -5.4590e-01
379 0 +6.277281337e+01 +8.824281337e+01 +8.824281337e+01 -4.8741e+00 -1.9891e+00 -1.0754e+00 -2.9250e+00 -1.6863e+00 -9.3794e-01 -1.6721e+00 -5.3893e-01 +3.0730e+00 -8.0263e-02
432 0 +5.907997137e+01 +8.454997137e+01 +8.454997137e+01 -4.0110e+00 -2.0903e+00 -1.0847e+00 -2.4734e+00 -1.9000e+00 -1.2228e+00 -2.0561e+00 -4.9266e-01 +2.7373e+00 -6.8474e-02
485 0 +5.185381712e+01 +7.732381712e+01 +7.732381712e+01 -4.4009e+00 -2.0801e+00 -1.4244e+00 -2.5904e+00 -1.8954e+00 -1.0791e+00 -2.2452e+00 -2.4271e-01 +2.4517e+00 -3.0816e-01
515 0 +5.016337331e+01 +7.563337331e+01 +7.563337331e+01 -4.5394e+00 -2.0824e+00 -1.5019e+00 -2.8029e+00 -1.7739e+00 -1.0019e+00 -2.1713e+00 -9.7166e-02 +2.4732e+00 -1.3593e-01
516 0 +4.532675860e+01 +7.079675860e+01 +7.079675860e+01 -4.2853e+00 -2.0996e+00 -1.4345e+00 -2.6842e+00 -1.9098e+00 -1.0046e+00 -2.1830e+00 -1.9772e-01 +2.6004e+00 -1.9843e-01
523 0 +3.810534326e+01 +6.357534326e+01 +6.357534326e+01 -4.3872e+00 -2.2021e+00 -1.4956e+00 -2.7330e+00 -1.8457e+00 -9.2137e-01 -2.2132e+00 -1.2502e-01 +2.5510e+00 -2.6155e-01
530 0 +2.727187898e+01 +5.274187898e+01 +5.274187898e+01 -4.4084e+00 -2.1718e+00 -1.5815e+00 -2.7248e+00 -1.8709e+00 -9.3059e-01 -2.2206e+00 -1.4544e-01 +2.5569e+00 -1.7320e-01
583 0 +2.520365868e+01 +5.067365868e+01 +5.067365868e+01 -4.3823e+00 -2.1387e+00 -1.4821e+00 -2.6565e+00 -1.8940e+00 -9.8040e-01 -2.3050e+00 -1.3343e-01 +2.5666e+00 -2.4081e-01
598 0 +2.454601034e+01 +5.001601034e+01 +5.001601034e+01 -4.3678e+00 -2.1696e+00 -1.5576e+00 -2.7134e+00 -1.9002e+00 -8.9903e-01 -2.2898e+00 -1.5744e-01 +2.6390e+00 -2.0872e-01
605 0 +2.067442396e+01 +4.614442396e+01 +4.614442396e+01 -4.3991e+00 -2.1395e+00 -1.5900e+00 -2.7014e+00 -1.8518e+00 -9.3293e-01 -2.2913e+00 -1.4676e-01 +2.6325e+00 -1.8529e-01
614 0 +1.873996053e+01 +4.420996053e+01 +4.420996053e+01 -4.3790e+00 -2.1429e+00 -1.5534e+00 -2.6782e+00 -1.9007e+00 -9.1931e-01 -2.3132e+00 -1.6482e-01 +2.5995e+00 -2.1519e-01
646 0 +1.834013815e+01 +4.381013815e+01 +4.381013815e+01 -4.4068e+00 -2.1357e+00 -1.5523e+00 -2.6682e+00 -1.8618e+00 -9.7772e-01 -2.3163e+00 -1.5673e-01 +2.5892e+00 -2.1931e-01
648 0 +1.762218090e+01 +4.309218090e+01 +4.309218090e+01 -4.3708e+00 -2.1537e+00 -1.5779e+00 -2.6470e+00 -1.9095e+00 -9.4071e-01 -2.3174e+00 -1.6459e-01 +2.5970e+00 -2.1689e-01
654 0 +1.667580430e+01 +4.214580430e+01 +4.214580430e+01 -4.3635e+00 -2.1390e+00 -1.5869e+00 -2.6598e+00 -1.8987e+00 -9.4748e-01 -2.2981e+00 -1.6961e-01 +2.5831e+00 -2.3381e-01
684 0 +1.587976829e+01 +4.134976829e+01 +4.134976829e+01 -4.3769e+00 -2.1323e+00 -1.5950e+00 -2.6674e+00 -1.8787e+00 -9.4586e-01 -2.3010e+00 -1.6046e-01 +2.5975e+00 -2.1466e-01
712 0 +1.581595737e+01 +4.128595737e+01 +4.128595737e+01 -4.3929e+00 -2.1378e+00 -1.5985e+00 -2.6539e+00 -1.8850e+00 -9.5728e-01 -2.3089e+00 -1.7058e-01 +2.5912e+00 -2.3570e-01
730 0 +1.527438979e+01 +4.074438979e+01 +4.074438979e+01 -4.3886e+00 -2.1309e+00 -1.5989e+00 -2.6448e+00 -1.8779e+00 -9.4744e-01 -2.2943e+00 -1.8867e-01 +2.5933e+00 -2.2557e-01
772 0 +1.512623680e+01 +4.059623680e+01 +4.059623680e+01 -4.3726e+00 -2.1278e+00 -1.6035e+00 -2.6408e+00 -1.8970e+00 -9.4941e-01 -2.2976e+00 -1.8376e-01 +2.5996e+00 -2.2328e-01
818 0 +1.473719376e+01 +4.020719376e+01 +4.020719376e+01 -4.3825e+00 -2.1390e+00 -1.6129e+00 -2.6317e+00 -1.8967e+00 -9.4648e-01 -2.2968e+00 -1.9046e-01 +2.5929e+00 -2.3133e-01
862 0 +1.445300884e+01 +3.992300884e+01 +3.992300884e+01 -4.3824e+00 -2.1312e+00 -1.6093e+00 -2.6250e+00 -1.8970e+00 -9.4084e-01 -2.2938e+00 -1.8853e-01 +2.5923e+00 -2.3269e-01
943 0 +1.410044846e+01 +3.957044846e+01 +3.957044846e+01 -4.3906e+00 -2.1248e+00 -1.6141e+00 -2.6076e+00 -1.9031e+00 -9.3958e-01 -2.2910e+00 -1.9617e-01 +2.5920e+00 -2.4184e-01
1000 0 +1.397128939e+01 +3.944128939e+01 +3.944128939e+01 -4.3995e+00 -2.1213e+00 -1.6197e+00 -2.5966e+00 -1.9105e+00 -9.3434e-01 -2.2885e+00 -1.9996e-01 +2.5948e+00 -2.5352e-01
% f evaluations | g evaluations | best noise-free fitness - Fopt (-1.008100000000e+02) + sum g_i+ | measured fitness | best measured fitness or single-digit g-values | x1 | x2...
1 0 +1.441440457e+02 +4.333404574e+01 +4.333404574e+01 +3.0547e-01 -4.4462e-02 -3.1459e-01 -6.2131e-01 -1.9766e-01 +2.8645e-01 +9.0343e-02 -2.6387e-01 +6.0970e-02 +1.5982e-03
28 0 +1.338831651e+02 +3.307316513e+01 +3.307316513e+01 -1.4398e-01 +5.6540e-01 +8.3317e-02 -3.3455e-01 +8.2452e-02 +4.7128e-01 +3.4330e-01 +5.1447e-01 -2.7642e-01 -5.1819e-01
68 0 +1.292019206e+02 +2.839192058e+01 +2.839192058e+01 +8.6668e-02 +7.7412e-02 -2.3245e-01 +1.7626e-01 +1.1333e-01 +8.5589e-01 -4.7338e-01 +4.4026e-01 -5.8038e-01 -4.4201e-01
91 0 +1.198291446e+02 +1.901914465e+01 +1.901914465e+01 -4.4186e-02 +2.5605e-01 +5.8816e-02 -4.2741e-02 +6.2372e-01 +8.8032e-01 -9.3023e-01 +5.0953e-01 -4.4307e-01 +4.1217e-02
151 0 +1.117465218e+02 +1.093652177e+01 +1.093652177e+01 +2.7585e-01 +7.0429e-02 -4.0230e-01 +2.0248e-01 +8.7560e-01 +2.7941e-01 -5.6051e-01 +6.6841e-01 -1.0482e+00 -2.5076e-01
152 0 +8.507323882e+01 -1.573676118e+01 -1.573676118e+01 +1.2651e-01 -5.3058e-01 -5.5873e-01 -2.5912e-01 +5.4877e-01 +3.9887e-01 -2.7571e-01 +1.1981e+00 -3.8464e-01 +6.1662e-02
342 0 +7.729534147e+01 -2.351465853e+01 -2.351465853e+01 +5.7687e-01 +1.4119e-01 -3.5474e-01 -4.3658e-01 +7.1599e-01 +1.5092e-01 -5.5689e-01 +1.0898e+00 -1.0155e+00 +5.1793e-01
390 0 +7.022450073e+01 -3.058549927e+01 -3.058549927e+01 +5.8322e-01 +1.6990e-01 -1.9507e-01 -4.1908e-01 +7.2633e-01 +7.3705e-02 -6.0900e-01 +1.0745e+00 -1.1801e+00 +6.2378e-01
426 0 +6.899818373e+01 -3.181181627e+01 -3.181181627e+01 +4.9999e-01 +1.6005e-01 -2.6202e-01 -3.5961e-01 +6.7061e-01 +1.8874e-01 -5.8649e-01 +1.1752e+00 -1.1465e+00 +5.0520e-01
429 0 +6.421159617e+01 -3.659840383e+01 -3.659840383e+01 +4.1550e-01 +1.7176e-01 -2.3614e-01 -3.9959e-01 +6.0422e-01 +1.5635e-01 -5.9678e-01 +1.1381e+00 -1.0949e+00 +5.3855e-01
444 0 +6.003815501e+01 -4.077184499e+01 -4.077184499e+01 +5.3706e-01 +1.1514e-01 -2.6597e-01 -3.8491e-01 +6.0982e-01 +1.2708e-01 -5.9373e-01 +1.1241e+00 -1.0989e+00 +5.3689e-01
472 0 +5.574961952e+01 -4.506038048e+01 -4.506038048e+01 +5.3771e-01 +1.1938e-01 -2.6270e-01 -3.9592e-01 +6.4830e-01 +1.8879e-01 -6.1247e-01 +1.0650e+00 -1.1183e+00 +5.5269e-01
513 0 +5.484742948e+01 -4.596257052e+01 -4.596257052e+01 +5.2310e-01 +1.0293e-01 -2.6531e-01 -3.5757e-01 +6.1332e-01 +1.8923e-01 -6.2336e-01 +1.0703e+00 -1.1071e+00 +5.4283e-01
530 0 +5.343479642e+01 -4.737520358e+01 -4.737520358e+01 +5.3637e-01 +1.4016e-01 -2.6906e-01 -3.4096e-01 +6.0827e-01 +1.8535e-01 -6.1187e-01 +1.0530e+00 -1.1123e+00 +5.6576e-01
550 0 +5.185258977e+01 -4.895741023e+01 -4.895741023e+01 +5.3412e-01 +1.4408e-01 -2.9257e-01 -3.5142e-01 +5.8108e-01 +2.1045e-01 -5.9710e-01 +1.0430e+00 -1.1144e+00 +5.7622e-01
589 0 +5.060819066e+01 -5.020180934e+01 -5.020180934e+01 +5.3291e-01 +1.2426e-01 -3.0737e-01 -3.6223e-01 +5.6003e-01 +2.1911e-01 -5.8870e-01 +1.0557e+00 -1.1063e+00 +5.3713e-01
596 0 +5.003296228e+01 -5.077703772e+01 -5.077703772e+01 +5.4290e-01 +1.3267e-01 -3.1767e-01 -3.6549e-01 +5.4867e-01 +2.2370e-01 -5.9134e-01 +1.0491e+00 -1.1052e+00 +5.4345e-01
632 0 +4.874733847e+01 -5.206266153e+01 -5.206266153e+01 +5.4197e-01 +1.1792e-01 -3.2527e-01 -3.5697e-01 +5.2816e-01 +2.4460e-01 -5.8047e-01 +1.0282e+00 -1.1077e+00 +5.4111e-01
649 0 +4.748570533e+01 -5.332429467e+01 -5.332429467e+01 +5.4885e-01 +9.8458e-02 -3.3848e-01 -3.7293e-01 +5.2378e-01 +2.5824e-01 -5.7977e-01 +1.0418e+00 -1.1062e+00 +5.2451e-01
655 0 +4.660829031e+01 -5.420170969e+01 -5.420170969e+01 +5.4946e-01 +1.0260e-01 -3.3796e-01 -3.7805e-01 +5.1294e-01 +2.7600e-01 -5.8866e-01 +1.0355e+00 -1.0963e+00 +5.4236e-01
673 0 +4.507525188e+01 -5.573474812e+01 -5.573474812e+01 +5.5039e-01 +1.0187e-01 -3.4867e-01 -3.8610e-01 +4.9644e-01 +2.9393e-01 -5.8941e-01 +1.0218e+00 -1.0915e+00 +5.3311e-01
681 0 +4.450287472e+01 -5.630712528e+01 -5.630712528e+01 +5.5484e-01 +1.0124e-01 -3.5058e-01 -3.7443e-01 +4.9619e-01 +2.7524e-01 -5.9951e-01 +1.0223e+00 -1.0691e+00 +5.3819e-01
692 0 +4.338895290e+01 -5.742104710e+01 -5.742104710e+01 +5.5736e-01 +9.6935e-02 -3.7855e-01 -3.9310e-01 +4.8625e-01 +2.9326e-01 -5.8872e-01 +1.0273e+00 -1.0817e+00 +5.1421e-01
713 0 +4.251234621e+01 -5.829765379e+01 -5.829765379e+01 +5.6589e-01 +8.5535e-02 -3.9461e-01 -4.1045e-01 +4.8207e-01 +2.9784e-01 -6.0013e-01 +1.0196e+00 -1.0831e+00 +5.3399e-01
718 0 +4.152883448e+01 -5.928116552e+01 -5.928116552e+01 +5.6553e-01 +7.9060e-02 -3.9723e-01 -3.9111e-01 +4.4111e-01 +2.9930e-01 -6.1329e-01 +1.0069e+00 -1.0541e+00 +5.3359e-01
754 0 +3.973240829e+01 -6.107759171e+01 -6.107759171e+01 +5.6560e-01 +5.7501e-02 -4.2256e-01 -3.7553e-01 +4.5151e-01 +3.0073e-01 -6.0563e-01 +1.0052e+00 -1.0478e+00 +5.1398e-01
901 0 +3.887947692e+01 -6.193052308e+01 -6.193052308e+01 +5.9090e-01 +3.8081e-02 -4.4413e-01 -3.8302e-01 +4.4513e-01 +2.9984e-01 -6.1829e-01 +9.8985e-01 -1.0258e+00 +5.2647e-01
1000 0 +3.882126628e+01 -6.198873372e+01 -6.198873372e+01 +5.9698e-01 +3.7696e-02 -4.5066e-01 -3.8430e-01 +4.5020e-01 +3.0304e-01 -6.1788e-01 +9.8521e-01 -1.0296e+00 +5.2942e-01
% f evaluations | g evaluations | best noise-free fitness - Fopt (-3.531300000000e+02) + sum g_i+ | measured fitness | best measured fitness or single-digit g-values | x1 | x2...
1 0 +2.747955609e+02 -7.833443914e+01 -7.833443914e+01 +2.2168e-02 -3.6260e-01 +8.0737e-02 -3.2154e-01 +1.4331e-01 +3.9828e-01 -2.5485e-02 -1.1894e-02 -6.0275e-02 -2.1990e-02
2 0 +2.618987681e+02 -9.123123195e+01 -9.123123195e+01 -1.5808e-01 -9.5342e-03 -7.8519e-02 -3.8861e-02 +1.4953e-01 +1.7542e-01 -9.6534e-02 +1.1871e-03 -2.5445e-01 +1.4845e-01
12 0 +2.373022191e+02 -1.158277809e+02 -1.158277809e+02 -5.0526e-03 +2.8668e-01 -9.4549e-02 -5.5620e-02 +1.2899e-02 +3.5542e-01 -5.4309e-01 +3.6018e-01 -4.5285e-01 +2.8336e-01
37 0 +2.196835383e+02 -1.334464617e+02 -1.334464617e+02 -2.4706e-01 -6.9050e-02 -1.3350e-01 +2.3775e-01 +1.9281e-02 +8.3773e-01 -1.8261e-01 +9.3075e-01 +3.0714e-01 +3.1110e-01
45 0 +2.014592735e+02 -1.516707265e+02 -1.516707265e+02 -1.2046e-01 +1.6400e-01 -5.0343e-01 +1.4177e-01 +5.9194e-01 +1.2142e+00 -3.9327e-01 +8.4438e-01 +3.5979e-01 +6.2541e-01
52 0 +1.949185630e+02 -1.582114370e+02 -1.582114370e+02 +8.5035e-02 -3.7580e-01 -2.6988e-01 -2.1646e-01 +1.0663e-01 +8.3823e-01 +4.5155e-01 +8.6365e-01 +9.5868e-02 +6.3861e-01
77 0 +1.739430212e+02 -1.791869788e+02 -1.791869788e+02 +1.1984e-01 -5.4893e-01 -4.8355e-01 -1.9035e-01 +6.4319e-02 +1.0321e+00 -6.2417e-02 +1.3350e+00 +5.4434e-01 +1.3291e+00
83 0 +1.692477244e+02 -1.838822756e+02 -1.838822756e+02 +8.1689e-01 -8.7854e-01 -3.0613e-01 -5.6280e-01 +1.2118e-01 +7.2798e-01 -2.1515e-01 +1.7960e+00 +8.0127e-01 +1.3225e+00
103 0 +1.492906215e+02 -2.038393785e+02 -2.038393785e+02 +5.6482e-01 -9.5782e-01 -1.2304e-01 -1.1021e-01 +3.2823e-01 +7.1757e-01 -4.7321e-01 +2.4973e+00 +1.0408e+00 +1.7056e+00
130 0 +1.371072830e+02 -2.160227170e+02 -2.160227170e+02 +4.2574e-01 -6.9531e-01 -2.7356e-01 -9.2099e-01 +6.5600e-01 -1.5438e-02 -1.8242e-01 +3.1067e+00 +4.7188e-01 +2.1866e+00
173 0 +1.311968026e+02 -2.219331974e+02 -2.219331974e+02 +1.1875e+00 -3.9279e-01 -2.4884e-01 -4.2948e-01 -7.2753e-01 +2.8892e-01 -2.7990e-01 +3.3339e+00 +5.7528e-01 +2.1959e+00
341 0 +1.280301032e+02 -2.250998968e+02 -2.250998968e+02 +2.2937e-01 -1.4513e+00 -9.1077e-01 -6.0624e-01 +2.1179e-01 -3.5157e-01 +3.8116e-01 +3.3379e+00 +8.6164e-01 +2.9171e+00
343 0 +1.196658203e+02 -2.334641797e+02 -2.334641797e+02 +1.6997e-01 -9.6631e-01 -7.6589e-01 -7.5679e-01 +2.8308e-01 +4.8772e-02 +1.1910e-01 +3.2248e+00 +8.8017e-01 +2.9369e+00
361 0 +1.104152166e+02 -2.427147834e+02 -2.427147834e+02 +2.8471e-01 -8.7936e-01 -8.7030e-01 -7.0114e-01 +2.1615e-01 +1.8657e-01 +2.4222e-01 +3.3613e+00 +1.0850e+00 +2.9416e+00
382 0 +1.054270814e+02 -2.477029186e+02 -2.477029186e+02 +4.0151e-01 -8.4977e-01 -8.8692e-01 -7.4031e-01 +4.2370e-01 -1.8021e-01 +3.0470e-02 +3.4208e+00 +9.0330e-01 +3.0609e+00
393 0 +9.661926353e+01 -2.565107365e+02 -2.565107365e+02 +3.2886e-01 -7.8126e-01 -9.3589e-01 -7.6273e-01 +3.3817e-01 -8.9913e-02 +2.5261e-02 +3.3575e+00 +9.7988e-01 +2.9866e+00
406 0 +9.544311870e+01 -2.576868813e+02 -2.576868813e+02 +2.0887e-01 -8.5532e-01 -8.8216e-01 -6.1918e-01 +2.6120e-01 -1.5118e-01 +2.1771e-01 +3.1226e+00 +1.0582e+00 +2.8492e+00
428 0 +8.880828759e+01 -2.643217124e+02 -2.643217124e+02 +1.6766e-01 -8.5328e-01 -9.3071e-01 -7.3509e-01 +2.2834e-01 +8.2667e-02 +1.1220e-01 +3.2090e+00 +1.1636e+00 +2.9512e+00
461 0 +8.046117733e+01 -2.726688227e+02 -2.726688227e+02 +1.3880e-01 -7.3755e-01 -8.8190e-01 -6.6609e-01 +2.6873e-01 -5.1124e-02 +6.2068e-02 +3.0778e+00 +1.0341e+00 +3.0019e+00
466 0 +7.655504147e+01 -2.765749585e+02 -2.765749585e+02 +1.2294e-01 -7.4194e-01 -8.0457e-01 -6.1835e-01 +2.8796e-01 -1.9415e-02 +9.4853e-02 +3.1168e+00 +9.6348e-01 +2.9875e+00
541 0 +7.464909900e+01 -2.784809010e+02 -2.784809010e+02 +2.1996e-01 -7.5721e-01 -9.8649e-01 -6.3659e-01 +2.9842e-01 +8.5462e-03 +1.8606e-01 +3.2068e+00 +1.0025e+00 +2.9863e+00
582 0 +7.306701192e+01 -2.800629881e+02 -2.800629881e+02 +2.3062e-01 -7.5968e-01 -9.8982e-01 -6.3793e-01 +3.1424e-01 -1.5958e-02 +1.9948e-01 +3.2342e+00 +9.9805e-01 +2.9657e+00
602 0 +7.213277262e+01 -2.809972274e+02 -2.809972274e+02 +2.5859e-01 -7.6614e-01 -1.0017e+00 -6.0893e-01 +3.0787e-01 -1.2949e-02 +2.2245e-01 +3.2549e+00 +9.9256e-01 +2.9720e+00
635 0 +7.070739026e+01 -2.824226097e+02 -2.824226097e+02 +2.5611e-01 -7.5004e-01 -1.0349e+00 -6.4205e-01 +3.0594e-01 +1.2567e-02 +2.2550e-01 +3.2675e+00 +1.0205e+00 +2.9629e+00
661 0 +6.841032335e+01 -2.847196766e+02 -2.847196766e+02 +2.7558e-01 -7.2467e-01 -1.0386e+00 -6.2334e-01 +3.2505e-01 -9.8249e-04 +2.3867e-01 +3.2948e+00 +1.0246e+00 +2.9525e+00
688 0 +6.757602127e+01 -2.855539787e+02 -2.855539787e+02 +2.8099e-01 -7.2452e-01 -1.0628e+00 -6.1561e-01 +3.0683e-01 -1.3086e-02 +2.5143e-01 +3.2933e+00 +1.0145e+00 +2.9498e+00
698 0 +6.596150322e+01 -2.871684968e+02 -2.871684968e+02 +3.0389e-01 -7.1764e-01 -1.0861e+00 -6.0726e-01 +3.2029e-01 -2.2726e-02 +2.6743e-01 +3.3061e+00 +1.0274e+00 +2.9423e+00
728 0 +6.429995278e+01 -2.888300472e+02 -2.888300472e+02 +3.2976e-01 -7.2059e-01 -1.0962e+00 -6.0675e-01 +3.2978e-01 -1.0759e-02 +2.8460e-01 +3.3231e+00 +1.0209e+00 +2.9496e+00
742 0 +6.307294354e+01 -2.900570565e+02 -2.900570565e+02 +3.4553e-01 -7.1012e-01 -1.0946e+00 -6.1113e-01 +3.3742e-01 -1.4970e-03 +3.0282e-01 +3.3362e+00 +1.0078e+00 +2.9363e+00
759 0 +6.076524410e+01 -2.923647559e+02 -2.923647559e+02 +3.6531e-01 -6.5931e-01 -1.1528e+00 -6.1881e-01 +3.4436e-01 -3.0663e-02 +2.9564e-01 +3.3749e+00 +1.0163e+00 +2.9448e+00
777 0 +5.981391292e+01 -2.933160871e+02 -2.933160871e+02 +4.0149e-01 -6.4665e-01 -1.1867e+00 -5.7874e-01 +3.4422e-01 -5.0674e-02 +3.2244e-01 +3.3667e+00 +1.0058e+00 +2.9503e+00
786 0 +5.827465454e+01 -2.948553455e+02 -2.948553455e+02 +4.4559e-01 -6.3059e-01 -1.2285e+00 -5.7640e-01 +3.5847e-01 -4.5954e-02 +3.6370e-01 +3.4697e+00 +9.9016e-01 +2.9780e+00
819 0 +5.633177282e+01 -2.967982272e+02 -2.967982272e+02 +4.4616e-01 -6.2695e-01 -1.2128e+00 -6.1676e-01 +3.5086e-01 -3.3271e-02 +3.1655e-01 +3.4364e+00 +9.8085e-01 +3.0190e+00
845 0 +5.609317689e+01 -2.970368231e+02 -2.970368231e+02 +4.6638e-01 -6.5055e-01 -1.2249e+00 -6.0115e-01 +3.5797e-01 -2.8286e-02 +3.2242e-01 +3.4632e+00 +9.9483e-01 +3.0317e+00
900 0 +5.487378177e+01 -2.982562182e+02 -2.982562182e+02 +4.8171e-01 -6.2782e-01 -1.2122e+00 -6.1156e-01 +3.8300e-01 -3.4862e-02 +3.2350e-01 +3.4626e+00 +9.8213e-01 +3.0174e+00
1000 0 +5.431978060e+01 -2.988102194e+02 -2.988102194e+02 +5.0350e-01 -6.2506e-01 -1.2330e+00 -6.0400e-01 +3.9764e-01 -2.6383e-02 +3.4085e-01 +3.4868e+00 +9.7599e-01 +3.0253e+00
% f evaluations | g evaluations | best noise-free fitness - Fopt (8.716000000000e+01) + sum g_i+ | measured fitness | best measured fitness or single-digit g-values | x1 | x2...
1 0 +3.701598538e+02 +4.573198538e+02 +4.573198538e+02 +7.2803e-02 -8.2506e-02 -6.7996e-02 -8.8899e-04 -1.7515e-01 -1.0818e-01 -1.8191e-01 -4.3470e-01 -8.1857e-02 -1.2515e-01
2 0 +3.508907727e+02 +4.380507727e+02 +4.380507727e+02 -3.9362e-01 -1.4167e-01 -9.4254e-02 +2.5126e-01 -4.5283e-01 -2.4961e-01 -3.4399e-01 +1.4948e-02 +3.7588e-01 +2.8546e-01
5 0 +3.229002016e+02 +4.100602016e+02 +4.100602016e+02 +3.8191e-01 -5.0213e-02 -2.0707e-01 -3.3822e-01 -3.1772e-01 +3.3305e-01 +1.8838e-01 +5.5488e-01 -2.2364e-02 +3.6172e-01
10 0 +2.963057719e+02 +3.834657719e+02 +3.834657719e+02 +9.7506e-02 -1.6420e-01 -3.3731e-01 +3.7708e-01 +3.0512e-01 +6.5911e-02 -4.0094e-02 +2.0115e-01 +1.2529e-01 -3.6310e-01
12 0 +2.791751103e+02 +3.663351103e+02 +3.663351103e+02 +1.3471e-01 -2.3268e-01 -1.0044e+00 -2.0413e-01 +4.6402e-01 +1.1496e-01 +1.8446e-01 +6.5986e-01 +2.9759e-01 -4.7695e-01
30 0 +2.662727710e+02 +3.534327710e+02 +3.534327710e+02 +4.3767e-01 -3.3441e-01 -5.9307e-01 -2.1953e-02 -4.4374e-02 -1.5326e-01 +1.2472e-01 +6.4120e-01 +6.0393e-01 -4.9406e-01
32 0 +2.112611098e+02 +2.984211098e+02 +2.984211098e+02 +8.0994e-01 -2.0350e-01 -1.3642e+00 +5.1073e-01 +2.9413e-01 -9.2911e-02 +2.3736e-01 +1.1887e+00 +6.3774e-01 -5.1543e-01
45 0 +1.809099560e+02 +2.680699560e+02 +2.680699560e+02 +1.2057e+00 +4.9733e-01 -5.6060e-01 +6.6980e-01 -4.4312e-01 -6.1077e-02 +2.3458e-01 +1.3326e+00 +8.1042e-01 -6.9653e-01
52 0 +1.721725253e+02 +2.593325253e+02 +2.593325253e+02 +1.2578e+00 -6.6458e-02 -4.6586e-01 +8.8063e-01 -5.2185e-01 -1.6527e-02 +5.2763e-01 +1.6326e+00 +7.1219e-01 -8.9687e-01
58 0 +1.606069562e+02 +2.477669562e+02 +2.477669562e+02 +6.1532e-01 +3.3236e-02 -5.9615e-01 +5.5028e-01 -7.8520e-01 +2.8281e-03 -4.9771e-01 +1.2654e+00 +3.5474e-01 -1.1978e+00
75 0 +1.537428612e+02 +2.409028612e+02 +2.409028612e+02 +8.4905e-01 -7.6220e-02 -1.3036e+00 +6.5158e-01 +8.9148e-02 -7.1313e-01 +3.6875e-01 +1.5302e+00 +4.3655e-01 -5.1039e-01
78 0 +1.384244603e+02 +2.255844603e+02 +2.255844603e+02 +5.7073e-01 +6.7147e-01 -1.3962e+00 +2.9504e-01 +2.1317e-01 -6.5986e-01 +5.1798e-01 +2.0563e+00 +1.5954e-01 -1.4463e-01
111 0 +1.222989684e+02 +2.094589684e+02 +2.094589684e+02 +2.1343e+00 -4.8133e-01 -1.6325e+00 +1.1629e+00 +1.8124e-02 -7.1578e-01 +9.9991e-01 +2.9653e+00 +7.6063e-01 -1.1273e+00
149 0 +1.026526761e+02 +1.898126761e+02 +1.898126761e+02 +1.2016e+00 +3.0395e-01 -2.3203e+00 +1.2088e+00 +1.8422e-01 -1.4615e+00 +8.2659e-01 +2.7329e+00 -7.8984e-01 -1.7469e+00
164 0 +9.934594145e+01 +1.865059414e+02 +1.865059414e+02 +1.2216e+00 +5.5646e-01 -1.5025e+00 +1.3275e+00 +1.0828e+00 -2.1887e+00 -2.6331e-01 +2.6933e+00 -9.7572e-01 -1.2077e+00
165 0 +9.699994209e+01 +1.841599421e+02 +1.841599421e+02 +1.5682e+00 +6.8674e-01 -1.5788e+00 +2.2984e+00 -6.6109e-02 -1.6685e+00 -1.8281e-01 +3.0669e+00 -1.6390e-01 -1.8627e+00
183 0 +9.404973733e+01 +1.812097373e+02 +1.812097373e+02 +1.3748e+00 +6.2235e-01 -1.5237e+00 +2.4539e+00 +4.1700e-02 -1.3076e+00 +1.1887e-01 +1.6572e+00 -9.1395e-01 -1.5500e+00
217 0 +9.076305388e+01 +1.779230539e+02 +1.779230539e+02 +2.0910e+00 +1.5276e+00 -1.5358e+00 +2.6330e+00 +5.2582e-01 -1.9252e+00 -3.7423e-01 +2.4336e+00 -5.1164e-01 -1.7229e+00
235 0 +8.213064232e+01 +1.692906423e+02 +1.692906423e+02 +1.1937e+00 +1.2859e+00 -1.7350e+00 +2.3410e+00 +3.2171e-01 -1.2294e+00 -1.5549e-01 +2.6773e+00 -8.4857e-01 -1.9268e+00
240 0 +7.844091483e+01 +1.656009148e+02 +1.656009148e+02 +1.8939e+00 +1.6323e+00 -2.4591e+00 +2.4448e+00 +3.3084e-01 -1.2824e+00 +1.1996e-01 +3.5069e+00 -4.7197e-01 -9.3692e-01
302 0 +6.942346528e+01 +1.565834653e+02 +1.565834653e+02 +1.7396e+00 +1.5225e+00 -1.7974e+00 +3.1460e+00 -1.2818e-01 -1.3561e+00 -1.0051e-01 +3.2727e+00 -7.1865e-01 -1.1512e+00
354 0 +6.871878269e+01 +1.558787827e+02 +1.558787827e+02 +1.8622e+00 +1.1657e+00 -1.9049e+00 +2.7495e+00 -2.0123e-01 -1.3661e+00 -1.6876e-01 +2.8549e+00 -9.4252e-01 -1.1757e+00
384 0 +6.223852339e+01 +1.493985234e+02 +1.493985234e+02 +1.9625e+00 +1.3847e+00 -1.8006e+00 +2.9523e+00 -3.6715e-01 -1.0871e+00 +6.1014e-03 +2.7838e+00 -9.3594e-01 -1.1706e+00
423 0 +6.104909286e+01 +1.482090929e+02 +1.482090929e+02 +1.9118e+00 +1.4380e+00 -1.8460e+00 +2.9469e+00 -1.9278e-01 -1.2662e+00 +1.6039e-01 +2.7896e+00 -9.9463e-01 -1.2120e+00
430 0 +6.019361412e+01 +1.473536141e+02 +1.473536141e+02 +1.9403e+00 +1.4019e+00 -1.8036e+00 +2.8596e+00 -2.7662e-01 -1.2168e+00 +1.1198e-01 +2.8731e+00 -9.0782e-01 -1.2464e+00
433 0 +5.077942764e+01 +1.379394276e+02 +1.379394276e+02 +2.0021e+00 +1.4118e+00 -1.8357e+00 +2.8913e+00 -2.8834e-01 -1.2099e+00 +4.9948e-02 +2.7244e+00 -9.3844e-01 -1.2150e+00
440 0 +4.964545341e+01 +1.368054534e+02 +1.368054534e+02 +1.9145e+00 +1.3438e+00 -1.9087e+00 +2.9100e+00 -2.8824e-01 -1.1328e+00 +8.5836e-02 +2.7928e+00 -9.3620e-01 -1.2619e+00
442 0 +4.359804695e+01 +1.307580469e+02 +1.307580469e+02 +2.0004e+00 +1.4032e+00 -1.9106e+00 +2.9914e+00 -2.8215e-01 -1.2492e+00 +4.9200e-02 +2.7080e+00 -9.4162e-01 -1.3384e+00
457 0 +4.161954552e+01 +1.287795455e+02 +1.287795455e+02 +1.9850e+00 +1.3567e+00 -1.9085e+00 +2.8962e+00 -2.8858e-01 -1.2344e+00 +1.8377e-02 +2.7391e+00 -9.4865e-01 -1.3184e+00
478 0 +3.470451984e+01 +1.218645198e+02 +1.218645198e+02 +2.0007e+00 +1.3256e+00 -1.9523e+00 +3.0189e+00 -2.5139e-01 -1.1928e+00 +4.4550e-02 +2.7479e+00 -8.9555e-01 -1.2560e+00
484 0 +3.225293001e+01 +1.194129300e+02 +1.194129300e+02 +2.0508e+00 +1.3124e+00 -1.8890e+00 +3.0009e+00 -2.7276e-01 -1.1671e+00 +3.1439e-02 +2.6856e+00 -9.3052e-01 -1.2820e+00
510 0 +3.160207577e+01 +1.187620758e+02 +1.187620758e+02 +2.0281e+00 +1.2922e+00 -1.9415e+00 +2.9980e+00 -2.5024e-01 -1.1863e+00 +1.6885e-02 +2.7249e+00 -9.1060e-01 -1.2538e+00
513 0 +3.053765183e+01 +1.176976518e+02 +1.176976518e+02 +2.0073e+00 +1.3034e+00 -1.9642e+00 +2.9447e+00 -2.2825e-01 -1.2111e+00 -2.6630e-02 +2.7093e+00 -9.1363e-01 -1.2710e+00
521 0 +2.989469215e+01 +1.170546922e+02 +1.170546922e+02 +2.0273e+00 +1.3026e+00 -1.9499e+00 +3.0034e+00 -2.3759e-01 -1.1896e+00 -6.6210e-03 +2.7114e+00 -9.0825e-01 -1.2753e+00
534 0 +2.775755162e+01 +1.149175516e+02 +1.149175516e+02 +2.0807e+00 +1.3159e+00 -1.9880e+00 +2.9954e+00 -2.1579e-01 -1.2344e+00 -9.7754e-04 +2.7138e+00 -8.7102e-01 -1.2936e+00
543 0 +2.723505864e+01 +1.143950586e+02 +1.143950586e+02 +2.0485e+00 +1.2814e+00 -1.9533e+00 +3.0066e+00 -2.2088e-01 -1.2184e+00 +2.2176e-03 +2.6826e+00 -8.7617e-01 -1.3183e+00
580 0 +2.664213877e+01 +1.138021388e+02 +1.138021388e+02 +2.0537e+00 +1.3204e+00 -1.9591e+00 +2.9764e+00 -2.4253e-01 -1.2428e+00 +1.5335e-03 +2.7007e+00 -8.9377e-01 -1.2754e+00
581 0 +2.550996478e+01 +1.126699648e+02 +1.126699648e+02 +2.0528e+00 +1.3213e+00 -1.9660e+00 +2.9780e+00 -2.3609e-01 -1.2514e+00 -5.4182e-03 +2.7176e+00 -8.6759e-01 -1.2751e+00
609 0 +2.504139323e+01 +1.122013932e+02 +1.122013932e+02 +2.0548e+00 +1.3206e+00 -1.9725e+00 +2.9775e+00 -2.1988e-01 -1.2483e+00 -1.1377e-02 +2.7049e+00 -8.6178e-01 -1.2842e+00
632 0 +2.446837847e+01 +1.116283785e+02 +1.116283785e+02 +2.0683e+00 +1.3214e+00 -1.9543e+00 +2.9835e+00 -2.2481e-01 -1.2412e+00 -1.3192e-02 +2.6944e+00 -8.6393e-01 -1.2845e+00
651 0 +2.396413114e+01 +1.111241311e+02 +1.111241311e+02 +2.0756e+00 +1.3154e+00 -1.9563e+00 +2.9833e+00 -2.2094e-01 -1.2528e+00 -8.6100e-03 +2.6999e+00 -8.6174e-01 -1.2915e+00
673 0 +2.336385119e+01 +1.105238512e+02 +1.105238512e+02 +2.0881e+00 +1.3088e+00 -1.9550e+00 +3.0023e+00 -2.1858e-01 -1.2558e+00 -1.4156e-02 +2.6970e+00 -8.4705e-01 -1.2963e+00
722 0 +2.284878878e+01 +1.100087888e+02 +1.100087888e+02 +2.0962e+00 +1.3150e+00 -1.9382e+00 +2.9968e+00 -2.1458e-01 -1.2588e+00 -1.8445e-02 +2.7001e+00 -8.4444e-01 -1.2974e+00
792 0 +2.233151258e+01 +1.094915126e+02 +1.094915126e+02 +2.1375e+00 +1.3048e+00 -1.9272e+00 +3.0083e+00 -2.1076e-01 -1.2683e+00 -3.5964e-02 +2.6769e+00 -8.1315e-01 -1.3264e+00
1000 0 +2.191712435e+01 +1.090771243e+02 +1.090771243e+02 +2.1429e+00 +1.3004e+00 -1.9173e+00 +3.0099e+00 -2.3213e-01 -1.2661e+00 -2.6485e-02 +2.6804e+00 -8.1439e-01 -1.3267e+00
% f evaluations | g evaluations | best noise-free fitness - Fopt (-3.475000000000e+01) + sum g_i+ | measured fitness | best measured fitness or single-digit g-values | x1 | x2...
1 0 +5.335388844e+02 +4.987888844e+02 +4.987888844e+02 -2.6284e-01 +2.5772e-01 -3.3939e-01 -3.5006e-01 +5.0278e-03 +1.6572e-01 -5.9602e-01 -1.6098e-01 -6.2961e-01 -4.4216e-01
18 0 +5.305651983e+02 +4.958151983e+02 +4.958151983e+02 -8.3932e-02 +9.6770e-02 -8.4031e-01 -4.9106e-01 -7.5235e-03 -1.9762e-01 -5.6877e-01 +1.8699e-02 -5.2661e-01 -3.8903e-01
19 0 +5.155452614e+02 +4.807952614e+02 +4.807952614e+02 -1.2085e-01 +1.1758e-01 -2.6249e-01 -1.3499e-01 +3.6303e-02 -4.6465e-02 -1.1026e-01 -2.6790e-01 -2.2944e-01 -1.3425e-01
30 0 +5.119512971e+02 +4.772012971e+02 +4.772012971e+02 -2.0224e-01 +1.7769e-01 -3.4892e-01 -5.5030e-01 -4.9592e-02 -4.8149e-01 -1.3529e-01 -1.6024e-01 -5.6387e-01 -1.1997e-01
35 0 +4.785503520e+02 +4.438003520e+02 +4.438003520e+02 -5.4612e-02 +9.2310e-02 -8.0940e-01 -4.8860e-01 +6.6679e-02 -1.9401e-01 -4.4908e-01 -2.5479e-01 -9.2244e-01 +3.3411e-01
43 0 +4.574750180e+02 +4.227250180e+02 +4.227250180e+02 +8.0545e-03 +6.9572e-01 +2.5206e-01 +3.6728e-02 +4.5182e-01 -4.2603e-01 -3.0439e-02 -3.4159e-01 -6.4185e-01 -2.8037e-01
45 0 +4.520802010e+02 +4.173302010e+02 +4.173302010e+02 +2.1449e-01 +2.2392e-01 -7.3243e-01 -3.9525e-01 +1.2192e-01 -2.2200e-01 -2.7042e-01 -6.2132e-01 -7.9970e-01 +2.6422e-02
50 0 +4.260941225e+02 +3.913441225e+02 +3.913441225e+02 +4.6607e-01 +3.6191e-01 +3.4191e-01 -5.1239e-01 +4.5249e-01 -7.6061e-01 +7.1804e-02 -1.2159e-01 -1.2973e+00 -2.1752e-01
51 0 +3.579212122e+02 +3.231712122e+02 +3.231712122e+02 +5.4503e-01 +6.6194e-01 +1.6633e-01 -2.3106e-02 +4.0825e-01 -6.5343e-01 +3.3449e-01 -7.8874e-01 -1.0191e+00 -6.6372e-01
67 0 +3.442580459e+02 +3.095080459e+02 +3.095080459e+02 +8.0606e-01 +3.6798e-01 +3.2825e-01 -3.4608e-02 +4.2648e-01 -8.7712e-01 +1.6441e-01 -2.3955e-01 -1.3691e+00 -1.7027e-01
68 0 +3.035652068e+02 +2.688152068e+02 +2.688152068e+02 +7.0169e-01 +5.6902e-01 -2.9905e-01 +3.2433e-01 +5.2723e-01 -1.4560e+00 -1.3037e-01 -4.6050e-01 -1.3580e+00 -6.9095e-01
88 0 +2.794410244e+02 +2.446910244e+02 +2.446910244e+02 -2.1996e-01 +1.2477e+00 -1.5160e+00 +3.9885e-01 +9.5621e-01 -1.7331e+00 -1.3145e-01 -1.3259e+00 -1.2778e+00 -1.1958e+00
102 0 +2.085789528e+02 +1.738289528e+02 +1.738289528e+02 +1.9356e-01 +1.6871e+00 -2.0412e-01 +8.1467e-01 +1.0396e+00 -2.1289e+00 -4.6559e-01 -1.6868e+00 -2.4377e+00 -6.0724e-01
118 0 +1.804741626e+02 +1.457241626e+02 +1.457241626e+02 -7.1785e-02 +1.2203e+00 -5.9257e-01 +8.5489e-01 +9.9091e-01 -2.3175e+00 -5.3332e-02 -1.5116e+00 -2.0834e+00 -2.4788e-02
127 0 +1.705826285e+02 +1.358326285e+02 +1.358326285e+02 +1.6402e-01 +1.4503e+00 -9.2528e-01 +1.2113e+00 +1.0591e+00 -3.1507e+00 +8.9937e-02 -2.7525e+00 -2.9886e+00 -5.0721e-01
137 0 +1.561615731e+02 +1.214115731e+02 +1.214115731e+02 +1.6499e+00 +6.3859e-01 -3.9556e-01 +6.3280e-01 -1.5740e-02 -2.6816e+00 +8.6656e-01 -2.4707e+00 -2.6292e+00 -3.3914e-01
139 0 +1.527778156e+02 +1.180278156e+02 +1.180278156e+02 +7.2183e-01 +1.6968e+00 -1.2612e+00 +1.6884e+00 +5.0706e-02 -2.9418e+00 +8.1941e-01 -2.4434e+00 -2.8131e+00 -7.3482e-01
149 0 +1.277554813e+02 +9.300548133e+01 +9.300548133e+01 +7.9597e-01 +1.5125e+00 -1.7403e+00 +2.1612e+00 +7.2490e-01 -3.2096e+00 +1.0471e+00 -3.4924e+00 -2.8951e+00 -1.2119e+00
157 0 +1.064926833e+02 +7.174268332e+01 +7.174268332e+01 +1.9687e+00 +1.7510e+00 -5.5086e-01 +2.4331e+00 +9.4243e-01 -4.1124e+00 +8.9828e-01 -3.2416e+00 -4.1413e+00 +1.0870e-01
182 0 +9.933184822e+01 +6.458184822e+01 +6.458184822e+01 +1.0218e-01 +1.9820e+00 -8.3480e-01 +2.4566e+00 +9.4449e-01 -3.8879e+00 +1.7737e-01 -2.6887e+00 -3.7449e+00 +3.7548e-01
187 0 +8.475443516e+01 +5.000443516e+01 +5.000443516e+01 +6.1196e-01 +1.2006e+00 -2.6860e-01 +1.8871e+00 -2.6895e-01 -3.3863e+00 +1.5667e+00 -1.6971e+00 -4.0909e+00 +4.1274e-01
205 0 +7.091980095e+01 +3.616980095e+01 +3.616980095e+01 +2.1369e+00 +2.3177e+00 +6.6917e-01 +2.8966e+00 -2.8147e-01 -3.0582e+00 +1.8177e+00 -2.5396e+00 -5.6927e+00 +1.9171e+00
398 0 +5.184418244e+01 +1.709418244e+01 +1.709418244e+01 +2.0533e+00 +2.8615e+00 -1.9937e-01 +2.9863e+00 -1.7854e+00 -2.2474e+00 +1.4068e+00 -3.7594e+00 -5.1167e+00 +2.9658e+00
495 0 +4.660132737e+01 +1.185132737e+01 +1.185132737e+01 +1.8498e+00 +2.7052e+00 -2.3692e-01 +2.7245e+00 -1.4452e+00 -2.1867e+00 +1.6193e+00 -3.4584e+00 -4.7429e+00 +2.8985e+00
525 0 +4.377196451e+01 +9.021964513e+00 +9.021964513e+00 +1.9451e+00 +2.7084e+00 -1.6069e-01 +2.9905e+00 -1.5251e+00 -2.3619e+00 +1.7424e+00 -3.5845e+00 -4.9120e+00 +2.9824e+00
532 0 +3.762291894e+01 +2.872918942e+00 +2.872918942e+00 +1.9997e+00 +2.7034e+00 -2.3627e-01 +2.9983e+00 -1.5217e+00 -2.4556e+00 +1.7813e+00 -3.6194e+00 -4.9572e+00 +2.9155e+00
536 0 +3.349582004e+01 -1.254179958e+00 -1.254179958e+00 +1.9996e+00 +2.7953e+00 -1.2965e-01 +2.8863e+00 -1.5593e+00 -2.4122e+00 +1.7510e+00 -3.5948e+00 -4.8945e+00 +2.9144e+00
572 0 +3.293212304e+01 -1.817876960e+00 -1.817876960e+00 +2.0936e+00 +2.7975e+00 -1.6764e-01 +2.9542e+00 -1.6138e+00 -2.4013e+00 +1.7548e+00 -3.5616e+00 -4.9256e+00 +2.9723e+00
583 0 +3.220194737e+01 -2.548052629e+00 -2.548052629e+00 +2.0279e+00 +2.7964e+00 -1.5265e-01 +2.9399e+00 -1.6318e+00 -2.4420e+00 +1.7910e+00 -3.5884e+00 -4.8486e+00 +2.9365e+00
585 0 +3.014848646e+01 -4.601513538e+00 -4.601513538e+00 +2.1166e+00 +2.8044e+00 -1.4199e-01 +2.9694e+00 -1.5919e+00 -2.4634e+00 +1.8168e+00 -3.5806e+00 -4.8874e+00 +2.9729e+00
602 0 +2.857171140e+01 -6.178288598e+00 -6.178288598e+00 +2.0987e+00 +2.7819e+00 -1.9581e-01 +2.9650e+00 -1.6538e+00 -2.3619e+00 +1.8393e+00 -3.5676e+00 -4.9098e+00 +2.9928e+00
603 0 +2.629365996e+01 -8.456340042e+00 -8.456340042e+00 +2.1190e+00 +2.8330e+00 -1.8538e-01 +2.9325e+00 -1.5736e+00 -2.4019e+00 +1.8308e+00 -3.5385e+00 -4.9204e+00 +2.9230e+00
612 0 +2.568636852e+01 -9.063631484e+00 -9.063631484e+00 +2.1335e+00 +2.7844e+00 -1.3413e-01 +2.9502e+00 -1.5711e+00 -2.4152e+00 +1.8502e+00 -3.5739e+00 -4.9390e+00 +2.9457e+00
635 0 +2.367555470e+01 -1.107444530e+01 -1.107444530e+01 +2.1354e+00 +2.8651e+00 -1.5257e-01 +2.9358e+00 -1.5675e+00 -2.4123e+00 +1.8232e+00 -3.5569e+00 -4.9583e+00 +2.9449e+00
638 0 +2.321218067e+01 -1.153781933e+01 -1.153781933e+01 +2.1214e+00 +2.8459e+00 -1.2472e-01 +2.9673e+00 -1.5727e+00 -2.4303e+00 +1.8282e+00 -3.5713e+00 -4.9471e+00 +2.9523e+00
645 0 +2.238014678e+01 -1.236985322e+01 -1.236985322e+01 +2.1145e+00 +2.8255e+00 -1.2388e-01 +2.9408e+00 -1.5697e+00 -2.4025e+00 +1.8461e+00 -3.5891e+00 -4.9377e+00 +2.9644e+00
648 0 +2.137563733e+01 -1.337436267e+01 -1.337436267e+01 +2.0816e+00 +2.8252e+00 -1.2398e-01 +2.9604e+00 -1.5817e+00 -2.4116e+00 +1.8146e+00 -3.5538e+00 -4.9267e+00 +2.9202e+00
655 0 +2.073053258e+01 -1.401946742e+01 -1.401946742e+01 +2.1085e+00 +2.8555e+00 -1.4164e-01 +2.9847e+00 -1.5735e+00 -2.3799e+00 +1.8353e+00 -3.5421e+00 -4.9235e+00 +2.9109e+00
663 0 +1.978872926e+01 -1.496127074e+01 -1.496127074e+01 +2.1090e+00 +2.8656e+00 -1.3836e-01 +2.9542e+00 -1.5838e+00 -2.3973e+00 +1.8321e+00 -3.5615e+00 -4.9213e+00 +2.9297e+00
698 0 +1.920300076e+01 -1.554699924e+01 -1.554699924e+01 +2.0962e+00 +2.8519e+00 -1.2868e-01 +2.9530e+00 -1.5762e+00 -2.3981e+00 +1.8477e+00 -3.5535e+00 -4.9321e+00 +2.9261e+00
713 0 +1.840078858e+01 -1.634921142e+01 -1.634921142e+01 +2.1015e+00 +2.8611e+00 -1.2252e-01 +2.9450e+00 -1.5817e+00 -2.3815e+00 +1.8377e+00 -3.5615e+00 -4.9328e+00 +2.9145e+00
722 0 +1.817006818e+01 -1.657993182e+01 -1.657993182e+01 +2.0984e+00 +2.8534e+00 -1.2347e-01 +2.9519e+00 -1.5864e+00 -2.3817e+00 +1.8471e+00 -3.5629e+00 -4.9242e+00 +2.9179e+00
738 0 +1.753294356e+01 -1.721705644e+01 -1.721705644e+01 +2.1165e+00 +2.8574e+00 -1.1433e-01 +2.9474e+00 -1.5861e+00 -2.3700e+00 +1.8527e+00 -3.5619e+00 -4.9465e+00 +2.9188e+00
751 0 +1.690277159e+01 -1.784722841e+01 -1.784722841e+01 +2.1049e+00 +2.8533e+00 -9.7700e-02 +2.9445e+00 -1.5833e+00 -2.3613e+00 +1.8555e+00 -3.5601e+00 -4.9404e+00 +2.9176e+00
789 0 +1.650522915e+01 -1.824477085e+01 -1.824477085e+01 +2.1091e+00 +2.8572e+00 -9.7814e-02 +2.9474e+00 -1.5938e+00 -2.3640e+00 +1.8630e+00 -3.5554e+00 -4.9353e+00 +2.9133e+00
809 0 +1.601980173e+01 -1.873019827e+01 -1.873019827e+01 +2.1164e+00 +2.8704e+00 -9.5158e-02 +2.9427e+00 -1.5895e+00 -2.3604e+00 +1.8702e+00 -3.5524e+00 -4.9386e+00 +2.9139e+00
823 0 +1.575819542e+01 -1.899180458e+01 -1.899180458e+01 +2.1175e+00 +2.8683e+00 -8.8237e-02 +2.9474e+00 -1.5964e+00 -2.3590e+00 +1.8699e+00 -3.5513e+00 -4.9449e+00 +2.9215e+00
849 0 +1.538994484e+01 -1.936005516e+01 -1.936005516e+01 +2.1253e+00 +2.8701e+00 -8.2166e-02 +2.9517e+00 -1.6026e+00 -2.3518e+00 +1.8803e+00 -3.5525e+00 -4.9523e+00 +2.9331e+00
874 0 +1.511671082e+01 -1.963328918e+01 -1.963328918e+01 +2.1337e+00 +2.8715e+00 -7.9491e-02 +2.9488e+00 -1.5971e+00 -2.3442e+00 +1.8840e+00 -3.5502e+00 -4.9450e+00 +2.9238e+00
902 0 +1.474745714e+01 -2.000254286e+01 -2.000254286e+01 +2.1395e+00 +2.8787e+00 -6.2002e-02 +2.9485e+00 -1.6151e+00 -2.3364e+00 +1.9006e+00 -3.5468e+00 -4.9584e+00 +2.9297e+00
920 0 +1.444583693e+01 -2.030416307e+01 -2.030416307e+01 +2.1406e+00 +2.8796e+00 -6.7447e-02 +2.9588e+00 -1.6092e+00 -2.3296e+00 +1.8995e+00 -3.5451e+00 -4.9575e+00 +2.9315e+00
931 0 +1.410602898e+01 -2.064397102e+01 -2.064397102e+01 +2.1537e+00 +2.8802e+00 -5.6266e-02 +2.9533e+00 -1.6071e+00 -2.3214e+00 +1.9083e+00 -3.5412e+00 -4.9678e+00 +2.9342e+00
971 0 +1.375507956e+01 -2.099492044e+01 -2.099492044e+01 +2.1602e+00 +2.8888e+00 -3.5017e-02 +2.9601e+00 -1.6176e+00 -2.3129e+00 +1.9179e+00 -3.5349e+00 -4.9761e+00 +2.9297e+00
1000 0 +1.375507956e+01 -2.099492044e+01 -2.099492044e+01 +2.1602e+00 +2.8888e+00 -3.5017e-02 +2.9601e+00 -1.6176e+00 -2.3129e+00 +1.9179e+00 -3.5349e+00 -4.9761e+00 +2.9297e+00
% f evaluations | g evaluations | best noise-free fitness - Fopt (-1.000000000000e+03) + sum g_i+ | measured fitness | best measured fitness or single-digit g-values | x1 | x2...
1 0 +3.126375092e+02 -6.873624908e+02 -6.873624908e+02 -2.5356e-01 +6.5789e-01 -1.8092e-01 +4.7226e-01 -4.8182e-01 -2.3935e-01 -5.2702e-02 +9.0361e-02 +1.6148e-01 -1.7309e-01
2 0 +2.916725721e+02 -7.083274279e+02 -7.083274279e+02 -2.4353e-01 +2.8476e-01 -1.7561e-01 -7.1997e-02 +4.3060e-01 -4.2662e-01 -4.8412e-01 -3.4074e-01 +1.5964e-01 +2.8178e-01
10 0 +2.411412761e+02 -7.588587239e+02 -7.588587239e+02 -1.4786e-01 -1.8655e-01 +6.9836e-02 -1.1214e-01 -1.0574e-01 -8.5676e-02 +1.4519e-01 +4.0276e-01 +1.5255e-01 -2.1942e-01
11 0 +2.270943381e+02 -7.729056619e+02 -7.729056619e+02 +7.6457e-02 +1.0953e-01 +2.6225e-01 -2.7735e-01 +2.4944e-01 -3.1955e-01 -1.7146e-01 +2.3606e-01 +5.7890e-01 -2.0225e-01
48 0 +2.216892982e+02 -7.783107018e+02 -7.783107018e+02 +2.1379e-02 +2.2033e-01 +6.4157e-01 -6.0220e-01 +5.6952e-01 -1.1292e-01 +3.1848e-01 +4.2674e-01 +7.9213e-01 -4.3800e-01
57 0 +1.748455271e+02 -8.251544729e+02 -8.251544729e+02 -4.5717e-01 -9.9349e-02 +4.7189e-01 -4.4842e-01 +3.0872e-01 +1.8260e-03 +2.5565e-01 +5.2516e-01 +8.6525e-01 -5.4356e-01
93 0 +1.555256329e+02 -8.444743671e+02 -8.444743671e+02 -2.7702e-01 -8.9868e-01 +1.1505e+00 -1.4870e+00 +1.4749e+00 -2.9768e-01 +1.4373e+00 +7.7163e-01 +2.0544e+00 -2.2585e+00
114 0 +1.546164366e+02 -8.453835634e+02 -8.453835634e+02 -8.9672e-01 -5.9754e-01 +8.0841e-01 -1.2218e+00 +2.0925e+00 -8.6101e-01 +1.4926e+00 +2.2107e+00 +2.4442e+00 -1.3558e+00
120 0 +1.398843391e+02 -8.601156609e+02 -8.601156609e+02 -8.0365e-01 -9.0415e-01 +8.3552e-02 -1.1574e+00 +6.4806e-01 -5.2395e-01 +3.3596e-01 +9.5006e-01 +5.8039e-01 -1.6213e+00
135 0 +1.354406412e+02 -8.645593588e+02 -8.645593588e+02 -2.0575e+00 -6.9378e-01 -8.9989e-03 -1.5080e+00 +9.2801e-01 -1.0590e+00 +2.7386e-01 +1.9672e+00 +1.2606e+00 -2.1683e+00
142 0 +1.329370652e+02 -8.670629348e+02 -8.670629348e+02 -4.8498e-01 -4.5847e-01 +6.3165e-01 -1.6001e+00 +1.0161e+00 -2.1744e+00 +4.4194e-01 +1.3871e+00 +2.2061e+00 -2.2967e+00
143 0 +1.176400154e+02 -8.823599846e+02 -8.823599846e+02 -2.2536e+00 -5.7289e-01 -4.1304e-01 -1.6539e+00 +1.1464e+00 -2.2041e+00 +1.1425e+00 +2.1690e+00 +2.2008e+00 -2.1538e+00
145 0 +1.166061650e+02 -8.833938350e+02 -8.833938350e+02 -1.2841e+00 -9.2727e-01 +9.2270e-02 -2.2108e+00 +7.8689e-01 -1.4317e+00 +1.2584e-01 +2.0178e+00 +1.5365e+00 -2.2741e+00
285 0 +1.006297428e+02 -8.993702572e+02 -8.993702572e+02 -1.5357e+00 -1.1058e+00 +7.6581e-01 -1.6970e+00 -2.1503e-01 -2.6167e+00 +6.7195e-01 +2.6438e+00 +1.8490e+00 -4.0562e+00
310 0 +8.256223171e+01 -9.174377683e+02 -9.174377683e+02 -1.8163e+00 -6.7982e-01 +8.5919e-01 -1.9710e+00 +3.7017e-01 -2.6600e+00 +8.1046e-01 +3.2118e+00 +1.9973e+00 -4.3051e+00
337 0 +7.988608949e+01 -9.201139105e+02 -9.201139105e+02 -1.8147e+00 -8.9804e-01 +6.1398e-01 -1.5146e+00 -3.6611e-01 -2.2763e+00 +4.1606e-01 +2.8332e+00 +3.0515e+00 -4.3905e+00
383 0 +7.636205013e+01 -9.236379499e+02 -9.236379499e+02 -1.1936e+00 -1.3728e+00 +1.3065e-01 -1.5702e+00 +1.9243e-01 -2.5559e+00 +1.8522e-01 +2.7341e+00 +2.3380e+00 -3.9833e+00
430 0 +7.162469320e+01 -9.283753068e+02 -9.283753068e+02 -1.3665e+00 -1.3843e+00 +6.8879e-01 -1.2852e+00 +3.2592e-01 -2.2807e+00 +2.7006e-01 +3.0162e+00 +2.7676e+00 -3.9494e+00
476 0 +6.088604648e+01 -9.391139535e+02 -9.391139535e+02 -1.4907e+00 -1.1328e+00 +6.1665e-01 -1.4897e+00 +5.5491e-01 -2.5604e+00 +3.2822e-01 +3.0699e+00 +2.7615e+00 -4.2125e+00
492 0 +4.569617175e+01 -9.543038282e+02 -9.543038282e+02 -1.5108e+00 -1.0207e+00 +5.8103e-01 -1.5855e+00 +3.6081e-01 -2.5565e+00 +3.3270e-01 +3.1011e+00 +2.7065e+00 -4.3402e+00
521 0 +4.275146969e+01 -9.572485303e+02 -9.572485303e+02 -1.4002e+00 -1.0212e+00 +6.6726e-01 -1.6090e+00 +3.8273e-01 -2.5325e+00 +3.3007e-01 +3.0925e+00 +2.5984e+00 -4.1945e+00
537 0 +3.740025594e+01 -9.625997441e+02 -9.625997441e+02 -1.4426e+00 -9.9330e-01 +5.9805e-01 -1.5799e+00 +3.6372e-01 -2.5285e+00 +3.0483e-01 +3.0596e+00 +2.6654e+00 -4.2137e+00
541 0 +3.661426977e+01 -9.633857302e+02 -9.633857302e+02 -1.4174e+00 -9.3841e-01 +5.9067e-01 -1.5860e+00 +3.1924e-01 -2.5424e+00 +3.3977e-01 +3.0599e+00 +2.6163e+00 -4.2218e+00
547 0 +3.617886617e+01 -9.638211338e+02 -9.638211338e+02 -1.4031e+00 -1.0523e+00 +6.0866e-01 -1.5936e+00 +4.3747e-01 -2.5027e+00 +3.7123e-01 +3.0388e+00 +2.6603e+00 -4.2446e+00
574 0 +3.527429896e+01 -9.647257010e+02 -9.647257010e+02 -1.4453e+00 -1.0166e+00 +6.2116e-01 -1.5688e+00 +3.9319e-01 -2.5184e+00 +3.0305e-01 +3.0252e+00 +2.6319e+00 -4.2114e+00
593 0 +3.387861272e+01 -9.661213873e+02 -9.661213873e+02 -1.3969e+00 -1.0441e+00 +5.9121e-01 -1.5925e+00 +4.1346e-01 -2.5083e+00 +3.0642e-01 +3.0514e+00 +2.6409e+00 -4.2381e+00
602 0 +3.226915072e+01 -9.677308493e+02 -9.677308493e+02 -1.4092e+00 -1.0159e+00 +6.2283e-01 -1.5326e+00 +3.8947e-01 -2.4936e+00 +2.7103e-01 +3.0391e+00 +2.6173e+00 -4.2035e+00
621 0 +3.155659345e+01 -9.684434065e+02 -9.684434065e+02 -1.4091e+00 -9.9989e-01 +6.0999e-01 -1.5812e+00 +4.1086e-01 -2.5105e+00 +2.7667e-01 +3.0506e+00 +2.6337e+00 -4.2521e+00
639 0 +3.075704341e+01 -9.692429566e+02 -9.692429566e+02 -1.4200e+00 -9.8458e-01 +6.0356e-01 -1.5549e+00 +3.9834e-01 -2.5095e+00 +2.9836e-01 +3.0412e+00 +2.6033e+00 -4.2317e+00
672 0 +3.008711590e+01 -9.699128841e+02 -9.699128841e+02 -1.4142e+00 -9.7613e-01 +6.0505e-01 -1.5524e+00 +3.8008e-01 -2.5098e+00 +3.0235e-01 +3.0249e+00 +2.6077e+00 -4.2335e+00
713 0 +2.946138761e+01 -9.705386124e+02 -9.705386124e+02 -1.4111e+00 -9.7975e-01 +6.1376e-01 -1.5313e+00 +3.7417e-01 -2.5174e+00 +2.9281e-01 +3.0324e+00 +2.6024e+00 -4.2441e+00
1000 0 +2.888136280e+01 -9.711186372e+02 -9.711186372e+02 -1.3983e+00 -9.6648e-01 +6.2930e-01 -1.5092e+00 +3.6732e-01 -2.5078e+00 +3.0746e-01 +3.0161e+00 +2.6010e+00 -4.2494e+00
% f evaluations | g evaluations | best noise-free fitness - Fopt (-9.247000000000e+01) + sum g_i+ | measured fitness | best measured fitness or single-digit g-values | x1 | x2...
1 0 +3.322929817e+02 +2.398229817e+02 +2.398229817e+02 -4.6019e-01 +1.5957e-01 -1.3855e-01 -3.4755e-02 +3.3219e-01 -4.1005e-01 +3.2231e-01 -2.3918e-01 +7.0959e-02 -8.0020e-02
6 0 +3.134722640e+02 +2.210022640e+02 +2.210022640e+02 -1.4578e-02 -1.4689e-01 -6.3751e-02 -1.1990e-01 -2.7677e-01 -4.3781e-01 -4.6306e-02 +3.1914e-01 +6.8697e-02 +2.5584e-02
12 0 +2.831877682e+02 +1.907177682e+02 +1.907177682e+02 +1.0273e-01 -4.6666e-01 -8.3431e-03 +2.1275e-01 -1.1336e-01 -5.7539e-01 -4.3014e-01 +3.9614e-01 -6.9037e-02 +2.4187e-01
23 0 +2.575142198e+02 +1.650442198e+02 +1.650442198e+02 +6.5707e-04 -8.0328e-02 -1.7087e-01 +1.0213e-01 -1.2254e-02 -1.1773e+00 +2.8728e-01 +1.9146e-01 +1.1891e-01 +5.5956e-01
39 0 +2.142000289e+02 +1.217300289e+02 +1.217300289e+02 +3.8593e-01 -6.7702e-02 -2.5583e-01 +6.0951e-01 -4.6884e-01 -1.4611e+00 -5.4604e-02 +5.4131e-01 +6.8576e-01 +4.5991e-01
55 0 +2.066542851e+02 +1.141842851e+02 +1.141842851e+02 +3.0801e-01 +6.0763e-01 +5.4968e-01 +5.1573e-01 -2.9890e-01 -1.2403e+00 +4.7572e-01 +4.7079e-01 +3.1709e-01 -7.0555e-02
62 0 +1.959674691e+02 +1.034974691e+02 +1.034974691e+02 +7.3820e-01 +2.1139e-01 +8.8389e-01 +4.2845e-01 +6.8369e-01 -1.2666e+00 -1.2708e-01 -1.3638e-01 +1.4952e+00 +1.5808e-01
65 0 +1.811558828e+02 +8.868588280e+01 +8.868588280e+01 +2.6132e-01 -3.8912e-01 +2.6899e-01 +2.7246e-01 -5.0118e-01 -1.9867e+00 +3.7058e-01 +3.5182e-01 +1.1147e+00 -3.8412e-02
85 0 +1.697298216e+02 +7.725982156e+01 +7.725982156e+01 +5.1413e-01 -3.9787e-01 +1.0181e+00 -1.5964e-01 +1.2208e-01 -2.0967e+00 +4.6356e-01 +1.6298e-01 +1.2971e+00 +2.7679e-01
89 0 +1.621085720e+02 +6.963857197e+01 +6.963857197e+01 +7.5590e-01 -7.4299e-01 +5.9261e-01 -8.3780e-02 -3.7746e-01 -2.4075e+00 +1.0405e+00 +4.4694e-01 +2.0641e+00 -4.7144e-01
94 0 +1.459586189e+02 +5.348861887e+01 +5.348861887e+01 +1.3196e+00 -9.8749e-01 +8.0631e-01 -3.4979e-01 +2.9198e-02 -1.6471e+00 +6.1868e-01 +4.6092e-02 +1.6173e+00 -1.2618e-01
97 0 +1.265083726e+02 +3.403837264e+01 +3.403837264e+01 +6.0323e-01 -7.9707e-01 +1.2435e+00 +1.8405e-01 -1.1107e-01 -3.0258e+00 +4.8835e-01 +6.1005e-01 +2.5143e+00 -6.0881e-01
103 0 +1.124178351e+02 +1.994783514e+01 +1.994783514e+01 +1.2918e+00 -1.3289e+00 +1.0771e+00 -2.5272e-01 -5.5434e-01 -2.9319e+00 +2.4299e-01 +7.6057e-01 +2.2306e+00 -2.7288e-01
137 0 +1.022744707e+02 +9.804470739e+00 +9.804470739e+00 +2.5199e+00 -9.3063e-01 +1.5970e+00 -8.3031e-01 -4.8200e-01 -3.5141e+00 -5.2349e-01 +5.5726e-01 +2.5661e+00 +5.2083e-01
173 0 +9.469950156e+01 +2.229501557e+00 +2.229501557e+00 +1.8860e+00 -4.4606e-01 +1.4577e+00 +2.6470e-01 -2.7454e-01 -2.8744e+00 -6.8512e-01 +5.1393e-01 +1.9417e+00 +6.0161e-01
205 0 +8.759198010e+01 -4.878019896e+00 -4.878019896e+00 +2.9902e+00 -1.9930e-01 +1.1850e+00 +4.8622e-01 -6.6999e-01 -2.8836e+00 -3.3453e-01 +1.8329e+00 +1.4728e+00 +1.1799e+00
222 0 +7.267799778e+01 -1.979200222e+01 -1.979200222e+01 +2.2815e+00 -1.5506e+00 +8.2157e-01 -4.5084e-02 -5.7327e-01 -3.6317e+00 -8.3887e-01 +1.8660e+00 +1.5453e+00 +1.9000e+00
362 0 +5.764786433e+01 -3.482213567e+01 -3.482213567e+01 +2.4667e+00 -9.3734e-01 +2.0362e+00 +2.1315e-01 -7.1596e-02 -2.1325e+00 -4.3413e-01 +1.4462e+00 +1.3742e+00 +1.7920e+00
474 0 +5.248083836e+01 -3.998916164e+01 -3.998916164e+01 +2.4587e+00 -7.2327e-01 +2.3777e+00 -7.6371e-02 +7.2707e-02 -2.4540e+00 -1.2553e-01 +1.6098e+00 +1.5122e+00 +1.8995e+00
511 0 +4.366837355e+01 -4.880162645e+01 -4.880162645e+01 +2.4444e+00 -7.1039e-01 +2.3507e+00 -1.3640e-01 +7.6695e-02 -2.3502e+00 -2.7226e-01 +1.4992e+00 +1.2570e+00 +1.9316e+00
525 0 +4.277301474e+01 -4.969698526e+01 -4.969698526e+01 +2.5022e+00 -7.1327e-01 +2.2702e+00 -1.5010e-01 +3.4699e-03 -2.3634e+00 -2.6003e-01 +1.5785e+00 +1.3148e+00 +1.9185e+00
537 0 +4.241078203e+01 -5.005921797e+01 -5.005921797e+01 +2.4360e+00 -7.0240e-01 +2.3336e+00 -1.5937e-01 -2.0520e-02 -2.2625e+00 -2.4905e-01 +1.5855e+00 +1.1794e+00 +1.9109e+00
544 0 +3.233338139e+01 -6.013661861e+01 -6.013661861e+01 +2.4126e+00 -6.6036e-01 +2.3187e+00 -7.5439e-02 -2.2028e-02 -2.2082e+00 -1.8882e-01 +1.4713e+00 +1.2876e+00 +1.9004e+00
553 0 +2.174987268e+01 -7.072012732e+01 -7.072012732e+01 +2.3918e+00 -6.5393e-01 +2.3390e+00 -1.1886e-01 -3.5859e-02 -2.2619e+00 -2.6615e-01 +1.5132e+00 +1.2528e+00 +1.8957e+00
581 0 +1.578436908e+01 -7.668563092e+01 -7.668563092e+01 +2.3954e+00 -6.4893e-01 +2.3439e+00 -9.2870e-02 -4.8032e-02 -2.2468e+00 -2.2314e-01 +1.5926e+00 +1.2343e+00 +1.9616e+00
583 0 +1.389071546e+01 -7.857928454e+01 -7.857928454e+01 +2.3642e+00 -6.4992e-01 +2.3597e+00 -6.1080e-02 -4.6802e-02 -2.2462e+00 -2.3352e-01 +1.5774e+00 +1.2126e+00 +1.9500e+00
592 0 +1.322282876e+01 -7.924717124e+01 -7.924717124e+01 +2.3794e+00 -6.4619e-01 +2.3777e+00 -6.9014e-02 -2.0843e-02 -2.2506e+00 -2.0898e-01 +1.5988e+00 +1.2647e+00 +1.9505e+00
662 0 +1.271648647e+01 -7.975351353e+01 -7.975351353e+01 +2.3830e+00 -6.3783e-01 +2.3957e+00 -5.4402e-02 -4.8915e-02 -2.2015e+00 -2.0332e-01 +1.5961e+00 +1.2433e+00 +1.9588e+00
664 0 +1.122438454e+01 -8.124561546e+01 -8.124561546e+01 +2.3713e+00 -6.3740e-01 +2.3940e+00 -5.8839e-02 -3.8904e-02 -2.2074e+00 -2.2156e-01 +1.5967e+00 +1.2440e+00 +1.9788e+00
687 0 +1.112373407e+01 -8.134626593e+01 -8.134626593e+01 +2.3579e+00 -6.3837e-01 +2.4065e+00 -7.8210e-02 -4.9007e-02 -2.2107e+00 -2.2796e-01 +1.5902e+00 +1.2250e+00 +2.0023e+00
692 0 +1.060874562e+01 -8.186125438e+01 -8.186125438e+01 +2.3515e+00 -6.4918e-01 +2.4059e+00 -6.1149e-02 -5.1609e-02 -2.2242e+00 -2.1226e-01 +1.5970e+00 +1.2479e+00 +1.9943e+00
697 0 +1.016790369e+01 -8.230209631e+01 -8.230209631e+01 +2.3577e+00 -6.3994e-01 +2.4100e+00 -5.7975e-02 -4.5102e-02 -2.2060e+00 -2.2551e-01 +1.6042e+00 +1.2241e+00 +1.9895e+00
701 0 +9.847944751e+00 -8.262205525e+01 -8.262205525e+01 +2.3559e+00 -6.3316e-01 +2.4344e+00 -6.0158e-02 -3.4080e-02 -2.2062e+00 -2.0603e-01 +1.6066e+00 +1.2358e+00 +1.9945e+00
719 0 +9.485799264e+00 -8.298420074e+01 -8.298420074e+01 +2.3471e+00 -6.2927e-01 +2.4530e+00 -5.9135e-02 -4.3217e-02 -2.1867e+00 -1.9756e-01 +1.5993e+00 +1.2123e+00 +1.9930e+00
770 0 +9.308428730e+00 -8.316157127e+01 -8.316157127e+01 +2.3491e+00 -6.4161e-01 +2.4385e+00 -4.9110e-02 -3.7639e-02 -2.1997e+00 -1.9717e-01 +1.5916e+00 +1.2150e+00 +1.9872e+00
779 0 +9.066100503e+00 -8.340389950e+01 -8.340389950e+01 +2.3417e+00 -6.3555e-01 +2.4449e+00 -5.2485e-02 -4.2217e-02 -2.2011e+00 -1.8454e-01 +1.5795e+00 +1.2091e+00 +1.9857e+00
1000 0 +8.957776369e+00 -8.351222363e+01 -8.351222363e+01 +2.3388e+00 -6.3578e-01 +2.4503e+00 -5.2080e-02 -3.9281e-02 -2.2073e+00 -1.8144e-01 +1.5815e+00 +1.2118e+00 +1.9830e+00
% f evaluations | g evaluations | best noise-free fitness - Fopt (-2.153000000000e+02) + sum g_i+ | measured fitness | best measured fitness or single-digit g-values | x1 | x2...
1 0 +3.999651146e+02 +1.846651146e+02 +1.846651146e+02 -1.2043e-01 -6.4036e-02 -3.5520e-01 -2.7999e-02 +1.5876e-01 -5.1840e-01 +7.2542e-01 -2.4444e-01 +2.9548e-01 +3.0501e-01
6 0 +3.199045692e+02 +1.046045692e+02 +1.046045692e+02 -4.0598e-01 -4.5535e-03 +6.3828e-01 -3.3978e-01 +4.3239e-01 -3.7571e-01 -4.2157e-01 +3.5281e-01 +2.4222e-01 -2.8729e-02
22 0 +2.310795334e+02 +1.577953341e+01 +1.577953341e+01 -7.3671e-01 +1.3099e-01 +3.8318e-01 +1.0692e-01 +6.2653e-01 -6.8685e-01 +5.6270e-02 +4.0242e-01 +1.7016e-01 +1.0620e-01
41 0 +1.979130777e+02 -1.738692228e+01 -1.738692228e+01 -7.1993e-01 -1.7432e-01 +4.7118e-01 +2.3278e-01 +1.1287e+00 -1.1922e+00 -1.6366e-01 +5.8659e-01 -3.2240e-02 +6.6434e-01
43 0 +1.734977685e+02 -4.180223153e+01 -4.180223153e+01 -9.0672e-01 +1.3571e-01 +2.6793e-01 -2.7367e-01 +1.2123e+00 -1.3471e+00 -2.6010e-01 +6.2320e-01 -1.6031e-01 +4.6754e-01
61 0 +1.359912129e+02 -7.930878708e+01 -7.930878708e+01 -1.2524e+00 +8.3387e-02 -1.9493e-01 -9.4217e-01 +1.8116e+00 -1.7628e+00 -9.0985e-01 +7.7356e-01 +1.0923e-01 +8.2583e-02
78 0 +1.146283235e+02 -1.006716765e+02 -1.006716765e+02 -1.0963e+00 +5.5190e-01 -3.9902e-02 -7.8202e-01 +1.9088e+00 -2.4120e+00 -8.8439e-01 +9.3070e-01 -3.7032e-01 +6.3255e-01
89 0 +9.439524374e+01 -1.209047563e+02 -1.209047563e+02 -2.4141e+00 +7.4835e-01 -7.6192e-02 -1.0684e+00 +1.9725e+00 -2.1344e+00 -3.7582e-01 +1.3767e+00 +1.2026e-01 +1.0754e+00
104 0 +8.758314041e+01 -1.277168596e+02 -1.277168596e+02 -1.5987e+00 +6.7575e-01 -4.2873e-02 -1.6280e+00 +1.8232e+00 -1.6581e+00 -1.3384e+00 +1.6115e+00 +3.3762e-02 +9.2609e-01
121 0 +7.834968050e+01 -1.369503195e+02 -1.369503195e+02 -1.0888e+00 +1.1818e+00 -1.3875e-01 -5.3134e-01 +2.1758e+00 -3.3678e+00 -1.0255e+00 +1.5598e+00 +8.9545e-01 +1.4992e+00
221 0 +7.500366066e+01 -1.402963393e+02 -1.402963393e+02 -1.5540e+00 +2.0086e+00 -3.8926e-01 -1.5211e+00 +1.6886e+00 -2.2086e+00 -9.0791e-01 +2.4743e+00 -6.9602e-02 -3.7284e-01
281 0 +5.790264874e+01 -1.573973513e+02 -1.573973513e+02 -2.0431e+00 +1.9261e+00 +1.2231e-01 -1.9119e+00 +1.8166e+00 -2.6362e+00 -1.3411e+00 +2.1295e+00 +9.4341e-01 +6.3654e-02
353 0 +5.279338601e+01 -1.625066140e+02 -1.625066140e+02 -2.2192e+00 +2.0845e+00 -2.6092e-01 -1.8956e+00 +1.7511e+00 -2.3375e+00 -1.2717e+00 +2.1213e+00 +7.4941e-01 +2.8422e-01
359 0 +4.922814658e+01 -1.660718534e+02 -1.660718534e+02 -2.2095e+00 +2.0492e+00 -3.2849e-01 -1.8162e+00 +1.5796e+00 -2.4129e+00 -1.1700e+00 +2.1763e+00 +8.1056e-01 +8.6000e-02
369 0 +4.858932807e+01 -1.667106719e+02 -1.667106719e+02 -2.3263e+00 +2.1109e+00 -3.2947e-01 -2.0580e+00 +1.5479e+00 -2.3636e+00 -1.2069e+00 +2.1904e+00 +7.4854e-01 +2.2383e-01
411 0 +4.568745933e+01 -1.696125407e+02 -1.696125407e+02 -2.0867e+00 +2.1813e+00 -2.3937e-01 -1.7553e+00 +1.6692e+00 -2.3962e+00 -1.1829e+00 +2.2549e+00 +7.6897e-01 +2.0081e-01
417 0 +4.158028968e+01 -1.737197103e+02 -1.737197103e+02 -1.9886e+00 +1.9579e+00 -2.2431e-01 -1.7766e+00 +1.4908e+00 -2.2042e+00 -1.0346e+00 +2.1452e+00 +6.9846e-01 +1.4637e-01
429 0 +3.363936892e+01 -1.816606311e+02 -1.816606311e+02 -2.1274e+00 +1.9748e+00 -2.8580e-01 -1.7631e+00 +1.5997e+00 -2.1976e+00 -1.1612e+00 +2.1206e+00 +6.3995e-01 +2.4702e-01
453 0 +2.802843469e+01 -1.872715653e+02 -1.872715653e+02 -2.0738e+00 +1.9565e+00 -2.9186e-01 -1.8230e+00 +1.5466e+00 -2.1920e+00 -1.0647e+00 +2.1118e+00 +6.8400e-01 +2.4124e-01
493 0 +2.668337082e+01 -1.886166292e+02 -1.886166292e+02 -2.1542e+00 +2.0561e+00 -2.5982e-01 -1.7943e+00 +1.6044e+00 -2.3251e+00 -1.1019e+00 +2.1532e+00 +6.9494e-01 +2.5166e-01
495 0 +2.195033488e+01 -1.933496651e+02 -1.933496651e+02 -2.0739e+00 +2.0199e+00 -3.1437e-01 -1.7875e+00 +1.5541e+00 -2.2522e+00 -1.0861e+00 +2.1535e+00 +6.4687e-01 +2.5463e-01
526 0 +2.124638684e+01 -1.940536132e+02 -1.940536132e+02 -2.0973e+00 +2.0413e+00 -3.4155e-01 -1.8243e+00 +1.5757e+00 -2.2515e+00 -1.0683e+00 +2.1749e+00 +6.5674e-01 +2.7116e-01
561 0 +1.955160755e+01 -1.957483925e+02 -1.957483925e+02 -2.0773e+00 +2.0511e+00 -3.2788e-01 -1.8085e+00 +1.5597e+00 -2.2549e+00 -1.0692e+00 +2.1929e+00 +6.6872e-01 +2.3573e-01
582 0 +1.909577423e+01 -1.962042258e+02 -1.962042258e+02 -2.0779e+00 +2.0427e+00 -3.2557e-01 -1.7909e+00 +1.5172e+00 -2.2440e+00 -1.0708e+00 +2.1983e+00 +6.7495e-01 +2.3265e-01
595 0 +1.769866340e+01 -1.976013366e+02 -1.976013366e+02 -2.1020e+00 +2.0364e+00 -3.1812e-01 -1.8104e+00 +1.5225e+00 -2.2504e+00 -1.0528e+00 +2.1955e+00 +6.5133e-01 +2.6070e-01
614 0 +1.604484729e+01 -1.992551527e+02 -1.992551527e+02 -2.0755e+00 +2.0445e+00 -3.2336e-01 -1.8115e+00 +1.5161e+00 -2.2209e+00 -1.0433e+00 +2.2117e+00 +6.4890e-01 +2.6061e-01
636 0 +1.475565115e+01 -2.005443489e+02 -2.005443489e+02 -2.0656e+00 +2.0377e+00 -3.1528e-01 -1.8155e+00 +1.4963e+00 -2.2121e+00 -1.0246e+00 +2.2303e+00 +6.4168e-01 +2.7413e-01
651 0 +1.436660307e+01 -2.009333969e+02 -2.009333969e+02 -2.0648e+00 +2.0521e+00 -3.2906e-01 -1.8128e+00 +1.5099e+00 -2.2186e+00 -1.0144e+00 +2.2370e+00 +6.6536e-01 +2.5246e-01
661 0 +1.391114705e+01 -2.013888530e+02 -2.013888530e+02 -2.0704e+00 +2.0496e+00 -3.3895e-01 -1.7992e+00 +1.4888e+00 -2.2037e+00 -1.0084e+00 +2.2556e+00 +6.5718e-01 +2.7347e-01
684 0 +1.371004956e+01 -2.015899504e+02 -2.015899504e+02 -2.0639e+00 +2.0356e+00 -3.3113e-01 -1.8050e+00 +1.5003e+00 -2.2037e+00 -1.0040e+00 +2.2542e+00 +6.4310e-01 +2.7396e-01
725 0 +1.344054842e+01 -2.018594516e+02 -2.018594516e+02 -2.0638e+00 +2.0401e+00 -3.1667e-01 -1.8004e+00 +1.5030e+00 -2.2070e+00 -1.0081e+00 +2.2521e+00 +6.5402e-01 +2.7111e-01
744 0 +1.317452685e+01 -2.021254732e+02 -2.021254732e+02 -2.0690e+00 +2.0515e+00 -3.1893e-01 -1.8044e+00 +1.4987e+00 -2.1986e+00 -9.9901e-01 +2.2593e+00 +6.5254e-01 +2.7341e-01
1000 0 +1.293836786e+01 -2.023616321e+02 -2.023616321e+02 -2.0666e+00 +2.0442e+00 -3.0572e-01 -1.8052e+00 +1.4975e+00 -2.1963e+00 -9.8595e-01 +2.2653e+00 +6.4991e-01 +2.6964e-01
% f evaluations | g evaluations | best noise-free fitness - Fopt (-5.449000000000e+01) + sum g_i+ | measured fitness | best measured fitness or single-digit g-values | x1 | x2...
1 0 +2.197510052e+02 +1.652610052e+02 +1.652610052e+02 +8.2006e-02 +4.7831e-01 -2.4960e-01 -1.5163e-01 +1.0942e-01 +3.9483e-01 +1.7545e-01 -2.4787e-01 -7.6799e-01 -5.3409e-02
7 0 +1.795632823e+02 +1.250732823e+02 +1.250732823e+02 -8.0173e-02 -2.5055e-01 -2.2837e-01 +2.7161e-02 -6.6272e-01 -2.4439e-01 -1.8191e-01 -3.2100e-01 +1.1702e-01 +3.9160e-01
13 0 +1.775820872e+02 +1.230920872e+02 +1.230920872e+02 +4.5070e-01 -1.5499e-02 +3.8779e-02 +1.1039e-01 -2.6990e-02 -9.0553e-01 -4.1170e-01 +3.4805e-01 -1.3534e-01 +3.6040e-01
63 0 +1.727052351e+02 +1.182152351e+02 +1.182152351e+02 +5.1700e-01 -1.0843e-01 -2.2787e-01 -9.1888e-02 -3.3118e-01 -7.0077e-01 -5.1552e-01 +2.5572e-01 -1.1984e-01 +1.1437e-01
67 0 +1.543371044e+02 +9.984710440e+01 +9.984710440e+01 +5.3620e-01 -3.5662e-01 -2.3795e-01 -2.5492e-01 -1.8898e-01 -7.6738e-01 -9.3416e-01 +7.2458e-01 -3.4737e-01 -2.3089e-02
75 0 +1.401432103e+02 +8.565321030e+01 +8.565321030e+01 +6.2849e-01 -1.8516e-01 -2.0658e-01 -3.7239e-01 -1.2374e-01 -8.9491e-01 -7.3400e-01 +8.8681e-01 -8.2185e-02 -3.9227e-01
96 0 +1.261135421e+02 +7.162354214e+01 +7.162354214e+01 +1.1124e+00 -4.1409e-01 -3.4162e-01 -9.9059e-01 -2.8338e-01 -1.5629e+00 -9.9900e-01 +8.9347e-01 +1.0083e-01 +1.8978e-01
118 0 +1.144895501e+02 +5.999955013e+01 +5.999955013e+01 +9.8055e-01 -6.6568e-01 -4.5856e-01 -9.3454e-01 -1.3651e-01 -4.2995e-01 -4.3692e-01 +6.3548e-02 -5.8485e-01 -2.5997e-02
159 0 +1.075241662e+02 +5.303416623e+01 +5.303416623e+01 +1.9939e+00 -1.1292e+00 +2.9341e-01 -1.7518e+00 -8.4999e-02 +6.6954e-01 -8.2977e-01 +7.9536e-01 +5.2599e-01 -1.1841e-01
172 0 +8.941227298e+01 +3.492227298e+01 +3.492227298e+01 +2.1454e+00 -9.5761e-01 +1.5397e+00 -1.5935e+00 -1.0838e-01 +1.1846e+00 -1.4392e+00 +4.6756e-01 +2.0600e-01 +2.8763e-01
209 0 +8.782897347e+01 +3.333897347e+01 +3.333897347e+01 +1.2897e+00 -2.0209e+00 +4.8693e-01 -1.8974e+00 -1.0237e+00 +6.2090e-01 -1.7541e+00 -5.8957e-01 -1.1530e+00 +5.9905e-01
269 0 +8.046309893e+01 +2.597309893e+01 +2.597309893e+01 +2.2559e+00 -3.0561e+00 +1.0445e+00 -3.4892e+00 -1.9299e+00 -7.0864e-01 -2.0682e+00 +6.3051e-02 -2.4969e-01 +8.9219e-02
344 0 +6.949535588e+01 +1.500535588e+01 +1.500535588e+01 +1.7736e+00 -2.4591e+00 -1.8347e-01 -1.3089e+00 -1.6256e+00 -1.5403e+00 -1.8922e+00 -5.2444e-01 -1.1376e+00 -2.3893e-01
493 0 +5.635528489e+01 +1.865284894e+00 +1.865284894e+00 +2.3089e+00 -2.5478e+00 +1.1649e+00 -2.3061e+00 -1.4584e+00 -7.8108e-01 -2.0165e+00 -1.6342e-01 -2.0191e-01 -3.4380e-01
580 0 +4.971555676e+01 -4.774443243e+00 -4.774443243e+00 +2.3086e+00 -2.4983e+00 +1.2352e+00 -2.2573e+00 -1.5588e+00 -7.1976e-01 -1.8284e+00 -2.2448e-01 -2.4502e-01 -4.2964e-01
586 0 +4.596611779e+01 -8.523882209e+00 -8.523882209e+00 +2.3314e+00 -2.5376e+00 +1.2421e+00 -2.2487e+00 -1.5408e+00 -8.1920e-01 -1.8574e+00 -2.9277e-01 -2.9592e-01 -4.2555e-01
602 0 +3.825487419e+01 -1.623512581e+01 -1.623512581e+01 +2.3351e+00 -2.4608e+00 +1.2621e+00 -2.2882e+00 -1.5557e+00 -7.7110e-01 -1.9547e+00 -3.3663e-01 -2.9944e-01 -4.2533e-01
618 0 +3.760228733e+01 -1.688771267e+01 -1.688771267e+01 +2.3665e+00 -2.5105e+00 +1.2994e+00 -2.2901e+00 -1.4825e+00 -7.9455e-01 -1.9518e+00 -3.7929e-01 -3.3387e-01 -3.9132e-01
620 0 +3.180147202e+01 -2.268852798e+01 -2.268852798e+01 +2.3450e+00 -2.4866e+00 +1.2382e+00 -2.3097e+00 -1.4951e+00 -7.3408e-01 -1.9444e+00 -3.0551e-01 -2.8042e-01 -3.7860e-01
653 0 +3.006182789e+01 -2.442817211e+01 -2.442817211e+01 +2.3282e+00 -2.4662e+00 +1.2810e+00 -2.2970e+00 -1.4933e+00 -7.4158e-01 -1.9733e+00 -2.7983e-01 -3.1759e-01 -3.9353e-01
677 0 +2.922539608e+01 -2.526460392e+01 -2.526460392e+01 +2.3248e+00 -2.4871e+00 +1.2675e+00 -2.3113e+00 -1.4799e+00 -7.1608e-01 -1.9770e+00 -3.1291e-01 -3.4516e-01 -3.7678e-01
681 0 +2.805228075e+01 -2.643771925e+01 -2.643771925e+01 +2.3280e+00 -2.4728e+00 +1.2685e+00 -2.2981e+00 -1.4959e+00 -7.3937e-01 -2.0016e+00 -3.0714e-01 -3.0656e-01 -3.8067e-01
687 0 +2.739668029e+01 -2.709331971e+01 -2.709331971e+01 +2.3251e+00 -2.4860e+00 +1.2638e+00 -2.2901e+00 -1.4710e+00 -7.0643e-01 -1.9745e+00 -3.1242e-01 -3.2140e-01 -3.8582e-01
718 0 +2.601094513e+01 -2.847905487e+01 -2.847905487e+01 +2.3201e+00 -2.4681e+00 +1.2691e+00 -2.3102e+00 -1.4673e+00 -7.0400e-01 -2.0002e+00 -3.1184e-01 -2.9824e-01 -3.8556e-01
745 0 +2.547697054e+01 -2.901302946e+01 -2.901302946e+01 +2.3127e+00 -2.4710e+00 +1.2666e+00 -2.3026e+00 -1.4726e+00 -7.0737e-01 -2.0095e+00 -3.0312e-01 -3.1263e-01 -3.8792e-01
767 0 +2.489632055e+01 -2.959367945e+01 -2.959367945e+01 +2.3040e+00 -2.4601e+00 +1.2506e+00 -2.3033e+00 -1.4643e+00 -7.0787e-01 -2.0172e+00 -2.9736e-01 -3.1415e-01 -3.9433e-01
781 0 +2.453152690e+01 -2.995847310e+01 -2.995847310e+01 +2.3078e+00 -2.4628e+00 +1.2700e+00 -2.3075e+00 -1.4607e+00 -6.9626e-01 -2.0181e+00 -2.8966e-01 -3.0557e-01 -3.9078e-01
837 0 +2.375651623e+01 -3.073348377e+01 -3.073348377e+01 +2.3053e+00 -2.4601e+00 +1.2593e+00 -2.3100e+00 -1.4622e+00 -7.0317e-01 -2.0264e+00 -2.8438e-01 -2.9150e-01 -3.9410e-01
866 0 +2.337491959e+01 -3.111508041e+01 -3.111508041e+01 +2.3021e+00 -2.4570e+00 +1.2526e+00 -2.3064e+00 -1.4571e+00 -7.0171e-01 -2.0317e+00 -2.8131e-01 -2.9592e-01 -3.9635e-01
905 0 +2.289887496e+01 -3.159112504e+01 -3.159112504e+01 +2.3019e+00 -2.4593e+00 +1.2524e+00 -2.3028e+00 -1.4524e+00 -6.9553e-01 -2.0362e+00 -2.7683e-01 -2.8964e-01 -3.9570e-01
953 0 +2.238158402e+01 -3.210841598e+01 -3.210841598e+01 +2.2994e+00 -2.4551e+00 +1.2502e+00 -2.3017e+00 -1.4526e+00 -6.9090e-01 -2.0456e+00 -2.7063e-01 -2.8202e-01 -3.9476e-01
1000 0 +2.192983364e+01 -3.256016636e+01 -3.256016636e+01 +2.3014e+00 -2.4554e+00 +1.2511e+00 -2.2993e+00 -1.4456e+00 -6.9076e-01 -2.0555e+00 -2.5626e-01 -2.6856e-01 -3.9654e-01
% f evaluations | g evaluations | best noise-free fitness - Fopt (5.049000000000e+01) + sum g_i+ | measured fitness | best measured fitness or single-digit g-values | x1 | x2...
1 0 +2.066982393e+02 +2.571882393e+02 +2.571882393e+02 -2.6201e-01 -3.0020e-01 +3.8476e-01 +6.4161e-02 -3.0315e-01 -4.2664e-01 -3.6463e-02 -1.0009e-01 +4.7633e-02 -8.7894e-02
24 0 +2.000004329e+02 +2.504904329e+02 +2.504904329e+02 +3.8416e-01 +5.9094e-01 +1.7178e-01 +6.1452e-01 -1.6649e-01 +2.1336e-01 +4.3676e-01 +1.2419e-01 +2.9113e-01 +1.4834e-01
33 0 +1.851615707e+02 +2.356515707e+02 +2.356515707e+02 +4.4300e-02 +2.4347e-01 +1.8755e-01 -6.2842e-03 +1.7215e-01 -3.4415e-01 -2.1830e-02 -2.1227e-01 +2.1680e-01 +8.4707e-01
37 0 +1.815153795e+02 +2.320053795e+02 +2.320053795e+02 +7.8469e-01 +1.9540e-01 +3.7339e-01 +5.2441e-02 -4.4554e-01 -1.2864e-01 -2.1022e-01 -1.0761e-01 +7.7233e-02 +3.3369e-01
54 0 +1.774538161e+02 +2.279438161e+02 +2.279438161e+02 +3.0659e-01 +1.4595e-01 +1.7661e-01 -1.9775e-01 +1.0094e-01 -4.1141e-01 -2.0076e-01 -2.9551e-01 -1.3369e-01 +8.5985e-01
67 0 +1.714435651e+02 +2.219335651e+02 +2.219335651e+02 +1.9565e-01 +5.4626e-01 +4.6711e-01 -1.4751e-02 -1.6185e-01 -2.8178e-01 -1.4711e-01 -6.2500e-01 -3.4203e-01 +8.7937e-01
96 0 +1.611237280e+02 +2.116137280e+02 +2.116137280e+02 +4.8430e-01 +1.0602e+00 +5.2851e-02 +4.6861e-01 +6.4277e-02 -5.9474e-01 -7.4804e-02 -6.3948e-01 -2.5381e-01 +1.3580e+00
101 0 +1.473290563e+02 +1.978190563e+02 +1.978190563e+02 +1.2059e+00 +1.4079e+00 +5.0132e-01 -1.3620e-01 -3.1695e-02 -9.0112e-01 +1.7284e-01 -7.9905e-01 +1.1401e-02 +1.4844e+00
117 0 +1.329161489e+02 +1.834061489e+02 +1.834061489e+02 +1.2448e+00 +1.0363e+00 +4.2318e-01 +2.9826e-01 +5.2231e-01 -4.3283e-01 +4.7017e-01 -3.8201e-01 -3.7200e-01 +1.2442e+00
199 0 +1.159059391e+02 +1.663959391e+02 +1.663959391e+02 +1.6230e+00 +2.8667e-01 +1.6503e+00 -3.5131e-01 +1.4402e+00 -1.4798e+00 +1.0943e+00 -2.2116e-01 -1.6794e+00 +3.0645e+00
208 0 +1.047957451e+02 +1.552857451e+02 +1.552857451e+02 +1.2594e+00 +9.3127e-01 +1.6923e+00 -3.4472e-01 +1.6683e+00 -1.4885e+00 +1.6006e+00 +5.0474e-02 -2.5966e+00 +2.1600e+00
213 0 +7.991685345e+01 +1.304068534e+02 +1.304068534e+02 +1.7281e+00 +1.8559e+00 +2.7067e+00 -1.8610e-01 +1.5004e+00 -6.2124e-01 +1.8151e+00 -4.6819e-01 -1.9834e+00 +2.1204e+00
521 0 +7.301571795e+01 +1.235057180e+02 +1.235057180e+02 +1.8321e+00 +1.5319e+00 +1.8876e+00 +9.0911e-01 +1.7475e+00 +1.8221e-01 +2.9664e+00 -7.4449e-02 -1.5130e+00 +2.8702e+00
558 0 +7.175883041e+01 +1.222488304e+02 +1.222488304e+02 +1.8426e+00 +1.5128e+00 +1.8335e+00 +7.7422e-01 +1.6834e+00 +1.6080e-01 +2.9698e+00 -1.1085e-01 -1.4774e+00 +2.9767e+00
565 0 +6.871868614e+01 +1.192086861e+02 +1.192086861e+02 +1.8585e+00 +1.5578e+00 +1.9562e+00 +8.3011e-01 +1.7039e+00 +1.3675e-01 +3.0483e+00 -1.2129e-01 -1.5260e+00 +2.9939e+00
574 0 +6.706902145e+01 +1.175590214e+02 +1.175590214e+02 +1.8146e+00 +1.5659e+00 +1.9085e+00 +7.9371e-01 +1.6872e+00 +1.2093e-01 +3.0314e+00 -1.1986e-01 -1.5038e+00 +2.9482e+00
579 0 +6.241452841e+01 +1.129045284e+02 +1.129045284e+02 +1.8376e+00 +1.5952e+00 +1.8537e+00 +7.9867e-01 +1.6583e+00 +1.6930e-01 +2.9772e+00 -9.8680e-02 -1.4245e+00 +2.9500e+00
591 0 +5.997289982e+01 +1.104628998e+02 +1.104628998e+02 +1.8444e+00 +1.6054e+00 +1.8328e+00 +8.1878e-01 +1.5969e+00 +1.5613e-01 +3.0199e+00 -1.0995e-01 -1.4591e+00 +2.9439e+00
593 0 +5.701174294e+01 +1.075017429e+02 +1.075017429e+02 +1.8164e+00 +1.5772e+00 +1.8457e+00 +8.7452e-01 +1.6715e+00 +1.4962e-01 +2.9818e+00 -1.3109e-01 -1.4782e+00 +2.9408e+00
627 0 +5.539316713e+01 +1.058831671e+02 +1.058831671e+02 +1.8029e+00 +1.5992e+00 +1.8184e+00 +8.3665e-01 +1.6442e+00 +1.7041e-01 +2.9781e+00 -1.5359e-01 -1.4624e+00 +2.8814e+00
643 0 +5.262172263e+01 +1.031117226e+02 +1.031117226e+02 +1.8201e+00 +1.5729e+00 +1.8354e+00 +8.3185e-01 +1.6116e+00 +1.5401e-01 +2.9396e+00 -1.2564e-01 -1.4551e+00 +2.8882e+00
652 0 +5.174780560e+01 +1.022378056e+02 +1.022378056e+02 +1.8061e+00 +1.5802e+00 +1.8120e+00 +8.6961e-01 +1.5916e+00 +1.5131e-01 +2.9466e+00 -1.3848e-01 -1.4677e+00 +2.8921e+00
661 0 +5.042700689e+01 +1.009170069e+02 +1.009170069e+02 +1.8482e+00 +1.5853e+00 +1.8272e+00 +8.7457e-01 +1.6102e+00 +1.5676e-01 +2.9158e+00 -1.3953e-01 -1.4818e+00 +2.9254e+00
676 0 +4.826165279e+01 +9.875165279e+01 +9.875165279e+01 +1.8195e+00 +1.5857e+00 +1.8411e+00 +8.4291e-01 +1.6103e+00 +1.5142e-01 +2.8781e+00 -1.5358e-01 -1.4875e+00 +2.9129e+00
708 0 +4.734514316e+01 +9.783514316e+01 +9.783514316e+01 +1.8173e+00 +1.5927e+00 +1.8325e+00 +8.3904e-01 +1.6065e+00 +1.4924e-01 +2.8914e+00 -1.4812e-01 -1.5085e+00 +2.9055e+00
1000 0 +4.677613579e+01 +9.726613579e+01 +9.726613579e+01 +1.8240e+00 +1.6108e+00 +1.8221e+00 +8.4850e-01 +1.6066e+00 +1.4695e-01 +2.8678e+00 -1.4067e-01 -1.5101e+00 +2.8952e+00
% f evaluations | g evaluations | best noise-free fitness - Fopt (-3.641300000000e+02) + sum g_i+ | measured fitness | best measured fitness or single-digit g-values | x1 | x2...
1 0 +2.761055824e+02 -8.802441756e+01 -8.802441756e+01 +2.6961e-01 -1.0848e-01 +8.1241e-03 -3.5860e-01 +7.1431e-02 -1.1536e-01 +5.7878e-02 -1.4163e-02 -2.3934e-01 -9.6043e-02
4 0 +2.540533511e+02 -1.100766489e+02 -1.100766489e+02 -5.8915e-01 -5.2186e-01 +2.5832e-01 -1.8687e-01 -1.2942e-01 -2.7119e-01 -1.0556e-01 -3.7599e-01 +2.9030e-01 -5.0607e-01
10 0 +2.272981153e+02 -1.368318847e+02 -1.368318847e+02 +1.6669e-01 -3.3985e-01 +9.7751e-02 +4.7917e-01 +1.5396e-01 -4.9806e-01 -6.9350e-01 +1.7235e-01 -8.3647e-02 -3.2064e-01
12 0 +2.222383878e+02 -1.418916122e+02 -1.418916122e+02 +2.3012e-01 -6.1359e-01 +7.8251e-01 -4.6356e-01 +1.0458e-01 -7.3123e-01 +1.0829e-01 +2.7695e-01 -6.8508e-01 -3.8030e-01
34 0 +2.170529303e+02 -1.470770697e+02 -1.470770697e+02 +5.4086e-02 -1.0891e+00 +5.4904e-01 +8.6166e-01 -9.2108e-02 -1.2389e-01 +8.0382e-01 -3.0205e-01 -4.6395e-01 -6.5001e-01
40 0 +2.120300472e+02 -1.520999528e+02 -1.520999528e+02 +1.9550e-01 -1.0539e+00 +3.9351e-01 +5.3083e-01 +1.0059e+00 -2.2028e-01 -4.2544e-01 -5.6605e-01 -9.7422e-01 -3.3038e-01
51 0 +1.844409298e+02 -1.796890702e+02 -1.796890702e+02 -2.5015e-01 -1.5213e+00 -1.3494e-02 +3.2829e-01 +5.9421e-01 +4.9016e-02 +4.5219e-01 -2.1272e-01 -4.0579e-01 -1.0803e-01
59 0 +1.753014440e+02 -1.888285560e+02 -1.888285560e+02 +2.2056e-01 -6.7113e-01 +7.8167e-01 +2.8765e-01 +8.4167e-01 -2.7210e-01 +4.7566e-01 -1.5763e-01 -7.6672e-01 -1.2184e+00
69 0 +1.672635816e+02 -1.968664184e+02 -1.968664184e+02 -3.6320e-01 -9.9415e-01 -3.6521e-02 +1.7873e-01 +6.9947e-01 -1.5654e-01 +8.1797e-01 +1.2335e+00 -4.2311e-01 -4.2361e-01
84 0 +1.608964008e+02 -2.032335992e+02 -2.032335992e+02 -1.5897e-01 -1.9368e+00 +5.5561e-01 +3.5040e-01 +9.3098e-01 -3.3419e-01 +4.0732e-01 +3.4843e-01 -8.0255e-01 +2.3568e-01
87 0 +1.416759319e+02 -2.224540681e+02 -2.224540681e+02 +1.8608e-01 -1.7891e+00 +2.2038e-01 +8.4216e-01 +1.0210e+00 -2.4164e-01 +1.0941e+00 -4.6648e-02 -9.7396e-01 -5.5953e-01
131 0 +1.386893660e+02 -2.254406340e+02 -2.254406340e+02 -9.3203e-01 -2.2244e+00 +1.5099e-01 +6.1503e-01 +1.7742e+00 -1.2903e+00 +8.5680e-01 +6.4666e-01 -3.1542e-02 -8.9836e-01
132 0 +1.339624893e+02 -2.301675107e+02 -2.301675107e+02 -1.2824e+00 -2.2426e+00 +7.5003e-01 +1.2863e+00 +1.1786e+00 -1.4857e+00 +1.8138e+00 -3.1872e-01 -1.5425e+00 -9.5757e-01
152 0 +1.219925258e+02 -2.421374742e+02 -2.421374742e+02 -1.8771e+00 -2.3918e+00 +7.9541e-01 +1.1524e+00 +2.0595e+00 -2.0131e+00 +1.2032e+00 +7.9733e-01 -6.5768e-01 -2.2256e-01
166 0 +1.196377250e+02 -2.444922750e+02 -2.444922750e+02 -1.9529e+00 -2.7553e+00 +1.6892e-01 +5.1033e-01 +1.9822e+00 -2.1812e+00 +1.3350e+00 +7.0377e-01 +5.6204e-02 +2.4691e-01
190 0 +1.047005944e+02 -2.594294056e+02 -2.594294056e+02 -1.6090e+00 -1.7895e+00 +4.3709e-01 +7.9618e-01 +1.9623e+00 -2.3163e+00 +5.3485e-01 -1.4544e-01 +1.3789e-01 -1.4016e+00
247 0 +9.213480208e+01 -2.719951979e+02 -2.719951979e+02 -1.8762e+00 -2.2466e+00 +2.9355e-01 -4.5293e-01 +1.4062e+00 -2.7429e+00 +6.7415e-01 +3.8248e-01 +3.2719e-01 -1.5351e+00
317 0 +8.565126284e+01 -2.784787372e+02 -2.784787372e+02 -1.1509e+00 -1.9779e+00 +4.0627e-01 +2.7242e-01 +1.8641e+00 -2.4502e+00 +2.6409e-01 +1.0279e+00 +1.8011e-02 -1.3957e+00
401 0 +8.247127119e+01 -2.816587288e+02 -2.816587288e+02 -1.1111e+00 -1.7848e+00 +9.1764e-02 +7.9929e-02 +1.9152e+00 -2.2376e+00 +4.7955e-01 +8.5162e-01 -3.2874e-01 -1.2103e+00
443 0 +7.581633795e+01 -2.883136620e+02 -2.883136620e+02 -1.1965e+00 -1.2989e+00 +2.4270e-02 +2.0569e-01 +1.9349e+00 -2.1307e+00 +4.3395e-01 +1.1010e+00 -5.9596e-02 -1.4427e+00
472 0 +6.162152907e+01 -3.025084709e+02 -3.025084709e+02 -1.2666e+00 -1.3144e+00 +1.6828e-01 -7.0738e-02 +2.1414e+00 -2.0723e+00 +5.0812e-01 +1.2577e+00 -1.4748e-01 -1.4311e+00
546 0 +5.226449430e+01 -3.118655057e+02 -3.118655057e+02 -1.1809e+00 -1.1366e+00 +1.0333e-02 -3.0502e-02 +2.1875e+00 -2.1988e+00 +5.8864e-01 +1.1582e+00 -6.9788e-02 -1.3060e+00
561 0 +5.056591490e+01 -3.135640851e+02 -3.135640851e+02 -1.1836e+00 -1.1952e+00 +8.1535e-04 -1.8569e-02 +2.1531e+00 -2.1555e+00 +6.2097e-01 +1.1937e+00 -2.8819e-02 -1.3627e+00
567 0 +4.927309701e+01 -3.148569030e+02 -3.148569030e+02 -1.0895e+00 -1.2140e+00 -1.4841e-02 +7.3536e-02 +2.1170e+00 -2.1086e+00 +6.0008e-01 +1.2005e+00 -3.4382e-02 -1.3009e+00
575 0 +4.504302679e+01 -3.190869732e+02 -3.190869732e+02 -1.0935e+00 -1.2344e+00 +3.3339e-03 +1.8736e-02 +2.1000e+00 -2.1679e+00 +6.2900e-01 +1.2144e+00 -2.9265e-02 -1.3328e+00
591 0 +4.258634265e+01 -3.215436573e+02 -3.215436573e+02 -1.1041e+00 -1.2159e+00 -2.0380e-02 -2.6333e-02 +2.1427e+00 -2.1768e+00 +5.8692e-01 +1.1249e+00 -2.2290e-02 -1.4353e+00
605 0 +4.011320935e+01 -3.240167907e+02 -3.240167907e+02 -1.0732e+00 -1.2441e+00 -1.6371e-02 +4.3506e-03 +2.0855e+00 -2.1702e+00 +5.4314e-01 +1.1315e+00 -4.8026e-02 -1.3885e+00
615 0 +3.838043494e+01 -3.257495651e+02 -3.257495651e+02 -1.1008e+00 -1.2584e+00 +5.4213e-02 -1.3942e-02 +2.0780e+00 -2.2570e+00 +5.7194e-01 +1.1664e+00 -3.7592e-02 -1.3576e+00
661 0 +3.756009569e+01 -3.265699043e+02 -3.265699043e+02 -1.0252e+00 -1.2493e+00 +3.0196e-02 -1.6469e-02 +2.1168e+00 -2.2184e+00 +5.8018e-01 +1.1660e+00 -3.9660e-02 -1.3195e+00
677 0 +3.639450468e+01 -3.277354953e+02 -3.277354953e+02 -1.0378e+00 -1.2431e+00 +1.7956e-02 -2.5221e-02 +2.1054e+00 -2.2188e+00 +5.6995e-01 +1.1753e+00 -4.3293e-02 -1.3778e+00
688 0 +3.550581103e+01 -3.286241890e+02 -3.286241890e+02 -1.0456e+00 -1.2601e+00 +1.4855e-02 -2.0395e-02 +2.1075e+00 -2.2400e+00 +5.8312e-01 +1.1580e+00 -3.1958e-02 -1.3534e+00
727 0 +3.526006339e+01 -3.288699366e+02 -3.288699366e+02 -1.0519e+00 -1.2373e+00 +1.0193e-02 -2.8657e-02 +2.1024e+00 -2.2579e+00 +5.8054e-01 +1.1638e+00 -2.6312e-02 -1.3528e+00
761 0 +3.466327144e+01 -3.294667286e+02 -3.294667286e+02 -1.0415e+00 -1.2478e+00 +9.2556e-03 -4.4025e-02 +2.0952e+00 -2.2547e+00 +5.6589e-01 +1.1389e+00 -3.3939e-02 -1.3582e+00
1000 0 +3.393461957e+01 -3.301953804e+02 -3.301953804e+02 -1.0213e+00 -1.2671e+00 -1.4340e-02 -5.5449e-02 +2.0976e+00 -2.2777e+00 +5.6644e-01 +1.1368e+00 -1.8546e-02 -1.3817e+00
% f evaluations | g evaluations | best noise-free fitness - Fopt (1.592700000000e+02) + sum g_i+ | measured fitness | best measured fitness or single-digit g-values | x1 | x2...
1 0 +4.583661439e+02 +6.176361439e+02 +6.176361439e+02 +4.6249e-01 -5.2481e-01 +3.7008e-01 -5.5120e-02 +3.0830e-01 +3.3318e-02 +2.7007e-01 -5.9037e-01 -1.2872e-01 -2.1671e-01
2 0 +3.581746426e+02 +5.174446426e+02 +5.174446426e+02 +8.3121e-02 +1.0717e-01 +5.1813e-01 +2.8345e-01 +4.8727e-02 +2.0871e-01 -3.8290e-01 +3.8133e-03 -1.2971e-02 -2.5230e-01
16 0 +3.288367499e+02 +4.881067499e+02 +4.881067499e+02 +2.6376e-01 -2.6653e-01 +4.5451e-01 -4.1412e-01 -3.5482e-01 -1.8965e-01 -9.1845e-01 -2.9449e-01 +1.6601e-01 +6.4858e-02
24 0 +3.172766007e+02 +4.765466007e+02 +4.765466007e+02 -4.6863e-01 +2.7576e-01 +2.1398e-01 -6.0666e-02 -2.6637e-01 -2.4205e-01 -5.2780e-01 +8.6160e-02 +2.5600e-01 +5.3786e-02
42 0 +2.760418991e+02 +4.353118991e+02 +4.353118991e+02 -5.9556e-01 +5.1422e-01 +1.8092e-01 -3.0090e-01 -3.8607e-01 -8.4326e-02 -2.6501e-01 -4.7306e-01 +1.7508e-01 +3.0351e-01
63 0 +2.622798884e+02 +4.215498884e+02 +4.215498884e+02 -8.6486e-01 +9.5268e-01 -2.1916e-01 -2.5684e-01 -9.5380e-01 +6.5402e-02 -8.5093e-01 -6.3962e-01 +1.1011e+00 +6.9127e-02
70 0 +2.410955640e+02 +4.003655640e+02 +4.003655640e+02 -9.5314e-01 +1.0688e+00 -6.2234e-01 +2.1723e-01 -1.0831e+00 -1.7954e-01 -4.4195e-01 -3.8565e-01 +1.1534e+00 +4.9729e-01
77 0 +2.215674213e+02 +3.808374213e+02 +3.808374213e+02 -9.3829e-01 +1.3499e+00 +1.8516e-01 +3.3637e-01 -1.5015e+00 -2.6150e-02 -5.6783e-01 -3.6517e-01 +1.6674e+00 -5.5792e-01
81 0 +2.052296256e+02 +3.644996256e+02 +3.644996256e+02 -1.1250e+00 +9.4824e-01 -2.7127e-01 -4.4320e-02 -1.2608e+00 -8.9220e-02 -5.3253e-01 -1.1090e+00 +1.0383e+00 +1.7659e-03
92 0 +1.738108894e+02 +3.330808894e+02 +3.330808894e+02 -1.2829e+00 +7.8875e-01 -9.2947e-01 +5.1567e-02 -1.4209e+00 -1.2580e-01 -6.5988e-01 -1.0955e+00 +2.4532e+00 -7.5093e-01
103 0 +1.613052633e+02 +3.205752633e+02 +3.205752633e+02 -1.3633e+00 +1.6342e+00 +2.6832e-01 -1.1281e+00 -1.7096e+00 +1.2754e-01 -1.6949e+00 -1.0782e+00 +2.5441e+00 +5.2163e-01
115 0 +1.482966555e+02 +3.075666555e+02 +3.075666555e+02 -1.5218e+00 +7.8977e-01 +6.7895e-01 -1.0342e+00 -2.0455e+00 +3.9144e-01 -1.2915e+00 -1.1802e+00 +1.0517e+00 -2.4910e-01
121 0 +1.434811335e+02 +3.027511335e+02 +3.027511335e+02 -2.0667e+00 +2.4320e+00 +3.0788e-02 +3.9541e-03 -2.6769e+00 +4.1716e-01 -1.0440e+00 -2.2329e+00 +2.1434e+00 -8.3304e-02
144 0 +1.153410277e+02 +2.746110277e+02 +2.746110277e+02 -2.6397e+00 +3.8164e-01 +1.0058e+00 -1.5383e+00 -3.5952e+00 +5.5212e-01 -1.3640e+00 -2.2779e+00 +2.8515e+00 -8.3450e-01
184 0 +1.054028905e+02 +2.646728905e+02 +2.646728905e+02 -1.9562e+00 +9.2792e-01 +2.7228e+00 -1.3735e+00 -3.8348e+00 +1.5690e+00 -2.3196e+00 -1.2121e+00 +3.4444e+00 -4.1084e-01
186 0 +9.582070729e+01 +2.550907073e+02 +2.550907073e+02 -2.0809e+00 +4.2580e-01 +2.7160e+00 -1.2330e+00 -2.0285e+00 +1.7664e+00 -2.7593e+00 -8.3435e-01 +4.0204e+00 -2.4632e-01
235 0 +7.924016509e+01 +2.385101651e+02 +2.385101651e+02 -1.8536e+00 -2.6420e-01 +3.4593e+00 -3.2941e-01 -3.4300e+00 +1.0253e+00 -1.5341e+00 -2.0283e+00 +2.7108e+00 -9.7434e-02
286 0 +6.830006016e+01 +2.275700602e+02 +2.275700602e+02 -2.2149e+00 -8.2524e-01 +2.4901e+00 -7.3477e-01 -2.7424e+00 +1.0177e+00 -2.3033e+00 -1.7371e+00 +3.0163e+00 +3.7424e-01
420 0 +6.272656712e+01 +2.219965671e+02 +2.219965671e+02 -2.5998e+00 -6.4464e-01 +2.2717e+00 -7.5215e-01 -2.4031e+00 +8.1359e-01 -2.5892e+00 -1.8180e+00 +3.3572e+00 +1.7493e-01
436 0 +5.982044954e+01 +2.190904495e+02 +2.190904495e+02 -2.6332e+00 -8.7907e-01 +2.3385e+00 -7.9261e-01 -2.2010e+00 +1.0870e+00 -2.7722e+00 -1.8338e+00 +3.3877e+00 +2.1675e-01
443 0 +5.454632139e+01 +2.138163214e+02 +2.138163214e+02 -2.6734e+00 -9.2074e-01 +2.3263e+00 -7.7288e-01 -2.2094e+00 +9.1865e-01 -2.8705e+00 -1.8362e+00 +3.3455e+00 +2.3581e-01
454 0 +5.153699603e+01 +2.108069960e+02 +2.108069960e+02 -2.6452e+00 -8.0478e-01 +2.2404e+00 -7.5616e-01 -2.2306e+00 +9.9670e-01 -2.7926e+00 -1.6605e+00 +3.3265e+00 +2.7405e-01
462 0 +4.768114284e+01 +2.069511428e+02 +2.069511428e+02 -2.5442e+00 -7.3326e-01 +2.2590e+00 -7.1887e-01 -2.2141e+00 +9.7694e-01 -2.7448e+00 -1.7540e+00 +3.4091e+00 +3.0273e-01
485 0 +4.490387070e+01 +2.041738707e+02 +2.041738707e+02 -2.5676e+00 -8.0039e-01 +2.3707e+00 -7.4375e-01 -2.2505e+00 +9.0511e-01 -2.7497e+00 -1.7113e+00 +3.4236e+00 +3.2719e-01
494 0 +4.277742913e+01 +2.020474291e+02 +2.020474291e+02 -2.6078e+00 -8.2457e-01 +2.2691e+00 -7.4138e-01 -2.1900e+00 +9.3071e-01 -2.6785e+00 -1.6340e+00 +3.4195e+00 +2.5593e-01
495 0 +3.960229117e+01 +1.988722912e+02 +1.988722912e+02 -2.6211e+00 -7.6097e-01 +2.2891e+00 -7.4147e-01 -2.2475e+00 +9.4973e-01 -2.7537e+00 -1.6835e+00 +3.4040e+00 +2.9637e-01
499 0 +3.613995390e+01 +1.954099539e+02 +1.954099539e+02 -2.5538e+00 -8.5473e-01 +2.3354e+00 -7.5396e-01 -2.1707e+00 +9.4741e-01 -2.7889e+00 -1.6606e+00 +3.4174e+00 +3.2662e-01
504 0 +3.472980750e+01 +1.939998075e+02 +1.939998075e+02 -2.5867e+00 -8.4007e-01 +2.3354e+00 -7.7884e-01 -2.2592e+00 +9.6665e-01 -2.7505e+00 -1.6478e+00 +3.4306e+00 +3.0286e-01
506 0 +3.294016866e+01 +1.922101687e+02 +1.922101687e+02 -2.5727e+00 -8.2963e-01 +2.3201e+00 -7.2862e-01 -2.1687e+00 +1.0033e+00 -2.7627e+00 -1.6567e+00 +3.4244e+00 +3.4279e-01
523 0 +3.169303237e+01 +1.909630324e+02 +1.909630324e+02 -2.6271e+00 -8.1534e-01 +2.3529e+00 -7.1523e-01 -2.1628e+00 +9.5154e-01 -2.7650e+00 -1.7219e+00 +3.3998e+00 +2.9107e-01
536 0 +2.973490534e+01 +1.890049053e+02 +1.890049053e+02 -2.5996e+00 -8.1146e-01 +2.3563e+00 -6.9366e-01 -2.1645e+00 +9.7260e-01 -2.8047e+00 -1.6756e+00 +3.4300e+00 +3.3331e-01
565 0 +2.880575168e+01 +1.880757517e+02 +1.880757517e+02 -2.6074e+00 -8.4719e-01 +2.3073e+00 -6.9075e-01 -2.1582e+00 +9.6147e-01 -2.7980e+00 -1.6865e+00 +3.4341e+00 +3.1314e-01
629 0 +2.808138851e+01 +1.873513885e+02 +1.873513885e+02 -2.6105e+00 -8.4238e-01 +2.3400e+00 -7.0876e-01 -2.1816e+00 +9.7110e-01 -2.8125e+00 -1.7031e+00 +3.4358e+00 +2.9292e-01
659 0 +2.753581529e+01 +1.868058153e+02 +1.868058153e+02 -2.6009e+00 -8.5233e-01 +2.3522e+00 -7.1330e-01 -2.1738e+00 +9.7050e-01 -2.8057e+00 -1.7047e+00 +3.4296e+00 +2.8793e-01
892 0 +2.691402030e+01 +1.861840203e+02 +1.861840203e+02 -2.5971e+00 -8.7199e-01 +2.3656e+00 -7.3694e-01 -2.2037e+00 +9.6397e-01 -2.8094e+00 -1.7098e+00 +3.4511e+00 +3.0212e-01
1000 0 +2.689532144e+01 +1.861653214e+02 +1.861653214e+02 -2.5950e+00 -8.7472e-01 +2.3669e+00 -7.4180e-01 -2.2081e+00 +9.6560e-01 -2.8061e+00 -1.7121e+00 +3.4508e+00 +2.9922e-01
