% f evaluations | g evaluations | best noise-free fitness - Fopt (1.026100000000e+02) + sum g_i+ | measured fitness | best measured fitness or single-digit g-values | x1 | x2...
1 0 +7.697985376e+01 +1.795898538e+02 +1.795898538e+02 +4.8730e-01 -1.8353e-01 -1.5845e-01 -3.2190e-01 +2.5963e-01
3 0 +5.525958601e+01 +1.578695860e+02 +1.578695860e+02 +4.3863e-01 -6.1805e-01 -9.6727e-02 -1.1522e-01 +3.4014e-01
31 0 +5.225409950e+01 +1.548640995e+02 +1.548640995e+02 +2.5019e-01 -8.1642e-01 -6.0685e-01 -1.3954e-02 -1.7945e-01
48 0 +5.051641362e+01 +1.531264136e+02 +1.531264136e+02 -4.8686e-01 -1.7999e-01 -4.0436e-01 -1.3905e-01 -5.6665e-01
136 0 +4.505166194e+01 +1.476616619e+02 +1.476616619e+02 +6.8556e-02 -2.3469e-01 -8.8854e-02 +5.9628e-01 +1.4836e+00
175 0 +4.130039011e+01 +1.439103901e+02 +1.439103901e+02 +3.7761e-01 -5.1083e-01 -1.9279e-01 +1.5737e+00 +2.4583e+00
176 0 +3.946073282e+01 +1.420707328e+02 +1.420707328e+02 -6.0725e-01 -1.4100e+00 -4.1366e-01 +1.0827e+00 +1.9685e+00
186 0 +3.527205714e+01 +1.378820571e+02 +1.378820571e+02 -6.8734e-01 -1.4819e+00 -3.2261e-01 +1.1478e+00 +2.4046e+00
483 0 +2.400372562e+01 +1.266137256e+02 +1.266137256e+02 -7.6086e-01 -2.8974e+00 +2.0602e+00 +1.3728e+00 +3.7906e+00
504 0 +2.400372562e+01 +1.266137256e+02 +1.266137256e+02 -7.6086e-01 -2.8974e+00 +2.0602e+00 +1.3728e+00 +3.7906e+00
% f evaluations | g evaluations | best noise-free fitness - Fopt (9.330000000000e+01) + sum g_i+ | measured fitness | best measured fitness or single-digit g-values | x1 | x2...
1 0 +8.221923411e+01 +1.755192341e+02 +1.755192341e+02 +4.8730e-01 -1.8353e-01 -1.5845e-01 -3.2190e-01 +2.5963e-01
2 0 +4.981023766e+01 +1.431102377e+02 +1.431102377e+02 -6.9046e-01 +5.2345e-01 -2.2837e-01 +9.5715e-02 -7.4814e-02
36 0 +4.603110558e+01 +1.393311056e+02 +1.393311056e+02 -6.1555e-01 +1.6382e-01 -5.9041e-01 -3.2922e-01 +3.2739e-01
97 0 +3.773959134e+01 +1.310395913e+02 +1.310395913e+02 -1.7077e+00 +1.2781e-01 -1.1600e+00 +5.3195e-01 -1.1529e-01
160 0 +3.283147472e+01 +1.261314747e+02 +1.261314747e+02 -8.1360e-01 +1.0697e+00 -1.2050e+00 -1.0084e-01 +1.2548e+00
163 0 +2.790546385e+01 +1.212054638e+02 +1.212054638e+02 -1.6638e+00 +5.5802e-01 -1.5431e+00 +3.6261e-01 +6.8635e-01
289 0 +2.690182377e+01 +1.202018238e+02 +1.202018238e+02 -1.2200e+00 +1.4465e+00 -1.5185e+00 -4.0334e-01 +1.2473e+00
420 0 +2.550989802e+01 +1.188098980e+02 +1.188098980e+02 -7.3525e-01 +1.4221e+00 -2.5457e+00 +1.2892e-01 +1.0301e+00
504 0 +2.550989802e+01 +1.188098980e+02 +1.188098980e+02 -7.3525e-01 +1.4221e+00 -2.5457e+00 +1.2892e-01 +1.0301e+00
% f evaluations | g evaluations | best noise-free fitness - Fopt (1.364000000000e+01) + sum g_i+ | measured fitness | best measured fitness or single-digit g-values | x1 | x2...
1 0 +4.131543020e+01 +5.495543020e+01 +5.495543020e+01 +4.8730e-01 -1.8353e-01 -1.5845e-01 -3.2190e-01 +2.5963e-01
388 0 +3.728793605e+01 +5.092793605e+01 +5.092793605e+01 -1.1815e-02 +2.4459e-01 -3.1630e-01 -7.6038e-02 -5.1588e-01
431 0 +3.560833281e+01 +4.924833281e+01 +4.924833281e+01 -5.3370e-02 +2.3664e-01 -3.2338e-01 -9.0579e-02 -5.0879e-01
487 0 +3.528349993e+01 +4.892349993e+01 +4.892349993e+01 -3.1177e-02 +2.4945e-01 -3.2403e-01 -8.3171e-02 -5.1408e-01
494 0 +3.425601981e+01 +4.789601981e+01 +4.789601981e+01 -3.2191e-02 +2.4096e-01 -3.1719e-01 -8.5756e-02 -5.1839e-01
504 0 +3.399275497e+01 +4.763275497e+01 +4.763275497e+01 -3.0680e-02 +2.3975e-01 -3.1778e-01 -8.4134e-02 -5.1811e-01
% f evaluations | g evaluations | best noise-free fitness - Fopt (1.948000000000e+02) + sum g_i+ | measured fitness | best measured fitness or single-digit g-values | x1 | x2...
1 0 +9.169862039e+01 +2.864986204e+02 +2.864986204e+02 +4.8730e-01 -1.8353e-01 -1.5845e-01 -3.2190e-01 +2.5963e-01
3 0 +6.938240411e+01 +2.641824041e+02 +2.641824041e+02 +4.3863e-01 -6.1805e-01 -9.6727e-02 -1.1522e-01 +3.4014e-01
6 0 +5.990895955e+01 +2.547089595e+02 +2.547089595e+02 -2.0512e-01 -3.6867e-02 -2.8074e-01 -8.0369e-02 +1.5911e-01
14 0 +5.681493761e+01 +2.516149376e+02 +2.516149376e+02 -1.6621e-01 -8.9987e-01 -2.4851e-01 +5.7579e-01 +6.6729e-02
17 0 +4.711405215e+01 +2.419140522e+02 +2.419140522e+02 -1.9988e-01 -4.2689e-01 -1.9955e-01 +3.8479e-01 -3.5486e-03
19 0 +3.890512589e+01 +2.337051259e+02 +2.337051259e+02 +8.3335e-02 -6.2142e-01 -2.9113e-01 +1.4866e-02 +1.3064e-01
72 0 +3.851536675e+01 +2.333153668e+02 +2.333153668e+02 -9.4411e-01 -8.2035e-01 -6.8248e-01 +4.4378e-01 -7.5999e-02
124 0 +3.086506974e+01 +2.256650697e+02 +2.256650697e+02 -1.0745e+00 -5.3517e-01 -1.2740e+00 +1.0063e+00 +1.2479e+00
182 0 +1.985256359e+01 +2.146525636e+02 +2.146525636e+02 -1.6432e+00 -2.0682e+00 -7.0602e-01 +1.3577e+00 +1.3722e+00
254 0 +1.440780493e+01 +2.092078049e+02 +2.092078049e+02 -9.2683e-01 -1.5152e+00 -1.0894e+00 +1.5933e+00 +1.0732e+00
260 0 +1.334765232e+01 +2.081476523e+02 +2.081476523e+02 -5.7216e-01 -1.3433e+00 -3.4736e-01 +1.0020e+00 +1.3648e+00
504 0 +1.334765232e+01 +2.081476523e+02 +2.081476523e+02 -5.7216e-01 -1.3433e+00 -3.4736e-01 +1.0020e+00 +1.3648e+00
% f evaluations | g evaluations | best noise-free fitness - Fopt (-1.335900000000e+02) + sum g_i+ | measured fitness | best measured fitness or single-digit g-values | x1 | x2...
1 0 +8.785357813e+01 -4.573642187e+01 -4.573642187e+01 +4.8730e-01 -1.8353e-01 -1.5845e-01 -3.2190e-01 +2.5963e-01
2 0 +7.444103162e+01 -5.914896838e+01 -5.914896838e+01 -6.9046e-01 +5.2345e-01 -2.2837e-01 +9.5715e-02 -7.4814e-02
3 0 +6.133324232e+01 -7.225675768e+01 -7.225675768e+01 +4.3863e-01 -6.1805e-01 -9.6727e-02 -1.1522e-01 +3.4014e-01
8 0 +4.218645926e+01 -9.140354074e+01 -9.140354074e+01 -3.7994e-03 -3.3520e-01 +7.0326e-02 +4.9796e-01 +2.2262e-01
33 0 +3.882917117e+01 -9.476082883e+01 -9.476082883e+01 +4.5515e-01 -4.7030e-01 -2.9149e-01 -2.6759e-02 +1.0258e-01
34 0 +3.343351867e+01 -1.001564813e+02 -1.001564813e+02 +6.7339e-01 -1.7042e+00 -3.9860e-01 +2.4829e-01 +5.1827e-01
42 0 +3.283564130e+01 -1.007543587e+02 -1.007543587e+02 +7.0243e-01 +3.7764e-03 -9.5751e-02 -3.1688e-01 +4.1602e-01
328 0 +3.098810694e+01 -1.026018931e+02 -1.026018931e+02 +8.2592e-01 -8.0802e-01 -1.3458e-02 +4.6463e-01 -5.5917e-02
472 0 +3.084387679e+01 -1.027461232e+02 -1.027461232e+02 +5.9267e-01 -2.0529e+00 +5.3635e-02 +7.9825e-01 +4.0584e-01
504 0 +3.084387679e+01 -1.027461232e+02 -1.027461232e+02 +5.9267e-01 -2.0529e+00 +5.3635e-02 +7.9825e-01 +4.0584e-01
% f evaluations | g evaluations | best noise-free fitness - Fopt (-3.085000000000e+01) + sum g_i+ | measured fitness | best measured fitness or single-digit g-values | x1 | x2...
1 0 +8.960798726e+01 +5.875798726e+01 +5.875798726e+01 +4.8730e-01 -1.8353e-01 -1.5845e-01 -3.2190e-01 +2.5963e-01
2 0 +6.197897796e+01 +3.112897796e+01 +3.112897796e+01 -6.9046e-01 +5.2345e-01 -2.2837e-01 +9.5715e-02 -7.4814e-02
5 0 +6.126632316e+01 +3.041632316e+01 +3.041632316e+01 -3.3019e-01 +3.4342e-01 +2.7048e-01 +1.5075e-01 +2.7027e-01
24 0 +5.256993565e+01 +2.171993565e+01 +2.171993565e+01 -6.0146e-01 +7.0218e-01 -7.5178e-01 +2.6586e-01 +1.6842e-01
26 0 +5.149642748e+01 +2.064642748e+01 +2.064642748e+01 -3.3688e-01 +1.1491e+00 +8.1650e-03 +3.5350e-01 +5.6930e-01
67 0 +4.557020390e+01 +1.472020390e+01 +1.472020390e+01 -5.8979e-01 +7.3771e-01 -6.3744e-01 -2.9100e-02 +9.3653e-01
70 0 +2.772164542e+01 -3.128354577e+00 -3.128354577e+00 +1.2049e-01 +2.0485e-01 -1.0619e+00 -1.3280e-01 +4.4146e-01
110 0 +2.099193779e+01 -9.858062210e+00 -9.858062210e+00 +8.6864e-01 +7.9865e-01 -1.0716e+00 -7.8902e-01 +8.4127e-01
132 0 +1.212788178e+01 -1.872211822e+01 -1.872211822e+01 +1.8441e+00 +1.0772e+00 -1.0396e+00 -1.4021e+00 +1.1651e+00
504 0 +1.212788178e+01 -1.872211822e+01 -1.872211822e+01 +1.8441e+00 +1.0772e+00 -1.0396e+00 -1.4021e+00 +1.1651e+00
% f evaluations | g evaluations | best noise-free fitness - Fopt (-9.200000000000e+00) + sum g_i+ | measured fitness | best measured fitness or single-digit g-values | x1 | x2...
1 0 +7.356939051e+01 +6.436939051e+01 +6.436939051e+01 +4.8730e-01 -1.8353e-01 -1.5845e-01 -3.2190e-01 +2.5963e-01
2 0 +5.395627285e+01 +4.475627285e+01 +4.475627285e+01 -6.9046e-01 +5.2345e-01 -2.2837e-01 +9.5715e-02 -7.4814e-02
29 0 +5.100385682e+01 +4.180385682e+01 +4.180385682e+01 -5.2381e-01 +6.4629e-01 -4.9188e-02 +2.4764e-02 +4.5621e-01
33 0 +3.226821192e+01 +2.306821192e+01 +2.306821192e+01 -7.6698e-01 +7.8796e-01 -7.0651e-03 -1.0469e-01 +6.5085e-01
89 0 +1.883635333e+01 +9.636353327e+00 +9.636353327e+00 -1.3552e+00 +7.5003e-01 +9.3175e-02 -5.2695e-01 +1.1490e+00
414 0 +1.826001798e+01 +9.060017982e+00 +9.060017982e+00 -1.4232e+00 +1.2303e+00 +7.2318e-01 -8.6400e-01 +1.1304e+00
504 0 +1.826001798e+01 +9.060017982e+00 +9.060017982e+00 -1.4232e+00 +1.2303e+00 +7.2318e-01 -8.6400e-01 +1.1304e+00
% f evaluations | g evaluations | best noise-free fitness - Fopt (-2.037600000000e+02) + sum g_i+ | measured fitness | best measured fitness or single-digit g-values | x1 | x2...
1 0 +8.011093020e+01 -1.236490698e+02 -1.236490698e+02 +4.8730e-01 -1.8353e-01 -1.5845e-01 -3.2190e-01 +2.5963e-01
2 0 +6.901687785e+01 -1.347431221e+02 -1.347431221e+02 -6.9046e-01 +5.2345e-01 -2.2837e-01 +9.5715e-02 -7.4814e-02
12 0 +5.838541008e+01 -1.453745899e+02 -1.453745899e+02 -6.2127e-01 +3.2453e-01 -2.9144e-01 -3.3380e-01 +2.4372e-01
24 0 +4.928657272e+01 -1.544734273e+02 -1.544734273e+02 -6.0755e-01 -2.2509e-01 -6.9141e-01 +2.1218e-01 +8.8156e-02
36 0 +4.016369789e+01 -1.635963021e+02 -1.635963021e+02 -9.0792e-01 +2.0270e-02 -4.0648e-01 +8.0541e-03 +4.0335e-01
77 0 +2.713586813e+01 -1.766241319e+02 -1.766241319e+02 -1.0924e+00 -3.1377e-02 -1.6581e+00 +7.7496e-01 -3.7914e-01
117 0 +1.961562442e+01 -1.841443756e+02 -1.841443756e+02 -1.8213e+00 -7.4244e-01 -1.2716e+00 +6.1544e-01 +4.3783e-01
173 0 +1.491626245e+01 -1.888437375e+02 -1.888437375e+02 -9.0917e-01 -9.3606e-01 -7.9894e-01 +8.9338e-01 -1.0126e+00
195 0 +7.330507849e+00 -1.964294922e+02 -1.964294922e+02 -1.3215e+00 -1.1737e+00 -1.2005e+00 +1.1854e+00 -8.3125e-01
504 0 +7.330507849e+00 -1.964294922e+02 -1.964294922e+02 -1.3215e+00 -1.1737e+00 -1.2005e+00 +1.1854e+00 -8.3125e-01
% f evaluations | g evaluations | best noise-free fitness - Fopt (3.399000000000e+01) + sum g_i+ | measured fitness | best measured fitness or single-digit g-values | x1 | x2...
1 0 +6.803695130e+01 +1.020269513e+02 +1.020269513e+02 +4.8730e-01 -1.8353e-01 -1.5845e-01 -3.2190e-01 +2.5963e-01
7 0 +6.290834350e+01 +9.689834350e+01 +9.689834350e+01 -2.0750e-01 -1.1903e-01 -2.0616e-01 -2.5357e-01 -2.0138e-01
12 0 +4.085598786e+01 +7.484598786e+01 +7.484598786e+01 -7.0479e-02 -4.8383e-01 -4.7677e-01 -1.5632e-01 +3.8394e-02
38 0 +3.706630469e+01 +7.105630469e+01 +7.105630469e+01 -2.9029e-01 -7.3491e-01 -6.3544e-01 +4.1837e-01 -1.1742e-01
76 0 +3.302211181e+01 +6.701211181e+01 +6.701211181e+01 -7.5212e-01 -1.7659e+00 -9.5705e-01 +2.8879e-01 +2.2947e-01
106 0 +2.993057795e+01 +6.392057795e+01 +6.392057795e+01 -9.0864e-01 -1.6693e+00 -9.8538e-01 +7.5726e-01 -7.0729e-02
151 0 +2.706056476e+01 +6.105056476e+01 +6.105056476e+01 -5.3450e-01 -1.6515e+00 -5.6139e-01 +2.4922e-01 +5.7885e-01
153 0 +2.488802459e+01 +5.887802459e+01 +5.887802459e+01 -6.8203e-01 -2.2433e+00 -6.0558e-01 -1.6716e-01 +4.4732e-01
388 0 +2.247633424e+01 +5.646633424e+01 +5.646633424e+01 -1.0052e+00 -2.8032e+00 -1.6739e+00 -5.5209e-01 +1.2856e+00
504 0 +2.247633424e+01 +5.646633424e+01 +5.646633424e+01 -1.0052e+00 -2.8032e+00 -1.6739e+00 -5.5209e-01 +1.2856e+00
% f evaluations | g evaluations | best noise-free fitness - Fopt (-1.000000000000e+03) + sum g_i+ | measured fitness | best measured fitness or single-digit g-values | x1 | x2...
1 0 +9.008467024e+01 -9.099153298e+02 -9.099153298e+02 +4.8730e-01 -1.8353e-01 -1.5845e-01 -3.2190e-01 +2.5963e-01
5 0 +8.461104651e+01 -9.153889535e+02 -9.153889535e+02 -3.3019e-01 +3.4342e-01 +2.7048e-01 +1.5075e-01 +2.7027e-01
6 0 +7.090712569e+01 -9.290928743e+02 -9.290928743e+02 -2.0512e-01 -3.6867e-02 -2.8074e-01 -8.0369e-02 +1.5911e-01
10 0 +6.445711429e+01 -9.355428857e+02 -9.355428857e+02 -9.8925e-02 -2.1615e-01 +2.3916e-01 -4.3763e-01 +1.4886e-01
17 0 +6.044351715e+01 -9.395564828e+02 -9.395564828e+02 -9.6477e-03 +1.2489e-02 +1.2199e-01 -3.1657e-01 +2.1864e-02
19 0 +5.807385514e+01 -9.419261449e+02 -9.419261449e+02 -4.1531e-01 -5.9096e-02 -7.8012e-02 -3.9589e-01 +9.7496e-02
28 0 +4.966812384e+01 -9.503318762e+02 -9.503318762e+02 -4.8035e-01 -1.7697e-03 -1.9423e-01 -2.8112e-01 +6.4679e-02
33 0 +3.570224525e+01 -9.642977548e+02 -9.642977548e+02 -2.7664e-01 -2.6202e-01 -1.5631e-01 -4.8245e-01 +3.2360e-01
56 0 +3.486160101e+01 -9.651383990e+02 -9.651383990e+02 -5.6454e-01 -2.7576e-01 -1.5200e-01 -8.6582e-01 -7.1665e-02
95 0 +3.228947972e+01 -9.677105203e+02 -9.677105203e+02 -7.5289e-01 -3.1440e-01 -5.6653e-01 -1.1919e+00 +2.6478e-01
98 0 +2.605064547e+01 -9.739493545e+02 -9.739493545e+02 -7.5003e-01 -6.8316e-02 -8.0161e-01 -6.9450e-01 +8.0578e-02
273 0 +2.400323982e+01 -9.759967602e+02 -9.759967602e+02 -1.2172e+00 -1.7007e+00 -1.2697e+00 -5.6639e-01 +1.1486e+00
352 0 +2.221570240e+01 -9.777842976e+02 -9.777842976e+02 -1.6582e+00 -1.4992e+00 -1.4856e+00 -8.9329e-01 +8.2748e-01
426 0 +1.806548811e+01 -9.819345119e+02 -9.819345119e+02 -1.4252e+00 -1.2741e+00 -9.4591e-01 -6.7622e-01 +6.4904e-01
437 0 +1.090416556e+01 -9.890958344e+02 -9.890958344e+02 -1.5669e+00 -1.3533e+00 -1.0078e+00 -1.0938e+00 +5.3757e-01
504 0 +1.090416556e+01 -9.890958344e+02 -9.890958344e+02 -1.5669e+00 -1.3533e+00 -1.0078e+00 -1.0938e+00 +5.3757e-01
% f evaluations | g evaluations | best noise-free fitness - Fopt (-1.000000000000e+03) + sum g_i+ | measured fitness | best measured fitness or single-digit g-values | x1 | x2...
1 0 +8.678189238e+01 -9.132181076e+02 -9.132181076e+02 +4.8730e-01 -1.8353e-01 -1.5845e-01 -3.2190e-01 +2.5963e-01
3 0 +8.636256566e+01 -9.136374343e+02 -9.136374343e+02 +4.3863e-01 -6.1805e-01 -9.6727e-02 -1.1522e-01 +3.4014e-01
4 0 +5.073211038e+01 -9.492678896e+02 -9.492678896e+02 -3.2997e-01 -5.1729e-02 -2.6336e-01 +1.2665e-02 +1.7485e-01
26 0 +4.629067624e+01 -9.537093238e+02 -9.537093238e+02 +1.6348e-01 -3.3141e-01 +1.0583e-01 +9.4419e-02 -3.4182e-01
50 0 +3.830129939e+01 -9.616987006e+02 -9.616987006e+02 +2.4311e-01 -1.4708e-01 -1.1912e-01 +5.6898e-01 -2.8115e-01
69 0 +3.136714838e+01 -9.686328516e+02 -9.686328516e+02 +4.7145e-01 -4.3194e-01 +7.1877e-02 +7.4616e-01 -3.1360e-01
129 0 +2.115128335e+01 -9.788487166e+02 -9.788487166e+02 +4.7912e-01 -2.3244e+00 +4.5878e-01 +1.8113e+00 -1.2191e+00
165 0 +1.956819937e+01 -9.804318006e+02 -9.804318006e+02 +8.2358e-01 -8.0050e-02 +2.0343e-01 +1.4620e+00 -1.3190e+00
239 0 +1.891079106e+01 -9.810892089e+02 -9.810892089e+02 +1.0272e+00 -1.0804e+00 +7.3425e-01 +1.9124e+00 -9.8824e-01
504 0 +1.891079106e+01 -9.810892089e+02 -9.810892089e+02 +1.0272e+00 -1.0804e+00 +7.3425e-01 +1.9124e+00 -9.8824e-01
% f evaluations | g evaluations | best noise-free fitness - Fopt (-1.272000000000e+01) + sum g_i+ | measured fitness | best measured fitness or single-digit g-values | x1 | x2...
1 0 +9.452799318e+01 +8.180799318e+01 +8.180799318e+01 +4.8730e-01 -1.8353e-01 -1.5845e-01 -3.2190e-01 +2.5963e-01
2 0 +7.348196102e+01 +6.076196102e+01 +6.076196102e+01 -6.9046e-01 +5.2345e-01 -2.2837e-01 +9.5715e-02 -7.4814e-02
6 0 +6.785912029e+01 +5.513912029e+01 +5.513912029e+01 -2.0512e-01 -3.6867e-02 -2.8074e-01 -8.0369e-02 +1.5911e-01
9 0 +6.413014058e+01 +5.141014058e+01 +5.141014058e+01 -3.6785e-01 +2.7890e-01 -4.6479e-01 +2.7971e-01 -3.4286e-01
10 0 +5.551484039e+01 +4.279484039e+01 +4.279484039e+01 -4.2875e-01 -7.3445e-02 -6.3424e-01 -2.9313e-01 +4.0262e-01
21 0 +5.042309711e+01 +3.770309711e+01 +3.770309711e+01 +6.0682e-02 +1.1487e-01 -3.0169e-01 -4.9484e-01 +1.4481e-01
57 0 +4.680555522e+01 +3.408555522e+01 +3.408555522e+01 +2.4406e-01 +2.5800e-01 -8.8935e-01 -1.4341e-01 +2.6709e-01
58 0 +3.098835474e+01 +1.826835474e+01 +1.826835474e+01 +4.1431e-01 +4.5471e-01 -5.0357e-01 +3.2764e-01 -4.0704e-02
68 0 +1.361462142e+01 +8.946214211e-01 +8.946214211e-01 +1.0685e+00 +3.7671e-01 -5.2572e-01 +6.1225e-01 -9.3738e-01
504 0 +1.361462142e+01 +8.946214211e-01 +8.946214211e-01 +1.0685e+00 +3.7671e-01 -5.2572e-01 +6.1225e-01 -9.3738e-01
% f evaluations | g evaluations | best noise-free fitness - Fopt (-5.954000000000e+01) + sum g_i+ | measured fitness | best measured fitness or single-digit g-values | x1 | x2...
1 0 +5.888016247e+01 -6.598375257e-01 -6.598375257e-01 +4.8730e-01 -1.8353e-01 -1.5845e-01 -3.2190e-01 +2.5963e-01
21 0 +5.235928687e+01 -7.180713128e+00 -7.180713128e+00 +3.9134e-01 -4.7202e-01 -2.7530e-01 -2.9670e-01 +5.3176e-01
36 0 +4.446133267e+01 -1.507866733e+01 -1.507866733e+01 +4.4887e-01 -6.1689e-01 -3.9748e-01 -1.1882e-02 +4.7427e-01
76 0 +3.924351340e+01 -2.029648660e+01 -2.029648660e+01 +4.3828e-01 -1.6201e-01 +1.4625e-01 +3.1175e-01 +5.4108e-01
101 0 +3.067630130e+01 -2.886369870e+01 -2.886369870e+01 +6.0952e-01 -6.1732e-01 +1.7933e-01 +2.9356e-01 +4.8439e-01
107 0 +2.220688478e+01 -3.733311522e+01 -3.733311522e+01 +1.0005e+00 -5.1463e-01 -9.6660e-02 +3.7384e-01 +6.1790e-01
276 0 +1.652971372e+01 -4.301028628e+01 -4.301028628e+01 +4.4063e-01 -1.1648e+00 +8.3479e-01 +6.5761e-01 +1.2451e+00
287 0 +1.554930101e+01 -4.399069899e+01 -4.399069899e+01 +9.5775e-01 -1.0843e+00 +9.3614e-01 +3.7378e-01 +1.1667e+00
504 0 +1.550247400e+01 -4.403752600e+01 -4.403752600e+01 +1.6732e+00 -1.1053e+00 +6.8471e-01 +6.9228e-01 +9.9384e-01
% f evaluations | g evaluations | best noise-free fitness - Fopt (-1.000000000000e+03) + sum g_i+ | measured fitness | best measured fitness or single-digit g-values | x1 | x2...
1 0 +9.695126965e+01 -9.030487303e+02 -9.030487303e+02 +4.8730e-01 -1.8353e-01 -1.5845e-01 -3.2190e-01 +2.5963e-01
2 0 +9.007652387e+01 -9.099234761e+02 -9.099234761e+02 -6.9046e-01 +5.2345e-01 -2.2837e-01 +9.5715e-02 -7.4814e-02
3 0 +8.475177485e+01 -9.152482251e+02 -9.152482251e+02 +4.3863e-01 -6.1805e-01 -9.6727e-02 -1.1522e-01 +3.4014e-01
4 0 +7.296632485e+01 -9.270336751e+02 -9.270336751e+02 -3.2997e-01 -5.1729e-02 -2.6336e-01 +1.2665e-02 +1.7485e-01
5 0 +6.481015690e+01 -9.351898431e+02 -9.351898431e+02 -3.3019e-01 +3.4342e-01 +2.7048e-01 +1.5075e-01 +2.7027e-01
7 0 +4.985505173e+01 -9.501449483e+02 -9.501449483e+02 -2.0750e-01 -1.1903e-01 -2.0616e-01 -2.5357e-01 -2.0138e-01
9 0 +4.835609648e+01 -9.516439035e+02 -9.516439035e+02 +5.8478e-02 +3.3960e-01 +4.4373e-02 +6.3499e-02 -5.3219e-02
20 0 +4.684244205e+01 -9.531575579e+02 -9.531575579e+02 -1.7471e-01 +2.8728e-01 +1.2600e-01 +1.4056e-01 +2.4037e-01
44 0 +4.608570863e+01 -9.539142914e+02 -9.539142914e+02 +9.9710e-02 +3.2143e-01 +6.2880e-01 -2.1490e-01 +1.0384e-02
55 0 +4.333990111e+01 -9.566600989e+02 -9.566600989e+02 -1.7465e-01 +2.0065e-01 +7.7230e-01 +5.7968e-02 +1.7656e-02
153 0 +3.079170930e+01 -9.692082907e+02 -9.692082907e+02 +5.4587e-02 +6.1716e-01 +7.5141e-01 -7.2880e-01 -6.6576e-02
479 0 +2.748419019e+01 -9.725158098e+02 -9.725158098e+02 -1.1678e-01 +1.2688e+00 +8.8495e-01 -1.3718e+00 +1.2000e-01
504 0 +2.748419019e+01 -9.725158098e+02 -9.725158098e+02 -1.1678e-01 +1.2688e+00 +8.8495e-01 -1.3718e+00 +1.2000e-01
% f evaluations | g evaluations | best noise-free fitness - Fopt (4.303000000000e+01) + sum g_i+ | measured fitness | best measured fitness or single-digit g-values | x1 | x2...
1 0 +9.286427342e+01 +1.358942734e+02 +1.358942734e+02 +4.8730e-01 -1.8353e-01 -1.5845e-01 -3.2190e-01 +2.5963e-01
2 0 +6.405623723e+01 +1.070862372e+02 +1.070862372e+02 -6.9046e-01 +5.2345e-01 -2.2837e-01 +9.5715e-02 -7.4814e-02
4 0 +6.146329343e+01 +1.044932934e+02 +1.044932934e+02 -3.2997e-01 -5.1729e-02 -2.6336e-01 +1.2665e-02 +1.7485e-01
11 0 +4.858835547e+01 +9.161835547e+01 +9.161835547e+01 -4.7083e-01 -1.1510e-01 -6.9984e-02 -2.7999e-02 -1.2422e-01
23 0 +4.601456413e+01 +8.904456413e+01 +8.904456413e+01 -7.1141e-01 +5.2421e-02 -6.2477e-02 +2.7096e-01 +2.0996e-01
53 0 +4.492007851e+01 +8.795007851e+01 +8.795007851e+01 -7.2873e-01 +4.2306e-01 -1.1232e-01 -2.0714e-01 +3.3913e-01
81 0 +4.273910374e+01 +8.576910374e+01 +8.576910374e+01 -6.5021e-01 +4.8772e-01 +4.0696e-02 -1.2511e-01 +3.7623e-01
104 0 +4.264588995e+01 +8.567588995e+01 +8.567588995e+01 -7.2926e-01 +3.7055e-01 +5.6448e-02 -1.7416e-01 +4.6797e-01
125 0 +3.809571726e+01 +8.112571726e+01 +8.112571726e+01 -4.8361e-01 +3.5579e-01 +1.3061e-01 -4.7883e-01 +4.3152e-01
143 0 +3.316068507e+01 +7.619068507e+01 +7.619068507e+01 -6.0233e-01 +3.5323e-01 +5.4192e-02 -4.7290e-01 +5.3811e-01
194 0 +2.687857866e+01 +6.990857866e+01 +6.990857866e+01 -5.3056e-01 +4.2211e-01 +2.2391e-01 -3.9355e-01 +4.2659e-01
229 0 +2.515186652e+01 +6.818186652e+01 +6.818186652e+01 -5.5119e-01 +3.9959e-01 +2.2254e-01 -4.0972e-01 +4.2928e-01
255 0 +2.392599488e+01 +6.695599488e+01 +6.695599488e+01 -5.3898e-01 +4.0584e-01 +2.2413e-01 -3.9750e-01 +4.3316e-01
264 0 +2.298389255e+01 +6.601389255e+01 +6.601389255e+01 -5.5161e-01 +4.0862e-01 +2.3988e-01 -3.9629e-01 +4.3457e-01
268 0 +2.214574192e+01 +6.517574192e+01 +6.517574192e+01 -5.4499e-01 +4.1198e-01 +2.3485e-01 -4.0104e-01 +4.3498e-01
299 0 +2.118785377e+01 +6.421785377e+01 +6.421785377e+01 -5.4912e-01 +4.1894e-01 +2.2533e-01 -3.8494e-01 +4.4402e-01
310 0 +2.058932658e+01 +6.361932658e+01 +6.361932658e+01 -5.3666e-01 +4.1427e-01 +2.3461e-01 -4.0203e-01 +4.4030e-01
313 0 +2.008597530e+01 +6.311597530e+01 +6.311597530e+01 -5.4029e-01 +4.2102e-01 +2.2476e-01 -3.8666e-01 +4.4123e-01
328 0 +1.975230285e+01 +6.278230285e+01 +6.278230285e+01 -5.3395e-01 +4.1998e-01 +2.3630e-01 -3.9898e-01 +4.4223e-01
355 0 +1.926718876e+01 +6.229718876e+01 +6.229718876e+01 -5.3342e-01 +4.2066e-01 +2.4050e-01 -3.9660e-01 +4.4402e-01
369 0 +1.900860379e+01 +6.203860379e+01 +6.203860379e+01 -5.3201e-01 +4.2323e-01 +2.3846e-01 -3.9268e-01 +4.5038e-01
403 0 +1.829536470e+01 +6.132536470e+01 +6.132536470e+01 -5.3196e-01 +4.2785e-01 +2.3382e-01 -3.8851e-01 +4.4939e-01
410 0 +1.784070013e+01 +6.087070013e+01 +6.087070013e+01 -5.2770e-01 +4.3302e-01 +2.3169e-01 -3.8222e-01 +4.5384e-01
425 0 +1.759171075e+01 +6.062171075e+01 +6.062171075e+01 -5.2399e-01 +4.3554e-01 +2.3135e-01 -3.7870e-01 +4.5216e-01
441 0 +1.736348261e+01 +6.039348261e+01 +6.039348261e+01 -5.2563e-01 +4.3584e-01 +2.3754e-01 -3.8482e-01 +4.5721e-01
465 0 +1.667017700e+01 +5.970017700e+01 +5.970017700e+01 -5.2272e-01 +4.3752e-01 +2.3932e-01 -3.8002e-01 +4.5473e-01
493 0 +1.629563494e+01 +5.932563494e+01 +5.932563494e+01 -5.2593e-01 +4.4252e-01 +2.3756e-01 -3.7095e-01 +4.5583e-01
494 0 +1.580065254e+01 +5.883065254e+01 +5.883065254e+01 -5.2094e-01 +4.4452e-01 +2.4132e-01 -3.7405e-01 +4.6060e-01
504 0 +1.570744770e+01 +5.873744770e+01 +5.873744770e+01 -5.2157e-01 +4.4801e-01 +2.4858e-01 -3.7298e-01 +4.6448e-01
