% f evaluations | g evaluations | best noise-free fitness - Fopt (4.078000000000e+01) + sum g_i+ | measured fitness | best measured fitness or single-digit g-values | x1 | x2...
1 0 +3.967480486e+01 +8.045480486e+01 +8.045480486e+01 +3.3257e-04 -8.6864e-02 -3.3483e-01 -3.8649e-03 -1.1351e-01
3 0 +3.445220124e+01 +7.523220124e+01 +7.523220124e+01 +1.9077e-01 +5.2204e-01 +8.9006e-02 +2.1226e-01 +5.4687e-01
4 0 +3.136973406e+01 +7.214973406e+01 +7.214973406e+01 +1.2923e-01 +4.6282e-01 -2.7022e-01 -4.1139e-02 +3.8929e-01
7 0 +3.019354523e+01 +7.097354523e+01 +7.097354523e+01 -2.4776e-02 +7.3656e-01 -8.0165e-01 -2.7399e-01 -6.8197e-02
12 0 +2.635708085e+01 +6.713708085e+01 +6.713708085e+01 -3.1930e-01 +2.5668e-01 -2.8215e-01 -2.1958e-03 +2.5804e-01
13 0 +1.856683446e+01 +5.934683446e+01 +5.934683446e+01 -9.2679e-01 +1.2403e+00 -1.8974e-01 +2.8075e-01 +1.7739e-01
18 0 +1.559841538e+01 +5.637841538e+01 +5.637841538e+01 -5.8093e-02 +1.2958e+00 +2.1651e-01 -7.2279e-01 -1.3549e-01
20 0 +1.349066885e+01 +5.427066885e+01 +5.427066885e+01 -1.6672e+00 +1.1234e+00 -7.5097e-01 -2.1473e-01 +1.9995e-02
23 0 +9.686306288e+00 +5.046630629e+01 +5.046630629e+01 -8.1386e-01 +1.6048e+00 -5.1201e-01 -7.2499e-01 +6.6789e-01
25 0 +5.697289597e+00 +4.647728960e+01 +4.647728960e+01 -1.2976e+00 +1.2684e+00 +3.2397e-01 -1.3862e+00 -5.7176e-01
37 0 +5.258963058e+00 +4.603896306e+01 +4.603896306e+01 -1.3054e+00 +1.4880e+00 +4.8077e-01 -4.5858e-01 +4.2833e-01
43 0 +2.062761734e+00 +4.284276173e+01 +4.284276173e+01 -2.1088e+00 +1.0199e+00 +1.0646e+00 -1.5324e+00 +5.9205e-01
76 0 +1.944617106e+00 +4.272461711e+01 +4.272461711e+01 -1.2487e+00 +1.3078e+00 +7.2900e-01 -1.3526e+00 +5.3528e-01
98 0 +1.664534896e+00 +4.244453490e+01 +4.244453490e+01 -1.9391e+00 +1.4705e+00 +5.5324e-01 -1.5026e+00 +3.8705e-01
114 0 +1.641777469e+00 +4.242177747e+01 +4.242177747e+01 -1.7364e+00 +1.5583e+00 +4.4997e-01 -1.5821e+00 +6.4143e-01
137 0 +1.370507667e+00 +4.215050767e+01 +4.215050767e+01 -1.6148e+00 +1.2889e+00 +5.9782e-01 -1.4683e+00 +4.0805e-01
172 0 +1.324808037e+00 +4.210480804e+01 +4.210480804e+01 -1.6271e+00 +1.2155e+00 +4.5304e-01 -1.4781e+00 +5.7950e-01
198 0 +1.272137175e+00 +4.205213718e+01 +4.205213718e+01 -1.7298e+00 +1.3286e+00 +5.7374e-01 -1.4930e+00 +5.2006e-01
244 0 +1.258779002e+00 +4.203877900e+01 +4.203877900e+01 -1.7185e+00 +1.2904e+00 +5.7106e-01 -1.4782e+00 +5.6193e-01
504 0 +1.245263767e+00 +4.202526377e+01 +4.202526377e+01 -1.7188e+00 +1.2593e+00 +5.4015e-01 -1.5166e+00 +5.4512e-01
% f evaluations | g evaluations | best noise-free fitness - Fopt (-1.600000000000e+00) + sum g_i+ | measured fitness | best measured fitness or single-digit g-values | x1 | x2...
1 0 +5.072329240e+01 +4.912329240e+01 +4.912329240e+01 +3.3257e-04 -8.6864e-02 -3.3483e-01 -3.8649e-03 -1.1351e-01
2 0 +4.962158368e+01 +4.802158368e+01 +4.802158368e+01 -1.4434e-01 -4.5520e-01 -1.4726e-01 -7.2206e-02 -1.9439e-01
3 0 +4.201490040e+01 +4.041490040e+01 +4.041490040e+01 +1.9077e-01 +5.2204e-01 +8.9006e-02 +2.1226e-01 +5.4687e-01
5 0 +3.351920602e+01 +3.191920602e+01 +3.191920602e+01 +2.0258e-01 +9.5875e-03 +2.7545e-01 +1.1416e-01 +1.5492e-01
11 0 +2.892406235e+01 +2.732406235e+01 +2.732406235e+01 +1.0928e+00 +8.0928e-01 +3.8299e-01 +4.5254e-01 +4.8276e-01
22 0 +2.775502742e+01 +2.615502742e+01 +2.615502742e+01 +2.5298e-01 +4.2629e-01 +7.7218e-01 +7.5463e-01 -7.9437e-02
28 0 +2.525006179e+01 +2.365006179e+01 +2.365006179e+01 +1.7597e-01 +7.7277e-01 +1.0925e+00 +2.3463e-01 +1.0478e-01
36 0 +2.217530595e+01 +2.057530595e+01 +2.057530595e+01 +6.6989e-01 +5.7093e-01 +1.4030e+00 +6.4984e-01 -3.2158e-02
43 0 +1.840467458e+01 +1.680467458e+01 +1.680467458e+01 +3.7811e-01 +1.3799e+00 +1.6151e+00 +1.1062e+00 +3.9532e-01
84 0 +1.813902811e+01 +1.653902811e+01 +1.653902811e+01 +4.0826e-01 +1.3500e+00 +1.6463e+00 +1.0227e+00 +3.5603e-01
99 0 +1.747412258e+01 +1.587412258e+01 +1.587412258e+01 +5.1542e-01 +1.1961e+00 +2.1854e+00 +9.7431e-01 +3.9968e-01
165 0 +1.723421232e+01 +1.563421232e+01 +1.563421232e+01 +4.8724e-01 +1.2744e+00 +2.0255e+00 +1.0468e+00 +7.0110e-02
504 0 +1.711185169e+01 +1.551185169e+01 +1.551185169e+01 +5.0960e-01 +1.2001e+00 +2.0300e+00 +1.0542e+00 +2.0183e-01
% f evaluations | g evaluations | best noise-free fitness - Fopt (-3.708400000000e+02) + sum g_i+ | measured fitness | best measured fitness or single-digit g-values | x1 | x2...
1 0 +6.652807128e+01 -3.043119287e+02 -3.043119287e+02 +3.3257e-04 -8.6864e-02 -3.3483e-01 -3.8649e-03 -1.1351e-01
3 0 +6.578590051e+01 -3.050540995e+02 -3.050540995e+02 +1.9077e-01 +5.2204e-01 +8.9006e-02 +2.1226e-01 +5.4687e-01
4 0 +6.447809261e+01 -3.063619074e+02 -3.063619074e+02 +1.2923e-01 +4.6282e-01 -2.7022e-01 -4.1139e-02 +3.8929e-01
7 0 +5.873932710e+01 -3.121006729e+02 -3.121006729e+02 -2.4776e-02 +7.3656e-01 -8.0165e-01 -2.7399e-01 -6.8197e-02
12 0 +5.391074413e+01 -3.169292559e+02 -3.169292559e+02 -1.5150e-01 +8.5308e-01 -6.8565e-01 -9.3843e-03 -3.9766e-01
19 0 +5.128108219e+01 -3.195589178e+02 -3.195589178e+02 -1.8190e-01 +7.8900e-01 -2.1030e-01 -1.8101e-01 -4.7846e-01
21 0 +4.967466308e+01 -3.211653369e+02 -3.211653369e+02 -4.3155e-02 +1.0725e+00 -5.1565e-01 +6.2071e-02 -6.6985e-01
30 0 +4.335330103e+01 -3.274866990e+02 -3.274866990e+02 -2.5793e-01 +1.1071e+00 -4.6694e-01 -3.0104e-01 -8.6677e-01
34 0 +3.318083110e+01 -3.376591689e+02 -3.376591689e+02 -2.9367e-01 +2.0285e+00 -9.8803e-01 -4.4299e-01 -1.2647e+00
42 0 +2.370562779e+01 -3.471343722e+02 -3.471343722e+02 -3.6171e-03 +2.3666e+00 -2.7559e-02 -1.1253e+00 -1.1696e+00
56 0 +2.267375260e+01 -3.481662474e+02 -3.481662474e+02 -1.8996e-01 +3.0146e+00 -3.5157e-01 -3.4470e-01 -1.9823e+00
58 0 +2.074749962e+01 -3.500925004e+02 -3.500925004e+02 +1.7198e-01 +3.4677e+00 -2.1505e-01 -2.5489e-01 -2.0625e+00
65 0 +1.607876591e+01 -3.547612341e+02 -3.547612341e+02 +3.7595e-02 +3.5570e+00 -2.5142e-02 -2.3295e-01 -1.6870e+00
83 0 +1.443470809e+01 -3.564052919e+02 -3.564052919e+02 -1.9007e-02 +4.7866e+00 +9.5915e-01 +2.2424e-01 -1.7704e+00
85 0 +1.094698798e+01 -3.598930120e+02 -3.598930120e+02 -1.6650e-01 +3.8310e+00 +7.3094e-01 +6.3857e-02 -7.0787e-01
152 0 +9.964556291e+00 -3.608754437e+02 -3.608754437e+02 -1.9629e-01 +4.7782e+00 +5.0439e-01 +2.4189e-01 -9.5984e-01
157 0 +8.807376647e+00 -3.620326234e+02 -3.620326234e+02 -2.1242e-01 +4.5315e+00 +9.8218e-01 -5.6291e-02 -6.3682e-01
165 0 +8.457490146e+00 -3.623825099e+02 -3.623825099e+02 -3.5488e-01 +4.5835e+00 +7.2495e-01 -3.6529e-01 -8.2104e-01
200 0 +8.223292829e+00 -3.626167072e+02 -3.626167072e+02 -8.3079e-02 +4.7062e+00 +9.0256e-01 -3.1905e-01 -8.2654e-01
316 0 +8.124083317e+00 -3.627159167e+02 -3.627159167e+02 -8.9999e-02 +4.8484e+00 +8.4321e-01 -4.1929e-01 -8.3125e-01
504 0 +8.123497610e+00 -3.627165024e+02 -3.627165024e+02 -8.8629e-02 +4.8473e+00 +8.3288e-01 -4.2921e-01 -8.2858e-01
% f evaluations | g evaluations | best noise-free fitness - Fopt (-3.256000000000e+01) + sum g_i+ | measured fitness | best measured fitness or single-digit g-values | x1 | x2...
1 0 +5.114957014e+01 +1.858957014e+01 +1.858957014e+01 +3.3257e-04 -8.6864e-02 -3.3483e-01 -3.8649e-03 -1.1351e-01
10 0 +4.594256534e+01 +1.338256534e+01 +1.338256534e+01 -3.7357e-01 -2.1484e-01 -8.9296e-01 -1.5024e-01 -1.6490e-01
13 0 +3.523819603e+01 +2.678196033e+00 +2.678196033e+00 -1.8851e-01 +8.6374e-01 -3.6277e-01 +6.2613e-01 +4.3406e-02
20 0 +2.929950164e+01 -3.260498358e+00 -3.260498358e+00 -5.1479e-01 +1.0981e+00 -8.6779e-01 +2.3129e-01 -5.1113e-01
25 0 +2.754107157e+01 -5.018928426e+00 -5.018928426e+00 +4.1236e-01 +7.8017e-01 -4.8158e-01 +9.3704e-01 -4.3669e-01
31 0 +2.146087354e+01 -1.109912646e+01 -1.109912646e+01 -1.9935e-01 +1.3215e+00 -1.1142e+00 +9.6586e-01 -3.9317e-01
40 0 +1.711700036e+01 -1.544299964e+01 -1.544299964e+01 -6.4520e-01 +1.6707e+00 -1.1919e+00 +8.2183e-01 -9.7422e-01
61 0 +1.393505322e+01 -1.862494678e+01 -1.862494678e+01 -3.4048e-01 +2.0460e+00 -1.9038e+00 +1.4052e+00 -1.4439e+00
72 0 +8.802010855e+00 -2.375798915e+01 -2.375798915e+01 +4.1276e-01 +1.6140e+00 -1.9767e+00 +5.2029e-01 -2.4818e+00
74 0 +8.274330175e+00 -2.428566983e+01 -2.428566983e+01 +6.6054e-01 +1.1213e+00 -1.8345e+00 +6.6437e-01 -2.7921e+00
76 0 +7.834711024e+00 -2.472528898e+01 -2.472528898e+01 +2.2504e-01 +1.6099e+00 -1.9484e+00 +6.3711e-01 -2.4712e+00
78 0 +6.776466877e+00 -2.578353312e+01 -2.578353312e+01 +9.8744e-01 +1.6406e+00 -2.4230e+00 +2.0033e+00 -2.5157e+00
85 0 +5.798705983e+00 -2.676129402e+01 -2.676129402e+01 +3.1916e-02 +1.4767e+00 -1.9597e+00 +1.2764e+00 -2.3691e+00
87 0 +4.991089494e+00 -2.756891051e+01 -2.756891051e+01 +8.0175e-01 +2.1507e+00 -2.6159e+00 +1.9086e+00 -3.5854e+00
88 0 +2.035671081e+00 -3.052432892e+01 -3.052432892e+01 +9.0878e-01 +1.7453e+00 -1.9597e+00 +2.4436e+00 -3.5464e+00
148 0 +1.709309927e+00 -3.085069007e+01 -3.085069007e+01 +8.2481e-01 +1.5898e+00 -1.7893e+00 +1.9289e+00 -3.9136e+00
161 0 +1.423998336e+00 -3.113600166e+01 -3.113600166e+01 +6.0235e-01 +1.5170e+00 -1.4306e+00 +2.1390e+00 -3.3078e+00
221 0 +1.322380798e+00 -3.123761920e+01 -3.123761920e+01 +5.9208e-01 +1.6722e+00 -1.4441e+00 +2.1629e+00 -3.5514e+00
258 0 +1.289780265e+00 -3.127021974e+01 -3.127021974e+01 +6.3505e-01 +1.5891e+00 -1.4992e+00 +2.0104e+00 -3.4516e+00
282 0 +1.275504362e+00 -3.128449564e+01 -3.128449564e+01 +6.5404e-01 +1.6691e+00 -1.4998e+00 +2.0375e+00 -3.4450e+00
295 0 +1.250031831e+00 -3.130996817e+01 -3.130996817e+01 +6.7462e-01 +1.6067e+00 -1.5291e+00 +2.0642e+00 -3.4628e+00
504 0 +1.245265431e+00 -3.131473457e+01 -3.131473457e+01 +6.7037e-01 +1.6284e+00 -1.5226e+00 +2.0833e+00 -3.4577e+00
% f evaluations | g evaluations | best noise-free fitness - Fopt (5.154000000000e+02) + sum g_i+ | measured fitness | best measured fitness or single-digit g-values | x1 | x2...
1 0 +1.826337354e+01 +5.336633735e+02 +5.336633735e+02 +3.3257e-04 -8.6864e-02 -3.3483e-01 -3.8649e-03 -1.1351e-01
7 0 +1.426716609e+01 +5.296671661e+02 +5.296671661e+02 -2.4776e-02 +7.3656e-01 -8.0165e-01 -2.7399e-01 -6.8197e-02
17 0 +1.360902717e+01 +5.290090272e+02 +5.290090272e+02 -1.6922e-01 +4.9279e-01 -3.6717e-01 +3.5052e-02 -3.9425e-01
19 0 +1.342301766e+01 +5.288230177e+02 +5.288230177e+02 -1.1908e-01 +1.4638e-01 -6.5764e-01 +1.1362e-01 -3.5431e-01
27 0 +1.277341933e+01 +5.281734193e+02 +5.281734193e+02 -3.6172e-01 +2.9319e-01 -8.2411e-01 +3.9771e-01 -5.9935e-01
36 0 +1.136408531e+01 +5.267640853e+02 +5.267640853e+02 -2.3742e-01 +4.3622e-02 -9.4130e-01 +1.2197e-01 -6.8154e-01
37 0 +1.021072401e+01 +5.256107240e+02 +5.256107240e+02 -2.9470e-01 +4.0004e-01 -7.2035e-01 +3.8138e-02 -6.1134e-01
44 0 +9.737829488e+00 +5.251378295e+02 +5.251378295e+02 -5.8071e-01 +7.7901e-02 -8.1373e-01 -1.0950e-01 -1.0423e+00
50 0 +8.797501109e+00 +5.241975011e+02 +5.241975011e+02 -6.9470e-01 -1.7982e-02 -1.1307e+00 +4.6961e-01 -8.3066e-01
55 0 +8.381601376e+00 +5.237816014e+02 +5.237816014e+02 -5.4646e-01 +4.9030e-01 -1.2955e+00 +1.8001e-01 -1.0894e+00
57 0 +7.394546527e+00 +5.227945465e+02 +5.227945465e+02 -8.2863e-01 +3.0806e-01 -2.0849e+00 +9.5771e-02 -1.4274e+00
61 0 +5.748507861e+00 +5.211485079e+02 +5.211485079e+02 -8.2479e-01 +3.2976e-01 -1.5444e+00 +4.6932e-02 -9.6581e-01
67 0 +4.127495542e+00 +5.195274955e+02 +5.195274955e+02 -1.7644e+00 +1.4562e-01 -2.7247e+00 +7.4193e-02 -2.2702e+00
76 0 +1.998352698e+00 +5.173983527e+02 +5.173983527e+02 -1.7110e+00 +1.6994e-01 -1.8221e+00 +1.6923e-01 -1.9485e+00
130 0 +1.382591973e+00 +5.167825920e+02 +5.167825920e+02 -2.8192e+00 -7.7286e-01 -2.7399e+00 +7.4693e-01 -2.5914e+00
138 0 +4.024182003e-01 +5.158024182e+02 +5.158024182e+02 -2.9886e+00 -1.1906e+00 -2.7051e+00 +4.5597e-01 -1.8596e+00
143 0 +1.689384719e-01 +5.155689385e+02 +5.155689385e+02 -3.4054e+00 -1.1363e+00 -2.6898e+00 +3.5312e-01 -1.9614e+00
165 0 +1.259522571e-02 +5.154125952e+02 +5.154125952e+02 -3.3168e+00 -6.3450e-01 -2.4220e+00 +4.1861e-01 -2.1254e+00
256 0 +1.020943283e-02 +5.154102094e+02 +5.154102094e+02 -3.3596e+00 -1.0454e+00 -2.5255e+00 +6.1480e-01 -2.2782e+00
268 0 +9.610626525e-03 +5.154096106e+02 +5.154096106e+02 -3.4681e+00 -1.0887e+00 -2.6455e+00 +6.2869e-01 -2.3670e+00
270 0 +3.236177655e-03 +5.154032362e+02 +5.154032362e+02 -3.5029e+00 -1.0278e+00 -2.5514e+00 +5.5624e-01 -2.4098e+00
280 0 +3.155171428e-03 +5.154031552e+02 +5.154031552e+02 -3.4832e+00 -9.9316e-01 -2.6364e+00 +5.8218e-01 -2.3833e+00
282 0 +8.885513956e-04 +5.154008886e+02 +5.154008886e+02 -3.4730e+00 -9.1773e-01 -2.5705e+00 +5.5203e-01 -2.3983e+00
290 0 +5.653600977e-04 +5.154005654e+02 +5.154005654e+02 -3.3342e+00 -6.5496e-01 -2.6270e+00 +3.9972e-01 -2.4100e+00
291 0 +1.821128541e-04 +5.154001821e+02 +5.154001821e+02 -3.4008e+00 -8.0544e-01 -2.5585e+00 +4.3366e-01 -2.3675e+00
328 0 +4.707093353e-05 +5.154000471e+02 +5.154000471e+02 -3.3973e+00 -7.8162e-01 -2.5385e+00 +4.3472e-01 -2.3353e+00
349 0 +2.644260371e-05 +5.154000264e+02 +5.154000264e+02 -3.5027e+00 -7.8106e-01 -2.5721e+00 +4.5506e-01 -2.3676e+00
353 0 +2.000725272e-05 +5.154000200e+02 +5.154000200e+02 -3.5520e+00 -7.9914e-01 -2.5857e+00 +4.3571e-01 -2.4243e+00
354 0 +1.763349815e-06 +5.154000018e+02 +5.154000018e+02 -3.4290e+00 -7.0995e-01 -2.5485e+00 +4.0667e-01 -2.3591e+00
377 0 +1.427256734e-06 +5.154000014e+02 +5.154000014e+02 -3.4332e+00 -7.2974e-01 -2.5572e+00 +4.1306e-01 -2.3708e+00
393 0 +1.034487354e-06 +5.154000010e+02 +5.154000010e+02 -3.4541e+00 -6.8461e-01 -2.5831e+00 +4.0255e-01 -2.3952e+00
409 0 +3.011424496e-07 +5.154000003e+02 +5.154000003e+02 -3.4423e+00 -7.2166e-01 -2.5657e+00 +4.1542e-01 -2.3788e+00
421 0 +2.346041583e-07 +5.154000002e+02 +5.154000002e+02 -3.4648e+00 -7.3038e-01 -2.5841e+00 +4.2177e-01 -2.3784e+00
425 0 +4.892194738e-08 +5.154000000e+02 +5.154000000e+02 -3.4730e+00 -7.3772e-01 -2.5932e+00 +4.2098e-01 -2.4029e+00
457 0 +3.611398824e-08 +5.154000000e+02 +5.154000000e+02 -3.4569e+00 -7.3107e-01 -2.5889e+00 +4.1493e-01 -2.3823e+00
475 0 +3.301238394e-09 +5.154000000e+02 +5.154000000e+02 -3.4683e+00 -7.3533e-01 -2.5940e+00 +4.1916e-01 -2.3914e+00
504 0 +5.571791917e-10 +5.154000000e+02 +5.154000000e+02 -3.4803e+00 -7.3415e-01 -2.5967e+00 +4.1887e-01 -2.3986e+00
% f evaluations | g evaluations | best noise-free fitness - Fopt (-8.628000000000e+01) + sum g_i+ | measured fitness | best measured fitness or single-digit g-values | x1 | x2...
1 0 +6.911718881e+01 -1.716281119e+01 -1.716281119e+01 +3.3257e-04 -8.6864e-02 -3.3483e-01 -3.8649e-03 -1.1351e-01
2 0 +6.844123567e+01 -1.783876433e+01 -1.783876433e+01 -1.4434e-01 -4.5520e-01 -1.4726e-01 -7.2206e-02 -1.9439e-01
3 0 +6.230383846e+01 -2.397616154e+01 -2.397616154e+01 +1.9077e-01 +5.2204e-01 +8.9006e-02 +2.1226e-01 +5.4687e-01
7 0 +6.094699152e+01 -2.533300848e+01 -2.533300848e+01 -2.4776e-02 +7.3656e-01 -8.0165e-01 -2.7399e-01 -6.8197e-02
10 0 +5.498312455e+01 -3.129687545e+01 -3.129687545e+01 +1.9191e-01 +7.3630e-01 -6.0967e-01 -3.5664e-01 -5.3282e-01
13 0 +4.846916731e+01 -3.781083269e+01 -3.781083269e+01 +6.6538e-01 +1.0915e+00 -4.0620e-01 +7.8045e-01 +6.3015e-01
14 0 +3.786280882e+01 -4.841719118e+01 -4.841719118e+01 +1.8895e-01 +1.5673e+00 -6.8351e-01 -2.0398e-01 +4.7586e-01
21 0 +2.799639954e+01 -5.828360046e+01 -5.828360046e+01 +3.7784e-01 +1.8392e+00 -7.9334e-01 +1.0728e-01 +8.0491e-01
33 0 +2.554006523e+01 -6.073993477e+01 -6.073993477e+01 +1.1306e+00 +1.0573e+00 -4.5876e-01 -2.4180e-01 +5.7538e-01
61 0 +2.084980642e+01 -6.543019358e+01 -6.543019358e+01 +5.4974e-01 +2.0117e+00 -5.4440e-01 -6.7048e-01 +1.0605e+00
65 0 +1.796313486e+01 -6.831686514e+01 -6.831686514e+01 +1.4194e+00 +1.7082e+00 -2.8314e-01 -5.0053e-01 +1.2411e+00
69 0 +1.762397511e+01 -6.865602489e+01 -6.865602489e+01 +1.1371e+00 +1.8743e+00 -4.2070e-01 -1.2832e-01 +1.2336e+00
85 0 +1.736733271e+01 -6.891266729e+01 -6.891266729e+01 +1.2700e+00 +2.1139e+00 -5.9786e-01 +6.1610e-02 +1.7779e+00
91 0 +1.487614722e+01 -7.140385278e+01 -7.140385278e+01 +1.3145e+00 +2.5557e+00 -1.1322e+00 +1.4434e-02 +1.9032e+00
92 0 +1.341885455e+01 -7.286114545e+01 -7.286114545e+01 +1.1447e+00 +2.1353e+00 -1.4214e+00 -1.7481e-01 +1.0688e+00
109 0 +1.200117556e+01 -7.427882444e+01 -7.427882444e+01 +1.1308e+00 +2.4816e+00 -9.8193e-01 -3.2129e-01 +1.4327e+00
163 0 +1.165067129e+01 -7.462932871e+01 -7.462932871e+01 +1.1880e+00 +2.4248e+00 -1.3697e+00 -4.0227e-01 +1.1399e+00
172 0 +1.146132144e+01 -7.481867856e+01 -7.481867856e+01 +9.1786e-01 +2.8121e+00 -1.6675e+00 -3.2342e-01 +1.4725e+00
185 0 +1.115910428e+01 -7.512089572e+01 -7.512089572e+01 +1.0014e+00 +2.7424e+00 -1.0925e+00 -4.0276e-01 +1.6290e+00
504 0 +1.097449229e+01 -7.530550771e+01 -7.530550771e+01 +9.5863e-01 +2.8475e+00 -1.2510e+00 -4.4642e-01 +1.6858e+00
% f evaluations | g evaluations | best noise-free fitness - Fopt (2.224000000000e+01) + sum g_i+ | measured fitness | best measured fitness or single-digit g-values | x1 | x2...
1 0 +4.012807342e+01 +6.236807342e+01 +6.236807342e+01 +3.3257e-04 -8.6864e-02 -3.3483e-01 -3.8649e-03 -1.1351e-01
7 0 +3.274127083e+01 +5.498127083e+01 +5.498127083e+01 -2.4776e-02 +7.3656e-01 -8.0165e-01 -2.7399e-01 -6.8197e-02
10 0 +2.659208164e+01 +4.883208164e+01 +4.883208164e+01 +4.5270e-01 +4.8366e-01 -6.6598e-01 -6.3914e-01 -5.6913e-01
17 0 +2.437903703e+01 +4.661903703e+01 +4.661903703e+01 +3.3169e-01 +4.3885e-01 -7.8038e-01 -3.7910e-01 -4.5662e-01
18 0 +2.078442592e+01 +4.302442592e+01 +4.302442592e+01 +1.0669e+00 +1.0352e+00 -6.9056e-01 -1.1013e-01 -6.2274e-01
25 0 +1.848975247e+01 +4.072975247e+01 +4.072975247e+01 +1.1740e+00 +8.6383e-01 -9.5271e-01 +8.4884e-01 -7.8085e-01
28 0 +1.746483235e+01 +3.970483235e+01 +3.970483235e+01 +3.1555e-01 +9.1974e-01 -1.5751e+00 -1.5871e-01 -4.7981e-01
34 0 +1.250990976e+01 +3.474990976e+01 +3.474990976e+01 +1.8266e-01 +1.7280e+00 -1.6893e+00 +6.9777e-01 -1.2277e+00
54 0 +1.006369890e+01 +3.230369890e+01 +3.230369890e+01 +1.4278e+00 +1.3081e+00 -1.6907e+00 +8.9810e-01 -9.8884e-01
58 0 +9.836864686e+00 +3.207686469e+01 +3.207686469e+01 +1.2030e+00 +8.6090e-01 -1.7357e+00 +9.2556e-01 -7.4456e-01
62 0 +9.691938327e+00 +3.193193833e+01 +3.193193833e+01 +1.0558e+00 +5.3160e-01 -2.5780e+00 +9.7557e-01 -7.7468e-01
63 0 +7.420760920e+00 +2.966076092e+01 +2.966076092e+01 +8.3741e-01 +1.6607e+00 -2.5136e+00 +1.5681e+00 -8.5777e-01
76 0 +7.327309626e+00 +2.956730963e+01 +2.956730963e+01 +1.1296e+00 +1.5453e+00 -2.3083e+00 +1.0574e+00 -9.0797e-01
156 0 +7.190402117e+00 +2.943040212e+01 +2.943040212e+01 +9.9316e-01 +1.4634e+00 -2.6185e+00 +1.3014e+00 -8.3944e-01
175 0 +7.056243909e+00 +2.929624391e+01 +2.929624391e+01 +8.7186e-01 +1.6547e+00 -2.7426e+00 +1.3599e+00 -1.0044e+00
504 0 +7.011281749e+00 +2.925128175e+01 +2.925128175e+01 +8.5086e-01 +1.6583e+00 -2.6252e+00 +1.3110e+00 -9.7663e-01
% f evaluations | g evaluations | best noise-free fitness - Fopt (-2.301000000000e+01) + sum g_i+ | measured fitness | best measured fitness or single-digit g-values | x1 | x2...
1 0 +4.581259364e+01 +2.280259364e+01 +2.280259364e+01 +3.3257e-04 -8.6864e-02 -3.3483e-01 -3.8649e-03 -1.1351e-01
4 0 +3.739189163e+01 +1.438189163e+01 +1.438189163e+01 +1.2923e-01 +4.6282e-01 -2.7022e-01 -4.1139e-02 +3.8929e-01
7 0 +2.780109379e+01 +4.791093790e+00 +4.791093790e+00 -2.4776e-02 +7.3656e-01 -8.0165e-01 -2.7399e-01 -6.8197e-02
10 0 +2.293942043e+01 -7.057957417e-02 -7.057957417e-02 -1.4314e-01 +2.4147e-01 -1.3177e+00 -1.1791e-01 +1.1042e-01
14 0 +2.005008208e+01 -2.959917923e+00 -2.959917923e+00 +1.8679e-01 +1.5112e+00 -1.0825e+00 -1.0083e-01 +4.4047e-01
17 0 +1.935729976e+01 -3.652700237e+00 -3.652700237e+00 +4.2165e-01 +1.2313e+00 -9.5812e-01 -3.5256e-01 +3.6467e-01
25 0 +1.110355847e+01 -1.190644153e+01 -1.190644153e+01 +6.1894e-01 +4.6903e-01 -1.7404e+00 +7.4824e-01 +3.4091e-01
31 0 +8.702820111e+00 -1.430717989e+01 -1.430717989e+01 +5.2905e-01 +1.5421e+00 -1.9185e+00 +3.2796e-01 +2.7102e-01
53 0 +8.331674868e+00 -1.467832513e+01 -1.467832513e+01 +1.2564e+00 +7.4842e-01 -2.6136e+00 +1.1678e+00 +6.1745e-01
58 0 +7.826576109e+00 -1.518342389e+01 -1.518342389e+01 +1.1838e+00 +1.5970e+00 -2.0926e+00 +6.5330e-01 +2.0303e-01
74 0 +4.004079273e+00 -1.900592073e+01 -1.900592073e+01 +9.3346e-01 +7.9603e-01 -2.5636e+00 +3.8461e-01 +6.4894e-01
87 0 +3.370061598e+00 -1.963993840e+01 -1.963993840e+01 +1.0686e+00 +1.1195e+00 -2.4808e+00 +9.4196e-02 +1.9179e-01
94 0 +3.149752722e+00 -1.986024728e+01 -1.986024728e+01 +1.2765e+00 +1.1463e+00 -2.9063e+00 +3.0528e-01 +7.1418e-01
138 0 +3.071737441e+00 -1.993826256e+01 -1.993826256e+01 +1.3756e+00 +1.2912e+00 -2.4446e+00 +1.8348e-02 +5.1746e-01
141 0 +2.616018669e+00 -2.039398133e+01 -2.039398133e+01 +1.2798e+00 +1.0924e+00 -2.8763e+00 +8.4776e-02 +4.2463e-01
201 0 +2.543750134e+00 -2.046624987e+01 -2.046624987e+01 +1.3737e+00 +9.5586e-01 -2.6817e+00 -5.7893e-02 +4.6546e-01
238 0 +2.510086141e+00 -2.049991386e+01 -2.049991386e+01 +1.3382e+00 +1.0904e+00 -2.7661e+00 -2.7844e-02 +5.2165e-01
504 0 +2.472982535e+00 -2.053701746e+01 -2.053701746e+01 +1.2575e+00 +1.0126e+00 -2.7363e+00 -2.1496e-02 +5.3252e-01
% f evaluations | g evaluations | best noise-free fitness - Fopt (-3.323700000000e+02) + sum g_i+ | measured fitness | best measured fitness or single-digit g-values | x1 | x2...
1 0 +2.945472586e+01 -3.029152741e+02 -3.029152741e+02 +3.3257e-04 -8.6864e-02 -3.3483e-01 -3.8649e-03 -1.1351e-01
24 0 +2.418569285e+01 -3.081843071e+02 -3.081843071e+02 -2.7431e-01 -1.5616e-01 -7.8238e-01 +2.2521e-01 -2.2678e-01
30 0 +2.380828875e+01 -3.085617112e+02 -3.085617112e+02 -4.5240e-01 +1.1503e-01 -7.3362e-01 +4.2302e-02 -3.8039e-01
38 0 +2.207640962e+01 -3.102935904e+02 -3.102935904e+02 -4.6195e-01 -4.5843e-02 -8.4418e-01 -3.0700e-01 -8.2842e-01
43 0 +2.151763684e+01 -3.108523632e+02 -3.108523632e+02 -4.6367e-01 -7.0885e-02 -1.1921e+00 -1.2721e-02 -1.1575e+00
51 0 +2.076523649e+01 -3.116047635e+02 -3.116047635e+02 -4.6070e-01 -3.3228e-01 -1.6357e+00 -6.1783e-01 -1.3755e+00
55 0 +2.012836455e+01 -3.122416354e+02 -3.122416354e+02 -5.4580e-01 -2.6493e-01 -1.7597e+00 -2.9824e-01 -1.8649e+00
66 0 +1.459524797e+01 -3.177747520e+02 -3.177747520e+02 -1.5921e+00 +4.5267e-03 -2.3136e+00 -2.4753e-01 -2.4494e+00
83 0 +1.403723032e+01 -3.183327697e+02 -3.183327697e+02 -1.6012e+00 +1.0162e-01 -2.7516e+00 +4.8337e-02 -2.3732e+00
123 0 +1.330776319e+01 -3.190622368e+02 -3.190622368e+02 -2.4061e+00 +6.8998e-01 -3.1889e+00 +5.5789e-01 -2.5448e+00
126 0 +1.226299191e+01 -3.201070081e+02 -3.201070081e+02 -1.6905e+00 +2.8319e-01 -2.5363e+00 +7.2802e-01 -1.1791e+00
138 0 +1.141485215e+01 -3.209551478e+02 -3.209551478e+02 -2.3860e+00 +5.8802e-01 -3.0993e+00 +9.8299e-01 -1.8522e+00
157 0 +1.055869104e+01 -3.218113090e+02 -3.218113090e+02 -3.1952e+00 +1.1235e+00 -3.2354e+00 +1.0139e+00 -2.3686e+00
201 0 +1.010095866e+01 -3.222690413e+02 -3.222690413e+02 -2.1790e+00 +6.4347e-01 -2.3052e+00 +7.5659e-01 -1.4489e+00
236 0 +9.999064529e+00 -3.223709355e+02 -3.223709355e+02 -2.2430e+00 +7.5455e-01 -2.4605e+00 +8.2778e-01 -1.4650e+00
247 0 +9.764169279e+00 -3.226058307e+02 -3.226058307e+02 -2.7325e+00 +9.7412e-01 -2.7685e+00 +9.9405e-01 -1.5393e+00
322 0 +9.545763287e+00 -3.228242367e+02 -3.228242367e+02 -2.5969e+00 +8.5513e-01 -2.5493e+00 +8.3459e-01 -1.7584e+00
504 0 +9.481600106e+00 -3.228883999e+02 -3.228883999e+02 -2.6800e+00 +8.6772e-01 -2.6812e+00 +7.7678e-01 -1.9616e+00
% f evaluations | g evaluations | best noise-free fitness - Fopt (-1.231300000000e+02) + sum g_i+ | measured fitness | best measured fitness or single-digit g-values | x1 | x2...
1 0 +4.208559427e+01 -8.104440573e+01 -8.104440573e+01 +3.3257e-04 -8.6864e-02 -3.3483e-01 -3.8649e-03 -1.1351e-01
14 0 +3.690364049e+01 -8.622635951e+01 -8.622635951e+01 +1.8651e-01 +6.5022e-01 -1.1189e+00 -1.0205e-01 +2.4472e-01
24 0 +2.447913237e+01 -9.865086763e+01 -9.865086763e+01 +8.2094e-01 -1.2166e-01 -6.0037e-01 -3.8696e-01 -7.6876e-02
35 0 +2.052633373e+01 -1.026036663e+02 -1.026036663e+02 +1.1765e+00 -4.1201e-01 -1.5687e+00 -3.7950e-01 -6.8188e-01
41 0 +1.212025215e+01 -1.110097478e+02 -1.110097478e+02 +1.5815e+00 +3.2514e-02 -1.8228e+00 -2.9602e-01 -9.8779e-01
51 0 +1.007831517e+01 -1.130516848e+02 -1.130516848e+02 +1.3267e+00 -5.8397e-01 -9.2928e-01 +7.7105e-01 -9.2100e-01
65 0 +9.286656559e+00 -1.138433434e+02 -1.138433434e+02 +1.4521e+00 +9.5777e-02 -1.0963e+00 +9.9188e-02 -1.0931e+00
76 0 +8.285677910e+00 -1.148443221e+02 -1.148443221e+02 +1.8447e+00 -3.2231e-01 -1.2752e+00 +1.5200e-01 -1.5589e+00
79 0 +7.663714703e+00 -1.154662853e+02 -1.154662853e+02 +1.9464e+00 +2.5027e-01 -1.3979e+00 +2.7810e-01 -1.4615e+00
112 0 +6.601970638e+00 -1.165280294e+02 -1.165280294e+02 +2.3821e+00 -1.0043e-01 -1.2145e+00 +1.5080e+00 -1.8932e+00
114 0 +4.215012656e+00 -1.189149873e+02 -1.189149873e+02 +2.0280e+00 +2.2653e-01 -1.4231e+00 +1.7097e+00 -1.2781e+00
134 0 +4.090125137e+00 -1.190398749e+02 -1.190398749e+02 +2.3464e+00 -4.5452e-01 -1.3454e+00 +2.6134e+00 -1.0849e+00
144 0 +2.238379969e+00 -1.208916200e+02 -1.208916200e+02 +2.6152e+00 -1.8070e-01 -1.7040e+00 +2.2827e+00 -6.1556e-01
153 0 +2.033818555e+00 -1.210961814e+02 -1.210961814e+02 +2.6265e+00 -1.8420e-01 -1.9066e+00 +2.1112e+00 -1.1741e+00
177 0 +1.987461722e+00 -1.211425383e+02 -1.211425383e+02 +2.5616e+00 +3.8524e-01 -1.9142e+00 +2.1972e+00 -9.3037e-01
205 0 +1.933598521e+00 -1.211964015e+02 -1.211964015e+02 +2.9056e+00 +2.3633e-01 -2.2898e+00 +2.2832e+00 -1.0222e+00
218 0 +1.897612661e+00 -1.212323873e+02 -1.212323873e+02 +2.7414e+00 +3.3292e-01 -2.0678e+00 +2.0799e+00 -9.6320e-01
221 0 +1.838424211e+00 -1.212915758e+02 -1.212915758e+02 +2.5952e+00 +2.1937e-01 -2.0630e+00 +2.1539e+00 -9.2578e-01
274 0 +1.813182188e+00 -1.213168178e+02 -1.213168178e+02 +2.7023e+00 +2.6372e-01 -2.1846e+00 +2.2879e+00 -9.1214e-01
504 0 +1.803020541e+00 -1.213269795e+02 -1.213269795e+02 +2.6992e+00 +3.1256e-01 -2.1797e+00 +2.2732e+00 -8.8187e-01
% f evaluations | g evaluations | best noise-free fitness - Fopt (-1.537900000000e+02) + sum g_i+ | measured fitness | best measured fitness or single-digit g-values | x1 | x2...
1 0 +2.509130249e+01 -1.286986975e+02 -1.286986975e+02 +3.3257e-04 -8.6864e-02 -3.3483e-01 -3.8649e-03 -1.1351e-01
6 0 +1.825657727e+01 -1.355334227e+02 -1.355334227e+02 -1.0657e-01 +6.2634e-02 +9.8525e-02 -1.4947e-01 -6.2756e-01
7 0 +1.743176664e+01 -1.363582334e+02 -1.363582334e+02 -2.4776e-02 +7.3656e-01 -8.0165e-01 -2.7399e-01 -6.8197e-02
11 0 +1.684052235e+01 -1.369494777e+02 -1.369494777e+02 -3.2183e-02 +1.5964e+00 -8.2311e-01 -3.2902e-02 -7.0048e-01
24 0 +9.186553922e+00 -1.446034461e+02 -1.446034461e+02 -8.5610e-01 +1.0573e+00 +3.3072e-01 +2.1864e-01 -7.8671e-01
33 0 +8.773451806e+00 -1.450165482e+02 -1.450165482e+02 -2.5466e-01 +1.1067e+00 +2.2877e-01 -3.6439e-01 -9.6295e-01
45 0 +8.230517380e+00 -1.455594826e+02 -1.455594826e+02 -1.2613e+00 +1.5396e+00 -8.8065e-02 +1.5506e-01 -8.3027e-01
68 0 +6.786164068e+00 -1.470038359e+02 -1.470038359e+02 -1.5056e+00 +1.1768e+00 +1.9494e-01 +3.3614e-02 -1.1207e+00
84 0 +6.115017140e+00 -1.476749829e+02 -1.476749829e+02 -7.6368e-01 +1.2143e+00 -1.9049e-01 -3.4503e-01 -1.2799e+00
99 0 +4.681389471e+00 -1.491086105e+02 -1.491086105e+02 -1.2272e+00 +9.0965e-01 -4.8602e-01 -6.4815e-01 -1.0798e+00
136 0 +4.349623616e+00 -1.494403764e+02 -1.494403764e+02 -1.2994e+00 +8.8810e-01 -2.6360e-01 -6.2357e-01 -1.4567e+00
176 0 +4.245602357e+00 -1.495443976e+02 -1.495443976e+02 -1.2990e+00 +8.7564e-01 -2.9170e-01 -6.0527e-01 -1.1817e+00
299 0 +4.164649933e+00 -1.496253501e+02 -1.496253501e+02 -1.2841e+00 +8.6133e-01 -2.3074e-01 -5.5943e-01 -1.2878e+00
504 0 +4.161788051e+00 -1.496282119e+02 -1.496282119e+02 -1.2894e+00 +8.5714e-01 -2.4967e-01 -5.7471e-01 -1.2908e+00
% f evaluations | g evaluations | best noise-free fitness - Fopt (-4.860000000000e+01) + sum g_i+ | measured fitness | best measured fitness or single-digit g-values | x1 | x2...
1 0 +6.041381315e+01 +1.181381315e+01 +1.181381315e+01 +3.3257e-04 -8.6864e-02 -3.3483e-01 -3.8649e-03 -1.1351e-01
3 0 +5.617526567e+01 +7.575265667e+00 +7.575265667e+00 +1.9077e-01 +5.2204e-01 +8.9006e-02 +2.1226e-01 +5.4687e-01
9 0 +5.055973217e+01 +1.959732171e+00 +1.959732171e+00 +1.6546e-01 +5.0907e-01 +2.2795e-01 +6.6200e-02 +6.8519e-01
11 0 +3.686929396e+01 -1.173070604e+01 -1.173070604e+01 +1.0176e-01 +1.2224e+00 +4.1109e-01 +1.0523e+00 +1.0741e+00
19 0 +3.164396979e+01 -1.695603021e+01 -1.695603021e+01 -1.9616e-01 +7.5201e-01 +5.3221e-01 +4.8447e-01 +1.0831e+00
21 0 +2.304100845e+01 -2.555899155e+01 -2.555899155e+01 +8.0373e-02 +1.3213e+00 +6.2026e-01 +8.2764e-01 +1.4549e+00
28 0 +2.042672504e+01 -2.817327496e+01 -2.817327496e+01 +7.1629e-01 +9.1804e-01 +1.0290e+00 -1.6669e-01 +1.7154e+00
29 0 +9.772494129e+00 -3.882750587e+01 -3.882750587e+01 -7.7572e-02 +1.3546e+00 +6.0056e-01 +7.6827e-01 +2.3175e+00
34 0 +6.747650400e+00 -4.185234960e+01 -4.185234960e+01 -3.5035e-01 +1.5513e+00 +2.0790e+00 +6.5572e-01 +2.6938e+00
40 0 +3.522722579e+00 -4.507727742e+01 -4.507727742e+01 -6.5396e-01 +1.5835e+00 +1.2212e+00 +5.0225e-01 +2.6329e+00
68 0 +2.148993607e+00 -4.645100639e+01 -4.645100639e+01 -9.1065e-01 +1.9525e+00 +1.4152e+00 +1.8376e-02 +2.9147e+00
111 0 +2.024077648e+00 -4.657592235e+01 -4.657592235e+01 -3.7775e-01 +1.8290e+00 +1.0573e+00 -7.6911e-01 +3.6507e+00
132 0 +1.631489646e+00 -4.696851035e+01 -4.696851035e+01 -6.3069e-01 +1.2284e+00 +1.1856e+00 -1.2502e-01 +4.0934e+00
138 0 +1.434872583e+00 -4.716512742e+01 -4.716512742e+01 -4.3972e-01 +1.5174e+00 +1.5243e+00 +1.4970e-01 +3.8407e+00
141 0 +1.091065068e+00 -4.750893493e+01 -4.750893493e+01 -6.4057e-01 +1.4375e+00 +1.3018e+00 -3.0918e-01 +3.8539e+00
156 0 +9.881009058e-01 -4.761189909e+01 -4.761189909e+01 -5.6597e-01 +1.6436e+00 +1.3627e+00 -2.8880e-01 +3.7249e+00
169 0 +7.209818094e-01 -4.787901819e+01 -4.787901819e+01 -4.8712e-01 +1.4369e+00 +1.2214e+00 -9.7937e-02 +3.5128e+00
218 0 +6.982824810e-01 -4.790171752e+01 -4.790171752e+01 -5.2295e-01 +1.5165e+00 +1.2320e+00 -8.0881e-02 +3.5276e+00
504 0 +6.918683825e-01 -4.790813162e+01 -4.790813162e+01 -5.2316e-01 +1.5249e+00 +1.2091e+00 -1.0503e-01 +3.5742e+00
% f evaluations | g evaluations | best noise-free fitness - Fopt (2.770000000000e+01) + sum g_i+ | measured fitness | best measured fitness or single-digit g-values | x1 | x2...
1 0 +6.826780795e+01 +9.596780795e+01 +9.596780795e+01 +3.3257e-04 -8.6864e-02 -3.3483e-01 -3.8649e-03 -1.1351e-01
3 0 +6.754740187e+01 +9.524740187e+01 +9.524740187e+01 +1.9077e-01 +5.2204e-01 +8.9006e-02 +2.1226e-01 +5.4687e-01
7 0 +6.285464956e+01 +9.055464956e+01 +9.055464956e+01 -2.4776e-02 +7.3656e-01 -8.0165e-01 -2.7399e-01 -6.8197e-02
10 0 +5.266229299e+01 +8.036229299e+01 +8.036229299e+01 -4.5401e-01 +5.6856e-01 +7.1929e-02 +3.2426e-01 -1.2398e-01
11 0 +4.500138955e+01 +7.270138955e+01 +7.270138955e+01 +3.3943e-01 +1.5996e+00 -7.2318e-01 -2.5352e-01 -8.4534e-01
20 0 +4.395383196e+01 +7.165383196e+01 +7.165383196e+01 +5.4993e-01 +9.6705e-01 -1.0722e+00 -6.6192e-01 -1.2311e+00
24 0 +4.088648586e+01 +6.858648586e+01 +6.858648586e+01 +8.8701e-01 +8.8624e-01 -6.4564e-01 +2.8024e-01 -1.5607e+00
25 0 +3.361596076e+01 +6.131596076e+01 +6.131596076e+01 +7.4031e-01 +1.1517e+00 -1.2741e+00 +1.1052e+00 -1.7100e+00
43 0 +2.958028733e+01 +5.728028733e+01 +5.728028733e+01 +1.7150e+00 +1.5174e+00 -1.8914e+00 -5.0289e-01 -1.7166e+00
48 0 +2.474819333e+01 +5.244819333e+01 +5.244819333e+01 +1.2531e+00 +1.5875e+00 -1.8895e+00 +7.2766e-01 -1.8453e+00
117 0 +1.494478499e+01 +4.264478499e+01 +4.264478499e+01 +2.2909e+00 +2.0917e+00 -4.1431e+00 +8.2105e-01 -3.5489e+00
148 0 +1.336118980e+01 +4.106118980e+01 +4.106118980e+01 +2.8421e+00 +1.6695e+00 -3.9775e+00 +8.7036e-01 -3.9299e+00
156 0 +1.107911495e+01 +3.877911495e+01 +3.877911495e+01 +3.2950e+00 +2.2681e+00 -4.7579e+00 +8.9344e-01 -3.5092e+00
187 0 +9.706304496e+00 +3.740630450e+01 +3.740630450e+01 +2.9841e+00 +2.0597e+00 -4.1404e+00 +1.0915e+00 -3.5692e+00
201 0 +8.344529205e+00 +3.604452920e+01 +3.604452920e+01 +3.7067e+00 +2.0780e+00 -4.4707e+00 +1.2766e+00 -3.5207e+00
218 0 +8.190283527e+00 +3.589028353e+01 +3.589028353e+01 +3.8700e+00 +1.9461e+00 -4.2162e+00 +1.1152e+00 -3.2960e+00
252 0 +7.652678572e+00 +3.535267857e+01 +3.535267857e+01 +3.9414e+00 +1.7396e+00 -4.1797e+00 +1.3455e+00 -2.9801e+00
270 0 +7.552137811e+00 +3.525213781e+01 +3.525213781e+01 +3.9148e+00 +1.7684e+00 -4.0988e+00 +1.7220e+00 -2.9994e+00
319 0 +7.386101111e+00 +3.508610111e+01 +3.508610111e+01 +3.9341e+00 +1.4888e+00 -4.0141e+00 +1.6216e+00 -2.8813e+00
504 0 +7.317730478e+00 +3.501773048e+01 +3.501773048e+01 +3.8012e+00 +1.5098e+00 -3.9500e+00 +1.8324e+00 -2.7547e+00
% f evaluations | g evaluations | best noise-free fitness - Fopt (2.993000000000e+01) + sum g_i+ | measured fitness | best measured fitness or single-digit g-values | x1 | x2...
1 0 +6.911033843e+01 +9.904033843e+01 +9.904033843e+01 +3.3257e-04 -8.6864e-02 -3.3483e-01 -3.8649e-03 -1.1351e-01
2 0 +6.667803111e+01 +9.660803111e+01 +9.660803111e+01 -1.4434e-01 -4.5520e-01 -1.4726e-01 -7.2206e-02 -1.9439e-01
11 0 +5.470844181e+01 +8.463844181e+01 +8.463844181e+01 -5.2369e-01 -5.1368e-01 -3.5599e-01 +5.0811e-01 +2.9411e-01
20 0 +5.239248232e+01 +8.232248232e+01 +8.232248232e+01 -8.2181e-01 -2.9824e-01 -5.7861e-01 +3.3958e-01 +3.3321e-01
24 0 +4.266530578e+01 +7.259530578e+01 +7.259530578e+01 -1.0985e+00 -2.2979e-01 -7.3470e-02 +3.7347e-01 -1.4650e-01
30 0 +4.254173387e+01 +7.247173387e+01 +7.247173387e+01 -1.0006e+00 -7.3157e-01 -3.0770e-01 +5.5688e-01 +2.5155e-01
31 0 +3.353450207e+01 +6.346450207e+01 +6.346450207e+01 -1.2325e+00 -4.6571e-01 -8.8780e-01 +4.7273e-01 +6.6654e-03
37 0 +3.085665270e+01 +6.078665270e+01 +6.078665270e+01 -1.3159e+00 -6.0793e-01 -7.7855e-01 +4.0144e-01 -3.2302e-01
42 0 +1.923497489e+01 +4.916497489e+01 +4.916497489e+01 -1.4772e+00 -1.6312e-01 -1.4140e+00 +5.9306e-01 -1.2056e+00
65 0 +1.800422237e+01 +4.793422237e+01 +4.793422237e+01 -1.2815e+00 -1.3007e-01 -7.5736e-01 +8.5883e-01 -1.1315e+00
157 0 +1.770644847e+01 +4.763644847e+01 +4.763644847e+01 -9.8027e-01 -3.7500e-01 -9.3466e-01 +1.1703e+00 -8.5437e-01
169 0 +1.680523496e+01 +4.673523496e+01 +4.673523496e+01 -1.5079e+00 +2.9709e-01 -1.0608e+00 +7.4985e-01 -1.1061e+00
187 0 +1.646724569e+01 +4.639724569e+01 +4.639724569e+01 -1.4253e+00 -1.6198e-02 -1.2225e+00 +7.3402e-01 -1.1457e+00
198 0 +1.524923327e+01 +4.517923327e+01 +4.517923327e+01 -1.6055e+00 +4.1119e-01 -1.5957e+00 +6.8129e-01 -1.2283e+00
235 0 +1.398685163e+01 +4.391685163e+01 +4.391685163e+01 -1.5598e+00 +5.9895e-01 -1.7481e+00 +5.9618e-01 -9.4751e-01
275 0 +1.372911904e+01 +4.365911904e+01 +4.365911904e+01 -1.7504e+00 +8.8937e-01 -2.5605e+00 +1.4949e-01 -1.2776e+00
504 0 +1.354165694e+01 +4.347165694e+01 +4.347165694e+01 -1.6883e+00 +8.7011e-01 -2.3650e+00 +3.2694e-01 -1.1313e+00
% f evaluations | g evaluations | best noise-free fitness - Fopt (-1.983000000000e+01) + sum g_i+ | measured fitness | best measured fitness or single-digit g-values | x1 | x2...
1 0 +2.216815902e+01 +2.338159017e+00 +2.338159017e+00 +3.3257e-04 -8.6864e-02 -3.3483e-01 -3.8649e-03 -1.1351e-01
3 0 +7.390784010e+00 -1.243921599e+01 -1.243921599e+01 +1.9077e-01 +5.2204e-01 +8.9006e-02 +2.1226e-01 +5.4687e-01
8 0 +4.201669903e+00 -1.562833010e+01 -1.562833010e+01 +8.0795e-02 +3.3914e-01 +3.1273e-01 +3.9115e-01 +4.1684e-01
10 0 +2.541221244e+00 -1.728877876e+01 -1.728877876e+01 +2.5126e-01 +1.3662e-01 +6.4458e-01 +9.5733e-02 -2.2875e-01
20 0 +1.982340186e+00 -1.784765981e+01 -1.784765981e+01 +2.7880e-01 +4.2161e-01 +1.1650e-01 +9.3261e-01 +1.4478e-01
28 0 +5.465406350e-01 -1.928345937e+01 -1.928345937e+01 +8.3984e-01 +1.7800e-01 +3.7620e-01 +1.0230e+00 -3.1049e-01
43 0 +4.843371846e-01 -1.934566282e+01 -1.934566282e+01 +6.4026e-01 +7.0298e-01 +5.6560e-01 +2.0069e-01 -1.5989e-01
85 0 +4.085161884e-01 -1.942148381e+01 -1.942148381e+01 +1.3028e+00 +9.7768e-01 +2.8873e-03 +1.1684e+00 -3.0724e-02
87 0 +1.256489406e-01 -1.970435106e+01 -1.970435106e+01 +7.8000e-01 +8.7871e-01 +2.2820e-01 +7.3331e-01 -2.3356e-01
88 0 +1.029202499e-01 -1.972707975e+01 -1.972707975e+01 +8.4946e-01 +9.3056e-01 +4.6504e-01 +9.5159e-01 -4.3611e-01
102 0 +6.322533707e-02 -1.976677466e+01 -1.976677466e+01 +6.3592e-01 +1.0137e+00 +2.0520e-01 +1.2236e+00 +1.7536e-01
106 0 +1.587194142e-02 -1.981412806e+01 -1.981412806e+01 +7.9427e-01 +1.0089e+00 +3.8635e-01 +7.8870e-01 -1.7978e-01
137 0 +3.609921212e-03 -1.982639008e+01 -1.982639008e+01 +5.1161e-01 +1.3959e+00 +6.6062e-01 +5.4550e-01 -2.5879e-01
156 0 +9.356645497e-04 -1.982906434e+01 -1.982906434e+01 +5.8463e-01 +1.3619e+00 +5.0423e-01 +7.2727e-01 -1.1139e-01
187 0 +8.395673708e-04 -1.982916043e+01 -1.982916043e+01 +4.5560e-01 +1.5191e+00 +6.1754e-01 +6.8538e-01 -2.1139e-01
200 0 +3.096302003e-04 -1.982969037e+01 -1.982969037e+01 +2.6554e-01 +1.5878e+00 +6.7414e-01 +6.7388e-01 -1.3385e-01
201 0 +1.396217162e-04 -1.982986038e+01 -1.982986038e+01 +3.9768e-01 +1.4590e+00 +6.3219e-01 +6.8954e-01 -1.6269e-01
210 0 +4.367309313e-05 -1.982995633e+01 -1.982995633e+01 +3.8186e-01 +1.4769e+00 +5.7267e-01 +7.8056e-01 -1.2596e-01
216 0 +3.996085364e-05 -1.982996004e+01 -1.982996004e+01 +4.0448e-01 +1.5100e+00 +5.7238e-01 +7.9623e-01 -8.1734e-02
228 0 +2.746652511e-05 -1.982997253e+01 -1.982997253e+01 +3.0505e-01 +1.4841e+00 +5.9705e-01 +6.6676e-01 -1.0158e-01
230 0 +2.441292127e-05 -1.982997559e+01 -1.982997559e+01 +3.3251e-01 +1.4909e+00 +6.3408e-01 +6.8943e-01 -1.1002e-01
245 0 +1.527100997e-05 -1.982998473e+01 -1.982998473e+01 +4.4264e-01 +1.4297e+00 +5.6346e-01 +7.0965e-01 -1.1297e-01
247 0 +8.747013492e-06 -1.982999125e+01 -1.982999125e+01 +3.6283e-01 +1.4758e+00 +5.4907e-01 +7.7787e-01 -5.7949e-02
261 0 +2.890207291e-07 -1.982999971e+01 -1.982999971e+01 +3.6775e-01 +1.4637e+00 +5.7918e-01 +7.6188e-01 -9.1507e-02
297 0 +3.433547491e-08 -1.982999997e+01 -1.982999997e+01 +3.6363e-01 +1.4728e+00 +5.8744e-01 +7.3481e-01 -8.8574e-02
340 0 +2.743495386e-08 -1.982999997e+01 -1.982999997e+01 +3.7257e-01 +1.4640e+00 +5.7272e-01 +7.4992e-01 -8.8858e-02
351 0 +7.400551283e-10 -1.983000000e+01 -1.983000000e+01 +3.6965e-01 +1.4675e+00 +5.7906e-01 +7.3856e-01 -8.8784e-02
504 0 +3.378630709e-12 -1.983000000e+01 -1.983000000e+01 +3.7439e-01 +1.4626e+00 +5.7852e-01 +7.3565e-01 -9.3279e-02
