% f evaluations | g evaluations | best noise-free fitness - Fopt (9.294000000000e+01) + sum g_i+ | measured fitness | best measured fitness or single-digit g-values | x1 | x2...
1 0 +8.543762459e+02 +9.473162459e+02 +9.473162459e+02 +5.3659e-01 +1.3095e-01 +2.8950e-02 -5.5906e-01 -8.3218e-02 -1.0643e-01 -2.4823e-02 -1.8811e-01 -1.3146e-02 -1.4317e-01
2 0 +6.935983363e+02 +7.865383363e+02 +7.865383363e+02 -3.9416e-01 +2.6539e-01 +2.6440e-01 +5.1288e-01 +1.5010e-02 -1.2141e-01 -1.6361e-01 -4.6396e-01 +2.9472e-01 -3.3034e-01
6 0 +6.755575129e+02 +7.684975129e+02 +7.684975129e+02 +3.0396e-01 +2.5584e-01 +3.3246e-01 +3.3582e-01 +4.4627e-01 -3.3550e-01 +2.5376e-01 -5.5829e-01 -1.8087e-01 -5.7437e-01
7 0 +6.529335254e+02 +7.458735254e+02 +7.458735254e+02 +3.1444e-01 +4.0012e-01 -5.9225e-02 +5.3240e-01 -2.0242e-01 +4.5186e-02 +4.5885e-02 -3.1927e-01 +1.3139e-01 +5.8172e-01
11 0 +5.785826769e+02 +6.715226769e+02 +6.715226769e+02 -1.4598e-01 -5.2047e-03 +8.7915e-02 +6.2330e-01 +3.8404e-01 +2.6557e-01 +5.6562e-01 -3.4643e-01 -1.6826e-01 +2.2686e-01
19 0 +5.194516144e+02 +6.123916144e+02 +6.123916144e+02 +2.1636e-01 +6.7118e-01 +2.8851e-01 +3.9736e-01 +4.4772e-01 +2.0119e-01 -1.1472e-01 +7.3442e-02 +3.2768e-01 -7.0029e-02
29 0 +5.110415984e+02 +6.039815984e+02 +6.039815984e+02 -1.7929e-01 +7.0389e-01 +2.8469e-01 +4.3017e-01 +3.8836e-01 +9.0862e-01 +4.8452e-01 -4.6557e-01 -2.9586e-01 +2.7435e-01
33 0 +4.306703136e+02 +5.236103136e+02 +5.236103136e+02 -3.0627e-03 +3.9475e-01 +6.8091e-01 +4.3662e-01 +3.0280e-01 +1.4599e+00 +1.4876e-01 -1.1754e-02 -2.8118e-01 +5.4511e-01
41 0 +3.972366982e+02 +4.901766982e+02 +4.901766982e+02 -2.6840e-01 +3.6963e-01 +5.4791e-01 +4.8400e-01 +6.0796e-01 +1.6800e+00 +4.8609e-01 +9.4781e-02 +2.6806e-01 +6.9278e-02
50 0 +2.845768665e+02 +3.775168665e+02 +3.775168665e+02 +8.5690e-02 +9.1964e-01 +7.0424e-01 +6.2263e-01 +1.2694e+00 +1.5054e+00 +3.6954e-01 -4.4117e-01 +2.6906e-01 +6.6325e-01
59 0 +2.157237244e+02 +3.086637244e+02 +3.086637244e+02 +2.1231e-01 +1.3377e+00 +7.8455e-01 +8.7003e-01 +1.2446e+00 +3.2548e+00 +2.3064e-01 -5.0254e-01 -1.2536e-01 +9.6524e-01
69 0 +2.024806417e+02 +2.954206417e+02 +2.954206417e+02 -6.7759e-01 +2.3107e+00 +4.6296e-01 +5.6416e-01 +2.0461e+00 +3.2742e+00 +6.2313e-01 -7.0367e-01 +8.5408e-02 +1.3938e+00
78 0 +1.747945519e+02 +2.677345519e+02 +2.677345519e+02 -2.0487e-01 +1.7453e+00 +1.1795e+00 +9.9519e-01 +1.6919e+00 +2.9529e+00 +2.7495e-01 -7.0853e-02 +1.7863e-01 +5.4435e-01
82 0 +1.493554200e+02 +2.422954200e+02 +2.422954200e+02 -4.6818e-01 +1.6794e+00 +2.2753e+00 +1.0790e+00 +1.3747e+00 +3.8556e+00 +4.2016e-01 -4.4502e-01 +9.0710e-01 +1.0406e+00
87 0 +1.144853777e+02 +2.074253777e+02 +2.074253777e+02 -3.7519e-01 +1.0100e+00 +1.0458e+00 +1.8208e+00 +1.8275e+00 +4.6442e+00 +1.6401e+00 -1.1519e+00 +5.2851e-01 +7.7895e-01
113 0 +8.221864660e+01 +1.751586466e+02 +1.751586466e+02 +4.6353e-01 +1.9333e+00 +1.5399e+00 +2.4485e+00 +8.6255e-01 +3.1531e+00 -5.3909e-01 -1.9446e+00 +1.7430e+00 +8.6648e-02
121 0 +4.843674856e+01 +1.413767486e+02 +1.413767486e+02 +4.2237e-01 +8.4255e-01 +1.9395e+00 +3.2625e+00 +1.5386e+00 +3.5405e+00 +8.7466e-01 -2.1074e+00 +1.8719e-01 +5.6050e-01
145 0 +3.288530023e+01 +1.258253002e+02 +1.258253002e+02 +1.0652e-01 +1.0584e+00 +2.0420e+00 +3.8703e+00 +1.6334e+00 +2.7171e+00 -1.9354e-01 -1.2681e+00 +1.7542e+00 -3.1035e-01
173 0 +3.234043045e+01 +1.252804304e+02 +1.252804304e+02 +6.4777e-01 +9.3383e-01 +2.6517e+00 +4.1412e+00 +1.5230e+00 +2.9219e+00 +1.1211e+00 -1.7421e+00 +1.2736e+00 +5.9646e-01
195 0 +2.777779045e+01 +1.207177904e+02 +1.207177904e+02 -8.2704e-01 +3.2026e-02 +2.2443e+00 +4.6622e+00 +1.8785e+00 +3.0628e+00 +3.4345e-01 -2.1192e+00 +1.0571e+00 +1.1198e+00
209 0 +2.527988109e+01 +1.182198811e+02 +1.182198811e+02 +1.9451e-01 +1.0565e+00 +1.5069e+00 +2.9415e+00 +2.2424e+00 +1.8890e+00 +8.5066e-01 -1.5380e+00 +2.6012e+00 -7.4453e-01
220 0 +1.548630388e+01 +1.084263039e+02 +1.084263039e+02 -1.7456e-01 +1.5754e+00 +2.0490e+00 +4.1521e+00 +2.3360e+00 +2.5626e+00 +1.4764e-01 -2.0077e+00 +2.7623e+00 +8.3262e-01
247 0 +1.266570854e+01 +1.056057085e+02 +1.056057085e+02 +4.8260e-01 +1.3161e+00 +1.2615e+00 +4.7519e+00 +8.5687e-01 +3.2208e+00 +6.1495e-01 -2.2488e+00 +3.0825e+00 +5.3468e-01
267 0 +9.643964631e+00 +1.025839646e+02 +1.025839646e+02 +1.0244e+00 +1.3253e+00 +1.3282e+00 +4.4278e+00 +1.1845e+00 +2.3282e+00 +5.3195e-01 -1.9497e+00 +2.9614e+00 -2.2339e-01
294 0 +7.518492552e+00 +1.004584926e+02 +1.004584926e+02 +8.4049e-01 +1.2448e+00 +6.8253e-01 +3.6973e+00 +1.7246e+00 +2.4835e+00 +6.8240e-01 -1.6901e+00 +2.6200e+00 +8.1533e-01
302 0 +6.007318201e+00 +9.894731820e+01 +9.894731820e+01 +5.4744e-01 +1.0532e+00 +5.1705e-01 +3.8014e+00 +1.5244e+00 +2.9875e+00 +6.8042e-01 -1.6814e+00 +2.6093e+00 +5.2209e-01
337 0 +4.025693497e+00 +9.696569350e+01 +9.696569350e+01 +5.0008e-01 +1.1023e+00 +1.1391e+00 +3.9848e+00 +1.8663e+00 +2.9563e+00 +1.3975e+00 -2.0021e+00 +2.5839e+00 +8.1343e-01
351 0 +3.871406295e+00 +9.681140629e+01 +9.681140629e+01 +7.4201e-01 +1.2141e+00 +8.2909e-01 +3.8775e+00 +1.6946e+00 +2.9367e+00 +1.1939e+00 -1.9360e+00 +3.2177e+00 +1.0325e+00
376 0 +3.511626502e+00 +9.645162650e+01 +9.645162650e+01 +8.3313e-02 +9.4673e-01 +4.4410e-01 +3.9550e+00 +1.4606e+00 +2.9876e+00 +6.9789e-01 -1.8124e+00 +3.7105e+00 +9.3060e-01
425 0 +3.231067566e+00 +9.617106757e+01 +9.617106757e+01 +4.3968e-01 +7.8932e-01 +3.3496e-01 +4.2013e+00 +2.0048e+00 +2.9834e+00 +8.1632e-01 -1.9164e+00 +3.2945e+00 +1.5524e+00
458 0 +2.765165169e+00 +9.570516517e+01 +9.570516517e+01 +4.1307e-01 +8.2573e-01 +6.7985e-02 +3.8189e+00 +2.0600e+00 +3.0238e+00 +1.0409e+00 -1.9557e+00 +3.1191e+00 +1.5426e+00
461 0 +1.910519554e+00 +9.485051955e+01 +9.485051955e+01 +4.6332e-01 +8.2362e-01 +4.3304e-01 +3.8976e+00 +1.8401e+00 +3.0300e+00 +1.1160e+00 -2.0517e+00 +2.9290e+00 +1.2243e+00
508 0 +1.609932557e+00 +9.454993256e+01 +9.454993256e+01 +4.4272e-01 +9.4483e-01 +6.0875e-01 +3.9115e+00 +2.0157e+00 +2.9401e+00 +1.0564e+00 -1.9680e+00 +3.1400e+00 +1.3265e+00
639 0 +1.582228969e+00 +9.452222897e+01 +9.452222897e+01 +3.1339e-01 +1.3309e+00 +7.8632e-01 +3.6639e+00 +1.9012e+00 +2.9232e+00 +8.3732e-01 -1.8121e+00 +3.4250e+00 +1.0476e+00
757 0 +1.528192034e+00 +9.446819203e+01 +9.446819203e+01 +2.7854e-01 +1.2003e+00 +6.9136e-01 +3.7421e+00 +1.7854e+00 +3.0319e+00 +9.3519e-01 -1.8726e+00 +3.4016e+00 +1.0180e+00
779 0 +1.509266303e+00 +9.444926630e+01 +9.444926630e+01 +3.2685e-01 +1.2393e+00 +6.6542e-01 +3.6358e+00 +1.9523e+00 +2.9842e+00 +9.6808e-01 -1.8442e+00 +3.4805e+00 +1.1254e+00
1010 0 +1.488782278e+00 +9.442878228e+01 +9.442878228e+01 +3.2108e-01 +1.2722e+00 +7.0090e-01 +3.7006e+00 +1.8800e+00 +3.0070e+00 +9.9003e-01 -1.8812e+00 +3.4757e+00 +1.1488e+00
% f evaluations | g evaluations | best noise-free fitness - Fopt (3.535000000000e+01) + sum g_i+ | measured fitness | best measured fitness or single-digit g-values | x1 | x2...
1 0 +4.033685044e+02 +4.387185044e+02 +4.387185044e+02 +5.3659e-01 +1.3095e-01 +2.8950e-02 -5.5906e-01 -8.3218e-02 -1.0643e-01 -2.4823e-02 -1.8811e-01 -1.3146e-02 -1.4317e-01
2 0 +3.273902681e+02 +3.627402681e+02 +3.627402681e+02 -3.9416e-01 +2.6539e-01 +2.6440e-01 +5.1288e-01 +1.5010e-02 -1.2141e-01 -1.6361e-01 -4.6396e-01 +2.9472e-01 -3.3034e-01
4 0 +3.213470398e+02 +3.566970398e+02 +3.566970398e+02 +2.2352e-01 +5.9284e-01 -3.7324e-01 -1.8793e-01 -2.4113e-01 -7.2574e-01 -2.7715e-01 -3.0717e-01 +3.3721e-01 -3.9576e-02
6 0 +2.779045890e+02 +3.132545890e+02 +3.132545890e+02 +3.0396e-01 +2.5584e-01 +3.3246e-01 +3.3582e-01 +4.4627e-01 -3.3550e-01 +2.5376e-01 -5.5829e-01 -1.8087e-01 -5.7437e-01
13 0 +2.268482080e+02 +2.621982080e+02 +2.621982080e+02 +2.0318e-01 +4.6429e-01 +4.6578e-01 +4.4996e-01 -2.9084e-02 -6.6485e-01 +1.5236e-01 -2.5999e-01 +6.9476e-02 -2.6169e-01
21 0 +2.058797688e+02 +2.412297688e+02 +2.412297688e+02 +3.2579e-01 +6.7230e-01 -3.3741e-01 +5.1080e-01 +9.8859e-02 -8.4870e-01 -5.7451e-03 -5.4840e-02 +1.1023e-01 -3.5206e-01
23 0 +1.474563095e+02 +1.828063095e+02 +1.828063095e+02 +2.3259e-01 +2.2604e-01 +4.5022e-01 +1.0019e+00 -6.4766e-01 -9.8670e-01 -6.4740e-02 +5.4106e-02 -1.4168e-01 -1.6937e-01
32 0 +1.158579006e+02 +1.512079006e+02 +1.512079006e+02 -1.7650e-01 +1.1295e-01 +9.1377e-01 +1.4144e+00 +8.7106e-02 -1.8090e+00 +6.7152e-02 -3.2926e-01 -1.7212e-01 -3.7526e-01
38 0 +1.091233076e+02 +1.444733076e+02 +1.444733076e+02 +9.5987e-01 +2.5230e-01 +2.8533e-01 +8.4014e-01 +1.4743e-01 -1.8698e+00 +4.6779e-01 +4.7521e-01 +1.8647e-01 -4.1660e-01
42 0 +7.995369117e+01 +1.153036912e+02 +1.153036912e+02 +4.4288e-01 +5.1937e-01 +9.4443e-01 +1.3503e+00 +4.7226e-01 -1.2919e+00 +1.9697e-01 +6.3176e-01 -1.6382e-01 -3.9528e-01
46 0 +4.723679812e+01 +8.258679812e+01 +8.258679812e+01 +3.6551e-01 +6.3401e-01 +1.2060e+00 +1.7603e+00 +5.2977e-03 -2.0816e+00 +5.6650e-01 +5.6358e-01 +1.8702e-01 -3.3824e-01
58 0 +3.803691601e+01 +7.338691601e+01 +7.338691601e+01 +8.4321e-01 +1.1644e+00 +1.8017e+00 +2.0126e+00 +1.2102e-01 -2.0253e+00 +1.2301e+00 +3.5141e-01 +9.4502e-01 -5.2006e-01
71 0 +2.978654002e+01 +6.513654002e+01 +6.513654002e+01 +1.8110e+00 +5.9032e-01 +1.4713e+00 +1.5579e+00 +7.6647e-01 -1.7942e+00 +1.1797e+00 +1.1700e+00 +1.8208e+00 -1.3650e+00
131 0 +2.587939279e+01 +6.122939279e+01 +6.122939279e+01 +7.6115e-01 -1.2553e+00 +3.6762e+00 +6.0059e-01 -1.8132e-01 -3.7188e+00 +5.2188e-01 +1.0620e-01 +1.9541e+00 -1.3008e+00
134 0 +2.265629626e+01 +5.800629626e+01 +5.800629626e+01 +1.5593e+00 -9.2762e-01 +3.8109e+00 +1.5865e+00 -4.9718e-01 -2.9709e+00 +1.8912e+00 -4.6841e-01 +1.8130e+00 -1.8043e+00
201 0 +1.459553869e+01 +4.994553869e+01 +4.994553869e+01 +1.4394e+00 -1.1933e+00 +4.8929e+00 +7.7017e-01 -7.6008e-01 -3.3906e+00 +2.6729e+00 +8.1434e-01 +2.0569e+00 -1.1829e+00
214 0 +9.405412213e+00 +4.475541221e+01 +4.475541221e+01 +9.4148e-01 -1.6595e+00 +4.9313e+00 +6.2574e-01 -1.4010e+00 -3.5191e+00 +2.3568e+00 +6.7303e-01 +1.4164e+00 -1.5753e+00
278 0 +7.736324930e+00 +4.308632493e+01 +4.308632493e+01 +1.4717e+00 -5.0850e-01 +4.6211e+00 +8.2770e-01 -8.9624e-01 -3.1870e+00 +2.2528e+00 +5.5137e-01 +1.4393e+00 -1.3504e+00
295 0 +6.690021558e+00 +4.204002156e+01 +4.204002156e+01 +1.4209e+00 -5.7995e-01 +5.1736e+00 +1.1476e+00 -9.7826e-01 -2.9036e+00 +2.9875e+00 +6.0146e-01 +1.2432e+00 -1.5102e+00
315 0 +5.189618604e+00 +4.053961860e+01 +4.053961860e+01 +1.6020e+00 -3.2116e-01 +5.5058e+00 +7.7654e-01 -1.6920e+00 -2.9346e+00 +2.9088e+00 +6.6327e-01 +1.6579e+00 -2.1128e+00
331 0 +4.640315559e+00 +3.999031556e+01 +3.999031556e+01 +1.4390e+00 -4.6115e-01 +5.3551e+00 +3.5620e-01 -1.3215e+00 -2.8579e+00 +2.4731e+00 +8.4197e-01 +2.0189e+00 -1.8570e+00
392 0 +4.419410386e+00 +3.976941039e+01 +3.976941039e+01 +1.1823e+00 -5.5513e-01 +5.0610e+00 +5.4666e-01 -1.2027e+00 -2.8212e+00 +2.3457e+00 +1.0799e+00 +1.3514e+00 -1.5804e+00
404 0 +1.823541015e+00 +3.717354102e+01 +3.717354102e+01 +1.3185e+00 -2.4716e-01 +4.8024e+00 +6.8982e-01 -1.3981e+00 -2.5440e+00 +2.0901e+00 +1.0752e+00 +1.6838e+00 -1.8432e+00
482 0 +1.649042520e+00 +3.699904252e+01 +3.699904252e+01 +1.2284e+00 +6.5410e-02 +4.7820e+00 +9.9923e-01 -1.1602e+00 -2.5345e+00 +1.9564e+00 +1.0240e+00 +1.2303e+00 -1.5910e+00
499 0 +1.609007697e+00 +3.695900770e+01 +3.695900770e+01 +1.1111e+00 -1.7453e-01 +5.0159e+00 +1.0122e+00 -1.6559e+00 -2.5384e+00 +2.1955e+00 +9.8975e-01 +1.2292e+00 -1.5441e+00
514 0 +1.419442210e+00 +3.676944221e+01 +3.676944221e+01 +1.3444e+00 +1.6192e-01 +5.1488e+00 +6.9565e-01 -1.5285e+00 -2.4928e+00 +2.3006e+00 +1.0867e+00 +1.3339e+00 -1.6122e+00
523 0 +1.362961346e+00 +3.671296135e+01 +3.671296135e+01 +1.1821e+00 -1.0246e-01 +4.9575e+00 +9.4011e-01 -1.5499e+00 -2.4964e+00 +2.1705e+00 +9.5982e-01 +1.2427e+00 -1.4925e+00
537 0 +1.343856831e+00 +3.669385683e+01 +3.669385683e+01 +1.3728e+00 -6.2584e-02 +4.9612e+00 +8.8597e-01 -1.3660e+00 -2.4823e+00 +2.2480e+00 +1.0330e+00 +1.4031e+00 -1.4580e+00
550 0 +1.225190634e+00 +3.657519063e+01 +3.657519063e+01 +1.3083e+00 +1.0597e-02 +4.9240e+00 +8.7300e-01 -1.4807e+00 -2.4378e+00 +2.0906e+00 +1.0529e+00 +1.4358e+00 -1.5440e+00
570 0 +1.157357107e+00 +3.650735711e+01 +3.650735711e+01 +1.3995e+00 +2.3197e-02 +5.0004e+00 +7.8629e-01 -1.4656e+00 -2.5170e+00 +2.2640e+00 +1.0412e+00 +1.4093e+00 -1.4787e+00
577 0 +1.133416266e+00 +3.648341627e+01 +3.648341627e+01 +1.3442e+00 +5.7298e-02 +4.8926e+00 +8.6337e-01 -1.4329e+00 -2.5533e+00 +2.1249e+00 +9.5364e-01 +1.4183e+00 -1.4748e+00
597 0 +1.115780878e+00 +3.646578088e+01 +3.646578088e+01 +1.4086e+00 -1.6155e-02 +5.0278e+00 +6.6495e-01 -1.4859e+00 -2.5209e+00 +2.2198e+00 +1.0610e+00 +1.5166e+00 -1.5460e+00
653 0 +1.093071274e+00 +3.644307127e+01 +3.644307127e+01 +1.2542e+00 -1.0015e-01 +4.9523e+00 +9.1327e-01 -1.5452e+00 -2.7003e+00 +2.0916e+00 +1.0084e+00 +1.2710e+00 -1.4856e+00
671 0 +1.047256822e+00 +3.639725682e+01 +3.639725682e+01 +1.3269e+00 -1.5612e-01 +5.1022e+00 +8.1528e-01 -1.5517e+00 -2.7516e+00 +2.1443e+00 +9.9962e-01 +1.3469e+00 -1.4878e+00
784 0 +1.039400435e+00 +3.638940043e+01 +3.638940043e+01 +1.2847e+00 -7.9323e-02 +5.0433e+00 +7.7351e-01 -1.5982e+00 -2.7583e+00 +2.0574e+00 +9.4032e-01 +1.3237e+00 -1.5027e+00
827 0 +1.020037247e+00 +3.637003725e+01 +3.637003725e+01 +1.2107e+00 -1.1746e-01 +5.0234e+00 +7.7838e-01 -1.6367e+00 -2.7814e+00 +2.0334e+00 +8.9663e-01 +1.3716e+00 -1.5336e+00
1010 0 +1.019489044e+00 +3.636948904e+01 +3.636948904e+01 +1.2251e+00 -9.0210e-02 +4.9958e+00 +7.6267e-01 -1.6362e+00 -2.7636e+00 +2.0769e+00 +9.3039e-01 +1.3421e+00 -1.5551e+00
% f evaluations | g evaluations | best noise-free fitness - Fopt (3.820000000000e+00) + sum g_i+ | measured fitness | best measured fitness or single-digit g-values | x1 | x2...
1 0 +1.772513338e+02 +1.810713338e+02 +1.810713338e+02 +5.3659e-01 +1.3095e-01 +2.8950e-02 -5.5906e-01 -8.3218e-02 -1.0643e-01 -2.4823e-02 -1.8811e-01 -1.3146e-02 -1.4317e-01
12 0 +1.591693632e+02 +1.629893632e+02 +1.629893632e+02 +6.0502e-01 +1.4820e-01 -2.9308e-01 +2.6100e-02 -2.5794e-01 -4.3845e-01 +1.9890e-01 -4.1879e-01 -3.3505e-02 +5.0077e-01
17 0 +1.419307447e+02 +1.457507447e+02 +1.457507447e+02 +7.8361e-02 +2.0447e-01 +1.8925e-01 -4.5435e-01 +8.2438e-03 +1.7548e-01 -2.0722e-01 -5.3913e-01 +6.0185e-01 +8.0784e-01
24 0 +1.257502796e+02 +1.295702796e+02 +1.295702796e+02 +3.6015e-01 +1.6178e-01 +1.6589e-01 -1.5479e-01 -3.8754e-01 +6.3771e-01 -1.2582e-01 -9.9624e-01 +2.0472e-01 +6.2204e-01
33 0 +1.094000473e+02 +1.132200473e+02 +1.132200473e+02 +5.3085e-01 +2.7110e-01 -3.0450e-01 +3.7580e-01 -3.0576e-01 +5.4846e-01 -5.6071e-01 -7.5268e-01 +7.8730e-01 +1.1439e+00
41 0 +9.442893559e+01 +9.824893559e+01 +9.824893559e+01 +6.3355e-01 -2.3382e-01 +2.5137e-01 +5.4708e-01 -3.3547e-01 +8.0666e-01 -5.6481e-01 -7.3072e-01 +4.5398e-01 +1.4643e+00
54 0 +9.107880939e+01 +9.489880939e+01 +9.489880939e+01 +8.1560e-01 +2.1557e-01 -5.0022e-01 +1.0614e+00 -8.4335e-01 +3.0453e-01 -7.5027e-01 -1.4420e+00 +8.4380e-01 +1.5731e+00
57 0 +8.789969084e+01 +9.171969084e+01 +9.171969084e+01 +3.8155e-01 +1.3031e-01 +2.9638e-01 +6.3296e-01 -8.7431e-01 +3.1876e-01 -4.9076e-01 -1.4059e+00 +4.4400e-01 +2.2616e+00
58 0 +7.090132100e+01 +7.472132100e+01 +7.472132100e+01 +8.3758e-01 +1.6158e-01 +3.7987e-01 +4.2900e-01 -7.6758e-01 +7.1834e-01 -5.0454e-01 -7.3153e-01 +8.9953e-01 +2.2615e+00
72 0 +5.891306194e+01 +6.273306194e+01 +6.273306194e+01 +1.4758e+00 +2.2295e-01 +5.9670e-01 +4.0182e-01 -4.4636e-01 +2.6998e-01 -5.0395e-01 -7.5318e-01 +1.0000e+00 +1.7259e+00
75 0 +4.721157734e+01 +5.103157734e+01 +5.103157734e+01 +2.0426e+00 +1.2906e+00 +7.8639e-01 +1.0871e+00 +5.5119e-02 +1.1757e+00 -6.0738e-02 -1.2545e+00 +1.1434e+00 +1.4353e+00
80 0 +2.439208249e+01 +2.821208249e+01 +2.821208249e+01 +1.1972e+00 +4.4015e-01 +1.1163e+00 +1.0120e+00 -6.8388e-01 +2.1461e+00 -1.4081e+00 -1.2071e+00 +2.0037e+00 +3.0270e+00
112 0 +2.028761969e+01 +2.410761969e+01 +2.410761969e+01 +1.1565e+00 -1.2952e-01 +2.4524e+00 +2.0400e+00 -5.1689e-02 +1.4960e+00 -1.4937e+00 -1.7521e+00 +2.2615e+00 +3.5357e+00
141 0 +1.792584926e+01 +2.174584926e+01 +2.174584926e+01 +8.8164e-01 -4.1537e-01 +1.8249e+00 +8.5823e-01 -2.4342e-01 +1.5095e+00 -1.4595e+00 -1.8176e+00 +2.3271e+00 +2.6911e+00
178 0 +1.723113953e+01 +2.105113953e+01 +2.105113953e+01 +1.6934e-01 -5.7666e-01 +2.3665e+00 +1.2203e+00 -4.1671e-03 +2.1169e+00 -1.9782e+00 -1.9690e+00 +2.6499e+00 +3.1511e+00
204 0 +1.367299408e+01 +1.749299408e+01 +1.749299408e+01 +3.6630e-02 -4.7020e-01 +2.6541e+00 +2.8945e-01 +5.7927e-01 +1.6751e+00 -8.2941e-01 -2.5916e+00 +2.2201e+00 +2.2574e+00
264 0 +1.221295511e+01 +1.603295511e+01 +1.603295511e+01 +5.0513e-01 -5.3630e-01 +2.8641e+00 +3.7228e-01 +1.1834e-01 +2.1765e+00 -1.3887e+00 -2.3070e+00 +1.7537e+00 +2.3328e+00
266 0 +1.190194595e+01 +1.572194595e+01 +1.572194595e+01 +4.2393e-01 -6.9529e-01 +2.8226e+00 +1.8010e-01 +2.8123e-01 +1.5935e+00 -1.2223e+00 -2.5905e+00 +1.9106e+00 +1.9076e+00
299 0 +1.092408920e+01 +1.474408920e+01 +1.474408920e+01 +3.7837e-01 -1.2415e-01 +2.5515e+00 +4.3492e-02 +1.6761e-01 +1.9405e+00 -6.7827e-01 -2.7007e+00 +2.0437e+00 +1.8974e+00
302 0 +9.286443483e+00 +1.310644348e+01 +1.310644348e+01 +6.6851e-01 -2.0501e-01 +2.3676e+00 -2.6591e-01 +3.3202e-02 +2.0192e+00 -9.8417e-01 -2.7400e+00 +2.0468e+00 +1.9358e+00
320 0 +9.088547002e+00 +1.290854700e+01 +1.290854700e+01 +8.6636e-01 -2.3663e-01 +2.3563e+00 -3.0494e-01 +3.4841e-01 +1.9971e+00 -1.1685e+00 -2.4423e+00 +1.9031e+00 +1.9019e+00
328 0 +8.746563781e+00 +1.256656378e+01 +1.256656378e+01 +9.4090e-01 -2.8412e-01 +2.5962e+00 -7.6983e-01 +5.8864e-01 +2.0318e+00 -5.8936e-01 -3.0089e+00 +1.8032e+00 +1.3114e+00
339 0 +7.936471107e+00 +1.175647111e+01 +1.175647111e+01 +9.6309e-01 -4.3423e-01 +2.5147e+00 -4.1157e-01 +5.3865e-01 +1.6850e+00 -8.1574e-01 -2.9317e+00 +1.9940e+00 +1.5169e+00
381 0 +7.578720474e+00 +1.139872047e+01 +1.139872047e+01 +1.3172e+00 +9.2974e-02 +2.4013e+00 -1.4509e+00 +2.2654e-01 +2.1741e+00 -8.5749e-01 -3.0743e+00 +1.6371e+00 +1.1796e+00
412 0 +6.972603969e+00 +1.079260397e+01 +1.079260397e+01 +1.6244e+00 -6.7772e-02 +2.4038e+00 -1.3292e+00 +2.8275e-01 +1.0714e+00 -6.2053e-01 -2.7915e+00 +1.4489e+00 +4.5769e-01
418 0 +6.623177651e+00 +1.044317765e+01 +1.044317765e+01 +1.5151e+00 -1.0260e-01 +2.7304e+00 -8.7087e-01 +4.0691e-01 +1.2568e+00 -7.8596e-01 -2.8379e+00 +1.4293e+00 +1.1257e+00
437 0 +5.796475135e+00 +9.616475135e+00 +9.616475135e+00 +1.8512e+00 -1.6608e-02 +2.4111e+00 -1.2832e+00 +9.3670e-02 +1.4849e+00 -8.9492e-01 -2.6677e+00 +1.4050e+00 +9.5803e-01
497 0 +5.493028651e+00 +9.313028651e+00 +9.313028651e+00 +1.3189e+00 -3.9136e-01 +2.6601e+00 -1.3301e+00 +2.5432e-01 +8.7036e-01 -8.9225e-01 -3.0828e+00 +1.5078e+00 +8.0372e-01
511 0 +5.205795045e+00 +9.025795045e+00 +9.025795045e+00 +1.4378e+00 -1.8009e-01 +2.7295e+00 -1.1786e+00 +3.2160e-01 +1.1135e+00 -6.2768e-01 -3.0914e+00 +1.6994e+00 +9.1966e-01
518 0 +4.735452841e+00 +8.555452841e+00 +8.555452841e+00 +1.3111e+00 -3.5504e-01 +2.8321e+00 -1.1093e+00 +3.0614e-01 +1.2130e+00 -7.1166e-01 -2.8700e+00 +1.5469e+00 +1.1599e+00
522 0 +4.646681565e+00 +8.466681565e+00 +8.466681565e+00 +1.3936e+00 -3.8382e-01 +2.8184e+00 -9.2280e-01 +3.7719e-01 +1.1200e+00 -8.6391e-01 -2.9639e+00 +1.6544e+00 +1.1850e+00
960 0 +4.581124502e+00 +8.401124502e+00 +8.401124502e+00 +1.3798e+00 -3.5852e-01 +2.7156e+00 -9.7841e-01 +4.4705e-01 +1.1441e+00 -6.5152e-01 -3.0089e+00 +1.6143e+00 +1.0319e+00
% f evaluations | g evaluations | best noise-free fitness - Fopt (2.175000000000e+01) + sum g_i+ | measured fitness | best measured fitness or single-digit g-values | x1 | x2...
1 0 +3.765158311e+02 +3.982658311e+02 +3.982658311e+02 +5.3659e-01 +1.3095e-01 +2.8950e-02 -5.5906e-01 -8.3218e-02 -1.0643e-01 -2.4823e-02 -1.8811e-01 -1.3146e-02 -1.4317e-01
2 0 +2.710463012e+02 +2.927963012e+02 +2.927963012e+02 -3.9416e-01 +2.6539e-01 +2.6440e-01 +5.1288e-01 +1.5010e-02 -1.2141e-01 -1.6361e-01 -4.6396e-01 +2.9472e-01 -3.3034e-01
7 0 +2.212129143e+02 +2.429629143e+02 +2.429629143e+02 +3.1444e-01 +4.0012e-01 -5.9225e-02 +5.3240e-01 -2.0242e-01 +4.5186e-02 +4.5885e-02 -3.1927e-01 +1.3139e-01 +5.8172e-01
32 0 +2.070842246e+02 +2.288342246e+02 +2.288342246e+02 -3.2738e-02 -3.0830e-01 -7.9356e-01 +9.8906e-01 -2.9548e-02 -3.3488e-01 +5.0530e-01 -1.2258e+00 +9.8062e-01 +4.2141e-01
37 0 +1.967225373e+02 +2.184725373e+02 +2.184725373e+02 +2.4086e-01 -3.4291e-01 -7.9070e-01 +7.1419e-01 +2.1214e-01 -4.4362e-01 +5.8376e-01 -3.1822e-01 +9.8305e-01 -6.2490e-02
38 0 +1.939595979e+02 +2.157095979e+02 +2.157095979e+02 +1.3707e-02 +8.2841e-01 -4.7251e-01 +8.2022e-01 -2.8108e-01 -9.3497e-01 +8.2380e-01 -6.7070e-01 +5.4475e-01 +2.1014e-01
41 0 +1.858988180e+02 +2.076488180e+02 +2.076488180e+02 -2.2918e-02 +3.1821e-01 -8.1261e-01 +9.8556e-01 -8.8975e-01 -1.0809e+00 +2.1562e-01 -6.4323e-01 +7.0545e-01 +1.7443e-01
46 0 +1.811465362e+02 +2.028965362e+02 +2.028965362e+02 -8.2064e-02 +4.2717e-01 -1.1826e+00 +9.3479e-01 -4.5554e-01 -6.6011e-01 +6.7341e-01 -9.9440e-01 +9.0745e-01 +8.1373e-01
47 0 +1.662620831e+02 +1.880120831e+02 +1.880120831e+02 +3.6510e-01 +1.5560e-01 -1.0671e-01 +1.0043e+00 -3.8598e-01 -1.1095e+00 +5.4521e-01 -1.0852e-01 +1.0549e+00 +2.2649e-01
50 0 +1.565539778e+02 +1.783039778e+02 +1.783039778e+02 -5.9721e-01 +6.0589e-02 -1.6416e+00 +8.2966e-01 -5.0197e-01 -1.0190e+00 +5.6148e-01 -9.0137e-01 +9.9892e-01 +8.2652e-01
54 0 +1.424600988e+02 +1.642100988e+02 +1.642100988e+02 +1.0861e-01 +1.1871e+00 -7.4626e-01 +9.7905e-01 -8.5082e-01 -1.4927e+00 +1.0715e+00 -9.3060e-01 +1.1616e+00 +4.1591e-01
57 0 +1.371485926e+02 +1.588985926e+02 +1.588985926e+02 +2.0855e-01 +6.7054e-01 -9.8629e-01 +1.8660e+00 -8.7860e-01 -1.3403e+00 +3.1866e-01 -7.8657e-01 +1.3500e+00 +6.4631e-01
58 0 +1.312957090e+02 +1.530457090e+02 +1.530457090e+02 +3.0154e-01 +3.3772e-01 -1.4127e+00 +1.2837e+00 -6.1964e-01 -1.1409e+00 +5.7638e-01 -4.4059e-01 +1.6785e+00 +1.0243e+00
62 0 +9.943801551e+01 +1.211880155e+02 +1.211880155e+02 +5.2489e-01 +1.0648e+00 -1.6363e+00 +1.5156e+00 -1.0468e+00 -1.2558e+00 +1.2673e+00 -1.2312e+00 +1.8436e+00 +1.8586e+00
74 0 +8.468414217e+01 +1.064341422e+02 +1.064341422e+02 -6.5224e-01 +7.0497e-01 -1.4249e+00 +1.5341e+00 -1.2735e+00 -1.3306e+00 +1.3415e+00 -2.3117e-01 +2.5078e+00 +1.4080e+00
95 0 +6.507579962e+01 +8.682579962e+01 +8.682579962e+01 +9.4366e-02 +8.0247e-01 -1.0526e+00 +1.0688e+00 -1.1847e+00 -1.6575e+00 +9.1420e-01 -1.1482e-01 +2.3065e+00 +2.4753e+00
97 0 +6.018278928e+01 +8.193278928e+01 +8.193278928e+01 -1.2230e+00 +8.1014e-01 -1.7602e+00 +1.7205e+00 -1.0597e+00 -2.3696e+00 +2.5069e+00 +2.5628e-01 +2.6381e+00 +1.9046e+00
103 0 +5.882334735e+01 +8.057334735e+01 +8.057334735e+01 +6.0113e-03 +3.8902e-01 -1.0221e+00 +1.3123e+00 -1.8080e+00 -2.6867e+00 +1.9186e+00 -1.4343e-01 +2.7420e+00 +1.9925e+00
106 0 +5.717811611e+01 +7.892811611e+01 +7.892811611e+01 -5.1454e-01 +6.0220e-01 -2.1537e+00 +1.3386e+00 -1.1653e+00 -2.6798e+00 +1.7167e+00 +1.7438e-01 +3.2136e+00 +2.6189e+00
114 0 +4.559354167e+01 +6.734354167e+01 +6.734354167e+01 -2.6436e-01 -3.5096e-01 -9.6480e-01 +2.3344e+00 -1.1663e+00 -2.8611e+00 +1.9242e+00 +1.4008e+00 +2.3303e+00 +3.0922e+00
137 0 +4.223544784e+01 +6.398544784e+01 +6.398544784e+01 +4.8152e-01 +4.5222e-01 -6.0437e-01 +1.4794e+00 -1.9347e+00 -2.8556e+00 +1.3636e+00 +1.2771e+00 +2.9404e+00 +3.5135e+00
144 0 +3.661058117e+01 +5.836058117e+01 +5.836058117e+01 -4.7715e-01 +1.1303e+00 -1.4778e+00 +7.1850e-01 -1.2463e+00 -5.1294e+00 +1.8352e+00 +1.5232e+00 +2.8097e+00 +4.4434e+00
147 0 +3.561991104e+01 +5.736991104e+01 +5.736991104e+01 -2.0734e-02 +2.8038e-01 -6.3833e-01 +1.7393e+00 -2.4212e+00 -4.4325e+00 +2.0939e+00 +1.2458e+00 +2.6756e+00 +4.2911e+00
153 0 +3.455583662e+01 +5.630583662e+01 +5.630583662e+01 -1.8190e-01 +1.0792e+00 -2.6454e-02 +9.8354e-01 -1.6922e+00 -3.4426e+00 +1.9503e+00 +1.2352e+00 +1.7922e+00 +2.7581e+00
182 0 +3.107579491e+01 +5.282579491e+01 +5.282579491e+01 +3.0127e-01 +1.1618e+00 -1.7319e+00 +8.7966e-01 -3.0540e+00 -4.4820e+00 +2.2816e+00 +1.1606e+00 +2.0422e+00 +4.4249e+00
183 0 +2.712953693e+01 +4.887953693e+01 +4.887953693e+01 +4.1071e-01 +2.3285e+00 -5.5135e-01 +2.7373e+00 -3.3910e+00 -3.2352e+00 +1.5440e+00 +1.5514e+00 +1.2642e+00 +3.3745e+00
204 0 +2.502939939e+01 +4.677939939e+01 +4.677939939e+01 +2.7552e-01 +9.4593e-01 -1.4196e+00 +1.3611e+00 -2.1668e+00 -4.3095e+00 +3.2050e+00 +1.5001e+00 +1.2916e+00 +3.4396e+00
215 0 +2.257240751e+01 +4.432240751e+01 +4.432240751e+01 -6.0747e-02 +2.1902e+00 -6.9506e-01 +1.8913e+00 -1.7241e+00 -4.1308e+00 +2.0036e+00 +2.5523e+00 +1.2855e+00 +3.3711e+00
216 0 +2.119263533e+01 +4.294263533e+01 +4.294263533e+01 -8.5599e-01 +1.0576e+00 -1.2083e+00 +2.3797e+00 -2.1144e+00 -3.0165e+00 +3.0012e+00 +2.4231e+00 +2.1151e+00 +3.5837e+00
219 0 +1.638922941e+01 +3.813922941e+01 +3.813922941e+01 +2.6850e-01 +1.7314e+00 -1.5672e+00 +2.0468e+00 -2.7955e+00 -4.4613e+00 +2.9818e+00 +1.8559e+00 +1.1966e+00 +4.1034e+00
246 0 +1.499430195e+01 +3.674430195e+01 +3.674430195e+01 -6.9634e-01 +4.6270e-01 -5.5464e-01 +2.2287e+00 -1.7958e+00 -3.7557e+00 +3.1663e+00 +2.3784e+00 +1.5107e+00 +2.6093e+00
252 0 +9.937774914e+00 +3.168777491e+01 +3.168777491e+01 -2.8695e-01 +7.3790e-01 -1.0070e+00 +2.1585e+00 -2.7770e+00 -3.6528e+00 +3.1853e+00 +2.1236e+00 +1.5206e+00 +3.7048e+00
264 0 +8.056565707e+00 +2.980656571e+01 +2.980656571e+01 +2.4465e-01 +4.3680e-01 -1.3684e+00 +2.7045e+00 -2.3743e+00 -3.4702e+00 +3.4881e+00 +2.2147e+00 +1.5334e+00 +3.6136e+00
328 0 +7.502555970e+00 +2.925255597e+01 +2.925255597e+01 +6.6646e-01 +9.7582e-01 -1.3638e+00 +2.3135e+00 -1.2246e+00 -3.0978e+00 +2.7173e+00 +2.7041e+00 +1.8992e+00 +3.7158e+00
339 0 +6.474901954e+00 +2.822490195e+01 +2.822490195e+01 +5.0338e-01 +8.1262e-01 -1.3884e+00 +2.3691e+00 -1.5975e+00 -3.2186e+00 +2.9905e+00 +2.6577e+00 +1.8241e+00 +3.4999e+00
352 0 +6.038637550e+00 +2.778863755e+01 +2.778863755e+01 +8.6360e-01 +1.0393e+00 -8.2379e-01 +2.4120e+00 -1.7805e+00 -3.4388e+00 +2.8588e+00 +2.1535e+00 +1.8182e+00 +3.6991e+00
375 0 +5.807632044e+00 +2.755763204e+01 +2.755763204e+01 +1.4511e+00 +1.1215e+00 -1.2185e+00 +2.6638e+00 -2.0252e+00 -3.5562e+00 +3.0614e+00 +2.1050e+00 +1.7910e+00 +3.9026e+00
386 0 +5.688276325e+00 +2.743827632e+01 +2.743827632e+01 +1.1929e+00 +4.4707e-01 -6.5131e-01 +2.6635e+00 -1.7640e+00 -3.8283e+00 +3.4044e+00 +2.6201e+00 +1.5379e+00 +3.7226e+00
399 0 +4.514124971e+00 +2.626412497e+01 +2.626412497e+01 +1.7473e+00 +8.1092e-01 -1.6527e+00 +3.1501e+00 -1.8698e+00 -3.1393e+00 +3.7083e+00 +2.0968e+00 +1.4309e+00 +3.7554e+00
402 0 +3.796872026e+00 +2.554687203e+01 +2.554687203e+01 +1.5552e+00 +6.8904e-01 -1.1932e+00 +2.5821e+00 -1.0200e+00 -3.2128e+00 +3.3356e+00 +2.7430e+00 +1.7674e+00 +4.0082e+00
428 0 +2.727265764e+00 +2.447726576e+01 +2.447726576e+01 +2.3176e+00 +1.0245e+00 -1.2427e+00 +3.2020e+00 -1.1410e+00 -2.8672e+00 +3.4664e+00 +2.3668e+00 +1.6311e+00 +3.7593e+00
504 0 +2.039424051e+00 +2.378942405e+01 +2.378942405e+01 +2.2470e+00 +1.0246e+00 -8.3476e-01 +3.0540e+00 -1.9309e+00 -2.9330e+00 +3.2568e+00 +2.1726e+00 +1.5601e+00 +3.5530e+00
540 0 +1.095724528e+00 +2.284572453e+01 +2.284572453e+01 +2.6501e+00 +1.0105e+00 -1.0645e+00 +2.9629e+00 -2.3259e+00 -2.7453e+00 +3.2630e+00 +2.1327e+00 +1.4019e+00 +3.9164e+00
613 0 +9.296351481e-01 +2.267963515e+01 +2.267963515e+01 +2.8374e+00 +8.2569e-01 -9.1403e-01 +2.9736e+00 -2.0968e+00 -2.8203e+00 +3.2792e+00 +2.2540e+00 +1.4071e+00 +3.7937e+00
735 0 +9.048691471e-01 +2.265486915e+01 +2.265486915e+01 +2.7312e+00 +5.5431e-01 -8.2404e-01 +3.0245e+00 -2.3521e+00 -2.7702e+00 +3.5744e+00 +2.1843e+00 +1.2762e+00 +3.6795e+00
736 0 +8.669433908e-01 +2.261694339e+01 +2.261694339e+01 +2.7314e+00 +6.2162e-01 -7.9959e-01 +2.9452e+00 -2.1487e+00 -2.8035e+00 +3.4480e+00 +2.3298e+00 +1.4291e+00 +3.7969e+00
1010 0 +8.558371764e-01 +2.260583718e+01 +2.260583718e+01 +2.7887e+00 +6.9507e-01 -7.3616e-01 +2.9076e+00 -2.0492e+00 -2.7347e+00 +3.4478e+00 +2.3404e+00 +1.4347e+00 +3.7143e+00
% f evaluations | g evaluations | best noise-free fitness - Fopt (6.479000000000e+01) + sum g_i+ | measured fitness | best measured fitness or single-digit g-values | x1 | x2...
1 0 +4.388791535e+02 +5.036691535e+02 +5.036691535e+02 +5.3659e-01 +1.3095e-01 +2.8950e-02 -5.5906e-01 -8.3218e-02 -1.0643e-01 -2.4823e-02 -1.8811e-01 -1.3146e-02 -1.4317e-01
2 0 +3.476945082e+02 +4.124845082e+02 +4.124845082e+02 -3.9416e-01 +2.6539e-01 +2.6440e-01 +5.1288e-01 +1.5010e-02 -1.2141e-01 -1.6361e-01 -4.6396e-01 +2.9472e-01 -3.3034e-01
7 0 +3.285414872e+02 +3.933314872e+02 +3.933314872e+02 +3.1444e-01 +4.0012e-01 -5.9225e-02 +5.3240e-01 -2.0242e-01 +4.5186e-02 +4.5885e-02 -3.1927e-01 +1.3139e-01 +5.8172e-01
18 0 +2.962956005e+02 +3.610856005e+02 +3.610856005e+02 -1.3222e-01 +3.0995e-01 +1.4825e-01 +5.0762e-01 +3.0515e-01 -1.8697e-02 -1.5383e-01 -1.2390e-01 +1.5794e-01 +7.4148e-01
30 0 +2.554702630e+02 +3.202602630e+02 +3.202602630e+02 -4.1933e-01 +4.2857e-01 +7.6533e-01 +4.5769e-01 +3.0267e-01 +4.3496e-01 -1.8436e-01 -1.2017e-01 -2.9409e-01 +6.1478e-01
33 0 +2.479417517e+02 +3.127317517e+02 +3.127317517e+02 -9.2421e-01 +3.4297e-01 -9.6327e-02 +3.8896e-01 +5.1608e-01 +1.2139e-02 -2.0092e-01 -9.6154e-03 -1.7558e-01 +8.6840e-01
44 0 +2.392208212e+02 +3.040108212e+02 +3.040108212e+02 -8.2835e-01 +4.8080e-01 +3.8123e-01 +8.9956e-01 +6.2967e-01 -1.4482e-02 -4.3206e-01 -5.9092e-02 -1.3133e-01 +3.0419e-01
56 0 +1.605344210e+02 +2.253244210e+02 +2.253244210e+02 -5.3670e-01 +4.3000e-01 +3.1037e-01 +9.7232e-01 +1.0548e+00 -4.3521e-01 -7.0108e-01 +1.9165e-01 -1.2790e-01 +1.1099e+00
67 0 +1.512052853e+02 +2.159952853e+02 +2.159952853e+02 -1.9635e-01 +5.8085e-01 +7.8062e-01 +1.1894e+00 +9.4396e-01 -4.0658e-01 -7.4700e-01 -3.1724e-02 +1.2573e-01 +1.1766e+00
74 0 +1.403857972e+02 +2.051757972e+02 +2.051757972e+02 -2.2150e-02 +6.7894e-01 +8.3901e-01 +1.2026e+00 +1.3305e+00 -1.2034e-01 -1.0524e+00 +7.1500e-02 +2.8512e-01 +1.2652e+00
83 0 +1.016181889e+02 +1.664081889e+02 +1.664081889e+02 -1.5687e-01 +8.3222e-01 +6.4511e-01 +1.1163e+00 +8.0228e-01 -9.8095e-01 -1.9651e+00 +5.7786e-01 +8.1402e-01 +2.8558e+00
91 0 +8.483983783e+01 +1.496298378e+02 +1.496298378e+02 +5.2817e-01 +1.3176e+00 +6.6546e-01 +1.4394e+00 +1.2363e+00 -8.3571e-01 -1.8627e+00 +3.8100e-01 +6.5427e-02 +2.9656e+00
106 0 +8.073988161e+01 +1.455298816e+02 +1.455298816e+02 -5.2736e-01 +1.4576e+00 +8.6927e-01 +1.5011e+00 +1.8845e+00 -6.3577e-01 -1.7706e+00 +4.7635e-01 -5.1378e-01 +3.4759e+00
122 0 +7.548326334e+01 +1.402732633e+02 +1.402732633e+02 -2.7777e-01 +5.1494e-01 -1.1875e-01 +1.2879e+00 +1.9830e+00 -3.6598e-01 -1.9841e+00 +9.1383e-01 +2.6006e-01 +2.7149e+00
160 0 +6.924253843e+01 +1.340325384e+02 +1.340325384e+02 -6.6806e-01 +9.1496e-01 +1.4528e-01 +2.5474e+00 +1.5935e+00 -8.7849e-01 -2.3136e+00 -6.3451e-02 +2.5366e-01 +3.7378e+00
161 0 +5.549742000e+01 +1.202874200e+02 +1.202874200e+02 -1.5720e-01 +3.5210e-01 +7.6691e-02 +1.9253e+00 +8.4777e-01 -9.7896e-01 -3.1002e+00 -5.4708e-02 +1.8879e-01 +3.9275e+00
188 0 +4.697328225e+01 +1.117632823e+02 +1.117632823e+02 -1.3250e-01 -3.9213e-01 -5.0788e-01 +1.3149e+00 +1.6242e+00 -9.6470e-01 -3.6582e+00 +5.0710e-01 -1.8027e-01 +3.0809e+00
195 0 +4.301687168e+01 +1.078068717e+02 +1.078068717e+02 -6.0774e-01 +4.3147e-01 -5.7031e-01 +5.7558e-01 +9.0531e-01 -1.3931e+00 -3.4484e+00 +9.0293e-01 -8.7863e-01 +2.5295e+00
205 0 +3.599774949e+01 +1.007877495e+02 +1.007877495e+02 -1.8666e+00 +5.4553e-01 -5.9428e-01 +1.8423e+00 +3.8681e-01 -1.4068e+00 -3.7723e+00 +7.4578e-01 -4.6684e-01 +2.5230e+00
213 0 +3.416079542e+01 +9.895079542e+01 +9.895079542e+01 -2.2346e+00 +4.4711e-01 -1.6501e+00 +7.4896e-01 +1.5941e-01 -1.0933e+00 -3.9446e+00 +9.6732e-01 -9.0624e-01 +2.1105e+00
223 0 +3.286526191e+01 +9.765526191e+01 +9.765526191e+01 -1.5098e+00 -9.0272e-01 -1.1053e+00 +1.7438e+00 -2.1684e-01 -1.8520e+00 -3.7968e+00 +1.3650e+00 -3.6935e-01 +2.1590e+00
232 0 +3.035468155e+01 +9.514468155e+01 +9.514468155e+01 -2.6859e+00 -2.3015e-01 -1.0526e+00 +1.4222e+00 +5.8171e-02 -1.3228e+00 -4.5379e+00 +1.4690e+00 -7.0379e-01 +2.1114e+00
235 0 +2.387193115e+01 +8.866193115e+01 +8.866193115e+01 -1.7947e+00 -4.4459e-01 -1.3219e+00 +9.0858e-01 +2.8465e-01 -2.1386e+00 -3.4923e+00 +4.1894e-01 -8.8519e-01 +2.8516e+00
237 0 +2.013228755e+01 +8.492228755e+01 +8.492228755e+01 -1.6030e+00 -1.0378e-02 -2.0793e-01 +1.2684e+00 +1.0365e+00 -1.5966e+00 -4.0523e+00 +7.2976e-01 -1.9018e+00 +2.0197e+00
253 0 +1.477751468e+01 +7.956751468e+01 +7.956751468e+01 -2.2731e+00 -1.6324e+00 -4.8240e-01 +1.1913e+00 +4.9252e-01 -2.1961e+00 -4.0699e+00 +1.5565e-01 -3.2245e-01 +2.6731e+00
289 0 +1.397063626e+01 +7.876063626e+01 +7.876063626e+01 -1.2902e+00 -1.6465e+00 -1.5492e-01 +1.1344e+00 -1.2466e-01 -3.3616e+00 -4.5119e+00 +1.0247e+00 -3.0594e+00 +1.6936e+00
297 0 +1.262673370e+01 +7.741673370e+01 +7.741673370e+01 -6.6265e-01 -1.9497e+00 +3.7758e-01 +1.5486e+00 +9.1702e-02 -2.9351e+00 -3.6224e+00 +1.4811e+00 -2.6087e+00 +1.5508e+00
301 0 +9.283131157e+00 +7.407313116e+01 +7.407313116e+01 -2.5381e+00 -1.0044e+00 +6.5188e-01 +1.5431e+00 -3.5695e-02 -2.0906e+00 -2.9624e+00 +4.0900e-01 -3.2710e+00 +2.3017e+00
307 0 +6.757310862e+00 +7.154731086e+01 +7.154731086e+01 -4.1601e-01 -1.3674e+00 -6.6893e-01 +7.7317e-01 -6.6262e-02 -2.7311e+00 -3.8831e+00 +7.1682e-01 -2.9357e+00 +1.7125e+00
336 0 +4.423390985e+00 +6.921339099e+01 +6.921339099e+01 -9.2587e-01 -1.0374e+00 -2.1422e-01 +1.4421e+00 -3.1690e-01 -3.0052e+00 -3.7929e+00 +8.6709e-01 -4.1464e+00 +2.8454e+00
433 0 +3.076918764e+00 +6.786691876e+01 +6.786691876e+01 -1.1405e+00 -1.5771e+00 -3.1128e-02 +1.7769e+00 -9.6507e-01 -3.2119e+00 -3.7479e+00 +5.6855e-02 -4.6050e+00 +2.9294e+00
458 0 +3.013569997e+00 +6.780357000e+01 +6.780357000e+01 -2.0532e+00 -1.5849e+00 -2.6603e-01 +1.1871e+00 -5.7783e-01 -3.0019e+00 -4.0377e+00 -1.1637e-01 -3.4608e+00 +2.8146e+00
463 0 +1.682901028e+00 +6.647290103e+01 +6.647290103e+01 -1.3431e+00 -1.5094e+00 -2.5648e-01 +1.5115e+00 -2.9035e-01 -2.7536e+00 -3.9878e+00 +7.3536e-02 -3.9281e+00 +2.6389e+00
547 0 +1.454373425e+00 +6.624437342e+01 +6.624437342e+01 -2.2320e+00 -2.1285e+00 +2.0928e-01 +1.5551e+00 -3.7840e-01 -3.0987e+00 -3.7206e+00 -1.2430e-01 -3.2543e+00 +2.7340e+00
551 0 +1.122509278e+00 +6.591250928e+01 +6.591250928e+01 -2.2689e+00 -2.3323e+00 -2.5094e-02 +1.4891e+00 -2.9703e-01 -3.1660e+00 -3.8918e+00 -1.3586e-01 -3.0732e+00 +2.7984e+00
574 0 +8.088097838e-01 +6.559880978e+01 +6.559880978e+01 -1.8071e+00 -1.8684e+00 +4.9245e-02 +1.5192e+00 -4.2555e-01 -3.2702e+00 -3.9171e+00 +7.7351e-02 -3.4900e+00 +2.6500e+00
598 0 +5.894043198e-01 +6.537940432e+01 +6.537940432e+01 -2.0089e+00 -2.1482e+00 +8.9918e-03 +1.3523e+00 -1.0423e-01 -3.1030e+00 -3.8115e+00 -2.3221e-01 -3.3444e+00 +2.6962e+00
613 0 +2.454370513e-01 +6.503543705e+01 +6.503543705e+01 -1.8653e+00 -2.1259e+00 -6.3117e-02 +1.3859e+00 -2.7183e-01 -3.1777e+00 -3.9078e+00 -2.1749e-01 -3.4345e+00 +2.6794e+00
703 0 +1.678720553e-01 +6.495787206e+01 +6.495787206e+01 -1.7978e+00 -2.0074e+00 -1.4881e-01 +1.4708e+00 -3.2876e-01 -3.1475e+00 -3.9102e+00 -2.4003e-01 -3.7629e+00 +2.7249e+00
712 0 +8.204128555e-02 +6.487204129e+01 +6.487204129e+01 -1.7948e+00 -2.1769e+00 -1.4486e-01 +1.3951e+00 -2.3115e-01 -3.0920e+00 -3.8677e+00 -1.7646e-01 -3.5574e+00 +2.6315e+00
748 0 +6.166300743e-02 +6.485166301e+01 +6.485166301e+01 -1.8726e+00 -2.1276e+00 -4.2643e-02 +1.4569e+00 -2.5780e-01 -3.0694e+00 -3.9093e+00 -1.5757e-01 -3.4989e+00 +2.5784e+00
754 0 +5.005324479e-02 +6.484005324e+01 +6.484005324e+01 -1.9194e+00 -2.1089e+00 -2.4261e-02 +1.4445e+00 -3.4084e-01 -3.0656e+00 -3.8772e+00 -1.5311e-01 -3.5385e+00 +2.6589e+00
803 0 +4.031097397e-02 +6.483031097e+01 +6.483031097e+01 -1.8183e+00 -2.0428e+00 -6.5113e-02 +1.4662e+00 -2.9855e-01 -3.0144e+00 -3.8815e+00 -1.7499e-01 -3.5056e+00 +2.7035e+00
813 0 +3.834247741e-02 +6.482834248e+01 +6.482834248e+01 -1.9734e+00 -2.0887e+00 -8.6853e-02 +1.4004e+00 -3.1189e-01 -2.9792e+00 -3.9297e+00 -1.7917e-01 -3.5132e+00 +2.6268e+00
819 0 +3.686325995e-02 +6.482686326e+01 +6.482686326e+01 -1.9343e+00 -2.0489e+00 -5.7549e-02 +1.4163e+00 -2.4824e-01 -3.0058e+00 -3.8996e+00 -1.1755e-01 -3.4414e+00 +2.6334e+00
846 0 +3.178789704e-02 +6.482178790e+01 +6.482178790e+01 -1.9115e+00 -2.1107e+00 -4.8387e-02 +1.4756e+00 -3.0179e-01 -3.0043e+00 -3.8909e+00 -1.3324e-01 -3.4842e+00 +2.6269e+00
867 0 +2.304783624e-02 +6.481304784e+01 +6.481304784e+01 -1.8572e+00 -2.0824e+00 -1.3968e-01 +1.4058e+00 -3.0537e-01 -2.9813e+00 -3.9377e+00 -1.0680e-01 -3.4898e+00 +2.6149e+00
887 0 +1.163510910e-02 +6.480163511e+01 +6.480163511e+01 -1.8564e+00 -2.0766e+00 -1.4108e-01 +1.3888e+00 -2.6118e-01 -2.9898e+00 -3.9223e+00 -7.7661e-02 -3.4741e+00 +2.5758e+00
1010 0 +1.163510910e-02 +6.480163511e+01 +6.480163511e+01 -1.8564e+00 -2.0766e+00 -1.4108e-01 +1.3888e+00 -2.6118e-01 -2.9898e+00 -3.9223e+00 -7.7661e-02 -3.4741e+00 +2.5758e+00
% f evaluations | g evaluations | best noise-free fitness - Fopt (-1.000000000000e+03) + sum g_i+ | measured fitness | best measured fitness or single-digit g-values | x1 | x2...
1 0 +2.415204378e+02 -7.584795622e+02 -7.584795622e+02 +5.3659e-01 +1.3095e-01 +2.8950e-02 -5.5906e-01 -8.3218e-02 -1.0643e-01 -2.4823e-02 -1.8811e-01 -1.3146e-02 -1.4317e-01
3 0 +1.976795098e+02 -8.023204902e+02 -8.023204902e+02 -3.5551e-01 -6.1695e-02 +4.4585e-01 +7.1016e-02 -3.0714e-01 -2.1390e-01 +1.8758e-01 -4.8156e-02 -2.3066e-01 -6.9012e-02
17 0 +1.592333656e+02 -8.407666344e+02 -8.407666344e+02 +1.3144e-01 +1.1439e-01 -1.8758e-01 -5.6451e-02 -7.5313e-01 +4.0047e-01 +3.4481e-01 -5.7930e-01 +7.9534e-02 +4.0541e-01
43 0 +1.424017209e+02 -8.575982791e+02 -8.575982791e+02 -4.4659e-01 -5.1457e-01 +9.4733e-02 +2.2821e-01 -1.3102e+00 -7.1501e-01 -2.2432e-01 -3.8740e-01 +3.3444e-02 +5.4244e-01
56 0 +1.332225907e+02 -8.667774093e+02 -8.667774093e+02 -3.3408e-01 -1.1696e+00 +3.4899e-02 +2.9070e-01 -2.2220e+00 -5.2913e-01 -3.6591e-02 -4.6031e-01 +2.9469e-01 +1.3302e+00
59 0 +1.130977110e+02 -8.869022890e+02 -8.869022890e+02 -1.4201e-01 -4.9360e-01 +5.4398e-02 +5.1663e-01 -1.9919e+00 +9.5150e-02 -2.3215e-01 -1.9003e+00 +8.3652e-01 +1.4172e+00
62 0 +8.925819725e+01 -9.107418027e+02 -9.107418027e+02 +5.8741e-02 -5.2548e-01 +1.9781e-01 +8.1614e-01 -2.6765e+00 +3.7292e-01 +1.7359e-02 -1.8064e+00 +7.3287e-01 +1.1034e+00
73 0 +7.135715549e+01 -9.286428445e+02 -9.286428445e+02 -1.1096e-01 -7.6095e-01 -2.0514e-01 +1.1704e+00 -3.6485e+00 +6.2230e-01 +1.7407e-01 -9.9920e-01 +2.0990e-01 +7.4363e-01
103 0 +5.586834554e+01 -9.441316545e+02 -9.441316545e+02 -1.2079e+00 -1.8918e-01 -4.4275e-01 +1.6828e+00 -4.0980e+00 +6.5017e-01 -2.3838e-01 -2.8208e+00 +1.2921e+00 -4.4720e-01
121 0 +5.081611900e+01 -9.491838810e+02 -9.491838810e+02 -1.2371e+00 -9.9495e-01 +3.2449e-01 +4.1733e-01 -3.5030e+00 +9.5315e-02 -1.5263e+00 -5.1509e-01 +1.0576e+00 -8.5182e-01
137 0 +3.886168335e+01 -9.611383167e+02 -9.611383167e+02 -4.3561e-01 -7.3627e-01 -1.7089e-01 +1.4710e+00 -4.0231e+00 +1.1168e+00 -2.3582e+00 -3.3050e-01 +1.4666e+00 -1.3818e+00
153 0 +2.717183069e+01 -9.728281693e+02 -9.728281693e+02 -1.1374e+00 -4.7245e-01 +1.6971e-01 +9.9049e-01 -4.6298e+00 +8.9859e-01 -2.6632e+00 -1.4593e+00 +2.2484e+00 -4.5189e-01
194 0 +2.480967790e+01 -9.751903221e+02 -9.751903221e+02 -2.7746e+00 -1.5426e+00 -1.2949e+00 +7.0256e-01 -3.8291e+00 +1.2770e+00 -8.2815e-01 +1.4146e+00 +1.3958e+00 -1.2378e+00
205 0 +2.088401816e+01 -9.791159818e+02 -9.791159818e+02 -2.3523e+00 -3.5134e-02 -4.2830e-01 +5.3743e-01 -3.7830e+00 +1.9586e+00 -2.0497e+00 +8.2622e-01 +1.7221e+00 -6.3113e-01
239 0 +1.999858252e+01 -9.800014175e+02 -9.800014175e+02 -2.2389e+00 -5.8825e-01 -7.8811e-01 +6.5078e-01 -4.3896e+00 +1.6854e+00 -3.0135e+00 +1.6621e+00 +1.8576e+00 -1.4914e+00
249 0 +1.677698380e+01 -9.832230162e+02 -9.832230162e+02 -2.1705e+00 -6.2539e-01 -7.2022e-01 +1.6879e+00 -4.5105e+00 +2.0098e+00 -3.2471e+00 -2.9554e-01 +2.0594e+00 -1.3731e+00
252 0 +1.380958363e+01 -9.861904164e+02 -9.861904164e+02 -2.4618e+00 -7.7072e-01 -8.2448e-01 +8.5513e-01 -3.9158e+00 +2.0583e+00 -3.3561e+00 +6.3755e-01 +2.5122e+00 -6.2228e-01
266 0 +1.043341614e+01 -9.895665839e+02 -9.895665839e+02 -2.2758e+00 +1.7376e-01 -8.9240e-01 +1.0055e+00 -4.1028e+00 +2.3983e+00 -3.2083e+00 -9.8132e-01 +2.4064e+00 -2.2053e-01
276 0 +9.084435855e+00 -9.909155641e+02 -9.909155641e+02 -2.0305e+00 +3.7090e-01 -8.9978e-01 +9.7150e-01 -4.8835e+00 +3.1642e+00 -3.6275e+00 +8.0157e-01 +2.4869e+00 -7.2219e-01
279 0 +7.760458614e+00 -9.922395414e+02 -9.922395414e+02 -3.2607e+00 -4.7774e-01 -1.1780e+00 +6.3838e-01 -4.5822e+00 +1.8764e+00 -2.6384e+00 +7.6204e-01 +2.6121e+00 -1.5512e+00
331 0 +6.961086260e+00 -9.930389137e+02 -9.930389137e+02 -2.6732e+00 +3.0217e-01 -1.1219e+00 +5.5698e-01 -4.0092e+00 +2.6858e+00 -3.0604e+00 -1.9407e-02 +2.3645e+00 -2.5461e-01
339 0 +6.861616378e+00 -9.931383836e+02 -9.931383836e+02 -2.1442e+00 +2.6562e-01 -1.3935e+00 +6.3283e-01 -4.1452e+00 +2.6582e+00 -2.7463e+00 +2.9557e-02 +2.6570e+00 -2.0141e-01
359 0 +5.568987768e+00 -9.944310122e+02 -9.944310122e+02 -2.5041e+00 +2.1638e-01 -1.4983e+00 +7.9047e-01 -3.7647e+00 +2.8052e+00 -2.6717e+00 -2.2666e-02 +2.6470e+00 +1.2952e-01
361 0 +5.358200158e+00 -9.946417998e+02 -9.946417998e+02 -2.5560e+00 +2.1523e-01 -1.2913e+00 +6.3420e-01 -4.3189e+00 +3.3304e+00 -3.4709e+00 +2.4824e-01 +2.6362e+00 -3.8668e-01
365 0 +4.749887145e+00 -9.952501129e+02 -9.952501129e+02 -2.6001e+00 -3.6556e-02 -1.3416e+00 +6.4062e-01 -4.2596e+00 +2.5672e+00 -2.9739e+00 +1.1951e-01 +3.0006e+00 -2.6319e-01
425 0 +4.468338948e+00 -9.955316611e+02 -9.955316611e+02 -3.2222e+00 -4.7581e-01 -1.5037e+00 +8.0012e-01 -3.9099e+00 +1.9511e+00 -3.1276e+00 -3.4712e-01 +3.2246e+00 -4.4069e-01
438 0 +4.407690559e+00 -9.955923094e+02 -9.955923094e+02 -3.5986e+00 -4.3375e-01 -1.7394e+00 +7.0002e-01 -4.1029e+00 +2.3569e+00 -3.1910e+00 +2.3580e-01 +2.8588e+00 -6.4721e-01
442 0 +3.426853864e+00 -9.965731461e+02 -9.965731461e+02 -3.7615e+00 -7.0363e-01 -1.7871e+00 +7.7583e-01 -3.9078e+00 +1.9859e+00 -3.1716e+00 +3.9989e-01 +2.8613e+00 -9.1137e-01
580 0 +2.252432457e+00 -9.977475675e+02 -9.977475675e+02 -3.6702e+00 -5.2058e-01 -1.4412e+00 +4.0987e-01 -3.8676e+00 +2.3075e+00 -3.0321e+00 +2.3360e-01 +2.9887e+00 -8.8653e-01
590 0 +2.119069222e+00 -9.978809308e+02 -9.978809308e+02 -3.9264e+00 -6.0921e-01 -1.6122e+00 +3.0454e-01 -3.8027e+00 +2.2148e+00 -2.9926e+00 +2.7944e-01 +2.7510e+00 -8.7039e-01
620 0 +1.801414700e+00 -9.981985853e+02 -9.981985853e+02 -3.7087e+00 -5.2306e-01 -1.6141e+00 +4.4389e-01 -3.6621e+00 +2.3555e+00 -3.0876e+00 +3.2773e-01 +3.0145e+00 -6.9434e-01
637 0 +1.394081501e+00 -9.986059185e+02 -9.986059185e+02 -3.7910e+00 -1.1038e+00 -1.5102e+00 +7.1252e-02 -3.4240e+00 +2.1085e+00 -2.9719e+00 +5.4496e-01 +3.0331e+00 -6.8298e-01
1010 0 +1.394081501e+00 -9.986059185e+02 -9.986059185e+02 -3.7910e+00 -1.1038e+00 -1.5102e+00 +7.1252e-02 -3.4240e+00 +2.1085e+00 -2.9719e+00 +5.4496e-01 +3.0331e+00 -6.8298e-01
% f evaluations | g evaluations | best noise-free fitness - Fopt (1.640700000000e+02) + sum g_i+ | measured fitness | best measured fitness or single-digit g-values | x1 | x2...
1 0 +9.178255135e+02 +1.081895514e+03 +1.081895514e+03 +5.3659e-01 +1.3095e-01 +2.8950e-02 -5.5906e-01 -8.3218e-02 -1.0643e-01 -2.4823e-02 -1.8811e-01 -1.3146e-02 -1.4317e-01
2 0 +5.597976028e+02 +7.238676028e+02 +7.238676028e+02 -3.9416e-01 +2.6539e-01 +2.6440e-01 +5.1288e-01 +1.5010e-02 -1.2141e-01 -1.6361e-01 -4.6396e-01 +2.9472e-01 -3.3034e-01
9 0 +5.237101600e+02 +6.877801600e+02 +6.877801600e+02 -4.1120e-01 +7.1569e-02 +1.8422e-01 -2.5138e-01 +4.3520e-02 +3.5037e-01 -7.2316e-03 -2.6661e-01 -8.7476e-01 -2.9157e-01
12 0 +4.787659723e+02 +6.428359723e+02 +6.428359723e+02 -4.1859e-01 +2.0930e-01 +1.8267e-01 +2.8941e-01 +6.0989e-02 +3.4555e-01 -2.5850e-01 -7.1037e-01 -7.1299e-01 -5.3703e-01
22 0 +4.761253410e+02 +6.401953410e+02 +6.401953410e+02 -4.1727e-01 -1.3389e-01 -1.7359e-01 +4.7912e-01 -1.4891e-01 +1.8267e-02 -2.6147e-01 -1.3305e-01 -6.4764e-01 -1.0063e+00
23 0 +4.674764362e+02 +6.315464362e+02 +6.315464362e+02 -9.8779e-01 +1.5440e-02 -1.6348e-01 -8.8204e-02 -1.9765e-01 +5.8021e-01 -3.8908e-01 -7.4462e-01 -1.4208e-01 -3.6320e-01
30 0 +3.870041754e+02 +5.510741754e+02 +5.510741754e+02 -8.4180e-02 +1.0595e+00 +5.3664e-01 +1.7369e-01 +1.0994e-01 -1.1874e-01 +1.5629e-01 -9.6695e-01 -6.1766e-01 -8.4935e-01
31 0 +2.493542393e+02 +4.134242393e+02 +4.134242393e+02 -7.9729e-01 +1.4388e+00 +1.9266e-01 +5.9948e-01 -6.9887e-03 +4.2230e-01 +1.0469e-01 -1.0708e+00 -5.0927e-01 -1.2862e+00
44 0 +2.076564873e+02 +3.717264873e+02 +3.717264873e+02 -6.9490e-01 +1.9362e+00 +3.3314e-01 +9.5378e-01 -2.1230e-01 +5.2387e-02 +6.7624e-01 -1.2335e+00 -6.9500e-01 -1.6625e+00
73 0 +1.988777735e+02 +3.629477735e+02 +3.629477735e+02 -3.4781e-01 +2.2852e+00 -2.0910e-01 +9.0996e-01 -1.3240e-01 +2.2599e+00 +1.4182e+00 -1.4762e-01 -7.1213e-01 -1.4618e+00
79 0 +1.867814986e+02 +3.508514986e+02 +3.508514986e+02 -4.3628e-01 +2.9519e+00 +3.4562e-01 +4.5326e-01 -3.5003e-01 +1.2656e+00 +1.0141e+00 -1.3726e+00 -2.0256e+00 -1.4325e+00
89 0 +1.347444526e+02 +2.988144526e+02 +2.988144526e+02 -8.5359e-01 +2.8944e+00 -4.0464e-01 +2.3078e-01 -1.0417e+00 +6.7469e-01 +8.5327e-01 -1.6706e-01 -1.2384e+00 -1.3703e+00
132 0 +1.269553849e+02 +2.910253849e+02 +2.910253849e+02 -9.6336e-01 +4.8935e+00 +1.6944e-01 -8.1202e-01 -2.3553e+00 +1.6419e+00 +1.7242e+00 +4.3721e-01 -6.0217e-01 -2.3108e+00
137 0 +1.233096084e+02 +2.873796084e+02 +2.873796084e+02 -2.8112e-01 +4.7475e+00 -3.7580e-01 -1.0076e+00 -1.0752e+00 +1.7528e+00 +1.9462e+00 -6.3004e-01 -1.2207e+00 -1.4517e+00
144 0 +1.016054668e+02 +2.656754668e+02 +2.656754668e+02 -5.0661e-01 +6.4210e+00 -9.5510e-01 -1.7241e+00 -2.3180e+00 +2.9914e+00 +2.2463e-01 -2.7251e-01 -6.2990e-01 -2.3658e+00
148 0 +8.691272965e+01 +2.509827297e+02 +2.509827297e+02 -1.4489e+00 +2.7431e+00 -1.0908e+00 -8.7114e-01 -1.3031e+00 +1.6277e+00 +3.2019e+00 +1.5250e+00 +2.3975e+00 -2.2306e+00
159 0 +3.915657593e+01 +2.032265759e+02 +2.032265759e+02 -2.5187e+00 +4.5193e+00 -1.2492e+00 -2.1889e+00 -2.1359e+00 +1.6897e+00 +2.6175e+00 +1.9829e+00 +1.2635e+00 -1.7831e+00
254 0 +3.761342289e+01 +2.016834229e+02 +2.016834229e+02 -2.0249e+00 +4.3143e+00 -4.0396e+00 -3.2686e+00 -1.1588e+00 +2.0298e+00 +3.2707e+00 +2.0261e+00 +3.6250e+00 -3.1187e+00
275 0 +3.131060782e+01 +1.953806078e+02 +1.953806078e+02 -2.4606e+00 +5.4447e+00 -3.4877e+00 -3.9832e+00 -3.0626e+00 +3.3567e+00 +3.6614e+00 +3.1602e+00 +4.0180e+00 -3.3178e+00
296 0 +2.563002286e+01 +1.897000229e+02 +1.897000229e+02 -1.0566e+00 +4.7661e+00 -3.2986e+00 -2.6666e+00 -1.7413e+00 +2.4397e+00 +2.1307e+00 +1.7367e+00 +2.7194e+00 -2.8667e+00
308 0 +2.497866672e+01 +1.890486667e+02 +1.890486667e+02 -1.0083e+00 +3.9519e+00 -2.1785e+00 -1.8500e+00 -3.1639e+00 +2.4483e+00 +1.9038e+00 +2.2828e+00 +2.9113e+00 -3.5002e+00
316 0 +7.981188383e+00 +1.720511884e+02 +1.720511884e+02 -2.7275e+00 +2.8215e+00 -2.2980e+00 -2.5772e+00 -2.0645e+00 +3.8046e-01 +1.7804e+00 +2.8888e+00 +2.4178e+00 -3.4346e+00
394 0 +4.670997981e+00 +1.687409980e+02 +1.687409980e+02 -2.0597e+00 +3.0113e+00 -3.6111e+00 -2.0423e+00 -1.8699e+00 +1.3316e+00 +1.3240e+00 +1.8385e+00 +3.0391e+00 -3.7923e+00
462 0 +2.258513712e+00 +1.663285137e+02 +1.663285137e+02 -1.7074e+00 +3.4623e+00 -2.7811e+00 -2.7737e+00 -2.2809e+00 +1.1501e+00 +1.7124e+00 +2.3187e+00 +2.8189e+00 -3.6088e+00
502 0 +2.162091378e+00 +1.662320914e+02 +1.662320914e+02 -1.7162e+00 +3.9062e+00 -2.8386e+00 -3.4899e+00 -2.4740e+00 +1.0178e+00 +2.0781e+00 +2.2609e+00 +2.9589e+00 -3.3758e+00
510 0 +1.594136568e+00 +1.656641366e+02 +1.656641366e+02 -2.1061e+00 +3.8686e+00 -3.0546e+00 -3.3111e+00 -2.4919e+00 +9.6636e-01 +1.9441e+00 +2.3264e+00 +3.1309e+00 -3.3216e+00
594 0 +1.536475882e+00 +1.656064759e+02 +1.656064759e+02 -1.7466e+00 +3.5678e+00 -3.2933e+00 -3.1772e+00 -2.4884e+00 +9.9171e-01 +1.9722e+00 +2.4486e+00 +3.0654e+00 -3.8289e+00
601 0 +1.508312864e+00 +1.655783129e+02 +1.655783129e+02 -1.7080e+00 +3.5101e+00 -3.2473e+00 -3.0692e+00 -2.4921e+00 +8.9085e-01 +1.9113e+00 +2.4011e+00 +3.0334e+00 -3.7749e+00
707 0 +1.058412344e+00 +1.651284123e+02 +1.651284123e+02 -1.6120e+00 +3.5497e+00 -3.1104e+00 -3.0633e+00 -2.4764e+00 +9.5801e-01 +1.9984e+00 +2.3454e+00 +2.9560e+00 -3.8505e+00
717 0 +9.872006814e-01 +1.650572007e+02 +1.650572007e+02 -1.6325e+00 +3.7585e+00 -3.0838e+00 -3.1161e+00 -2.5528e+00 +1.0876e+00 +1.9250e+00 +2.3084e+00 +2.9464e+00 -3.7465e+00
734 0 +9.406808006e-01 +1.650106808e+02 +1.650106808e+02 -1.5868e+00 +3.8208e+00 -2.9461e+00 -3.0796e+00 -2.5135e+00 +1.1268e+00 +2.1083e+00 +2.5458e+00 +2.9537e+00 -3.6788e+00
743 0 +8.916185489e-01 +1.649616185e+02 +1.649616185e+02 -1.6215e+00 +3.8554e+00 -2.8835e+00 -3.0552e+00 -2.5441e+00 +1.1291e+00 +1.9986e+00 +2.4181e+00 +2.9212e+00 -3.6134e+00
791 0 +8.548154800e-01 +1.649248155e+02 +1.649248155e+02 -1.6868e+00 +3.9353e+00 -2.8648e+00 -3.0669e+00 -2.5103e+00 +1.5043e+00 +1.9878e+00 +2.5387e+00 +2.8883e+00 -3.6589e+00
1008 0 +8.452645901e-01 +1.649152646e+02 +1.649152646e+02 -1.5225e+00 +4.0225e+00 -2.9606e+00 -3.0624e+00 -2.4800e+00 +1.3601e+00 +2.1199e+00 +2.6162e+00 +2.9520e+00 -3.8033e+00
1010 0 +8.452645901e-01 +1.649152646e+02 +1.649152646e+02 -1.5225e+00 +4.0225e+00 -2.9606e+00 -3.0624e+00 -2.4800e+00 +1.3601e+00 +2.1199e+00 +2.6162e+00 +2.9520e+00 -3.8033e+00
% f evaluations | g evaluations | best noise-free fitness - Fopt (-1.656800000000e+02) + sum g_i+ | measured fitness | best measured fitness or single-digit g-values | x1 | x2...
1 0 +1.920042620e+02 +2.632426202e+01 +2.632426202e+01 +5.3659e-01 +1.3095e-01 +2.8950e-02 -5.5906e-01 -8.3218e-02 -1.0643e-01 -2.4823e-02 -1.8811e-01 -1.3146e-02 -1.4317e-01
2 0 +8.621131171e+01 -7.946868829e+01 -7.946868829e+01 -3.9416e-01 +2.6539e-01 +2.6440e-01 +5.1288e-01 +1.5010e-02 -1.2141e-01 -1.6361e-01 -4.6396e-01 +2.9472e-01 -3.3034e-01
8 0 +6.878761058e+01 -9.689238942e+01 -9.689238942e+01 -3.0748e-01 +2.6980e-01 -4.6353e-02 +5.3090e-01 +1.4514e-01 +2.0287e-01 +1.9295e-01 +7.4729e-02 -4.1875e-01 +4.1752e-01
18 0 +6.653328539e+01 -9.914671461e+01 -9.914671461e+01 -1.0750e-01 +2.1604e-01 -2.4002e-01 +4.6357e-01 -2.9767e-01 -4.4309e-01 +1.0416e-01 -7.6593e-03 +1.4872e-01 -2.5631e-01
33 0 +4.364227995e+01 -1.220377201e+02 -1.220377201e+02 -3.1858e-01 +9.6789e-01 +2.8907e-01 +6.8035e-01 +4.0296e-01 -5.2787e-01 +1.5323e-01 +2.1031e-01 -1.1378e-02 +1.4888e-01
53 0 +3.666912870e+01 -1.290108713e+02 -1.290108713e+02 +1.4686e-01 +9.0998e-01 +1.1335e-01 +1.2615e+00 +1.1165e-01 -8.7507e-01 +1.7713e-01 +9.0389e-01 -4.7115e-01 +3.2738e-01
62 0 +3.008804893e+01 -1.355919511e+02 -1.355919511e+02 +2.4501e-01 +1.0373e+00 -7.2601e-02 +1.2850e+00 +6.0394e-01 -9.4339e-01 -6.3707e-02 +1.3187e+00 -8.5047e-01 +8.0193e-01
73 0 +1.956085558e+01 -1.461191444e+02 -1.461191444e+02 -1.6913e-01 +1.2791e+00 -3.0746e-01 +1.3856e+00 +5.4053e-01 -4.3601e-01 +5.4883e-01 +1.8476e+00 -4.8302e-01 +3.8824e-01
87 0 +1.845304719e+01 -1.472269528e+02 -1.472269528e+02 +2.8713e-01 +2.0039e+00 +3.7529e-01 +9.0485e-01 +8.6028e-01 -1.6355e+00 +6.8765e-01 +1.3726e+00 -9.8889e-01 +9.9641e-01
145 0 +1.167466171e+01 -1.540053383e+02 -1.540053383e+02 -7.4960e-01 +1.8292e+00 +1.0505e+00 +2.6215e+00 +1.2978e+00 -6.8805e-01 +4.3730e-01 +2.4435e+00 -1.2233e+00 +1.4835e+00
253 0 +1.138316880e+01 -1.542968312e+02 -1.542968312e+02 -9.9813e-01 +5.3591e-01 +7.1334e-01 +2.5170e+00 +5.2935e-01 -9.1665e-01 -1.1214e-01 +2.0494e+00 -1.1093e+00 +6.1024e-01
258 0 +7.835965548e+00 -1.578440345e+02 -1.578440345e+02 -8.0607e-01 +7.5180e-01 +1.0414e+00 +2.3328e+00 +6.5899e-01 -1.6591e+00 -3.3784e-02 +1.7851e+00 -1.4920e+00 +5.9796e-01
294 0 +6.500516205e+00 -1.591794838e+02 -1.591794838e+02 -9.3418e-01 +7.8360e-01 +1.2979e+00 +2.3061e+00 +1.1344e+00 -2.1074e+00 +3.0821e-01 +2.2654e+00 -1.2380e+00 +6.6632e-01
334 0 +6.382106136e+00 -1.592978939e+02 -1.592978939e+02 -8.0556e-01 +4.7554e-01 +1.1446e+00 +1.7620e+00 +9.2710e-01 -2.6762e+00 +3.6647e-01 +2.0196e+00 -8.8721e-01 +3.8902e-01
338 0 +4.733148711e+00 -1.609468513e+02 -1.609468513e+02 -1.3645e+00 +5.8362e-02 +8.7115e-01 +1.8232e+00 +1.1712e+00 -2.7359e+00 -2.3042e-01 +2.5994e+00 -6.2518e-01 +6.5027e-01
366 0 +4.579938000e+00 -1.611000620e+02 -1.611000620e+02 -9.5370e-01 +5.6384e-01 +8.9704e-01 +2.1726e+00 +8.8804e-01 -2.0745e+00 +6.7136e-02 +2.3296e+00 -8.0089e-01 +6.8484e-01
372 0 +4.021659867e+00 -1.616583401e+02 -1.616583401e+02 -1.4304e+00 +2.7164e-01 +9.7251e-01 +2.3409e+00 +1.0257e+00 -2.7359e+00 -5.1307e-02 +2.4732e+00 -8.8401e-01 +7.0312e-01
427 0 +3.931575668e+00 -1.617484243e+02 -1.617484243e+02 -7.8155e-01 +5.3632e-01 +5.3297e-01 +1.5682e+00 +1.6760e+00 -2.0805e+00 -2.7435e-02 +2.5707e+00 -2.6195e-01 +8.8881e-01
428 0 +3.569055196e+00 -1.621109448e+02 -1.621109448e+02 -1.2546e+00 +5.2318e-01 +7.5466e-01 +1.9260e+00 +1.4845e+00 -1.8613e+00 +5.5447e-02 +2.7122e+00 -5.1342e-01 +5.4945e-01
447 0 +2.877971367e+00 -1.628020286e+02 -1.628020286e+02 -1.3073e+00 +2.8461e-01 +7.6271e-01 +1.9017e+00 +1.3702e+00 -2.1777e+00 -2.6221e-01 +2.4207e+00 -5.5261e-01 +4.3207e-01
980 0 +2.877971367e+00 -1.628020286e+02 -1.628020286e+02 -1.3073e+00 +2.8461e-01 +7.6271e-01 +1.9017e+00 +1.3702e+00 -2.1777e+00 -2.6221e-01 +2.4207e+00 -5.5261e-01 +4.3207e-01
% f evaluations | g evaluations | best noise-free fitness - Fopt (9.284000000000e+01) + sum g_i+ | measured fitness | best measured fitness or single-digit g-values | x1 | x2...
1 0 +7.081264890e+02 +8.009664890e+02 +8.009664890e+02 +5.3659e-01 +1.3095e-01 +2.8950e-02 -5.5906e-01 -8.3218e-02 -1.0643e-01 -2.4823e-02 -1.8811e-01 -1.3146e-02 -1.4317e-01
2 0 +5.613665648e+02 +6.542065648e+02 +6.542065648e+02 -3.9416e-01 +2.6539e-01 +2.6440e-01 +5.1288e-01 +1.5010e-02 -1.2141e-01 -1.6361e-01 -4.6396e-01 +2.9472e-01 -3.3034e-01
8 0 +5.038456718e+02 +5.966856718e+02 +5.966856718e+02 -3.0748e-01 +2.6980e-01 -4.6353e-02 +5.3090e-01 +1.4514e-01 +2.0287e-01 +1.9295e-01 +7.4729e-02 -4.1875e-01 +4.1752e-01
10 0 +4.425024964e+02 +5.353424964e+02 +5.353424964e+02 -1.7732e-01 -1.5493e-01 -2.8800e-01 +1.1319e-01 -1.7242e-01 -3.2837e-02 +2.0373e-01 -2.5664e-01 -9.0065e-02 +6.4747e-01
13 0 +4.259419227e+02 +5.187819227e+02 +5.187819227e+02 -5.3258e-01 +1.6579e-01 -5.3316e-01 +2.1288e-01 -6.2929e-02 +2.2279e-01 +1.1669e-02 -1.7626e-01 -4.2914e-01 +4.9064e-01
23 0 +3.679629343e+02 +4.608029343e+02 +4.608029343e+02 -4.6335e-01 +3.9398e-02 +5.6692e-01 +3.6804e-01 +3.2022e-01 -1.5057e-01 -4.6928e-02 -5.9660e-01 -3.3551e-02 +8.9434e-01
29 0 +3.239443386e+02 +4.167843386e+02 +4.167843386e+02 -2.7529e-02 +1.5560e-01 -4.0793e-01 +4.1710e-01 +2.3706e-01 +2.6980e-01 -5.8355e-01 -7.6543e-01 -4.3914e-01 +9.8955e-01
36 0 +3.132019505e+02 +4.060419505e+02 +4.060419505e+02 -1.8950e-01 -2.4834e-01 -3.4692e-01 +2.7642e-01 +5.0158e-02 -1.8693e-02 -9.9048e-01 -8.1336e-01 -8.3708e-02 +5.0596e-01
38 0 +2.487015772e+02 +3.415415772e+02 +3.415415772e+02 -3.9462e-01 +7.4445e-02 +1.7432e-01 +2.8973e-01 +8.2955e-01 +3.0876e-01 -2.1168e-01 -1.0945e+00 +1.0802e-01 +1.4464e+00
44 0 +2.204489598e+02 +3.132889598e+02 +3.132889598e+02 -5.2583e-01 -5.1867e-02 +3.5308e-01 +1.5853e-02 +2.4431e-01 +4.5986e-01 -1.1660e+00 -1.1082e+00 +1.2699e-01 +1.6343e+00
53 0 +1.692219110e+02 +2.620619110e+02 +2.620619110e+02 -6.5539e-01 +2.2680e-01 -6.0198e-01 +1.8034e-01 +4.1170e-01 +3.0270e-01 -1.9956e+00 -1.6416e+00 +4.0479e-01 +1.2480e+00
54 0 +1.515818264e+02 +2.444218264e+02 +2.444218264e+02 -7.3042e-02 -6.2135e-01 +1.8888e-01 +9.6464e-02 +5.8577e-01 +2.0425e-01 -1.7780e+00 -1.6004e+00 +4.2698e-01 +1.0444e+00
55 0 +1.512240856e+02 +2.440640856e+02 +2.440640856e+02 -6.9305e-01 -1.5878e-01 -4.1414e-02 +3.5644e-01 +1.8043e-02 +3.8329e-01 -1.2291e+00 -1.4941e+00 -3.6319e-01 +2.2992e+00
60 0 +1.366957311e+02 +2.295357311e+02 +2.295357311e+02 -4.4377e-01 -7.3673e-01 +1.7332e-01 +7.4818e-01 -2.0951e-01 +3.9804e-01 -1.6255e+00 -1.6552e+00 -5.9492e-02 +1.1393e+00
69 0 +1.057356457e+02 +1.985756457e+02 +1.985756457e+02 -8.7863e-01 -1.0836e+00 -1.0473e-01 +1.0676e+00 +8.5384e-01 +5.7203e-01 -2.2999e+00 -1.9705e+00 +4.6397e-01 +2.4189e+00
71 0 +9.205973717e+01 +1.848997372e+02 +1.848997372e+02 -1.1127e+00 -6.7660e-01 +1.8143e-01 +8.8840e-01 -2.4490e-01 +8.4405e-01 -2.3576e+00 -1.3253e+00 +7.3012e-01 +2.7691e+00
74 0 +7.647048853e+01 +1.693104885e+02 +1.693104885e+02 -1.0568e+00 -7.1070e-01 +1.8525e-01 +9.3282e-01 -1.8750e-01 -1.9100e-01 -2.4060e+00 -1.7712e+00 +7.5209e-01 +2.4921e+00
96 0 +6.929808939e+01 +1.621380894e+02 +1.621380894e+02 -1.0840e+00 -8.7724e-01 +8.7938e-01 +1.2701e+00 -1.4064e+00 +9.1259e-01 -2.8265e+00 -1.7148e+00 +2.2808e+00 +2.6283e+00
98 0 +6.419171678e+01 +1.570317168e+02 +1.570317168e+02 -1.1267e+00 -7.6537e-01 -1.2668e+00 +1.4905e+00 -9.4466e-01 +6.5164e-02 -1.2581e+00 -1.1760e+00 +7.3714e-01 +2.3917e+00
122 0 +4.398607571e+01 +1.368260757e+02 +1.368260757e+02 -9.7547e-01 -9.1221e-01 -1.3410e+00 +1.2705e+00 -6.6157e-01 +3.5330e-01 -1.1716e+00 -2.0803e+00 +2.1814e+00 +2.1478e+00
136 0 +3.401332736e+01 +1.268533274e+02 +1.268533274e+02 -7.3620e-01 +1.1092e-01 -1.2923e+00 +1.6506e+00 -1.8499e+00 +9.7603e-01 -1.0363e+00 -2.7457e+00 +3.2702e+00 +2.2456e+00
185 0 +3.217591191e+01 +1.250159119e+02 +1.250159119e+02 +8.3362e-01 -2.2305e-01 -1.9210e+00 +3.5908e+00 +5.2136e-02 +1.6466e+00 -9.9727e-01 -2.2477e+00 +4.7606e+00 +9.1895e-01
206 0 +2.830974797e+01 +1.211497480e+02 +1.211497480e+02 +4.5677e-01 -8.1073e-02 -1.6884e+00 +2.6894e+00 +1.7257e-02 +1.8304e+00 -1.9594e-01 -2.9758e+00 +4.3759e+00 +2.0697e+00
207 0 +2.495518535e+01 +1.177951854e+02 +1.177951854e+02 -6.6325e-02 +2.4606e-01 -2.4373e+00 +3.2045e+00 -8.4544e-03 +2.4288e+00 +1.4182e+00 -2.3439e+00 +4.7733e+00 +1.4235e+00
217 0 +1.375053113e+01 +1.065905311e+02 +1.065905311e+02 +2.5631e-01 -2.3110e-01 -1.6710e+00 +2.4308e+00 -9.2893e-01 +2.4102e+00 -8.0473e-02 -3.0224e+00 +4.3204e+00 +2.2381e+00
222 0 +1.288901867e+01 +1.057290187e+02 +1.057290187e+02 +3.0628e-01 +1.0279e-01 -2.0973e+00 +2.9561e+00 -1.1141e+00 +2.5486e+00 -4.3597e-02 -3.0823e+00 +3.2365e+00 +1.5033e+00
291 0 +1.280563628e+01 +1.056456363e+02 +1.056456363e+02 +5.2321e-01 -3.4872e-01 -3.2060e+00 +2.7810e+00 -2.3824e-01 +2.0328e+00 +5.3649e-01 -2.5432e+00 +4.2564e+00 +1.5796e+00
310 0 +1.180845424e+01 +1.046484542e+02 +1.046484542e+02 +5.2180e-01 -2.5587e-01 -3.0462e+00 +2.7308e+00 -2.8816e-01 +2.0793e+00 +5.6008e-02 -3.1232e+00 +3.8109e+00 +1.4469e+00
322 0 +1.039899908e+01 +1.032389991e+02 +1.032389991e+02 +7.5741e-01 -5.8415e-02 -2.7925e+00 +3.5284e+00 -8.8357e-02 +2.5727e+00 +4.2996e-01 -2.8622e+00 +3.9104e+00 +1.3717e+00
339 0 +1.011510710e+01 +1.029551071e+02 +1.029551071e+02 +4.8456e-01 -6.8498e-02 -3.1281e+00 +3.1434e+00 -3.0361e-01 +2.4387e+00 +7.9180e-01 -2.7334e+00 +4.3509e+00 +1.4833e+00
360 0 +9.969189468e+00 +1.028091895e+02 +1.028091895e+02 +9.3837e-01 -4.2371e-01 -3.2035e+00 +2.9275e+00 -5.6698e-01 +2.4331e+00 +7.5090e-01 -2.6570e+00 +4.0908e+00 +2.0422e+00
375 0 +8.995377466e+00 +1.018353775e+02 +1.018353775e+02 +7.4598e-01 -2.1112e-01 -3.4232e+00 +2.7300e+00 -5.4297e-01 +2.7875e+00 +1.1137e-01 -2.4995e+00 +4.2808e+00 +2.0472e+00
376 0 +4.967877436e+00 +9.780787744e+01 +9.780787744e+01 +1.0920e+00 -8.3675e-01 -2.7610e+00 +2.8187e+00 -5.3051e-01 +2.7324e+00 +9.4407e-01 -2.4117e+00 +3.7726e+00 +2.4477e+00
423 0 +3.959213669e+00 +9.679921367e+01 +9.679921367e+01 +1.1072e+00 -1.3968e+00 -2.7172e+00 +2.2850e+00 -3.8626e-01 +3.0072e+00 +5.5449e-01 -2.0140e+00 +2.9050e+00 +3.1606e+00
442 0 +3.557014441e+00 +9.639701444e+01 +9.639701444e+01 +1.1685e+00 -1.4337e+00 -2.4505e+00 +2.3021e+00 -4.7584e-01 +2.9503e+00 +5.5888e-01 -1.6249e+00 +3.2296e+00 +3.3602e+00
538 0 +3.399959142e+00 +9.623995914e+01 +9.623995914e+01 +1.0884e+00 -1.4105e+00 -2.5467e+00 +2.0486e+00 -9.8126e-01 +2.9989e+00 +1.7642e-01 -1.5679e+00 +2.8328e+00 +3.6566e+00
549 0 +2.917877496e+00 +9.575787750e+01 +9.575787750e+01 +1.0049e+00 -1.4230e+00 -2.4830e+00 +2.0811e+00 -7.5641e-01 +3.0624e+00 +1.8665e-01 -1.5207e+00 +3.0487e+00 +3.6481e+00
587 0 +2.571262337e+00 +9.541126234e+01 +9.541126234e+01 +1.1095e+00 -1.4176e+00 -2.4766e+00 +2.0137e+00 -8.8384e-01 +2.9996e+00 +2.9511e-01 -1.7005e+00 +3.2081e+00 +3.4221e+00
1010 0 +2.571262337e+00 +9.541126234e+01 +9.541126234e+01 +1.1095e+00 -1.4176e+00 -2.4766e+00 +2.0137e+00 -8.8384e-01 +2.9996e+00 +2.9511e-01 -1.7005e+00 +3.2081e+00 +3.4221e+00
% f evaluations | g evaluations | best noise-free fitness - Fopt (-3.679200000000e+02) + sum g_i+ | measured fitness | best measured fitness or single-digit g-values | x1 | x2...
1 0 +8.170984778e+01 -2.862101522e+02 -2.862101522e+02 +5.3659e-01 +1.3095e-01 +2.8950e-02 -5.5906e-01 -8.3218e-02 -1.0643e-01 -2.4823e-02 -1.8811e-01 -1.3146e-02 -1.4317e-01
8 0 +7.973819890e+01 -2.881818011e+02 -2.881818011e+02 -3.0748e-01 +2.6980e-01 -4.6353e-02 +5.3090e-01 +1.4514e-01 +2.0287e-01 +1.9295e-01 +7.4729e-02 -4.1875e-01 +4.1752e-01
11 0 +6.833881899e+01 -2.995811810e+02 -2.995811810e+02 -2.0650e-01 -1.1935e-01 +1.9822e-01 +1.1345e-01 +1.3058e-01 +7.2618e-02 +6.3399e-01 -4.8336e-02 -2.0286e-01 +2.3148e-01
21 0 +5.925791004e+01 -3.086620900e+02 -3.086620900e+02 -2.2487e-01 +1.8209e-01 +3.3758e-01 +3.6158e-02 -3.0503e-01 +2.1578e-01 +4.0158e-01 -3.2609e-03 -5.6332e-01 +7.0529e-02
28 0 +4.604037554e+01 -3.218796245e+02 -3.218796245e+02 -1.9476e-01 -2.3106e-01 +7.0357e-01 +1.4179e-01 -1.5697e-01 +3.2177e-01 +7.0570e-01 -1.2724e-01 -1.4015e-01 +2.5656e-01
31 0 +3.280547006e+01 -3.351145299e+02 -3.351145299e+02 -8.6762e-02 -2.4986e-01 +9.6857e-01 -7.8847e-02 -6.0963e-02 +2.6704e-01 +7.7295e-01 +7.8844e-02 -4.2348e-01 +8.0956e-01
54 0 +2.656021923e+01 -3.413597808e+02 -3.413597808e+02 +5.5108e-01 -7.8407e-01 +9.4817e-01 +2.7795e-02 -2.2896e-01 +4.5564e-01 +7.3514e-01 -5.1160e-01 -9.3976e-01 +5.5856e-01
57 0 +2.620819063e+01 -3.417118094e+02 -3.417118094e+02 +2.6286e-01 -5.8038e-01 +9.8722e-01 -1.6669e-01 -2.2272e-01 +6.5180e-01 +1.2752e+00 +5.5017e-02 -4.0947e-01 +5.5226e-01
63 0 +1.700091879e+01 -3.509190812e+02 -3.509190812e+02 +5.5632e-01 -9.4337e-01 +1.6122e+00 -6.1541e-02 +1.3669e-01 +5.4285e-01 +1.2921e+00 -1.2839e-01 -5.7258e-01 +6.8939e-01
98 0 +1.508835246e+01 -3.528316475e+02 -3.528316475e+02 +1.0670e+00 -1.5895e+00 +1.7836e+00 +3.8187e-01 +4.5011e-01 +6.5592e-01 +9.9778e-01 +2.2086e-01 -4.9352e-01 +8.1087e-01
100 0 +1.005262117e+01 -3.578673788e+02 -3.578673788e+02 +1.0181e+00 -1.1699e+00 +1.9959e+00 +5.1611e-01 +2.5334e-01 +4.1591e-01 +1.6318e+00 +1.2347e-03 -2.4141e-01 +6.7200e-01
137 0 +9.862645056e+00 -3.580573549e+02 -3.580573549e+02 +1.2246e+00 -1.4122e+00 +2.4597e+00 +2.3441e-01 -4.0188e-01 +6.1893e-01 +1.1075e+00 +3.5984e-01 -2.3072e-01 +7.6062e-01
181 0 +9.084579110e+00 -3.588354209e+02 -3.588354209e+02 +9.1635e-01 -7.4036e-01 +2.2627e+00 -1.8254e-02 -6.4596e-01 +1.2965e-01 +1.6188e+00 +6.2210e-01 -1.9787e-03 +9.4138e-01
184 0 +7.432767522e+00 -3.604872325e+02 -3.604872325e+02 +1.0235e+00 -8.2134e-01 +2.5848e+00 -1.8226e-01 -4.9077e-01 +3.6108e-01 +1.5103e+00 +3.2665e-01 -1.3722e-01 +8.6691e-01
292 0 +7.071559326e+00 -3.608484407e+02 -3.608484407e+02 +7.2211e-01 -2.5443e-01 +2.8097e+00 -1.9322e-02 +4.1540e-01 +2.4962e-02 +1.5350e+00 +1.1733e+00 +2.8947e-01 +7.0898e-01
297 0 +6.838025221e+00 -3.610819748e+02 -3.610819748e+02 +1.0347e+00 -3.0243e-01 +3.3511e+00 -1.7814e-01 -6.1887e-01 +6.1014e-01 +1.8763e+00 +7.4280e-01 -2.5985e-02 +6.0491e-01
298 0 +6.342098433e+00 -3.615779016e+02 -3.615779016e+02 +9.0916e-01 -7.7995e-01 +3.1144e+00 +5.0689e-01 -7.4567e-01 +6.2059e-01 +1.6839e+00 +6.4392e-01 -3.5250e-01 +4.6279e-01
318 0 +5.566466285e+00 -3.623535337e+02 -3.623535337e+02 +9.8698e-01 -8.9710e-01 +3.2715e+00 +3.9813e-01 -3.8510e-01 +6.7104e-01 +1.9485e+00 +8.6211e-01 -2.5425e-01 +5.6842e-01
332 0 +2.448850953e+00 -3.654711490e+02 -3.654711490e+02 +8.1345e-01 -6.3180e-01 +3.3465e+00 +3.6670e-01 -5.5127e-01 +7.4966e-02 +2.2262e+00 +1.2643e+00 +4.4751e-02 +2.8873e-01
417 0 +2.367328252e+00 -3.655526717e+02 -3.655526717e+02 +7.4806e-01 -4.8695e-01 +3.0765e+00 +5.0300e-01 -1.5586e-01 -1.0453e-01 +2.5270e+00 +1.1814e+00 -1.3259e-01 +2.0064e-01
454 0 +2.136123582e+00 -3.657838764e+02 -3.657838764e+02 +1.0734e+00 -8.1217e-01 +3.0824e+00 +9.2447e-01 -9.4665e-02 -4.8728e-01 +2.3408e+00 +1.2457e+00 -1.8507e-01 +1.3373e-01
514 0 +2.054887514e+00 -3.658651125e+02 -3.658651125e+02 +1.1588e+00 -2.2815e-01 +2.9983e+00 +2.4218e-01 +4.5776e-01 -3.9676e-01 +2.2702e+00 +1.2922e+00 +3.0911e-02 +1.0295e-01
537 0 +1.866606903e+00 -3.660533931e+02 -3.660533931e+02 +1.0572e+00 -2.2257e-01 +3.1606e+00 +2.5931e-01 +2.1350e-01 -3.2872e-01 +2.3294e+00 +1.4063e+00 -2.4932e-01 +1.4113e-01
550 0 +1.838018863e+00 -3.660819811e+02 -3.660819811e+02 +1.0407e+00 -2.9354e-01 +3.1372e+00 +3.5071e-01 +1.3825e-01 -3.5300e-01 +2.5372e+00 +1.3151e+00 -1.8458e-01 +5.8231e-03
559 0 +1.659866081e+00 -3.662601339e+02 -3.662601339e+02 +1.1305e+00 -3.1936e-01 +3.2136e+00 +3.0107e-01 +7.5967e-02 -2.2868e-01 +2.3004e+00 +1.0822e+00 -2.0157e-01 +2.1497e-01
643 0 +1.576382018e+00 -3.663436180e+02 -3.663436180e+02 +9.9018e-01 -3.1235e-01 +3.2137e+00 +3.0701e-01 +1.7191e-01 -2.2127e-01 +2.3503e+00 +1.2611e+00 -2.0265e-01 -9.1154e-02
1010 0 +1.550550687e+00 -3.663694493e+02 -3.663694493e+02 +1.0354e+00 -3.5092e-01 +3.1444e+00 +3.5944e-01 +2.1441e-01 -2.9754e-01 +2.2435e+00 +1.1538e+00 -1.6556e-01 +2.9687e-02
% f evaluations | g evaluations | best noise-free fitness - Fopt (4.950000000000e+01) + sum g_i+ | measured fitness | best measured fitness or single-digit g-values | x1 | x2...
1 0 +7.231181962e+02 +7.726181962e+02 +7.726181962e+02 +5.3659e-01 +1.3095e-01 +2.8950e-02 -5.5906e-01 -8.3218e-02 -1.0643e-01 -2.4823e-02 -1.8811e-01 -1.3146e-02 -1.4317e-01
2 0 +6.070890814e+02 +6.565890814e+02 +6.565890814e+02 -3.9416e-01 +2.6539e-01 +2.6440e-01 +5.1288e-01 +1.5010e-02 -1.2141e-01 -1.6361e-01 -4.6396e-01 +2.9472e-01 -3.3034e-01
12 0 +5.322994040e+02 +5.817994040e+02 +5.817994040e+02 -3.1809e-01 +5.1870e-01 -3.4477e-02 +3.6515e-01 -1.6903e-01 -8.3666e-02 -2.2105e-01 -9.2229e-01 +3.5774e-01 -5.6108e-02
24 0 +4.753460758e+02 +5.248460758e+02 +5.248460758e+02 -2.1995e-01 +8.4791e-01 -9.9187e-02 +4.2094e-01 +1.0792e-01 +3.3240e-01 -3.8453e-01 -6.9223e-01 +1.0395e+00 +5.6226e-02
31 0 +4.088228869e+02 +4.583228869e+02 +4.583228869e+02 -5.8790e-01 +1.0833e+00 -5.8161e-01 +8.0629e-02 -4.1553e-01 +3.9081e-01 -6.8764e-01 -1.1438e+00 +7.3765e-01 -3.8457e-01
41 0 +3.757880425e+02 +4.252880425e+02 +4.252880425e+02 -2.1322e-01 +1.0446e+00 -2.6132e-01 +9.8886e-02 +4.3954e-02 +2.9894e-02 -6.8201e-01 -4.3710e-01 +1.4251e+00 -7.6508e-01
46 0 +3.431822954e+02 +3.926822954e+02 +3.926822954e+02 -1.8440e-01 +1.1472e+00 -5.1074e-01 +3.9611e-02 -9.0519e-01 +2.8596e-01 -6.9587e-01 -8.4371e-01 +1.2990e+00 -5.5717e-01
49 0 +3.334340479e+02 +3.829340479e+02 +3.829340479e+02 -2.1375e-01 +9.0692e-01 +1.9570e-02 +2.9455e-02 +1.6938e-01 +1.0720e+00 -4.5848e-01 -8.7980e-02 +1.1741e+00 -1.1698e-01
56 0 +2.104570524e+02 +2.599570524e+02 +2.599570524e+02 -6.8794e-01 +2.0369e+00 -8.0348e-01 -6.1048e-01 -7.5268e-01 +9.6113e-01 -7.0944e-01 -6.7502e-01 +1.4568e+00 -5.2067e-01
84 0 +1.880019139e+02 +2.375019139e+02 +2.375019139e+02 -1.4544e+00 +2.3449e+00 -1.3009e+00 +2.9370e-01 -1.2986e+00 +1.4657e-01 -2.3306e+00 -1.9945e+00 +2.5509e+00 -1.7037e+00
93 0 +1.217102298e+02 +1.712102298e+02 +1.712102298e+02 -1.5002e+00 +1.8612e+00 -1.0026e+00 +2.0298e-01 -1.5708e+00 +2.0750e+00 -2.3156e+00 -4.6268e-01 +2.5656e+00 -1.9435e+00
104 0 +1.001385927e+02 +1.496385927e+02 +1.496385927e+02 -2.1469e+00 -5.8324e-01 -1.7200e+00 +4.3452e-01 -2.1045e+00 +1.8922e+00 -2.5669e+00 -1.2520e+00 +3.0604e+00 -2.4503e+00
123 0 +7.456314828e+01 +1.240631483e+02 +1.240631483e+02 -1.6994e+00 +1.0062e-01 -1.0093e+00 -2.9253e-02 -1.3130e+00 +2.8636e+00 -1.9337e+00 -7.0118e-01 +1.7547e+00 -3.0063e+00
128 0 +5.503242689e+01 +1.045324269e+02 +1.045324269e+02 -4.9807e-01 +1.1912e-01 -1.2175e+00 -5.3229e-01 -1.5864e-01 +4.3435e+00 -1.9027e+00 +1.3570e+00 +2.9007e+00 -3.2254e+00
140 0 +5.335434622e+01 +1.028543462e+02 +1.028543462e+02 -4.3318e-01 -8.0984e-01 -9.3946e-01 +7.8059e-02 -1.5411e+00 +3.7500e+00 -1.2180e+00 +1.3046e-01 +2.0865e+00 -2.9696e+00
170 0 +5.029769844e+01 +9.979769844e+01 +9.979769844e+01 +6.5056e-01 -8.5855e-01 -2.2690e+00 -3.7224e-02 -9.7630e-01 +6.0113e+00 +1.7174e-01 +1.2633e+00 +1.0433e+00 -2.7397e+00
171 0 +4.073173273e+01 +9.023173273e+01 +9.023173273e+01 -4.3365e-01 -2.1845e+00 -3.2665e+00 +1.2784e+00 -1.0678e+00 +4.8989e+00 -2.0299e+00 +1.4867e+00 +1.6407e+00 -3.0839e+00
183 0 +3.522886995e+01 +8.472886995e+01 +8.472886995e+01 +7.3885e-01 -3.4108e+00 -2.8595e+00 +1.5915e+00 -1.3672e+00 +4.3904e+00 -1.3421e+00 +2.1738e+00 +2.7744e+00 -3.3177e+00
214 0 +1.911659939e+01 +6.861659939e+01 +6.861659939e+01 +6.0107e-01 -3.4354e+00 -2.5822e+00 -4.4557e-01 -1.2721e+00 +5.3410e+00 -9.5278e-01 +7.8208e-01 +2.3096e+00 -2.8475e+00
247 0 +1.625369449e+01 +6.575369449e+01 +6.575369449e+01 -3.0461e-01 -2.5668e+00 -3.6244e+00 +3.9300e-01 -6.3922e-01 +4.5491e+00 -1.2926e+00 +2.0847e+00 +1.7696e+00 -3.0976e+00
266 0 +1.462724398e+01 +6.412724398e+01 +6.412724398e+01 +1.8497e-01 -3.4821e+00 -3.8797e+00 +2.0880e-01 -1.2294e+00 +5.6123e+00 -1.6798e+00 +1.3690e+00 +1.8687e+00 -3.2085e+00
269 0 +1.328531679e+01 +6.278531679e+01 +6.278531679e+01 -1.0200e+00 -3.3834e+00 -2.9825e+00 -1.6237e-01 -1.4402e+00 +4.9347e+00 -1.7154e+00 +1.9080e+00 +1.5659e+00 -2.7109e+00
275 0 +1.185672238e+01 +6.135672238e+01 +6.135672238e+01 -7.3319e-01 -3.8025e+00 -3.0308e+00 -5.1217e-01 -1.0258e+00 +6.0771e+00 -1.8045e+00 +2.3064e+00 +1.3012e+00 -3.0934e+00
289 0 +7.864520205e+00 +5.736452021e+01 +5.736452021e+01 -8.3803e-01 -2.4137e+00 -3.0153e+00 +1.3098e-01 -1.1334e+00 +5.1029e+00 -2.2030e+00 +2.1804e+00 +1.9491e+00 -3.0172e+00
310 0 +5.626079858e+00 +5.512607986e+01 +5.512607986e+01 -7.2131e-01 -2.9580e+00 -2.8204e+00 -5.2727e-02 -1.0267e+00 +5.2450e+00 -1.7219e+00 +2.5393e+00 +2.1304e+00 -3.3220e+00
371 0 +4.316240000e+00 +5.381624000e+01 +5.381624000e+01 -7.9196e-01 -2.4849e+00 -2.8703e+00 -3.4833e-01 -8.6758e-01 +4.3879e+00 -2.1055e+00 +2.6134e+00 +2.9431e+00 -3.2210e+00
520 0 +4.208700227e+00 +5.370870023e+01 +5.370870023e+01 -6.7212e-01 -2.8203e+00 -2.9659e+00 -7.4737e-01 -8.6013e-02 +4.6622e+00 -1.4385e+00 +3.4471e+00 +3.1700e+00 -2.4348e+00
583 0 +3.937759718e+00 +5.343775972e+01 +5.343775972e+01 -7.8457e-01 -2.5424e+00 -2.9194e+00 -3.6118e-01 -4.6018e-01 +4.5491e+00 -1.4268e+00 +3.2615e+00 +2.6268e+00 -2.7255e+00
640 0 +3.870291364e+00 +5.337029136e+01 +5.337029136e+01 -7.8693e-01 -2.3437e+00 -3.1254e+00 -6.6104e-01 -9.5017e-02 +4.6263e+00 -1.4820e+00 +3.1515e+00 +2.5326e+00 -2.8492e+00
693 0 +2.344253253e+00 +5.184425325e+01 +5.184425325e+01 -1.2478e+00 -1.9008e+00 -2.8481e+00 -6.3808e-01 -5.8208e-02 +4.3951e+00 -1.6210e+00 +3.4069e+00 +2.7084e+00 -2.7277e+00
752 0 +2.261312212e+00 +5.176131221e+01 +5.176131221e+01 -1.5200e+00 -1.8106e+00 -3.2884e+00 -8.3838e-01 +8.1473e-03 +4.4254e+00 -1.4517e+00 +3.4494e+00 +2.3426e+00 -2.6524e+00
764 0 +1.785702759e+00 +5.128570276e+01 +5.128570276e+01 -1.3764e+00 -1.7359e+00 -3.2141e+00 -7.9032e-01 +3.3132e-02 +4.4862e+00 -1.4169e+00 +3.6174e+00 +2.4110e+00 -2.7485e+00
775 0 +1.418558934e+00 +5.091855893e+01 +5.091855893e+01 -1.6248e+00 -1.7699e+00 -3.1063e+00 -8.9005e-01 -9.5492e-02 +4.5981e+00 -1.5206e+00 +3.8592e+00 +2.4581e+00 -2.5965e+00
815 0 +1.378668636e+00 +5.087866864e+01 +5.087866864e+01 -1.6525e+00 -1.7890e+00 -3.0065e+00 -8.5640e-01 +1.2592e-03 +4.3737e+00 -1.7395e+00 +3.8311e+00 +2.7057e+00 -2.6256e+00
823 0 +1.109232848e+00 +5.060923285e+01 +5.060923285e+01 -1.5507e+00 -1.8519e+00 -3.0684e+00 -9.0272e-01 +1.3937e-01 +4.3744e+00 -1.6009e+00 +3.8429e+00 +2.5121e+00 -2.6134e+00
865 0 +1.092730279e+00 +5.059273028e+01 +5.059273028e+01 -1.9272e+00 -1.5859e+00 -3.2337e+00 -8.4415e-01 +3.0582e-02 +4.0657e+00 -1.7021e+00 +3.7563e+00 +2.6233e+00 -2.5116e+00
995 0 +1.052957377e+00 +5.055295738e+01 +5.055295738e+01 -1.8725e+00 -1.7914e+00 -3.2241e+00 -9.6324e-01 -2.4899e-02 +4.1176e+00 -1.7929e+00 +3.5409e+00 +2.4100e+00 -2.6066e+00
1005 0 +1.041106637e+00 +5.054110664e+01 +5.054110664e+01 -1.8686e+00 -1.8036e+00 -3.2211e+00 -9.4379e-01 -1.9052e-02 +4.0799e+00 -1.8849e+00 +3.5842e+00 +2.4485e+00 -2.6092e+00
1010 0 +1.041106637e+00 +5.054110664e+01 +5.054110664e+01 -1.8686e+00 -1.8036e+00 -3.2211e+00 -9.4379e-01 -1.9052e-02 +4.0799e+00 -1.8849e+00 +3.5842e+00 +2.4485e+00 -2.6092e+00
% f evaluations | g evaluations | best noise-free fitness - Fopt (-1.277000000000e+01) + sum g_i+ | measured fitness | best measured fitness or single-digit g-values | x1 | x2...
1 0 +2.707848599e+02 +2.580148599e+02 +2.580148599e+02 +5.3659e-01 +1.3095e-01 +2.8950e-02 -5.5906e-01 -8.3218e-02 -1.0643e-01 -2.4823e-02 -1.8811e-01 -1.3146e-02 -1.4317e-01
2 0 +2.441158106e+02 +2.313458106e+02 +2.313458106e+02 -3.9416e-01 +2.6539e-01 +2.6440e-01 +5.1288e-01 +1.5010e-02 -1.2141e-01 -1.6361e-01 -4.6396e-01 +2.9472e-01 -3.3034e-01
14 0 +2.240820507e+02 +2.113120507e+02 +2.113120507e+02 +1.4212e-01 +2.2988e-01 -1.2703e-01 +1.4951e-02 +1.1789e-01 +1.6439e-01 +8.7890e-02 +3.3537e-01 +2.3666e-01 +3.6494e-04
26 0 +2.051492716e+02 +1.923792716e+02 +1.923792716e+02 -3.5711e-01 +4.8212e-01 -7.2215e-02 +6.1703e-01 +7.7488e-01 -3.1983e-02 -4.1161e-01 -4.8044e-02 +2.3131e-01 +8.3988e-02
31 0 +1.590913520e+02 +1.463213520e+02 +1.463213520e+02 -1.8414e-02 +1.9669e-01 +1.9619e-01 +8.3385e-01 +9.4922e-01 +1.4379e-01 -5.1445e-01 +2.1983e-01 +5.4160e-01 +1.4254e-02
51 0 +1.099227916e+02 +9.715279165e+01 +9.715279165e+01 +2.9952e-01 +5.9235e-01 +2.9732e-01 +1.2162e+00 +1.9345e-01 +8.4865e-01 -4.4073e-01 +8.5135e-01 +2.6513e-01 -2.2123e-01
66 0 +1.039311100e+02 +9.116110999e+01 +9.116110999e+01 +4.9939e-01 +6.1093e-01 -6.6828e-01 +9.4493e-01 +5.2991e-01 +1.0546e+00 -3.4041e-02 +8.3675e-01 -1.2302e-02 -1.7208e-01
72 0 +7.701722537e+01 +6.424722537e+01 +6.424722537e+01 +6.9641e-01 +1.6490e-01 +2.6490e-01 +1.4426e+00 +8.0359e-01 +1.6261e+00 -5.5631e-01 +1.4418e+00 +3.7174e-01 -2.8314e-01
76 0 +7.342546524e+01 +6.065546524e+01 +6.065546524e+01 +5.7173e-02 +3.0211e-02 -5.3666e-01 +6.9208e-01 +6.6342e-01 +6.3957e-01 -8.8197e-02 +1.5358e+00 +6.9478e-02 -5.4186e-01
81 0 +5.437410402e+01 +4.160410402e+01 +4.160410402e+01 +7.3220e-01 +1.6434e-01 +6.7835e-02 +1.6180e+00 +8.6874e-01 +9.9235e-01 +6.6547e-01 +2.8141e+00 -1.0733e-01 -3.8846e-01
95 0 +5.136775339e+01 +3.859775339e+01 +3.859775339e+01 +8.1003e-01 +9.6890e-02 +2.2179e-01 +1.3984e+00 +4.2520e-01 +2.0315e+00 +1.8938e-01 +2.5081e+00 +1.5977e-01 -9.5763e-01
98 0 +5.045753891e+01 +3.768753891e+01 +3.768753891e+01 +4.6977e-01 +1.6977e-01 +4.4315e-01 +1.5027e+00 +1.3941e+00 +1.3161e+00 -7.7632e-02 +2.6882e+00 +5.6152e-02 -4.1340e-01
109 0 +4.363048674e+01 +3.086048674e+01 +3.086048674e+01 +1.3740e+00 +1.9493e-01 +9.9029e-01 +1.1952e+00 +1.6294e+00 +1.4170e+00 +1.1303e-01 +2.8771e+00 -6.7280e-01 -4.1437e-01
110 0 +3.878895684e+01 +2.601895684e+01 +2.601895684e+01 +2.6052e-01 +6.6514e-01 -7.7319e-01 +1.6542e+00 +1.1465e+00 +2.5869e+00 -8.4465e-01 +2.8125e+00 -7.6162e-01 -1.0900e+00
117 0 +2.516320263e+01 +1.239320263e+01 +1.239320263e+01 -6.8504e-01 +1.1852e+00 +7.7224e-02 +1.7541e+00 +2.0740e+00 +2.3511e+00 +2.1878e-01 +3.0294e+00 -1.7449e+00 -1.7309e-01
126 0 +2.399713485e+01 +1.122713485e+01 +1.122713485e+01 +9.4710e-02 +8.9680e-01 +1.0159e+00 +6.0192e-01 +1.3611e+00 +2.9727e+00 -3.9010e-01 +2.5513e+00 -8.4366e-01 -1.7645e-01
135 0 +2.082409830e+01 +8.054098303e+00 +8.054098303e+00 +2.6921e-01 +1.4926e+00 +4.5669e-01 +1.6724e+00 +2.1968e+00 +1.3848e+00 +6.1733e-01 +2.7466e+00 -2.0713e+00 -1.4606e-01
192 0 +1.272167555e+01 -4.832444883e-02 -4.832444883e-02 +8.3079e-01 +1.7072e+00 +1.3331e-01 -7.6887e-01 +1.1643e+00 +1.8892e+00 -4.7928e-01 +2.4415e+00 -1.5496e+00 +3.7935e-01
232 0 +1.083037920e+01 -1.939620797e+00 -1.939620797e+00 +3.3346e-01 +1.6638e+00 +1.2865e-01 -2.5390e-02 +7.9756e-01 +2.6648e+00 -3.2959e-01 +2.5520e+00 -1.7275e+00 +5.9101e-01
252 0 +9.870785458e+00 -2.899214542e+00 -2.899214542e+00 +4.4293e-01 +1.6784e+00 -7.4389e-02 -2.2307e-01 +1.6325e+00 +3.1157e+00 -4.9746e-01 +2.9939e+00 -2.0494e+00 +3.7473e-01
258 0 +8.643724710e+00 -4.126275290e+00 -4.126275290e+00 +4.3696e-01 +1.7269e+00 +5.6007e-01 +2.3699e-01 +1.4033e+00 +2.6537e+00 -3.5649e-01 +2.6066e+00 -1.8472e+00 +1.7911e-01
297 0 +6.513255325e+00 -6.256744675e+00 -6.256744675e+00 +8.7253e-02 +1.8794e+00 +1.0621e-02 -8.4402e-02 +1.2744e+00 +2.5462e+00 -2.5101e-01 +2.9668e+00 -1.9626e+00 +6.3580e-01
330 0 +5.226777063e+00 -7.543222937e+00 -7.543222937e+00 +1.9579e-01 +1.5164e+00 +3.7517e-01 +1.5796e-01 +1.4128e+00 +2.8201e+00 +3.4110e-01 +3.3701e+00 -1.9431e+00 +5.1733e-01
351 0 +5.015027733e+00 -7.754972267e+00 -7.754972267e+00 +3.4133e-02 +1.6860e+00 +3.5882e-01 -2.9803e-01 +1.2533e+00 +2.8088e+00 +3.3277e-01 +3.1950e+00 -1.8570e+00 +7.3723e-01
357 0 +3.993799483e+00 -8.776200517e+00 -8.776200517e+00 +4.6033e-01 +1.7453e+00 +1.0036e+00 -3.5529e-01 +1.2363e+00 +2.8139e+00 +3.9615e-01 +3.3626e+00 -2.1924e+00 +7.2304e-01
402 0 +3.573171461e+00 -9.196828539e+00 -9.196828539e+00 +3.6742e-01 +1.5678e+00 +1.7620e-01 -1.8248e-01 +1.8008e+00 +2.8276e+00 +7.4277e-01 +3.3089e+00 -1.8121e+00 +8.4124e-01
425 0 +3.056981326e+00 -9.713018674e+00 -9.713018674e+00 +4.0898e-01 +1.6192e+00 +3.3274e-01 -1.2464e-01 +1.4323e+00 +2.6216e+00 +9.3064e-01 +3.1188e+00 -1.7969e+00 +7.2778e-01
476 0 +2.852018762e+00 -9.917981238e+00 -9.917981238e+00 +6.3422e-01 +1.8382e+00 +5.5807e-01 -4.0414e-02 +1.6007e+00 +2.9622e+00 +6.3722e-01 +2.9070e+00 -2.0248e+00 +8.2599e-01
510 0 +2.805419504e+00 -9.964580496e+00 -9.964580496e+00 +4.5277e-01 +1.6593e+00 +3.4966e-01 +5.1962e-02 +1.5442e+00 +2.9559e+00 +5.5909e-01 +3.0012e+00 -1.7988e+00 +8.5300e-01
518 0 +2.734721891e+00 -1.003527811e+01 -1.003527811e+01 +5.1920e-01 +1.6821e+00 +3.2687e-01 -2.4325e-03 +1.7713e+00 +2.8942e+00 +5.2884e-01 +2.9159e+00 -1.9126e+00 +9.6791e-01
519 0 +2.568794566e+00 -1.020120543e+01 -1.020120543e+01 +6.1781e-01 +1.8285e+00 +5.7400e-01 -6.9023e-03 +1.6318e+00 +3.0198e+00 +3.9725e-01 +2.8146e+00 -1.9925e+00 +9.1302e-01
532 0 +1.872161037e+00 -1.089783896e+01 -1.089783896e+01 +7.6531e-01 +1.7422e+00 +8.4839e-01 -1.5872e-01 +1.6572e+00 +2.9144e+00 +5.6422e-01 +2.9395e+00 -2.0170e+00 +1.0414e+00
713 0 +1.821888165e+00 -1.094811184e+01 -1.094811184e+01 +9.2527e-01 +1.5841e+00 +8.0230e-01 -2.0527e-01 +1.8274e+00 +3.3531e+00 +8.3972e-01 +2.9330e+00 -2.0621e+00 +1.2286e+00
726 0 +1.362062795e+00 -1.140793720e+01 -1.140793720e+01 +9.1018e-01 +1.7009e+00 +6.3834e-01 -3.4926e-01 +1.8641e+00 +3.2232e+00 +7.8964e-01 +2.8799e+00 -2.0925e+00 +1.1394e+00
765 0 +1.299350279e+00 -1.147064972e+01 -1.147064972e+01 +9.5983e-01 +1.6809e+00 +7.5073e-01 -1.6668e-01 +1.7696e+00 +3.3118e+00 +5.7062e-01 +2.7818e+00 -2.2988e+00 +1.1139e+00
823 0 +1.239896605e+00 -1.153010340e+01 -1.153010340e+01 +1.0315e+00 +1.6524e+00 +7.8475e-01 -3.8275e-01 +1.6763e+00 +3.2237e+00 +6.6900e-01 +2.7961e+00 -2.3009e+00 +1.1156e+00
854 0 +1.226120244e+00 -1.154387976e+01 -1.154387976e+01 +8.8966e-01 +1.6286e+00 +6.9806e-01 -3.9066e-01 +1.7990e+00 +3.2446e+00 +7.2902e-01 +2.8967e+00 -2.1953e+00 +1.1733e+00
894 0 +1.193251275e+00 -1.157674873e+01 -1.157674873e+01 +1.0551e+00 +1.6606e+00 +7.9998e-01 -3.5457e-01 +1.7091e+00 +3.4264e+00 +5.9405e-01 +2.9268e+00 -2.2505e+00 +1.0882e+00
1010 0 +1.182164339e+00 -1.158783566e+01 -1.158783566e+01 +9.7829e-01 +1.6872e+00 +7.7511e-01 -3.7458e-01 +1.7148e+00 +3.4088e+00 +5.8942e-01 +2.8774e+00 -2.2505e+00 +1.1171e+00
% f evaluations | g evaluations | best noise-free fitness - Fopt (6.365000000000e+01) + sum g_i+ | measured fitness | best measured fitness or single-digit g-values | x1 | x2...
1 0 +4.178329641e+02 +4.814829641e+02 +4.814829641e+02 +5.3659e-01 +1.3095e-01 +2.8950e-02 -5.5906e-01 -8.3218e-02 -1.0643e-01 -2.4823e-02 -1.8811e-01 -1.3146e-02 -1.4317e-01
4 0 +3.854918976e+02 +4.491418976e+02 +4.491418976e+02 +2.2352e-01 +5.9284e-01 -3.7324e-01 -1.8793e-01 -2.4113e-01 -7.2574e-01 -2.7715e-01 -3.0717e-01 +3.3721e-01 -3.9576e-02
5 0 +3.737332919e+02 +4.373832919e+02 +4.373832919e+02 -4.8699e-01 +1.9400e-01 -1.0688e-01 -5.2295e-01 -1.7900e-01 -1.7658e-01 -2.6217e-01 +8.9145e-03 -6.7450e-01 -8.0332e-02
19 0 +3.192064485e+02 +3.828564485e+02 +3.828564485e+02 -3.7594e-01 +3.7425e-01 -2.3014e-01 -3.7363e-01 -1.9069e-01 -3.1137e-01 -1.0414e-01 +2.2282e-01 +5.7085e-01 -2.0360e-01
29 0 +2.869533068e+02 +3.506033068e+02 +3.506033068e+02 -3.3203e-01 +6.2546e-01 -2.5967e-02 -7.2079e-01 -2.1883e-01 -1.0087e+00 -2.2219e-01 -4.7129e-01 +5.8183e-01 +1.9464e-01
31 0 +2.719660680e+02 +3.356160680e+02 +3.356160680e+02 -3.8751e-01 +7.2174e-01 -3.7802e-02 -1.0110e+00 -8.0825e-01 -7.8793e-01 -2.5597e-01 -2.5059e-01 +1.2383e+00 +5.5976e-01
35 0 +2.254993861e+02 +2.891493861e+02 +2.891493861e+02 -7.1407e-01 -9.0861e-02 -6.2071e-01 -5.6266e-01 +1.3719e-02 -1.3166e+00 -3.6590e-02 +1.7056e-01 +1.0005e+00 +3.8780e-02
44 0 +1.967588768e+02 +2.604088768e+02 +2.604088768e+02 -8.3715e-01 +3.1145e-01 -9.8885e-01 -1.1590e+00 -2.2396e-01 -1.0961e+00 -1.3218e-02 +2.1433e-01 +1.4135e+00 -3.7875e-01
54 0 +1.673773844e+02 +2.310273844e+02 +2.310273844e+02 -7.8429e-01 -3.9414e-01 -7.8959e-01 -4.6818e-01 +7.2226e-01 -3.0675e-01 -5.3454e-01 +3.4240e-01 +1.7213e+00 -1.3402e-01
59 0 +1.559622092e+02 +2.196122092e+02 +2.196122092e+02 -9.5003e-01 +2.0678e-01 -1.2486e+00 -1.9231e+00 -2.8356e-01 -1.8863e+00 -2.9620e-01 +2.9890e-01 +2.7751e+00 -2.3466e-01
62 0 +1.248938932e+02 +1.885438932e+02 +1.885438932e+02 -1.9869e+00 -2.2316e-01 -1.1727e+00 -1.1357e+00 +4.6115e-01 -1.7468e+00 -4.3653e-01 +5.1507e-01 +3.0582e+00 +1.8694e-01
66 0 +1.058797253e+02 +1.695297253e+02 +1.695297253e+02 -1.3113e+00 +3.1858e-01 +3.9814e-01 -1.2597e+00 +2.8155e-01 -1.7005e+00 -4.7789e-01 +6.7048e-02 +2.7179e+00 +7.0620e-01
74 0 +8.909716137e+01 +1.527471614e+02 +1.527471614e+02 -6.9572e-01 +9.8482e-01 +1.4168e-01 -1.2597e+00 +3.9220e-01 -2.2357e+00 -7.0979e-01 +1.1271e+00 +3.0689e+00 +1.4681e-01
132 0 +6.893866139e+01 +1.325886614e+02 +1.325886614e+02 -2.0638e+00 +5.3898e-01 +2.4334e-01 -9.1923e-01 +3.0868e-01 -2.4305e+00 -1.0870e+00 +7.5309e-01 +1.8958e+00 +9.3842e-01
166 0 +6.665126648e+01 +1.303012665e+02 +1.303012665e+02 -3.3340e+00 +5.7107e-01 +5.6395e-01 -2.2994e+00 +9.3604e-01 -2.3707e+00 -1.2469e+00 +7.6882e-01 +4.8987e-01 +1.2134e+00
175 0 +6.574618172e+01 +1.293961817e+02 +1.293961817e+02 -3.4316e+00 +5.6503e-01 -3.1693e-01 -3.1929e+00 +1.6370e+00 -2.0466e+00 -1.0461e+00 +7.9844e-01 +1.1373e+00 -1.2173e-01
179 0 +5.974914808e+01 +1.233991481e+02 +1.233991481e+02 -3.4576e+00 +6.0517e-01 +1.5056e+00 -2.6008e+00 +2.2622e-01 -2.0640e+00 -2.1820e+00 +1.6707e+00 +1.2764e-01 +1.7116e+00
204 0 +4.686816438e+01 +1.105181644e+02 +1.105181644e+02 -3.7289e+00 +4.4903e-01 +5.5675e-01 -2.4914e+00 +8.7644e-01 -3.2677e+00 -1.4835e+00 +2.6605e+00 -9.4376e-02 +1.7081e+00
212 0 +3.668176630e+01 +1.003317663e+02 +1.003317663e+02 -2.7582e+00 +7.6453e-01 -3.2697e-01 -2.9115e+00 +1.6570e+00 -2.5677e+00 -8.5528e-01 +3.2175e+00 +7.2758e-01 +1.1879e+00
312 0 +3.518847638e+01 +9.883847638e+01 +9.883847638e+01 -2.4754e+00 +2.8435e-01 -1.2902e+00 -3.8735e-02 +1.5809e+00 -4.0335e-01 -1.2611e+00 +2.8982e+00 +4.3730e+00 +8.4434e-01
346 0 +3.463588229e+01 +9.828588229e+01 +9.828588229e+01 -2.6984e+00 -1.7459e-01 -5.6420e-01 -6.1909e-02 +2.1587e+00 +3.4221e-01 -3.7274e-01 +3.6953e+00 +3.6645e+00 +2.2996e-02
351 0 +2.984411974e+01 +9.349411974e+01 +9.349411974e+01 -2.1618e+00 -3.3755e-01 -1.3409e+00 +5.2190e-02 +1.6035e+00 -6.7475e-01 -4.0022e-01 +3.2249e+00 +4.1814e+00 +3.7945e-01
352 0 +2.633131735e+01 +8.998131735e+01 +8.998131735e+01 -2.6824e+00 -1.4902e-01 -1.0726e+00 -5.4025e-01 +1.8887e+00 +1.5403e-01 -5.4209e-01 +2.8958e+00 +4.5567e+00 +7.0820e-01
361 0 +2.036791192e+01 +8.401791192e+01 +8.401791192e+01 -2.3392e+00 +4.9041e-01 +2.2272e-01 -4.2760e-01 +1.3841e+00 -9.6781e-01 -1.2395e+00 +3.1006e+00 +3.8554e+00 +5.0671e-01
407 0 +1.527744238e+01 +7.892744238e+01 +7.892744238e+01 -2.0195e+00 +1.0494e+00 -1.7968e+00 -2.1776e-01 +2.3862e+00 +1.3611e-01 -9.0449e-01 +3.1411e+00 +5.7882e+00 -1.1897e+00
436 0 +1.239767949e+01 +7.604767949e+01 +7.604767949e+01 -1.8881e+00 +2.3795e+00 -1.4940e+00 -5.0307e-02 +1.9227e+00 -3.2196e-01 -2.3412e+00 +2.6312e+00 +4.7496e+00 -1.2712e+00
491 0 +1.062449123e+01 +7.427449123e+01 +7.427449123e+01 -1.3799e+00 +2.4146e+00 -1.9534e+00 -3.1801e-01 +2.5324e+00 +9.6615e-02 -1.4037e+00 +2.5884e+00 +5.6064e+00 -5.0696e-01
551 0 +8.884978287e+00 +7.253497829e+01 +7.253497829e+01 -1.0610e+00 +2.5215e+00 -1.1719e+00 -2.0813e-01 +2.6771e+00 +4.1244e-01 -1.7310e+00 +2.1835e+00 +6.0360e+00 -9.5555e-01
623 0 +8.688215809e+00 +7.233821581e+01 +7.233821581e+01 -1.6430e+00 +2.4946e+00 -1.0705e+00 -4.2431e-01 +2.3611e+00 +7.6855e-02 -2.0032e+00 +2.6940e+00 +5.4199e+00 -9.4644e-01
634 0 +7.314611190e+00 +7.096461119e+01 +7.096461119e+01 -1.5785e+00 +2.2787e+00 -1.0561e+00 -6.8516e-01 +2.4506e+00 +2.9207e-01 -1.7996e+00 +2.6290e+00 +5.5236e+00 -8.6530e-01
648 0 +5.626923441e+00 +6.927692344e+01 +6.927692344e+01 -1.6713e+00 +2.3641e+00 -7.1910e-01 -7.2999e-01 +2.5123e+00 +2.9756e-01 -1.8887e+00 +2.6468e+00 +5.5231e+00 -1.3622e+00
789 0 +5.396989440e+00 +6.904698944e+01 +6.904698944e+01 -1.3498e+00 +1.8449e+00 -1.2102e+00 -1.4489e+00 +2.6181e+00 +2.9271e-01 -1.3606e+00 +2.9698e+00 +5.0469e+00 -1.4752e+00
822 0 +4.690813024e+00 +6.834081302e+01 +6.834081302e+01 -1.3842e+00 +1.8801e+00 -1.2247e+00 -1.0009e+00 +2.3987e+00 +2.2187e-01 -1.7035e+00 +2.9314e+00 +5.1030e+00 -1.6873e+00
831 0 +4.630872143e+00 +6.828087214e+01 +6.828087214e+01 -1.4737e+00 +1.8445e+00 -1.2180e+00 -9.2660e-01 +2.4537e+00 +2.3294e-01 -1.7696e+00 +3.0245e+00 +5.2576e+00 -1.8204e+00
847 0 +4.532640342e+00 +6.818264034e+01 +6.818264034e+01 -1.5157e+00 +1.9444e+00 -9.4092e-01 -8.8192e-01 +2.5121e+00 +3.9725e-01 -1.9614e+00 +3.0710e+00 +5.3150e+00 -1.7944e+00
880 0 +4.081450759e+00 +6.773145076e+01 +6.773145076e+01 -1.4019e+00 +1.9317e+00 -9.8860e-01 -6.4486e-01 +2.1133e+00 +8.1531e-02 -2.6461e+00 +3.2892e+00 +4.7952e+00 -2.1289e+00
883 0 +3.924154999e+00 +6.757415500e+01 +6.757415500e+01 -1.7033e+00 +2.0314e+00 -6.4008e-01 -9.8672e-01 +2.2462e+00 -8.9334e-02 -2.4402e+00 +2.9884e+00 +4.8003e+00 -1.9152e+00
888 0 +3.740935121e+00 +6.739093512e+01 +6.739093512e+01 -1.2016e+00 +1.8331e+00 -9.8114e-01 -8.7294e-01 +2.1650e+00 +3.9174e-01 -2.3603e+00 +3.1588e+00 +4.8261e+00 -1.9703e+00
898 0 +3.151932740e+00 +6.680193274e+01 +6.680193274e+01 -1.4757e+00 +1.6485e+00 -7.6716e-01 -1.0856e+00 +2.2694e+00 -4.6627e-03 -2.1562e+00 +3.1794e+00 +4.4885e+00 -1.8970e+00
934 0 +2.864956503e+00 +6.651495650e+01 +6.651495650e+01 -1.8573e+00 +1.4805e+00 -8.5043e-01 -7.9772e-01 +2.3458e+00 +2.0401e-01 -2.2417e+00 +3.4473e+00 +4.7945e+00 -2.6106e+00
946 0 +2.582668888e+00 +6.623266889e+01 +6.623266889e+01 -1.8899e+00 +1.4506e+00 -7.2114e-01 -9.9189e-01 +2.3118e+00 +2.3780e-01 -2.2982e+00 +3.1947e+00 +4.6662e+00 -2.4344e+00
951 0 +2.470745953e+00 +6.612074595e+01 +6.612074595e+01 -2.1565e+00 +1.3955e+00 -4.5107e-01 -1.2083e+00 +2.3804e+00 +1.2239e-01 -2.3818e+00 +3.3405e+00 +4.4305e+00 -2.2345e+00
973 0 +1.333269522e+00 +6.498326952e+01 +6.498326952e+01 -1.8414e+00 +1.5538e+00 -4.8859e-01 -1.4965e+00 +2.3180e+00 -5.7307e-02 -2.7882e+00 +3.4633e+00 +4.1894e+00 -2.4575e+00
1010 0 +1.333269522e+00 +6.498326952e+01 +6.498326952e+01 -1.8414e+00 +1.5538e+00 -4.8859e-01 -1.4965e+00 +2.3180e+00 -5.7307e-02 -2.7882e+00 +3.4633e+00 +4.1894e+00 -2.4575e+00
% f evaluations | g evaluations | best noise-free fitness - Fopt (6.991900000000e+02) + sum g_i+ | measured fitness | best measured fitness or single-digit g-values | x1 | x2...
1 0 +7.035363709e+02 +1.402726371e+03 +1.402726371e+03 +5.3659e-01 +1.3095e-01 +2.8950e-02 -5.5906e-01 -8.3218e-02 -1.0643e-01 -2.4823e-02 -1.8811e-01 -1.3146e-02 -1.4317e-01
3 0 +5.948129595e+02 +1.294002959e+03 +1.294002959e+03 -3.5551e-01 -6.1695e-02 +4.4585e-01 +7.1016e-02 -3.0714e-01 -2.1390e-01 +1.8758e-01 -4.8156e-02 -2.3066e-01 -6.9012e-02
7 0 +5.238896414e+02 +1.223079641e+03 +1.223079641e+03 +3.1444e-01 +4.0012e-01 -5.9225e-02 +5.3240e-01 -2.0242e-01 +4.5186e-02 +4.5885e-02 -3.1927e-01 +1.3139e-01 +5.8172e-01
14 0 +4.441706314e+02 +1.143360631e+03 +1.143360631e+03 +2.4651e-01 +7.4313e-01 -2.5379e-01 +2.5641e-01 -1.6322e-01 -3.5811e-01 +1.7297e-01 -5.1496e-01 -1.1177e-01 +6.0700e-01
23 0 +3.782754997e+02 +1.077465500e+03 +1.077465500e+03 +1.0220e-01 +9.6734e-01 +4.3595e-01 +4.2372e-01 -5.1709e-01 -1.0316e-01 +7.0014e-02 +2.0554e-01 -2.4132e-01 -5.3429e-02
26 0 +3.073521848e+02 +1.006542185e+03 +1.006542185e+03 +9.9629e-01 +7.3055e-01 +5.8218e-01 +2.9556e-01 +8.2179e-02 -1.3061e-01 +6.4411e-01 -2.7879e-01 -4.2608e-01 +1.6781e-01
32 0 +2.026541614e+02 +9.018441614e+02 +9.018441614e+02 +1.2606e+00 +9.2607e-01 +3.7744e-01 +4.6862e-01 -6.3176e-01 -8.1809e-02 +5.9988e-01 -7.5664e-01 -3.0289e-01 -1.5874e-01
43 0 +1.410173538e+02 +8.402073538e+02 +8.402073538e+02 +1.0364e+00 +9.9166e-01 +1.1697e+00 +5.5007e-01 -8.9207e-01 +7.0233e-02 +1.1666e+00 +2.1995e-01 +8.8206e-02 -8.6538e-02
51 0 +1.351800462e+02 +8.343700462e+02 +8.343700462e+02 +1.1486e+00 +1.2069e+00 +1.0027e+00 +1.5742e+00 -8.2110e-01 -3.9845e-01 +7.0708e-01 -1.2018e-01 +2.0782e-01 -1.4226e-01
53 0 +1.175667295e+02 +8.167567295e+02 +8.167567295e+02 +5.2577e-01 +2.3628e+00 +9.7116e-01 +6.6091e-01 -1.0200e+00 +9.8201e-02 +8.4380e-01 +3.5631e-01 +2.7743e-01 -1.0862e-01
58 0 +1.115468000e+02 +8.107368000e+02 +8.107368000e+02 +1.0867e+00 +1.4510e+00 +8.1130e-01 +7.9914e-01 -9.8735e-01 -3.3715e-01 +1.6976e+00 +3.5344e-02 -4.0281e-01 -3.8591e-02
64 0 +1.048354959e+02 +8.040254959e+02 +8.040254959e+02 +1.3611e+00 +1.2732e+00 +1.7204e+00 +1.3006e+00 -4.7085e-01 +4.9763e-01 +1.2104e+00 +1.2046e-01 -6.2910e-01 +2.6916e-01
65 0 +6.635217163e+01 +7.655421716e+02 +7.655421716e+02 +1.0142e+00 +1.8897e+00 +1.1449e+00 +1.8333e+00 -1.6527e+00 +5.8540e-01 +2.0945e+00 +7.5265e-01 +3.1062e-02 +1.3906e-01
104 0 +5.997568747e+01 +7.591656875e+02 +7.591656875e+02 +2.3659e+00 +1.7856e+00 -2.8553e-01 +1.3849e+00 -2.2490e+00 -1.4068e+00 +1.0926e+00 +4.3038e-01 -6.6617e-01 -2.3226e-01
112 0 +5.687271135e+01 +7.560627114e+02 +7.560627114e+02 +1.3263e+00 +2.0774e+00 +2.5633e-01 +2.2126e+00 -2.5648e+00 -8.5857e-02 +8.5066e-01 +7.1677e-02 +4.1230e-01 +2.4760e-01
123 0 +5.599659060e+01 +7.551865906e+02 +7.551865906e+02 +1.8563e+00 +1.8942e+00 +4.5561e-01 +2.5139e+00 -2.0753e+00 -4.7490e-01 +1.5233e+00 +1.2620e-01 +1.8126e-01 +1.1580e-01
125 0 +5.077213177e+01 +7.499621318e+02 +7.499621318e+02 +1.4741e+00 +1.6170e+00 +8.6388e-01 +2.0264e+00 -1.5291e+00 +7.1440e-01 +3.9126e-01 +9.0160e-01 -6.6213e-01 +1.2129e+00
126 0 +4.889124748e+01 +7.480812475e+02 +7.480812475e+02 +1.0733e+00 +1.0914e+00 +3.9304e-01 +2.6240e+00 -2.3302e+00 -7.4749e-01 +1.5967e+00 +2.0798e-01 -5.1065e-01 +1.1467e+00
140 0 +4.026107175e+01 +7.394510717e+02 +7.394510717e+02 +1.0423e+00 +1.7004e+00 +8.0987e-02 +2.3179e+00 -1.8084e+00 +4.0889e-02 +1.6680e+00 +8.7860e-01 -3.0477e-01 +1.1111e+00
158 0 +3.801687055e+01 +7.372068705e+02 +7.372068705e+02 +1.4465e+00 +1.3430e+00 +7.6695e-01 +1.9753e+00 -1.7921e+00 +5.0774e-01 +1.5995e+00 +1.2555e+00 -2.9112e-01 +1.1372e+00
170 0 +3.135140146e+01 +7.305414015e+02 +7.305414015e+02 +1.9366e+00 +8.4223e-01 +2.3038e-01 +1.7850e+00 -1.8707e+00 +7.2531e-02 +1.5159e+00 +2.1786e+00 -3.9931e-01 +1.5882e+00
177 0 +2.698155864e+01 +7.261715586e+02 +7.261715586e+02 +1.6489e+00 +1.6446e+00 +6.6935e-01 +3.3913e+00 -1.3675e+00 -6.6049e-02 +1.9038e+00 +2.2363e+00 -5.5142e-01 +3.5780e-02
178 0 +2.534800129e+01 +7.245380013e+02 +7.245380013e+02 +1.3337e+00 +1.1966e+00 -3.1234e-01 +2.0915e+00 -2.2897e+00 +3.5555e-01 +1.4224e+00 +1.2237e+00 -4.8722e-02 +8.4477e-01
201 0 +1.954623043e+01 +7.187362304e+02 +7.187362304e+02 +1.4583e+00 +1.8647e+00 -3.3474e-01 +2.3008e+00 -1.6123e+00 +6.0326e-03 +1.6551e+00 +2.3104e+00 -5.2284e-01 +1.3238e+00
210 0 +1.721883153e+01 +7.164088315e+02 +7.164088315e+02 +1.9071e+00 +1.2059e+00 -3.1066e-01 +2.5745e+00 -2.1269e+00 +6.5926e-01 +1.6820e+00 +1.5713e+00 -5.2211e-01 -4.0990e-01
212 0 +1.569554611e+01 +7.148855461e+02 +7.148855461e+02 +2.1611e+00 +1.3875e+00 -4.4758e-01 +2.8911e+00 -2.3048e+00 +9.1563e-01 +1.9319e+00 +2.2594e+00 +2.0354e-01 +2.0293e-01
247 0 +1.027148119e+01 +7.094614812e+02 +7.094614812e+02 +1.5113e+00 +9.4951e-01 -8.4206e-01 +2.8572e+00 -3.0295e+00 +2.9205e-01 +1.9411e+00 +1.9311e+00 -4.8144e-01 -1.1099e-01
249 0 +9.713209179e+00 +7.089032092e+02 +7.089032092e+02 +2.6993e+00 +3.8342e-01 -6.9780e-01 +2.1845e+00 -2.7135e+00 +9.5506e-01 +1.7174e+00 +1.6710e+00 -1.4230e-01 -1.1255e-02
290 0 +5.631636467e+00 +7.048216365e+02 +7.048216365e+02 +2.6079e+00 +6.3098e-01 -1.9950e+00 +2.0780e+00 -3.3175e+00 +5.0923e-01 +2.4828e+00 +3.0350e+00 -7.6551e-01 -3.7816e-01
316 0 +5.517860404e+00 +7.047078604e+02 +7.047078604e+02 +2.7368e+00 -7.3383e-02 -1.4273e+00 +2.9521e+00 -3.3235e+00 +1.0851e+00 +2.8091e+00 +2.2466e+00 -1.4963e-01 -4.7958e-01
338 0 +2.630316095e+00 +7.018203161e+02 +7.018203161e+02 +2.7260e+00 -3.5772e-02 -1.6846e+00 +3.0093e+00 -3.5443e+00 +9.7238e-01 +2.9601e+00 +2.7105e+00 -5.1695e-01 -4.7451e-01
375 0 +2.536972148e+00 +7.017269721e+02 +7.017269721e+02 +2.3122e+00 +1.7846e-01 -1.5708e+00 +2.5236e+00 -3.6490e+00 +4.2871e-01 +2.6142e+00 +2.4078e+00 -3.3313e-01 -5.5051e-02
417 0 +1.776636084e+00 +7.009666361e+02 +7.009666361e+02 +2.4361e+00 +6.0774e-01 -1.7209e+00 +2.6893e+00 -3.2500e+00 +2.2151e-01 +2.3294e+00 +2.2713e+00 -3.7008e-01 -7.7100e-02
498 0 +1.475296587e+00 +7.006652966e+02 +7.006652966e+02 +2.2867e+00 +5.3886e-01 -1.9199e+00 +2.5687e+00 -3.6008e+00 +4.2990e-01 +2.4451e+00 +2.5125e+00 -3.1131e-01 -5.0372e-02
527 0 +1.325224160e+00 +7.005152242e+02 +7.005152242e+02 +2.3395e+00 +4.8894e-01 -1.6746e+00 +2.5537e+00 -3.4310e+00 +5.3492e-01 +2.5090e+00 +2.7212e+00 -5.8645e-01 +1.1268e-02
538 0 +1.301304700e+00 +7.004913047e+02 +7.004913047e+02 +2.2275e+00 +4.4459e-01 -1.7468e+00 +2.6241e+00 -3.5209e+00 +4.6489e-01 +2.5500e+00 +2.6167e+00 -4.9144e-01 +8.7942e-02
564 0 +1.249507698e+00 +7.004395077e+02 +7.004395077e+02 +2.2003e+00 +6.2161e-01 -1.6398e+00 +2.6002e+00 -3.3670e+00 +5.2536e-01 +2.5107e+00 +2.7195e+00 -3.9789e-01 +1.0951e-01
657 0 +1.216663930e+00 +7.004066639e+02 +7.004066639e+02 +2.1753e+00 +7.4013e-01 -1.6405e+00 +2.7500e+00 -3.3576e+00 +5.5591e-01 +2.2923e+00 +2.4606e+00 -3.3260e-01 +1.3686e-01
671 0 +1.176107573e+00 +7.003661076e+02 +7.003661076e+02 +2.1207e+00 +6.8406e-01 -1.6993e+00 +2.6694e+00 -3.4190e+00 +5.5141e-01 +2.4137e+00 +2.5285e+00 -3.5626e-01 +1.2679e-01
732 0 +1.141937667e+00 +7.003319377e+02 +7.003319377e+02 +2.1128e+00 +5.9605e-01 -1.6662e+00 +2.7505e+00 -3.4815e+00 +5.6251e-01 +2.4926e+00 +2.5822e+00 -3.5095e-01 +5.4858e-02
1010 0 +1.133174581e+00 +7.003231746e+02 +7.003231746e+02 +2.1358e+00 +7.3412e-01 -1.6846e+00 +2.8500e+00 -3.4210e+00 +6.0962e-01 +2.3634e+00 +2.4646e+00 -3.0585e-01 -7.5875e-02
% f evaluations | g evaluations | best noise-free fitness - Fopt (1.000000000000e+03) + sum g_i+ | measured fitness | best measured fitness or single-digit g-values | x1 | x2...
1 0 +1.133018244e+02 +1.113301824e+03 +1.113301824e+03 +5.3659e-01 +1.3095e-01 +2.8950e-02 -5.5906e-01 -8.3218e-02 -1.0643e-01 -2.4823e-02 -1.8811e-01 -1.3146e-02 -1.4317e-01
6 0 +1.109214265e+02 +1.110921427e+03 +1.110921427e+03 +3.0396e-01 +2.5584e-01 +3.3246e-01 +3.3582e-01 +4.4627e-01 -3.3550e-01 +2.5376e-01 -5.5829e-01 -1.8087e-01 -5.7437e-01
13 0 +1.065574694e+02 +1.106557469e+03 +1.106557469e+03 +4.8981e-01 +1.5224e-01 +4.2800e-01 +1.3939e-01 +3.2894e-01 -6.0165e-01 +2.7047e-01 +1.8935e-02 -8.5744e-02 -4.8417e-01
14 0 +8.107097851e+01 +1.081070979e+03 +1.081070979e+03 +6.5993e-01 -5.3109e-04 +4.1630e-01 +1.1902e-01 -8.4939e-02 -7.6229e-01 +5.0181e-01 -6.2172e-01 +8.5305e-02 -4.8250e-01
21 0 +7.327024348e+01 +1.073270243e+03 +1.073270243e+03 +4.5070e-01 +1.0703e-01 +7.3580e-01 +4.0012e-02 +1.1016e-01 -7.5335e-01 +2.3171e-01 -3.6231e-01 -2.5838e-01 -2.1820e-01
28 0 +6.515168950e+01 +1.065151689e+03 +1.065151689e+03 +5.4370e-02 -3.1927e-01 +6.8061e-01 -1.3965e-01 -3.1154e-01 -9.2487e-01 +1.4247e-01 -5.4427e-01 -3.6073e-01 -7.5591e-01
32 0 +5.900509895e+01 +1.059005099e+03 +1.059005099e+03 -2.3587e-01 +4.3018e-01 +1.5280e+00 +9.5453e-02 +2.8523e-01 -7.5783e-01 +3.8205e-01 -7.1061e-01 -4.8392e-01 -9.3040e-01
39 0 +5.129144255e+01 +1.051291443e+03 +1.051291443e+03 -2.7276e-01 -1.5611e-02 +1.0949e+00 -6.2565e-01 -1.4521e-01 -8.7437e-01 +6.2071e-02 -7.3546e-01 -2.7540e-01 -7.1340e-01
41 0 +4.820123548e+01 +1.048201235e+03 +1.048201235e+03 -3.7493e-01 +1.6165e-01 +1.3157e+00 -1.9577e-01 -6.3807e-01 -6.6368e-01 +1.0193e-01 -7.3880e-01 -6.5977e-01 -1.3336e+00
51 0 +4.099479600e+01 +1.040994796e+03 +1.040994796e+03 -2.8937e-02 -4.1888e-01 +1.0700e+00 -4.3829e-01 -1.0651e-01 -7.5777e-01 +8.7071e-01 -4.9533e-01 -4.9158e-01 -5.9195e-01
62 0 +3.604472907e+01 +1.036044729e+03 +1.036044729e+03 -5.2606e-01 -3.3710e-01 +2.0185e+00 -9.0762e-01 -1.5348e-01 -5.6463e-01 +2.7899e-01 -9.0930e-01 -8.7828e-01 -1.0987e+00
78 0 +3.484650588e+01 +1.034846506e+03 +1.034846506e+03 -3.6629e-01 +1.7280e-02 +1.7149e+00 -9.6634e-01 -1.2085e-01 -5.0072e-01 +9.9247e-03 -1.0080e+00 -5.3815e-01 -7.5562e-01
83 0 +1.852481543e+01 +1.018524815e+03 +1.018524815e+03 +1.4908e-01 +6.1348e-01 +2.1090e+00 -1.4628e+00 -3.6614e-01 -1.0696e+00 +1.3756e+00 -1.5271e+00 -8.3368e-01 -8.7493e-01
173 0 +1.365767036e+01 +1.013657670e+03 +1.013657670e+03 -7.6375e-01 +6.2616e-01 +2.6205e+00 -2.0779e+00 -5.0881e-01 -1.4334e+00 +1.4490e+00 -8.3116e-01 -1.1780e+00 -3.6641e-01
187 0 +1.235662009e+01 +1.012356620e+03 +1.012356620e+03 -1.0296e+00 +3.6041e-01 +2.4602e+00 -1.8921e+00 -4.5147e-01 -1.1006e+00 +1.2633e+00 -3.4310e-02 -6.9063e-01 -4.5520e-01
219 0 +1.207014569e+01 +1.012070146e+03 +1.012070146e+03 -1.1703e+00 +8.4281e-01 +2.7690e+00 -2.4540e+00 -5.6385e-01 -1.1465e+00 +1.7092e+00 -4.7818e-01 -1.1474e+00 -4.1756e-01
230 0 +1.015894046e+01 +1.010158940e+03 +1.010158940e+03 -7.8591e-01 +6.2601e-01 +2.5703e+00 -2.2245e+00 -6.2669e-01 -1.0096e+00 +1.9414e+00 -7.3825e-01 -5.0277e-01 -6.2187e-01
233 0 +9.648546963e+00 +1.009648547e+03 +1.009648547e+03 -1.0238e+00 +8.0383e-01 +2.2953e+00 -1.9373e+00 -7.1292e-01 -8.3157e-01 +1.7933e+00 -9.3749e-01 -3.4642e-01 -4.7064e-01
254 0 +9.299659117e+00 +1.009299659e+03 +1.009299659e+03 -1.1687e-01 +1.0795e+00 +1.9678e+00 -1.9795e+00 -9.3523e-01 -9.6203e-01 +2.5493e+00 -9.6155e-01 -2.2380e-01 -8.4871e-01
396 0 +9.073198441e+00 +1.009073198e+03 +1.009073198e+03 -5.3068e-01 +1.6799e+00 +1.9781e+00 -2.6231e+00 -1.0507e+00 -2.0932e+00 +2.5265e+00 -1.1744e+00 -3.2404e-01 -1.2466e+00
406 0 +8.774584684e+00 +1.008774585e+03 +1.008774585e+03 -3.6979e-01 +1.6663e+00 +1.7411e+00 -2.4154e+00 -1.0959e+00 -1.6824e+00 +1.9847e+00 -8.0387e-01 -2.4960e-01 -1.3999e+00
410 0 +8.487712085e+00 +1.008487712e+03 +1.008487712e+03 -1.9716e-01 +1.8586e+00 +1.7302e+00 -2.4893e+00 -8.6086e-01 -1.4276e+00 +2.2480e+00 -1.3282e+00 -4.0659e-01 -1.0140e+00
441 0 +6.671935621e+00 +1.006671936e+03 +1.006671936e+03 -6.4054e-01 +1.2094e+00 +1.6748e+00 -2.4001e+00 -1.0963e+00 -1.8062e+00 +2.4299e+00 -9.5348e-01 -5.6934e-02 -1.4281e+00
463 0 +6.434713264e+00 +1.006434713e+03 +1.006434713e+03 -6.0224e-01 +1.1031e+00 +1.5886e+00 -2.4734e+00 -8.8525e-01 -2.0169e+00 +2.3168e+00 -1.1900e+00 +1.1056e-01 -1.0554e+00
508 0 +5.747503715e+00 +1.005747504e+03 +1.005747504e+03 -5.3368e-01 +9.9983e-01 +1.4995e+00 -2.2058e+00 -9.6180e-01 -1.6142e+00 +2.4891e+00 -1.3314e+00 +2.8844e-01 -9.5553e-01
518 0 +5.265697013e+00 +1.005265697e+03 +1.005265697e+03 -3.5543e-01 +1.1034e+00 +1.4677e+00 -2.2129e+00 -1.0509e+00 -1.6592e+00 +2.0917e+00 -1.4170e+00 +7.5216e-02 -1.3298e+00
523 0 +5.222170914e+00 +1.005222171e+03 +1.005222171e+03 -4.0087e-01 +1.1460e+00 +1.4970e+00 -2.1130e+00 -1.1414e+00 -1.7030e+00 +2.2293e+00 -1.4676e+00 +2.6221e-01 -1.2811e+00
910 0 +5.222170914e+00 +1.005222171e+03 +1.005222171e+03 -4.0087e-01 +1.1460e+00 +1.4970e+00 -2.1130e+00 -1.1414e+00 -1.7030e+00 +2.2293e+00 -1.4676e+00 +2.6221e-01 -1.2811e+00
