% f evaluations | g evaluations | best noise-free fitness - Fopt (1.491500000000e+02) + sum g_i+ | measured fitness | best measured fitness or single-digit g-values | x1 | x2...
1 0 +1.059710561e+03 +1.208860561e+03 +1.208860561e+03 -9.3535e-02 +2.1870e-01 +6.5348e-02 -2.6974e-01 -7.4606e-01
8 0 +1.052046313e+03 +1.201196313e+03 +1.201196313e+03 -6.5870e-03 -6.3815e-01 -2.5033e-01 -1.3966e-01 +7.0116e-02
14 0 +6.202099470e+02 +7.693599470e+02 +7.693599470e+02 -1.8427e-01 -5.0629e-01 -1.0611e-01 -7.1011e-01 -4.6403e-01
20 0 +5.720173024e+02 +7.211673024e+02 +7.211673024e+02 -1.0486e-01 -6.1397e-01 -3.6318e-01 -3.2683e-01 -5.5631e-01
26 0 +5.562847795e+02 +7.054347795e+02 +7.054347795e+02 -1.2305e-01 -5.4096e-01 -6.0070e-01 -4.9224e-01 -1.4570e-01
27 0 +5.355098225e+02 +6.846598225e+02 +6.846598225e+02 -2.7886e-02 -6.6348e-01 -2.7041e-01 -7.8688e-01 -3.2686e-01
33 0 +4.747596556e+02 +6.239096556e+02 +6.239096556e+02 +7.1740e-02 -4.2628e-01 -3.7847e-01 -8.5102e-01 -3.7007e-01
48 0 +4.392633682e+02 +5.884133682e+02 +5.884133682e+02 -2.7295e-01 -8.3134e-01 -6.3981e-01 -6.4322e-01 -1.9209e-01
49 0 +3.753852861e+02 +5.245352861e+02 +5.245352861e+02 -2.1933e-01 -6.4990e-01 -7.0697e-01 -6.5959e-01 -4.0168e-01
60 0 +3.693020640e+02 +5.184520640e+02 +5.184520640e+02 -4.5682e-01 -7.7729e-01 -6.6519e-01 -8.2850e-01 -2.9005e-01
64 0 +3.499188494e+02 +4.990688494e+02 +4.990688494e+02 -2.6711e-03 -6.4520e-01 -8.2449e-01 -6.7352e-01 -5.4934e-01
82 0 +3.126809630e+02 +4.618309630e+02 +4.618309630e+02 -2.2840e-01 -6.1311e-01 -6.3243e-01 -6.0838e-01 -8.9527e-01
90 0 +2.986842276e+02 +4.478342276e+02 +4.478342276e+02 -1.6167e-01 -1.0280e+00 -7.3822e-01 -6.8225e-01 -9.9144e-01
91 0 +2.779769799e+02 +4.271269799e+02 +4.271269799e+02 -2.1851e-01 -7.1085e-01 -6.9641e-01 -6.9315e-01 -1.1406e+00
95 0 +2.677051519e+02 +4.168551519e+02 +4.168551519e+02 -2.5971e-01 -6.5793e-01 -8.6996e-01 -4.3470e-01 -1.2081e+00
98 0 +2.409725227e+02 +3.901225227e+02 +3.901225227e+02 -4.1457e-01 -1.0491e+00 -9.7715e-01 -4.3208e-01 -1.2671e+00
103 0 +2.070048332e+02 +3.561548332e+02 +3.561548332e+02 -3.8157e-01 -9.0730e-01 -1.0268e+00 -1.9965e-01 -1.7180e+00
115 0 +1.825090568e+02 +3.316590568e+02 +3.316590568e+02 -6.0644e-01 -1.0697e+00 -1.2188e+00 +1.1153e-01 -2.1797e+00
118 0 +1.814931834e+02 +3.306431834e+02 +3.306431834e+02 -6.5578e-01 -9.4938e-01 -1.0144e+00 -4.1791e-01 -1.9819e+00
124 0 +1.050354369e+02 +2.541854369e+02 +2.541854369e+02 -6.9205e-01 -9.2326e-01 -1.3916e+00 +8.2285e-01 -3.0273e+00
132 0 +1.350019256e+01 +1.626501926e+02 +1.626501926e+02 -6.2355e-01 -1.1406e+00 -1.2022e+00 +9.3914e-01 -3.8825e+00
173 0 +1.231244091e+01 +1.614624409e+02 +1.614624409e+02 -1.3641e+00 -1.2630e+00 -1.0419e+00 +1.1291e+00 -3.6819e+00
187 0 +7.456793128e+00 +1.566067931e+02 +1.566067931e+02 -1.4496e+00 -1.1736e+00 -8.5728e-01 +1.0227e+00 -3.7308e+00
232 0 +6.200509004e+00 +1.553505090e+02 +1.553505090e+02 -1.4219e+00 -1.1695e+00 -8.5878e-01 +9.6687e-01 -3.7202e+00
250 0 +5.469201048e+00 +1.546192010e+02 +1.546192010e+02 -1.6228e+00 -1.0969e+00 -9.2283e-01 +8.1955e-01 -3.7744e+00
265 0 +5.229591631e+00 +1.543795916e+02 +1.543795916e+02 -1.3547e+00 -1.2461e+00 -9.8315e-01 +9.3445e-01 -3.7024e+00
276 0 +5.127348355e+00 +1.542773484e+02 +1.542773484e+02 -1.2462e+00 -1.3582e+00 -9.8659e-01 +8.3790e-01 -3.6570e+00
282 0 +4.800267607e+00 +1.539502676e+02 +1.539502676e+02 -1.2336e+00 -1.2924e+00 -9.8043e-01 +8.1986e-01 -3.6918e+00
322 0 +4.222023488e+00 +1.533720235e+02 +1.533720235e+02 -7.7039e-01 -1.3548e+00 -9.7470e-01 +8.3038e-01 -3.6860e+00
341 0 +4.087863759e+00 +1.532378638e+02 +1.532378638e+02 -9.8845e-01 -1.3473e+00 -9.2760e-01 +8.4906e-01 -3.7581e+00
342 0 +3.856018694e+00 +1.530060187e+02 +1.530060187e+02 -9.5180e-01 -1.3490e+00 -9.8536e-01 +8.8805e-01 -3.7286e+00
364 0 +3.714837695e+00 +1.528648377e+02 +1.528648377e+02 -8.6224e-01 -1.3329e+00 -1.0092e+00 +8.5930e-01 -3.7407e+00
374 0 +3.493361502e+00 +1.526433615e+02 +1.526433615e+02 -7.0755e-01 -1.2868e+00 -9.7623e-01 +8.3427e-01 -3.7565e+00
395 0 +3.368870932e+00 +1.525188709e+02 +1.525188709e+02 -7.6168e-01 -1.2939e+00 -9.8039e-01 +8.7270e-01 -3.7393e+00
434 0 +3.304267522e+00 +1.524542675e+02 +1.524542675e+02 -7.0921e-01 -1.2610e+00 -9.3420e-01 +8.7914e-01 -3.7531e+00
448 0 +3.110062525e+00 +1.522600625e+02 +1.522600625e+02 -6.1991e-01 -1.1958e+00 -9.5675e-01 +8.8579e-01 -3.7633e+00
467 0 +3.064920674e+00 +1.522149207e+02 +1.522149207e+02 -6.3022e-01 -1.2034e+00 -9.3391e-01 +8.5974e-01 -3.7664e+00
504 0 +3.031770488e+00 +1.521817705e+02 +1.521817705e+02 -5.8480e-01 -1.1686e+00 -9.4064e-01 +8.7764e-01 -3.7733e+00
% f evaluations | g evaluations | best noise-free fitness - Fopt (-1.000000000000e+03) + sum g_i+ | measured fitness | best measured fitness or single-digit g-values | x1 | x2...
1 0 +2.106447206e+04 +2.006447206e+04 +2.006447206e+04 -9.3535e-02 +2.1870e-01 +6.5348e-02 -2.6974e-01 -7.4606e-01
6 0 +1.574112784e+04 +1.474112784e+04 +1.474112784e+04 -3.5293e-01 +4.6935e-01 +2.1382e-01 -5.4304e-02 +1.6027e-01
10 0 +1.408810131e+04 +1.308810131e+04 +1.308810131e+04 -4.2914e-01 +3.8130e-01 +6.8824e-01 -2.9509e-01 +7.4287e-02
19 0 +9.671996180e+03 +8.671996180e+03 +8.671996180e+03 -7.8471e-01 +6.8408e-01 +1.0972e+00 +5.0052e-02 +1.7948e-01
31 0 +7.043122889e+03 +6.043122889e+03 +6.043122889e+03 -8.2453e-01 +1.0078e+00 +1.2906e+00 -8.3638e-01 -2.6669e-01
36 0 +6.253499429e+03 +5.253499429e+03 +5.253499429e+03 -1.0652e+00 +8.9608e-01 +6.5317e-01 -1.8192e-01 -1.5366e-01
40 0 +4.125032614e+03 +3.125032614e+03 +3.125032614e+03 -1.6156e+00 +1.3224e+00 +1.0234e+00 +8.2612e-02 -5.9004e-01
42 0 +2.100239598e+03 +1.100239598e+03 +1.100239598e+03 -1.6081e+00 +7.8553e-01 +1.4137e+00 -9.0412e-01 -1.0625e+00
46 0 +1.296093680e+03 +2.960936803e+02 +2.960936803e+02 -1.8995e+00 +1.2082e+00 +1.5566e+00 -3.4787e-01 -1.8535e-01
54 0 +1.175910769e+03 +1.759107690e+02 +1.759107690e+02 -1.8528e+00 +1.2358e+00 +9.1736e-01 -7.9893e-01 -3.1200e-01
55 0 +3.959175381e+02 -6.040824619e+02 -6.040824619e+02 -2.7188e+00 +1.3326e+00 +2.3577e+00 -1.0952e+00 -1.1556e+00
60 0 +6.052011816e+01 -9.394798818e+02 -9.394798818e+02 -2.9574e+00 +1.4373e+00 +1.6332e+00 -1.1275e+00 -1.3561e+00
132 0 +3.928859627e+01 -9.607114037e+02 -9.607114037e+02 -4.5067e+00 +7.0220e-01 +1.1638e+00 -2.5628e+00 -2.8588e+00
143 0 +3.799854740e+01 -9.620014526e+02 -9.620014526e+02 -3.4395e+00 +2.9788e-01 +1.0424e+00 -2.2265e+00 -2.6172e+00
152 0 +1.822776930e+01 -9.817722307e+02 -9.817722307e+02 -3.0801e+00 +7.5998e-01 +9.2438e-01 -1.9784e+00 -2.6933e+00
182 0 +6.712365832e+00 -9.932876342e+02 -9.932876342e+02 -4.2654e+00 +4.4875e-01 +6.1445e-01 -2.4272e+00 -2.9791e+00
209 0 +4.940614412e+00 -9.950593856e+02 -9.950593856e+02 -3.7936e+00 +2.2063e-01 +4.7021e-01 -2.4845e+00 -2.9880e+00
316 0 +4.871126062e+00 -9.951288739e+02 -9.951288739e+02 -4.2097e+00 +3.5895e-01 +5.2915e-01 -2.5446e+00 -3.0285e+00
331 0 +4.707317608e+00 -9.952926824e+02 -9.952926824e+02 -4.3460e+00 +4.1891e-01 +5.7643e-01 -2.5399e+00 -3.0433e+00
342 0 +4.616987670e+00 -9.953830123e+02 -9.953830123e+02 -4.2878e+00 +3.8836e-01 +5.7737e-01 -2.5377e+00 -3.0465e+00
445 0 +4.558972697e+00 -9.954410273e+02 -9.954410273e+02 -4.2207e+00 +3.2455e-01 +5.5280e-01 -2.5417e+00 -3.0370e+00
482 0 +4.459414085e+00 -9.955405859e+02 -9.955405859e+02 -4.1380e+00 +2.7181e-01 +5.4612e-01 -2.5368e+00 -3.0420e+00
504 0 +4.440656331e+00 -9.955593437e+02 -9.955593437e+02 -4.0881e+00 +2.2742e-01 +5.3786e-01 -2.5546e+00 -3.0361e+00
% f evaluations | g evaluations | best noise-free fitness - Fopt (9.862000000000e+01) + sum g_i+ | measured fitness | best measured fitness or single-digit g-values | x1 | x2...
1 0 +1.377610428e+04 +1.387472428e+04 +1.387472428e+04 -9.3535e-02 +2.1870e-01 +6.5348e-02 -2.6974e-01 -7.4606e-01
8 0 +1.058518381e+04 +1.068380381e+04 +1.068380381e+04 -6.5870e-03 -6.3815e-01 -2.5033e-01 -1.3966e-01 +7.0116e-02
9 0 +8.924719690e+03 +9.023339690e+03 +9.023339690e+03 -3.6834e-01 -2.3880e-01 -1.2158e-01 -3.6699e-01 +1.8325e-01
19 0 +6.699179889e+03 +6.797799889e+03 +6.797799889e+03 -3.9172e-01 -7.2151e-01 -1.7584e-01 -4.3236e-01 +3.8408e-01
29 0 +4.335189462e+03 +4.433809462e+03 +4.433809462e+03 -1.5599e-01 -2.8548e-01 -1.9497e-01 -1.3036e+00 -3.9869e-01
36 0 +3.287147256e+03 +3.385767256e+03 +3.385767256e+03 -5.2017e-03 -6.7853e-01 -1.2417e-01 -1.2881e+00 -2.9327e-01
40 0 +2.010385405e+03 +2.109005405e+03 +2.109005405e+03 -2.3429e-01 -1.3502e+00 -2.9202e-01 -1.4385e+00 -9.0897e-02
44 0 +1.618472470e+03 +1.717092470e+03 +1.717092470e+03 -2.2662e-01 -2.1011e+00 -9.5704e-02 -1.3535e+00 +6.5684e-01
52 0 +1.524287928e+03 +1.622907928e+03 +1.622907928e+03 -6.5352e-01 -9.2963e-01 -7.2789e-02 -3.3838e+00 +1.8491e-01
55 0 +5.721208365e+02 +6.707408365e+02 +6.707408365e+02 -5.5988e-01 -1.2429e+00 +3.1516e-01 -2.3548e+00 -4.7601e-01
69 0 +3.529489078e+02 +4.515689078e+02 +4.515689078e+02 -9.3741e-01 -1.8667e+00 +1.9619e+00 -2.6049e+00 -1.4362e+00
87 0 +3.372869388e+02 +4.359069388e+02 +4.359069388e+02 -1.8053e+00 -1.4517e+00 +8.6617e-01 -4.0472e+00 +2.3182e-02
89 0 +1.647892826e+02 +2.634092826e+02 +2.634092826e+02 -2.5230e+00 -1.0448e+00 +2.2206e+00 -3.6434e+00 +1.3983e-01
90 0 +1.463011061e+02 +2.449211061e+02 +2.449211061e+02 -1.6773e+00 -1.2187e+00 +2.1309e+00 -3.3104e+00 +4.3467e-01
150 0 +6.735140733e+01 +1.659714073e+02 +1.659714073e+02 -1.0392e+00 -1.6427e+00 +1.0724e+00 -3.4279e+00 +3.0002e-01
155 0 +3.171052359e+01 +1.303305236e+02 +1.303305236e+02 -1.0503e+00 -1.5746e+00 +1.3141e+00 -2.9857e+00 +1.6715e-01
172 0 +2.979334832e+01 +1.284133483e+02 +1.284133483e+02 -1.4902e+00 -1.7975e+00 +1.3369e+00 -3.5042e+00 -2.3847e-01
186 0 +1.764307363e+01 +1.162630736e+02 +1.162630736e+02 -1.3397e+00 -1.8415e+00 +1.5381e+00 -3.2604e+00 +2.9030e-01
194 0 +1.592976250e+01 +1.145497625e+02 +1.145497625e+02 -1.7468e+00 -1.8145e+00 +1.4652e+00 -3.1311e+00 -1.6732e-02
196 0 +8.864847139e+00 +1.074848471e+02 +1.074848471e+02 -1.2264e+00 -1.6399e+00 +1.6906e+00 -3.3132e+00 -1.8724e-01
203 0 +7.758895376e+00 +1.063788954e+02 +1.063788954e+02 -1.3291e+00 -1.8855e+00 +1.6384e+00 -3.0598e+00 -2.1522e-01
211 0 +5.452828711e+00 +1.040728287e+02 +1.040728287e+02 -1.3545e+00 -2.0060e+00 +1.6166e+00 -3.2099e+00 -7.3284e-02
267 0 +4.253922602e+00 +1.028739226e+02 +1.028739226e+02 -1.2191e+00 -1.8906e+00 +1.5291e+00 -3.2740e+00 -1.4475e-01
294 0 +2.377438292e+00 +1.009974383e+02 +1.009974383e+02 -1.1641e+00 -1.7092e+00 +1.6752e+00 -3.1167e+00 -1.0206e-01
345 0 +2.234986813e+00 +1.008549868e+02 +1.008549868e+02 -1.0756e+00 -1.6643e+00 +1.6862e+00 -3.1551e+00 -1.2460e-01
370 0 +1.781222496e+00 +1.004012225e+02 +1.004012225e+02 -1.0999e+00 -1.6397e+00 +1.6951e+00 -3.1441e+00 -8.5370e-02
381 0 +1.699334322e+00 +1.003193343e+02 +1.003193343e+02 -1.0590e+00 -1.6124e+00 +1.7593e+00 -3.0966e+00 -7.4133e-02
389 0 +1.597577805e+00 +1.002175778e+02 +1.002175778e+02 -1.0568e+00 -1.5843e+00 +1.7653e+00 -3.1205e+00 -4.9676e-02
417 0 +1.221289230e+00 +9.984128923e+01 +9.984128923e+01 -9.8682e-01 -1.4834e+00 +1.9114e+00 -3.0008e+00 -7.0514e-02
469 0 +1.064732231e+00 +9.968473223e+01 +9.968473223e+01 -9.8187e-01 -1.4653e+00 +1.9025e+00 -3.0115e+00 -4.4000e-02
504 0 +1.064732231e+00 +9.968473223e+01 +9.968473223e+01 -9.8187e-01 -1.4653e+00 +1.9025e+00 -3.0115e+00 -4.4000e-02
% f evaluations | g evaluations | best noise-free fitness - Fopt (-4.715000000000e+01) + sum g_i+ | measured fitness | best measured fitness or single-digit g-values | x1 | x2...
1 0 +9.969338604e+03 +9.922188604e+03 +9.922188604e+03 -9.3535e-02 +2.1870e-01 +6.5348e-02 -2.6974e-01 -7.4606e-01
8 0 +9.280920385e+03 +9.233770385e+03 +9.233770385e+03 -6.5870e-03 -6.3815e-01 -2.5033e-01 -1.3966e-01 +7.0116e-02
9 0 +5.766961212e+03 +5.719811212e+03 +5.719811212e+03 -2.1345e-01 -2.0448e-01 -1.4949e-01 -4.7123e-01 +2.0733e-01
17 0 +5.009140000e+03 +4.961990000e+03 +4.961990000e+03 -1.6410e-01 +3.2908e-01 -2.4516e-02 -7.5677e-01 -1.4757e-01
19 0 +3.559641181e+03 +3.512491181e+03 +3.512491181e+03 -2.9928e-01 -2.9081e-01 -5.6188e-01 -7.3273e-01 +3.3323e-01
31 0 +2.291746677e+03 +2.244596677e+03 +2.244596677e+03 +4.0618e-01 -4.1005e-01 -6.0234e-01 -1.0793e+00 +1.0291e-01
37 0 +1.479788079e+03 +1.432638079e+03 +1.432638079e+03 +4.1853e-01 -2.6578e-01 -7.6026e-01 -1.2045e+00 +6.3511e-01
43 0 +5.040713914e+02 +4.569213914e+02 +4.569213914e+02 +4.3318e-01 -5.2203e-01 -7.9417e-01 -1.7190e+00 +9.2018e-01
51 0 +1.275915641e+02 +8.044156409e+01 +8.044156409e+01 -2.9763e-01 -1.0281e+00 -1.7410e+00 -2.0295e+00 +1.2818e+00
63 0 +3.879583604e+01 -8.354163959e+00 -8.354163959e+00 -2.8145e-01 -7.5603e-01 -1.2155e+00 -1.9330e+00 +1.0780e+00
94 0 +3.060657917e+01 -1.654342083e+01 -1.654342083e+01 -3.8978e-01 -1.0025e+00 -1.3718e+00 -2.1267e+00 +9.8255e-01
123 0 +2.663682065e+01 -2.051317935e+01 -2.051317935e+01 -4.4853e-01 -9.1392e-01 -9.7060e-01 -1.9399e+00 +1.2533e+00
128 0 +2.387903583e+01 -2.327096417e+01 -2.327096417e+01 -3.5406e-01 -9.5381e-01 -1.2762e+00 -2.0475e+00 +1.1348e+00
138 0 +2.214695031e+01 -2.500304969e+01 -2.500304969e+01 -3.6252e-01 -8.7399e-01 -1.0229e+00 -1.9897e+00 +1.0002e+00
139 0 +2.148289485e+01 -2.566710515e+01 -2.566710515e+01 -4.6254e-01 -9.7606e-01 -1.0749e+00 -1.9249e+00 +1.5559e+00
143 0 +1.054221353e+01 -3.660778647e+01 -3.660778647e+01 -3.9878e-01 -7.9535e-01 -1.1838e+00 -2.0851e+00 +1.3127e+00
154 0 +3.377274565e+00 -4.377272544e+01 -4.377272544e+01 -3.2433e-01 -7.7528e-01 -1.0931e+00 -1.9599e+00 +1.5246e+00
158 0 +2.181383656e+00 -4.496861634e+01 -4.496861634e+01 -3.6214e-01 -7.2551e-01 -1.0469e+00 -2.0432e+00 +1.1997e+00
203 0 +1.967347199e+00 -4.518265280e+01 -4.518265280e+01 -2.8431e-01 -7.1049e-01 -9.8289e-01 -1.9689e+00 +1.3385e+00
209 0 +7.297810779e-01 -4.642021892e+01 -4.642021892e+01 -2.8532e-01 -7.1700e-01 -1.0103e+00 -1.9948e+00 +1.3194e+00
273 0 +5.773301484e-01 -4.657266985e+01 -4.657266985e+01 -2.9509e-01 -7.4083e-01 -1.0499e+00 -1.9982e+00 +1.2691e+00
275 0 +4.853363378e-01 -4.666466366e+01 -4.666466366e+01 -3.1896e-01 -7.6000e-01 -1.0589e+00 -2.0087e+00 +1.2753e+00
285 0 +4.035600682e-01 -4.674643993e+01 -4.674643993e+01 -2.8997e-01 -7.3576e-01 -1.0617e+00 -2.0190e+00 +1.3251e+00
298 0 +2.331113668e-01 -4.691688863e+01 -4.691688863e+01 -2.8617e-01 -7.2986e-01 -1.0447e+00 -1.9999e+00 +1.3546e+00
324 0 +1.743865788e-01 -4.697561342e+01 -4.697561342e+01 -3.1195e-01 -7.4417e-01 -1.0537e+00 -2.0167e+00 +1.2785e+00
334 0 +1.263803071e-01 -4.702361969e+01 -4.702361969e+01 -3.0258e-01 -7.3493e-01 -1.0576e+00 -2.0212e+00 +1.2701e+00
339 0 +1.136289871e-01 -4.703637101e+01 -4.703637101e+01 -2.9526e-01 -7.3625e-01 -1.0633e+00 -2.0375e+00 +1.2270e+00
355 0 +9.462880414e-02 -4.705537120e+01 -4.705537120e+01 -2.9924e-01 -7.4868e-01 -1.0722e+00 -2.0670e+00 +1.1610e+00
398 0 +8.785604380e-02 -4.706214396e+01 -4.706214396e+01 -3.0003e-01 -7.4293e-01 -1.0747e+00 -2.0623e+00 +1.1679e+00
412 0 +6.848180102e-02 -4.708151820e+01 -4.708151820e+01 -3.0514e-01 -7.5166e-01 -1.0820e+00 -2.0901e+00 +1.0949e+00
435 0 +6.684577569e-02 -4.708315422e+01 -4.708315422e+01 -3.0780e-01 -7.5888e-01 -1.0943e+00 -2.1028e+00 +1.0697e+00
455 0 +6.467217622e-02 -4.708532782e+01 -4.708532782e+01 -3.1419e-01 -7.6574e-01 -1.1052e+00 -2.1244e+00 +1.0181e+00
458 0 +3.894614487e-02 -4.711105386e+01 -4.711105386e+01 -3.0978e-01 -7.6081e-01 -1.1050e+00 -2.1362e+00 +9.9407e-01
488 0 +3.003852886e-02 -4.711996147e+01 -4.711996147e+01 -3.1248e-01 -7.6726e-01 -1.1238e+00 -2.1734e+00 +9.1013e-01
504 0 +3.003852886e-02 -4.711996147e+01 -4.711996147e+01 -3.1248e-01 -7.6726e-01 -1.1238e+00 -2.1734e+00 +9.1013e-01
% f evaluations | g evaluations | best noise-free fitness - Fopt (3.752000000000e+01) + sum g_i+ | measured fitness | best measured fitness or single-digit g-values | x1 | x2...
1 0 +2.035394250e+04 +2.039146250e+04 +2.039146250e+04 -9.3535e-02 +2.1870e-01 +6.5348e-02 -2.6974e-01 -7.4606e-01
4 0 +1.991641267e+04 +1.995393267e+04 +1.995393267e+04 +3.8745e-02 +2.2839e-02 -4.6539e-02 +1.9027e-01 +2.4321e-01
7 0 +1.557667315e+04 +1.561419315e+04 +1.561419315e+04 -1.7598e-01 -4.4456e-01 +2.5718e-01 +2.8294e-01 +3.4334e-02
8 0 +1.171580800e+04 +1.175332800e+04 +1.175332800e+04 -6.5870e-03 -6.3815e-01 -2.5033e-01 -1.3966e-01 +7.0116e-02
19 0 +9.770050047e+03 +9.807570047e+03 +9.807570047e+03 -5.9926e-01 -9.8042e-01 +4.1595e-01 +1.0194e-01 +7.3970e-01
26 0 +7.428134688e+03 +7.465654688e+03 +7.465654688e+03 +3.0356e-02 -8.5921e-01 +3.4634e-01 -3.3371e-01 +4.0416e-01
39 0 +7.350703129e+03 +7.388223129e+03 +7.388223129e+03 -5.5885e-01 -1.0758e+00 +2.6919e-01 -3.8524e-01 -1.2848e-02
42 0 +6.851709932e+03 +6.889229932e+03 +6.889229932e+03 -5.9825e-02 -1.3532e+00 +8.4366e-01 -2.1940e-01 -2.0954e-01
44 0 +4.158273875e+03 +4.195793875e+03 +4.195793875e+03 -3.2168e-01 -1.7785e+00 +2.6073e-01 -6.1780e-01 +2.3550e-01
54 0 +3.725555137e+03 +3.763075137e+03 +3.763075137e+03 -2.5302e-01 -1.6845e+00 +2.1957e-01 -7.2365e-01 +3.8375e-01
59 0 +3.403386172e+03 +3.440906172e+03 +3.440906172e+03 -3.8572e-01 -1.6933e+00 +6.2127e-01 -5.7311e-01 +1.0923e+00
61 0 +1.902270476e+03 +1.939790476e+03 +1.939790476e+03 +5.5424e-01 -2.2886e+00 +1.9443e-01 -1.2419e+00 +1.3439e-01
72 0 +1.497810739e+03 +1.535330739e+03 +1.535330739e+03 +7.6437e-01 -2.4304e+00 +9.4436e-02 -1.6552e+00 +5.2550e-01
75 0 +1.394448006e+03 +1.431968006e+03 +1.431968006e+03 +1.0332e+00 -3.1206e+00 +2.4415e-01 -1.4279e+00 +2.4949e-01
76 0 +8.447036962e+02 +8.822236962e+02 +8.822236962e+02 +3.6697e-01 -2.8373e+00 +8.5811e-01 -1.3981e+00 +7.0928e-01
81 0 +6.004298263e+02 +6.379498263e+02 +6.379498263e+02 +1.2709e+00 -3.8499e+00 +7.7693e-01 -1.9192e+00 +1.3231e+00
89 0 +2.833152014e+02 +3.208352014e+02 +3.208352014e+02 +2.0510e+00 -2.7211e+00 +1.0460e+00 -1.7625e+00 +1.1033e+00
99 0 +8.245553051e+01 +1.199755305e+02 +1.199755305e+02 +1.4191e+00 -3.2253e+00 +1.4742e+00 -2.0729e+00 +1.5100e+00
119 0 +6.523119359e+01 +1.027511936e+02 +1.027511936e+02 +2.0143e+00 -2.9421e+00 +1.7290e+00 -2.3901e+00 +1.2787e+00
134 0 +6.107096945e+01 +9.859096945e+01 +9.859096945e+01 +1.1356e+00 -3.4568e+00 +2.3397e+00 -2.5023e+00 +2.2933e+00
154 0 +4.444626282e+01 +8.196626282e+01 +8.196626282e+01 +1.9495e+00 -3.1688e+00 +2.3725e+00 -2.3982e+00 +1.8179e+00
156 0 +2.881004523e+01 +6.633004523e+01 +6.633004523e+01 +1.3061e+00 -2.6500e+00 +2.0797e+00 -2.1786e+00 +1.7639e+00
168 0 +2.211459343e+01 +5.963459343e+01 +5.963459343e+01 +1.0039e+00 -2.9541e+00 +2.1725e+00 -2.3987e+00 +2.2276e+00
179 0 +1.645648503e+01 +5.397648503e+01 +5.397648503e+01 +1.7970e+00 -3.1894e+00 +2.0094e+00 -2.3702e+00 +2.1413e+00
182 0 +1.354974601e+01 +5.106974601e+01 +5.106974601e+01 +1.6668e+00 -2.9894e+00 +1.7500e+00 -2.4705e+00 +1.7315e+00
191 0 +6.260407806e+00 +4.378040781e+01 +4.378040781e+01 +1.4729e+00 -3.0450e+00 +2.0212e+00 -2.4651e+00 +1.9401e+00
203 0 +5.370264872e+00 +4.289026487e+01 +4.289026487e+01 +1.4470e+00 -2.9354e+00 +1.8308e+00 -2.4391e+00 +1.9180e+00
226 0 +5.085013481e+00 +4.260501348e+01 +4.260501348e+01 +9.7718e-01 -2.7295e+00 +1.9747e+00 -2.4026e+00 +2.0014e+00
302 0 +4.866897489e+00 +4.238689749e+01 +4.238689749e+01 +1.3205e+00 -2.9510e+00 +1.8985e+00 -2.5340e+00 +2.0151e+00
331 0 +4.464619579e+00 +4.198461958e+01 +4.198461958e+01 +1.3112e+00 -2.9206e+00 +1.8685e+00 -2.4613e+00 +1.9925e+00
347 0 +4.358803946e+00 +4.187880395e+01 +4.187880395e+01 +1.3892e+00 -2.9121e+00 +1.9353e+00 -2.4613e+00 +2.0009e+00
381 0 +4.129434958e+00 +4.164943496e+01 +4.164943496e+01 +1.4396e+00 -2.9635e+00 +1.9194e+00 -2.4654e+00 +2.0170e+00
387 0 +4.022288575e+00 +4.154228858e+01 +4.154228858e+01 +1.4736e+00 -2.9714e+00 +1.9039e+00 -2.4589e+00 +2.0016e+00
419 0 +3.925525101e+00 +4.144552510e+01 +4.144552510e+01 +1.5274e+00 -2.9517e+00 +1.9060e+00 -2.4474e+00 +2.0051e+00
447 0 +3.884847839e+00 +4.140484784e+01 +4.140484784e+01 +1.5645e+00 -2.9692e+00 +1.8961e+00 -2.4734e+00 +2.0117e+00
459 0 +3.758800678e+00 +4.127880068e+01 +4.127880068e+01 +1.6196e+00 -2.9473e+00 +1.9265e+00 -2.4779e+00 +1.9955e+00
469 0 +3.616940655e+00 +4.113694065e+01 +4.113694065e+01 +1.6869e+00 -2.9371e+00 +1.9186e+00 -2.4673e+00 +1.9774e+00
504 0 +3.562337971e+00 +4.108233797e+01 +4.108233797e+01 +1.6952e+00 -2.9248e+00 +1.9277e+00 -2.4546e+00 +2.0007e+00
% f evaluations | g evaluations | best noise-free fitness - Fopt (6.740000000000e+00) + sum g_i+ | measured fitness | best measured fitness or single-digit g-values | x1 | x2...
1 0 +2.660581062e+03 +2.667321062e+03 +2.667321062e+03 -9.3535e-02 +2.1870e-01 +6.5348e-02 -2.6974e-01 -7.4606e-01
2 0 +1.687198801e+03 +1.693938801e+03 +1.693938801e+03 +2.7398e-01 +3.3812e-01 -4.5424e-01 +4.9180e-01 -1.2897e-01
5 0 +1.643413545e+03 +1.650153545e+03 +1.650153545e+03 +1.0644e-01 +5.4378e-01 -4.0695e-01 -1.3909e-01 +2.4741e-01
9 0 +1.349716953e+03 +1.356456953e+03 +1.356456953e+03 +4.4894e-01 -6.2388e-03 -5.9750e-01 -1.3244e-01 +3.6863e-01
15 0 +1.281959391e+03 +1.288699391e+03 +1.288699391e+03 -3.2433e-01 -1.4822e-01 -7.5089e-01 +1.6283e-02 +3.0056e-01
21 0 +8.830726317e+02 +8.898126317e+02 +8.898126317e+02 +2.3097e-01 +4.6601e-01 -1.2751e+00 -1.3002e-02 +3.2409e-01
26 0 +7.063982722e+02 +7.131382722e+02 +7.131382722e+02 +5.0656e-01 +6.1984e-01 -1.2252e+00 -1.0711e-01 +6.7242e-02
30 0 +6.572726455e+02 +6.640126455e+02 +6.640126455e+02 +3.4287e-01 +1.6232e-01 -1.6451e+00 -1.8289e-01 +2.9487e-01
42 0 +3.430675238e+02 +3.498075238e+02 +3.498075238e+02 +6.9803e-01 +7.3699e-01 -1.5269e+00 -3.3437e-01 -4.8244e-01
59 0 +3.335420406e+02 +3.402820406e+02 +3.402820406e+02 +4.9963e-01 +1.9024e-01 -1.8621e+00 -4.3475e-01 -1.0506e+00
63 0 +3.268492894e+02 +3.335892894e+02 +3.335892894e+02 +1.7368e-01 +5.9345e-01 -1.7454e+00 -4.1597e-01 -3.5691e-01
82 0 +2.875266953e+02 +2.942666953e+02 +2.942666953e+02 +6.9467e-01 +9.0718e-01 -1.5518e+00 -3.1223e-01 -1.9009e+00
139 0 +2.583306523e+02 +2.650706523e+02 +2.650706523e+02 +3.3236e-01 +9.4120e-01 -1.6563e+00 -1.9501e-01 -1.0983e+00
150 0 +2.229904547e+02 +2.297304547e+02 +2.297304547e+02 +4.6145e-01 +1.0863e+00 -1.6844e+00 -1.0618e-01 -1.4885e+00
153 0 +2.153853290e+02 +2.221253290e+02 +2.221253290e+02 +3.5767e-01 +9.4586e-01 -1.7856e+00 +1.6689e-01 -1.6793e+00
158 0 +2.137039613e+02 +2.204439613e+02 +2.204439613e+02 +2.2458e-01 +8.0472e-01 -1.7206e+00 -1.9480e-01 -1.6808e+00
161 0 +1.753018361e+02 +1.820418361e+02 +1.820418361e+02 +1.2825e-01 +8.5395e-01 -1.9144e+00 -4.5762e-03 -2.2117e+00
166 0 +1.347460191e+02 +1.414860191e+02 +1.414860191e+02 +1.5441e-01 +9.1405e-01 -1.5935e+00 +1.9221e-01 -2.3879e+00
169 0 +9.980294528e+01 +1.065429453e+02 +1.065429453e+02 +3.0990e-03 +9.8339e-01 -1.2624e+00 +6.2212e-01 -3.3431e+00
187 0 +7.040432572e+01 +7.714432572e+01 +7.714432572e+01 -5.6215e-01 +6.1060e-01 -1.5249e+00 +1.2615e+00 -4.2675e+00
191 0 +5.370712191e+01 +6.044712191e+01 +6.044712191e+01 -2.0624e-01 +1.2048e+00 -1.4005e+00 +8.7276e-01 -3.9048e+00
193 0 +4.340283925e+01 +5.014283925e+01 +5.014283925e+01 +3.7550e-01 +9.8254e-01 -1.9057e+00 +7.8434e-01 -3.6412e+00
194 0 +2.441404779e+01 +3.115404779e+01 +3.115404779e+01 -1.8908e-01 +9.7330e-01 -1.3508e+00 +1.1088e+00 -3.6969e+00
235 0 +1.484705331e+01 +2.158705331e+01 +2.158705331e+01 +7.2531e-01 +1.1570e+00 -1.6863e+00 +1.0571e+00 -3.6115e+00
240 0 +1.354831566e+01 +2.028831566e+01 +2.028831566e+01 +7.1857e-01 +7.2864e-01 -1.9119e+00 +1.1138e+00 -3.7896e+00
242 0 +1.050368880e+01 +1.724368880e+01 +1.724368880e+01 -7.0161e-02 +5.7227e-01 -1.5514e+00 +1.3557e+00 -3.7744e+00
274 0 +6.642881918e+00 +1.338288192e+01 +1.338288192e+01 -3.7694e-01 +1.0224e+00 -1.4826e+00 +1.3294e+00 -3.6849e+00
307 0 +6.127810453e+00 +1.286781045e+01 +1.286781045e+01 +1.3577e-01 +5.8923e-01 -1.8514e+00 +1.2839e+00 -3.7902e+00
316 0 +5.800593111e+00 +1.254059311e+01 +1.254059311e+01 +1.6920e-01 +7.6085e-01 -1.7731e+00 +1.3037e+00 -3.7183e+00
329 0 +5.689965732e+00 +1.242996573e+01 +1.242996573e+01 +1.5236e-01 +7.1917e-01 -1.6390e+00 +1.2901e+00 -3.6938e+00
342 0 +4.327421947e+00 +1.106742195e+01 +1.106742195e+01 +2.0619e-01 +6.9280e-01 -1.7061e+00 +1.2372e+00 -3.6967e+00
363 0 +4.198653529e+00 +1.093865353e+01 +1.093865353e+01 +3.0742e-01 +6.3290e-01 -1.7965e+00 +1.2422e+00 -3.7127e+00
386 0 +3.938505712e+00 +1.067850571e+01 +1.067850571e+01 +3.5719e-01 +7.0241e-01 -1.7610e+00 +1.2367e+00 -3.7956e+00
389 0 +3.520461665e+00 +1.026046166e+01 +1.026046166e+01 +4.4549e-01 +7.3126e-01 -1.7647e+00 +1.2168e+00 -3.7174e+00
427 0 +3.403336030e+00 +1.014333603e+01 +1.014333603e+01 +4.8744e-01 +7.2175e-01 -1.7250e+00 +1.2586e+00 -3.7235e+00
430 0 +3.320999986e+00 +1.006099999e+01 +1.006099999e+01 +4.8928e-01 +7.5710e-01 -1.7586e+00 +1.2394e+00 -3.7531e+00
471 0 +3.259056103e+00 +9.999056103e+00 +9.999056103e+00 +5.4018e-01 +8.1352e-01 -1.7158e+00 +1.2006e+00 -3.7310e+00
477 0 +3.180093118e+00 +9.920093118e+00 +9.920093118e+00 +6.0228e-01 +8.2760e-01 -1.6915e+00 +1.1992e+00 -3.7681e+00
504 0 +3.180093118e+00 +9.920093118e+00 +9.920093118e+00 +6.0228e-01 +8.2760e-01 -1.6915e+00 +1.1992e+00 -3.7681e+00
% f evaluations | g evaluations | best noise-free fitness - Fopt (-1.897900000000e+02) + sum g_i+ | measured fitness | best measured fitness or single-digit g-values | x1 | x2...
1 0 +4.213016158e+03 +4.023226158e+03 +4.023226158e+03 -9.3535e-02 +2.1870e-01 +6.5348e-02 -2.6974e-01 -7.4606e-01
6 0 +2.972925423e+03 +2.783135423e+03 +2.783135423e+03 -3.5293e-01 +4.6935e-01 +2.1382e-01 -5.4304e-02 +1.6027e-01
10 0 +1.983495938e+03 +1.793705938e+03 +1.793705938e+03 -4.6693e-01 +5.4776e-01 +6.0814e-01 -3.2269e-01 +8.0691e-02
19 0 +1.746552997e+03 +1.556762997e+03 +1.556762997e+03 -7.5145e-01 +1.1807e+00 +8.7388e-01 -1.2423e-01 +2.8648e-01
27 0 +1.281731126e+03 +1.091941126e+03 +1.091941126e+03 -4.5924e-01 +7.0013e-01 +8.8483e-01 -4.6834e-01 +6.0912e-01
31 0 +2.254454924e+02 +3.565549242e+01 +3.565549242e+01 -7.6971e-01 +1.3532e+00 +1.2789e+00 -1.1642e+00 +6.1655e-01
37 0 +1.970039871e+02 +7.213987144e+00 +7.213987144e+00 -4.3941e-01 +1.9554e+00 +1.3535e+00 -1.5518e+00 +7.1345e-01
49 0 +1.308971267e+02 -5.889287330e+01 -5.889287330e+01 -5.4273e-01 +2.4320e+00 +2.0927e+00 -1.4491e+00 +6.4159e-01
53 0 +1.008782711e+02 -8.891172888e+01 -8.891172888e+01 -1.2885e+00 +2.1005e+00 +2.6757e+00 -1.4996e+00 +1.2681e+00
54 0 +7.613272986e+01 -1.136572701e+02 -1.136572701e+02 -8.6937e-01 +1.7563e+00 +1.2895e+00 -1.2770e+00 +1.1060e+00
63 0 +4.451241046e+01 -1.452775895e+02 -1.452775895e+02 -1.1651e+00 +1.8915e+00 +1.5626e+00 -1.4121e+00 +1.2963e+00
74 0 +2.837559547e+01 -1.614144045e+02 -1.614144045e+02 -1.8872e+00 +1.4759e+00 +1.7591e+00 -1.6162e+00 +8.0511e-01
89 0 +7.858310261e+00 -1.819316897e+02 -1.819316897e+02 -1.9354e+00 +1.2196e+00 +1.6432e+00 -1.7745e+00 +1.3133e+00
148 0 +5.771559419e+00 -1.840184406e+02 -1.840184406e+02 -1.6997e+00 +1.4311e+00 +1.7291e+00 -1.7469e+00 +1.2019e+00
154 0 +4.543249644e+00 -1.852467504e+02 -1.852467504e+02 -1.7829e+00 +1.2968e+00 +1.6135e+00 -1.8141e+00 +1.2265e+00
191 0 +4.038620703e+00 -1.857513793e+02 -1.857513793e+02 -1.7419e+00 +1.3239e+00 +1.6865e+00 -1.7975e+00 +1.1864e+00
244 0 +3.947034000e+00 -1.858429660e+02 -1.858429660e+02 -1.6799e+00 +1.3164e+00 +1.6441e+00 -1.8041e+00 +1.2055e+00
285 0 +3.886734983e+00 -1.859032650e+02 -1.859032650e+02 -1.5414e+00 +1.3693e+00 +1.6878e+00 -1.7888e+00 +1.2407e+00
292 0 +3.792543522e+00 -1.859974565e+02 -1.859974565e+02 -1.4816e+00 +1.3390e+00 +1.6964e+00 -1.8183e+00 +1.1501e+00
294 0 +3.451827707e+00 -1.863381723e+02 -1.863381723e+02 -1.4414e+00 +1.3846e+00 +1.7112e+00 -1.8031e+00 +1.1846e+00
312 0 +3.251430051e+00 -1.865385699e+02 -1.865385699e+02 -1.3845e+00 +1.4537e+00 +1.7002e+00 -1.8340e+00 +1.1628e+00
346 0 +3.228037623e+00 -1.865619624e+02 -1.865619624e+02 -1.3947e+00 +1.4315e+00 +1.6778e+00 -1.8407e+00 +1.1967e+00
358 0 +3.117319675e+00 -1.866726803e+02 -1.866726803e+02 -1.3604e+00 +1.4499e+00 +1.7005e+00 -1.8228e+00 +1.2100e+00
371 0 +3.011581091e+00 -1.867784189e+02 -1.867784189e+02 -1.3376e+00 +1.4683e+00 +1.6941e+00 -1.8290e+00 +1.1853e+00
381 0 +2.916709647e+00 -1.868732904e+02 -1.868732904e+02 -1.2855e+00 +1.4941e+00 +1.7125e+00 -1.8160e+00 +1.1760e+00
417 0 +2.733025670e+00 -1.870569743e+02 -1.870569743e+02 -1.2322e+00 +1.5475e+00 +1.7316e+00 -1.8278e+00 +1.1926e+00
435 0 +2.678197469e+00 -1.871118025e+02 -1.871118025e+02 -1.2389e+00 +1.5588e+00 +1.7428e+00 -1.8197e+00 +1.1941e+00
453 0 +2.438697465e+00 -1.873513025e+02 -1.873513025e+02 -1.1594e+00 +1.6287e+00 +1.7920e+00 -1.7925e+00 +1.1897e+00
467 0 +2.319635916e+00 -1.874703641e+02 -1.874703641e+02 -1.1100e+00 +1.6882e+00 +1.7987e+00 -1.8137e+00 +1.2125e+00
490 0 +2.287359674e+00 -1.875026403e+02 -1.875026403e+02 -1.1129e+00 +1.6787e+00 +1.7947e+00 -1.8013e+00 +1.2021e+00
504 0 +2.287359674e+00 -1.875026403e+02 -1.875026403e+02 -1.1129e+00 +1.6787e+00 +1.7947e+00 -1.8013e+00 +1.2021e+00
% f evaluations | g evaluations | best noise-free fitness - Fopt (-2.774000000000e+01) + sum g_i+ | measured fitness | best measured fitness or single-digit g-values | x1 | x2...
1 0 +1.657324090e+04 +1.654550090e+04 +1.654550090e+04 -9.3535e-02 +2.1870e-01 +6.5348e-02 -2.6974e-01 -7.4606e-01
2 0 +1.651675434e+04 +1.648901434e+04 +1.648901434e+04 +2.7398e-01 +3.3812e-01 -4.5424e-01 +4.9180e-01 -1.2897e-01
3 0 +1.399998317e+04 +1.397224317e+04 +1.397224317e+04 +7.8938e-01 +1.8055e-01 -1.0077e-01 +3.7133e-01 +3.3340e-02
4 0 +1.261432979e+04 +1.258658979e+04 +1.258658979e+04 +3.8745e-02 +2.2839e-02 -4.6539e-02 +1.9027e-01 +2.4321e-01
7 0 +9.806622605e+03 +9.778882605e+03 +9.778882605e+03 -1.7598e-01 -4.4456e-01 +2.5718e-01 +2.8294e-01 +3.4334e-02
8 0 +5.890630158e+03 +5.862890158e+03 +5.862890158e+03 -6.5870e-03 -6.3815e-01 -2.5033e-01 -1.3966e-01 +7.0116e-02
19 0 +2.806610575e+03 +2.778870575e+03 +2.778870575e+03 +6.1009e-02 -9.1912e-01 -9.6000e-01 +2.3379e-02 +8.0287e-01
26 0 +2.139841362e+03 +2.112101362e+03 +2.112101362e+03 -9.2354e-02 -1.2027e+00 -7.0910e-01 +4.7996e-01 +4.0720e-01
28 0 +1.366109230e+03 +1.338369230e+03 +1.338369230e+03 -1.1273e-01 -1.3098e+00 -1.3657e+00 +1.5278e-01 +7.7572e-01
34 0 +1.164411281e+03 +1.136671281e+03 +1.136671281e+03 +1.6753e-01 -1.4071e+00 -1.6637e+00 +9.0200e-02 +7.0119e-01
35 0 +4.537282912e+02 +4.259882912e+02 +4.259882912e+02 +1.6951e-01 -1.8094e+00 -1.1490e+00 +8.1019e-02 +4.5566e-01
37 0 +2.364088976e+02 +2.086688976e+02 +2.086688976e+02 +1.3056e-01 -2.0699e+00 -1.8990e+00 -7.9973e-02 +4.7941e-01
41 0 +1.474106152e+02 +1.196706152e+02 +1.196706152e+02 +1.2028e+00 -2.2136e+00 -1.5418e+00 +2.1496e-01 +1.3401e+00
47 0 +8.592758787e+01 +5.818758787e+01 +5.818758787e+01 +2.3008e-01 -2.9452e+00 -1.7442e+00 -5.4493e-02 +3.2312e-01
63 0 +3.924361499e+01 +1.150361499e+01 +1.150361499e+01 +4.9348e-01 -2.7839e+00 -2.0452e+00 -1.7254e-01 +6.2845e-01
77 0 +2.937594479e+01 +1.635944793e+00 +1.635944793e+00 -6.0603e-01 -3.4892e+00 -3.0017e+00 -7.8557e-01 -5.6879e-02
111 0 +2.066351152e+01 -7.076488477e+00 -7.076488477e+00 -8.4345e-01 -3.1846e+00 -2.9906e+00 -1.1641e+00 -2.2372e-01
119 0 +1.767659986e+01 -1.006340014e+01 -1.006340014e+01 -3.5866e-01 -3.2828e+00 -2.6953e+00 -7.9307e-01 -2.1253e-01
128 0 +6.964726827e+00 -2.077527317e+01 -2.077527317e+01 -4.3763e-01 -3.4102e+00 -2.5387e+00 -1.0753e+00 -4.2089e-01
183 0 +6.515698134e+00 -2.122430187e+01 -2.122430187e+01 -4.4720e-01 -3.4193e+00 -2.6017e+00 -1.0270e+00 -3.5272e-01
186 0 +6.102500669e+00 -2.163749933e+01 -2.163749933e+01 -5.7529e-01 -3.3320e+00 -2.6043e+00 -1.0669e+00 -4.6805e-01
188 0 +5.196198675e+00 -2.254380133e+01 -2.254380133e+01 -4.4952e-01 -3.4271e+00 -2.6199e+00 -1.1200e+00 -4.3396e-01
203 0 +4.423458613e+00 -2.331654139e+01 -2.331654139e+01 -3.8502e-01 -3.3700e+00 -2.6503e+00 -1.1016e+00 -4.0272e-01
235 0 +4.314736909e+00 -2.342526309e+01 -2.342526309e+01 -3.2537e-01 -3.3780e+00 -2.6550e+00 -1.1582e+00 -3.6383e-01
254 0 +4.238927510e+00 -2.350107249e+01 -2.350107249e+01 -4.4895e-01 -3.3578e+00 -2.6936e+00 -1.1562e+00 -3.8978e-01
277 0 +4.105031816e+00 -2.363496818e+01 -2.363496818e+01 -3.4897e-01 -3.3694e+00 -2.6669e+00 -1.1418e+00 -4.1177e-01
280 0 +3.930806559e+00 -2.380919344e+01 -2.380919344e+01 -2.4768e-01 -3.3513e+00 -2.6690e+00 -1.1472e+00 -3.9023e-01
281 0 +3.689674290e+00 -2.405032571e+01 -2.405032571e+01 -1.5404e-01 -3.3620e+00 -2.6724e+00 -1.1583e+00 -3.9033e-01
342 0 +3.582496747e+00 -2.415750325e+01 -2.415750325e+01 -1.2132e-01 -3.3320e+00 -2.6646e+00 -1.1486e+00 -4.0683e-01
363 0 +3.523083291e+00 -2.421691671e+01 -2.421691671e+01 -9.7597e-02 -3.3354e+00 -2.6886e+00 -1.1689e+00 -4.0702e-01
376 0 +3.459712679e+00 -2.428028732e+01 -2.428028732e+01 -1.0046e-01 -3.3156e+00 -2.6849e+00 -1.1438e+00 -4.0471e-01
391 0 +3.362005630e+00 -2.437799437e+01 -2.437799437e+01 -4.5300e-02 -3.3070e+00 -2.7097e+00 -1.1528e+00 -4.0629e-01
417 0 +3.279809388e+00 -2.446019061e+01 -2.446019061e+01 +1.8701e-02 -3.2833e+00 -2.6575e+00 -1.1436e+00 -3.9045e-01
436 0 +3.226144083e+00 -2.451385592e+01 -2.451385592e+01 +1.4640e-02 -3.2636e+00 -2.6497e+00 -1.1346e+00 -4.0940e-01
444 0 +3.100329272e+00 -2.463967073e+01 -2.463967073e+01 +6.8955e-02 -3.2445e+00 -2.6624e+00 -1.1201e+00 -3.9298e-01
469 0 +2.984034820e+00 -2.475596518e+01 -2.475596518e+01 +8.9854e-02 -3.2082e+00 -2.6552e+00 -1.1285e+00 -3.7863e-01
480 0 +2.944424590e+00 -2.479557541e+01 -2.479557541e+01 +1.3390e-01 -3.1947e+00 -2.6806e+00 -1.1434e+00 -3.9064e-01
490 0 +2.871733397e+00 -2.486826660e+01 -2.486826660e+01 +1.3270e-01 -3.1840e+00 -2.6738e+00 -1.1538e+00 -4.0397e-01
501 0 +2.653161095e+00 -2.508683891e+01 -2.508683891e+01 +2.0951e-01 -3.1156e+00 -2.6278e+00 -1.1218e+00 -3.8258e-01
504 0 +2.653161095e+00 -2.508683891e+01 -2.508683891e+01 +2.0951e-01 -3.1156e+00 -2.6278e+00 -1.1218e+00 -3.8258e-01
% f evaluations | g evaluations | best noise-free fitness - Fopt (6.930000000000e+00) + sum g_i+ | measured fitness | best measured fitness or single-digit g-values | x1 | x2...
1 0 +3.593551689e+03 +3.600481689e+03 +3.600481689e+03 -9.3535e-02 +2.1870e-01 +6.5348e-02 -2.6974e-01 -7.4606e-01
5 0 +3.101321008e+03 +3.108251008e+03 +3.108251008e+03 +1.0644e-01 +5.4378e-01 -4.0695e-01 -1.3909e-01 +2.4741e-01
10 0 +1.460671444e+03 +1.467601444e+03 +1.467601444e+03 -2.1408e-01 +6.9764e-01 -7.2730e-02 -6.2765e-01 +2.5667e-02
19 0 +8.452661241e+02 +8.521961241e+02 +8.521961241e+02 -2.3553e-01 +1.3170e+00 -4.8135e-01 -7.1724e-01 +1.9901e-02
31 0 +3.118478933e+02 +3.187778933e+02 +3.187778933e+02 -2.9257e-03 +1.2626e+00 -4.1414e-01 -1.6003e+00 +3.8429e-01
36 0 +1.441368339e+02 +1.510668339e+02 +1.510668339e+02 -3.9982e-01 +1.1076e+00 -6.8776e-01 -1.1796e+00 +5.9317e-01
42 0 +8.501690954e+01 +9.194690954e+01 +9.194690954e+01 -8.7400e-01 +1.3060e+00 -1.0082e+00 -1.7178e+00 -3.8834e-01
50 0 +2.385043950e+01 +3.078043950e+01 +3.078043950e+01 -6.6954e-01 +1.1257e+00 -9.8144e-01 -1.5769e+00 +6.0937e-01
91 0 +2.303254369e+01 +2.996254369e+01 +2.996254369e+01 -6.0224e-01 +1.3142e+00 -8.1799e-01 -1.5136e+00 +3.3913e-01
104 0 +1.210389731e+01 +1.903389731e+01 +1.903389731e+01 -3.6482e-01 +1.4920e+00 -8.8201e-01 -1.7731e+00 +5.7350e-01
145 0 +6.240474086e+00 +1.317047409e+01 +1.317047409e+01 -4.2061e-01 +1.6472e+00 -5.4869e-01 -1.2481e+00 +1.3532e+00
165 0 +3.647680699e+00 +1.057768070e+01 +1.057768070e+01 -4.9674e-01 +1.5527e+00 -6.4125e-01 -1.2182e+00 +1.4369e+00
204 0 +2.707424453e+00 +9.637424453e+00 +9.637424453e+00 -4.0982e-01 +1.5507e+00 -6.7058e-01 -1.3441e+00 +1.1987e+00
205 0 +1.857490325e+00 +8.787490325e+00 +8.787490325e+00 -4.3207e-01 +1.6061e+00 -5.7644e-01 -1.1790e+00 +1.3271e+00
209 0 +9.663374127e-01 +7.896337413e+00 +7.896337413e+00 -4.3672e-01 +1.5787e+00 -6.3729e-01 -1.2947e+00 +1.2138e+00
221 0 +4.336102792e-01 +7.363610279e+00 +7.363610279e+00 -3.9912e-01 +1.5674e+00 -6.1530e-01 -1.2538e+00 +1.2488e+00
226 0 +4.218674052e-01 +7.351867405e+00 +7.351867405e+00 -4.1229e-01 +1.5512e+00 -6.2221e-01 -1.2394e+00 +1.2981e+00
239 0 +3.557221611e-01 +7.285722161e+00 +7.285722161e+00 -3.9571e-01 +1.5852e+00 -5.9202e-01 -1.1888e+00 +1.3635e+00
254 0 +2.969755553e-01 +7.226975555e+00 +7.226975555e+00 -4.0029e-01 +1.5671e+00 -6.2042e-01 -1.1877e+00 +1.4019e+00
273 0 +1.357053049e-01 +7.065705305e+00 +7.065705305e+00 -4.1793e-01 +1.5727e+00 -6.0557e-01 -1.1798e+00 +1.4267e+00
348 0 +1.199750039e-01 +7.049975004e+00 +7.049975004e+00 -4.1785e-01 +1.5684e+00 -6.5393e-01 -1.2944e+00 +1.1722e+00
359 0 +7.356455297e-02 +7.003564553e+00 +7.003564553e+00 -4.2645e-01 +1.5589e+00 -6.7152e-01 -1.3393e+00 +1.0570e+00
363 0 +4.219664667e-02 +6.972196647e+00 +6.972196647e+00 -4.1947e-01 +1.5642e+00 -6.3812e-01 -1.2535e+00 +1.2425e+00
399 0 +2.553928739e-02 +6.955539287e+00 +6.955539287e+00 -4.2577e-01 +1.5508e+00 -6.6620e-01 -1.3125e+00 +1.1001e+00
459 0 +2.244187341e-02 +6.952441873e+00 +6.952441873e+00 -4.2284e-01 +1.5560e+00 -6.5736e-01 -1.3027e+00 +1.1290e+00
461 0 +2.167519580e-02 +6.951675196e+00 +6.951675196e+00 -4.2038e-01 +1.5571e+00 -6.5616e-01 -1.2982e+00 +1.1413e+00
464 0 +2.116080641e-02 +6.951160806e+00 +6.951160806e+00 -4.2664e-01 +1.5528e+00 -6.6529e-01 -1.3152e+00 +1.1045e+00
474 0 +1.867231867e-02 +6.948672319e+00 +6.948672319e+00 -4.2368e-01 +1.5545e+00 -6.6542e-01 -1.3123e+00 +1.1121e+00
481 0 +1.469234277e-02 +6.944692343e+00 +6.944692343e+00 -4.2262e-01 +1.5537e+00 -6.6613e-01 -1.3146e+00 +1.1024e+00
499 0 +1.425923309e-02 +6.944259233e+00 +6.944259233e+00 -4.2465e-01 +1.5518e+00 -6.6833e-01 -1.3190e+00 +1.0929e+00
504 0 +1.425923309e-02 +6.944259233e+00 +6.944259233e+00 -4.2465e-01 +1.5518e+00 -6.6833e-01 -1.3190e+00 +1.0929e+00
% f evaluations | g evaluations | best noise-free fitness - Fopt (-4.456000000000e+01) + sum g_i+ | measured fitness | best measured fitness or single-digit g-values | x1 | x2...
1 0 +9.650760805e+03 +9.606200805e+03 +9.606200805e+03 -9.3535e-02 +2.1870e-01 +6.5348e-02 -2.6974e-01 -7.4606e-01
4 0 +8.052150252e+03 +8.007590252e+03 +8.007590252e+03 +3.8745e-02 +2.2839e-02 -4.6539e-02 +1.9027e-01 +2.4321e-01
7 0 +4.619989383e+03 +4.575429383e+03 +4.575429383e+03 -1.7598e-01 -4.4456e-01 +2.5718e-01 +2.8294e-01 +3.4334e-02
8 0 +3.301880035e+03 +3.257320035e+03 +3.257320035e+03 -6.5870e-03 -6.3815e-01 -2.5033e-01 -1.3966e-01 +7.0116e-02
12 0 +1.999824507e+03 +1.955264507e+03 +1.955264507e+03 -2.7232e-01 -1.0566e+00 +4.4015e-01 +1.5342e-01 -1.2252e-01
17 0 +1.257096287e+03 +1.212536287e+03 +1.212536287e+03 +5.4208e-01 -1.1529e+00 -7.7101e-02 -1.5245e-01 +3.5877e-01
18 0 +1.230013077e+03 +1.185453077e+03 +1.185453077e+03 +6.1349e-03 -1.1956e+00 +2.1562e-02 -2.2105e-01 +3.2541e-01
29 0 +7.095938394e+02 +6.650338394e+02 +6.650338394e+02 -1.0659e+00 -1.2823e+00 +4.9463e-01 -5.9122e-01 -7.7193e-01
35 0 +5.518882554e+02 +5.073282554e+02 +5.073282554e+02 +7.8187e-02 -1.6946e+00 +3.3982e-01 -2.4033e-01 -1.2134e-01
37 0 +4.191775246e+02 +3.746175246e+02 +3.746175246e+02 +2.4003e-01 -1.7056e+00 +1.1024e-01 -3.5365e-01 +5.3532e-01
38 0 +3.299743374e+02 +2.854143374e+02 +2.854143374e+02 -1.0583e+00 -2.1393e+00 +5.3226e-01 -2.0076e-01 +6.4959e-02
46 0 +1.135596140e+02 +6.899961401e+01 +6.899961401e+01 -1.0076e+00 -2.0372e+00 +9.0912e-01 -6.9746e-01 +2.2906e-01
74 0 +1.121199398e+02 +6.755993983e+01 +6.755993983e+01 -6.6953e-01 -2.0596e+00 +8.9163e-01 -8.2739e-01 -3.7488e-02
84 0 +5.838372421e+01 +1.382372421e+01 +1.382372421e+01 -3.3123e-01 -2.5224e+00 +1.3525e+00 -1.1680e+00 -1.0268e+00
91 0 +2.750137501e+01 -1.705862499e+01 -1.705862499e+01 -4.4229e-01 -2.8345e+00 +6.6206e-01 -1.2527e+00 -1.1830e+00
143 0 +2.079889860e+01 -2.376110140e+01 -2.376110140e+01 +3.7366e-01 -2.1999e+00 +1.0149e+00 -1.2980e+00 -7.9539e-01
158 0 +9.578259403e+00 -3.498174060e+01 -3.498174060e+01 +2.6701e-01 -2.6708e+00 +6.1465e-01 -1.5619e+00 -1.2019e+00
175 0 +6.229555600e+00 -3.833044440e+01 -3.833044440e+01 +1.7336e-01 -2.4699e+00 +7.2510e-01 -1.6468e+00 -1.1238e+00
186 0 +6.105328844e+00 -3.845467116e+01 -3.845467116e+01 +2.0672e-01 -2.3928e+00 +7.3160e-01 -1.7900e+00 -1.3507e+00
199 0 +5.496222676e+00 -3.906377732e+01 -3.906377732e+01 +5.4246e-02 -2.7394e+00 +6.2411e-01 -1.7775e+00 -1.3110e+00
205 0 +4.819299377e+00 -3.974070062e+01 -3.974070062e+01 +3.4435e-01 -2.4400e+00 +5.4356e-01 -1.7117e+00 -1.2615e+00
209 0 +4.055364645e+00 -4.050463535e+01 -4.050463535e+01 +3.4288e-01 -2.3753e+00 +6.0445e-01 -1.7526e+00 -1.2971e+00
225 0 +3.734365230e+00 -4.082563477e+01 -4.082563477e+01 +2.1769e-01 -2.4090e+00 +7.2683e-01 -1.7022e+00 -1.2974e+00
226 0 +3.546018105e+00 -4.101398190e+01 -4.101398190e+01 +2.9034e-01 -2.5233e+00 +6.3692e-01 -1.6837e+00 -1.2570e+00
235 0 +3.100205555e+00 -4.145979444e+01 -4.145979444e+01 +3.3150e-01 -2.4619e+00 +6.4887e-01 -1.6770e+00 -1.2807e+00
257 0 +3.010256454e+00 -4.154974355e+01 -4.154974355e+01 +3.4243e-01 -2.4276e+00 +6.7774e-01 -1.7391e+00 -1.2624e+00
258 0 +2.598473489e+00 -4.196152651e+01 -4.196152651e+01 +3.4901e-01 -2.3678e+00 +7.3535e-01 -1.6861e+00 -1.2285e+00
277 0 +2.502727031e+00 -4.205727297e+01 -4.205727297e+01 +3.3371e-01 -2.3720e+00 +7.1090e-01 -1.7139e+00 -1.2677e+00
292 0 +2.282350718e+00 -4.227764928e+01 -4.227764928e+01 +3.8913e-01 -2.2872e+00 +7.5759e-01 -1.6697e+00 -1.2653e+00
309 0 +2.023089808e+00 -4.253691019e+01 -4.253691019e+01 +4.6637e-01 -2.2048e+00 +8.4768e-01 -1.6227e+00 -1.3262e+00
316 0 +1.900614297e+00 -4.265938570e+01 -4.265938570e+01 +4.7239e-01 -2.2143e+00 +8.7890e-01 -1.6194e+00 -1.3125e+00
358 0 +1.738266929e+00 -4.282173307e+01 -4.282173307e+01 +4.7486e-01 -2.2056e+00 +8.6889e-01 -1.5995e+00 -1.2567e+00
363 0 +1.695947991e+00 -4.286405201e+01 -4.286405201e+01 +4.8514e-01 -2.1804e+00 +8.6663e-01 -1.6134e+00 -1.2730e+00
370 0 +1.646047706e+00 -4.291395229e+01 -4.291395229e+01 +5.0755e-01 -2.1459e+00 +9.2710e-01 -1.6135e+00 -1.2478e+00
401 0 +1.576423932e+00 -4.298357607e+01 -4.298357607e+01 +5.0639e-01 -2.1243e+00 +9.3414e-01 -1.5778e+00 -1.2652e+00
417 0 +1.500571707e+00 -4.305942829e+01 -4.305942829e+01 +5.6013e-01 -2.0747e+00 +9.7445e-01 -1.5484e+00 -1.2237e+00
430 0 +1.308391490e+00 -4.325160851e+01 -4.325160851e+01 +5.7568e-01 -2.0707e+00 +1.0036e+00 -1.5381e+00 -1.2285e+00
434 0 +1.185540853e+00 -4.337445915e+01 -4.337445915e+01 +5.6777e-01 -2.0753e+00 +1.0068e+00 -1.5200e+00 -1.2486e+00
461 0 +1.172488393e+00 -4.338751161e+01 -4.338751161e+01 +5.9683e-01 -2.0384e+00 +1.0366e+00 -1.5043e+00 -1.2518e+00
466 0 +1.099704771e+00 -4.346029523e+01 -4.346029523e+01 +6.0562e-01 -2.0210e+00 +1.0656e+00 -1.4816e+00 -1.2536e+00
477 0 +1.095592408e+00 -4.346440759e+01 -4.346440759e+01 +5.9664e-01 -2.0299e+00 +1.0773e+00 -1.4832e+00 -1.2089e+00
482 0 +1.065395741e+00 -4.349460426e+01 -4.349460426e+01 +6.0827e-01 -1.9972e+00 +1.1029e+00 -1.4747e+00 -1.2229e+00
489 0 +9.566768469e-01 -4.360332315e+01 -4.360332315e+01 +5.9691e-01 -2.0181e+00 +1.1050e+00 -1.4463e+00 -1.2293e+00
501 0 +9.045951841e-01 -4.365540482e+01 -4.365540482e+01 +6.3943e-01 -1.9616e+00 +1.1823e+00 -1.3838e+00 -1.2044e+00
504 0 +9.045951841e-01 -4.365540482e+01 -4.365540482e+01 +6.3943e-01 -1.9616e+00 +1.1823e+00 -1.3838e+00 -1.2044e+00
% f evaluations | g evaluations | best noise-free fitness - Fopt (1.000000000000e+03) + sum g_i+ | measured fitness | best measured fitness or single-digit g-values | x1 | x2...
1 0 +1.552389086e+04 +1.652389086e+04 +1.652389086e+04 -9.3535e-02 +2.1870e-01 +6.5348e-02 -2.6974e-01 -7.4606e-01
6 0 +1.479156624e+04 +1.579156624e+04 +1.579156624e+04 -3.5293e-01 +4.6935e-01 +2.1382e-01 -5.4304e-02 +1.6027e-01
10 0 +1.171592312e+04 +1.271592312e+04 +1.271592312e+04 -3.2331e-01 +3.6377e-01 +6.3396e-01 -3.5814e-01 +1.9856e-02
23 0 +1.124109362e+04 +1.224109362e+04 +1.224109362e+04 -1.2576e-01 +5.6219e-02 +8.9865e-01 -4.9488e-01 +6.3680e-01
26 0 +1.107950578e+04 +1.207950578e+04 +1.207950578e+04 -8.3730e-02 +1.1769e-01 +9.5005e-02 -6.5546e-01 +6.9192e-01
27 0 +1.030812458e+04 +1.130812458e+04 +1.130812458e+04 -2.2314e-01 -3.4330e-02 +6.1584e-01 -4.8559e-01 +6.6518e-01
31 0 +7.198101434e+03 +8.198101434e+03 +8.198101434e+03 -6.7537e-01 +3.2678e-01 +1.3426e+00 -4.3382e-01 +8.8380e-01
38 0 +4.943102248e+03 +5.943102248e+03 +5.943102248e+03 -8.0747e-01 +1.8731e-02 +1.0627e+00 -5.4860e-01 +1.7410e+00
41 0 +4.488697538e+03 +5.488697538e+03 +5.488697538e+03 -1.3942e+00 -7.7155e-01 +7.0099e-01 -2.1639e-01 +1.9613e+00
46 0 +3.026248270e+03 +4.026248270e+03 +4.026248270e+03 -1.0074e+00 -1.0538e-02 +7.9967e-01 -9.9903e-01 +1.8863e+00
49 0 +1.599117698e+03 +2.599117698e+03 +2.599117698e+03 -1.3878e+00 -3.9956e-01 +1.0010e+00 -9.7750e-01 +1.9903e+00
58 0 +1.291089212e+03 +2.291089212e+03 +2.291089212e+03 -2.7061e+00 -8.3832e-01 +9.8944e-01 -1.7321e+00 +2.2414e+00
65 0 +1.195323793e+03 +2.195323793e+03 +2.195323793e+03 -2.2600e+00 -3.9465e-01 -3.8002e-01 -9.0242e-01 +2.1800e+00
66 0 +1.032181276e+03 +2.032181276e+03 +2.032181276e+03 -2.8043e+00 -8.3868e-01 +2.9457e+00 -1.4291e+00 +2.9948e+00
74 0 +7.885856615e+02 +1.788585662e+03 +1.788585662e+03 -2.7564e+00 -7.0293e-01 +5.6537e-01 -1.5643e+00 +1.2606e+00
89 0 +6.379857556e+02 +1.637985756e+03 +1.637985756e+03 -2.2281e+00 -1.7920e+00 +3.2584e-02 -1.2056e+00 +2.9228e+00
92 0 +4.668354338e+02 +1.466835434e+03 +1.466835434e+03 -4.0892e+00 -1.0042e+00 +1.2517e+00 -1.4721e+00 +9.9100e-01
115 0 +4.259649637e+02 +1.425964964e+03 +1.425964964e+03 -2.2653e+00 -3.1424e-01 +2.4637e+00 -1.3270e+00 +2.8302e+00
126 0 +6.482769398e+01 +1.064827694e+03 +1.064827694e+03 -1.9269e+00 -4.8516e-01 +2.5354e+00 -1.2657e+00 +1.6158e+00
148 0 +4.828503988e+01 +1.048285040e+03 +1.048285040e+03 -2.5069e+00 -5.3804e-01 +2.4980e+00 -1.0833e+00 +1.8262e+00
165 0 +3.405916140e+01 +1.034059161e+03 +1.034059161e+03 -2.3055e+00 -6.1058e-01 +2.4813e+00 -1.1274e+00 +1.3865e+00
206 0 +1.371645731e+01 +1.013716457e+03 +1.013716457e+03 -2.2297e+00 -4.2692e-01 +2.5696e+00 -1.2389e+00 +1.4669e+00
209 0 +9.830016990e+00 +1.009830017e+03 +1.009830017e+03 -2.2463e+00 -4.8195e-01 +2.5531e+00 -1.2252e+00 +1.5868e+00
221 0 +8.505595632e+00 +1.008505596e+03 +1.008505596e+03 -2.1561e+00 -4.6484e-01 +2.6248e+00 -1.2123e+00 +1.4797e+00
226 0 +3.123528753e+00 +1.003123529e+03 +1.003123529e+03 -2.2152e+00 -5.2832e-01 +2.5755e+00 -1.2132e+00 +1.5041e+00
267 0 +2.650486259e+00 +1.002650486e+03 +1.002650486e+03 -2.1965e+00 -5.5398e-01 +2.5435e+00 -1.2008e+00 +1.4965e+00
309 0 +2.225827128e+00 +1.002225827e+03 +1.002225827e+03 -2.2149e+00 -5.3133e-01 +2.5404e+00 -1.2266e+00 +1.4062e+00
345 0 +2.096583986e+00 +1.002096584e+03 +1.002096584e+03 -2.2107e+00 -5.2305e-01 +2.5415e+00 -1.2399e+00 +1.3065e+00
370 0 +2.044733140e+00 +1.002044733e+03 +1.002044733e+03 -2.2112e+00 -5.3218e-01 +2.5554e+00 -1.2163e+00 +1.4183e+00
393 0 +2.031453389e+00 +1.002031453e+03 +1.002031453e+03 -2.2023e+00 -5.3355e-01 +2.5507e+00 -1.2253e+00 +1.3843e+00
466 0 +1.987694057e+00 +1.001987694e+03 +1.001987694e+03 -2.2129e+00 -5.3284e-01 +2.5472e+00 -1.2336e+00 +1.3418e+00
504 0 +1.928826730e+00 +1.001928827e+03 +1.001928827e+03 -2.2114e+00 -5.3835e-01 +2.5370e+00 -1.2521e+00 +1.2609e+00
% f evaluations | g evaluations | best noise-free fitness - Fopt (-6.797100000000e+02) + sum g_i+ | measured fitness | best measured fitness or single-digit g-values | x1 | x2...
1 0 +1.913328173e+04 +1.845357173e+04 +1.845357173e+04 -9.3535e-02 +2.1870e-01 +6.5348e-02 -2.6974e-01 -7.4606e-01
4 0 +1.652837758e+04 +1.584866758e+04 +1.584866758e+04 +3.8745e-02 +2.2839e-02 -4.6539e-02 +1.9027e-01 +2.4321e-01
7 0 +1.051044785e+04 +9.830737854e+03 +9.830737854e+03 -1.7598e-01 -4.4456e-01 +2.5718e-01 +2.8294e-01 +3.4334e-02
8 0 +8.012802071e+03 +7.333092071e+03 +7.333092071e+03 -6.5870e-03 -6.3815e-01 -2.5033e-01 -1.3966e-01 +7.0116e-02
12 0 +5.412834806e+03 +4.733124806e+03 +4.733124806e+03 -2.7232e-01 -1.0566e+00 +4.4015e-01 +1.5342e-01 -1.2252e-01
17 0 +4.048896421e+03 +3.369186421e+03 +3.369186421e+03 +5.4208e-01 -1.1529e+00 -7.7101e-02 -1.5245e-01 +3.5877e-01
18 0 +3.781447468e+03 +3.101737468e+03 +3.101737468e+03 +6.1349e-03 -1.1956e+00 +2.1562e-02 -2.2105e-01 +3.2541e-01
29 0 +2.745811916e+03 +2.066101916e+03 +2.066101916e+03 -1.0659e+00 -1.2823e+00 +4.9463e-01 -5.9122e-01 -7.7193e-01
35 0 +2.227478045e+03 +1.547768045e+03 +1.547768045e+03 +7.8187e-02 -1.6946e+00 +3.3982e-01 -2.4033e-01 -1.2134e-01
37 0 +1.726446203e+03 +1.046736203e+03 +1.046736203e+03 +2.4003e-01 -1.7056e+00 +1.1024e-01 -3.5365e-01 +5.3532e-01
38 0 +1.379207679e+03 +6.994976790e+02 +6.994976790e+02 -1.0583e+00 -2.1393e+00 +5.3226e-01 -2.0076e-01 +6.4959e-02
46 0 +5.309061823e+02 -1.488038177e+02 -1.488038177e+02 -1.0076e+00 -2.0372e+00 +9.0912e-01 -6.9746e-01 +2.2906e-01
49 0 +2.520396978e+02 -4.276703022e+02 -4.276703022e+02 -9.2689e-01 -2.3308e+00 +9.8545e-01 -9.0363e-01 +2.2576e-01
56 0 +2.089390594e+02 -4.707709406e+02 -4.707709406e+02 -9.9471e-01 -2.0134e+00 +1.7852e+00 -5.9391e-01 +9.0923e-01
59 0 +1.536313490e+02 -5.260786510e+02 -5.260786510e+02 -9.3400e-01 -2.6380e+00 +3.2108e-01 -6.9350e-01 +1.5959e+00
60 0 +6.957957609e+01 -6.101304239e+02 -6.101304239e+02 -1.1718e+00 -2.0812e+00 +1.5247e+00 -1.3547e+00 +1.1129e+00
91 0 +2.923098758e+01 -6.504790124e+02 -6.504790124e+02 -8.0900e-01 -2.2490e+00 +1.3659e+00 -1.0952e+00 +1.4716e+00
154 0 +1.424507894e+01 -6.654649211e+02 -6.654649211e+02 -9.0317e-01 -2.3304e+00 +1.2334e+00 -1.1536e+00 +1.4044e+00
156 0 +1.393803574e+01 -6.657719643e+02 -6.657719643e+02 -8.9085e-01 -2.3804e+00 +1.1843e+00 -1.1911e+00 +1.0413e+00
165 0 +4.582064008e+00 -6.751279360e+02 -6.751279360e+02 -9.1411e-01 -2.4454e+00 +1.2332e+00 -1.1815e+00 +1.2997e+00
264 0 +4.375709119e+00 -6.753342909e+02 -6.753342909e+02 -9.2584e-01 -2.4294e+00 +1.3029e+00 -1.0505e+00 +1.4038e+00
268 0 +4.255386074e+00 -6.754546139e+02 -6.754546139e+02 -9.4429e-01 -2.4104e+00 +1.3416e+00 -1.0765e+00 +1.4062e+00
279 0 +4.034083271e+00 -6.756759167e+02 -6.756759167e+02 -9.4101e-01 -2.4020e+00 +1.3237e+00 -1.0719e+00 +1.3764e+00
396 0 +3.980553397e+00 -6.757294466e+02 -6.757294466e+02 -9.3698e-01 -2.4201e+00 +1.3086e+00 -1.1000e+00 +1.3273e+00
504 0 +3.964210205e+00 -6.757457898e+02 -6.757457898e+02 -9.4732e-01 -2.4023e+00 +1.3477e+00 -1.0460e+00 +1.3900e+00
% f evaluations | g evaluations | best noise-free fitness - Fopt (1.000000000000e+03) + sum g_i+ | measured fitness | best measured fitness or single-digit g-values | x1 | x2...
1 0 +5.089067580e+03 +6.089067580e+03 +6.089067580e+03 -9.3535e-02 +2.1870e-01 +6.5348e-02 -2.6974e-01 -7.4606e-01
4 0 +4.978582418e+03 +5.978582418e+03 +5.978582418e+03 +3.8745e-02 +2.2839e-02 -4.6539e-02 +1.9027e-01 +2.4321e-01
5 0 +4.631132254e+03 +5.631132254e+03 +5.631132254e+03 +1.0644e-01 +5.4378e-01 -4.0695e-01 -1.3909e-01 +2.4741e-01
6 0 +4.249920237e+03 +5.249920237e+03 +5.249920237e+03 -3.5293e-01 +4.6935e-01 +2.1382e-01 -5.4304e-02 +1.6027e-01
10 0 +2.648241617e+03 +3.648241617e+03 +3.648241617e+03 -4.6386e-01 -1.3082e-01 -1.4588e-01 +1.7222e-01 +1.3539e-01
14 0 +1.985514211e+03 +2.985514211e+03 +2.985514211e+03 -4.3656e-01 +1.8089e-01 -5.2017e-01 -6.8016e-03 +5.7468e-01
19 0 +1.775756981e+03 +2.775756981e+03 +2.775756981e+03 -6.5885e-01 +6.4623e-01 -8.2270e-01 -3.2035e-02 +7.1846e-01
23 0 +1.219581868e+03 +2.219581868e+03 +2.219581868e+03 -7.3325e-01 -2.0572e-01 -5.7195e-01 +4.6995e-01 +6.0874e-01
33 0 +1.109891188e+03 +2.109891188e+03 +2.109891188e+03 -6.2979e-01 +1.0436e-01 -7.6261e-01 +7.9243e-01 +4.6897e-01
36 0 +1.005335820e+03 +2.005335820e+03 +2.005335820e+03 -9.6435e-01 -2.2515e-02 -4.5574e-01 +5.5524e-01 +6.4848e-01
40 0 +5.024415082e+02 +1.502441508e+03 +1.502441508e+03 -1.5782e+00 -7.4501e-03 -5.9903e-01 +1.1784e+00 +7.3263e-01
46 0 +3.796508861e+02 +1.379650886e+03 +1.379650886e+03 -1.5841e+00 -6.8292e-01 -9.0435e-01 +1.0006e+00 +7.2838e-01
49 0 +3.273141020e+02 +1.327314102e+03 +1.327314102e+03 -1.7054e+00 -8.0653e-01 -1.1934e+00 +8.1577e-01 +7.8748e-01
67 0 +2.934519130e+02 +1.293451913e+03 +1.293451913e+03 -2.2223e+00 -1.1127e+00 -1.3595e+00 -3.7510e-01 +7.9923e-01
69 0 +1.265719245e+02 +1.126571925e+03 +1.126571925e+03 -3.1349e+00 -1.3811e+00 -1.6096e+00 +1.1033e+00 +1.9113e-01
87 0 +3.959313949e+01 +1.039593139e+03 +1.039593139e+03 -2.9110e+00 -1.1867e+00 -1.4512e+00 +1.5270e+00 -7.7111e-01
116 0 +9.942270202e+00 +1.009942270e+03 +1.009942270e+03 -3.1482e+00 -1.2342e+00 -1.7586e+00 +8.3745e-01 -8.8933e-01
214 0 +9.511973385e+00 +1.009511973e+03 +1.009511973e+03 -3.2555e+00 -1.0029e+00 -1.8568e+00 +9.9761e-01 -6.8337e-01
225 0 +8.066904193e+00 +1.008066904e+03 +1.008066904e+03 -3.2147e+00 -1.1328e+00 -1.9098e+00 +1.0723e+00 -9.0402e-01
226 0 +7.053055618e+00 +1.007053056e+03 +1.007053056e+03 -3.1282e+00 -1.1493e+00 -1.8267e+00 +1.0137e+00 -7.1427e-01
235 0 +5.419183271e+00 +1.005419183e+03 +1.005419183e+03 -3.1109e+00 -1.1349e+00 -1.7796e+00 +1.0594e+00 -8.5476e-01
279 0 +4.909260975e+00 +1.004909261e+03 +1.004909261e+03 -3.1338e+00 -1.1570e+00 -1.8461e+00 +9.6742e-01 -8.4224e-01
308 0 +4.802717508e+00 +1.004802718e+03 +1.004802718e+03 -3.1189e+00 -1.1289e+00 -1.8001e+00 +9.6181e-01 -8.9632e-01
363 0 +4.744925987e+00 +1.004744926e+03 +1.004744926e+03 -3.2343e+00 -1.0205e+00 -1.7681e+00 +9.9209e-01 -8.5927e-01
408 0 +4.672450540e+00 +1.004672451e+03 +1.004672451e+03 -3.2570e+00 -9.8452e-01 -1.7270e+00 +9.9328e-01 -8.5193e-01
504 0 +4.640551074e+00 +1.004640551e+03 +1.004640551e+03 -3.2857e+00 -9.4600e-01 -1.6760e+00 +1.0116e+00 -8.5677e-01
% f evaluations | g evaluations | best noise-free fitness - Fopt (1.007000000000e+01) + sum g_i+ | measured fitness | best measured fitness or single-digit g-values | x1 | x2...
1 0 +6.893634729e+03 +6.903704729e+03 +6.903704729e+03 -9.3535e-02 +2.1870e-01 +6.5348e-02 -2.6974e-01 -7.4606e-01
7 0 +5.703247476e+03 +5.713317476e+03 +5.713317476e+03 -1.7598e-01 -4.4456e-01 +2.5718e-01 +2.8294e-01 +3.4334e-02
8 0 +3.294495509e+03 +3.304565509e+03 +3.304565509e+03 -6.5870e-03 -6.3815e-01 -2.5033e-01 -1.3966e-01 +7.0116e-02
18 0 +2.400744638e+03 +2.410814638e+03 +2.410814638e+03 -6.6829e-01 -6.2041e-01 -2.9950e-01 -4.6167e-01 -1.4069e-01
20 0 +2.062797132e+03 +2.072867132e+03 +2.072867132e+03 +7.3985e-02 -7.8863e-01 -1.9847e-01 -3.5022e-01 +1.9290e-01
31 0 +1.892661683e+03 +1.902731683e+03 +1.902731683e+03 -6.9701e-01 -7.0360e-01 -8.3047e-01 -7.4970e-01 -5.1649e-02
37 0 +1.766022754e+03 +1.776092754e+03 +1.776092754e+03 -5.9059e-02 -6.3391e-01 -1.6896e-01 -5.5970e-01 +3.8189e-01
38 0 +1.129282622e+03 +1.139352622e+03 +1.139352622e+03 -9.2256e-01 -1.1992e+00 -5.5964e-01 -5.5897e-01 +2.8615e-01
42 0 +7.277158149e+02 +7.377858149e+02 +7.377858149e+02 -3.7044e-01 -9.4236e-01 -4.3892e-01 -1.3311e+00 +1.0840e-01
44 0 +6.782868011e+02 +6.883568011e+02 +6.883568011e+02 -9.1955e-01 -1.3224e+00 -9.7476e-01 -9.7210e-01 -2.2472e-01
47 0 +5.063930027e+02 +5.164630027e+02 +5.164630027e+02 -9.1638e-01 -1.1852e+00 -1.9084e-01 -8.2117e-01 +4.9907e-01
49 0 +3.212573000e+02 +3.313273000e+02 +3.313273000e+02 -7.6922e-01 -1.3570e+00 -3.8603e-01 -1.1433e+00 +1.8761e-01
53 0 +2.439126702e+02 +2.539826702e+02 +2.539826702e+02 -7.1628e-01 -1.5119e+00 -4.5450e-01 -1.2601e+00 +8.1533e-01
60 0 +6.684123501e+01 +7.691123501e+01 +7.691123501e+01 -1.2537e+00 -1.4310e+00 -4.4597e-02 -1.4066e+00 +4.0967e-01
91 0 +4.618308212e+01 +5.625308212e+01 +5.625308212e+01 -1.1583e+00 -1.5808e+00 +3.0419e-01 -9.0245e-01 +1.1194e+00
132 0 +1.879471276e+01 +2.886471276e+01 +2.886471276e+01 -1.2318e+00 -1.7449e+00 +1.0686e-02 -1.6726e+00 -3.0251e-01
149 0 +1.601188882e+01 +2.608188882e+01 +2.608188882e+01 -1.2037e+00 -1.5021e+00 +3.7223e-01 -1.2668e+00 +1.2625e-01
167 0 +1.192464346e+01 +2.199464346e+01 +2.199464346e+01 -1.2079e+00 -1.4482e+00 +3.9171e-01 -1.3899e+00 +3.8768e-02
194 0 +8.737075338e+00 +1.880707534e+01 +1.880707534e+01 -1.2735e+00 -1.5435e+00 +1.3594e-01 -1.5510e+00 -9.7690e-02
203 0 +5.225867643e+00 +1.529586764e+01 +1.529586764e+01 -1.2981e+00 -1.5067e+00 +2.7242e-01 -1.5165e+00 -1.2546e-01
208 0 +4.888609134e+00 +1.495860913e+01 +1.495860913e+01 -1.2678e+00 -1.4718e+00 +2.5919e-01 -1.5316e+00 -2.4540e-01
285 0 +4.235926771e+00 +1.430592677e+01 +1.430592677e+01 -1.3066e+00 -1.4908e+00 +2.1464e-01 -1.6382e+00 -3.7218e-01
316 0 +4.065087554e+00 +1.413508755e+01 +1.413508755e+01 -1.2922e+00 -1.4900e+00 +1.8661e-01 -1.6402e+00 -3.3800e-01
342 0 +3.940957277e+00 +1.401095728e+01 +1.401095728e+01 -1.2823e+00 -1.5108e+00 +1.6058e-01 -1.6825e+00 -4.2924e-01
504 0 +3.933473487e+00 +1.400347349e+01 +1.400347349e+01 -1.2780e+00 -1.5187e+00 +1.4988e-01 -1.7066e+00 -4.7372e-01
% f evaluations | g evaluations | best noise-free fitness - Fopt (-7.540000000000e+00) + sum g_i+ | measured fitness | best measured fitness or single-digit g-values | x1 | x2...
1 0 +3.362355440e+03 +3.354815440e+03 +3.354815440e+03 -9.3535e-02 +2.1870e-01 +6.5348e-02 -2.6974e-01 -7.4606e-01
5 0 +2.640416134e+03 +2.632876134e+03 +2.632876134e+03 +1.0644e-01 +5.4378e-01 -4.0695e-01 -1.3909e-01 +2.4741e-01
11 0 +2.143407702e+03 +2.135867702e+03 +2.135867702e+03 +2.2120e-01 +1.9241e-01 +1.9133e-02 -2.8249e-01 +8.6233e-02
12 0 +1.069910825e+03 +1.062370825e+03 +1.062370825e+03 -4.8154e-02 +4.2488e-01 +8.5010e-02 -8.0739e-01 +2.9618e-01
19 0 +5.912375147e+02 +5.836975147e+02 +5.836975147e+02 +9.6491e-02 +7.0827e-01 -1.2967e-01 -1.0516e+00 +8.4105e-01
25 0 +5.381455512e+02 +5.306055512e+02 +5.306055512e+02 +2.9635e-01 +4.6136e-01 -2.1418e-01 -1.2439e+00 +7.8152e-01
29 0 +4.249737613e+02 +4.174337613e+02 +4.174337613e+02 +3.3053e-01 +3.3277e-01 +1.3358e-01 -6.3053e-01 +2.1744e+00
30 0 +2.251601922e+02 +2.176201922e+02 +2.176201922e+02 +5.9126e-01 +3.1360e-01 +2.2982e-01 -1.2776e+00 +9.5861e-01
64 0 +1.721740229e+02 +1.646340229e+02 +1.646340229e+02 +1.0544e+00 +6.5949e-01 +1.4853e-01 -1.0040e+00 +1.7792e+00
138 0 +1.363454826e+02 +1.288054826e+02 +1.288054826e+02 +1.4527e+00 +3.8738e-01 +5.1745e-01 -1.0846e+00 +9.3063e-01
150 0 +1.086198406e+02 +1.010798406e+02 +1.010798406e+02 +1.4886e+00 +3.7945e-01 +4.0162e-01 -1.2050e+00 +7.9322e-01
170 0 +1.050750243e+02 +9.753502426e+01 +9.753502426e+01 +1.5130e+00 +5.2101e-01 +7.4912e-01 -1.3807e+00 +4.0983e-01
173 0 +9.151146472e+01 +8.397146472e+01 +8.397146472e+01 +1.5772e+00 +3.4089e-01 +5.2617e-01 -1.3995e+00 +5.0921e-01
184 0 +7.265652179e+01 +6.511652179e+01 +6.511652179e+01 +1.4265e+00 +5.7155e-01 +6.9096e-01 -1.6795e+00 +5.4795e-02
186 0 +7.177322345e+01 +6.423322345e+01 +6.423322345e+01 +1.9546e+00 +4.4279e-01 +8.5278e-01 -1.6338e+00 +9.3446e-02
193 0 +6.589456677e+01 +5.835456677e+01 +5.835456677e+01 +1.5437e+00 +2.4603e-01 +7.2467e-01 -1.7007e+00 -6.2598e-03
195 0 +5.668605367e+01 +4.914605367e+01 +4.914605367e+01 +1.5553e+00 +5.8391e-01 +1.1043e+00 -2.0361e+00 -9.9744e-02
200 0 +4.982124151e+01 +4.228124151e+01 +4.228124151e+01 +1.5262e+00 +3.3106e-01 +6.9177e-01 -1.8986e+00 -2.4832e-01
203 0 +4.728055771e+01 +3.974055771e+01 +3.974055771e+01 +1.4294e+00 +3.2376e-01 +7.7869e-01 -1.8351e+00 -2.8793e-01
205 0 +2.267071506e+01 +1.513071506e+01 +1.513071506e+01 +1.1393e+00 +4.6561e-01 +9.3551e-01 -2.1616e+00 -6.0366e-01
209 0 +1.917777762e+01 +1.163777762e+01 +1.163777762e+01 +1.5052e+00 +4.2497e-01 +1.0854e+00 -2.3169e+00 -1.1132e+00
211 0 +9.136422016e+00 +1.596422016e+00 +1.596422016e+00 +1.4213e+00 +4.3553e-01 +1.1746e+00 -2.2994e+00 -6.8483e-01
260 0 +8.516463874e+00 +9.764638742e-01 +9.764638742e-01 +1.6036e+00 +4.4005e-01 +1.0654e+00 -2.4173e+00 -7.7813e-01
290 0 +8.145260115e+00 +6.052601147e-01 +6.052601147e-01 +1.4663e+00 +4.2704e-01 +1.2584e+00 -2.5403e+00 -1.0066e+00
291 0 +7.888684518e+00 +3.486845180e-01 +3.486845180e-01 +1.3182e+00 +5.1779e-01 +1.2746e+00 -2.5918e+00 -9.3523e-01
299 0 +6.636616033e+00 -9.033839671e-01 -9.033839671e-01 +1.4475e+00 +4.1394e-01 +1.1764e+00 -2.4680e+00 -6.9764e-01
302 0 +5.528347431e+00 -2.011652569e+00 -2.011652569e+00 +1.3577e+00 +4.8825e-01 +1.2314e+00 -2.3992e+00 -8.4319e-01
310 0 +5.159670584e+00 -2.380329416e+00 -2.380329416e+00 +1.5451e+00 +3.7222e-01 +1.2710e+00 -2.5614e+00 -7.5836e-01
330 0 +5.066873934e+00 -2.473126066e+00 -2.473126066e+00 +1.7422e+00 +4.7293e-01 +1.1908e+00 -2.4104e+00 -8.6924e-01
352 0 +4.380511818e+00 -3.159488182e+00 -3.159488182e+00 +1.4679e+00 +3.6100e-01 +1.2878e+00 -2.4965e+00 -8.4298e-01
363 0 +4.132101341e+00 -3.407898659e+00 -3.407898659e+00 +1.9297e+00 +5.1090e-01 +1.3467e+00 -2.4601e+00 -7.4262e-01
370 0 +3.249609548e+00 -4.290390452e+00 -4.290390452e+00 +2.0012e+00 +5.7187e-01 +1.3640e+00 -2.4442e+00 -8.3089e-01
395 0 +3.064112280e+00 -4.475887720e+00 -4.475887720e+00 +2.0091e+00 +6.1864e-01 +1.3607e+00 -2.4958e+00 -8.4264e-01
401 0 +2.879179021e+00 -4.660820979e+00 -4.660820979e+00 +2.1052e+00 +6.9203e-01 +1.3719e+00 -2.3998e+00 -7.9119e-01
417 0 +2.684751562e+00 -4.855248438e+00 -4.855248438e+00 +2.2529e+00 +8.1962e-01 +1.4698e+00 -2.4901e+00 -8.1547e-01
453 0 +2.399605334e+00 -5.140394666e+00 -5.140394666e+00 +2.1837e+00 +7.5545e-01 +1.3944e+00 -2.4247e+00 -8.2156e-01
469 0 +2.291367260e+00 -5.248632740e+00 -5.248632740e+00 +2.1805e+00 +7.8015e-01 +1.4526e+00 -2.4685e+00 -8.1789e-01
477 0 +2.264766928e+00 -5.275233072e+00 -5.275233072e+00 +2.1969e+00 +8.1330e-01 +1.4385e+00 -2.4332e+00 -7.7747e-01
504 0 +2.264766928e+00 -5.275233072e+00 -5.275233072e+00 +2.1969e+00 +8.1330e-01 +1.4385e+00 -2.4332e+00 -7.7747e-01
