% f evaluations | g evaluations | best noise-free fitness - Fopt (-1.694000000000e+01) + sum g_i+ | measured fitness | best measured fitness or single-digit g-values | x1 | x2...
1 0 +5.068088580e+01 +3.374088580e+01 +3.374088580e+01 -1.5266e-01 -2.9230e-01 -2.2724e-01 -4.9545e-02 -3.0033e-02
14 0 +4.968245117e+01 +3.274245117e+01 +3.274245117e+01 -2.2018e-02 -4.0735e-02 -1.7323e-01 +2.5107e-01 -8.2010e-01
15 0 +4.095756858e+01 +2.401756858e+01 +2.401756858e+01 -8.5210e-02 -1.4200e-01 -3.1225e-02 -9.8721e-02 +7.4846e-02
114 0 +4.049022556e+01 +2.355022556e+01 +2.355022556e+01 -2.8588e-01 -1.9768e-01 +1.1189e-01 +2.3292e-01 -4.8242e-01
126 0 +3.834939283e+01 +2.140939283e+01 +2.140939283e+01 -2.5846e-01 -2.6747e-01 +1.4226e-01 +2.3795e-01 -3.8565e-01
199 0 +3.798053768e+01 +2.104053768e+01 +2.104053768e+01 -1.9912e-01 -3.1078e-02 +1.9225e-01 +4.9583e-02 -3.2609e-01
365 0 +3.703789239e+01 +2.009789239e+01 +2.009789239e+01 -1.8776e-01 -1.1716e-02 +2.4930e-01 +6.8854e-02 -3.3774e-01
504 0 +3.697596425e+01 +2.003596425e+01 +2.003596425e+01 -2.1929e-01 -1.1355e-01 +2.0366e-01 +1.4919e-01 -3.8267e-01
% f evaluations | g evaluations | best noise-free fitness - Fopt (1.881000000000e+01) + sum g_i+ | measured fitness | best measured fitness or single-digit g-values | x1 | x2...
1 0 +2.019121360e+01 +3.900121360e+01 +3.900121360e+01 -1.7392e-01 +2.6771e-01 -2.5316e-01 -3.5933e-02 +4.1891e-02
2 0 +1.553455987e+01 +3.434455987e+01 +3.434455987e+01 -5.0378e-01 -1.8931e-01 -3.9033e-01 +3.0998e-01 +4.9250e-01
12 0 +1.442991346e+01 +3.323991346e+01 +3.323991346e+01 -4.7443e-01 +4.4730e-01 -1.0021e+00 +3.1285e-01 +2.2132e-01
15 0 +1.117835858e+01 +2.998835858e+01 +2.998835858e+01 -8.2540e-01 +4.4831e-01 -1.5317e-01 -1.4499e-01 +6.2881e-02
18 0 +9.563291568e+00 +2.837329157e+01 +2.837329157e+01 -8.5105e-01 +5.7062e-01 -8.6804e-01 +3.7797e-01 +2.4397e-01
28 0 +8.683485873e+00 +2.749348587e+01 +2.749348587e+01 -3.9527e-01 -1.6894e-01 -1.4103e+00 +6.1410e-01 +9.2251e-01
41 0 +7.593824412e+00 +2.640382441e+01 +2.640382441e+01 -9.2613e-02 +2.6457e-01 -1.2351e+00 +3.2110e-01 +1.0737e+00
74 0 +6.669536707e+00 +2.547953671e+01 +2.547953671e+01 -8.8993e-01 +6.2889e-01 -1.4835e+00 +4.0834e-01 +1.0256e+00
104 0 +4.022701463e+00 +2.283270146e+01 +2.283270146e+01 -5.0341e-01 +4.3093e-01 -9.6286e-01 -4.4334e-02 +9.3848e-01
137 0 +3.619415825e+00 +2.242941582e+01 +2.242941582e+01 -7.9566e-01 +1.2215e+00 -1.0463e+00 +5.4194e-01 +4.2971e-01
153 0 +3.185906477e+00 +2.199590648e+01 +2.199590648e+01 -1.0085e+00 +9.1160e-01 -1.3569e+00 +1.0303e+00 +2.3191e-01
185 0 +2.487291677e+00 +2.129729168e+01 +2.129729168e+01 -7.4347e-01 +2.2348e+00 -1.0738e+00 +1.1623e+00 +3.1788e-01
256 0 +2.166577180e+00 +2.097657718e+01 +2.097657718e+01 -5.8190e-01 +1.8935e+00 -1.0227e+00 +5.9639e-01 +8.3283e-01
273 0 +1.628074676e+00 +2.043807468e+01 +2.043807468e+01 -5.9953e-01 +1.3849e+00 -1.0922e+00 +4.2195e-01 +1.0433e+00
279 0 +1.513598261e+00 +2.032359826e+01 +2.032359826e+01 -5.3974e-01 +1.9163e+00 -9.9695e-01 +6.8317e-01 +9.2226e-01
296 0 +1.276745315e+00 +2.008674532e+01 +2.008674532e+01 -6.0261e-01 +2.0152e+00 -1.0704e+00 +8.0120e-01 +8.8401e-01
311 0 +1.083917221e+00 +1.989391722e+01 +1.989391722e+01 -4.4438e-01 +2.0181e+00 -9.9474e-01 +5.5380e-01 +1.0469e+00
327 0 +6.779967106e-01 +1.948799671e+01 +1.948799671e+01 -3.8501e-01 +2.0206e+00 -9.4712e-01 +3.8037e-01 +1.2438e+00
353 0 +3.513755723e-01 +1.916137557e+01 +1.916137557e+01 -2.8658e-01 +2.0682e+00 -9.1511e-01 +2.8757e-01 +1.3552e+00
443 0 +2.061995984e-01 +1.901619960e+01 +1.901619960e+01 -2.0908e-01 +1.7427e+00 -8.2210e-01 -4.4936e-02 +1.6655e+00
456 0 +1.456209784e-01 +1.895562098e+01 +1.895562098e+01 -1.9146e-01 +1.7501e+00 -8.1478e-01 -6.4444e-02 +1.6828e+00
504 0 +1.456209784e-01 +1.895562098e+01 +1.895562098e+01 -1.9146e-01 +1.7501e+00 -8.1478e-01 -6.4444e-02 +1.6828e+00
% f evaluations | g evaluations | best noise-free fitness - Fopt (2.731500000000e+02) + sum g_i+ | measured fitness | best measured fitness or single-digit g-values | x1 | x2...
1 0 +8.191884830e+01 +3.550688483e+02 +3.550688483e+02 +3.0144e-01 +6.6065e-02 +1.5289e-01 +1.8188e-01 +2.6764e-01
2 0 +6.150076880e+01 +3.346507688e+02 +3.346507688e+02 +2.3985e-01 -1.8927e-01 -3.6276e-01 -1.2644e-02 +1.3196e-01
4 0 +5.195564503e+01 +3.251056450e+02 +3.251056450e+02 +6.9265e-02 -1.8716e-01 +1.3460e-01 -2.5702e-01 +3.3999e-01
6 0 +4.920194771e+01 +3.223519477e+02 +3.223519477e+02 +6.1674e-02 -1.8647e-01 -1.1700e-01 -9.5725e-02 +1.9566e-01
22 0 +4.392079788e+01 +3.170707979e+02 +3.170707979e+02 -5.9535e-02 +2.0138e-01 +7.4095e-02 -4.2446e-02 +3.8092e-02
30 0 +4.224112839e+01 +3.153911284e+02 +3.153911284e+02 +3.5980e-01 +2.3624e-01 -6.5185e-02 +8.3963e-02 +3.5139e-02
41 0 +4.103342882e+01 +3.141834288e+02 +3.141834288e+02 +3.0835e-01 +3.8645e-01 -2.6247e-01 -1.8885e-01 -1.0688e-01
50 0 +3.609179508e+01 +3.092417951e+02 +3.092417951e+02 +4.7341e-01 +2.8008e-01 -4.5027e-01 -7.1750e-01 -3.5562e-02
55 0 +3.359891330e+01 +3.067489133e+02 +3.067489133e+02 -3.0341e-01 +8.7221e-01 +7.3419e-03 -4.2586e-01 -1.4739e-01
201 0 +2.961635032e+01 +3.027663503e+02 +3.027663503e+02 -2.3627e-02 +7.9322e-01 +1.4010e+00 +6.0626e-01 +8.3500e-01
216 0 +2.469987059e+01 +2.978498706e+02 +2.978498706e+02 +1.9127e-01 +8.5593e-01 +1.3585e+00 +3.8016e-01 +8.3745e-01
318 0 +2.426328560e+01 +2.974132856e+02 +2.974132856e+02 -1.0904e-01 +8.5012e-01 +1.4905e+00 +5.5975e-01 +8.6299e-01
331 0 +2.339173630e+01 +2.965417363e+02 +2.965417363e+02 +1.2544e-01 +8.4554e-01 +1.4358e+00 +4.8147e-01 +8.2495e-01
442 0 +2.282950806e+01 +2.959795081e+02 +2.959795081e+02 +3.5168e-01 +8.5721e-01 +1.2742e+00 +3.5637e-01 +7.9442e-01
504 0 +2.276159941e+01 +2.959115994e+02 +2.959115994e+02 +2.7615e-01 +8.3664e-01 +1.3179e+00 +4.0111e-01 +8.1072e-01
% f evaluations | g evaluations | best noise-free fitness - Fopt (3.718000000000e+01) + sum g_i+ | measured fitness | best measured fitness or single-digit g-values | x1 | x2...
1 0 +1.127165178e+02 +1.498965178e+02 +1.498965178e+02 -4.0003e-01 +6.0338e-01 +9.3094e-02 -3.7316e-01 +5.2748e-01
4 0 +1.079169925e+02 +1.450969925e+02 +1.450969925e+02 -1.4673e-01 +1.6272e-01 +3.8252e-01 +2.1158e-01 -2.6016e-02
5 0 +8.441894027e+01 +1.215989403e+02 +1.215989403e+02 +4.2750e-01 +4.0879e-01 +7.2558e-02 -6.9396e-01 -3.4484e-02
7 0 +8.225290721e+01 +1.194329072e+02 +1.194329072e+02 +2.6645e-01 -1.7309e-01 +1.1617e-01 -4.4648e-01 +2.0723e-01
10 0 +7.314909764e+01 +1.103290976e+02 +1.103290976e+02 -9.0178e-02 +2.1878e-01 +6.6009e-01 -1.3909e-01 +2.6320e-01
51 0 +6.324909447e+01 +1.004290945e+02 +1.004290945e+02 +2.7385e-01 -9.3163e-02 +8.6140e-01 -2.3472e-01 -6.7820e-02
71 0 +5.217785411e+01 +8.935785411e+01 +8.935785411e+01 +2.0653e-01 +3.1659e-01 +9.2438e-01 -5.4092e-01 -2.4498e-01
81 0 +4.207733981e+01 +7.925733981e+01 +7.925733981e+01 -3.8881e-01 +9.3020e-01 +2.0204e+00 -3.3305e-01 +6.9571e-01
120 0 +2.337822738e+01 +6.055822738e+01 +6.055822738e+01 -4.8420e-02 +2.0400e+00 +3.6352e+00 -7.5861e-01 -8.2860e-01
164 0 +2.042672614e+01 +5.760672614e+01 +5.760672614e+01 -1.3005e+00 +1.8837e+00 +1.3802e+00 +1.0089e+00 -3.2368e+00
173 0 +1.882074476e+01 +5.600074476e+01 +5.600074476e+01 -1.5843e+00 +3.5485e+00 +4.4816e+00 +1.7261e-01 -2.3172e+00
178 0 +1.033790788e+01 +4.751790788e+01 +4.751790788e+01 -1.9853e+00 +2.6844e+00 +2.1731e+00 +1.5816e+00 -2.9842e+00
191 0 +9.502666568e+00 +4.668266657e+01 +4.668266657e+01 -2.6488e+00 +3.0414e-02 +1.7773e+00 +1.9827e+00 -4.2004e+00
195 0 +8.605955222e+00 +4.578595522e+01 +4.578595522e+01 -3.0768e+00 +1.0601e+00 +1.9316e+00 +2.1237e+00 -4.9931e+00
206 0 +5.996108696e+00 +4.317610870e+01 +4.317610870e+01 -3.7317e+00 +1.6588e+00 +1.9087e+00 +1.7619e+00 -2.8036e+00
291 0 +5.803642752e+00 +4.298364275e+01 +4.298364275e+01 -3.6556e+00 +1.9050e+00 +1.9983e+00 +1.4781e+00 -2.3694e+00
302 0 +4.979271548e+00 +4.215927155e+01 +4.215927155e+01 -3.4089e+00 +1.9238e+00 +2.0026e+00 +9.8678e-01 -3.3979e+00
304 0 +2.762303761e+00 +3.994230376e+01 +3.994230376e+01 -3.5504e+00 +1.8758e+00 +2.0712e+00 +1.4213e+00 -3.1884e+00
373 0 +2.386437739e+00 +3.956643774e+01 +3.956643774e+01 -3.9668e+00 +1.9417e+00 +1.4393e+00 +1.4909e+00 -3.4672e+00
396 0 +1.901898403e+00 +3.908189840e+01 +3.908189840e+01 -4.3045e+00 +2.1408e+00 +1.5498e+00 +1.7889e+00 -3.5614e+00
404 0 +9.377397661e-01 +3.811773977e+01 +3.811773977e+01 -4.4750e+00 +2.1942e+00 +1.2558e+00 +1.7734e+00 -3.7140e+00
441 0 +8.188849477e-01 +3.799888495e+01 +3.799888495e+01 -4.3402e+00 +2.1573e+00 +1.3751e+00 +1.8029e+00 -3.6968e+00
476 0 +5.164457796e-01 +3.769644578e+01 +3.769644578e+01 -4.2990e+00 +2.0587e+00 +1.4064e+00 +1.7720e+00 -3.6815e+00
504 0 +5.144279733e-01 +3.769442797e+01 +3.769442797e+01 -4.4733e+00 +2.1815e+00 +1.2434e+00 +1.8160e+00 -3.7392e+00
% f evaluations | g evaluations | best noise-free fitness - Fopt (-1.479000000000e+02) + sum g_i+ | measured fitness | best measured fitness or single-digit g-values | x1 | x2...
1 0 +4.368763059e+01 -1.042123694e+02 -1.042123694e+02 -2.4399e-01 +2.7846e-02 +2.6977e-01 -2.4000e-01 +1.3173e-01
5 0 +3.135175110e+01 -1.165482489e+02 -1.165482489e+02 -2.1752e-01 -8.0001e-02 +1.8575e-01 -9.0143e-02 +2.3602e-01
11 0 +2.854959768e+01 -1.193504023e+02 -1.193504023e+02 -6.9887e-02 -2.5613e-01 +3.6983e-01 -3.7948e-01 +1.7056e-01
27 0 +2.663012508e+01 -1.212698749e+02 -1.212698749e+02 -6.7700e-01 +1.9471e-01 -1.2999e-01 -3.5306e-01 -2.2746e-01
54 0 +2.028198007e+01 -1.276180199e+02 -1.276180199e+02 -8.3261e-01 +5.2467e-01 +3.0445e-01 -2.4706e-01 -4.3116e-01
57 0 +1.897319966e+01 -1.289268003e+02 -1.289268003e+02 -9.4455e-01 +3.8911e-01 +4.9597e-02 +3.2959e-01 -1.1866e+00
75 0 +1.495078740e+01 -1.329492126e+02 -1.329492126e+02 -1.2401e+00 -8.1828e-02 +1.1827e+00 -1.2858e+00 -1.8322e+00
76 0 +1.307010602e+01 -1.348298940e+02 -1.348298940e+02 -9.1280e-01 -6.3841e-01 +6.6051e-01 -6.2708e-01 -1.1202e+00
95 0 +5.895026035e+00 -1.420049740e+02 -1.420049740e+02 -1.0684e+00 +2.4473e-01 +1.0359e+00 -1.3025e+00 -2.7330e+00
121 0 +3.375530345e+00 -1.445244697e+02 -1.445244697e+02 -1.7109e+00 -5.1260e-02 +1.5100e+00 -2.0553e+00 -3.2718e+00
211 0 +3.264749129e+00 -1.446352509e+02 -1.446352509e+02 -1.6366e+00 -4.6537e-01 +1.6721e+00 -1.9656e+00 -2.4804e+00
213 0 +2.657180862e+00 -1.452428191e+02 -1.452428191e+02 -1.8343e+00 -1.4164e-01 +1.7715e+00 -1.7601e+00 -2.9220e+00
222 0 +2.484814994e+00 -1.454151850e+02 -1.454151850e+02 -1.7629e+00 -1.4971e-01 +1.7586e+00 -1.7337e+00 -2.6498e+00
227 0 +2.225442728e+00 -1.456745573e+02 -1.456745573e+02 -1.7700e+00 -4.5784e-01 +1.7883e+00 -1.8959e+00 -2.6141e+00
254 0 +1.885671558e+00 -1.460143284e+02 -1.460143284e+02 -1.5957e+00 -4.8318e-01 +1.8655e+00 -1.8910e+00 -2.8844e+00
261 0 +1.673979146e+00 -1.462260209e+02 -1.462260209e+02 -1.6584e+00 -2.2428e-01 +1.9650e+00 -1.7293e+00 -2.5652e+00
340 0 +1.470021735e+00 -1.464299783e+02 -1.464299783e+02 -1.6652e+00 -3.2982e-01 +2.0438e+00 -1.5827e+00 -2.6150e+00
347 0 +1.178403813e+00 -1.467215962e+02 -1.467215962e+02 -1.7254e+00 -2.8842e-01 +1.9366e+00 -1.6257e+00 -2.6165e+00
349 0 +9.743149125e-01 -1.469256851e+02 -1.469256851e+02 -1.7353e+00 -2.7519e-01 +2.0205e+00 -1.7156e+00 -2.7069e+00
362 0 +4.440448676e-01 -1.474559551e+02 -1.474559551e+02 -1.6239e+00 -3.4079e-01 +2.0307e+00 -1.7442e+00 -2.7788e+00
504 0 +4.440448676e-01 -1.474559551e+02 -1.474559551e+02 -1.6239e+00 -3.4079e-01 +2.0307e+00 -1.7442e+00 -2.7788e+00
% f evaluations | g evaluations | best noise-free fitness - Fopt (4.817100000000e+02) + sum g_i+ | measured fitness | best measured fitness or single-digit g-values | x1 | x2...
1 0 +5.922056750e+01 +5.409305675e+02 +5.409305675e+02 +1.4589e-01 -1.2300e-01 +1.6898e-01 +1.0855e-01 -3.7146e-01
42 0 +4.859147825e+01 +5.303014782e+02 +5.303014782e+02 +3.9687e-01 +1.5485e-02 +1.0162e-01 +2.8870e-01 -1.4916e-01
63 0 +3.784755851e+01 +5.195575585e+02 +5.195575585e+02 +9.2008e-01 -1.1918e-01 -1.2659e-01 +1.9063e-01 -6.0048e-02
112 0 +3.644416410e+01 +5.181541641e+02 +5.181541641e+02 +7.6367e-01 -2.9016e-01 +2.6687e-01 +4.3172e-01 -3.5076e-01
204 0 +3.554071800e+01 +5.172507180e+02 +5.172507180e+02 +8.6301e-01 -4.6059e-01 +5.6321e-02 +2.2245e-01 -3.6898e-01
235 0 +3.318847263e+01 +5.148984726e+02 +5.148984726e+02 +9.0244e-01 -4.8470e-01 -2.7296e-02 +1.6269e-01 -4.4599e-01
327 0 +3.297151958e+01 +5.146815196e+02 +5.146815196e+02 +8.6204e-01 -4.6620e-01 +6.5384e-02 +2.2536e-01 -4.1796e-01
504 0 +3.272748173e+01 +5.144374817e+02 +5.144374817e+02 +8.7276e-01 -4.5671e-01 +7.2247e-02 +2.2780e-01 -4.1014e-01
% f evaluations | g evaluations | best noise-free fitness - Fopt (-3.646000000000e+01) + sum g_i+ | measured fitness | best measured fitness or single-digit g-values | x1 | x2...
1 0 +4.495901530e+01 +8.499015305e+00 +8.499015305e+00 +1.4257e-03 -4.3138e-03 -4.1534e-01 +7.2908e-01 +1.1347e-01
2 0 +3.714006231e+01 +6.800623095e-01 +6.800623095e-01 -2.1135e-01 -3.0961e-01 +2.6534e-01 -6.1968e-01 +6.0019e-02
3 0 +3.442718380e+01 -2.032816204e+00 -2.032816204e+00 -1.0399e-04 +1.1479e-01 +1.0660e-01 -3.8517e-01 -9.6088e-02
4 0 +2.322526294e+01 -1.323473706e+01 -1.323473706e+01 -1.4650e-01 +9.5601e-02 -2.4074e-01 -4.0147e-02 -2.6522e-01
38 0 +1.864150748e+01 -1.781849252e+01 -1.781849252e+01 +3.3654e-01 -9.8081e-02 +3.4665e-01 -2.8582e-03 -1.3741e-01
76 0 +1.767070726e+01 -1.878929274e+01 -1.878929274e+01 -2.8625e-01 -9.9256e-01 +2.2930e-01 +9.4732e-02 -5.8374e-01
92 0 +1.261278813e+01 -2.384721187e+01 -2.384721187e+01 -1.3990e+00 -1.2304e+00 +5.8480e-01 +5.6682e-01 -5.6745e-01
136 0 +9.980534938e+00 -2.647946506e+01 -2.647946506e+01 -1.3189e+00 -2.0027e+00 +6.7165e-01 +3.3348e-01 -7.7979e-01
176 0 +8.936261618e+00 -2.752373838e+01 -2.752373838e+01 -3.9513e-01 -1.6480e+00 +7.7605e-01 -1.4889e-01 -5.2333e-01
196 0 +6.946453124e+00 -2.951354688e+01 -2.951354688e+01 -6.2482e-01 -1.5955e+00 +7.2429e-01 -1.7787e-01 -1.7778e-01
366 0 +6.576781002e+00 -2.988321900e+01 -2.988321900e+01 -7.3299e-01 -1.6390e+00 +8.6780e-01 +4.2406e-03 -5.3634e-01
399 0 +5.891640466e+00 -3.056835953e+01 -3.056835953e+01 -6.0686e-01 -1.6177e+00 +8.5080e-01 -1.0405e-01 -4.9276e-01
434 0 +5.864652778e+00 -3.059534722e+01 -3.059534722e+01 -5.8784e-01 -1.6143e+00 +8.3943e-01 -1.1396e-01 -4.7525e-01
504 0 +5.842145560e+00 -3.061785444e+01 -3.061785444e+01 -6.1859e-01 -1.6252e+00 +8.5599e-01 -6.8415e-02 -5.0758e-01
% f evaluations | g evaluations | best noise-free fitness - Fopt (3.920000000000e+01) + sum g_i+ | measured fitness | best measured fitness or single-digit g-values | x1 | x2...
1 0 +5.791657764e+01 +9.711657764e+01 +9.711657764e+01 -9.9892e-02 +2.5394e-01 -5.0516e-01 +1.8346e-01 +1.8102e-01
2 0 +4.916119016e+01 +8.836119016e+01 +8.836119016e+01 -1.4746e-01 -1.6910e-02 -2.4548e-01 -2.0805e-01 -1.7098e-01
6 0 +4.605043144e+01 +8.525043144e+01 +8.525043144e+01 -1.5497e-01 -1.3527e-02 -1.6460e-01 -4.4624e-02 -1.8787e-01
17 0 +4.108856036e+01 +8.028856036e+01 +8.028856036e+01 +1.0499e-01 +6.1050e-01 -2.3645e-01 +2.3668e-01 +4.6396e-01
46 0 +3.493729781e+01 +7.413729781e+01 +7.413729781e+01 +5.7690e-01 +8.5624e-01 +4.5053e-01 +6.4359e-01 +1.7989e-01
49 0 +3.261099673e+01 +7.181099673e+01 +7.181099673e+01 +4.4502e-01 +1.4209e+00 +8.9481e-01 +1.1759e+00 +1.4843e-01
63 0 +1.984668926e+01 +5.904668926e+01 +5.904668926e+01 +6.3993e-01 +2.1157e+00 +1.4227e+00 +6.7334e-01 +8.1750e-01
76 0 +1.590356626e+01 +5.510356626e+01 +5.510356626e+01 +1.2620e+00 +2.6730e+00 +1.8139e+00 +1.4696e+00 +1.4023e+00
117 0 +1.565459071e+01 +5.485459071e+01 +5.485459071e+01 +1.2689e+00 +2.0894e+00 +2.5175e+00 +1.0565e+00 +1.9650e+00
138 0 +1.492751025e+01 +5.412751025e+01 +5.412751025e+01 +1.2767e+00 +2.6113e+00 +2.8372e+00 +9.5973e-01 +2.6657e+00
140 0 +1.293187767e+01 +5.213187767e+01 +5.213187767e+01 +1.0999e+00 +2.8145e+00 +2.7610e+00 +1.6245e+00 +2.3698e+00
147 0 +1.054510731e+01 +4.974510731e+01 +4.974510731e+01 +1.1537e+00 +3.2937e+00 +3.0533e+00 +1.3891e+00 +3.3138e+00
190 0 +8.721219668e+00 +4.792121967e+01 +4.792121967e+01 +1.0307e+00 +3.0416e+00 +1.8776e+00 +1.2722e+00 +3.9586e+00
293 0 +6.720830442e+00 +4.592083044e+01 +4.592083044e+01 +1.0633e+00 +2.6413e+00 +1.7697e+00 +1.7831e+00 +3.8389e+00
298 0 +6.449224108e+00 +4.564922411e+01 +4.564922411e+01 +1.4539e+00 +2.7155e+00 +2.7651e+00 +1.3491e+00 +3.8270e+00
319 0 +4.820334211e+00 +4.402033421e+01 +4.402033421e+01 +1.4029e+00 +2.8777e+00 +2.6661e+00 +1.3341e+00 +3.7525e+00
357 0 +4.037888129e+00 +4.323788813e+01 +4.323788813e+01 +1.3336e+00 +2.7341e+00 +2.4844e+00 +1.3885e+00 +3.7530e+00
375 0 +2.425865694e+00 +4.162586569e+01 +4.162586569e+01 +1.2236e+00 +2.6893e+00 +2.4644e+00 +1.4218e+00 +3.8825e+00
504 0 +2.408429795e+00 +4.160842979e+01 +4.160842979e+01 +1.2126e+00 +2.6880e+00 +2.4772e+00 +1.4041e+00 +3.8925e+00
% f evaluations | g evaluations | best noise-free fitness - Fopt (-3.225000000000e+01) + sum g_i+ | measured fitness | best measured fitness or single-digit g-values | x1 | x2...
1 0 +5.565858973e+01 +2.340858973e+01 +2.340858973e+01 +1.1278e-01 -5.9011e-02 -3.2558e-01 +3.7507e-01 +4.4388e-01
38 0 +4.914456948e+01 +1.689456948e+01 +1.689456948e+01 +1.9312e-02 -1.1316e+00 +8.8586e-02 -3.7750e-01 -1.1600e-01
63 0 +4.361048679e+01 +1.136048679e+01 +1.136048679e+01 +5.3721e-01 -1.6958e+00 -1.4319e-01 -3.4019e-01 +1.6604e-01
90 0 +4.233919310e+01 +1.008919310e+01 +1.008919310e+01 +1.1425e+00 -7.7830e-01 -1.0013e+00 -4.4263e-01 +4.5897e-01
133 0 +3.241840038e+01 +1.684003819e-01 +1.684003819e-01 +1.4593e+00 -2.8271e+00 -3.4057e-01 +5.0559e-02 +1.3884e+00
190 0 +3.175564269e+01 -4.943573092e-01 -4.943573092e-01 +2.1339e+00 -2.1003e+00 -9.9529e-01 -2.2947e-01 +1.4894e+00
217 0 +3.161975397e+01 -6.302460304e-01 -6.302460304e-01 +1.8825e+00 -9.9811e-01 -1.2050e+00 -1.9717e-01 +1.1878e+00
224 0 +3.017410102e+01 -2.075898976e+00 -2.075898976e+00 +1.8988e+00 -2.2251e+00 -2.7114e-01 -3.0490e-02 +1.2844e+00
244 0 +2.864418263e+01 -3.605817367e+00 -3.605817367e+00 +2.8970e+00 -1.8358e+00 -1.0201e+00 +7.4676e-01 +1.9860e+00
281 0 +2.110425029e+01 -1.114574971e+01 -1.114574971e+01 +2.4857e+00 -1.1689e+00 -1.2781e+00 +2.8439e-03 +1.5766e+00
465 0 +1.970633876e+01 -1.254366124e+01 -1.254366124e+01 +4.8540e+00 +6.7975e-01 -2.5246e+00 -7.1109e-01 +2.3970e+00
485 0 +1.488185535e+01 -1.736814465e+01 -1.736814465e+01 +5.2636e+00 +1.4724e+00 -2.3854e+00 -1.7738e-01 +2.5237e+00
504 0 +1.488185535e+01 -1.736814465e+01 -1.736814465e+01 +5.2636e+00 +1.4724e+00 -2.3854e+00 -1.7738e-01 +2.5237e+00
% f evaluations | g evaluations | best noise-free fitness - Fopt (3.681200000000e+02) + sum g_i+ | measured fitness | best measured fitness or single-digit g-values | x1 | x2...
1 0 +4.318096860e+01 +4.113009686e+02 +4.113009686e+02 -3.9765e-01 -6.3571e-02 -2.8993e-02 +2.9116e-01 +2.1377e-01
4 0 +3.639583667e+01 +4.045158367e+02 +4.045158367e+02 +1.3719e-01 +1.2093e-03 -3.9868e-02 +4.7975e-01 +2.9592e-01
7 0 +2.743267393e+01 +3.955526739e+02 +3.955526739e+02 +9.3273e-02 -1.0087e-01 -2.6645e-01 +1.4438e-01 +8.7850e-02
8 0 +2.388642893e+01 +3.920064289e+02 +3.920064289e+02 -4.6799e-01 +1.4666e-01 -6.7326e-02 -1.2482e-01 -7.8242e-02
21 0 +2.127043710e+01 +3.893904371e+02 +3.893904371e+02 -5.3571e-01 -1.9038e-01 +3.5471e-02 -1.8592e-01 -2.2296e-01
34 0 +2.048536562e+01 +3.886053656e+02 +3.886053656e+02 -8.3670e-01 -2.4829e-01 -1.9202e-01 +1.0262e-01 -1.0027e-01
61 0 +1.754601415e+01 +3.856660141e+02 +3.856660141e+02 -7.0749e-01 -2.7858e-01 +1.0729e-01 -3.8801e-01 -2.4555e-02
65 0 +1.664461654e+01 +3.847646165e+02 +3.847646165e+02 -9.5124e-01 -3.7582e-01 -2.3722e-01 -6.5645e-01 -4.3853e-01
87 0 +1.421225081e+01 +3.823322508e+02 +3.823322508e+02 -1.5069e+00 -8.6154e-01 -6.1322e-02 -7.3396e-01 -1.1331e-01
102 0 +1.309913558e+01 +3.812191356e+02 +3.812191356e+02 -1.5944e+00 -9.5742e-01 +1.2415e-01 -8.2976e-01 -1.0318e-01
117 0 +1.272784674e+01 +3.808478467e+02 +3.808478467e+02 -2.3626e+00 -1.2398e+00 +1.1190e-01 -1.2720e+00 -7.4888e-01
122 0 +9.684182243e+00 +3.778041822e+02 +3.778041822e+02 -2.0205e+00 -1.5141e+00 +6.0936e-01 -1.2936e+00 -4.7340e-01
134 0 +8.711525034e+00 +3.768315250e+02 +3.768315250e+02 -2.4116e+00 -1.3461e+00 +5.6859e-03 -1.5363e+00 -3.5124e-01
161 0 +7.099495104e+00 +3.752194951e+02 +3.752194951e+02 -2.9194e+00 -1.6846e+00 +4.7378e-01 -1.5495e+00 -5.4469e-01
182 0 +5.715655500e+00 +3.738356555e+02 +3.738356555e+02 -2.3381e+00 -1.4044e+00 +5.7794e-01 -1.4340e+00 -5.7850e-01
192 0 +3.051063236e+00 +3.711710632e+02 +3.711710632e+02 -2.6813e+00 -1.5763e+00 +6.9682e-01 -2.1074e+00 -6.2801e-01
218 0 +2.022507337e+00 +3.701425073e+02 +3.701425073e+02 -2.3102e+00 -1.4627e+00 +6.7907e-01 -2.2145e+00 -4.9464e-01
281 0 +1.939738551e+00 +3.700597386e+02 +3.700597386e+02 -2.4131e+00 -1.7438e+00 +6.4697e-01 -2.5389e+00 -7.6777e-01
283 0 +1.864462921e+00 +3.699844629e+02 +3.699844629e+02 -2.3961e+00 -1.4882e+00 +4.8497e-01 -2.3843e+00 -6.4373e-01
290 0 +1.386802447e+00 +3.695068024e+02 +3.695068024e+02 -2.2749e+00 -1.6952e+00 +5.6385e-01 -2.3333e+00 -5.5147e-01
302 0 +1.294263267e+00 +3.694142633e+02 +3.694142633e+02 -2.2123e+00 -1.8173e+00 +6.4311e-01 -2.4257e+00 -6.5993e-01
322 0 +7.312396061e-01 +3.688512396e+02 +3.688512396e+02 -2.4538e+00 -1.5035e+00 +4.5597e-01 -2.5822e+00 -7.3153e-01
395 0 +6.928278830e-01 +3.688128279e+02 +3.688128279e+02 -2.3894e+00 -1.5065e+00 +5.8706e-01 -2.4253e+00 -7.4818e-01
396 0 +5.570413691e-01 +3.686770414e+02 +3.686770414e+02 -2.3780e+00 -1.5236e+00 +6.0177e-01 -2.4164e+00 -7.6559e-01
423 0 +4.012872137e-01 +3.685212872e+02 +3.685212872e+02 -2.4075e+00 -1.4445e+00 +5.9078e-01 -2.4266e+00 -7.6749e-01
426 0 +3.421097649e-01 +3.684621098e+02 +3.684621098e+02 -2.3868e+00 -1.5423e+00 +5.9416e-01 -2.4490e+00 -7.5888e-01
439 0 +3.131780109e-01 +3.684331780e+02 +3.684331780e+02 -2.3975e+00 -1.5442e+00 +5.3343e-01 -2.4894e+00 -8.1728e-01
458 0 +2.347476983e-01 +3.683547477e+02 +3.683547477e+02 -2.4585e+00 -1.3896e+00 +5.5257e-01 -2.4953e+00 -7.8626e-01
483 0 +1.877909238e-01 +3.683077909e+02 +3.683077909e+02 -2.4148e+00 -1.4084e+00 +6.1414e-01 -2.4232e+00 -7.4402e-01
504 0 +1.877909238e-01 +3.683077909e+02 +3.683077909e+02 -2.4148e+00 -1.4084e+00 +6.1414e-01 -2.4232e+00 -7.4402e-01
% f evaluations | g evaluations | best noise-free fitness - Fopt (4.739000000000e+01) + sum g_i+ | measured fitness | best measured fitness or single-digit g-values | x1 | x2...
1 0 +2.516589187e+01 +7.255589187e+01 +7.255589187e+01 -1.4096e-02 +9.8107e-02 -2.9361e-01 -3.7297e-01 +2.0459e-01
10 0 +2.041093861e+01 +6.780093861e+01 +6.780093861e+01 +2.7350e-01 +3.2893e-01 -2.1493e-01 -1.9798e-01 -8.7186e-02
27 0 +1.768364342e+01 +6.507364342e+01 +6.507364342e+01 -3.8659e-01 +1.3034e-01 -1.2318e-01 +4.2622e-01 -3.5720e-01
40 0 +1.476212127e+01 +6.215212127e+01 +6.215212127e+01 -4.3851e-01 +1.6177e-01 -2.1756e-01 +3.8775e-01 -4.2198e-01
124 0 +1.412850557e+01 +6.151850557e+01 +6.151850557e+01 -8.4796e-01 +1.1063e-01 -1.6653e+00 +1.1149e+00 -5.1628e-02
133 0 +1.373920566e+01 +6.112920566e+01 +6.112920566e+01 -9.2536e-01 -1.8271e-01 -1.8695e+00 +4.5453e-01 -1.5095e-01
136 0 +9.922906219e+00 +5.731290622e+01 +5.731290622e+01 -8.0252e-01 +2.7317e-01 -1.2944e+00 +4.3001e-01 +1.7176e-01
180 0 +8.932895342e+00 +5.632289534e+01 +5.632289534e+01 +2.6039e-01 +1.0890e+00 -1.6544e+00 +7.9794e-01 +8.3883e-01
188 0 +8.464025406e+00 +5.585402541e+01 +5.585402541e+01 +1.6423e-01 +1.3504e+00 -1.4587e+00 +9.9958e-01 +1.0288e+00
196 0 +7.819606018e+00 +5.520960602e+01 +5.520960602e+01 +1.2879e-01 +1.3278e+00 -1.0849e+00 +4.4726e-01 +5.8418e-01
203 0 +5.753008088e+00 +5.314300809e+01 +5.314300809e+01 -5.3553e-02 +2.0257e+00 -2.0909e-01 +2.2535e-01 +5.9683e-01
224 0 +2.777175824e+00 +5.016717582e+01 +5.016717582e+01 -3.1302e-01 +1.5884e+00 -1.1654e+00 +8.2774e-01 +8.7336e-01
363 0 +2.368021005e+00 +4.975802101e+01 +4.975802101e+01 +9.0805e-02 +1.9709e+00 -5.5477e-01 +7.0139e-01 +8.3805e-01
395 0 +1.721045093e+00 +4.911104509e+01 +4.911104509e+01 +2.9344e-01 +2.5256e+00 -2.9955e-01 +8.7474e-01 +7.5399e-01
411 0 +1.483308730e+00 +4.887330873e+01 +4.887330873e+01 +2.2066e-01 +2.4642e+00 -1.7159e-01 +8.0887e-01 +7.3949e-01
462 0 +1.424785820e+00 +4.881478582e+01 +4.881478582e+01 +3.6376e-01 +2.6644e+00 -7.5982e-02 +8.1988e-01 +6.9269e-01
469 0 +1.374749975e+00 +4.876474998e+01 +4.876474998e+01 +1.2814e-01 +2.3909e+00 -1.6625e-01 +7.3791e-01 +7.4689e-01
491 0 +1.339164943e+00 +4.872916494e+01 +4.872916494e+01 +1.8380e-01 +2.3994e+00 -1.9332e-01 +7.9440e-01 +7.5284e-01
504 0 +1.339164943e+00 +4.872916494e+01 +4.872916494e+01 +1.8380e-01 +2.3994e+00 -1.9332e-01 +7.9440e-01 +7.5284e-01
% f evaluations | g evaluations | best noise-free fitness - Fopt (-3.428900000000e+02) + sum g_i+ | measured fitness | best measured fitness or single-digit g-values | x1 | x2...
1 0 +1.144535053e+02 -2.284364947e+02 -2.284364947e+02 -3.5624e-01 -1.7048e-02 +2.4550e-02 +1.7096e-02 -7.8296e-02
2 0 +9.610205170e+01 -2.467879483e+02 -2.467879483e+02 +1.2834e-01 +4.4569e-01 -8.0740e-02 +2.6043e-01 -1.0002e-01
15 0 +5.055712210e+01 -2.923328779e+02 -2.923328779e+02 -9.1432e-02 -4.9148e-01 +3.0344e-01 -3.1341e-01 -2.0656e-02
34 0 +3.961337962e+01 -3.032766204e+02 -3.032766204e+02 +2.9236e-02 -1.1004e+00 +3.5297e-01 -4.5626e-02 +1.0196e-02
56 0 +2.944725901e+01 -3.134427410e+02 -3.134427410e+02 +5.0255e-02 -1.8369e+00 +7.8936e-01 +3.6554e-01 -9.3040e-02
57 0 +2.033917700e+01 -3.225508230e+02 -3.225508230e+02 +2.1782e-01 -2.5982e+00 +1.0316e+00 +1.3037e-01 -4.5435e-01
71 0 +1.780911810e+01 -3.250808819e+02 -3.250808819e+02 +3.2725e-01 -4.0093e+00 +5.8500e-01 +4.0594e-01 -2.9118e-01
75 0 +1.623429988e+01 -3.266557001e+02 -3.266557001e+02 -8.9471e-02 -3.4169e+00 -3.2362e-01 -2.5965e-01 -7.7589e-01
78 0 +1.495506140e+01 -3.279349386e+02 -3.279349386e+02 -2.3261e-01 -3.6256e+00 +1.6291e+00 -6.1489e-02 -8.9926e-01
86 0 +1.462563538e+01 -3.282643646e+02 -3.282643646e+02 +8.8517e-02 -3.4537e+00 +7.9675e-01 +8.9092e-02 -1.2469e+00
91 0 +1.362358936e+01 -3.292664106e+02 -3.292664106e+02 +4.1359e-01 -3.4656e+00 +1.6191e+00 -1.6192e-01 -1.2037e+00
105 0 +1.231754685e+01 -3.305724532e+02 -3.305724532e+02 +2.2608e-01 -2.6428e+00 +1.1751e+00 -5.9237e-01 -1.7176e+00
108 0 +9.694079780e+00 -3.331959202e+02 -3.331959202e+02 +8.2366e-01 -3.2450e+00 +1.9774e+00 -3.3353e-01 -1.9670e+00
128 0 +7.841432339e+00 -3.350485677e+02 -3.350485677e+02 +8.8686e-01 -1.9722e+00 +6.2056e-01 -1.2059e-01 -2.5498e+00
164 0 +6.810871943e+00 -3.360791281e+02 -3.360791281e+02 +1.3037e+00 -2.5608e+00 +1.7713e+00 -3.9287e-01 -2.1759e+00
169 0 +6.478546358e+00 -3.364114536e+02 -3.364114536e+02 +1.3951e+00 -2.6067e+00 +2.4446e+00 -4.4601e-02 -2.8738e+00
174 0 +5.072943391e+00 -3.378170566e+02 -3.378170566e+02 +1.6850e+00 -2.7292e+00 +2.7963e+00 -5.1104e-01 -2.3377e+00
179 0 +3.519362225e+00 -3.393706378e+02 -3.393706378e+02 +1.2296e+00 -2.5030e+00 +1.7643e+00 +1.0925e-01 -2.8853e+00
230 0 +2.648570819e+00 -3.402414292e+02 -3.402414292e+02 +1.6805e+00 -2.3690e+00 +2.5121e+00 -3.1849e-01 -2.8393e+00
256 0 +2.222337963e+00 -3.406676620e+02 -3.406676620e+02 +1.7398e+00 -2.2646e+00 +2.5116e+00 -3.2112e-01 -2.9160e+00
271 0 +2.081510975e+00 -3.408084890e+02 -3.408084890e+02 +1.8012e+00 -2.2948e+00 +2.5323e+00 -2.5548e-01 -2.9188e+00
274 0 +1.664548856e+00 -3.412254511e+02 -3.412254511e+02 +1.6507e+00 -2.3163e+00 +2.3449e+00 -1.9569e-01 -2.8572e+00
299 0 +1.613341526e+00 -3.412766585e+02 -3.412766585e+02 +1.8090e+00 -2.2464e+00 +2.4756e+00 -3.1115e-01 -2.9306e+00
302 0 +1.369328123e+00 -3.415206719e+02 -3.415206719e+02 +1.8518e+00 -2.2240e+00 +2.6009e+00 -3.1731e-01 -2.9124e+00
340 0 +1.215517913e+00 -3.416744821e+02 -3.416744821e+02 +1.7629e+00 -2.2130e+00 +2.5461e+00 -3.1143e-01 -2.9265e+00
341 0 +1.141233311e+00 -3.417487667e+02 -3.417487667e+02 +1.8133e+00 -2.2118e+00 +2.5061e+00 -2.7336e-01 -2.9357e+00
350 0 +1.065094559e+00 -3.418249054e+02 -3.418249054e+02 +1.8569e+00 -2.2240e+00 +2.5938e+00 -3.1320e-01 -2.9256e+00
360 0 +9.364233440e-01 -3.419535767e+02 -3.419535767e+02 +1.8438e+00 -2.2156e+00 +2.5568e+00 -2.6490e-01 -2.9479e+00
404 0 +8.743934661e-01 -3.420156065e+02 -3.420156065e+02 +1.8166e+00 -2.2412e+00 +2.5486e+00 -2.5948e-01 -2.9612e+00
415 0 +8.410854966e-01 -3.420489145e+02 -3.420489145e+02 +1.7785e+00 -2.2385e+00 +2.5121e+00 -2.4499e-01 -2.9617e+00
418 0 +7.614461717e-01 -3.421285538e+02 -3.421285538e+02 +1.8298e+00 -2.2248e+00 +2.5837e+00 -2.5114e-01 -2.9955e+00
452 0 +6.935224869e-01 -3.421964775e+02 -3.421964775e+02 +1.7990e+00 -2.2187e+00 +2.5085e+00 -2.3119e-01 -2.9903e+00
459 0 +6.620045932e-01 -3.422279954e+02 -3.422279954e+02 +1.8207e+00 -2.2112e+00 +2.5446e+00 -2.4304e-01 -2.9994e+00
485 0 +6.592064643e-01 -3.422307935e+02 -3.422307935e+02 +1.8221e+00 -2.2099e+00 +2.5436e+00 -2.4304e-01 -2.9988e+00
493 0 +5.926093112e-01 -3.422973907e+02 -3.422973907e+02 +1.8063e+00 -2.2173e+00 +2.5087e+00 -2.3801e-01 -2.9810e+00
502 0 +5.102370629e-01 -3.423797629e+02 -3.423797629e+02 +1.8060e+00 -2.2184e+00 +2.5185e+00 -2.4158e-01 -2.9793e+00
504 0 +5.102370629e-01 -3.423797629e+02 -3.423797629e+02 +1.8060e+00 -2.2184e+00 +2.5185e+00 -2.4158e-01 -2.9793e+00
% f evaluations | g evaluations | best noise-free fitness - Fopt (9.102000000000e+01) + sum g_i+ | measured fitness | best measured fitness or single-digit g-values | x1 | x2...
1 0 +7.933759116e+01 +1.703575912e+02 +1.703575912e+02 +2.3798e-01 -1.6945e-01 -3.9480e-02 +7.3884e-02 +3.2942e-01
3 0 +4.303385713e+01 +1.340538571e+02 +1.340538571e+02 -3.4412e-02 -7.0133e-02 +1.1834e-01 +1.8558e-01 +3.8893e-01
32 0 +3.617973941e+01 +1.271997394e+02 +1.271997394e+02 +4.5749e-01 +3.4615e-01 +3.2359e-01 -4.0514e-01 +4.7464e-01
55 0 +3.326779120e+01 +1.242877912e+02 +1.242877912e+02 +9.9123e-01 +7.7928e-01 +9.4787e-01 -1.7456e-01 +5.2848e-01
60 0 +2.683713456e+01 +1.178571346e+02 +1.178571346e+02 +1.1206e+00 +1.0616e+00 +1.1184e+00 -2.0347e-01 +9.9214e-01
71 0 +2.212864209e+01 +1.131486421e+02 +1.131486421e+02 +9.7189e-01 +7.2207e-01 +1.0266e+00 -3.4782e-01 +8.1356e-01
504 0 +2.212864209e+01 +1.131486421e+02 +1.131486421e+02 +9.7189e-01 +7.2207e-01 +1.0266e+00 -3.4782e-01 +8.1356e-01
% f evaluations | g evaluations | best noise-free fitness - Fopt (7.324200000000e+02) + sum g_i+ | measured fitness | best measured fitness or single-digit g-values | x1 | x2...
1 0 +9.614860116e+01 +8.285686012e+02 +8.285686012e+02 +1.2561e-01 -2.9497e-01 -1.1841e-01 -1.2986e-01 -9.7130e-02
2 0 +8.584062812e+01 +8.182606281e+02 +8.182606281e+02 +3.3204e-02 +2.0119e-01 +2.3207e-03 +6.0243e-03 -9.9668e-02
5 0 +5.940001304e+01 +7.918200130e+02 +7.918200130e+02 -4.6249e-01 -4.7406e-01 +9.2106e-02 -2.4587e-01 +2.3019e-01
28 0 +4.991110477e+01 +7.823311048e+02 +7.823311048e+02 +1.9993e-01 -5.6387e-02 -1.8108e-01 +2.8840e-01 -5.6625e-01
31 0 +4.406872474e+01 +7.764887247e+02 +7.764887247e+02 +2.3273e-01 -1.8224e-01 -1.2796e-01 +4.9357e-01 -8.2483e-01
52 0 +4.255215635e+01 +7.749721564e+02 +7.749721564e+02 +2.4110e-01 -3.3367e-02 +4.6833e-02 +5.0636e-01 -7.5879e-01
59 0 +4.067998203e+01 +7.730999820e+02 +7.730999820e+02 +8.8320e-01 -7.0092e-02 -1.4124e-01 -2.0963e-02 -1.0350e+00
72 0 +3.825072060e+01 +7.706707206e+02 +7.706707206e+02 +1.6618e+00 +4.5445e-02 -1.7802e-01 +4.7065e-01 -1.9150e+00
75 0 +3.250364654e+01 +7.649236465e+02 +7.649236465e+02 +1.5629e+00 +1.3944e-01 +2.1626e-01 +4.6259e-01 -1.7089e+00
87 0 +3.075432657e+01 +7.631743266e+02 +7.631743266e+02 +1.7488e+00 +3.1548e-01 +5.5993e-01 +7.1743e-01 -2.0711e+00
90 0 +1.779919772e+01 +7.502191977e+02 +7.502191977e+02 +1.6394e+00 +1.5779e-01 +3.6592e-01 +5.8089e-01 -2.2177e+00
485 0 +1.719587116e+01 +7.496158712e+02 +7.496158712e+02 +1.7685e+00 +4.3220e-01 +7.4836e-01 +1.0501e-01 -1.9655e+00
504 0 +1.719587116e+01 +7.496158712e+02 +7.496158712e+02 +1.7685e+00 +4.3220e-01 +7.4836e-01 +1.0501e-01 -1.9655e+00
% f evaluations | g evaluations | best noise-free fitness - Fopt (3.542000000000e+01) + sum g_i+ | measured fitness | best measured fitness or single-digit g-values | x1 | x2...
1 0 +1.100027939e+02 +1.454227939e+02 +1.454227939e+02 -7.3294e-01 -5.7625e-01 -6.2720e-01 +7.6787e-03 +4.5324e-01
2 0 +7.797162047e+01 +1.133916205e+02 +1.133916205e+02 +7.9010e-01 +2.9425e-01 -4.1770e-01 +1.7194e-01 +1.8515e-01
9 0 +6.924481255e+01 +1.046648126e+02 +1.046648126e+02 +6.0390e-01 +2.5682e-01 -3.4539e-01 +6.6584e-02 +6.2745e-01
10 0 +5.189863023e+01 +8.731863023e+01 +8.731863023e+01 +7.5865e-01 -2.6770e-01 -1.0861e+00 +4.4146e-02 +6.6078e-01
14 0 +4.794091179e+01 +8.336091179e+01 +8.336091179e+01 +6.0205e-01 -4.1714e-01 -8.6923e-01 +8.5152e-01 -7.9765e-02
19 0 +4.451624165e+01 +7.993624165e+01 +7.993624165e+01 +1.3631e+00 +8.0382e-01 -1.5103e+00 +5.8517e-01 +3.0428e-01
21 0 +3.356531434e+01 +6.898531434e+01 +6.898531434e+01 +6.5837e-01 -1.3978e-02 -1.6479e+00 +7.8100e-01 +1.9310e-01
27 0 +2.439641886e+01 +5.981641886e+01 +5.981641886e+01 +6.8521e-01 +1.6880e-02 -1.6462e+00 +1.8944e+00 +9.8563e-01
29 0 +2.092443951e+01 +5.634443951e+01 +5.634443951e+01 +7.6405e-01 -1.2435e-01 -1.1009e+00 +6.1470e-01 +6.3606e-01
31 0 +1.769000279e+01 +5.311000279e+01 +5.311000279e+01 +1.8781e+00 +1.4016e-01 -2.8121e+00 +2.1279e+00 +7.8696e-01
38 0 +9.458747564e+00 +4.487874756e+01 +4.487874756e+01 +1.4033e+00 -6.8870e-01 -2.4291e+00 +1.3804e+00 +1.3651e+00
111 0 +9.081476689e+00 +4.450147669e+01 +4.450147669e+01 +1.3357e+00 -1.7434e-01 -2.2141e+00 +1.5030e+00 +1.2750e+00
127 0 +6.926734629e+00 +4.234673463e+01 +4.234673463e+01 +1.0516e+00 -6.2269e-01 -1.9840e+00 +6.8629e-01 +1.4662e+00
164 0 +5.463946307e+00 +4.088394631e+01 +4.088394631e+01 +3.0524e+00 -1.4136e+00 -1.4781e+00 +1.2665e-01 +2.6920e+00
165 0 +3.175548828e+00 +3.859554883e+01 +3.859554883e+01 +2.3586e+00 -1.4266e+00 -1.2053e+00 +1.6758e-01 +2.0598e+00
206 0 +2.793487774e+00 +3.821348777e+01 +3.821348777e+01 +3.4385e+00 -1.3617e+00 -1.8007e+00 +1.5317e-01 +1.8286e+00
208 0 +2.390614281e+00 +3.781061428e+01 +3.781061428e+01 +2.6384e+00 -1.1545e+00 -1.5910e+00 +4.1869e-01 +1.8600e+00
245 0 +2.100523281e+00 +3.752052328e+01 +3.752052328e+01 +3.3378e+00 -2.0121e+00 -9.6378e-01 +5.2407e-02 +2.7157e+00
251 0 +1.913831637e+00 +3.733383164e+01 +3.733383164e+01 +3.2168e+00 -1.7503e+00 -1.0813e+00 +2.5607e-01 +2.6120e+00
263 0 +5.304742254e-01 +3.595047423e+01 +3.595047423e+01 +3.3230e+00 -2.0060e+00 -9.4563e-01 -6.6135e-02 +2.7272e+00
391 0 +5.169131493e-01 +3.593691315e+01 +3.593691315e+01 +3.3664e+00 -2.0828e+00 -8.3710e-01 -7.4617e-02 +2.8472e+00
421 0 +4.646589693e-01 +3.588465897e+01 +3.588465897e+01 +3.4197e+00 -2.1281e+00 -8.1668e-01 -1.1793e-01 +2.9069e+00
434 0 +4.222867379e-01 +3.584228674e+01 +3.584228674e+01 +3.6059e+00 -2.2483e+00 -7.5930e-01 -2.0581e-01 +3.0083e+00
438 0 +4.089005211e-01 +3.582890052e+01 +3.582890052e+01 +3.6357e+00 -2.2851e+00 -7.4050e-01 -1.6281e-01 +3.1045e+00
449 0 +3.836123407e-01 +3.580361234e+01 +3.580361234e+01 +3.6798e+00 -2.3428e+00 -7.0329e-01 -1.9449e-01 +3.1103e+00
453 0 +3.371846175e-01 +3.575718462e+01 +3.575718462e+01 +3.5419e+00 -2.2119e+00 -7.6543e-01 -1.4644e-01 +3.0057e+00
504 0 +3.371846175e-01 +3.575718462e+01 +3.575718462e+01 +3.5419e+00 -2.2119e+00 -7.6543e-01 -1.4644e-01 +3.0057e+00
