% f evaluations | g evaluations | best noise-free fitness - Fopt (3.590000000000e+01) + sum g_i+ | measured fitness | best measured fitness or single-digit g-values | x1 | x2...
1 0 +5.623862871e+04 +5.627452871e+04 +5.627452871e+04 +3.6587e-01 -2.2104e-01 -4.6900e-01 +7.8849e-01 +2.4467e-01
5 0 +3.347486884e+04 +3.351076884e+04 +3.351076884e+04 -1.9637e-01 -7.0998e-02 -4.0743e-01 +1.3410e-01 -5.4645e-01
10 0 +2.548707131e+04 +2.552297131e+04 +2.552297131e+04 -1.1574e-02 -6.4343e-01 -1.0623e-01 +1.2160e-01 -1.0932e+00
16 0 +2.294965229e+04 +2.298555229e+04 +2.298555229e+04 -3.5146e-01 -1.7924e-01 -7.4996e-01 +3.2721e-01 -8.1067e-01
17 0 +1.316139364e+04 +1.319729364e+04 +1.319729364e+04 -6.7260e-01 -1.3480e-01 -7.3683e-01 +5.6307e-01 -1.1986e+00
24 0 +7.832912598e+03 +7.868812598e+03 +7.868812598e+03 -7.5180e-01 -1.5502e-01 -6.3252e-01 +6.4274e-01 -1.5307e+00
28 0 +4.912128230e+03 +4.948028230e+03 +4.948028230e+03 -6.8624e-01 +6.8268e-02 -1.2190e+00 +7.1224e-01 -1.6276e+00
29 0 +1.949731634e+03 +1.985631634e+03 +1.985631634e+03 -7.9923e-01 -5.1223e-01 -1.5842e+00 +8.8462e-01 -2.6117e+00
32 0 +1.804844200e+03 +1.840744200e+03 +1.840744200e+03 -1.3088e+00 -9.0195e-01 -8.3318e-01 +1.9252e+00 -2.1822e+00
33 0 +1.158353802e+02 +1.517353802e+02 +1.517353802e+02 -6.5752e-01 -1.8825e+00 -1.0625e+00 +1.3694e+00 -3.2847e+00
83 0 +6.084124236e+01 +9.674124236e+01 +9.674124236e+01 +1.7002e+00 +9.2707e-01 +2.7399e+00 +4.1177e+00 -6.7213e+00
307 0 +5.504027258e+01 +9.094027258e+01 +9.094027258e+01 -6.9642e-01 +2.3168e-01 +5.1805e+00 +9.5968e-01 -4.8368e+00
314 0 +5.324756450e+01 +8.914756450e+01 +8.914756450e+01 -6.4948e-01 +2.6876e-01 +4.9093e+00 +9.3473e-01 -4.9411e+00
322 0 +4.980646420e+01 +8.570646420e+01 +8.570646420e+01 -4.8852e-01 +5.1435e-01 +4.7624e+00 +9.8267e-01 -4.8362e+00
344 0 +4.784389586e+01 +8.374389586e+01 +8.374389586e+01 -4.0020e-01 +3.4790e-01 +4.8837e+00 +9.5678e-01 -4.7018e+00
360 0 +4.585061986e+01 +8.175061986e+01 +8.175061986e+01 -3.5035e-01 +5.8599e-01 +4.7939e+00 +1.2430e+00 -4.5745e+00
362 0 +4.475958447e+01 +8.065958447e+01 +8.065958447e+01 -3.5141e-01 +5.7471e-01 +4.6758e+00 +1.3615e+00 -4.5524e+00
370 0 +4.204618899e+01 +7.794618899e+01 +7.794618899e+01 -2.4097e-01 +7.7011e-01 +4.5852e+00 +1.5077e+00 -4.2901e+00
377 0 +4.025546748e+01 +7.615546748e+01 +7.615546748e+01 -1.0212e-01 +9.1423e-01 +4.5836e+00 +1.4585e+00 -4.1080e+00
381 0 +3.954546320e+01 +7.544546320e+01 +7.544546320e+01 -1.1820e-01 +1.0222e+00 +4.4827e+00 +1.5324e+00 -4.0491e+00
382 0 +3.789846261e+01 +7.379846261e+01 +7.379846261e+01 -7.9164e-02 +1.0828e+00 +4.3728e+00 +1.6956e+00 -4.0002e+00
387 0 +3.384937181e+01 +6.974937181e+01 +6.974937181e+01 +1.9825e-01 +1.2415e+00 +4.2393e+00 +1.7591e+00 -3.7038e+00
391 0 +3.274638029e+01 +6.864638029e+01 +6.864638029e+01 +8.9712e-02 +1.2552e+00 +4.2384e+00 +1.8716e+00 -3.7925e+00
393 0 +2.826380424e+01 +6.416380424e+01 +6.416380424e+01 +1.3183e-01 +1.4528e+00 +3.9724e+00 +2.0286e+00 -3.5908e+00
397 0 +2.780159069e+01 +6.370159069e+01 +6.370159069e+01 +2.0520e-01 +1.3830e+00 +4.0857e+00 +1.9376e+00 -3.5722e+00
402 0 +2.640686592e+01 +6.230686592e+01 +6.230686592e+01 +1.1334e-01 +1.5246e+00 +3.7180e+00 +2.3204e+00 -3.4940e+00
408 0 +2.586378599e+01 +6.176378599e+01 +6.176378599e+01 +2.1103e-01 +1.5371e+00 +3.9561e+00 +2.0642e+00 -3.3838e+00
413 0 +2.381454116e+01 +5.971454116e+01 +5.971454116e+01 +4.3526e-01 +1.8320e+00 +3.7313e+00 +2.2672e+00 -3.2695e+00
417 0 +2.325115391e+01 +5.915115391e+01 +5.915115391e+01 +4.5322e-01 +2.1988e+00 +3.3707e+00 +2.5260e+00 -3.0173e+00
427 0 +2.278005577e+01 +5.868005577e+01 +5.868005577e+01 +5.6390e-01 +2.1598e+00 +3.3108e+00 +2.5732e+00 -3.0781e+00
428 0 +1.779474343e+01 +5.369474343e+01 +5.369474343e+01 +7.5918e-01 +2.7171e+00 +2.9391e+00 +2.9387e+00 -2.4887e+00
440 0 +1.579236416e+01 +5.169236416e+01 +5.169236416e+01 +8.2425e-01 +2.8658e+00 +2.6566e+00 +3.1169e+00 -2.3676e+00
444 0 +1.532128041e+01 +5.122128041e+01 +5.122128041e+01 +9.4071e-01 +3.0662e+00 +2.5055e+00 +3.1886e+00 -2.3840e+00
447 0 +1.382385530e+01 +4.972385530e+01 +4.972385530e+01 +1.0103e+00 +3.1744e+00 +2.3975e+00 +3.6146e+00 -1.9856e+00
448 0 +1.322697760e+01 +4.912697760e+01 +4.912697760e+01 +1.2434e+00 +3.6956e+00 +2.0270e+00 +3.3910e+00 -1.8108e+00
461 0 +1.259848931e+01 +4.849848931e+01 +4.849848931e+01 +1.2761e+00 +3.4554e+00 +2.0304e+00 +3.3348e+00 -1.8449e+00
504 0 +1.259848931e+01 +4.849848931e+01 +4.849848931e+01 +1.2761e+00 +3.4554e+00 +2.0304e+00 +3.3348e+00 -1.8449e+00
% f evaluations | g evaluations | best noise-free fitness - Fopt (3.137000000000e+01) + sum g_i+ | measured fitness | best measured fitness or single-digit g-values | x1 | x2...
1 0 +6.906437288e+04 +6.909574288e+04 +6.909574288e+04 +5.9268e-01 +4.8344e-02 +5.9614e-02 -1.4825e-01 +2.6367e-01
2 0 +6.296157906e+04 +6.299294906e+04 +6.299294906e+04 -2.7523e-01 +1.9144e-01 +5.0229e-01 +1.8823e-01 +1.3840e-01
3 0 +2.912145065e+04 +2.915282065e+04 +2.915282065e+04 -2.4492e-01 -2.4234e-01 -2.5297e-01 +2.6229e-01 -8.0187e-01
11 0 +2.547527505e+04 +2.550664505e+04 +2.550664505e+04 -4.3114e-01 -1.0197e-01 -2.1800e-01 +3.4207e-01 -5.9601e-01
12 0 +2.221642183e+04 +2.224779183e+04 +2.224779183e+04 -2.2847e-01 -1.7762e-01 -3.2416e-01 -2.0617e-02 -4.2392e-01
16 0 +1.872835029e+04 +1.875972029e+04 +1.875972029e+04 -3.1548e-01 -2.1034e-01 -4.1653e-01 -1.8205e-01 -8.0193e-01
17 0 +1.365765437e+04 +1.368902437e+04 +1.368902437e+04 -4.0323e-01 -4.7877e-01 -5.0812e-01 +4.0439e-01 -2.8331e-01
22 0 +1.127120528e+04 +1.130257528e+04 +1.130257528e+04 -5.5627e-01 +2.7808e-01 -7.6477e-01 -5.6195e-01 -5.0803e-01
26 0 +3.425201873e+03 +3.456571873e+03 +3.456571873e+03 -9.8446e-01 -1.4198e-01 -6.5549e-01 -8.4366e-01 -4.2331e-01
29 0 +1.852885686e+03 +1.884255686e+03 +1.884255686e+03 -8.5403e-01 +6.6061e-02 -1.1217e+00 -3.1616e-01 -5.7438e-01
30 0 +1.245556284e+03 +1.276926284e+03 +1.276926284e+03 -9.6020e-01 -4.0141e-01 -1.1173e+00 -8.3093e-02 -1.2801e+00
34 0 +5.328090933e+01 +8.465090933e+01 +8.465090933e+01 -1.4698e+00 +1.9841e-01 -1.6988e+00 -7.0202e-01 -1.6279e+00
54 0 +4.146450031e+01 +7.283450031e+01 +7.283450031e+01 -1.9822e+00 +8.2373e-01 -1.5441e+00 +6.5920e-01 -5.6124e-01
78 0 +3.334408752e+01 +6.471408752e+01 +6.471408752e+01 -1.6991e+00 -3.6398e-01 -1.8717e+00 +8.4022e-01 -2.1100e+00
80 0 +2.820092233e+01 +5.957092233e+01 +5.957092233e+01 -2.2769e+00 +1.4812e-01 -1.5192e+00 +1.1314e+00 -2.2977e+00
94 0 +2.746906481e+01 +5.883906481e+01 +5.883906481e+01 -2.1153e+00 +2.4668e-01 -2.7002e+00 +1.4483e+00 -3.3060e+00
98 0 +2.586742418e+01 +5.723742418e+01 +5.723742418e+01 -1.7569e+00 +3.3447e-01 -2.6919e+00 +1.0931e+00 -2.8406e+00
102 0 +2.449227285e+01 +5.586227285e+01 +5.586227285e+01 -1.4938e+00 -1.3482e-01 -2.8954e+00 +1.3257e+00 -2.1089e+00
103 0 +2.353912063e+01 +5.490912063e+01 +5.490912063e+01 -1.5812e+00 -2.4233e-01 -2.7055e+00 +1.5871e+00 -2.2268e+00
108 0 +1.878709074e+01 +5.015709074e+01 +5.015709074e+01 -5.4239e-01 +2.5083e-01 -2.4261e+00 +1.7902e+00 -1.6824e+00
128 0 +1.771284954e+01 +4.908284954e+01 +4.908284954e+01 -9.9680e-01 +5.6592e-01 -3.2929e+00 +1.7217e+00 -3.1052e+00
139 0 +1.614926187e+01 +4.751926187e+01 +4.751926187e+01 -8.0416e-01 +2.6600e-01 -2.9406e+00 +1.5972e+00 -2.5520e+00
142 0 +1.240389044e+01 +4.377389044e+01 +4.377389044e+01 -7.3291e-01 +1.5838e-01 -2.8520e+00 +2.2594e+00 -2.9722e+00
161 0 +1.118139340e+01 +4.255139340e+01 +4.255139340e+01 -9.9651e-01 +3.5408e-01 -2.8626e+00 +2.3788e+00 -2.7898e+00
172 0 +1.090526095e+01 +4.227526095e+01 +4.227526095e+01 -8.2736e-01 +5.3047e-01 -3.3112e+00 +2.5583e+00 -3.1886e+00
179 0 +1.032727712e+01 +4.169727712e+01 +4.169727712e+01 -1.1051e+00 +4.8685e-01 -3.1882e+00 +2.6819e+00 -3.0771e+00
184 0 +1.007905920e+01 +4.144905920e+01 +4.144905920e+01 -7.6169e-01 +5.4755e-01 -3.5732e+00 +2.7190e+00 -3.1969e+00
187 0 +9.338509996e+00 +4.070851000e+01 +4.070851000e+01 -6.0039e-01 +5.4802e-01 -3.5458e+00 +2.5427e+00 -3.0301e+00
188 0 +8.471087749e+00 +3.984108775e+01 +3.984108775e+01 -9.3747e-01 +6.7877e-01 -3.5503e+00 +2.9192e+00 -3.1475e+00
190 0 +7.816902538e+00 +3.918690254e+01 +3.918690254e+01 -5.8579e-01 +5.3094e-01 -3.2345e+00 +2.4839e+00 -2.7759e+00
193 0 +7.531718315e+00 +3.890171832e+01 +3.890171832e+01 -4.6249e-01 +3.6038e-01 -3.4241e+00 +2.7768e+00 -3.0678e+00
195 0 +7.049353707e+00 +3.841935371e+01 +3.841935371e+01 -5.0857e-01 +7.0370e-01 -3.5229e+00 +2.5557e+00 -2.7755e+00
202 0 +6.529594553e+00 +3.789959455e+01 +3.789959455e+01 -3.4948e-01 +6.6129e-01 -3.5216e+00 +2.6813e+00 -2.7222e+00
207 0 +5.906326787e+00 +3.727632679e+01 +3.727632679e+01 -2.3164e-01 +5.9215e-01 -3.6491e+00 +2.8287e+00 -2.6572e+00
211 0 +5.308404561e+00 +3.667840456e+01 +3.667840456e+01 +2.7298e-02 +6.6735e-01 -3.6689e+00 +3.0040e+00 -2.7368e+00
243 0 +4.349511394e+00 +3.571951139e+01 +3.571951139e+01 +2.6236e-01 +7.2088e-01 -3.9960e+00 +3.0643e+00 -2.3742e+00
257 0 +4.232381949e+00 +3.560238195e+01 +3.560238195e+01 +1.3533e-01 +7.7129e-01 -3.8137e+00 +2.9937e+00 -2.3296e+00
258 0 +4.132907416e+00 +3.550290742e+01 +3.550290742e+01 +2.5914e-01 +7.6019e-01 -3.8527e+00 +3.1545e+00 -2.3779e+00
261 0 +4.007040185e+00 +3.537704019e+01 +3.537704019e+01 +3.4947e-01 +7.9486e-01 -3.9958e+00 +3.2310e+00 -2.4146e+00
274 0 +3.892930065e+00 +3.526293007e+01 +3.526293007e+01 +3.6439e-01 +8.3901e-01 -4.0566e+00 +3.1919e+00 -2.3547e+00
277 0 +3.504372597e+00 +3.487437260e+01 +3.487437260e+01 +1.8761e-01 +9.1401e-01 -4.1316e+00 +3.1634e+00 -2.4700e+00
282 0 +3.390422733e+00 +3.476042273e+01 +3.476042273e+01 +2.5789e-01 +9.1861e-01 -4.0449e+00 +3.1431e+00 -2.2760e+00
287 0 +3.330699979e+00 +3.470069998e+01 +3.470069998e+01 +2.8843e-01 +8.9040e-01 -4.1495e+00 +3.2947e+00 -2.4410e+00
292 0 +3.194747899e+00 +3.456474790e+01 +3.456474790e+01 +2.2310e-01 +9.1130e-01 -4.1305e+00 +3.1894e+00 -2.3150e+00
300 0 +3.005790128e+00 +3.437579013e+01 +3.437579013e+01 +2.6500e-01 +9.1951e-01 -4.0913e+00 +3.2898e+00 -2.3350e+00
322 0 +2.915732163e+00 +3.428573216e+01 +3.428573216e+01 +1.9098e-01 +9.2789e-01 -4.0770e+00 +3.2456e+00 -2.3354e+00
324 0 +2.813737304e+00 +3.418373730e+01 +3.418373730e+01 +2.0268e-01 +9.5180e-01 -4.0449e+00 +3.2499e+00 -2.2814e+00
338 0 +2.724338600e+00 +3.409433860e+01 +3.409433860e+01 +2.4262e-01 +9.8200e-01 -4.1419e+00 +3.3247e+00 -2.3502e+00
345 0 +2.645214145e+00 +3.401521414e+01 +3.401521414e+01 +2.5947e-01 +1.0078e+00 -4.1375e+00 +3.3642e+00 -2.3509e+00
363 0 +2.581437727e+00 +3.395143773e+01 +3.395143773e+01 +2.1129e-01 +1.0252e+00 -4.1529e+00 +3.3376e+00 -2.3474e+00
381 0 +2.559954219e+00 +3.392995422e+01 +3.392995422e+01 +2.2581e-01 +1.0368e+00 -4.1600e+00 +3.3402e+00 -2.3260e+00
398 0 +2.509709536e+00 +3.387970954e+01 +3.387970954e+01 +2.1624e-01 +1.0566e+00 -4.1777e+00 +3.3578e+00 -2.3334e+00
423 0 +2.442189692e+00 +3.381218969e+01 +3.381218969e+01 +2.0869e-01 +1.0818e+00 -4.1872e+00 +3.3746e+00 -2.3291e+00
483 0 +2.396635708e+00 +3.376663571e+01 +3.376663571e+01 +1.9195e-01 +1.0902e+00 -4.1861e+00 +3.3790e+00 -2.3251e+00
504 0 +2.386485378e+00 +3.375648538e+01 +3.375648538e+01 +1.9326e-01 +1.0921e+00 -4.1863e+00 +3.3817e+00 -2.3216e+00
% f evaluations | g evaluations | best noise-free fitness - Fopt (-1.000000000000e+03) + sum g_i+ | measured fitness | best measured fitness or single-digit g-values | x1 | x2...
1 0 +1.525254240e+05 +1.515254240e+05 +1.515254240e+05 +1.1027e-01 -5.5959e-01 +7.8057e-02 -1.6494e-01 +1.0297e-03
8 0 +1.318058619e+05 +1.308058619e+05 +1.308058619e+05 -2.1681e-01 +1.5882e-01 +1.0427e-01 +3.4525e-01 +4.4079e-01
11 0 +1.282982116e+05 +1.272982116e+05 +1.272982116e+05 -4.3219e-01 -4.0380e-01 -2.1683e-01 +5.6270e-01 +9.5893e-02
24 0 +1.226174123e+05 +1.216174123e+05 +1.216174123e+05 -4.2128e-01 -2.0543e-01 -1.0814e-01 +6.5700e-01 +3.9819e-01
27 0 +1.040610354e+05 +1.030610354e+05 +1.030610354e+05 -8.2043e-01 +6.6756e-03 +1.7809e-01 +8.5632e-01 +1.1150e+00
30 0 +8.659811493e+04 +8.559811493e+04 +8.559811493e+04 -9.7398e-01 +6.6752e-02 +6.3416e-01 +8.0518e-01 +5.7694e-01
33 0 +5.677632682e+04 +5.577632682e+04 +5.577632682e+04 -1.1407e+00 -1.1364e+00 +8.1155e-01 +8.2756e-01 +1.2867e+00
42 0 +3.623015376e+04 +3.523015376e+04 +3.523015376e+04 -1.6056e+00 -1.0594e+00 +1.1108e+00 +7.6692e-01 +1.5401e+00
55 0 +3.260673579e+04 +3.160673579e+04 +3.160673579e+04 -1.2391e+00 -9.0060e-01 +1.9744e+00 +3.7429e-01 +1.3031e+00
60 0 +2.108952410e+04 +2.008952410e+04 +2.008952410e+04 -1.0502e+00 -4.8230e-01 +4.3360e+00 -4.2418e-01 +2.2676e+00
62 0 +2.028152542e+04 +1.928152542e+04 +1.928152542e+04 -2.3170e+00 -4.1769e-01 +2.3543e+00 -8.6497e-02 +1.5142e+00
65 0 +1.018559468e+04 +9.185594679e+03 +9.185594679e+03 -2.3167e+00 -7.5198e-03 +3.1389e+00 +9.0573e-01 +2.4830e+00
68 0 +4.140399191e+03 +3.140399191e+03 +3.140399191e+03 -3.0223e+00 -1.3381e+00 +3.1434e+00 +8.4802e-01 +2.7442e+00
70 0 +5.227522464e+01 -9.477247754e+02 -9.477247754e+02 -3.3036e+00 -1.7584e+00 +4.1532e+00 +1.6592e+00 +1.5413e+00
85 0 +4.355033608e+01 -9.564496639e+02 -9.564496639e+02 -3.3047e+00 -1.2553e+00 +4.8546e+00 +3.7349e+00 +1.7569e-01
98 0 +2.390948713e+01 -9.760905129e+02 -9.760905129e+02 -3.0729e+00 -2.8340e+00 +5.8537e+00 +3.0861e+00 -1.1707e+00
112 0 +1.162429193e+01 -9.883757081e+02 -9.883757081e+02 -1.5826e+00 -2.7189e+00 +4.0300e+00 +3.2802e+00 -1.2153e-01
227 0 +1.121872780e+01 -9.887812722e+02 -9.887812722e+02 -2.1913e+00 -2.8732e+00 +4.5740e+00 +3.1887e+00 -1.4938e+00
237 0 +1.085717376e+01 -9.891428262e+02 -9.891428262e+02 -2.3064e+00 -3.2219e+00 +4.5516e+00 +3.2220e+00 -1.4158e+00
244 0 +1.036157158e+01 -9.896384284e+02 -9.896384284e+02 -2.2334e+00 -3.1535e+00 +4.5430e+00 +3.2257e+00 -1.3867e+00
247 0 +1.012259790e+01 -9.898774021e+02 -9.898774021e+02 -2.0063e+00 -3.2143e+00 +4.6043e+00 +3.0998e+00 -1.3600e+00
249 0 +9.352219303e+00 -9.906477807e+02 -9.906477807e+02 -2.1360e+00 -3.2498e+00 +4.5131e+00 +3.2980e+00 -1.2927e+00
260 0 +8.959957736e+00 -9.910400423e+02 -9.910400423e+02 -2.0998e+00 -3.2880e+00 +4.5038e+00 +3.1743e+00 -1.2944e+00
267 0 +8.761901950e+00 -9.912380980e+02 -9.912380980e+02 -2.1225e+00 -3.2862e+00 +4.4826e+00 +3.1755e+00 -1.1838e+00
273 0 +8.259179833e+00 -9.917408202e+02 -9.917408202e+02 -2.1458e+00 -3.2729e+00 +4.4071e+00 +3.1960e+00 -1.1513e+00
279 0 +7.671149532e+00 -9.923288505e+02 -9.923288505e+02 -2.0867e+00 -3.3013e+00 +4.3688e+00 +3.1913e+00 -1.1979e+00
289 0 +7.232027030e+00 -9.927679730e+02 -9.927679730e+02 -2.0813e+00 -3.4745e+00 +4.2734e+00 +3.1909e+00 -1.1924e+00
311 0 +7.032395440e+00 -9.929676046e+02 -9.929676046e+02 -2.0817e+00 -3.5294e+00 +4.1693e+00 +3.2595e+00 -1.2286e+00
313 0 +6.912004087e+00 -9.930879959e+02 -9.930879959e+02 -2.0326e+00 -3.5297e+00 +4.1802e+00 +3.2407e+00 -1.1526e+00
321 0 +6.624199832e+00 -9.933758002e+02 -9.933758002e+02 -1.9489e+00 -3.5964e+00 +4.1069e+00 +3.1858e+00 -1.1541e+00
335 0 +6.437220755e+00 -9.935627792e+02 -9.935627792e+02 -1.9037e+00 -3.5877e+00 +4.0654e+00 +3.1907e+00 -1.1780e+00
372 0 +6.200535073e+00 -9.937994649e+02 -9.937994649e+02 -1.8601e+00 -3.6971e+00 +4.0008e+00 +3.1485e+00 -1.1296e+00
377 0 +6.053965157e+00 -9.939460348e+02 -9.939460348e+02 -1.8373e+00 -3.7183e+00 +3.9812e+00 +3.1180e+00 -1.1167e+00
385 0 +5.951571433e+00 -9.940484286e+02 -9.940484286e+02 -1.8356e+00 -3.6995e+00 +3.9684e+00 +3.1037e+00 -1.1115e+00
409 0 +5.869496744e+00 -9.941305033e+02 -9.941305033e+02 -1.8289e+00 -3.6928e+00 +3.9600e+00 +3.0910e+00 -1.1135e+00
417 0 +5.709526440e+00 -9.942904736e+02 -9.942904736e+02 -1.7953e+00 -3.7259e+00 +3.9426e+00 +3.0901e+00 -1.0980e+00
430 0 +5.572373737e+00 -9.944276263e+02 -9.944276263e+02 -1.7781e+00 -3.7348e+00 +3.9256e+00 +3.0844e+00 -1.0914e+00
476 0 +5.474591336e+00 -9.945254087e+02 -9.945254087e+02 -1.7678e+00 -3.7305e+00 +3.9159e+00 +3.0778e+00 -1.0980e+00
504 0 +5.440661119e+00 -9.945593389e+02 -9.945593389e+02 -1.7638e+00 -3.7319e+00 +3.9122e+00 +3.0741e+00 -1.0976e+00
% f evaluations | g evaluations | best noise-free fitness - Fopt (1.319200000000e+02) + sum g_i+ | measured fitness | best measured fitness or single-digit g-values | x1 | x2...
1 0 +5.903119937e+05 +5.904439137e+05 +5.904439137e+05 +1.7185e-01 +3.1548e-04 +2.7106e-01 -5.6084e-02 +2.5482e-01
2 0 +5.898674603e+05 +5.899993803e+05 +5.899993803e+05 +1.9534e-01 +1.2166e-01 +3.9472e-02 +1.9185e-01 -7.0904e-01
3 0 +5.102293762e+05 +5.103612962e+05 +5.103612962e+05 -3.9638e-01 +2.0336e-01 -2.6128e-01 -1.2703e-01 +5.8318e-01
10 0 +4.206935630e+05 +4.208254830e+05 +4.208254830e+05 -5.8895e-01 +4.2621e-01 -5.5089e-01 -4.8671e-01 +4.7866e-02
19 0 +3.328968609e+05 +3.330287809e+05 +3.330287809e+05 -8.9788e-01 +6.1711e-02 -9.4809e-01 -5.5625e-01 +8.7343e-02
30 0 +2.827111526e+05 +2.828430726e+05 +2.828430726e+05 -1.5961e+00 +3.8915e-01 -1.0298e+00 -1.2390e+00 -6.5386e-02
31 0 +2.709761409e+05 +2.711080609e+05 +2.711080609e+05 -1.2785e+00 +1.0677e-01 -1.4875e+00 -3.8272e-01 +4.7209e-01
37 0 +2.106384468e+05 +2.107703668e+05 +2.107703668e+05 -1.6201e+00 +4.6471e-01 -1.5336e+00 -8.3883e-01 +1.5916e+00
39 0 +9.748029079e+04 +9.761221079e+04 +9.761221079e+04 -2.5383e+00 +2.7455e-01 -2.5889e+00 -1.3731e+00 -6.8889e-02
53 0 +2.505387543e+04 +2.518579543e+04 +2.518579543e+04 -5.4018e+00 +6.5269e-02 -3.5999e+00 -3.3103e+00 -7.0396e-01
73 0 +8.959351174e+03 +9.091271174e+03 +9.091271174e+03 -7.7343e+00 +5.0809e-01 -5.4636e+00 -4.0100e+00 +1.5726e+00
92 0 +8.294911389e+03 +8.426831389e+03 +8.426831389e+03 -1.3985e+01 +7.8519e-01 -7.0509e+00 -5.0019e+00 +2.5542e+00
99 0 +2.130683943e+02 +3.449883943e+02 +3.449883943e+02 -1.1622e+01 +2.0625e+00 -3.3475e+00 -5.5256e+00 +4.4959e-01
108 0 +1.269188520e+02 +2.588388520e+02 +2.588388520e+02 -9.3826e+00 +2.4972e+00 -4.5163e+00 -3.2661e+00 +1.6250e+00
115 0 +6.385399986e+01 +1.957739999e+02 +1.957739999e+02 -9.1536e+00 +2.0107e+00 -2.8618e+00 -1.1342e+00 -3.6985e-01
130 0 +4.969251723e+01 +1.816125172e+02 +1.816125172e+02 -8.8376e+00 +3.9150e+00 -1.1281e-01 +4.9878e-01 +1.0651e+00
140 0 +3.589569032e+01 +1.678156903e+02 +1.678156903e+02 -7.8245e+00 +2.0869e+00 -4.5940e-01 -1.7620e+00 +1.2872e+00
150 0 +2.750044554e+01 +1.594204455e+02 +1.594204455e+02 -7.5669e+00 +1.9451e+00 -9.0895e-01 -6.7805e-01 +2.3064e+00
173 0 +2.496948884e+01 +1.568894888e+02 +1.568894888e+02 -7.7809e+00 +1.6417e+00 -8.6202e-01 -2.0573e-01 +9.0081e-01
181 0 +2.427734097e+01 +1.561973410e+02 +1.561973410e+02 -7.4801e+00 +1.8763e+00 -5.2112e-01 -4.3068e-01 +9.7869e-01
276 0 +2.391874721e+01 +1.558387472e+02 +1.558387472e+02 -7.1854e+00 +1.9394e+00 -4.1324e-01 -2.3078e-01 +1.0077e+00
308 0 +2.337817182e+01 +1.552981718e+02 +1.552981718e+02 -7.0276e+00 +1.9750e+00 -5.5719e-01 -2.4405e-01 +9.9917e-01
335 0 +2.282249363e+01 +1.547424936e+02 +1.547424936e+02 -6.9174e+00 +1.9410e+00 -6.8156e-01 -2.9385e-01 +1.0544e+00
362 0 +2.218913353e+01 +1.541091335e+02 +1.541091335e+02 -6.8252e+00 +1.9588e+00 -7.4419e-01 -3.2066e-01 +1.0239e+00
385 0 +2.174492668e+01 +1.536649267e+02 +1.536649267e+02 -6.7614e+00 +1.9417e+00 -7.6684e-01 -3.1696e-01 +1.0247e+00
401 0 +2.124493555e+01 +1.531649356e+02 +1.531649356e+02 -6.7029e+00 +1.9416e+00 -7.9425e-01 -3.2576e-01 +1.0359e+00
410 0 +2.063734939e+01 +1.525573494e+02 +1.525573494e+02 -6.6592e+00 +1.9466e+00 -8.2797e-01 -3.3706e-01 +1.0126e+00
413 0 +2.034668208e+01 +1.522666821e+02 +1.522666821e+02 -6.6169e+00 +1.9363e+00 -8.3421e-01 -3.2665e-01 +1.0212e+00
441 0 +1.993598547e+01 +1.518559855e+02 +1.518559855e+02 -6.6035e+00 +1.9421e+00 -8.6429e-01 -3.3008e-01 +1.0266e+00
446 0 +1.924758201e+01 +1.511675820e+02 +1.511675820e+02 -6.5356e+00 +1.9407e+00 -8.8747e-01 -3.3317e-01 +1.0245e+00
448 0 +1.897156781e+01 +1.508915678e+02 +1.508915678e+02 -6.5157e+00 +1.9390e+00 -8.9885e-01 -3.4051e-01 +1.0232e+00
459 0 +1.743613985e+01 +1.493561398e+02 +1.493561398e+02 -6.3733e+00 +1.9303e+00 -9.5432e-01 -3.4170e-01 +1.0231e+00
477 0 +1.716507395e+01 +1.490850739e+02 +1.490850739e+02 -6.3650e+00 +1.9354e+00 -9.7284e-01 -3.4871e-01 +1.0318e+00
482 0 +1.644913499e+01 +1.483691350e+02 +1.483691350e+02 -6.3158e+00 +1.9403e+00 -1.0084e+00 -3.6317e-01 +1.0320e+00
483 0 +1.611011616e+01 +1.480301162e+02 +1.480301162e+02 -6.2868e+00 +1.9385e+00 -1.0273e+00 -3.5900e-01 +1.0425e+00
492 0 +1.557085124e+01 +1.474908512e+02 +1.474908512e+02 -6.2713e+00 +1.9405e+00 -1.0641e+00 -3.7140e-01 +1.0396e+00
498 0 +1.537673248e+01 +1.472967325e+02 +1.472967325e+02 -6.2151e+00 +1.9365e+00 -1.0621e+00 -3.7081e-01 +1.0384e+00
504 0 +1.537673248e+01 +1.472967325e+02 +1.472967325e+02 -6.2151e+00 +1.9365e+00 -1.0621e+00 -3.7081e-01 +1.0384e+00
% f evaluations | g evaluations | best noise-free fitness - Fopt (5.908400000000e+02) + sum g_i+ | measured fitness | best measured fitness or single-digit g-values | x1 | x2...
1 0 +5.344771595e+05 +5.350679995e+05 +5.350679995e+05 +1.2640e-01 +4.4555e-01 +2.4296e-01 +6.4028e-02 -3.8919e-01
2 0 +4.267442895e+05 +4.273351295e+05 +4.273351295e+05 -6.6650e-01 +1.0857e-01 +2.1078e-01 -2.8064e-01 -3.3382e-01
4 0 +3.924743490e+05 +3.930651890e+05 +3.930651890e+05 -5.3987e-01 +1.0535e-02 -1.5803e-01 +2.4025e-02 -1.6952e-01
10 0 +3.670858316e+05 +3.676766716e+05 +3.676766716e+05 -1.3109e-01 -1.8407e-01 -2.4643e-01 +2.9893e-01 -2.0709e-01
14 0 +3.426204367e+05 +3.432112767e+05 +3.432112767e+05 -3.9666e-01 -1.0995e-01 -3.6553e-01 -3.4247e-04 -3.2541e-01
19 0 +3.059084686e+05 +3.064993086e+05 +3.064993086e+05 -9.9865e-02 -6.4129e-01 -6.6056e-01 -4.1616e-02 +1.0443e-01
30 0 +2.994302493e+05 +3.000210893e+05 +3.000210893e+05 -5.6782e-01 -7.4597e-01 -3.9492e-01 -8.6748e-02 -2.2744e-01
33 0 +2.806611356e+05 +2.812519756e+05 +2.812519756e+05 -1.0194e+00 -9.9971e-01 -1.0763e-01 -1.5374e-01 -6.8195e-01
36 0 +2.735369394e+05 +2.741277794e+05 +2.741277794e+05 -6.0510e-01 -6.3865e-01 -7.0269e-01 -5.2230e-01 -3.0956e-01
37 0 +2.499475805e+05 +2.505384205e+05 +2.505384205e+05 -1.1694e+00 -9.9255e-01 -5.6823e-01 +1.0602e-01 -7.8480e-01
41 0 +2.301738039e+05 +2.307646439e+05 +2.307646439e+05 -1.0737e+00 -8.3726e-01 -1.1786e+00 +1.2910e-01 -5.0957e-01
42 0 +1.669610891e+05 +1.675519291e+05 +1.675519291e+05 -7.4439e-01 -1.1863e+00 -1.0594e+00 -7.2745e-01 -9.1791e-01
48 0 +1.463587089e+05 +1.469495489e+05 +1.469495489e+05 -9.2147e-01 -2.0080e+00 -1.1084e+00 -1.0431e-01 -2.1243e-01
49 0 +7.630188884e+04 +7.689272884e+04 +7.689272884e+04 -6.4262e-01 -2.2737e+00 -1.8451e+00 -6.1252e-01 -3.6835e-01
61 0 +5.633786792e+04 +5.692870792e+04 +5.692870792e+04 -2.1441e+00 -3.4613e+00 -1.8335e+00 -1.4190e+00 -6.8179e-01
66 0 +1.155214553e+04 +1.214298553e+04 +1.214298553e+04 +2.0268e-01 -2.8016e+00 -3.1314e+00 -6.7957e-01 -1.0001e+00
71 0 +8.866023346e+03 +9.456863346e+03 +9.456863346e+03 +8.4205e-01 -3.7560e+00 -1.8723e+00 -2.0259e+00 -1.3303e+00
83 0 +2.188156371e+03 +2.778996371e+03 +2.778996371e+03 -5.1472e-02 -4.4112e+00 -4.1888e+00 -9.4526e-01 -7.1101e-01
86 0 +9.419808724e+02 +1.532820872e+03 +1.532820872e+03 -1.4937e+00 -4.7188e+00 -4.9963e+00 -8.4859e-01 -1.6239e+00
92 0 +3.975487052e+02 +9.883887052e+02 +9.883887052e+02 -2.3164e+00 -4.7338e+00 -5.6920e+00 -2.1851e+00 -2.2283e+00
95 0 +3.914700302e+01 +6.299870030e+02 +6.299870030e+02 -6.0123e-01 -3.9919e+00 -4.0641e+00 -2.7641e+00 -1.9635e+00
161 0 +2.979095868e+01 +6.206309587e+02 +6.206309587e+02 -1.1971e+00 -3.1716e+00 -3.5245e+00 -1.9344e+00 -3.0201e+00
178 0 +2.365068884e+01 +6.144906888e+02 +6.144906888e+02 -5.0408e-01 -3.1153e+00 -3.0264e+00 -2.2098e+00 -3.1875e+00
236 0 +2.307301743e+01 +6.139130174e+02 +6.139130174e+02 -5.7888e-01 -3.1082e+00 -2.7876e+00 -2.0378e+00 -3.0790e+00
249 0 +2.284099970e+01 +6.136809997e+02 +6.136809997e+02 -5.8416e-01 -3.1667e+00 -2.7413e+00 -2.0091e+00 -2.9773e+00
269 0 +2.213519092e+01 +6.129751909e+02 +6.129751909e+02 -4.4370e-01 -3.2107e+00 -2.7932e+00 -1.9427e+00 -2.9334e+00
274 0 +2.075785000e+01 +6.115978500e+02 +6.115978500e+02 -3.6401e-01 -3.1694e+00 -2.7745e+00 -1.9250e+00 -2.9218e+00
304 0 +2.040408695e+01 +6.112440869e+02 +6.112440869e+02 -3.9461e-01 -3.2096e+00 -2.7576e+00 -1.8772e+00 -2.8431e+00
325 0 +1.989257108e+01 +6.107325711e+02 +6.107325711e+02 -3.1969e-01 -3.2520e+00 -2.6926e+00 -1.8891e+00 -2.8236e+00
336 0 +1.906556717e+01 +6.099055672e+02 +6.099055672e+02 -2.8674e-01 -3.2414e+00 -2.6748e+00 -1.9049e+00 -2.8058e+00
352 0 +1.904540104e+01 +6.098854010e+02 +6.098854010e+02 -2.7965e-01 -3.2458e+00 -2.6550e+00 -1.9085e+00 -2.8033e+00
422 0 +1.860217887e+01 +6.094421789e+02 +6.094421789e+02 -2.5479e-01 -3.2434e+00 -2.6593e+00 -1.8942e+00 -2.8020e+00
504 0 +1.852489754e+01 +6.093648975e+02 +6.093648975e+02 -2.4924e-01 -3.2451e+00 -2.6545e+00 -1.8971e+00 -2.7987e+00
% f evaluations | g evaluations | best noise-free fitness - Fopt (6.749000000000e+01) + sum g_i+ | measured fitness | best measured fitness or single-digit g-values | x1 | x2...
1 0 +1.138137079e+05 +1.138811979e+05 +1.138811979e+05 +3.4224e-02 +2.3126e-01 +5.9760e-01 -4.1849e-01 -2.3669e-01
2 0 +4.612967832e+04 +4.619716832e+04 +4.619716832e+04 +1.4618e-03 +5.8943e-01 -5.3315e-02 +7.8950e-01 -5.6946e-02
3 0 +4.117554489e+04 +4.124303489e+04 +4.124303489e+04 +2.9221e-01 -3.9092e-01 -3.5562e-03 +9.6461e-02 -1.2152e-03
7 0 +4.036402722e+04 +4.043151722e+04 +4.043151722e+04 -1.2213e-01 -4.4649e-01 +1.2307e-01 +2.5493e-01 -7.8637e-02
10 0 +3.412214688e+04 +3.418963688e+04 +3.418963688e+04 +4.8045e-01 -2.2906e-02 +2.6825e-02 +3.5000e-01 +2.6854e-01
14 0 +2.064908576e+04 +2.071657576e+04 +2.071657576e+04 +1.2610e-01 -9.3771e-01 +6.2013e-02 +2.7060e-01 +2.1750e-01
17 0 +1.261426523e+04 +1.268175523e+04 +1.268175523e+04 +2.5201e-01 -9.4888e-01 +7.6597e-02 +5.8119e-01 +1.5132e-01
25 0 +4.923491175e+01 +1.167249117e+02 +1.167249117e+02 +1.1499e-01 -1.4739e+00 +3.6819e-01 +1.2798e+00 +1.0367e-01
33 0 +4.330473460e+01 +1.107947346e+02 +1.107947346e+02 +4.6329e-01 -2.3105e+00 +6.3844e-01 +1.4522e+00 +5.5321e-01
35 0 +3.642723812e+01 +1.039172381e+02 +1.039172381e+02 +6.4065e-01 -2.4494e+00 +6.0945e-01 +1.4694e+00 +1.1032e+00
43 0 +2.445004909e+01 +9.194004909e+01 +9.194004909e+01 +5.2412e-01 -1.5069e+00 -3.4578e-01 +1.1504e+00 +1.6344e+00
53 0 +2.322526846e+01 +9.071526846e+01 +9.071526846e+01 +1.3594e+00 -9.3680e-01 -2.0957e-01 +6.1536e-01 +1.8453e+00
61 0 +1.282507198e+01 +8.031507198e+01 +8.031507198e+01 +9.0205e-01 -8.4306e-01 -2.2639e-01 +1.0219e+00 +2.6712e+00
108 0 +1.129637838e+01 +7.878637838e+01 +7.878637838e+01 +5.2086e-01 -1.0601e+00 -3.2470e-01 +9.4745e-01 +3.1941e+00
114 0 +9.316950309e+00 +7.680695031e+01 +7.680695031e+01 +6.3935e-03 -1.5632e+00 +6.3497e-02 +1.0140e+00 +2.9682e+00
121 0 +7.353859767e+00 +7.484385977e+01 +7.484385977e+01 +4.1972e-02 -1.4592e+00 -3.6606e-01 +7.2249e-01 +3.3847e+00
122 0 +6.824510097e+00 +7.431451010e+01 +7.431451010e+01 -3.3206e-01 -1.9042e+00 +7.2568e-03 +4.1959e-01 +2.8539e+00
126 0 +6.707076951e+00 +7.419707695e+01 +7.419707695e+01 +6.9209e-02 -7.7887e-01 -8.7209e-02 +7.9788e-01 +2.9838e+00
128 0 +6.448443235e+00 +7.393844324e+01 +7.393844324e+01 -1.5889e-01 -1.3898e+00 -2.3144e-01 +3.0836e-01 +2.9041e+00
147 0 +5.139533763e+00 +7.262953376e+01 +7.262953376e+01 -9.6839e-03 -1.2390e+00 -7.5829e-02 +1.7287e-01 +2.9770e+00
154 0 +3.846932725e+00 +7.133693273e+01 +7.133693273e+01 -1.5754e-01 -1.2204e+00 +1.1441e-01 +2.5279e-01 +3.0358e+00
163 0 +3.494985495e+00 +7.098498549e+01 +7.098498549e+01 -5.3855e-02 -1.3547e+00 +1.8102e-01 +3.8793e-01 +3.1973e+00
172 0 +2.668755674e+00 +7.015875567e+01 +7.015875567e+01 -9.4511e-02 -1.2348e+00 +2.1286e-01 +2.4221e-01 +3.2282e+00
181 0 +2.505267975e+00 +6.999526798e+01 +6.999526798e+01 -2.3695e-01 -1.3816e+00 +3.1839e-01 +2.2702e-01 +3.2263e+00
186 0 +1.691307062e+00 +6.918130706e+01 +6.918130706e+01 -3.2160e-01 -1.3370e+00 +4.3783e-01 +3.7087e-01 +3.3590e+00
197 0 +1.458441818e+00 +6.894844182e+01 +6.894844182e+01 -2.5728e-01 -1.1345e+00 +3.3526e-01 +3.0018e-01 +3.3714e+00
201 0 +1.187753033e+00 +6.867775303e+01 +6.867775303e+01 -3.3891e-01 -1.2146e+00 +3.7358e-01 +2.7723e-01 +3.5532e+00
209 0 +8.785463437e-01 +6.836854634e+01 +6.836854634e+01 -4.8075e-01 -1.1856e+00 +4.0855e-01 +1.4320e-01 +3.4412e+00
212 0 +7.236991494e-01 +6.821369915e+01 +6.821369915e+01 -4.6947e-01 -1.1176e+00 +3.7716e-01 +1.3956e-01 +3.5373e+00
263 0 +6.551915085e-01 +6.814519151e+01 +6.814519151e+01 -5.3933e-01 -1.1834e+00 +3.8491e-01 +2.1016e-01 +3.6012e+00
265 0 +4.850033532e-01 +6.797500335e+01 +6.797500335e+01 -5.4245e-01 -1.1405e+00 +4.0515e-01 +1.7254e-01 +3.6225e+00
286 0 +4.766416665e-01 +6.796664167e+01 +6.796664167e+01 -5.7632e-01 -1.1700e+00 +4.4100e-01 +1.8025e-01 +3.5814e+00
289 0 +4.334789782e-01 +6.792347898e+01 +6.792347898e+01 -5.9956e-01 -1.1430e+00 +4.2979e-01 +1.9135e-01 +3.5858e+00
292 0 +4.055676223e-01 +6.789556762e+01 +6.789556762e+01 -6.1479e-01 -1.1471e+00 +4.4193e-01 +1.9001e-01 +3.6028e+00
428 0 +3.980481025e-01 +6.788804810e+01 +6.788804810e+01 -6.2099e-01 -1.1143e+00 +4.2688e-01 +1.7149e-01 +3.6009e+00
504 0 +3.961588404e-01 +6.788615884e+01 +6.788615884e+01 -6.2080e-01 -1.1098e+00 +4.2691e-01 +1.6916e-01 +3.6024e+00
% f evaluations | g evaluations | best noise-free fitness - Fopt (3.085000000000e+01) + sum g_i+ | measured fitness | best measured fitness or single-digit g-values | x1 | x2...
1 0 +1.155937601e+05 +1.156246101e+05 +1.156246101e+05 -8.1115e-02 -3.2460e-02 +1.7969e-01 -1.6019e-01 +3.6075e-02
3 0 +8.810542226e+04 +8.813627226e+04 +8.813627226e+04 -1.8474e-01 -4.0120e-01 -3.6978e-01 +5.1092e-02 +4.3544e-01
7 0 +7.128796850e+04 +7.131881850e+04 +7.131881850e+04 +1.7781e-01 -1.7326e-01 -1.1147e-01 +1.4748e-01 +5.2710e-01
9 0 +5.666208926e+04 +5.669293926e+04 +5.669293926e+04 +8.9477e-02 -6.7478e-01 -1.8361e-01 +1.4636e-01 +1.0800e+00
18 0 +2.934823703e+04 +2.937908703e+04 +2.937908703e+04 +2.8508e-01 -7.0048e-01 -2.8150e-01 +2.5298e-02 +2.0141e+00
29 0 +2.004469806e+04 +2.007554806e+04 +2.007554806e+04 +4.0623e-01 -1.3005e+00 -8.7165e-02 -3.0268e-01 +2.3621e+00
33 0 +1.940514566e+04 +1.943599566e+04 +1.943599566e+04 +4.6989e-01 -1.4954e+00 -4.8090e-01 -4.2352e-01 +2.1942e+00
41 0 +9.984500835e+03 +1.001535083e+04 +1.001535083e+04 +5.8433e-01 -1.2582e+00 -8.4948e-01 +7.4964e-01 +1.9530e+00
42 0 +6.607981351e+03 +6.638831351e+03 +6.638831351e+03 +1.0393e+00 -5.6789e-01 -1.4618e+00 -1.0839e-01 +3.1518e+00
49 0 +3.920206341e+03 +3.951056341e+03 +3.951056341e+03 +2.1561e+00 -1.6131e-01 -1.0522e+00 +5.2830e-01 +2.0287e+00
58 0 +5.336463140e+02 +5.644963140e+02 +5.644963140e+02 +2.4517e+00 -1.1232e+00 +1.7917e-01 -3.7228e-01 +2.3327e+00
65 0 +3.443805304e+02 +3.752305304e+02 +3.752305304e+02 +1.8695e+00 -4.6526e-01 -2.0317e+00 +6.7148e-01 +3.2043e+00
71 0 +4.218835509e+01 +7.303835509e+01 +7.303835509e+01 +3.3872e+00 -7.3427e-01 -1.0486e+00 -1.0733e+00 +3.5381e+00
102 0 +4.098631195e+01 +7.183631195e+01 +7.183631195e+01 +3.6233e+00 -9.1085e-01 -6.1332e-01 -4.9622e-02 +3.6164e+00
106 0 +3.440774247e+01 +6.525774247e+01 +6.525774247e+01 +4.1410e+00 -1.3201e+00 -6.8644e-01 -7.0985e-02 +2.6917e+00
111 0 +2.343593607e+01 +5.428593607e+01 +5.428593607e+01 +3.4805e+00 -1.9233e+00 -1.0700e-01 +5.0504e-01 +2.3486e+00
130 0 +2.203233754e+01 +5.288233754e+01 +5.288233754e+01 +4.4984e+00 -2.4126e+00 -1.7717e-01 -3.5728e-01 +3.1229e+00
135 0 +1.315980407e+01 +4.400980407e+01 +4.400980407e+01 +3.7178e+00 -2.2525e+00 -1.0211e-02 -5.4777e-01 +1.6489e+00
143 0 +1.116137234e+01 +4.201137234e+01 +4.201137234e+01 +4.0598e+00 -2.6516e+00 +2.7568e-01 -6.4435e-01 +2.1187e+00
147 0 +8.111713658e+00 +3.896171366e+01 +3.896171366e+01 +3.7166e+00 -2.5207e+00 +4.0481e-01 -1.4564e+00 +1.5620e+00
155 0 +6.178906342e+00 +3.702890634e+01 +3.702890634e+01 +3.1969e+00 -2.7713e+00 +6.5529e-01 -1.0235e+00 +1.4997e+00
185 0 +5.702249758e+00 +3.655224976e+01 +3.655224976e+01 +3.6098e+00 -2.8203e+00 +2.9496e-01 -1.2313e+00 +2.2413e+00
199 0 +4.732476085e+00 +3.558247608e+01 +3.558247608e+01 +3.5244e+00 -2.8296e+00 +3.7920e-01 -1.5312e+00 +1.7223e+00
201 0 +3.913910844e+00 +3.476391084e+01 +3.476391084e+01 +3.4664e+00 -2.8997e+00 +4.6240e-01 -1.4749e+00 +2.0215e+00
214 0 +3.534896418e+00 +3.438489642e+01 +3.438489642e+01 +3.3777e+00 -2.9198e+00 +6.4315e-01 -1.5740e+00 +1.9284e+00
234 0 +3.103115518e+00 +3.395311552e+01 +3.395311552e+01 +3.3896e+00 -3.0955e+00 +5.6690e-01 -1.4690e+00 +2.0766e+00
242 0 +2.722360155e+00 +3.357236016e+01 +3.357236016e+01 +3.3141e+00 -3.1116e+00 +6.1710e-01 -1.5668e+00 +2.0507e+00
248 0 +2.618984182e+00 +3.346898418e+01 +3.346898418e+01 +3.2523e+00 -3.1922e+00 +7.5022e-01 -1.5787e+00 +1.6852e+00
256 0 +2.411745317e+00 +3.326174532e+01 +3.326174532e+01 +3.2179e+00 -3.2331e+00 +6.9414e-01 -1.5864e+00 +1.8080e+00
284 0 +2.369431516e+00 +3.321943152e+01 +3.321943152e+01 +3.1789e+00 -3.1902e+00 +6.5754e-01 -1.5684e+00 +1.7853e+00
292 0 +2.315670930e+00 +3.316567093e+01 +3.316567093e+01 +3.1633e+00 -3.2060e+00 +6.3791e-01 -1.5363e+00 +1.8305e+00
300 0 +2.168975036e+00 +3.301897504e+01 +3.301897504e+01 +3.1289e+00 -3.2036e+00 +6.1624e-01 -1.5624e+00 +1.8536e+00
313 0 +2.016130781e+00 +3.286613078e+01 +3.286613078e+01 +3.1138e+00 -3.2713e+00 +6.6567e-01 -1.6135e+00 +1.7836e+00
326 0 +1.963982841e+00 +3.281398284e+01 +3.281398284e+01 +3.0847e+00 -3.2421e+00 +6.2674e-01 -1.5839e+00 +1.8306e+00
328 0 +1.937510965e+00 +3.278751096e+01 +3.278751096e+01 +3.0768e+00 -3.2486e+00 +6.4763e-01 -1.6180e+00 +1.7802e+00
332 0 +1.868583799e+00 +3.271858380e+01 +3.271858380e+01 +3.0681e+00 -3.2593e+00 +6.5757e-01 -1.6506e+00 +1.7650e+00
339 0 +1.855033024e+00 +3.270503302e+01 +3.270503302e+01 +3.0856e+00 -3.2683e+00 +6.5293e-01 -1.6523e+00 +1.7564e+00
342 0 +1.816585306e+00 +3.266658531e+01 +3.266658531e+01 +3.0591e+00 -3.2473e+00 +6.3175e-01 -1.6369e+00 +1.7872e+00
359 0 +1.766862352e+00 +3.261686235e+01 +3.261686235e+01 +3.0588e+00 -3.2848e+00 +6.4237e-01 -1.6546e+00 +1.7731e+00
372 0 +1.735034556e+00 +3.258503456e+01 +3.258503456e+01 +3.0603e+00 -3.2688e+00 +6.2697e-01 -1.6407e+00 +1.7767e+00
403 0 +1.690279156e+00 +3.254027916e+01 +3.254027916e+01 +3.0533e+00 -3.2812e+00 +6.3382e-01 -1.6594e+00 +1.7591e+00
482 0 +1.657822589e+00 +3.250782259e+01 +3.250782259e+01 +3.0507e+00 -3.2853e+00 +6.3171e-01 -1.6653e+00 +1.7617e+00
504 0 +1.657661431e+00 +3.250766143e+01 +3.250766143e+01 +3.0504e+00 -3.2849e+00 +6.3166e-01 -1.6657e+00 +1.7610e+00
% f evaluations | g evaluations | best noise-free fitness - Fopt (-1.255000000000e+01) + sum g_i+ | measured fitness | best measured fitness or single-digit g-values | x1 | x2...
1 0 +3.083976268e+05 +3.083850768e+05 +3.083850768e+05 -2.6181e-01 +5.3134e-01 +2.7582e-01 +2.1784e-01 -1.9881e-01
2 0 +2.951950333e+05 +2.951824833e+05 +2.951824833e+05 -8.5448e-02 +1.4248e-01 +3.0907e-01 +8.8531e-01 +1.0242e-01
9 0 +2.911634287e+05 +2.911508787e+05 +2.911508787e+05 -2.2095e-01 +6.7102e-01 +5.5428e-01 +9.0638e-01 -3.0003e-01
13 0 +2.800121086e+05 +2.799995586e+05 +2.799995586e+05 +3.9693e-01 +9.0220e-01 -7.2755e-02 +7.1738e-01 +1.3921e-01
14 0 +2.655470746e+05 +2.655345246e+05 +2.655345246e+05 -4.2509e-01 +3.8219e-01 +7.2404e-01 +7.7958e-01 +1.0419e-01
22 0 +2.565691857e+05 +2.565566357e+05 +2.565566357e+05 +1.3014e-01 +6.0338e-02 +5.8021e-01 +3.0005e-01 +4.1086e-01
24 0 +2.339450817e+05 +2.339325317e+05 +2.339325317e+05 -5.2609e-01 +9.1554e-01 +5.6805e-01 +6.9531e-01 +2.7468e-01
25 0 +1.896909987e+05 +1.896784487e+05 +1.896784487e+05 -3.6479e-01 +7.5626e-01 +7.7901e-01 +3.3885e-01 +7.5352e-01
33 0 +1.757891127e+05 +1.757765627e+05 +1.757765627e+05 +2.1310e-01 +1.3282e+00 +6.3690e-01 -1.3693e-01 +7.4299e-01
39 0 +1.464084778e+05 +1.463959278e+05 +1.463959278e+05 +1.4351e-01 +1.4380e+00 +1.4151e+00 +1.1950e+00 +2.1998e-01
46 0 +1.205186073e+05 +1.205060573e+05 +1.205060573e+05 -4.2107e-01 +1.5842e+00 +1.3137e+00 +1.3121e+00 +7.9806e-01
48 0 +1.176198009e+05 +1.176072509e+05 +1.176072509e+05 -4.0774e-01 +1.3404e+00 +1.9973e+00 +6.0142e-01 +6.1100e-01
49 0 +6.769354277e+04 +6.768099277e+04 +6.768099277e+04 -2.6458e-01 +2.0391e+00 +2.2569e+00 +1.2183e+00 +7.0441e-01
52 0 +1.839753304e+04 +1.838498304e+04 +1.838498304e+04 -5.8633e-01 +2.9578e+00 +2.9290e+00 +2.2371e+00 +1.1786e+00
67 0 +5.888693957e+01 +4.633693957e+01 +4.633693957e+01 -1.8354e+00 +2.0680e+00 +4.8986e+00 +2.7964e+00 +2.5659e+00
132 0 +5.342082814e+01 +4.087082814e+01 +4.087082814e+01 -7.5125e-01 +1.3279e+00 +5.1318e+00 +2.8605e+00 +2.9147e+00
150 0 +2.367609294e+01 +1.112609294e+01 +1.112609294e+01 +1.0322e+00 +7.6074e-01 +4.0696e+00 +1.7949e+00 +3.2436e+00
504 0 +2.367609294e+01 +1.112609294e+01 +1.112609294e+01 +1.0322e+00 +7.6074e-01 +4.0696e+00 +1.7949e+00 +3.2436e+00
% f evaluations | g evaluations | best noise-free fitness - Fopt (5.383900000000e+02) + sum g_i+ | measured fitness | best measured fitness or single-digit g-values | x1 | x2...
1 0 +3.053129664e+05 +3.058513564e+05 +3.058513564e+05 +2.6856e-01 -3.5248e-02 +6.2310e-01 -1.7743e-01 +3.1036e-01
2 0 +3.031537640e+05 +3.036921540e+05 +3.036921540e+05 -3.8864e-02 -1.9729e-01 +4.8381e-01 -3.1731e-02 -1.8619e-01
3 0 +2.746653403e+05 +2.752037303e+05 +2.752037303e+05 +3.0426e-01 -2.0454e-01 +2.7861e-01 +2.2813e-01 -4.2252e-01
7 0 +2.493195329e+05 +2.498579229e+05 +2.498579229e+05 +2.8685e-01 -9.5377e-02 +1.9591e-01 +1.6602e-01 -5.9929e-01
10 0 +2.412428179e+05 +2.417812079e+05 +2.417812079e+05 -3.5518e-01 +3.0188e-01 +3.9781e-01 +9.8469e-02 -9.5537e-01
13 0 +2.348517898e+05 +2.353901798e+05 +2.353901798e+05 -3.3256e-02 +4.1496e-01 +1.4592e-01 +5.8899e-03 -4.1784e-01
15 0 +2.264789426e+05 +2.270173326e+05 +2.270173326e+05 +9.0851e-02 +1.7308e-01 +5.2859e-01 +4.9273e-01 -1.0657e+00
16 0 +2.089530191e+05 +2.094914091e+05 +2.094914091e+05 +2.2828e-01 +6.7625e-01 +4.1818e-01 +5.6305e-01 -6.0405e-01
18 0 +2.040257318e+05 +2.045641218e+05 +2.045641218e+05 +4.4606e-01 +2.1468e-02 +3.8172e-01 +4.5715e-01 -1.1925e+00
20 0 +1.706527150e+05 +1.711911050e+05 +1.711911050e+05 +4.0967e-01 +7.6181e-01 +5.8545e-02 +7.8699e-01 -1.0546e+00
31 0 +1.096992608e+05 +1.102376508e+05 +1.102376508e+05 +1.0435e+00 +9.9626e-01 +1.4001e-01 +1.7616e+00 -2.1219e+00
37 0 +6.452018983e+04 +6.505857983e+04 +6.505857983e+04 +7.6040e-01 +2.1067e+00 +8.7103e-01 +1.9057e+00 -2.7930e+00
43 0 +3.948272163e+04 +4.002111163e+04 +4.002111163e+04 +6.3232e-01 +1.8244e+00 +5.6741e-01 +5.1033e-02 -2.9545e+00
47 0 +3.074732753e+04 +3.128571753e+04 +3.128571753e+04 +1.6512e+00 +2.3782e+00 -5.0021e-02 +2.0004e+00 -2.5856e+00
58 0 +3.565570280e+03 +4.103960280e+03 +4.103960280e+03 +2.6308e+00 +3.7675e+00 -2.2835e-01 +1.2963e+00 -1.1648e+00
63 0 +1.751198673e+03 +2.289588673e+03 +2.289588673e+03 +3.6460e+00 +2.2128e+00 -7.6525e-01 +1.6390e+00 -4.1415e+00
67 0 +1.346282589e+03 +1.884672589e+03 +1.884672589e+03 +3.4248e+00 +1.8209e+00 +1.0091e-01 +2.2954e+00 -6.2080e+00
68 0 +1.727870521e+01 +5.556687052e+02 +5.556687052e+02 +2.7607e+00 +4.5053e+00 +1.0567e+00 +9.7882e-01 -1.5449e+00
169 0 +1.438200311e+01 +5.527720031e+02 +5.527720031e+02 +2.8513e+00 +3.3306e+00 -3.9200e-01 +1.1057e+00 -2.5435e+00
177 0 +1.356781220e+01 +5.519578122e+02 +5.519578122e+02 +2.9976e+00 +3.2363e+00 -2.9726e-01 +1.3236e+00 -3.0404e+00
182 0 +1.254975166e+01 +5.509397517e+02 +5.509397517e+02 +2.9763e+00 +4.2378e+00 +1.3319e-01 +1.7052e+00 -2.6599e+00
188 0 +1.209421499e+01 +5.504842150e+02 +5.504842150e+02 +2.7183e+00 +3.3002e+00 -2.7543e-01 +1.4024e+00 -2.4804e+00
190 0 +1.177696005e+01 +5.501669601e+02 +5.501669601e+02 +3.3289e+00 +3.5473e+00 -4.8066e-02 +1.9562e+00 -3.1247e+00
195 0 +1.005007498e+01 +5.484400750e+02 +5.484400750e+02 +2.9009e+00 +3.3676e+00 +8.5482e-02 +1.6154e+00 -2.7275e+00
197 0 +6.890812365e+00 +5.452808124e+02 +5.452808124e+02 +2.8893e+00 +3.7134e+00 -6.3922e-03 +2.1154e+00 -2.7504e+00
210 0 +5.969531534e+00 +5.443595315e+02 +5.443595315e+02 +3.4859e+00 +3.1977e+00 +9.9121e-02 +2.3798e+00 -2.9709e+00
216 0 +5.581013874e+00 +5.439710139e+02 +5.439710139e+02 +2.9690e+00 +3.4903e+00 +3.1255e-01 +2.1831e+00 -2.8275e+00
222 0 +3.545203978e+00 +5.419352040e+02 +5.419352040e+02 +3.0218e+00 +3.3419e+00 +4.5590e-01 +2.3665e+00 -2.7153e+00
234 0 +3.457758080e+00 +5.418477581e+02 +5.418477581e+02 +2.9861e+00 +3.3026e+00 +4.1173e-01 +2.4447e+00 -2.9443e+00
235 0 +2.702391483e+00 +5.410923915e+02 +5.410923915e+02 +3.0951e+00 +3.3652e+00 +4.4754e-01 +2.6093e+00 -2.9000e+00
260 0 +2.632777200e+00 +5.410227772e+02 +5.410227772e+02 +2.9559e+00 +3.4142e+00 +6.3947e-01 +2.6113e+00 -2.8518e+00
265 0 +2.545174044e+00 +5.409351740e+02 +5.409351740e+02 +3.0897e+00 +3.2791e+00 +5.2802e-01 +2.5919e+00 -2.8936e+00
275 0 +2.146801677e+00 +5.405368017e+02 +5.405368017e+02 +3.0652e+00 +3.1855e+00 +5.5171e-01 +2.6577e+00 -2.9139e+00
278 0 +1.986475212e+00 +5.403764752e+02 +5.403764752e+02 +3.1865e+00 +3.2717e+00 +6.9835e-01 +2.7516e+00 -2.9751e+00
282 0 +1.465158589e+00 +5.398551586e+02 +5.398551586e+02 +3.2084e+00 +3.2145e+00 +7.3306e-01 +2.8337e+00 -3.0115e+00
293 0 +1.350349102e+00 +5.397403491e+02 +5.397403491e+02 +3.1394e+00 +3.0835e+00 +7.2880e-01 +2.8680e+00 -3.0430e+00
307 0 +1.320695994e+00 +5.397106960e+02 +5.397106960e+02 +3.2222e+00 +3.1914e+00 +8.5603e-01 +2.9576e+00 -3.0484e+00
312 0 +1.295083516e+00 +5.396850835e+02 +5.396850835e+02 +3.2550e+00 +3.1803e+00 +8.9976e-01 +2.9879e+00 -3.0745e+00
316 0 +1.221218662e+00 +5.396112187e+02 +5.396112187e+02 +3.3337e+00 +3.0916e+00 +9.5272e-01 +3.0427e+00 -3.1573e+00
318 0 +9.490369178e-01 +5.393390369e+02 +5.393390369e+02 +3.2998e+00 +3.1052e+00 +8.8876e-01 +3.0527e+00 -3.1209e+00
324 0 +8.763063402e-01 +5.392663063e+02 +5.392663063e+02 +3.2770e+00 +3.0748e+00 +9.1270e-01 +3.0260e+00 -3.0569e+00
338 0 +8.598583511e-01 +5.392498584e+02 +5.392498584e+02 +3.2579e+00 +3.1090e+00 +8.8110e-01 +3.0478e+00 -3.0842e+00
344 0 +8.012041570e-01 +5.391912042e+02 +5.391912042e+02 +3.2434e+00 +3.0664e+00 +7.9042e-01 +2.9895e+00 -3.0150e+00
348 0 +7.343042501e-01 +5.391243043e+02 +5.391243043e+02 +3.3123e+00 +3.0087e+00 +8.1900e-01 +3.0591e+00 -3.0991e+00
359 0 +7.103615114e-01 +5.391003615e+02 +5.391003615e+02 +3.3118e+00 +3.0028e+00 +8.6083e-01 +3.1018e+00 -3.0945e+00
361 0 +6.864973108e-01 +5.390764973e+02 +5.390764973e+02 +3.3143e+00 +2.9931e+00 +8.4701e-01 +3.1174e+00 -3.1158e+00
372 0 +6.071623111e-01 +5.389971623e+02 +5.389971623e+02 +3.3408e+00 +2.9979e+00 +8.6763e-01 +3.1490e+00 -3.0961e+00
381 0 +5.384004402e-01 +5.389284004e+02 +5.389284004e+02 +3.3082e+00 +2.9670e+00 +8.3323e-01 +3.1367e+00 -3.0918e+00
395 0 +5.295422860e-01 +5.389195423e+02 +5.389195423e+02 +3.3458e+00 +2.9607e+00 +8.6454e-01 +3.1633e+00 -3.1103e+00
411 0 +5.214953983e-01 +5.389114954e+02 +5.389114954e+02 +3.3429e+00 +2.9598e+00 +8.6341e-01 +3.1615e+00 -3.1040e+00
433 0 +5.106976371e-01 +5.389006976e+02 +5.389006976e+02 +3.3341e+00 +2.9580e+00 +8.6078e-01 +3.1599e+00 -3.1000e+00
471 0 +4.996673005e-01 +5.388896673e+02 +5.388896673e+02 +3.3391e+00 +2.9569e+00 +8.6034e-01 +3.1635e+00 -3.0998e+00
481 0 +4.875036224e-01 +5.388775036e+02 +5.388775036e+02 +3.3411e+00 +2.9512e+00 +8.6104e-01 +3.1673e+00 -3.1018e+00
504 0 +4.814277368e-01 +5.388714277e+02 +5.388714277e+02 +3.3418e+00 +2.9477e+00 +8.6008e-01 +3.1677e+00 -3.1012e+00
% f evaluations | g evaluations | best noise-free fitness - Fopt (-1.055600000000e+02) + sum g_i+ | measured fitness | best measured fitness or single-digit g-values | x1 | x2...
1 0 +8.852771624e+04 +8.842215624e+04 +8.842215624e+04 +2.6193e-01 +5.5661e-01 +4.3152e-01 -5.8552e-01 -2.9804e-01
10 0 +7.946469522e+04 +7.935913522e+04 +7.935913522e+04 +4.7460e-01 +6.7782e-01 +2.9740e-01 -4.9715e-01 -5.4282e-01
17 0 +6.946001063e+04 +6.935445063e+04 +6.935445063e+04 +9.0430e-01 +3.9060e-01 +1.5538e-01 -1.0021e+00 -1.0733e+00
20 0 +6.715635687e+04 +6.705079687e+04 +6.705079687e+04 +3.8256e-01 +8.7075e-02 +8.2209e-01 -6.8780e-01 -5.1835e-01
21 0 +6.578826557e+04 +6.568270557e+04 +6.568270557e+04 -9.2733e-02 +8.5395e-01 +4.9565e-01 -6.9726e-01 -1.1434e+00
23 0 +6.212119104e+04 +6.201563104e+04 +6.201563104e+04 +4.8007e-01 +6.4944e-01 +1.1331e+00 -6.6934e-01 -5.3366e-01
26 0 +4.184465132e+04 +4.173909132e+04 +4.173909132e+04 +6.6140e-01 +1.4466e+00 +1.2181e+00 -1.7163e+00 -1.0421e+00
27 0 +2.265334194e+04 +2.254778194e+04 +2.254778194e+04 +8.0540e-01 +9.7232e-01 +2.3313e+00 -1.2941e+00 -7.9213e-01
33 0 +1.388881378e+04 +1.378325378e+04 +1.378325378e+04 +6.5109e-01 +4.9811e-01 +2.4042e+00 -1.8097e+00 -1.8380e+00
36 0 +1.325669262e+04 +1.315113262e+04 +1.315113262e+04 +1.1126e+00 -1.2531e-01 +2.2227e+00 -1.4113e+00 -1.9808e+00
41 0 +9.050446158e+03 +8.944886158e+03 +8.944886158e+03 +1.2409e+00 +1.1279e+00 +3.8465e+00 -3.8118e+00 -2.6554e+00
45 0 +6.681224798e+03 +6.575664798e+03 +6.575664798e+03 +1.2579e+00 +1.0337e+00 +4.1938e+00 -2.6733e+00 -3.8834e+00
46 0 +6.397666647e+01 -4.158333353e+01 -4.158333353e+01 +1.4854e+00 +1.1222e+00 +3.5034e+00 -2.5801e+00 -2.5979e+00
69 0 +1.920463522e+01 -8.635536478e+01 -8.635536478e+01 +1.4040e+00 -1.9068e+00 +4.8377e+00 -1.5850e+00 -3.0967e+00
117 0 +1.008411243e+01 -9.547588757e+01 -9.547588757e+01 +1.7517e+00 -2.2224e+00 +3.9044e+00 -5.4340e-01 -2.4294e+00
154 0 +8.511123471e+00 -9.704887653e+01 -9.704887653e+01 +2.0396e+00 -2.1668e+00 +3.8676e+00 -3.9190e-01 -2.6529e+00
189 0 +7.669814461e+00 -9.789018554e+01 -9.789018554e+01 +1.5439e+00 -2.6487e+00 +3.8648e+00 -1.0450e-01 -2.4703e+00
214 0 +6.983945071e+00 -9.857605493e+01 -9.857605493e+01 +1.4785e+00 -2.7460e+00 +3.9266e+00 -1.9423e-01 -2.5043e+00
218 0 +6.878206825e+00 -9.868179318e+01 -9.868179318e+01 +1.5276e+00 -2.5564e+00 +3.8256e+00 -2.8442e-01 -2.6317e+00
227 0 +5.724624155e+00 -9.983537584e+01 -9.983537584e+01 +1.4418e+00 -3.0715e+00 +4.0339e+00 -1.2951e-01 -2.7359e+00
235 0 +4.270232367e+00 -1.012897676e+02 -1.012897676e+02 +1.2317e+00 -3.2826e+00 +3.8291e+00 -5.8651e-02 -2.8778e+00
242 0 +4.104410080e+00 -1.014555899e+02 -1.014555899e+02 +1.5044e+00 -2.9300e+00 +3.8551e+00 -2.9080e-01 -2.9417e+00
244 0 +3.167263152e+00 -1.023927368e+02 -1.023927368e+02 +1.3495e+00 -3.1538e+00 +3.8314e+00 -2.9817e-01 -2.9817e+00
311 0 +3.126899096e+00 -1.024331009e+02 -1.024331009e+02 +1.4065e+00 -3.1335e+00 +3.9145e+00 -3.6472e-01 -2.9073e+00
314 0 +2.933155717e+00 -1.026268443e+02 -1.026268443e+02 +1.3325e+00 -3.2324e+00 +3.8724e+00 -3.1296e-01 -2.9944e+00
315 0 +2.716463481e+00 -1.028435365e+02 -1.028435365e+02 +1.4356e+00 -3.1244e+00 +3.8457e+00 -3.8303e-01 -2.9184e+00
325 0 +2.587740529e+00 -1.029722595e+02 -1.029722595e+02 +1.4655e+00 -3.1111e+00 +3.7990e+00 -3.8351e-01 -2.8898e+00
330 0 +2.544565649e+00 -1.030154344e+02 -1.030154344e+02 +1.4469e+00 -3.0821e+00 +3.7475e+00 -3.9629e-01 -2.9423e+00
357 0 +2.475313413e+00 -1.030846866e+02 -1.030846866e+02 +1.4825e+00 -3.0112e+00 +3.6658e+00 -4.1808e-01 -2.9038e+00
377 0 +2.440435983e+00 -1.031195640e+02 -1.031195640e+02 +1.4814e+00 -3.0441e+00 +3.6939e+00 -4.1790e-01 -2.9219e+00
460 0 +2.398803380e+00 -1.031611966e+02 -1.031611966e+02 +1.4776e+00 -3.0520e+00 +3.6896e+00 -4.2230e-01 -2.9339e+00
504 0 +2.374000313e+00 -1.031859997e+02 -1.031859997e+02 +1.4693e+00 -3.0654e+00 +3.6879e+00 -4.1824e-01 -2.9405e+00
% f evaluations | g evaluations | best noise-free fitness - Fopt (9.803000000000e+01) + sum g_i+ | measured fitness | best measured fitness or single-digit g-values | x1 | x2...
1 0 +7.275336896e+04 +7.285139896e+04 +7.285139896e+04 +3.0917e-01 +3.2772e-01 -2.4938e-01 -2.4693e-01 +2.8224e-01
3 0 +7.194552360e+04 +7.204355360e+04 +7.204355360e+04 -1.1035e-01 -1.0635e-01 -4.0816e-01 -1.0373e-01 -2.0078e-02
6 0 +6.931875501e+04 +6.941678501e+04 +6.941678501e+04 -1.0684e-01 +4.4289e-01 +2.5959e-01 -1.2018e-01 -2.6157e-01
8 0 +6.670498114e+04 +6.680301114e+04 +6.680301114e+04 -2.9985e-01 -6.9276e-01 +1.8668e-01 -1.0461e-01 -4.7659e-01
9 0 +6.555716065e+04 +6.565519065e+04 +6.565519065e+04 -2.0101e-01 -1.9922e-01 +2.2192e-01 -2.9611e-01 -1.5250e-01
13 0 +6.310354409e+04 +6.320157409e+04 +6.320157409e+04 -1.6317e-01 -8.5391e-01 -8.1802e-02 -4.1655e-01 -4.4161e-01
17 0 +6.090796667e+04 +6.100599667e+04 +6.100599667e+04 -5.2197e-01 -4.2817e-01 -1.6042e-02 -6.0217e-01 -4.9011e-01
21 0 +3.910891247e+04 +3.920694247e+04 +3.920694247e+04 -5.9786e-02 -6.3493e-01 -2.5548e-03 -7.9826e-01 -7.1793e-01
26 0 +3.359659689e+04 +3.369462689e+04 +3.369462689e+04 +7.7451e-02 -8.8889e-01 +1.4451e-01 -1.0121e+00 -9.6417e-01
29 0 +2.891912029e+04 +2.901715029e+04 +2.901715029e+04 -6.5818e-01 -1.3527e+00 +2.4004e-01 -9.9917e-01 -1.9638e+00
34 0 +9.912893342e+03 +1.001092334e+04 +1.001092334e+04 +5.0430e-01 +3.6726e-02 -4.1351e-01 -2.7220e+00 -1.3843e+00
40 0 +4.381307607e+03 +4.479337607e+03 +4.479337607e+03 -4.2165e-01 -1.1684e+00 -4.9133e-01 -1.4689e+00 -2.7846e+00
41 0 +8.669213662e+01 +1.847221366e+02 +1.847221366e+02 -4.1346e-01 -1.5684e+00 +8.1595e-01 -2.1579e+00 -3.4894e+00
54 0 +6.032860324e+01 +1.583586032e+02 +1.583586032e+02 -4.6051e-02 -1.1315e+00 +9.7121e-01 -3.1014e+00 -3.7402e+00
56 0 +4.912125316e+01 +1.471512532e+02 +1.471512532e+02 +4.4196e-01 -1.2820e+00 +1.1312e+00 -2.1495e+00 -3.1722e+00
57 0 +4.127262039e+01 +1.393026204e+02 +1.393026204e+02 -2.8820e-02 -1.4320e+00 +1.0928e+00 -2.4040e+00 -5.4012e+00
66 0 +3.991873564e+01 +1.379487356e+02 +1.379487356e+02 +6.8072e-02 -3.5314e+00 -2.6024e-01 -2.3723e+00 -4.7321e+00
93 0 +1.252387419e+01 +1.105538742e+02 +1.105538742e+02 +3.2815e-01 -2.1890e+00 -1.0635e+00 -2.0235e+00 -5.2977e+00
150 0 +1.152629677e+01 +1.095562968e+02 +1.095562968e+02 +1.1041e-01 -2.9292e+00 -1.4391e+00 -1.5187e+00 -5.4620e+00
154 0 +9.986622812e+00 +1.080166228e+02 +1.080166228e+02 +6.6013e-01 -1.5167e+00 -1.3920e+00 -1.9979e+00 -4.8013e+00
166 0 +6.844673389e+00 +1.048746734e+02 +1.048746734e+02 +4.3310e-01 -1.9102e+00 -1.7715e+00 -1.7347e+00 -5.3840e+00
173 0 +6.545211247e+00 +1.045752112e+02 +1.045752112e+02 -3.8201e-02 -1.5783e+00 -2.0167e+00 -1.7580e+00 -5.4360e+00
186 0 +4.804022083e+00 +1.028340221e+02 +1.028340221e+02 +1.7740e-01 -1.6629e+00 -2.2473e+00 -1.7083e+00 -5.0574e+00
202 0 +3.246325693e+00 +1.012763257e+02 +1.012763257e+02 -2.0089e-01 -1.7971e+00 -2.3987e+00 -1.5505e+00 -4.9226e+00
232 0 +3.215082125e+00 +1.012450821e+02 +1.012450821e+02 -6.8452e-02 -1.8827e+00 -2.4692e+00 -1.5088e+00 -4.9566e+00
237 0 +3.101496040e+00 +1.011314960e+02 +1.011314960e+02 -1.7629e-01 -2.0232e+00 -2.5981e+00 -1.4518e+00 -5.0763e+00
242 0 +3.033013069e+00 +1.010630131e+02 +1.010630131e+02 -1.1559e-01 -1.7877e+00 -2.5890e+00 -1.4633e+00 -5.0362e+00
247 0 +2.778252663e+00 +1.008082527e+02 +1.008082527e+02 -4.8743e-02 -1.7400e+00 -2.5552e+00 -1.5561e+00 -4.6715e+00
250 0 +2.642313287e+00 +1.006723133e+02 +1.006723133e+02 -8.7433e-02 -1.7622e+00 -2.6018e+00 -1.4592e+00 -4.8218e+00
255 0 +2.372213550e+00 +1.004022135e+02 +1.004022135e+02 -2.0964e-01 -1.8398e+00 -2.7186e+00 -1.4217e+00 -4.7825e+00
256 0 +2.301932760e+00 +1.003319328e+02 +1.003319328e+02 -1.1174e-01 -1.5849e+00 -2.6792e+00 -1.4603e+00 -4.5607e+00
261 0 +2.238435663e+00 +1.002684357e+02 +1.002684357e+02 -2.7192e-01 -1.7381e+00 -2.6858e+00 -1.4277e+00 -4.7623e+00
272 0 +1.807164735e+00 +9.983716474e+01 +9.983716474e+01 -2.3092e-01 -1.5524e+00 -2.7638e+00 -1.4358e+00 -4.5762e+00
282 0 +1.479227570e+00 +9.950922757e+01 +9.950922757e+01 -3.0425e-01 -1.7005e+00 -2.8668e+00 -1.3813e+00 -4.6056e+00
289 0 +1.411836643e+00 +9.944183664e+01 +9.944183664e+01 -2.8559e-01 -1.5563e+00 -2.8668e+00 -1.3787e+00 -4.5253e+00
290 0 +1.378591339e+00 +9.940859134e+01 +9.940859134e+01 -3.8726e-01 -1.6293e+00 -2.8687e+00 -1.3031e+00 -4.6359e+00
300 0 +1.171221333e+00 +9.920122133e+01 +9.920122133e+01 -4.0889e-01 -1.6005e+00 -2.9850e+00 -1.3025e+00 -4.4870e+00
316 0 +1.143978724e+00 +9.917397872e+01 +9.917397872e+01 -4.2456e-01 -1.6039e+00 -2.9731e+00 -1.2619e+00 -4.4953e+00
335 0 +1.001460816e+00 +9.903146082e+01 +9.903146082e+01 -4.5209e-01 -1.5961e+00 -2.9819e+00 -1.2871e+00 -4.4737e+00
339 0 +9.431075072e-01 +9.897310751e+01 +9.897310751e+01 -4.4722e-01 -1.5441e+00 -2.9827e+00 -1.2975e+00 -4.4383e+00
344 0 +8.447182663e-01 +9.887471827e+01 +9.887471827e+01 -4.7204e-01 -1.5541e+00 -3.0212e+00 -1.3000e+00 -4.4316e+00
349 0 +7.840037295e-01 +9.881400373e+01 +9.881400373e+01 -4.7634e-01 -1.5388e+00 -3.0132e+00 -1.2686e+00 -4.4070e+00
353 0 +7.734525185e-01 +9.880345252e+01 +9.880345252e+01 -4.8050e-01 -1.5390e+00 -3.0526e+00 -1.2732e+00 -4.4151e+00
361 0 +7.490727550e-01 +9.877907275e+01 +9.877907275e+01 -4.7996e-01 -1.5248e+00 -3.0693e+00 -1.2859e+00 -4.3770e+00
369 0 +7.314238468e-01 +9.876142385e+01 +9.876142385e+01 -5.2153e-01 -1.5383e+00 -3.0839e+00 -1.2698e+00 -4.3906e+00
387 0 +6.296830226e-01 +9.865968302e+01 +9.865968302e+01 -5.7375e-01 -1.4885e+00 -3.1196e+00 -1.2544e+00 -4.3327e+00
419 0 +5.946464775e-01 +9.862464648e+01 +9.862464648e+01 -5.7709e-01 -1.4866e+00 -3.1356e+00 -1.2495e+00 -4.3236e+00
425 0 +5.703038270e-01 +9.860030383e+01 +9.860030383e+01 -5.8179e-01 -1.4787e+00 -3.1395e+00 -1.2496e+00 -4.3155e+00
431 0 +5.576494294e-01 +9.858764943e+01 +9.858764943e+01 -5.8719e-01 -1.4884e+00 -3.1483e+00 -1.2424e+00 -4.3220e+00
452 0 +5.439517360e-01 +9.857395174e+01 +9.857395174e+01 -5.9156e-01 -1.4822e+00 -3.1490e+00 -1.2479e+00 -4.3159e+00
459 0 +5.030013347e-01 +9.853300133e+01 +9.853300133e+01 -5.9745e-01 -1.4756e+00 -3.1600e+00 -1.2429e+00 -4.3033e+00
467 0 +4.986050807e-01 +9.852860508e+01 +9.852860508e+01 -6.0166e-01 -1.4835e+00 -3.1657e+00 -1.2426e+00 -4.3077e+00
475 0 +4.775598431e-01 +9.850755984e+01 +9.850755984e+01 -6.0458e-01 -1.4781e+00 -3.1707e+00 -1.2391e+00 -4.2993e+00
488 0 +4.673040171e-01 +9.849730402e+01 +9.849730402e+01 -6.0488e-01 -1.4715e+00 -3.1748e+00 -1.2376e+00 -4.2919e+00
498 0 +4.535495673e-01 +9.848354957e+01 +9.848354957e+01 -6.0974e-01 -1.4723e+00 -3.1814e+00 -1.2346e+00 -4.2907e+00
499 0 +4.404274842e-01 +9.847042748e+01 +9.847042748e+01 -6.1519e-01 -1.4686e+00 -3.1886e+00 -1.2333e+00 -4.2841e+00
504 0 +4.404274842e-01 +9.847042748e+01 +9.847042748e+01 -6.1519e-01 -1.4686e+00 -3.1886e+00 -1.2333e+00 -4.2841e+00
% f evaluations | g evaluations | best noise-free fitness - Fopt (1.000000000000e+03) + sum g_i+ | measured fitness | best measured fitness or single-digit g-values | x1 | x2...
1 0 +7.665585134e+04 +7.765585134e+04 +7.765585134e+04 +3.4508e-01 +1.7093e-01 -2.6311e-01 -1.1890e-01 -6.2882e-01
2 0 +4.561498968e+04 +4.661498968e+04 +4.661498968e+04 +2.9906e-02 +5.2422e-01 +2.3443e-02 -1.0662e+00 +7.0377e-02
9 0 +3.480588305e+04 +3.580588305e+04 +3.580588305e+04 -1.8738e-01 +3.8822e-01 +1.6678e-01 -1.2107e+00 +2.6591e-01
10 0 +3.377300545e+04 +3.477300545e+04 +3.477300545e+04 +6.1478e-01 -1.1616e-01 -2.2791e-03 -9.5999e-01 +9.9867e-02
15 0 +1.998958252e+04 +2.098958252e+04 +2.098958252e+04 -1.4789e-01 -2.0073e-02 +4.8461e-01 -1.3563e+00 +4.6877e-01
19 0 +1.265567140e+04 +1.365567140e+04 +1.365567140e+04 -1.8580e-01 -6.9294e-02 +8.1854e-01 -1.7165e+00 +2.6550e-01
21 0 +1.103514228e+04 +1.203514228e+04 +1.203514228e+04 +5.9604e-01 -9.4983e-02 +6.4815e-01 -1.9802e+00 -9.2568e-02
25 0 +8.652311145e+03 +9.652311145e+03 +9.652311145e+03 +1.1548e+00 +7.6519e-01 +1.2400e+00 -1.8350e+00 +2.7444e-01
26 0 +6.461185224e+03 +7.461185224e+03 +7.461185224e+03 +1.1597e+00 -6.6052e-01 +5.4009e-01 -1.6275e+00 +4.3960e-01
28 0 +4.144149308e+03 +5.144149308e+03 +5.144149308e+03 +6.4134e-01 +4.1416e-01 +1.7885e+00 -2.0983e+00 -4.2319e-01
33 0 +3.685918435e+03 +4.685918435e+03 +4.685918435e+03 +9.5413e-01 +1.1257e-01 +1.5538e+00 -2.1700e+00 -5.1702e-01
36 0 +9.965347130e+02 +1.996534713e+03 +1.996534713e+03 -9.0696e-02 -7.6588e-01 +1.0991e+00 -2.6893e+00 -2.7567e-01
37 0 +6.457474589e+01 +1.064574746e+03 +1.064574746e+03 +1.5838e+00 +2.8811e-03 +1.2286e+00 -3.3908e+00 +1.3335e-01
40 0 +3.840280864e+01 +1.038402809e+03 +1.038402809e+03 +8.7384e-01 +7.3246e-01 +3.0554e+00 -2.2370e+00 -6.2468e-01
114 0 +2.886706077e+01 +1.028867061e+03 +1.028867061e+03 +2.3691e-02 +5.3520e-01 +3.8779e+00 -2.1367e+00 -7.0483e-01
145 0 +2.641363731e+01 +1.026413637e+03 +1.026413637e+03 -4.4050e-01 +5.1020e-01 +3.7297e+00 -2.2988e+00 -1.0556e+00
158 0 +2.550410019e+01 +1.025504100e+03 +1.025504100e+03 -4.5880e-01 +4.8396e-01 +3.8445e+00 -2.2294e+00 -1.0199e+00
165 0 +2.327975137e+01 +1.023279751e+03 +1.023279751e+03 -4.7418e-01 +3.8759e-02 +4.0694e+00 -1.7923e+00 -1.3070e+00
186 0 +1.870073567e+01 +1.018700736e+03 +1.018700736e+03 -4.3090e-01 -6.4785e-02 +4.0327e+00 -1.4544e+00 -9.9052e-01
210 0 +1.729605281e+01 +1.017296053e+03 +1.017296053e+03 -5.3284e-01 -1.6861e-01 +3.9854e+00 -1.4978e+00 -9.6821e-01
219 0 +1.680229721e+01 +1.016802297e+03 +1.016802297e+03 -5.8789e-01 -8.4130e-02 +3.9412e+00 -1.5069e+00 -1.0492e+00
227 0 +1.442339545e+01 +1.014423395e+03 +1.014423395e+03 -5.6260e-01 -1.6040e-01 +3.8795e+00 -1.3726e+00 -1.0713e+00
239 0 +1.409937413e+01 +1.014099374e+03 +1.014099374e+03 -7.4904e-01 -2.2041e-01 +3.8961e+00 -1.4531e+00 -1.1359e+00
245 0 +1.344847287e+01 +1.013448473e+03 +1.013448473e+03 -6.2335e-01 -2.5027e-01 +3.9158e+00 -1.3308e+00 -1.0199e+00
262 0 +1.313520392e+01 +1.013135204e+03 +1.013135204e+03 -6.5843e-01 -3.1217e-01 +3.9342e+00 -1.3157e+00 -1.0010e+00
270 0 +1.274695560e+01 +1.012746956e+03 +1.012746956e+03 -6.4208e-01 -2.6734e-01 +3.8927e+00 -1.2404e+00 -9.8310e-01
275 0 +1.255574702e+01 +1.012555747e+03 +1.012555747e+03 -6.9566e-01 -4.0975e-01 +3.8975e+00 -1.1778e+00 -9.8347e-01
504 0 +1.235597950e+01 +1.012355980e+03 +1.012355980e+03 -7.7082e-01 -4.3089e-01 +3.8890e+00 -1.1421e+00 -9.5930e-01
% f evaluations | g evaluations | best noise-free fitness - Fopt (1.490000000000e+00) + sum g_i+ | measured fitness | best measured fitness or single-digit g-values | x1 | x2...
1 0 +2.258984710e+02 +2.273884710e+02 +2.273884710e+02 +1.1731e-01 +6.6910e-01 +1.8305e-01 +6.0563e-01 +3.2210e-01
2 0 +2.162605863e+02 +2.177505863e+02 +2.177505863e+02 -1.6946e-01 -2.6892e-01 +3.9086e-02 +5.6027e-01 +1.0199e-01
6 0 +2.130704578e+02 +2.145604578e+02 +2.145604578e+02 +8.5034e-03 -5.2646e-01 -7.0710e-02 +3.2288e-01 +1.9458e-01
7 0 +1.897478678e+02 +1.912378678e+02 +1.912378678e+02 +2.5283e-01 -4.1482e-01 -2.6948e-01 -3.2569e-01 +5.0900e-01
17 0 +1.334147533e+02 +1.349047533e+02 +1.349047533e+02 +8.7535e-01 -1.1978e+00 -4.3688e-01 -2.4810e-01 +7.9004e-01
18 0 +1.301679150e+02 +1.316579150e+02 +1.316579150e+02 +1.6820e-01 -7.7046e-01 -1.0094e+00 -6.5170e-03 +9.8480e-01
25 0 +1.253928380e+02 +1.268828380e+02 +1.268828380e+02 +8.5182e-01 -1.4455e+00 -5.0570e-01 +3.1282e-01 +1.3630e+00
26 0 +1.087542889e+02 +1.102442889e+02 +1.102442889e+02 +7.8313e-01 -1.3946e+00 -8.9149e-01 -7.3922e-01 +1.5448e+00
38 0 +7.505903739e+01 +7.654903739e+01 +7.654903739e+01 +1.1556e+00 -1.7112e+00 -1.3153e+00 -5.0464e-01 +2.2519e+00
41 0 +5.530710347e+01 +5.679710347e+01 +5.679710347e+01 +2.6403e+00 -2.3089e+00 -6.9762e-01 -1.1902e+00 +3.1703e+00
52 0 +3.702723471e+01 +3.851723471e+01 +3.851723471e+01 +2.4925e+00 -3.5618e+00 -1.9260e+00 -5.6399e-02 +3.4787e+00
62 0 +2.575619922e+01 +2.724619922e+01 +2.724619922e+01 +2.1962e+00 -3.7832e+00 -1.6963e+00 -1.3981e+00 +3.4663e+00
72 0 +2.332792892e+01 +2.481792892e+01 +2.481792892e+01 +4.5481e+00 -1.7105e+00 -3.1948e+00 -3.9820e-01 +2.8175e+00
146 0 +1.210897815e+01 +1.359897815e+01 +1.359897815e+01 +3.1183e+00 -2.7811e+00 -2.4107e+00 -1.8288e+00 +3.6416e+00
172 0 +1.128015089e+01 +1.277015089e+01 +1.277015089e+01 +3.0795e+00 -1.9864e+00 -2.7685e+00 -1.8811e+00 +3.3957e+00
175 0 +1.102538818e+01 +1.251538818e+01 +1.251538818e+01 +3.3219e+00 -2.6388e+00 -2.6302e+00 -1.8118e+00 +3.2532e+00
179 0 +7.797945304e+00 +9.287945304e+00 +9.287945304e+00 +3.1477e+00 -2.2313e+00 -2.7922e+00 -2.0841e+00 +3.2148e+00
204 0 +6.331307812e+00 +7.821307812e+00 +7.821307812e+00 +3.2565e+00 -1.9965e+00 -3.1385e+00 -2.1303e+00 +2.9970e+00
213 0 +5.877332283e+00 +7.367332283e+00 +7.367332283e+00 +3.4526e+00 -2.3132e+00 -3.0469e+00 -2.0424e+00 +3.1514e+00
232 0 +5.120376360e+00 +6.610376360e+00 +6.610376360e+00 +3.5394e+00 -2.2420e+00 -3.1755e+00 -2.0746e+00 +2.9711e+00
233 0 +3.991599515e+00 +5.481599515e+00 +5.481599515e+00 +3.4490e+00 -2.3317e+00 -3.2001e+00 -2.1713e+00 +3.1498e+00
254 0 +3.871805824e+00 +5.361805824e+00 +5.361805824e+00 +3.5542e+00 -2.2902e+00 -3.1536e+00 -2.2284e+00 +3.1647e+00
257 0 +3.535190578e+00 +5.025190578e+00 +5.025190578e+00 +3.4324e+00 -2.2292e+00 -3.2312e+00 -2.2598e+00 +3.1592e+00
266 0 +2.896789045e+00 +4.386789045e+00 +4.386789045e+00 +3.5044e+00 -2.1465e+00 -3.3144e+00 -2.2961e+00 +3.1197e+00
279 0 +2.772897448e+00 +4.262897448e+00 +4.262897448e+00 +3.5239e+00 -2.1590e+00 -3.3474e+00 -2.2987e+00 +3.0683e+00
285 0 +2.586708254e+00 +4.076708254e+00 +4.076708254e+00 +3.5038e+00 -2.1555e+00 -3.3695e+00 -2.3348e+00 +3.0966e+00
286 0 +2.514391952e+00 +4.004391952e+00 +4.004391952e+00 +3.5395e+00 -2.1544e+00 -3.3784e+00 -2.3467e+00 +3.0838e+00
294 0 +2.474165050e+00 +3.964165050e+00 +3.964165050e+00 +3.5106e+00 -2.1493e+00 -3.3931e+00 -2.3490e+00 +3.1182e+00
297 0 +2.369891543e+00 +3.859891543e+00 +3.859891543e+00 +3.5583e+00 -2.1332e+00 -3.4083e+00 -2.3595e+00 +3.1021e+00
312 0 +2.320391774e+00 +3.810391774e+00 +3.810391774e+00 +3.5337e+00 -2.1361e+00 -3.4101e+00 -2.3889e+00 +3.0892e+00
325 0 +2.100600433e+00 +3.590600433e+00 +3.590600433e+00 +3.5615e+00 -2.1334e+00 -3.4283e+00 -2.4053e+00 +3.0962e+00
329 0 +2.038104821e+00 +3.528104821e+00 +3.528104821e+00 +3.5449e+00 -2.1090e+00 -3.4333e+00 -2.4245e+00 +3.0999e+00
330 0 +1.963763443e+00 +3.453763443e+00 +3.453763443e+00 +3.5700e+00 -2.1184e+00 -3.4503e+00 -2.4091e+00 +3.0880e+00
338 0 +1.576821256e+00 +3.066821256e+00 +3.066821256e+00 +3.5871e+00 -2.1002e+00 -3.4766e+00 -2.4532e+00 +3.0904e+00
350 0 +1.503244695e+00 +2.993244695e+00 +2.993244695e+00 +3.6112e+00 -2.0852e+00 -3.4862e+00 -2.4596e+00 +3.0759e+00
371 0 +1.473668737e+00 +2.963668737e+00 +2.963668737e+00 +3.6061e+00 -2.0888e+00 -3.4959e+00 -2.4544e+00 +3.0974e+00
378 0 +1.444533735e+00 +2.934533735e+00 +2.934533735e+00 +3.6153e+00 -2.0638e+00 -3.5058e+00 -2.4611e+00 +3.0821e+00
390 0 +1.388921734e+00 +2.878921734e+00 +2.878921734e+00 +3.6300e+00 -2.0612e+00 -3.5228e+00 -2.4734e+00 +3.0823e+00
394 0 +1.375144168e+00 +2.865144168e+00 +2.865144168e+00 +3.6405e+00 -2.0524e+00 -3.5297e+00 -2.4836e+00 +3.0778e+00
410 0 +1.334777774e+00 +2.824777774e+00 +2.824777774e+00 +3.6662e+00 -2.0314e+00 -3.5571e+00 -2.5027e+00 +3.0734e+00
423 0 +1.310848664e+00 +2.800848664e+00 +2.800848664e+00 +3.6700e+00 -2.0287e+00 -3.5624e+00 -2.5109e+00 +3.0690e+00
445 0 +1.157243414e+00 +2.647243414e+00 +2.647243414e+00 +3.6904e+00 -2.0001e+00 -3.5889e+00 -2.5305e+00 +3.0637e+00
458 0 +1.119797464e+00 +2.609797464e+00 +2.609797464e+00 +3.6973e+00 -1.9899e+00 -3.5914e+00 -2.5380e+00 +3.0547e+00
466 0 +9.150295660e-01 +2.405029566e+00 +2.405029566e+00 +3.7155e+00 -1.9679e+00 -3.6151e+00 -2.5594e+00 +3.0486e+00
470 0 +8.666829351e-01 +2.356682935e+00 +2.356682935e+00 +3.7201e+00 -1.9672e+00 -3.6206e+00 -2.5651e+00 +3.0482e+00
487 0 +7.885112891e-01 +2.278511289e+00 +2.278511289e+00 +3.7394e+00 -1.9479e+00 -3.6346e+00 -2.5785e+00 +3.0374e+00
490 0 +7.454665331e-01 +2.235466533e+00 +2.235466533e+00 +3.7485e+00 -1.9426e+00 -3.6468e+00 -2.5928e+00 +3.0407e+00
492 0 +6.873149047e-01 +2.177314905e+00 +2.177314905e+00 +3.7893e+00 -1.9038e+00 -3.6920e+00 -2.6282e+00 +3.0230e+00
504 0 +6.873149047e-01 +2.177314905e+00 +2.177314905e+00 +3.7893e+00 -1.9038e+00 -3.6920e+00 -2.6282e+00 +3.0230e+00
% f evaluations | g evaluations | best noise-free fitness - Fopt (5.963500000000e+02) + sum g_i+ | measured fitness | best measured fitness or single-digit g-values | x1 | x2...
1 0 +1.203855233e+05 +1.209818733e+05 +1.209818733e+05 -4.5387e-01 +3.5254e-01 -3.7873e-02 -2.4054e-01 -1.5164e-02
4 0 +1.198225189e+05 +1.204188689e+05 +1.204188689e+05 +1.1327e-01 +3.1054e-01 -2.2520e-01 +2.4795e-01 +4.7731e-01
10 0 +6.427472852e+04 +6.487107852e+04 +6.487107852e+04 -8.3986e-01 +9.9286e-01 +1.8117e-02 -1.5357e-01 +7.7643e-01
21 0 +6.154317472e+04 +6.213952472e+04 +6.213952472e+04 -2.3587e-01 +1.5584e+00 -2.2753e-01 -1.7632e-01 +9.6289e-01
26 0 +4.981577012e+04 +5.041212012e+04 +5.041212012e+04 -8.6622e-01 +1.8662e+00 -6.7383e-01 +3.6726e-01 +1.7780e+00
28 0 +4.339822511e+04 +4.399457511e+04 +4.399457511e+04 -7.0270e-01 +1.9344e+00 -3.3718e-01 +8.9203e-02 +1.4141e+00
30 0 +4.012073366e+04 +4.071708366e+04 +4.071708366e+04 -1.5840e+00 +1.8238e+00 -3.3639e-02 -6.9448e-01 -1.8763e-01
33 0 +3.320424682e+04 +3.380059682e+04 +3.380059682e+04 -1.8015e+00 +1.6512e+00 +2.3167e-01 -7.4116e-02 +5.6583e-01
35 0 +3.087974806e+04 +3.147609806e+04 +3.147609806e+04 -8.5304e-01 +1.5676e+00 +1.3101e+00 -1.2191e-01 +4.8874e-01
37 0 +2.719437112e+04 +2.779072112e+04 +2.779072112e+04 -1.4233e+00 +1.9980e+00 +1.7596e-01 +5.7966e-03 +1.8470e-01
44 0 +1.231626625e+04 +1.291261625e+04 +1.291261625e+04 -7.9733e-01 +3.1147e+00 -8.0037e-01 +3.6143e-01 +6.4755e-02
46 0 +1.205700768e+04 +1.265335768e+04 +1.265335768e+04 -5.1829e-01 +2.2694e+00 +8.6388e-01 +5.9720e-01 +6.9529e-01
51 0 +1.637260354e+02 +7.600760354e+02 +7.600760354e+02 -9.3373e-01 +4.3534e+00 -2.8551e-01 +5.5974e-01 -7.8484e-01
57 0 +9.781089941e+01 +6.941608994e+02 +6.941608994e+02 -9.4192e-01 +4.7035e+00 +1.1186e+00 +9.9513e-01 -1.1965e+00
59 0 +6.412881986e+01 +6.604788199e+02 +6.604788199e+02 -1.4685e+00 +3.3015e+00 +1.6488e+00 +1.7253e+00 -4.0002e-01
72 0 +6.265966015e+01 +6.590096601e+02 +6.590096601e+02 -2.3223e+00 +3.7934e+00 +1.7431e+00 +1.4902e+00 -4.9541e-01
76 0 +6.078733005e+01 +6.571373300e+02 +6.571373300e+02 -1.6499e+00 +4.2134e+00 +3.2976e+00 +2.5467e+00 -8.1068e-01
81 0 +5.545095097e+01 +6.518009510e+02 +6.518009510e+02 -1.7508e+00 +3.9440e+00 +3.3551e+00 +7.8850e-01 -4.7075e-01
88 0 +5.068536151e+01 +6.470353615e+02 +6.470353615e+02 -1.8286e+00 +4.3452e+00 +3.8487e+00 +3.1148e+00 +2.8525e-02
102 0 +4.809035647e+01 +6.444403565e+02 +6.444403565e+02 -8.0171e-01 +3.9145e+00 +4.1862e+00 +2.7094e+00 -2.8197e-02
112 0 +4.331369063e+01 +6.396636906e+02 +6.396636906e+02 -2.2343e+00 +3.9617e+00 +3.5731e+00 +1.7397e+00 +2.0748e-01
119 0 +3.642756785e+01 +6.327775679e+02 +6.327775679e+02 -2.2094e+00 +3.0273e+00 +3.6147e+00 +1.6118e+00 +3.7569e-01
125 0 +3.537247950e+01 +6.317224795e+02 +6.317224795e+02 -2.8277e+00 +3.0400e+00 +3.8153e+00 +1.9384e+00 +2.1680e-01
130 0 +3.221420332e+01 +6.285642033e+02 +6.285642033e+02 -2.6476e+00 +3.2841e+00 +3.4069e+00 +2.1007e+00 +6.4353e-01
137 0 +2.660058169e+01 +6.229505817e+02 +6.229505817e+02 -2.5672e+00 +2.8334e+00 +3.2531e+00 +2.4221e+00 +8.0839e-01
141 0 +2.310052043e+01 +6.194505204e+02 +6.194505204e+02 -2.6208e+00 +2.2506e+00 +4.0202e+00 +2.9129e+00 +1.0447e+00
163 0 +2.173875953e+01 +6.180887595e+02 +6.180887595e+02 -3.0242e+00 +2.1045e+00 +3.1500e+00 +2.1019e+00 +1.3399e+00
164 0 +2.084728457e+01 +6.171972846e+02 +6.171972846e+02 -3.0213e+00 +2.1914e+00 +2.8387e+00 +2.3596e+00 +1.5436e+00
169 0 +1.712202260e+01 +6.134720226e+02 +6.134720226e+02 -2.7442e+00 +2.2667e+00 +3.6342e+00 +2.4776e+00 +1.6533e+00
180 0 +1.417493543e+01 +6.105249354e+02 +6.105249354e+02 -2.8711e+00 +2.2792e+00 +3.6150e+00 +2.6703e+00 +1.9575e+00
182 0 +1.321940133e+01 +6.095694013e+02 +6.095694013e+02 -2.2287e+00 +1.4726e+00 +3.5332e+00 +2.7066e+00 +1.7659e+00
187 0 +1.142200670e+01 +6.077720067e+02 +6.077720067e+02 -2.6300e+00 +1.2425e+00 +3.1480e+00 +2.7752e+00 +2.2043e+00
196 0 +1.046301731e+01 +6.068130173e+02 +6.068130173e+02 -2.8085e+00 +1.6567e+00 +3.7701e+00 +2.9767e+00 +2.3266e+00
198 0 +8.601482063e+00 +6.049514821e+02 +6.049514821e+02 -2.4787e+00 +1.5024e+00 +3.4217e+00 +2.9940e+00 +2.5706e+00
202 0 +7.941887398e+00 +6.042918874e+02 +6.042918874e+02 -3.0200e+00 +1.3828e+00 +2.8538e+00 +3.0223e+00 +2.6896e+00
205 0 +6.746948076e+00 +6.030969481e+02 +6.030969481e+02 -2.8567e+00 +1.1550e+00 +3.5675e+00 +2.6979e+00 +2.6384e+00
211 0 +1.579136297e+00 +5.979291363e+02 +5.979291363e+02 -3.2158e+00 +5.2390e-01 +3.5302e+00 +3.4797e+00 +3.4820e+00
217 0 +7.331158294e-01 +5.970831158e+02 +5.970831158e+02 -3.6875e+00 +6.7622e-02 +3.1216e+00 +3.3404e+00 +3.6768e+00
374 0 +7.239786185e-01 +5.970739786e+02 +5.970739786e+02 -3.3459e+00 +5.8202e-02 +3.2440e+00 +3.6394e+00 +3.7537e+00
377 0 +6.749246904e-01 +5.970249247e+02 +5.970249247e+02 -3.3586e+00 +2.8034e-02 +3.2408e+00 +3.6320e+00 +3.7771e+00
408 0 +6.579541285e-01 +5.970079541e+02 +5.970079541e+02 -3.3620e+00 +3.2437e-02 +3.2423e+00 +3.6599e+00 +3.8149e+00
431 0 +6.246779650e-01 +5.969746780e+02 +5.969746780e+02 -3.3631e+00 +3.1719e-02 +3.2452e+00 +3.6589e+00 +3.8251e+00
461 0 +6.098530213e-01 +5.969598530e+02 +5.969598530e+02 -3.3585e+00 +2.5762e-02 +3.2414e+00 +3.6508e+00 +3.8249e+00
466 0 +5.994331431e-01 +5.969494331e+02 +5.969494331e+02 -3.3604e+00 +1.8625e-02 +3.2377e+00 +3.6525e+00 +3.8320e+00
489 0 +5.873863949e-01 +5.969373864e+02 +5.969373864e+02 -3.3620e+00 +1.8075e-02 +3.2397e+00 +3.6533e+00 +3.8344e+00
504 0 +5.840084159e-01 +5.969340084e+02 +5.969340084e+02 -3.3618e+00 +1.6564e-02 +3.2383e+00 +3.6525e+00 +3.8360e+00
% f evaluations | g evaluations | best noise-free fitness - Fopt (-1.189700000000e+02) + sum g_i+ | measured fitness | best measured fitness or single-digit g-values | x1 | x2...
1 0 +1.990696524e+05 +1.989506824e+05 +1.989506824e+05 -2.4620e-01 -3.3279e-01 +8.3532e-02 -2.0298e-01 -5.4271e-01
2 0 +1.878944802e+05 +1.877755102e+05 +1.877755102e+05 +4.1411e-01 -3.7386e-01 -2.6423e-02 +2.2056e-01 +5.0380e-02
5 0 +1.735177431e+05 +1.733987731e+05 +1.733987731e+05 -2.5163e-01 -2.4395e-01 -2.9237e-02 +4.4749e-01 +4.4940e-01
7 0 +1.422664454e+05 +1.421474754e+05 +1.421474754e+05 +4.5412e-01 +7.9687e-02 -9.9325e-01 +3.9222e-01 +5.9794e-02
11 0 +1.315914641e+05 +1.314724941e+05 +1.314724941e+05 -7.2278e-02 +2.6307e-01 -6.3449e-01 +5.3201e-01 -3.6466e-01
16 0 +1.224214392e+05 +1.223024692e+05 +1.223024692e+05 +4.1382e-04 -6.6893e-03 -1.0707e+00 +6.0807e-01 -2.1807e-01
17 0 +7.406801812e+04 +7.394904812e+04 +7.394904812e+04 +2.2160e-01 -1.9265e-01 -1.9520e+00 +1.2901e+00 -2.2699e-01
28 0 +6.701740713e+04 +6.689843713e+04 +6.689843713e+04 -9.0765e-01 +4.9906e-02 -5.3306e-01 +1.8315e+00 -9.7389e-01
36 0 +3.903023376e+04 +3.891126376e+04 +3.891126376e+04 +1.6622e+00 -1.6999e-01 -3.8646e+00 +2.8126e+00 -8.4970e-02
38 0 +1.690248732e+04 +1.678351732e+04 +1.678351732e+04 -2.5163e-01 +4.1991e-01 -3.1560e+00 +2.5228e+00 -1.0059e+00
41 0 +4.426962850e+03 +4.307992850e+03 +4.307992850e+03 -1.8380e-01 +1.4219e+00 -4.0577e+00 +2.4896e+00 -5.3023e-01
61 0 +4.090494533e+01 -7.806505467e+01 -7.806505467e+01 -1.9078e+00 +2.0923e+00 -4.7867e+00 +5.6575e+00 -1.5579e+00
66 0 +2.963668239e+01 -8.933331761e+01 -8.933331761e+01 -1.0557e+00 +2.7193e+00 -4.5321e+00 +4.2391e+00 +5.3768e-01
154 0 +2.942611362e+01 -8.954388638e+01 -8.954388638e+01 +1.6840e-01 +2.8602e+00 -4.2552e+00 +5.2631e+00 +7.0047e-01
159 0 +2.281708625e+01 -9.615291375e+01 -9.615291375e+01 +1.1611e+00 +2.1648e+00 -3.3575e+00 +5.2235e+00 +3.2092e-01
160 0 +2.102586542e+01 -9.794413458e+01 -9.794413458e+01 +1.0814e+00 +2.1447e+00 -3.2648e+00 +4.8151e+00 +4.4661e-01
199 0 +1.976491262e+01 -9.920508738e+01 -9.920508738e+01 +1.0199e+00 +1.9239e+00 -3.3128e+00 +4.5606e+00 +3.1815e-01
218 0 +1.588713027e+01 -1.030828697e+02 -1.030828697e+02 +7.2320e-01 +2.0158e+00 -3.7439e+00 +3.9930e+00 -2.3414e-02
226 0 +1.358957365e+01 -1.053804264e+02 -1.053804264e+02 +5.7847e-01 +2.1019e+00 -3.5704e+00 +4.0804e+00 -8.9789e-02
264 0 +1.296597852e+01 -1.060040215e+02 -1.060040215e+02 +5.9143e-01 +2.1549e+00 -3.4516e+00 +4.1038e+00 -1.1749e-01
265 0 +1.258871921e+01 -1.063812808e+02 -1.063812808e+02 +6.3816e-01 +2.2336e+00 -3.3459e+00 +3.9212e+00 -1.2471e-01
298 0 +1.221351305e+01 -1.067564869e+02 -1.067564869e+02 +6.6992e-01 +2.2951e+00 -3.0571e+00 +3.9429e+00 -2.1491e-01
345 0 +1.193302631e+01 -1.070369737e+02 -1.070369737e+02 +6.2816e-01 +2.3354e+00 -3.0673e+00 +3.9764e+00 -2.8850e-01
390 0 +1.168825398e+01 -1.072817460e+02 -1.072817460e+02 +6.1218e-01 +2.3380e+00 -3.0231e+00 +3.9498e+00 -2.9664e-01
417 0 +1.147203334e+01 -1.074979667e+02 -1.074979667e+02 +5.9750e-01 +2.3393e+00 -2.9754e+00 +3.9420e+00 -2.9947e-01
488 0 +1.119849046e+01 -1.077715095e+02 -1.077715095e+02 +5.8997e-01 +2.3492e+00 -2.9400e+00 +3.9282e+00 -3.1122e-01
504 0 +1.115237444e+01 -1.078176256e+02 -1.078176256e+02 +5.8809e-01 +2.3517e+00 -2.9347e+00 +3.9282e+00 -3.1329e-01
