% f evaluations | g evaluations | best noise-free fitness - Fopt (7.627000000000e+01) + sum g_i+ | measured fitness | best measured fitness or single-digit g-values | x1 | x2...
1 0 +1.016527432e+06 +1.016603702e+06 +1.016603702e+06 +2.5738e-01 +2.7791e-01 -6.1733e-02 +8.5308e-02 +2.3918e-02 +3.3489e-01 -4.5600e-02 -7.6038e-01 -3.9957e-01 +3.5540e-01 +5.6997e-01 -3.1039e-01 -2.4103e-01 -4.5063e-01 +1.1791e-01 +2.6487e-01 +1.6424e-01 -2.4107e-01 +4.2998e-01 +2.1159e-01
2 0 +9.024821597e+05 +9.025584297e+05 +9.025584297e+05 +3.3204e-01 +1.8240e-01 -1.8333e-01 +3.3898e-02 +3.9853e-02 +1.1212e-01 -9.9651e-02 -8.5549e-02 -3.8614e-01 -4.2674e-01 -4.1987e-01 +2.5137e-01 -5.5726e-01 -1.6400e-01 +4.6209e-01 +3.4314e-01 +3.2793e-01 +8.3191e-02 +1.1556e-01 -1.5033e-01
3 0 +8.957391723e+05 +8.958154423e+05 +8.958154423e+05 -1.6285e-01 +4.1297e-02 +1.0755e-02 +3.5310e-01 +1.0748e-01 +1.3285e-01 +9.0674e-01 -2.2624e-01 +7.6393e-01 +3.8108e-01 -1.1515e-01 -1.9551e-01 +1.7406e-01 -3.0084e-01 +1.4447e-01 +3.2172e-01 -1.5864e-01 +3.6590e-01 +5.2970e-02 -9.6785e-02
4 0 +3.031752907e+05 +3.032515607e+05 +3.032515607e+05 +1.4369e-02 +6.2961e-01 -3.2842e-02 -2.5995e-01 -2.1908e-01 -5.7438e-02 -1.1287e-01 +8.4317e-02 +9.3777e-01 +1.0788e-01 +4.9236e-01 +4.0381e-02 -9.4115e-02 -6.3590e-02 -2.6948e-01 -4.9449e-02 +4.8418e-01 +4.6772e-01 +3.3159e-01 -9.2370e-02
14 0 +1.964405217e+05 +1.965167917e+05 +1.965167917e+05 -1.1341e-01 -5.8033e-02 -7.7840e-01 -7.6990e-02 -4.6036e-01 +5.1896e-02 +4.4381e-02 +1.8402e-01 +3.0807e-01 -1.9445e-01 -7.0892e-02 -2.5240e-01 -2.7648e-01 -3.6871e-01 -5.7241e-01 +2.5583e-01 +2.2433e-01 -3.4067e-02 +3.2024e-01 +1.2841e-01
16 0 +1.249584547e+05 +1.250347247e+05 +1.250347247e+05 -5.2361e-01 -1.4008e-01 -7.0046e-02 -1.1969e-01 -5.0891e-01 -2.7746e-02 +8.1194e-04 +4.7136e-02 +6.5349e-01 +7.5450e-02 +8.0004e-02 +1.4720e-02 -1.4510e-02 +3.2060e-01 -7.9614e-02 +4.0940e-01 +1.0782e+00 +2.3660e-01 +2.8302e-01 +2.6840e-01
26 0 +5.807147963e+04 +5.814774963e+04 +5.814774963e+04 -5.4854e-01 +2.3408e-03 -1.7970e-01 -1.7892e-01 -2.7062e-01 -1.0748e-01 +4.3248e-02 +7.3817e-01 +8.5521e-01 +4.3688e-02 +3.4256e-01 +6.1881e-02 +5.7683e-01 -3.4998e-01 +3.8776e-01 +2.4514e-01 +8.7390e-01 +4.5609e-01 +5.2262e-01 +7.6971e-01
30 0 +4.785860792e+03 +4.862130792e+03 +4.862130792e+03 -6.7028e-01 -3.6242e-01 -3.3777e-01 -1.8377e-01 -1.3500e-01 +2.9317e-02 +1.7099e-01 +1.8913e-01 +1.6952e-01 -6.6617e-02 +1.7224e-01 +2.8832e-01 +3.8706e-01 +1.9786e-01 -3.8540e-02 -8.4956e-02 +7.6880e-01 +8.2511e-01 +4.3864e-01 -1.8334e-01
37 0 +4.593309640e+02 +5.356009640e+02 +5.356009640e+02 -7.9571e-01 -1.0608e-01 -4.3104e-01 -7.9622e-02 -9.8575e-02 -1.8751e-01 -4.8075e-01 +5.0518e-01 +7.9337e-01 -2.1840e-01 +4.9352e-02 +2.8817e-01 +6.7028e-01 +5.1141e-02 -6.0151e-03 +9.7440e-02 +6.6070e-01 +1.0128e+00 +2.2679e-01 +2.5840e-01
41 0 +9.472191081e+01 +1.709919108e+02 +1.709919108e+02 -4.5064e-01 -1.3744e-01 -5.0259e-01 -4.8100e-01 +2.8502e-01 -1.8637e-01 +5.9756e-01 +4.0953e-01 +3.3890e-01 +4.0157e-02 +3.8274e-01 -1.1670e-01 +5.0441e-01 -8.3653e-04 -4.3130e-01 +3.0654e-01 +7.7141e-01 +1.0355e+00 +5.7943e-01 +6.6444e-01
731 0 +8.968645326e+01 +1.659564533e+02 +1.659564533e+02 -2.5023e-01 +7.0821e-01 -9.2201e-01 +2.3560e-01 -2.4108e-01 -5.7688e-02 +2.4867e-01 +1.4286e-01 -1.4699e-01 +2.6674e-02 +3.2859e-01 +8.1420e-01 -2.8285e-01 +1.9625e-01 +2.6950e-01 -6.3138e-01 +2.3652e-01 +1.1368e-01 +1.4852e-01 +4.9855e-01
957 0 +7.793935635e+01 +1.542093564e+02 +1.542093564e+02 -3.9807e-02 +5.1878e-02 -1.2673e+00 +1.1279e+00 -4.1950e-01 -8.2079e-02 -4.3877e-02 +1.0138e+00 +2.0057e-01 -3.2745e-01 +2.8014e-01 -9.0487e-02 +5.3993e-01 +4.8490e-01 -1.8975e-02 -1.8676e-01 -6.4853e-01 -3.5386e-01 +1.8568e-01 -4.1550e-01
967 0 +7.747193740e+01 +1.537419374e+02 +1.537419374e+02 +4.6073e-01 -2.7861e-01 -1.1722e+00 +4.6998e-01 +9.3542e-02 -2.6984e-01 +7.0495e-02 +7.0550e-01 +4.7155e-01 -2.8846e-01 +6.9190e-02 +1.1496e-02 -4.4394e-02 +2.8179e-01 +9.3711e-02 -4.4512e-01 -3.8322e-01 -2.5336e-01 +2.0971e-02 -3.2544e-01
1292 0 +7.502270652e+01 +1.512927065e+02 +1.512927065e+02 -1.3731e-01 -2.3516e-01 -1.1928e+00 +8.5627e-01 -6.4155e-02 -2.7437e-01 +1.8615e-01 +8.1960e-01 -3.5999e-01 -3.3841e-01 +1.7332e-01 +8.3297e-02 +2.9939e-01 +4.6601e-01 +8.6967e-02 -8.6306e-01 +6.5311e-02 -3.2144e-02 +1.4911e-02 -2.4101e-01
2016 0 +7.456198742e+01 +1.508319874e+02 +1.508319874e+02 -5.0319e-01 -1.4523e-01 -1.0455e+00 +6.8191e-01 -1.5190e-01 -8.3397e-01 +5.4654e-01 +8.4299e-01 -1.4841e-01 -4.5591e-01 +2.1850e-01 +1.1586e-01 +5.2188e-01 +4.9526e-01 -1.4367e-01 -1.1353e+00 -1.4756e-01 -1.6019e-01 +4.0728e-02 -2.9586e-01
% f evaluations | g evaluations | best noise-free fitness - Fopt (-2.255000000000e+01) + sum g_i+ | measured fitness | best measured fitness or single-digit g-values | x1 | x2...
1 0 +1.634216212e+05 +1.633990712e+05 +1.633990712e+05 +1.1892e-01 +4.4633e-01 +4.0794e-01 +1.1145e-02 +2.2093e-01 +2.3673e-01 -3.3404e-01 +2.7493e-01 -3.3673e-01 +1.2703e-01 +8.0949e-02 -4.0611e-01 -2.3160e-02 +5.5247e-02 +3.1711e-01 +1.1483e-01 +2.6558e-01 +4.6136e-01 +5.4977e-02 +5.1890e-01
2 0 +1.164151810e+04 +1.161896810e+04 +1.161896810e+04 +4.0456e-01 -4.3642e-02 -5.4546e-01 +7.5199e-01 +3.3735e-01 -3.4751e-01 -2.8161e-01 -1.5909e-01 -2.5097e-01 -2.4295e-01 -2.9803e-01 -5.7058e-01 -2.2347e-01 -3.6422e-01 +2.2530e-02 +1.0979e-01 +5.4298e-01 +2.2850e-01 +3.2863e-01 +2.0996e-01
14 0 +4.874232955e+03 +4.851682955e+03 +4.851682955e+03 +7.3782e-01 -7.6448e-02 -1.2076e-01 +3.0484e-02 +6.9056e-03 +6.2016e-02 -3.6463e-01 +4.3610e-01 -9.7951e-02 -1.7963e-01 +7.0430e-01 -8.5703e-02 -1.0544e-03 -5.3671e-02 +1.3987e-01 +1.3236e-01 -5.3628e-01 +1.3098e-01 +5.3676e-01 -3.0473e-01
16 0 +1.162752106e+03 +1.140202106e+03 +1.140202106e+03 +2.5422e-01 +1.0842e+00 -2.8858e-01 +8.6851e-01 -6.5916e-02 -2.0294e-01 +3.3768e-01 -3.8050e-01 +1.5796e-01 -6.8816e-02 -3.4905e-03 -3.0563e-01 -5.8972e-01 +3.4607e-01 +5.3815e-01 +6.3557e-01 +5.2345e-01 +4.0749e-01 -4.2839e-01 -2.7985e-01
57 0 +1.938345179e+02 +1.712845179e+02 +1.712845179e+02 +5.8273e-01 +5.6787e-01 -1.6779e-01 +4.4904e-01 -1.6609e-01 +2.4683e-01 +9.9138e-02 -2.2604e-01 -3.5879e-01 -1.0447e-01 -9.5624e-01 +1.2961e-01 -3.8652e-01 +8.3270e-01 -2.7326e-02 -7.1671e-02 +5.0233e-01 +2.9752e-01 +2.4173e-01 -2.2674e-01
78 0 +1.001599402e+02 +7.760994025e+01 +7.760994025e+01 +2.3168e-01 +2.2907e-01 +2.3790e-01 +5.7696e-01 +3.2426e-02 +7.4958e-01 -6.5439e-01 -4.6498e-01 +2.1013e-02 +1.0658e-01 -3.9247e-01 +1.1858e-02 -3.8695e-01 +4.3090e-01 +2.0330e-01 -2.0124e-02 +3.9958e-01 +4.8215e-01 -3.3070e-01 +2.5594e-01
136 0 +9.248486344e+01 +6.993486344e+01 +6.993486344e+01 +6.0216e-01 +7.5051e-01 +1.6107e-01 +2.7193e-01 -2.9731e-01 +5.0630e-01 -8.3357e-01 -7.7888e-01 +3.0762e-01 +2.1463e-01 +7.6468e-02 -1.9262e-01 -3.6707e-01 +1.1202e-01 +3.7142e-01 +4.6916e-01 -5.7664e-01 -1.8570e-01 -2.6371e-01 -3.3654e-01
344 0 +8.840102339e+01 +6.585102339e+01 +6.585102339e+01 +3.2994e-01 +4.0332e-01 +1.3602e-01 +5.0998e-01 -4.7306e-01 +5.5357e-01 -2.0648e-01 -5.8361e-01 +3.8711e-01 -2.6884e-01 +1.6571e-01 -4.7640e-01 -9.5921e-02 -2.8182e-02 -1.3867e-02 +8.2424e-02 +2.5227e-01 -4.2900e-01 +2.0669e-02 -7.5673e-01
489 0 +8.576821247e+01 +6.321821247e+01 +6.321821247e+01 +6.5207e-01 +1.7286e-01 +1.4373e-01 +4.1180e-01 -4.6880e-01 +3.6373e-01 -5.0048e-02 -8.3667e-01 +5.3250e-02 -5.1020e-02 +1.7422e-01 -4.0224e-01 +4.9628e-01 -5.8012e-01 +1.4443e-01 +1.3338e-01 -6.0971e-02 -4.5071e-01 +1.7980e-01 -4.1750e-01
570 0 +8.192412898e+01 +5.937412898e+01 +5.937412898e+01 +6.3068e-01 +1.9245e-01 +7.1534e-02 +4.1933e-01 -5.5177e-01 +2.9530e-01 -3.0674e-01 -8.9498e-01 +1.9916e-01 -1.0794e-01 +1.1503e-01 -2.1346e-01 +3.8874e-01 -4.6820e-01 +1.1902e-01 +6.1172e-02 -1.3196e-02 -4.3460e-01 +2.7840e-01 -1.4173e-01
576 0 +8.114619459e+01 +5.859619459e+01 +5.859619459e+01 +6.0729e-01 +3.3000e-01 +1.3177e-02 +3.7562e-01 -6.1035e-01 +3.7220e-01 -2.2521e-02 -7.7198e-01 +9.2661e-02 +1.8054e-01 +5.2622e-02 -2.8361e-01 +4.4718e-01 -4.6872e-01 +2.5898e-01 +4.5961e-02 +6.0462e-02 -5.2134e-01 +4.2479e-01 -1.1481e-01
2016 0 +8.114619459e+01 +5.859619459e+01 +5.859619459e+01 +6.0729e-01 +3.3000e-01 +1.3177e-02 +3.7562e-01 -6.1035e-01 +3.7220e-01 -2.2521e-02 -7.7198e-01 +9.2661e-02 +1.8054e-01 +5.2622e-02 -2.8361e-01 +4.4718e-01 -4.6872e-01 +2.5898e-01 +4.5961e-02 +6.0462e-02 -5.2134e-01 +4.2479e-01 -1.1481e-01
% f evaluations | g evaluations | best noise-free fitness - Fopt (1.366000000000e+01) + sum g_i+ | measured fitness | best measured fitness or single-digit g-values | x1 | x2...
1 0 +2.692731552e+05 +2.692868152e+05 +2.692868152e+05 -5.5061e-01 -2.5916e-01 -6.8062e-01 -6.1538e-02 -2.2951e-01 +3.9392e-01 -3.5324e-01 +1.6671e-01 -9.6344e-02 -4.8630e-01 -2.3398e-01 -1.3595e-01 +7.4966e-04 +2.9839e-01 +4.8216e-01 -2.5014e-01 -2.0705e-01 +1.7283e-01 +3.1945e-02 +1.6765e-01
4 0 +1.005145839e+03 +1.018805839e+03 +1.018805839e+03 +1.7290e-03 +3.9824e-01 -2.7732e-01 +6.0131e-02 -1.4723e-01 +1.0995e-01 -1.1807e-01 -3.3530e-01 +1.8064e-01 -1.4815e-01 -5.2589e-02 +2.2782e-01 -4.3997e-01 -3.2346e-01 +5.1359e-01 -4.3749e-01 +5.7436e-01 +7.3551e-02 -1.7266e-01 +2.6081e-01
7 0 +3.658232262e+02 +3.794832262e+02 +3.794832262e+02 -2.3491e-01 +7.8404e-02 -4.2702e-01 +5.5791e-02 +3.3907e-02 -4.5763e-01 -1.1902e-01 -4.4086e-01 -1.0407e-01 -1.5932e-01 -5.1531e-01 -9.5861e-02 -6.4666e-01 +1.7083e-01 -5.6736e-03 -2.6774e-01 -1.1630e-01 +3.1630e-01 -3.5870e-01 +7.8166e-02
23 0 +1.113353133e+02 +1.249953133e+02 +1.249953133e+02 -3.2370e-01 -2.7876e-02 -4.0330e-01 -5.8579e-02 +2.8681e-01 +4.7339e-02 +2.6877e-02 -3.5925e-01 +1.0794e-01 -1.6456e-01 +6.8720e-03 +2.0608e-01 -2.8918e-01 -1.5376e-01 +5.4417e-01 +1.8564e-01 +4.1588e-02 -7.8174e-02 -2.0975e-01 -5.4086e-02
928 0 +1.096272684e+02 +1.232872684e+02 +1.232872684e+02 +1.5908e-01 +1.0487e+00 +5.6401e-01 +1.2190e-01 -2.4243e-01 +8.3152e-02 +7.5268e-01 -6.7619e-02 +6.0274e-01 +4.2407e-02 -3.0081e-02 -3.2066e-01 -1.2390e-01 -6.0607e-01 +1.6256e-01 -3.8999e-02 +2.8824e-01 +5.5458e-01 -1.0911e-01 -8.7036e-01
1432 0 +1.060551624e+02 +1.197151624e+02 +1.197151624e+02 +6.7323e-01 +8.5476e-01 -4.1249e-02 +2.5026e-02 -8.2787e-01 -4.4291e-01 +3.9165e-01 -2.1699e-01 +1.0667e+00 +3.6751e-03 +7.0859e-01 -7.6144e-02 -5.6377e-01 +1.3487e-01 -3.2694e-01 +3.3812e-01 -1.9566e-01 -1.3665e-01 +5.2720e-01 -1.0527e+00
1700 0 +1.034990430e+02 +1.171590430e+02 +1.171590430e+02 +4.3196e-01 +8.9741e-01 -1.4680e-01 +2.8733e-01 -1.1176e+00 -4.3366e-01 +5.6660e-01 -4.0640e-01 +9.7202e-01 -1.3289e-01 +6.6627e-01 +1.0916e-01 -4.2882e-01 +1.6919e-01 -2.0061e-01 +1.4765e-01 +1.8483e-01 -2.1714e-01 +7.3534e-01 -1.0803e+00
1916 0 +1.022192194e+02 +1.158792194e+02 +1.158792194e+02 +4.5086e-01 +7.6660e-01 -1.4860e-01 +3.2423e-01 -1.0900e+00 -3.2126e-01 +4.1791e-01 -2.5562e-01 +1.0485e+00 -2.2429e-02 +4.0096e-01 -1.1868e-02 -6.8312e-01 +8.5983e-02 -1.5439e-01 +2.1335e-02 -2.2877e-01 -2.6866e-02 +4.2126e-01 -8.7554e-01
2016 0 +1.008204501e+02 +1.144804501e+02 +1.144804501e+02 +4.4114e-01 +7.7174e-01 -8.7076e-02 +3.1064e-01 -1.0676e+00 -3.9636e-01 +5.3136e-01 -4.0798e-01 +1.0617e+00 -2.3614e-02 +4.2019e-01 -6.7695e-02 -6.5397e-01 +1.6667e-01 -1.5925e-01 +1.8956e-01 -2.1303e-01 -1.1905e-01 +5.6636e-01 -8.4852e-01
% f evaluations | g evaluations | best noise-free fitness - Fopt (9.378400000000e+02) + sum g_i+ | measured fitness | best measured fitness or single-digit g-values | x1 | x2...
1 0 +3.318870740e+06 +3.319808580e+06 +3.319808580e+06 +2.0236e-02 -3.8076e-01 +2.9668e-02 -4.5983e-01 +1.5787e-01 -4.0961e-01 +1.7446e-01 +6.3271e-01 -5.3750e-02 +7.2009e-01 +2.2374e-02 -5.3515e-02 +1.1203e-01 +2.1280e-01 -2.4277e-01 -1.2201e-02 -4.1777e-01 -9.5460e-02 -1.9370e-02 +9.7075e-02
2 0 +2.385883606e+06 +2.386821446e+06 +2.386821446e+06 -2.2212e-01 -2.7158e-01 -3.2523e-01 -1.5488e-01 +3.5158e-01 -2.2032e-02 +3.1889e-01 +3.2033e-01 -6.4790e-02 +3.2237e-01 -2.4186e-01 -8.7266e-02 -2.3322e-01 -2.0516e-01 -1.3458e-01 +3.1307e-01 -2.6714e-01 -5.7054e-01 -4.4581e-01 +1.3159e-02
4 0 +2.218369562e+06 +2.219307402e+06 +2.219307402e+06 -1.4436e-01 +4.9223e-02 -4.0979e-01 +3.0490e-02 +3.2693e-02 -9.1176e-04 +3.9176e-01 +2.0428e-01 -2.5500e-01 -3.1956e-01 +3.9421e-01 -2.8138e-01 +1.6726e-02 +1.8779e-01 +2.3396e-01 +1.6811e-01 +8.8077e-02 -3.0438e-01 -1.8830e-02 +1.7814e-01
7 0 +2.160021497e+06 +2.160959337e+06 +2.160959337e+06 -1.1160e-01 +1.5997e-01 +1.3826e-01 -3.3486e-01 -1.3676e-01 -3.2122e-01 -6.8097e-01 +2.2661e-01 +6.8402e-02 +2.1361e-01 +5.5297e-02 -7.9617e-02 +1.1375e-01 -1.1295e-02 +7.8500e-01 -5.4391e-01 +3.4903e-01 +1.8603e-02 -5.6007e-01 +2.7283e-01
13 0 +1.135338730e+06 +1.136276570e+06 +1.136276570e+06 -4.2992e-01 -2.4881e-01 -3.2633e-01 -6.0412e-02 +4.0902e-01 -1.1019e-02 +9.7569e-02 +2.9558e-01 -6.7034e-01 -4.5895e-02 -1.2236e-01 -6.1798e-01 -1.4329e-01 +4.3367e-02 +6.9107e-01 +2.2291e-02 +5.5899e-01 +1.2630e-01 +8.8611e-02 +4.0713e-01
21 0 +9.184958858e+05 +9.194337258e+05 +9.194337258e+05 -4.6171e-01 +1.5432e-01 -2.9525e-02 +6.7845e-03 +2.0161e-01 +3.0359e-01 -3.4059e-01 +1.9786e-01 -1.6501e-01 +3.3731e-01 +1.4581e-01 +6.3108e-01 +1.3881e-01 -6.9180e-02 +5.1564e-01 +2.5656e-01 -7.3094e-02 +3.1509e-02 -3.1723e-01 +3.3315e-01
36 0 +7.002131545e+05 +7.011509945e+05 +7.011509945e+05 -4.6758e-01 +4.7662e-01 -3.0141e-02 +7.5792e-02 +1.7422e-01 -5.0644e-01 +7.9434e-02 -1.8154e-01 -5.5060e-01 +3.8693e-01 -5.7665e-02 +2.1148e-01 -8.6837e-02 -4.2818e-01 +3.5547e-01 +2.0504e-01 +3.0372e-01 +2.5150e-01 -5.9075e-02 +6.6367e-01
40 0 +4.934265417e+05 +4.943643817e+05 +4.943643817e+05 -7.4692e-01 +8.3767e-01 -2.0920e-01 -2.5071e-01 +1.8523e-01 -4.4935e-01 -9.3804e-02 +3.8221e-01 -3.5422e-01 +2.0030e-01 +4.2558e-01 -2.5673e-01 +1.5237e-01 -6.5112e-01 +5.4220e-01 +3.7316e-01 -1.1920e-01 +4.4952e-01 -4.2582e-01 +2.4732e-01
41 0 +4.364600123e+05 +4.373978523e+05 +4.373978523e+05 -6.4596e-01 +2.9882e-01 +1.0438e-01 -4.5618e-01 -1.2219e-01 -4.2236e-01 +1.5639e-01 -1.8091e-01 -3.8043e-01 +8.9845e-02 -2.8023e-01 +2.1146e-01 +1.3607e-01 -9.0999e-02 +7.2641e-01 -9.1419e-02 +5.3212e-02 +3.1576e-02 -6.1619e-01 +4.0401e-01
44 0 +3.369942691e+05 +3.379321091e+05 +3.379321091e+05 -7.1518e-01 +4.6422e-01 -2.3559e-01 +3.8846e-02 +1.4105e-01 +2.2517e-01 -2.9950e-01 -1.3529e-01 -4.3571e-01 +3.6880e-01 -2.3611e-01 +4.5995e-01 +2.0910e-02 -5.8947e-01 +6.6359e-01 +6.0663e-01 +2.2234e-01 +5.1757e-02 -4.0288e-01 +5.6029e-01
45 0 +1.809656624e+05 +1.819035024e+05 +1.819035024e+05 -1.0001e+00 +8.5822e-02 +5.7979e-02 -6.6640e-01 -2.5579e-01 -4.5168e-01 +1.7957e-01 -3.0936e-01 -4.4561e-01 -2.9340e-01 -4.5734e-01 +1.1999e-01 -3.2355e-01 -3.0867e-01 +6.7530e-01 +2.1930e-01 -5.6662e-02 +1.3737e-01 -6.3422e-01 +8.3978e-01
50 0 +5.017947469e+04 +5.111731469e+04 +5.111731469e+04 -9.1212e-01 +7.4407e-01 -2.5369e-02 -4.4316e-01 +1.1058e-01 -3.2339e-02 +1.2750e-01 -4.0359e-01 -5.5826e-01 +1.8262e-01 -6.4808e-01 +2.9488e-01 +7.5178e-02 -1.7508e-01 +5.1017e-01 -6.0462e-02 -2.1787e-01 +4.4336e-01 -4.4101e-01 +9.6760e-01
58 0 +3.495616713e+04 +3.589400713e+04 +3.589400713e+04 -4.1549e-01 +6.6307e-01 +2.9285e-01 +2.2247e-01 +1.6784e-01 +7.9169e-02 -3.0766e-01 +1.2005e-01 -3.7603e-01 +1.0329e-02 -7.1667e-01 +4.1787e-01 +4.7493e-02 -4.7768e-01 +1.5352e+00 +3.8998e-01 +1.5321e-01 +3.6337e-01 -4.1708e-01 +7.0391e-01
59 0 +1.024899679e+03 +1.962739679e+03 +1.962739679e+03 -1.2673e+00 +7.2744e-01 -1.1135e-01 +1.8280e-02 +6.1367e-01 +7.2682e-02 -3.7194e-01 +6.7702e-02 +1.6440e-01 +1.5915e-01 -5.1773e-01 -8.2367e-03 +3.9671e-01 -3.0204e-01 +9.3314e-01 +1.4680e-01 +3.0630e-01 -5.6202e-03 -8.6616e-01 +9.0253e-01
79 0 +9.831092697e+02 +1.920949270e+03 +1.920949270e+03 -1.0619e+00 +1.0152e+00 +3.1006e-01 +3.5780e-01 +1.4368e-01 -2.0015e-01 -3.2139e-02 -5.0160e-01 -4.3554e-01 +2.4367e-01 -7.0377e-01 +6.3855e-02 +1.6253e-01 -5.4517e-01 +1.2285e+00 -1.0888e-01 +3.4088e-01 +5.0001e-01 -1.1806e+00 +1.2389e+00
89 0 +2.520903198e+02 +1.189930320e+03 +1.189930320e+03 -1.1969e+00 +1.1123e+00 +2.0194e-01 +5.4040e-02 +6.4839e-02 -3.2052e-01 +1.4013e-01 -1.4543e-01 -1.1706e+00 +2.4366e-01 -5.7595e-01 +6.3658e-02 -3.3032e-01 -9.9787e-02 +7.0972e-01 -1.8917e-01 +4.3994e-01 +1.7140e-01 -1.0985e+00 +8.9996e-01
172 0 +2.010106334e+02 +1.138850633e+03 +1.138850633e+03 -8.2455e-01 +1.0187e+00 +1.9494e-01 +1.6938e-01 +9.4963e-01 -1.6257e-01 +7.8262e-02 -7.7151e-01 -1.3225e+00 +7.3644e-01 -3.0865e-01 -7.6866e-01 +4.9989e-02 -3.3138e-01 +1.7633e+00 -2.2305e-01 -6.8820e-01 +3.9418e-01 -1.1282e+00 +1.0048e+00
268 0 +1.846802075e+02 +1.122520208e+03 +1.122520208e+03 -1.3875e+00 +1.2333e+00 -6.4238e-01 +9.6046e-01 +6.3201e-01 +4.6123e-01 -6.4218e-01 -6.2266e-01 -2.4603e+00 -2.5862e-01 -2.2038e-01 -1.7610e+00 -1.2971e+00 +7.8489e-02 +7.8476e-01 -1.2106e+00 -9.5025e-01 +3.7743e-01 -8.1921e-01 +1.2040e+00
382 0 +1.332406866e+02 +1.071080687e+03 +1.071080687e+03 -1.4794e+00 +1.1125e+00 -8.2827e-01 +1.4879e+00 +1.9115e-01 -5.7941e-01 -8.2340e-01 +3.4628e-01 -2.0949e+00 +1.7971e-01 +1.8975e-01 -2.9415e-01 -1.0781e+00 +1.2188e+00 +1.0096e+00 -6.1123e-01 -4.2701e-01 +7.5993e-01 -1.9357e-01 -3.1912e-01
1246 0 +1.144574213e+02 +1.052297421e+03 +1.052297421e+03 -1.0372e+00 +8.3785e-02 +1.2686e-01 -7.6920e-02 +1.2264e+00 +3.7108e-01 -6.0205e-01 +1.0802e+00 +3.0114e-01 -2.0335e-01 -1.0262e+00 +7.6276e-01 +9.3708e-01 +5.6627e-01 +5.4968e-01 -5.7337e-01 +7.3608e-04 +5.2488e-01 -5.4452e-01 +5.2959e-02
1360 0 +1.114536784e+02 +1.049293678e+03 +1.049293678e+03 -2.4535e-01 +9.8454e-01 +8.8340e-01 -9.1215e-01 +7.7719e-01 -3.4776e-01 -4.1345e-01 +8.0999e-01 +2.9572e-01 +4.3755e-01 -2.6195e-01 +6.6145e-01 +7.5348e-01 +1.2133e+00 +4.8565e-01 +9.0216e-01 +4.6838e-03 +1.3751e-01 -1.2023e-01 -1.0253e+00
1450 0 +1.039011240e+02 +1.041741124e+03 +1.041741124e+03 +9.3889e-02 +6.7865e-01 +1.7386e+00 -1.2206e+00 +1.9420e+00 +1.6383e-01 -1.2915e+00 +7.4686e-01 -1.0635e-01 +4.1235e-01 -2.5350e-01 +4.3081e-01 +4.9659e-01 -5.0446e-01 +4.0576e-01 +1.2690e+00 -2.8645e-01 +1.1924e-01 -3.6722e-01 -6.0335e-01
1635 0 +9.767389536e+01 +1.035513895e+03 +1.035513895e+03 +1.9447e-01 +3.0986e-01 +1.6084e+00 -2.3821e+00 +1.4845e+00 -7.0358e-01 -8.4725e-01 +1.5507e+00 -4.8173e-02 +8.8612e-01 -1.2249e+00 -5.9795e-01 +4.2729e-01 -9.7650e-02 +3.8954e-01 +7.7974e-01 -3.6111e-01 -4.5646e-01 +8.0552e-01 -1.8508e-01
2016 0 +9.767389536e+01 +1.035513895e+03 +1.035513895e+03 +1.9447e-01 +3.0986e-01 +1.6084e+00 -2.3821e+00 +1.4845e+00 -7.0358e-01 -8.4725e-01 +1.5507e+00 -4.8173e-02 +8.8612e-01 -1.2249e+00 -5.9795e-01 +4.2729e-01 -9.7650e-02 +3.8954e-01 +7.7974e-01 -3.6111e-01 -4.5646e-01 +8.0552e-01 -1.8508e-01
% f evaluations | g evaluations | best noise-free fitness - Fopt (-7.872000000000e+01) + sum g_i+ | measured fitness | best measured fitness or single-digit g-values | x1 | x2...
1 0 +4.878163475e+06 +4.878084755e+06 +4.878084755e+06 +3.9975e-02 -1.4544e-01 -2.6327e-01 -9.9386e-02 -9.3597e-02 +1.0983e-01 -5.2849e-02 +6.6640e-02 -5.6466e-02 +1.9437e-01 -6.2412e-02 +2.2554e-01 -4.3508e-01 +1.8639e-01 -4.2095e-01 -1.0503e-01 +3.5057e-01 +4.2257e-01 +1.0796e-01 +1.8383e-01
2 0 +3.508386148e+06 +3.508307428e+06 +3.508307428e+06 +2.4795e-01 +2.7603e-01 -4.1746e-01 +4.4829e-01 -6.9204e-02 -9.9776e-02 -2.0250e-01 +2.7551e-01 +5.0892e-01 +4.9823e-01 +4.6077e-01 -1.0501e-01 +5.7137e-01 +2.2639e-01 +1.9181e-01 +7.1544e-02 +2.6454e-01 +4.1247e-01 +2.4247e-01 +1.3930e-01
3 0 +2.007664843e+06 +2.007586123e+06 +2.007586123e+06 -8.0953e-02 -7.1987e-02 -2.1689e-01 -1.8072e-01 +2.0999e-01 +3.1748e-03 -2.3256e-02 -3.3174e-02 -3.3054e-01 -1.9339e-01 -6.3598e-01 -2.5885e-01 -2.9447e-01 -6.3374e-01 -3.1272e-01 -4.6773e-01 +6.5253e-02 +1.3412e-01 -1.5357e-01 +3.5594e-01
17 0 +1.955982326e+06 +1.955903606e+06 +1.955903606e+06 +1.2627e-01 -6.1712e-02 +7.6246e-02 -5.7686e-01 -5.3836e-03 -4.0085e-01 +6.9910e-02 -2.1800e-02 -7.8897e-01 +5.7735e-02 -4.9278e-01 -2.1123e-01 -1.9808e-01 -2.0288e-01 +6.3967e-02 +9.2869e-02 -2.9665e-01 +6.6690e-02 +1.3928e-01 +4.1129e-01
23 0 +1.945223567e+06 +1.945144847e+06 +1.945144847e+06 +5.1513e-01 +2.2783e-01 -1.9738e-01 +2.4674e-01 +2.6310e-01 +4.7434e-02 +2.7637e-01 +1.6734e-01 +1.0669e-01 +2.4414e-01 -2.0281e-02 +8.4184e-02 +1.0836e-01 -6.6832e-01 -1.2157e-01 +4.3903e-01 -3.9124e-01 +7.8764e-01 -1.5407e-01 -2.8962e-01
27 0 +1.479509553e+06 +1.479430833e+06 +1.479430833e+06 +2.4617e-02 +2.7152e-01 +3.6960e-01 +4.3383e-01 +4.7954e-01 -5.5425e-01 +1.2226e-01 -1.9655e-01 -6.5764e-01 -3.3180e-01 -4.1504e-01 -8.1116e-02 +1.1478e-01 -3.1041e-01 +4.1443e-01 +2.9318e-01 -1.0277e-01 +6.3082e-01 -4.6032e-02 -2.0878e-01
37 0 +1.230307747e+06 +1.230229027e+06 +1.230229027e+06 +2.6671e-01 +2.4862e-01 -1.9020e-01 +5.3549e-01 +3.3267e-01 -6.8040e-01 +1.6075e-01 +1.8569e-01 -2.6113e-01 -3.4477e-01 +7.2457e-02 +1.1736e-01 +1.8594e-01 -8.6136e-01 +2.8199e-01 +2.5006e-01 -5.8858e-01 +3.1330e-01 -1.5601e-01 +1.5470e-01
49 0 +1.209664435e+06 +1.209585715e+06 +1.209585715e+06 +3.9480e-01 -1.7579e-01 -3.7726e-01 +4.1213e-01 +2.5091e-01 -9.8337e-01 +6.3523e-01 +7.7970e-02 -3.4605e-01 +7.2584e-02 -9.0903e-02 -8.2375e-02 +1.2933e-01 -4.3798e-01 +4.3535e-01 +2.3889e-01 -3.6395e-01 +4.4756e-01 -9.6826e-01 +4.1310e-01
52 0 +1.080923368e+06 +1.080844648e+06 +1.080844648e+06 +1.8647e-02 -2.3008e-01 -5.6741e-01 +4.7542e-01 +5.3778e-01 -7.4403e-01 +2.0045e-01 -6.5855e-03 -6.0021e-02 +4.6436e-01 -1.3852e-02 +1.1943e-01 +2.9935e-02 -9.2182e-01 +5.4646e-01 -4.8711e-03 +3.6777e-02 +7.5187e-01 -2.9882e-01 +1.2707e-01
54 0 +5.200126130e+05 +5.199338930e+05 +5.199338930e+05 +1.4531e-02 +2.8568e-01 -3.0337e-01 +2.0577e-01 +3.2702e-01 -6.0422e-01 +6.2348e-01 -2.3923e-01 -3.2301e-01 +2.8593e-01 -2.8554e-01 -4.1875e-02 +2.1191e-01 -6.2082e-01 +9.3471e-02 +6.9051e-01 -4.8983e-01 +1.0630e+00 -2.4752e-01 +3.9821e-02
65 0 +3.542131263e+05 +3.541344063e+05 +3.541344063e+05 -2.2444e-01 +1.7304e-01 -8.8191e-02 +5.1362e-01 +2.8510e-01 -7.2968e-01 +2.1850e-02 -4.7377e-01 -2.1040e-01 +1.5367e-01 -9.7037e-02 +7.1407e-02 +3.4742e-01 -1.4495e+00 -5.0532e-01 +4.9817e-01 -7.9325e-01 +5.9052e-01 -4.3648e-03 -6.7212e-02
66 0 +1.478072737e+05 +1.477285537e+05 +1.477285537e+05 +3.2154e-01 +1.1516e-01 -3.5575e-01 +6.0716e-01 +4.5974e-01 -1.1519e+00 -3.3677e-02 +1.8459e-01 -6.9636e-01 +3.8630e-01 -3.7159e-01 +1.0135e-01 -1.4277e-01 -1.0089e+00 +1.6844e-01 +4.4005e-01 -5.3554e-01 +1.2164e+00 -4.3379e-01 -3.2461e-01
74 0 +9.393688522e+04 +9.385816522e+04 +9.385816522e+04 -1.0061e-01 -1.3501e-01 +3.5048e-02 +9.0894e-01 +2.2750e-01 -5.4497e-01 +2.3374e-01 +9.3923e-02 -7.2139e-01 +4.7428e-01 -8.0689e-01 +3.8272e-01 +2.1770e-01 -1.3071e+00 -3.7318e-01 +2.7075e-01 -6.4286e-01 +3.8015e-01 -6.8385e-01 +8.8171e-02
75 0 +3.843135331e+03 +3.764415331e+03 +3.764415331e+03 -1.2984e-01 +1.4767e-01 -3.9543e-01 +6.1222e-01 -1.3844e-01 -1.1581e+00 +1.9118e-01 -3.5981e-01 -5.1587e-01 +5.4463e-01 -9.6709e-01 +1.6285e-01 +1.5428e-01 -9.6210e-01 +3.3483e-02 +8.6684e-02 -4.9281e-01 +7.4120e-01 -3.8795e-01 -2.1794e-01
90 0 +2.945268060e+02 +2.158068060e+02 +2.158068060e+02 +1.1805e-01 +2.3983e-01 -2.5864e-01 +8.4616e-01 +3.4817e-01 -1.1599e+00 +3.0570e-01 -6.2425e-03 -4.8007e-01 +5.5416e-01 -7.5956e-01 +9.3884e-02 +7.9111e-01 -9.3173e-01 +3.2904e-01 +4.6551e-01 -7.9217e-01 +6.5186e-01 -6.3730e-01 +1.9520e-01
112 0 +2.007861496e+02 +1.220661496e+02 +1.220661496e+02 -1.5143e-01 -4.8666e-01 -6.4980e-01 +1.0502e-01 -8.8961e-02 -1.6317e+00 +5.6443e-02 -1.7527e-01 -3.6256e-01 +9.4275e-01 -1.3636e+00 +3.0737e-01 +5.7225e-01 -7.5877e-01 +3.8876e-01 -1.9275e-01 -3.2464e-01 +3.2100e-01 +4.5597e-01 +5.1688e-01
147 0 +9.657092532e+01 +1.785092532e+01 +1.785092532e+01 -1.2443e-01 +1.7523e-01 -6.1682e-01 +7.1621e-01 -1.7114e-01 -1.6343e+00 +4.9330e-01 +3.2498e-01 -3.0384e-01 +4.7861e-01 -9.1369e-01 +1.3226e-02 +4.6979e-01 -1.4292e+00 +5.7942e-01 +3.5178e-01 -2.8141e-02 +3.7570e-01 +3.3300e-01 +1.8863e-01
2004 0 +9.657092532e+01 +1.785092532e+01 +1.785092532e+01 -1.2443e-01 +1.7523e-01 -6.1682e-01 +7.1621e-01 -1.7114e-01 -1.6343e+00 +4.9330e-01 +3.2498e-01 -3.0384e-01 +4.7861e-01 -9.1369e-01 +1.3226e-02 +4.6979e-01 -1.4292e+00 +5.7942e-01 +3.5178e-01 -2.8141e-02 +3.7570e-01 +3.3300e-01 +1.8863e-01
% f evaluations | g evaluations | best noise-free fitness - Fopt (-4.151000000000e+01) + sum g_i+ | measured fitness | best measured fitness or single-digit g-values | x1 | x2...
1 0 +1.208430397e+07 +1.208426246e+07 +1.208426246e+07 +1.1349e-01 -5.7151e-02 +4.7225e-01 -1.7855e-01 -3.7482e-01 -2.0165e-01 -1.8647e-01 -1.8900e-01 -3.5517e-01 -9.3834e-02 +1.5913e-01 -7.9861e-02 +1.3582e-01 -1.1572e-01 +8.9644e-02 -8.8285e-02 -2.8931e-01 -7.1206e-02 +2.8520e-01 +1.6243e-01
5 0 +1.198443372e+07 +1.198439221e+07 +1.198439221e+07 -1.7789e-01 +5.0885e-01 -2.9153e-02 +3.3658e-02 +1.2420e-01 +2.0945e-01 -3.4500e-01 +3.6312e-01 +1.6011e-01 +1.4732e-01 +2.4590e-01 +4.3680e-01 +2.8275e-01 +5.1539e-01 +5.5615e-01 -1.4033e-02 +4.0478e-01 +1.9457e-01 -1.8052e-01 +1.2898e-01
6 0 +1.173857556e+07 +1.173853405e+07 +1.173853405e+07 -5.4788e-02 +9.3362e-03 -2.0884e-02 -4.6730e-01 -7.6615e-02 +2.3645e-01 -6.0626e-02 -4.3502e-01 -1.5066e-01 +2.0260e-01 -4.5191e-02 +4.2882e-01 -3.3509e-01 -6.4315e-02 +2.1814e-01 -6.2552e-02 -3.5358e-01 -6.1066e-01 +1.9952e-01 -6.7371e-01
7 0 +8.360224296e+06 +8.360182786e+06 +8.360182786e+06 -1.9188e-01 -3.0598e-01 -2.8187e-01 -2.9522e-02 -3.7244e-01 -1.4482e-01 +5.6167e-02 -3.4581e-01 -1.2016e-01 +3.0546e-02 -4.7709e-02 +2.1036e-01 -4.0501e-01 -1.8723e-01 +6.0388e-01 -4.3780e-01 -8.8870e-01 +6.6979e-01 +3.4403e-01 -2.3325e-01
16 0 +6.720590756e+06 +6.720549246e+06 +6.720549246e+06 +1.9510e-01 -3.8528e-01 +3.5350e-01 +4.0713e-02 -2.6030e-01 -4.8383e-03 +3.1114e-01 -3.7605e-01 -4.3904e-01 +2.3164e-01 -2.3715e-01 -2.7778e-02 -6.0767e-01 +2.9375e-01 +7.3802e-01 -4.6200e-01 -3.8035e-01 +4.3926e-01 -1.6648e-01 +7.6188e-01
20 0 +6.473340795e+06 +6.473299285e+06 +6.473299285e+06 -6.4893e-01 +9.7158e-02 +4.8386e-01 +1.7221e-01 -1.5270e-01 +1.0809e-01 -1.4504e-01 +1.3969e-01 -4.6814e-01 +3.5584e-01 -4.6118e-02 +4.7857e-01 -2.1037e-01 -3.8538e-01 +3.5822e-01 -5.3326e-01 -7.4511e-01 -3.8247e-02 -3.4165e-01 +2.9433e-01
25 0 +4.717764693e+06 +4.717723183e+06 +4.717723183e+06 +1.3194e-02 -3.0788e-01 +5.8131e-01 -4.4862e-01 -6.6191e-01 +3.4109e-01 -7.6384e-02 -2.7947e-02 -3.8688e-02 +1.2142e-02 +3.9724e-01 +7.9707e-02 -7.4027e-01 -2.0031e-01 +5.8742e-01 -7.1559e-01 -6.3249e-01 +4.2616e-01 -3.7408e-01 +9.0144e-01
34 0 +4.001341108e+06 +4.001299598e+06 +4.001299598e+06 -6.7720e-02 -2.3423e-01 +5.0665e-01 +1.5348e-01 -4.1664e-01 +1.3745e-01 +1.3528e-01 -2.0003e-01 -4.8595e-01 +1.8821e-01 -1.8470e-02 +2.3967e-01 -6.0587e-01 -1.3003e-01 +8.3797e-01 -8.2390e-01 -1.0884e+00 +8.2790e-01 -1.0314e+00 +6.0823e-02
38 0 +3.196321371e+06 +3.196279861e+06 +3.196279861e+06 +7.4638e-01 +1.6033e-01 +5.0908e-01 -3.7549e-01 -8.0242e-01 -3.8683e-01 +1.1509e-01 -2.6193e-01 +8.0473e-02 +3.6696e-01 +3.6964e-01 +5.7321e-01 -8.2761e-01 -4.9393e-01 +2.6241e-01 -1.4621e+00 -1.2940e+00 +6.6784e-01 -4.7815e-01 +2.0482e-01
49 0 +2.117388721e+06 +2.117347211e+06 +2.117347211e+06 +4.9201e-01 -3.1178e-01 +8.8293e-01 -2.3910e-01 -8.1448e-01 -2.4043e-01 -1.4157e-01 -4.3385e-01 -1.1915e-01 +6.1766e-01 +4.1097e-01 +1.1571e-01 -1.0341e+00 -9.6957e-01 +1.1360e+00 -8.5976e-01 -9.5326e-01 +5.9681e-01 -1.1328e+00 +4.4287e-01
52 0 +2.042209505e+06 +2.042167995e+06 +2.042167995e+06 +5.1333e-01 +3.3765e-01 +1.0020e+00 +1.5312e-01 -6.7192e-01 -5.5219e-01 -1.0545e+00 -5.0060e-01 -9.4711e-02 +8.9440e-02 +1.4334e-01 +9.8424e-01 -2.7252e-01 -8.6912e-01 +1.0580e+00 -9.9842e-01 -1.2270e+00 +1.1641e+00 -9.0959e-01 +2.3536e-01
55 0 +1.713976936e+06 +1.713935426e+06 +1.713935426e+06 +4.9626e-01 +1.3154e-01 +9.2023e-01 -2.2426e-01 -6.3243e-01 -4.2094e-01 -6.5766e-02 -7.8792e-02 -8.6206e-01 +6.4394e-01 +1.5487e-01 +4.4841e-01 -5.9100e-01 -2.7163e-01 +9.9343e-01 -8.4563e-01 -1.9927e+00 +9.9512e-01 -1.3166e+00 -2.6650e-01
61 0 +8.034645401e+05 +8.034230301e+05 +8.034230301e+05 +4.7630e-01 +4.7466e-01 +1.0276e+00 -2.7733e-01 -7.0702e-01 -5.4642e-01 -2.5604e-01 -2.5477e-01 +6.7080e-02 +8.3516e-01 -4.0157e-01 +1.0532e+00 -5.2859e-01 -1.3603e+00 +1.6416e+00 -8.6592e-01 -1.3524e+00 +8.6506e-01 -8.5087e-01 -5.1373e-02
67 0 +7.276661980e+05 +7.276246880e+05 +7.276246880e+05 +6.5679e-01 +5.7927e-01 +3.6854e-01 +4.6755e-01 -1.0981e+00 +1.1813e-01 -3.0569e-01 +3.1575e-02 -2.7778e-01 +6.7446e-01 +1.4782e-01 +1.1937e+00 -1.0108e-01 -6.3953e-01 +1.0228e+00 -9.7537e-01 -1.8066e+00 +1.2432e+00 -1.1158e+00 +4.0738e-01
69 0 +5.768047369e+05 +5.767632269e+05 +5.767632269e+05 +5.6448e-01 -9.1160e-01 +8.0229e-01 +1.3607e-01 -6.6087e-01 -4.4697e-01 -4.2727e-01 +1.4565e-01 -8.3590e-01 -3.8380e-02 +6.5743e-02 +5.4119e-01 -1.2061e+00 -1.1392e+00 +7.2886e-01 -1.4374e+00 -1.6763e+00 +1.5611e+00 -1.1423e+00 +4.3287e-01
76 0 +2.671507516e+05 +2.671092416e+05 +2.671092416e+05 +6.1015e-01 -1.0110e-01 +1.3784e+00 -1.7531e-01 -1.2727e+00 -2.3166e-01 -1.6715e-01 -3.2371e-01 -7.7973e-01 +6.3859e-01 +8.5423e-02 +8.3136e-01 -4.7292e-01 -7.5308e-01 +1.6241e+00 -7.3672e-01 -2.3449e+00 +1.0730e+00 -8.3553e-01 +7.8997e-01
80 0 +5.681476409e+04 +5.677325409e+04 +5.677325409e+04 +7.9752e-01 -4.9977e-01 +9.9424e-01 +2.6768e-01 -9.8523e-01 -3.4201e-01 -1.0389e+00 -3.5676e-01 -1.3821e-01 +7.2910e-01 -1.0786e-01 +4.4089e-01 +2.6835e-01 -1.0743e+00 +1.3498e+00 -1.3487e+00 -2.3265e+00 +1.5714e+00 -1.3011e+00 +1.0709e+00
96 0 +9.716026957e+02 +9.300926957e+02 +9.300926957e+02 +5.1205e-01 -9.3121e-01 +5.6796e-01 +1.7183e-01 -1.2548e+00 -2.5192e-01 -1.0802e+00 -9.5759e-01 +1.3477e-01 +1.1739e+00 -1.0497e+00 +6.8488e-01 +1.5156e-01 -1.8313e+00 +1.1061e+00 -2.4772e+00 -1.5399e+00 +9.9342e-01 -1.0929e+00 +9.8578e-01
101 0 +1.340912589e+02 +9.258125892e+01 +9.258125892e+01 -5.0647e-01 -1.3080e+00 +4.6809e-01 -4.1478e-01 -7.5659e-01 -4.8865e-01 -8.6055e-01 -3.9930e-01 +7.8144e-02 +9.2851e-01 -7.7127e-01 -3.2607e-01 +1.2102e-01 -8.5337e-01 +1.7012e+00 -2.3121e+00 -2.1543e+00 +1.7497e+00 -1.9757e+00 +2.5815e-01
164 0 +1.298529853e+02 +8.834298533e+01 +8.834298533e+01 +1.9666e+00 -1.6949e+00 +6.6258e-01 -1.1082e-01 +3.8315e-01 +4.5654e-02 -4.7466e-01 -7.6884e-01 +4.6686e-01 +6.0314e-01 -1.5172e-01 +1.8007e-01 -9.0563e-01 -3.7041e-01 +2.2611e+00 -1.4345e+00 -1.5056e+00 +3.0940e-01 -2.0427e+00 +1.0512e+00
305 0 +9.286442665e+01 +5.135442665e+01 +5.135442665e+01 +1.8883e+00 -2.3065e+00 -2.5423e-01 -1.2119e+00 -6.1027e-01 +2.9542e+00 -4.5700e-01 -1.0277e-01 +6.1719e-01 -1.3394e-01 +6.7573e-01 +1.9531e+00 -5.8123e-01 -9.6078e-01 +9.0815e-01 +3.5067e-02 -2.0995e+00 -4.1724e-01 -2.2666e+00 +1.4410e+00
2004 0 +9.147801033e+01 +4.996801033e+01 +4.996801033e+01 +1.6869e+00 -2.6477e+00 -2.0112e-01 -1.2719e+00 -2.0719e-01 +2.7695e+00 -6.6340e-01 -2.8149e-04 +5.1280e-01 +3.9526e-01 +1.5290e+00 +1.0450e+00 -1.5897e+00 -1.5892e+00 +1.3036e+00 +1.8540e-01 -1.9094e+00 -3.6455e-01 -2.5658e+00 +9.7610e-01
% f evaluations | g evaluations | best noise-free fitness - Fopt (1.320700000000e+02) + sum g_i+ | measured fitness | best measured fitness or single-digit g-values | x1 | x2...
1 0 +7.821846590e+06 +7.821978660e+06 +7.821978660e+06 -1.4687e-01 +1.0136e-01 +2.4269e-01 +4.3696e-01 +2.5663e-01 -6.5976e-02 -1.2504e-01 +1.5680e-02 -4.3513e-01 -5.9232e-01 -1.8290e-01 -8.3042e-02 -1.1177e-01 -5.0126e-02 -1.2938e-01 +1.9063e-01 -3.9116e-01 -5.7551e-01 +3.4971e-02 +5.3348e-02
5 0 +7.654587000e+06 +7.654719070e+06 +7.654719070e+06 -7.9790e-02 +6.7759e-01 +1.4011e-01 +2.8909e-02 +1.9868e-01 -1.4575e-01 +5.7387e-01 +1.7354e-01 -2.5453e-01 -3.1696e-01 -3.7684e-02 -6.2450e-01 -1.8768e-02 -1.3100e-01 +9.0443e-02 -1.4583e-01 +4.7571e-01 +5.4727e-01 +2.4395e-01 -6.0976e-02
8 0 +5.849161852e+06 +5.849293922e+06 +5.849293922e+06 +2.5920e-01 +6.8506e-01 -5.2895e-01 +5.0097e-01 +8.5683e-03 +1.1431e-01 -4.5143e-01 +3.6921e-02 +2.5722e-01 -4.4724e-03 +3.3494e-01 -2.7977e-01 -2.6850e-01 -1.5071e-01 -3.4374e-02 -1.3145e-01 +2.8219e-02 +5.9942e-01 -5.3186e-01 -5.3199e-02
23 0 +4.286112070e+06 +4.286244140e+06 +4.286244140e+06 -1.6585e-01 +6.8638e-01 +3.6253e-01 +7.6634e-01 -1.9159e-01 -5.8629e-02 -4.1096e-01 -5.1032e-01 -9.7532e-02 -1.7138e-01 +2.7274e-02 -2.0674e-01 -3.5564e-01 -8.4938e-02 +2.7267e-01 -4.5708e-02 +4.1784e-01 +5.4687e-01 -2.4342e-01 -7.2697e-02
33 0 +4.078541298e+06 +4.078673368e+06 +4.078673368e+06 -6.2955e-01 +3.3991e-01 +4.7108e-01 +5.9149e-01 -1.6046e-01 -1.0098e-01 -3.2135e-01 -1.2533e-01 +9.4339e-02 -1.0798e-01 +3.8705e-01 +2.5475e-01 -2.8549e-01 -1.1253e-02 +7.1231e-01 -3.1483e-01 -1.5936e-01 +1.9316e-01 -3.5548e-01 -1.5780e-01
34 0 +3.932978531e+06 +3.933110601e+06 +3.933110601e+06 -1.0424e-01 +5.3717e-01 -8.6974e-02 +7.1022e-01 -1.9200e-01 -9.3305e-02 -4.6522e-01 +6.2372e-02 +6.1178e-01 -7.5273e-02 -3.4400e-01 -4.8293e-01 -5.1589e-01 -3.1053e-01 +9.4451e-01 -3.7064e-01 +1.3958e-01 +4.3375e-01 -1.5414e-01 -1.9935e-01
37 0 +2.579079985e+06 +2.579212055e+06 +2.579212055e+06 -3.4891e-01 +1.1460e+00 -1.4839e-02 +5.5258e-01 -2.4561e-01 -2.1159e-03 -7.5758e-01 +4.7007e-01 +5.3635e-01 +1.5344e-03 -3.9276e-01 -1.1867e-02 -7.5405e-01 -1.8515e-01 +8.0488e-01 -2.4676e-01 +6.6661e-01 +7.6146e-01 -1.6953e-01 -7.1040e-01
51 0 +2.314494986e+06 +2.314627056e+06 +2.314627056e+06 -2.5131e-01 +1.1307e+00 +4.8787e-01 +7.1450e-01 -2.7111e-01 -2.7742e-01 -6.5472e-01 -7.4828e-02 -6.4759e-02 +1.7182e-01 -4.0540e-01 -3.3765e-01 -9.2313e-01 +1.9287e-01 +3.6338e-01 -3.2658e-01 +2.2878e-01 +6.1465e-01 +1.2368e-02 -1.5316e-01
58 0 +2.149411960e+06 +2.149544030e+06 +2.149544030e+06 -6.8211e-01 +8.9814e-01 -4.6664e-01 +6.2505e-01 -1.6390e-01 +1.4439e-01 -8.1875e-01 -2.0021e-01 +3.6840e-01 -6.0168e-02 -8.2635e-02 +2.5866e-01 -1.4340e+00 -7.3401e-02 +1.0308e+00 -4.3241e-01 +9.3861e-01 +8.8622e-01 +1.1390e-01 -8.6981e-01
59 0 +1.451449003e+06 +1.451581073e+06 +1.451581073e+06 -5.8896e-01 +1.0808e+00 +5.3278e-01 +6.5371e-01 -5.9747e-01 +1.2158e-01 -4.4903e-01 -1.8559e-01 +5.3756e-01 -3.6317e-01 -3.7003e-01 -3.7093e-02 -1.0980e+00 -2.2145e-01 +1.2020e+00 -6.3653e-01 +6.3784e-01 +1.3111e+00 +1.4495e-01 -4.5492e-01
61 0 +2.812776024e+05 +2.814096724e+05 +2.814096724e+05 -8.5661e-01 +1.6002e+00 +6.8174e-01 +9.9360e-01 -1.0328e+00 +1.9746e-01 -2.9218e-01 -8.6473e-01 +5.5969e-01 +2.3393e-01 -6.8159e-01 -4.8820e-01 -1.3694e+00 -5.6508e-01 +1.1609e+00 -6.5219e-02 +6.7402e-01 +1.1094e+00 -2.7942e-01 -1.2554e-01
66 0 +2.457930191e+05 +2.459250891e+05 +2.459250891e+05 -5.6665e-01 +1.1557e+00 +5.4312e-01 +3.4854e-01 -4.3716e-01 +3.9502e-02 -1.2187e+00 +4.2051e-01 +4.7849e-01 +5.8169e-01 -3.0131e-01 +3.5410e-01 -1.7719e+00 +1.4478e-01 +1.5493e+00 -1.0391e+00 +4.1596e-01 +9.9256e-01 -3.7807e-01 -2.7708e-01
77 0 +1.256136107e+05 +1.257456807e+05 +1.257456807e+05 -7.2824e-01 +1.9354e+00 +3.8862e-01 +1.2423e+00 -1.0123e+00 +1.4498e-01 -6.5131e-01 -2.9379e-01 +6.0953e-01 +3.7380e-02 -1.4373e-01 -4.6873e-01 -1.1690e+00 -2.8025e-01 +1.7064e+00 -7.8296e-01 +1.0296e+00 +6.8824e-01 -1.9138e-01 +3.0156e-01
80 0 +3.615353167e+03 +3.747423167e+03 +3.747423167e+03 -8.3470e-01 +1.6627e+00 +9.8808e-01 +1.1604e+00 -7.5454e-01 +2.5552e-01 -1.2514e+00 +4.4543e-01 +6.3774e-02 +2.9575e-02 -1.3133e-01 +1.7134e-01 -8.7546e-01 -2.7911e-01 +1.5301e+00 -8.2752e-01 +1.0450e+00 +1.5884e+00 -9.1563e-01 -5.2451e-01
86 0 +3.191917235e+03 +3.323987235e+03 +3.323987235e+03 -8.0128e-01 +1.1438e+00 +3.5136e-01 +1.5416e+00 -6.7814e-01 -8.5863e-02 -2.9483e-01 +2.9309e-01 +7.2627e-01 +8.7320e-01 -3.9308e-01 -3.9590e-01 -1.3639e+00 -1.2948e-01 +1.6833e+00 -5.3109e-02 +5.8441e-01 +1.5982e+00 -2.8641e-01 -6.0392e-01
111 0 +4.377175438e+02 +5.697875438e+02 +5.697875438e+02 -6.2751e-01 +6.3043e-01 +5.8647e-01 +1.3043e+00 -5.0941e-01 -5.1450e-01 -9.6683e-01 +1.5094e-01 +7.1165e-01 +4.2408e-01 -1.9408e-01 +1.4049e-01 -1.7691e+00 -3.9958e-01 +3.0151e+00 -6.3700e-01 +1.1443e+00 +1.9547e+00 -4.5308e-01 -5.0908e-01
141 0 +4.302073834e+02 +5.622773834e+02 +5.622773834e+02 -1.2416e+00 +1.1263e+00 +1.3477e+00 -1.6236e-01 -9.2965e-01 +1.3283e-01 -9.0590e-01 +9.7432e-01 +4.9481e-01 +5.7750e-01 +2.7834e-02 +3.8156e-01 -2.0615e+00 +6.9270e-02 +1.7463e+00 -1.5168e+00 +1.0686e+00 +1.8757e+00 -1.8993e-01 +1.0161e+00
158 0 +3.367860339e+02 +4.688560339e+02 +4.688560339e+02 -4.8149e-01 +1.2211e+00 +1.6485e+00 +4.5423e-01 -1.0063e+00 +3.5386e-01 -7.9851e-01 +6.5070e-01 +1.6062e+00 +1.3966e+00 +2.3001e-01 +2.6677e-02 -2.2869e+00 +7.1925e-01 +1.5776e+00 -1.3111e+00 +1.3799e+00 -5.1995e-01 -5.2824e-01 +1.6045e+00
181 0 +1.936921182e+02 +3.257621182e+02 +3.257621182e+02 -2.8278e-01 +2.7551e+00 +5.1947e-01 +3.0690e-01 -2.5061e+00 -9.5220e-01 -3.2381e-01 -7.0594e-01 +2.1192e+00 +1.8866e+00 -4.0967e-01 +1.1508e+00 -2.5897e+00 +1.1092e+00 +1.3960e+00 -2.0078e+00 +2.5072e+00 +8.0240e-01 -1.7175e-01 +1.1405e+00
286 0 +1.864638839e+02 +3.185338839e+02 +3.185338839e+02 -2.7438e-01 +1.0752e+00 +7.9045e-01 +9.6354e-01 -1.9020e+00 +1.9450e-01 -1.4617e-01 +1.6680e+00 -5.3740e-01 +3.2442e-01 +5.9184e-01 +1.0725e+00 -2.2019e+00 +6.8211e-01 +2.4117e+00 -8.7667e-01 +2.6869e+00 +1.4483e-01 +8.4592e-01 +7.4335e-01
370 0 +1.289180957e+02 +2.609880957e+02 +2.609880957e+02 -4.9486e-01 +1.6277e+00 +7.0239e-01 +1.9382e+00 -8.7493e-01 +1.5913e-01 -2.1920e-01 +8.8768e-01 +2.4024e-01 -3.5044e-01 +4.1768e-01 +1.8112e+00 -1.7200e+00 +9.1804e-01 +2.3139e+00 -1.4219e+00 +4.0908e+00 +4.0183e-01 +1.8111e+00 +1.0116e-01
402 0 +1.271420644e+02 +2.592120644e+02 +2.592120644e+02 -3.0034e-01 +1.5854e+00 -6.2248e-01 +2.7536e+00 -7.6943e-01 +2.3737e-01 -1.4010e-01 +7.3013e-01 +8.3549e-02 -4.2412e-01 +5.6475e-01 +9.2854e-01 -1.6825e+00 +3.0416e-01 +2.0506e+00 -2.5288e+00 +3.6590e+00 +3.6781e-01 +1.3116e+00 -6.0112e-01
498 0 +1.203128158e+02 +2.523828158e+02 +2.523828158e+02 -5.5488e-01 +2.0485e+00 +1.6436e-02 +2.4155e+00 -1.1566e+00 +5.9316e-01 -2.1304e-01 +1.4063e+00 -1.6357e-01 -6.2088e-01 +5.0991e-01 +4.0634e-01 -3.4608e-01 +1.2551e-01 +2.5514e+00 -1.5182e+00 +4.1827e+00 +3.6793e-01 +1.7297e+00 -7.7913e-01
1620 0 +1.184597527e+02 +2.505297527e+02 +2.505297527e+02 -1.1404e+00 -4.6302e-02 +2.0911e+00 +1.4570e+00 +7.1179e-01 +2.9904e-01 -5.2293e-01 +7.2278e-01 -1.2426e+00 +1.4488e+00 +7.9087e-01 +1.5302e-01 -8.1184e-01 -8.5586e-01 +1.1893e+00 -1.2599e+00 -3.6270e-01 +3.4213e-02 -6.8861e-02 -7.2521e-01
1952 0 +1.172503396e+02 +2.493203396e+02 +2.493203396e+02 -2.6452e+00 +1.0326e+00 +1.4535e+00 +1.1217e+00 -8.0359e-02 +1.3060e+00 -1.0663e+00 -6.8466e-01 -1.2595e+00 +9.8210e-01 +7.7255e-01 -7.6896e-01 +3.0031e-01 -5.0448e-01 +1.1648e+00 -1.0160e+00 -1.4650e+00 +3.2376e-01 -1.0181e+00 +8.3034e-01
2016 0 +1.172503396e+02 +2.493203396e+02 +2.493203396e+02 -2.6452e+00 +1.0326e+00 +1.4535e+00 +1.1217e+00 -8.0359e-02 +1.3060e+00 -1.0663e+00 -6.8466e-01 -1.2595e+00 +9.8210e-01 +7.7255e-01 -7.6896e-01 +3.0031e-01 -5.0448e-01 +1.1648e+00 -1.0160e+00 -1.4650e+00 +3.2376e-01 -1.0181e+00 +8.3034e-01
% f evaluations | g evaluations | best noise-free fitness - Fopt (9.725000000000e+01) + sum g_i+ | measured fitness | best measured fitness or single-digit g-values | x1 | x2...
1 0 +9.430206256e+06 +9.430303506e+06 +9.430303506e+06 -3.8013e-02 +5.4216e-01 +2.1444e-01 +4.4183e-02 +1.2060e-01 +2.9099e-01 -4.8873e-01 +1.1790e-01 +4.1975e-01 -5.1069e-01 -2.6931e-01 +3.9296e-01 -2.7524e-01 +4.4955e-01 +5.1225e-02 +2.1086e-01 -1.9315e-01 -2.0677e-01 +1.2821e-01 -1.7938e-01
2 0 +5.265632607e+06 +5.265729857e+06 +5.265729857e+06 +4.6325e-02 +1.0632e-01 -2.2389e-01 +3.7257e-01 -2.8327e-01 -1.8883e-01 +3.0729e-01 +6.0206e-02 +9.1902e-02 -5.2682e-01 +4.2852e-01 -5.3798e-01 +1.5089e-01 +2.5642e-01 +5.0963e-01 +9.4029e-02 -1.2143e-01 +1.5452e-01 -1.7012e-01 -1.2652e-01
9 0 +3.137268820e+06 +3.137366070e+06 +3.137366070e+06 +1.3651e-01 +1.1029e-01 +5.9487e-03 +1.1036e-01 -2.6124e-01 +5.1931e-02 +4.7457e-01 -4.5112e-01 +1.4784e-01 +9.3845e-01 +5.7604e-01 -1.5850e-01 +3.3525e-01 +4.5811e-02 -6.7773e-02 -3.2264e-01 +8.9843e-02 -7.3981e-02 -1.7072e-03 -6.6559e-01
18 0 +3.041684300e+06 +3.041781550e+06 +3.041781550e+06 +1.4697e-01 +1.3855e-01 -1.5897e-01 +1.8495e-01 +2.1262e-02 +1.8583e-01 +2.5617e-01 -8.6517e-02 +1.5324e-01 +4.4626e-01 +3.0402e-01 -3.5956e-01 +3.3625e-01 +7.7920e-01 +9.7940e-02 +4.7730e-02 -3.5502e-01 -1.0851e-01 +1.0481e-01 -1.0124e+00
20 0 +2.546466847e+06 +2.546564097e+06 +2.546564097e+06 -2.9027e-01 -7.9016e-01 -4.7077e-01 +3.3545e-02 +1.0762e-01 -1.5810e-01 +3.5789e-01 -5.4889e-01 +2.9134e-01 +3.2584e-01 +3.6880e-01 -8.6643e-02 +2.8742e-01 +4.4782e-01 +6.2535e-01 -4.0048e-01 +4.5369e-01 -1.7179e-01 -7.5012e-02 -8.0143e-01
26 0 +2.087011401e+06 +2.087108651e+06 +2.087108651e+06 +7.4069e-02 -2.8514e-01 -7.6327e-01 +1.7203e-01 +5.8116e-01 -1.6705e-02 +2.7350e-01 +8.1050e-02 -1.2943e-01 +2.6392e-01 +6.7582e-02 -2.2816e-01 +4.6908e-01 +5.1112e-01 -8.2072e-02 -1.2536e-01 +3.5769e-01 +1.1182e-01 -2.3606e-01 -1.2217e-01
28 0 +1.609902637e+06 +1.609999887e+06 +1.609999887e+06 -8.6890e-02 +1.4814e-02 -3.2290e-01 -1.3089e-01 +4.8287e-02 -4.5254e-01 +8.8435e-01 -1.4214e-01 +7.3766e-01 +3.9516e-01 +6.1375e-01 -6.8348e-01 +6.8964e-01 +3.5098e-01 +2.6931e-01 +3.4977e-01 +9.6340e-02 -4.0617e-01 -4.7699e-01 -7.4396e-01
43 0 +1.314385442e+06 +1.314482692e+06 +1.314482692e+06 -1.7744e-02 +2.1720e-01 -7.6938e-01 -3.9487e-01 +2.9814e-02 +1.4290e-01 +1.1350e+00 -4.9475e-01 -3.0745e-01 +8.5544e-01 +2.5569e-01 -3.0031e-04 +7.1172e-01 +1.9557e-02 -6.2483e-03 +1.8329e-01 +2.8188e-01 -1.2212e-01 -2.6268e-01 -7.1963e-01
48 0 +1.001254471e+06 +1.001351721e+06 +1.001351721e+06 -7.9316e-01 +1.1193e-01 -3.5912e-01 +2.4635e-01 -6.5506e-02 +1.6497e-01 +1.0750e+00 -5.6161e-01 +9.1329e-01 +6.1371e-01 +3.5856e-01 -6.4421e-01 +1.1785e+00 +6.7781e-01 +3.2402e-01 -1.7990e-01 +1.4410e-01 +4.6916e-01 -4.4722e-01 -7.9417e-01
49 0 +4.949357614e+05 +4.950330114e+05 +4.950330114e+05 -6.6316e-01 +4.0689e-01 -3.8745e-01 -5.3045e-03 +9.0119e-02 -6.4319e-02 +9.8620e-01 -1.2285e-01 -3.6681e-01 +8.2890e-01 +8.5018e-01 -5.4179e-01 +1.7549e+00 +3.4811e-01 +1.6623e-01 +1.0311e-01 +1.3349e-01 +5.2574e-02 +1.1096e-01 -7.8136e-01
63 0 +4.824891484e+05 +4.825863984e+05 +4.825863984e+05 -5.0233e-01 +3.5784e-01 -1.1063e-01 +4.9469e-01 +3.1692e-01 -9.2848e-02 +1.0181e+00 -2.5428e-01 -2.6725e-01 +1.0783e+00 +5.3375e-01 -5.9333e-01 +1.6550e+00 +3.6935e-01 +1.5966e-02 -9.8795e-03 +4.8415e-01 -3.9803e-01 -2.9697e-01 -6.9885e-01
65 0 +4.701153446e+05 +4.702125946e+05 +4.702125946e+05 -4.3689e-01 -2.6124e-01 -8.2135e-01 -3.4115e-01 +1.4232e-01 +1.3542e-02 +6.6070e-01 -3.3012e-01 -2.3811e-01 +2.3401e-01 +1.5167e+00 -1.9439e-02 +1.4226e+00 -2.0861e-01 +1.1257e-01 +3.5234e-01 -5.5416e-03 +4.4796e-03 -4.5072e-01 -9.2851e-01
67 0 +9.588156122e+04 +9.597881122e+04 +9.597881122e+04 -1.4485e-02 +4.3349e-01 -4.9832e-01 -3.7933e-01 +4.5896e-01 +3.2968e-01 +6.5628e-01 -1.2714e-01 +1.2178e-01 +1.0857e+00 +7.6494e-01 -1.0060e+00 +1.5765e+00 +2.2869e-01 +1.5050e-01 +4.0243e-01 -1.6760e-01 -5.2073e-01 -7.5896e-01 -4.0427e-01
74 0 +2.585486892e+04 +2.595211892e+04 +2.595211892e+04 -7.0794e-01 +4.8177e-01 -6.6054e-01 -8.6271e-02 +6.3740e-01 +9.7202e-01 +9.3450e-01 -8.4924e-02 +4.8459e-01 +1.2889e+00 +1.7494e+00 -5.4384e-01 +2.5580e+00 +1.6679e-01 -2.5543e-01 +7.8485e-01 -5.9472e-01 -3.8703e-01 -5.4278e-01 -3.9243e-01
79 0 +1.734087498e+04 +1.743812498e+04 +1.743812498e+04 -4.8857e-01 +3.1839e-01 -6.8757e-01 -1.7193e-01 +7.7713e-01 -2.4807e-01 +8.4752e-01 -4.5021e-01 +2.5019e-01 +1.1930e+00 +8.7642e-01 -5.4433e-01 +1.7798e+00 +2.8375e-01 -1.9713e-01 +7.7357e-01 -2.2484e-01 +4.9739e-01 -7.6579e-01 -7.9967e-01
84 0 +3.466132416e+03 +3.563382416e+03 +3.563382416e+03 -5.2974e-01 +2.0352e-01 -6.8570e-01 -4.1286e-01 +1.7699e-01 -5.7973e-01 +7.7978e-01 +2.9833e-01 +1.8951e-01 +1.4211e+00 +7.8251e-01 -6.9937e-01 +1.9171e+00 +8.7817e-01 +5.7033e-02 +1.4022e-01 +4.4195e-01 -7.8265e-01 -5.5294e-01 -1.3890e+00
111 0 +2.636306740e+03 +2.733556740e+03 +2.733556740e+03 -3.8845e-01 +3.9775e-01 -1.7173e-01 -1.8159e-01 +1.6048e-01 -3.4631e-02 +3.4073e-01 -9.7937e-01 -2.2229e-01 +1.9846e+00 +1.6413e+00 -8.0247e-01 +1.2362e+00 +1.2819e+00 +7.3662e-01 -1.3278e-01 +3.6445e-01 +4.5008e-02 -9.2263e-01 -5.8540e-01
124 0 +1.858559109e+02 +2.831059109e+02 +2.831059109e+02 -3.4556e-02 +4.3775e-01 -4.1755e-01 +1.4266e-01 +7.8606e-01 -4.0009e-01 +1.2061e+00 -1.3000e-01 -3.5416e-01 +1.7702e+00 +2.7183e-01 -1.2913e+00 +1.3429e+00 +7.6438e-01 +5.6880e-01 -1.5029e-01 +4.6693e-02 +4.2462e-01 -9.7988e-01 -1.1636e+00
142 0 +1.555916975e+02 +2.528416975e+02 +2.528416975e+02 +1.1353e-02 -3.0513e-02 +2.4899e-01 -3.5785e-01 +6.0903e-01 -2.0134e-01 +6.2688e-01 -1.0277e+00 -3.0302e-01 +2.1758e+00 +1.0870e+00 -2.4392e-01 +1.8030e+00 +8.1051e-01 +1.7413e-01 -5.3511e-01 +5.5121e-01 -2.0952e-02 -9.4160e-01 -1.0069e+00
219 0 +1.497193345e+02 +2.469693345e+02 +2.469693345e+02 -2.2691e-01 +3.0756e-01 +2.8871e-01 -6.1050e-02 +5.0627e-01 +4.1853e-01 +2.7020e-01 -8.5917e-01 -1.5913e+00 +2.1794e+00 +7.6462e-01 -7.1572e-01 +1.6029e+00 +5.4215e-01 +2.3581e-01 +7.5993e-01 +5.1559e-01 -2.9731e-01 -1.4936e+00 -6.5628e-01
405 0 +1.409694382e+02 +2.382194382e+02 +2.382194382e+02 -1.6756e+00 +2.0358e+00 -5.1194e-01 -1.2408e-01 +6.6224e-01 +7.0810e-01 +1.0842e+00 -1.1222e+00 -1.4402e+00 +1.8685e+00 +1.6522e+00 -4.6884e-01 +3.8246e-01 +5.0243e-01 +7.9428e-01 -2.8293e-01 +7.3651e-02 +3.2214e-01 -1.1919e+00 -1.4291e+00
1224 0 +1.304734649e+02 +2.277234649e+02 +2.277234649e+02 +3.2909e-02 +3.4605e-01 -1.5109e+00 +5.6116e-01 +8.1443e-01 +1.4668e-01 +1.1040e+00 -1.5953e+00 -4.0133e-01 -5.1205e-01 +3.2641e-01 -1.4811e+00 -7.6232e-01 +1.6807e+00 -1.2546e+00 +9.6726e-01 +7.9196e-01 -1.3411e+00 -8.4127e-01 -5.2818e-01
1255 0 +1.074214613e+02 +2.046714613e+02 +2.046714613e+02 +1.0984e+00 +4.4068e-01 -1.2026e+00 +1.0632e-01 +1.4592e+00 +7.3680e-01 +9.5255e-01 -8.6025e-01 -6.0798e-01 +7.4773e-01 -1.1520e-01 -5.1647e-01 -1.6900e-01 +2.7132e-01 -2.9075e+00 -7.5035e-01 +1.3932e+00 -1.5203e+00 -5.2984e-01 -1.0335e+00
2016 0 +1.074214613e+02 +2.046714613e+02 +2.046714613e+02 +1.0984e+00 +4.4068e-01 -1.2026e+00 +1.0632e-01 +1.4592e+00 +7.3680e-01 +9.5255e-01 -8.6025e-01 -6.0798e-01 +7.4773e-01 -1.1520e-01 -5.1647e-01 -1.6900e-01 +2.7132e-01 -2.9075e+00 -7.5035e-01 +1.3932e+00 -1.5203e+00 -5.2984e-01 -1.0335e+00
% f evaluations | g evaluations | best noise-free fitness - Fopt (-2.033000000000e+01) + sum g_i+ | measured fitness | best measured fitness or single-digit g-values | x1 | x2...
1 0 +3.100384954e+06 +3.100364624e+06 +3.100364624e+06 -1.9650e-01 -5.7100e-01 -1.1482e-01 -3.4890e-01 +8.3771e-02 +1.0100e-01 +5.7159e-02 -2.2685e-01 -5.4890e-01 -2.1320e-02 -4.1637e-01 +1.3214e-01 +1.0569e-01 -1.8186e-01 -3.0100e-01 +2.7918e-01 +1.6535e-01 -1.4637e-01 -3.2960e-01 -3.1897e-01
2 0 +6.069564863e+05 +6.069361563e+05 +6.069361563e+05 -2.3222e-01 +3.4757e-01 +7.5610e-02 +1.6073e-01 -6.8609e-01 +2.7962e-01 -2.6667e-01 -8.3926e-02 +2.3847e-01 -3.7596e-01 -1.7987e-01 +1.0348e-01 +6.0140e-02 +5.0622e-02 -1.5297e-01 +4.7884e-01 -1.4322e-01 +3.5055e-01 -6.1430e-01 +4.8211e-01
16 0 +2.373579958e+05 +2.373376658e+05 +2.373376658e+05 -1.8280e-01 +1.5892e-01 +4.6678e-01 +4.8181e-01 -2.1658e-01 +3.0410e-01 +3.4208e-01 +6.6298e-01 +4.4641e-01 -7.2677e-01 +3.1869e-01 +4.9454e-01 +1.2928e-01 +6.8557e-02 -2.3845e-02 +7.4014e-02 -6.7956e-01 +4.0859e-01 -3.5178e-01 -3.6158e-01
25 0 +1.783422392e+05 +1.783219092e+05 +1.783219092e+05 -6.3481e-01 +4.0892e-01 -6.4889e-02 +1.3354e-01 -8.7686e-02 +2.9640e-01 -6.8350e-02 +7.4430e-01 +3.2731e-01 -1.4168e-01 -5.9626e-01 -7.5658e-02 -8.4493e-02 +1.7628e-01 -1.3235e-01 +1.8194e-01 -3.1805e-01 +6.4221e-01 -8.8917e-02 -1.4045e-01
26 0 +9.238850827e+04 +9.236817827e+04 +9.236817827e+04 -3.9738e-01 +1.1717e-01 -6.3646e-02 +7.8450e-01 -3.2599e-01 -2.2699e-01 +1.4173e-01 +7.6460e-01 +3.1378e-01 -5.1625e-01 -2.7081e-01 +6.9433e-02 +6.1641e-02 +9.3257e-02 -1.5779e-01 +5.5302e-01 -2.8074e-01 +7.2439e-01 -2.9649e-01 -3.4338e-01
30 0 +1.897453497e+04 +1.895420497e+04 +1.895420497e+04 -2.7491e-01 +4.8886e-01 -1.2136e-01 +9.4875e-01 +3.8913e-02 +7.7730e-01 +3.1172e-01 +3.4753e-01 +4.3895e-01 -4.7049e-01 -4.8443e-01 +4.6713e-01 +5.3636e-01 +6.4024e-01 +6.1778e-02 +6.4384e-02 -9.1239e-01 +5.5444e-01 -2.5892e-01 -1.8059e-01
39 0 +6.487336214e+03 +6.467006214e+03 +6.467006214e+03 -2.5145e-01 +1.9101e-02 +1.4065e-01 +1.1806e+00 -3.7529e-01 +7.7060e-01 +3.3554e-01 -1.1839e-01 +5.1145e-01 -8.3178e-01 +2.9593e-01 +3.5486e-01 +9.2783e-01 +3.2877e-01 -5.0915e-01 +1.9461e-01 -7.9545e-01 +8.8844e-01 -3.0529e-01 -9.3962e-01
44 0 +5.136462793e+03 +5.116132793e+03 +5.116132793e+03 -6.4398e-01 +1.0747e+00 +5.8466e-01 +8.5991e-01 +2.1188e-01 +7.8303e-01 +4.5671e-02 +1.0092e-01 +8.6834e-02 -4.6679e-01 -5.1796e-01 +3.4374e-01 +2.2006e-01 +1.4009e-01 -4.0054e-01 -3.8513e-01 -7.5449e-01 +3.6116e-01 -6.9411e-01 -7.4206e-01
47 0 +3.068146121e+03 +3.047816121e+03 +3.047816121e+03 -2.1117e-01 +4.4702e-01 +2.0541e-01 +1.3386e+00 -5.4933e-01 +6.4865e-01 +2.8794e-01 +2.7555e-01 +1.0226e+00 -6.4431e-01 -6.2577e-01 +1.4643e-01 +1.5213e-01 +2.5473e-01 -2.2963e-01 +2.2219e-01 -5.8598e-01 +8.6963e-01 -1.2004e-01 +4.8714e-01
66 0 +8.288049480e+02 +8.084749480e+02 +8.084749480e+02 -1.0783e+00 +8.5316e-01 -6.6070e-02 +1.2186e+00 -7.5065e-04 +1.7863e-01 +2.8339e-01 -1.5201e-01 +4.0978e-01 -9.8092e-02 +2.2385e-01 +4.8445e-01 +4.1682e-01 -3.3590e-01 +9.1943e-02 -1.0765e-01 -8.7472e-01 +5.8832e-01 -6.1164e-01 -6.5180e-01
70 0 +4.537061826e+02 +4.333761826e+02 +4.333761826e+02 -4.7988e-01 +5.1819e-01 -2.0643e-01 +1.2174e+00 -2.3630e-01 +6.0571e-01 +5.5122e-01 +9.4439e-02 +5.9017e-01 -4.4494e-01 -5.5200e-01 +2.5701e-01 +6.3286e-01 -5.9069e-01 -1.7209e-01 +5.8325e-02 -1.0581e+00 +4.7443e-01 -2.7021e-01 -5.3621e-01
82 0 +1.876692244e+02 +1.673392244e+02 +1.673392244e+02 -6.6978e-01 +3.8465e-01 +4.4503e-01 +7.2214e-01 -4.4923e-01 +6.6217e-01 +1.1323e-03 -1.4814e-01 +9.0561e-01 -8.8517e-01 -3.6720e-01 +4.9290e-01 +6.3941e-01 -2.3775e-01 -3.3920e-03 -8.1365e-01 -1.4922e+00 +8.2628e-01 -2.6882e-01 -6.7977e-01
159 0 +1.580245469e+02 +1.376945469e+02 +1.376945469e+02 -1.7331e+00 +4.9414e-01 +7.8808e-01 +7.6181e-01 -4.6356e-01 +3.7388e-01 +6.1108e-01 -1.8565e-01 -3.4597e-02 -6.2468e-01 -5.0409e-02 +2.2919e-01 +1.2911e+00 -2.4373e-01 -3.0314e-01 +2.6547e-01 -1.4272e+00 -5.6273e-03 -1.2505e+00 -1.2418e-01
221 0 +1.414397123e+02 +1.211097123e+02 +1.211097123e+02 -1.4597e+00 +2.8216e-02 +1.4276e-01 +1.1988e+00 +1.2332e+00 +1.4581e+00 -1.2613e-01 +1.2012e-01 +2.9377e-01 -4.9954e-01 -1.9507e-01 +1.1427e+00 +1.1222e+00 +4.4909e-01 +5.9836e-01 -1.1546e-01 -9.5779e-01 +1.2771e-01 -3.7444e-01 -2.1265e-01
2004 0 +1.414397123e+02 +1.211097123e+02 +1.211097123e+02 -1.4597e+00 +2.8216e-02 +1.4276e-01 +1.1988e+00 +1.2332e+00 +1.4581e+00 -1.2613e-01 +1.2012e-01 +2.9377e-01 -4.9954e-01 -1.9507e-01 +1.1427e+00 +1.1222e+00 +4.4909e-01 +5.9836e-01 -1.1546e-01 -9.5779e-01 +1.2771e-01 -3.7444e-01 -2.1265e-01
% f evaluations | g evaluations | best noise-free fitness - Fopt (9.431000000000e+01) + sum g_i+ | measured fitness | best measured fitness or single-digit g-values | x1 | x2...
1 0 +2.234412271e+06 +2.234506581e+06 +2.234506581e+06 -5.0337e-01 +1.6912e-02 -4.3103e-02 +1.6507e-01 +1.9477e-01 -1.3357e-01 +2.0104e-01 +4.8034e-01 +1.2397e-01 -7.4466e-02 -1.4539e-01 +7.0668e-02 -2.6185e-01 +2.4021e-01 +3.2638e-01 -3.8962e-01 -4.4974e-02 +3.6956e-01 -1.9164e-01 +2.5332e-01
2 0 +2.065823107e+06 +2.065917417e+06 +2.065917417e+06 +5.8979e-01 +1.6387e-01 -2.1318e-01 +3.7036e-01 +2.8912e-01 +2.4109e-01 -4.9109e-01 +8.6679e-02 -1.0632e-01 +6.4252e-01 -6.6614e-02 +2.0928e-01 +2.7364e-02 -1.8499e-02 +3.2889e-01 -2.7122e-01 +9.5368e-02 +2.1779e-01 -3.8984e-02 -1.7045e-01
3 0 +1.989422732e+06 +1.989517042e+06 +1.989517042e+06 +3.9003e-01 -3.7526e-01 +1.3545e-01 -3.5159e-01 +1.7650e-01 -1.1505e-01 -5.8466e-01 +2.6174e-01 -1.0923e-01 -1.8678e-01 +3.9314e-01 -6.3661e-01 -2.1197e-01 +6.3325e-01 -4.1712e-01 -1.8654e-01 -1.7213e-02 +1.0763e-01 -4.2949e-01 +8.1420e-02
11 0 +1.130402218e+06 +1.130496528e+06 +1.130496528e+06 +2.0738e-02 -1.1656e-01 -5.3345e-01 +4.9871e-02 +4.6120e-01 +2.7669e-01 +1.5966e-01 +6.2161e-02 -4.7198e-01 +1.7981e-01 -4.1690e-01 -3.6936e-01 -5.4724e-01 +5.1135e-01 -2.6066e-01 +8.3874e-01 +2.9135e-01 +5.3240e-01 +1.7753e-01 -3.0327e-01
15 0 +8.378743024e+05 +8.379686124e+05 +8.379686124e+05 +3.3282e-01 +1.7162e-01 -1.4329e-01 +1.2139e-01 -1.5801e-01 -6.4560e-02 +1.2529e-01 +8.2665e-02 -5.3615e-01 +1.7363e-01 +1.1650e-01 -1.6689e-01 -7.1238e-01 +5.7708e-01 -2.8203e-01 -1.2170e-01 +5.9567e-01 +4.0820e-01 -1.2679e-01 -3.1215e-01
17 0 +7.431696784e+05 +7.432639884e+05 +7.432639884e+05 -9.4871e-02 -3.0446e-01 +1.8328e-01 -1.9378e-01 +5.4624e-01 +7.7327e-02 -8.1316e-02 +4.2941e-01 -2.3061e-01 +1.3721e-01 +7.9790e-03 -2.9157e-01 -2.4521e-01 +2.5544e-01 -3.2657e-01 +7.2562e-01 +3.9078e-01 +4.9719e-01 +5.4471e-02 -6.8285e-01
19 0 +4.995835959e+05 +4.996779059e+05 +4.996779059e+05 -1.3153e-01 -2.3181e-01 -2.9976e-01 +1.4136e-01 +5.8428e-01 +3.9804e-01 -4.5098e-01 +3.7232e-01 +2.6234e-01 +8.8353e-02 +7.7114e-02 -1.4967e-01 -2.3316e-01 +3.8009e-01 -5.6822e-01 -2.3324e-01 +5.2090e-01 +7.1625e-01 -3.5862e-01 -2.5499e-01
25 0 +4.367208953e+05 +4.368152053e+05 +4.368152053e+05 -3.2583e-01 +1.4008e-01 +4.0754e-02 -2.3401e-01 +2.2241e-01 +9.7204e-01 -5.0477e-01 +6.1166e-01 -6.3313e-02 -2.0479e-01 -4.3133e-01 -3.0794e-01 -8.3052e-01 +3.1549e-01 -3.0984e-01 +9.8993e-02 +1.9401e-01 +1.0209e+00 -3.2300e-01 -4.6678e-01
27 0 +7.348753056e+04 +7.358184056e+04 +7.358184056e+04 -3.5060e-01 -4.0646e-01 -5.3288e-01 -3.9930e-01 -9.2751e-02 +5.1206e-01 -4.7751e-01 +4.0859e-01 -4.6741e-01 -2.4287e-01 -1.9390e-01 -5.6600e-01 +1.0587e-01 +7.5616e-01 -6.8771e-01 +5.8720e-01 +9.2343e-01 +1.0331e+00 -6.7218e-01 -6.5544e-01
39 0 +2.178514430e+04 +2.187945430e+04 +2.187945430e+04 -7.3343e-02 +1.9859e-01 -3.7039e-01 +8.1102e-02 +6.0853e-01 +3.1566e-01 -4.1837e-01 +5.6184e-01 -7.6543e-01 +3.0129e-01 -2.4188e-02 -3.3685e-01 -2.3371e-01 -5.0205e-02 -4.7616e-01 +3.5472e-01 +4.4181e-01 +1.3483e+00 -4.9287e-01 -8.7931e-01
52 0 +1.729112435e+03 +1.823422435e+03 +1.823422435e+03 -3.2417e-01 -2.7683e-01 -3.8307e-01 +2.7503e-01 +6.9963e-01 +3.8102e-01 -5.0993e-01 +7.5865e-02 -4.7458e-01 -2.3617e-01 -3.2514e-02 -5.3806e-01 -5.8673e-02 +2.9943e-01 -3.1116e-01 +6.5484e-02 +8.9805e-01 +1.3109e+00 -1.0978e+00 -8.9869e-01
55 0 +7.033492699e+02 +7.976592699e+02 +7.976592699e+02 -4.0252e-01 -5.6929e-01 -1.4928e-01 -2.4727e-01 -1.3465e-01 +3.9406e-01 -7.0971e-01 +7.2923e-01 +5.8918e-02 +2.6872e-01 -3.5275e-01 -4.8681e-01 +3.8920e-02 +3.8601e-01 -7.6944e-01 +3.5814e-01 +9.7787e-01 +1.4082e+00 -6.8842e-01 -5.8456e-01
64 0 +6.887347091e+02 +7.830447091e+02 +7.830447091e+02 -5.4649e-01 -7.0156e-01 -1.4263e-01 +1.8470e-01 +6.7544e-01 -2.9306e-02 -4.0935e-01 +1.6876e-01 +4.5336e-01 -1.3724e-02 -1.4207e-01 -3.3143e-01 +1.1462e-01 -3.0223e-01 -4.3409e-01 +1.7852e-01 +1.1747e+00 +1.4375e+00 -1.1387e+00 -6.2217e-01
94 0 +2.887401554e+02 +3.830501554e+02 +3.830501554e+02 -6.9953e-01 -5.8231e-01 +2.5999e-01 -2.0102e-01 +4.2643e-01 +2.7270e-02 +6.1846e-02 +8.8751e-01 +4.9187e-01 +2.9931e-01 -3.9445e-01 -3.3584e-02 +5.6467e-01 -3.6414e-01 -9.1928e-01 -5.0273e-02 +6.5909e-01 +1.4333e+00 -1.0243e+00 -5.8524e-01
196 0 +2.784723622e+02 +3.727823622e+02 +3.727823622e+02 -2.3759e-02 -9.0848e-01 +9.1647e-01 +2.4342e-01 +9.3311e-01 -7.3490e-01 +1.3037e-01 +1.3355e+00 +1.5985e+00 -4.5688e-01 -1.4429e+00 -2.2333e-01 +9.2951e-02 -3.0646e-01 -1.5755e+00 +7.9100e-01 +2.0890e+00 +1.2399e+00 -7.6627e-02 +6.4296e-01
298 0 +1.653479083e+02 +2.596579083e+02 +2.596579083e+02 +6.2868e-01 -1.7265e-01 -4.4930e-01 +1.0443e+00 +1.2729e+00 -2.0414e+00 -5.2939e-01 +8.9179e-01 +6.5430e-01 -9.1246e-01 -8.3897e-01 -3.1702e-01 -3.7467e-02 -8.7537e-01 -2.3858e+00 +1.5853e-01 +8.1857e-01 +1.3635e+00 -9.4158e-01 +5.3067e-01
314 0 +1.446996204e+02 +2.390096204e+02 +2.390096204e+02 +5.0341e-01 -1.9074e-01 -5.4377e-01 +9.2163e-01 +5.7721e-01 -1.7355e+00 -1.6096e-01 +9.8942e-01 +1.3267e+00 -5.1129e-01 +7.5639e-01 +2.5440e-01 +1.7554e-01 -9.2464e-01 -2.5914e+00 -7.6531e-02 +7.9670e-01 +9.7463e-01 -9.8667e-01 +4.9599e-01
1076 0 +1.434904326e+02 +2.378004326e+02 +2.378004326e+02 +5.2989e-01 -8.3927e-01 +1.0178e+00 +1.2202e+00 +4.0899e-01 +2.9891e-01 +9.7573e-01 +1.2111e-01 +1.9467e-01 +5.0700e-01 -2.5749e-01 -6.3880e-01 +1.5472e-01 +3.8898e-01 -3.8408e-01 +1.4478e-01 +3.7808e-01 +2.2327e-01 -7.6950e-01 -6.2935e-01
2004 0 +1.434904326e+02 +2.378004326e+02 +2.378004326e+02 +5.2989e-01 -8.3927e-01 +1.0178e+00 +1.2202e+00 +4.0899e-01 +2.9891e-01 +9.7573e-01 +1.2111e-01 +1.9467e-01 +5.0700e-01 -2.5749e-01 -6.3880e-01 +1.5472e-01 +3.8898e-01 -3.8408e-01 +1.4478e-01 +3.7808e-01 +2.2327e-01 -7.6950e-01 -6.2935e-01
% f evaluations | g evaluations | best noise-free fitness - Fopt (-1.436900000000e+02) + sum g_i+ | measured fitness | best measured fitness or single-digit g-values | x1 | x2...
1 0 +1.249529375e+04 +1.235160375e+04 +1.235160375e+04 +1.6370e-02 -1.8433e-01 -4.0275e-01 -3.4738e-02 -5.7502e-01 -1.1809e-01 +1.2723e-01 -2.5319e-02 -1.5262e-01 +1.1000e-02 -1.7116e-01 -2.3979e-01 -1.6301e-01 +2.7569e-01 +1.7346e-01 +1.2475e-01 -2.2331e-01 +2.3549e-01 -4.2632e-01 +4.4413e-02
4 0 +3.355310054e+02 +1.918410054e+02 +1.918410054e+02 -1.3565e-01 -3.9614e-01 -3.2957e-01 -2.8354e-01 +2.9269e-01 -2.1799e-01 +4.4941e-02 +1.5550e-01 +1.3277e-01 -1.2373e-01 +7.0635e-02 +5.6684e-01 +3.8234e-01 -4.1577e-01 +4.1330e-01 +1.8548e-01 -1.6210e-01 +9.6294e-02 +7.0984e-02 -4.4224e-02
14 0 +2.619182337e+02 +1.182282337e+02 +1.182282337e+02 -4.8690e-01 -2.6954e-02 -5.7079e-01 +6.2181e-02 -1.3548e-01 -2.6430e-02 +5.2058e-01 +3.2626e-01 +9.0354e-02 +1.8603e-01 -1.2499e-01 -1.1384e-01 +9.5378e-02 +2.6131e-01 +2.8454e-01 -3.2653e-01 +1.3962e-01 +5.3216e-01 +1.3778e-01 +6.0631e-01
24 0 +1.653462031e+02 +2.165620308e+01 +2.165620308e+01 +5.9288e-02 -3.7997e-01 -1.1044e-01 -2.4589e-01 -1.8673e-01 -4.0018e-01 -2.9445e-01 -5.5861e-02 +4.2399e-01 -2.4908e-01 +4.3703e-01 +4.6341e-01 +2.4026e-03 +2.9876e-01 +1.5929e-01 +1.1230e-02 +2.9196e-01 +1.7724e-01 +3.1385e-01 +2.8051e-01
231 0 +1.417556060e+02 -1.934393953e+00 -1.934393953e+00 -2.2116e-01 -6.1720e-01 -5.3250e-01 +9.9543e-01 +8.7939e-01 -4.3295e-02 +8.2383e-02 -2.5316e-03 -4.0679e-01 -5.2222e-01 +1.5770e-01 +2.1741e-01 +1.2590e-01 -3.2514e-01 +1.5600e+00 -8.8615e-01 -3.3506e-01 +1.1727e-01 +9.4629e-01 +9.4592e-02
640 0 +1.310843462e+02 -1.260565375e+01 -1.260565375e+01 -1.6343e+00 -1.9636e+00 -1.0313e+00 +8.6510e-01 +1.5213e+00 +1.1322e+00 -1.3226e+00 +4.3550e-01 -4.0116e-01 -1.0509e+00 -1.1126e+00 -3.3700e-01 +1.3941e+00 +8.6487e-01 -9.8893e-01 -6.1439e-01 +6.2391e-01 +5.4645e-01 +1.2054e+00 -5.4698e-02
778 0 +1.182464724e+02 -2.544352760e+01 -2.544352760e+01 -1.6324e+00 -1.7298e+00 -7.9366e-01 +5.3597e-01 +1.2816e+00 +8.7556e-01 -9.2676e-01 +6.4222e-01 -1.7894e-01 -1.3916e+00 -1.0273e+00 -2.5256e-01 +1.7088e+00 +2.3577e-01 -6.3228e-01 -2.9301e-01 +4.1444e-01 +1.1967e+00 +1.3781e+00 -4.5087e-01
1213 0 +1.168921610e+02 -2.679783901e+01 -2.679783901e+01 -1.4868e+00 -1.6685e+00 -9.3285e-01 +8.9059e-01 +1.1965e+00 +5.5310e-01 -1.2364e+00 +7.3955e-01 -3.5214e-01 -1.5834e+00 -7.9116e-01 -3.2394e-01 +1.8229e+00 +8.5133e-01 -6.6099e-01 +2.3765e-01 +7.0260e-01 +9.2476e-01 +1.1948e+00 -7.4501e-01
2004 0 +1.149998289e+02 -2.869017111e+01 -2.869017111e+01 -1.3778e+00 -1.6261e+00 -9.0205e-01 +9.8149e-01 +1.1791e+00 +4.8115e-01 -1.1998e+00 +7.3252e-01 -3.0857e-01 -1.5668e+00 -7.4245e-01 -2.6574e-01 +1.8862e+00 +8.4209e-01 -6.1051e-01 +1.6200e-01 +8.0187e-01 +8.8124e-01 +1.2172e+00 -6.2455e-01
% f evaluations | g evaluations | best noise-free fitness - Fopt (-3.533800000000e+02) + sum g_i+ | measured fitness | best measured fitness or single-digit g-values | x1 | x2...
1 0 +4.299973958e+06 +4.299620578e+06 +4.299620578e+06 +5.9661e-01 -2.7099e-01 -3.9057e-01 +6.2925e-01 -1.3837e-01 -4.7925e-01 -1.6590e-01 -1.0120e-01 -2.6153e-01 -1.2917e-02 -6.7746e-01 +3.4042e-03 +2.1216e-02 -2.0149e-01 -2.4722e-01 +4.2941e-02 -1.9360e-02 +2.9667e-01 +4.9578e-01 +6.2027e-01
9 0 +3.422791402e+06 +3.422438022e+06 +3.422438022e+06 +2.5214e-01 +1.2161e-01 +3.3647e-01 -4.2755e-01 +6.3359e-02 +4.8542e-02 -3.8348e-02 -5.1980e-02 -4.2035e-01 +1.7330e-01 -3.9075e-01 +7.9582e-02 +2.2525e-01 -2.2468e-01 -2.1450e-01 -1.4283e-01 +4.8019e-02 -8.4308e-02 -2.5088e-01 +2.9578e-01
11 0 +2.631533668e+06 +2.631180288e+06 +2.631180288e+06 +1.6374e-01 +1.7718e-01 -4.6551e-01 +2.7736e-01 +4.2604e-01 -1.6376e-01 -3.2488e-01 -3.1297e-01 -3.9830e-01 +1.9224e-02 -2.7569e-01 -1.5924e-01 +2.9077e-01 -1.4797e-02 -5.2157e-01 +9.7200e-03 -1.6017e-01 +5.7002e-02 -1.5646e-01 -7.2890e-02
15 0 +1.855890309e+06 +1.855536929e+06 +1.855536929e+06 -2.4856e-01 +2.3320e-01 -5.5825e-02 +2.8367e-01 -7.6641e-02 +9.3364e-02 +2.3769e-01 -4.2286e-02 -6.7999e-01 -5.5465e-01 -5.8646e-01 +4.9821e-01 -1.3608e-03 +1.9248e-01 -2.1103e-02 +4.0095e-01 -2.9344e-01 +1.4633e-01 -4.1180e-01 +2.8194e-01
18 0 +1.454213457e+06 +1.453860077e+06 +1.453860077e+06 +6.3105e-01 -2.4675e-01 -3.2421e-01 +1.6708e-02 +4.9810e-01 -7.6077e-02 -1.8312e-02 -3.6157e-01 -4.8516e-01 -4.7374e-02 -6.0017e-01 -5.5969e-02 +1.3247e-01 +4.4377e-01 -2.0855e-01 +1.1717e-02 -7.4060e-01 +5.9957e-01 -3.0775e-01 +6.5360e-01
27 0 +5.398637465e+05 +5.395103665e+05 +5.395103665e+05 +3.8308e-01 +2.0901e-01 +1.4553e-01 -3.0637e-01 +7.7872e-01 -1.8515e-01 +4.3794e-01 -2.3498e-01 -5.2347e-01 -8.8560e-01 -4.8145e-01 +2.4690e-01 +3.1717e-01 +6.2711e-01 -9.4179e-01 +7.5625e-02 -5.6151e-01 +3.5875e-01 -5.8608e-01 +1.9700e-01
36 0 +4.193482949e+05 +4.189949149e+05 +4.189949149e+05 +8.3239e-02 -4.6965e-01 -6.1242e-01 +5.2799e-01 +8.2074e-01 +2.9805e-01 +2.2314e-01 -2.8110e-01 -1.0189e+00 -3.0538e-01 -8.0428e-01 -3.0174e-01 +1.8314e-01 +6.0387e-01 +6.3367e-02 -7.0121e-01 -7.8772e-01 +2.1324e-01 -3.4836e-01 +3.4460e-01
40 0 +3.445090652e+05 +3.441556852e+05 +3.441556852e+05 -7.8437e-02 -1.2010e-01 -5.5669e-01 +5.9382e-01 +2.4910e-01 +2.4166e-01 +9.7639e-02 -1.3760e-01 -8.1083e-01 -3.0712e-01 -3.9847e-01 +2.7761e-01 +8.2075e-01 +7.9810e-01 -2.9035e-01 -4.1778e-01 -1.9724e-01 +5.5616e-02 -8.0091e-01 +4.2484e-01
48 0 +1.553046727e+05 +1.549512927e+05 +1.549512927e+05 +7.1106e-01 +3.0493e-01 -7.3032e-01 +1.7005e-01 +2.3996e-01 +3.8169e-01 +5.0171e-02 -1.9915e-01 -1.0017e+00 -5.8111e-01 -7.7195e-01 +3.8977e-02 +7.7289e-01 +5.1709e-01 +6.0468e-01 +9.3476e-02 -6.8830e-01 -2.6447e-01 -2.8719e-01 +1.5302e+00
49 0 +4.880809489e+03 +4.527429489e+03 +4.527429489e+03 +2.9519e-01 -1.6061e-01 -2.5557e-01 +1.6807e-01 +4.4392e-01 +1.0160e+00 -2.2057e-01 -3.9161e-01 -1.2900e+00 -4.1803e-03 -1.2024e+00 +1.1824e-01 +8.2077e-01 +7.0358e-01 -1.7794e-01 +1.7168e-01 -6.2055e-01 +3.2429e-01 -3.7876e-01 +6.8436e-01
51 0 +2.622350293e+03 +2.268970293e+03 +2.268970293e+03 +3.2513e-01 +2.9187e-01 -2.1719e-01 +3.3879e-01 +5.8253e-01 +1.8045e-01 +5.3427e-02 -6.1523e-01 -1.2351e+00 -5.6327e-01 -6.3642e-01 +2.6337e-01 +8.3993e-01 +5.5840e-01 +3.8718e-01 +2.6195e-01 -9.4446e-01 +9.0902e-02 -6.4460e-01 +1.3871e+00
58 0 +1.541924412e+03 +1.188544412e+03 +1.188544412e+03 +4.5330e-01 +1.3175e-01 -6.2400e-01 +3.1708e-01 +5.6638e-01 +2.1470e-01 +3.3488e-01 -5.2035e-01 -1.5506e+00 -2.4348e-01 -9.0464e-01 -9.4590e-02 +1.0138e+00 +1.0142e+00 -1.6977e-01 -3.7002e-02 -8.7588e-01 -1.4584e-01 -1.0570e-01 +8.3607e-01
68 0 +3.702280982e+02 +1.684809825e+01 +1.684809825e+01 +8.1239e-01 +7.3740e-01 -3.4399e-01 +1.0965e-01 +3.8420e-01 +6.1932e-01 -1.7864e-01 -5.8680e-01 -1.2979e+00 +2.9445e-01 -6.7867e-01 -2.9113e-01 +6.3210e-01 +1.2483e+00 +5.2429e-04 +3.4176e-01 -5.3447e-01 -3.0895e-03 -1.0771e+00 +8.7743e-01
112 0 +1.714738707e+02 -1.819061293e+02 -1.819061293e+02 +3.8107e-01 +4.1851e-01 -4.3299e-01 -4.6904e-01 +5.2932e-01 -3.1735e-02 +3.7925e-01 -7.1399e-01 -1.7629e+00 -8.8455e-03 -1.5536e+00 -2.6101e-01 -2.9762e-01 +1.3105e+00 +1.3750e+00 -5.8523e-01 -1.0370e+00 +4.4573e-01 -6.2827e-01 +8.5098e-01
134 0 +1.275973159e+02 -2.257826841e+02 -2.257826841e+02 +2.8327e-01 +1.7033e-01 -8.0713e-01 +2.2374e-01 +6.1769e-01 +2.1805e-01 -4.4962e-01 +5.7155e-01 -7.9955e-01 -6.5098e-01 -1.5270e+00 -2.5455e-01 -4.0163e-01 +1.8363e+00 +1.4888e-01 -5.6521e-01 -4.3371e-01 +5.4971e-01 -1.2848e+00 +1.6077e+00
255 0 +1.044480001e+02 -2.489319999e+02 -2.489319999e+02 -2.3123e-01 +4.4344e-01 -9.2150e-01 +2.6406e-01 +1.2483e+00 -1.0412e-02 +5.7502e-01 -2.2985e-01 -8.0599e-01 -2.8224e-01 -7.3676e-01 -7.5828e-01 -7.9112e-01 +1.8294e+00 +1.0686e+00 -8.3471e-01 -1.5545e+00 +7.9983e-01 -1.0246e+00 +1.9668e+00
318 0 +9.997256210e+01 -2.534074379e+02 -2.534074379e+02 -8.5153e-01 +4.6373e-01 -6.9565e-01 +1.5520e-01 +8.9288e-01 -7.7502e-01 +9.3303e-01 -1.7661e-01 -8.6689e-01 -1.3819e-01 -8.4703e-01 -1.9624e-01 -8.0774e-01 +2.4201e+00 +1.4809e+00 -6.6379e-01 -1.6193e+00 +1.7767e+00 -1.1019e+00 +1.3621e+00
1291 0 +9.267254725e+01 -2.607074527e+02 -2.607074527e+02 +1.4471e-01 +1.5499e+00 +1.9922e-01 +8.0183e-01 +4.4408e-01 +2.1458e-01 -6.9698e-01 +3.8759e-01 -2.3103e+00 -1.1495e-02 +1.8562e-01 +1.1554e+00 +1.4957e+00 +5.1681e-01 +1.4457e-03 -4.9695e-01 -1.9385e+00 +8.8249e-01 -7.3027e-01 -5.4513e-01
1355 0 +7.844970503e+01 -2.749302950e+02 -2.749302950e+02 +7.1885e-01 +4.0758e-01 -2.7717e-01 -3.3406e-01 +6.5734e-01 +2.4713e+00 -5.5745e-01 +6.8426e-01 -2.0807e+00 +1.4504e-01 +5.3542e-01 +2.0275e+00 +1.6454e+00 -2.2985e-01 +9.0384e-01 +3.4204e-01 -1.4312e+00 +8.6847e-01 -4.6928e-01 -2.4470e-01
1386 0 +7.666201672e+01 -2.767179833e+02 -2.767179833e+02 -1.4943e+00 +1.2459e+00 +2.7704e-02 +2.5614e-01 +4.4909e-01 +2.0186e+00 -1.0253e+00 -9.1456e-02 -1.7115e+00 +6.2048e-01 -1.5290e-01 +1.6191e+00 +1.9930e+00 -5.6590e-01 +2.4361e-01 -4.6400e-01 -9.2136e-01 +6.8578e-01 -9.7565e-01 +3.9872e-01
2004 0 +7.666201672e+01 -2.767179833e+02 -2.767179833e+02 -1.4943e+00 +1.2459e+00 +2.7704e-02 +2.5614e-01 +4.4909e-01 +2.0186e+00 -1.0253e+00 -9.1456e-02 -1.7115e+00 +6.2048e-01 -1.5290e-01 +1.6191e+00 +1.9930e+00 -5.6590e-01 +2.4361e-01 -4.6400e-01 -9.2136e-01 +6.8578e-01 -9.7565e-01 +3.9872e-01
% f evaluations | g evaluations | best noise-free fitness - Fopt (-2.910000000000e+00) + sum g_i+ | measured fitness | best measured fitness or single-digit g-values | x1 | x2...
1 0 +1.407577867e+06 +1.407574957e+06 +1.407574957e+06 -7.9978e-02 +3.5003e-01 +2.9564e-01 +1.1097e-01 +2.5883e-01 +2.0377e-01 -3.6764e-01 +1.8403e-01 -4.4886e-01 -2.7089e-02 +6.2170e-01 +2.9683e-02 +4.7292e-01 -4.2646e-01 -2.4459e-01 +1.4135e-01 -8.8110e-02 -1.0694e-01 -2.9889e-01 -1.5098e-01
2 0 +5.607403818e+05 +5.607374718e+05 +5.607374718e+05 -2.3208e-01 +6.3655e-02 -2.6114e-01 -2.7457e-01 -8.1318e-02 +6.4620e-02 -6.2393e-01 +2.7847e-01 -2.7650e-01 +8.9257e-02 -5.8238e-02 +9.8860e-02 +1.7342e-01 -1.5232e-01 +1.9177e-01 -3.3804e-01 +1.1374e-01 +4.0685e-01 -8.1324e-02 -3.9757e-01
3 0 +5.489662657e+05 +5.489633557e+05 +5.489633557e+05 +3.9610e-01 -7.7131e-02 -4.3581e-01 +5.3186e-02 +5.8777e-01 -1.0387e-01 +5.6958e-01 -1.2876e-01 +1.5441e-01 -2.0314e-01 -3.9986e-01 -3.1389e-02 +8.3599e-02 -2.9539e-01 +5.2014e-01 -1.0406e-01 +4.9171e-01 -2.4071e-02 +3.5917e-02 -3.7820e-01
4 0 +2.502757625e+05 +2.502728525e+05 +2.502728525e+05 +1.0779e-02 -7.1723e-01 +2.4794e-01 -2.9529e-02 +3.1820e-01 +2.4830e-01 -1.6753e-01 -2.5746e-01 -1.4105e-01 +1.3033e-02 -4.3048e-01 -1.2839e-01 -3.7791e-02 +2.1635e-01 -2.4279e-01 +1.1047e-01 -1.3395e-01 +3.2262e-01 -3.1493e-01 +9.0542e-02
5 0 +2.380333670e+05 +2.380304570e+05 +2.380304570e+05 +4.6303e-01 -5.0843e-02 +5.2591e-01 -4.6513e-01 +2.8708e-01 +1.5884e-01 -4.0190e-01 -9.1516e-01 +2.7375e-01 -1.7907e-02 -3.6962e-01 -3.5790e-02 -2.0408e-01 +4.4867e-01 -8.4643e-02 +2.7448e-01 +3.7591e-02 +1.5147e-01 -2.0637e-01 +8.6195e-01
13 0 +1.394061409e+05 +1.394032309e+05 +1.394032309e+05 -6.4718e-02 -1.6445e-02 +1.0924e-01 -5.9966e-01 +3.9809e-01 +1.4279e-01 -4.3337e-01 -6.0736e-01 +2.9118e-02 +4.2237e-02 -7.4494e-01 +3.0841e-01 -2.2999e-01 +9.6890e-02 +2.6269e-01 +8.9536e-02 +2.2854e-01 -1.5150e-01 -6.6349e-01 +8.7643e-02
20 0 +1.095549977e+05 +1.095520877e+05 +1.095520877e+05 -8.2537e-03 +1.8115e-01 +6.9951e-02 -2.6524e-01 -2.5562e-01 +2.7656e-01 -3.2672e-02 -6.8866e-01 -4.6775e-02 +4.1121e-02 -5.1929e-01 -2.9790e-03 -2.9872e-01 -2.7591e-01 -1.1814e-01 +1.6400e-01 +1.2495e-01 -2.6076e-01 -6.0775e-01 +1.0018e-01
23 0 +1.417762710e+02 +1.388662710e+02 +1.388662710e+02 +4.4631e-01 -2.5503e-01 +9.7814e-02 -5.8349e-01 +2.5594e-01 -2.4872e-02 -4.7741e-01 -6.6910e-01 +2.4787e-01 +4.4674e-01 -7.3507e-01 -1.6007e-01 +3.7009e-01 +7.0149e-01 +1.9163e-01 +5.1052e-01 -4.4043e-02 -2.7668e-02 -9.7708e-02 +9.9752e-02
40 0 +1.137646585e+02 +1.108546585e+02 +1.108546585e+02 -2.5765e-02 -1.8379e-01 +5.9657e-02 -4.5700e-01 -6.9282e-02 +3.8565e-02 -5.9530e-02 -7.7337e-01 +3.6182e-01 +1.3055e-01 -2.4994e-01 -4.3557e-02 +1.6242e-01 -1.0313e-01 -1.7294e-01 +4.6510e-01 +5.7054e-01 -1.2591e-01 -4.6327e-01 +5.3739e-01
2016 0 +1.137646585e+02 +1.108546585e+02 +1.108546585e+02 -2.5765e-02 -1.8379e-01 +5.9657e-02 -4.5700e-01 -6.9282e-02 +3.8565e-02 -5.9530e-02 -7.7337e-01 +3.6182e-01 +1.3055e-01 -2.4994e-01 -4.3557e-02 +1.6242e-01 -1.0313e-01 -1.7294e-01 +4.6510e-01 +5.7054e-01 -1.2591e-01 -4.6327e-01 +5.3739e-01
% f evaluations | g evaluations | best noise-free fitness - Fopt (-2.970000000000e+00) + sum g_i+ | measured fitness | best measured fitness or single-digit g-values | x1 | x2...
1 0 +4.122329567e+06 +4.122326597e+06 +4.122326597e+06 -7.9489e-01 -1.8805e-01 -1.8301e-01 +2.0366e-02 +5.3104e-01 +6.4600e-03 -2.3021e-02 -5.0776e-02 -1.5171e-02 +2.6871e-01 -3.8926e-01 -1.1171e-01 -5.4512e-01 +1.7919e-01 -2.2141e-01 +2.6874e-01 -3.6525e-01 -1.0869e-01 +2.2506e-01 +6.3996e-02
6 0 +2.410303597e+06 +2.410300627e+06 +2.410300627e+06 +3.4173e-01 +4.8703e-01 -9.8920e-02 +6.4850e-01 +2.3501e-01 -3.3674e-01 -9.0815e-02 -8.5929e-02 -4.4780e-01 -5.8741e-02 -3.2300e-01 +1.4148e-01 -9.0200e-03 -1.2270e-01 +1.4169e-01 +2.1726e-01 -4.1905e-01 -7.1905e-02 +1.0174e-01 +2.8413e-01
17 0 +2.083818201e+06 +2.083815231e+06 +2.083815231e+06 +4.7651e-01 +5.2696e-01 -4.5591e-01 +3.7942e-01 +3.5860e-01 -2.7504e-01 +3.3822e-01 +3.0644e-02 -5.0255e-01 -3.8230e-01 -1.1629e-01 +3.8412e-01 -1.3275e-01 -8.8053e-01 +5.3228e-02 -2.9486e-01 -3.9760e-01 -5.6259e-01 +2.2186e-01 +2.6162e-01
18 0 +1.366642798e+06 +1.366639828e+06 +1.366639828e+06 +3.6754e-01 -2.1562e-01 +1.2173e-01 +6.0713e-01 -1.1807e-01 -8.7287e-01 +8.8989e-02 -2.5693e-01 -6.7728e-01 -6.6834e-03 +4.8943e-02 -3.8518e-02 +3.9124e-01 -1.7267e-01 +1.0666e-01 +3.1974e-01 -5.1742e-01 -5.2721e-01 +3.2119e-01 +3.1009e-01
27 0 +8.192115725e+05 +8.192086025e+05 +8.192086025e+05 +9.0739e-01 -4.7662e-01 -3.1907e-01 +8.2788e-02 +8.7461e-02 -7.5444e-01 +5.3596e-01 +3.3493e-02 -7.0902e-01 -1.4919e-01 -1.8142e-01 -3.9729e-01 -1.8655e-01 -1.0490e+00 +2.1506e-01 +1.5992e-02 -5.5441e-01 -8.1626e-01 +2.6901e-01 +5.8332e-01
38 0 +3.076230585e+05 +3.076200885e+05 +3.076200885e+05 +9.8125e-01 -3.5148e-01 -1.0766e+00 -1.6512e-01 +3.9577e-01 -4.9934e-01 +9.1372e-01 +2.6333e-02 -6.3908e-01 -9.8674e-02 -1.8623e-01 +6.6016e-01 -6.8399e-02 -6.9945e-01 +4.1313e-01 +3.9935e-01 -4.4881e-01 -1.2858e+00 +5.0613e-01 +3.6948e-01
45 0 +2.488740377e+05 +2.488710677e+05 +2.488710677e+05 +6.6918e-01 +1.9126e-01 -8.4605e-01 +4.3031e-01 +3.7306e-01 -8.2389e-01 +2.4096e-01 -2.1746e-01 -6.8219e-01 +1.7982e-01 -1.7532e-01 -3.5329e-01 -1.6544e-01 -5.4380e-01 +3.2232e-01 +1.7119e-01 -6.8190e-01 -1.8763e+00 -2.6647e-01 +4.2037e-01
49 0 +2.086360591e+05 +2.086330891e+05 +2.086330891e+05 +8.4715e-01 +2.7701e-01 -8.9167e-01 +7.6685e-02 +1.5172e-01 -1.2843e+00 +3.8158e-01 -5.5382e-01 -6.7985e-01 -2.9505e-01 -3.6433e-01 +5.0594e-01 +7.7820e-02 -5.5980e-01 +9.2791e-02 +4.1373e-01 -5.0513e-01 -8.3498e-01 -4.9895e-02 +7.1073e-01
54 0 +1.027269035e+05 +1.027239335e+05 +1.027239335e+05 +9.8381e-01 -1.7148e-01 -9.7014e-01 +4.8230e-01 +7.1373e-01 -1.4211e+00 -1.5154e-01 -2.1618e-01 -4.6643e-01 -1.1723e-01 -3.5124e-01 +2.9547e-02 +6.5804e-01 -9.1518e-01 +2.7237e-01 +6.2802e-03 -5.9781e-01 -1.6812e+00 -1.1067e-01 +3.7045e-01
67 0 +7.602985732e+03 +7.600015732e+03 +7.600015732e+03 +1.0451e+00 +9.1922e-01 -2.6702e-01 +2.0709e-01 -2.3357e-01 -9.7144e-01 +3.0741e-01 +2.1104e-02 -3.7942e-01 -1.5253e-01 -9.7283e-01 +2.0394e-01 +1.6825e-01 -3.4583e-01 +6.7286e-01 +5.9922e-02 +2.4345e-01 -1.5725e+00 -1.0019e-01 +5.0231e-01
74 0 +1.246269285e+03 +1.243299285e+03 +1.243299285e+03 +1.9646e+00 +1.1081e-01 -3.8280e-01 +2.6120e-01 -7.7528e-02 -1.7908e+00 +1.1773e-01 -2.8106e-01 -8.0419e-01 -3.9414e-01 -5.3688e-01 -2.5289e-01 +4.7212e-01 -1.4975e-01 +8.3490e-01 -8.6543e-02 -3.4599e-01 -1.1630e+00 +4.0828e-02 +1.9460e-01
78 0 +9.512657553e+02 +9.482957553e+02 +9.482957553e+02 +1.2169e+00 +7.4159e-01 -1.7801e-01 +8.2870e-01 +3.3232e-01 -7.2451e-01 +9.7269e-01 +2.4984e-02 -8.0202e-01 +1.0828e-01 -8.6075e-01 +2.2657e-01 +3.4476e-01 -9.9380e-01 +1.6476e+00 -1.1454e-01 -1.0608e+00 -1.4992e+00 +4.2958e-01 +1.1310e-01
107 0 +3.965854173e+02 +3.936154173e+02 +3.936154173e+02 +1.9405e+00 +5.4373e-01 -3.5261e-01 +4.3682e-01 -6.7838e-01 -9.5158e-01 +8.8213e-01 +2.5273e-01 -3.1783e-01 -3.5308e-01 -4.5462e-01 -6.1808e-01 -1.5084e-01 -8.2886e-01 +1.9819e+00 +4.0216e-01 -1.1087e+00 -2.6354e+00 -1.4791e-01 +8.8823e-03
152 0 +1.892951435e+02 +1.863251435e+02 +1.863251435e+02 +1.6098e+00 -1.5663e-01 +5.6667e-01 +2.7572e-01 +2.6608e-02 -1.6997e+00 +6.9950e-01 +4.6374e-01 -1.2103e+00 -4.3708e-01 +5.5975e-01 +8.4026e-01 +1.7746e-01 -1.8327e+00 +2.5793e+00 -1.0668e+00 -6.2958e-01 -2.3483e+00 +9.7483e-02 +1.3685e-01
255 0 +1.304743038e+02 +1.275043038e+02 +1.275043038e+02 +4.7100e-01 +2.5947e-01 +1.0792e+00 -3.7199e-02 +4.5265e-01 -1.3113e+00 +4.6469e-01 -3.0543e-01 -1.4194e+00 +9.5452e-02 +1.3031e-02 +9.4515e-01 -1.6280e-01 -4.1684e-01 +2.3572e+00 -1.1268e+00 -1.1027e+00 -1.6735e+00 +5.6909e-01 +1.1916e+00
390 0 +1.249087285e+02 +1.219387285e+02 +1.219387285e+02 +1.5164e+00 +1.3649e+00 +1.2451e+00 -5.3869e-01 +1.3678e+00 -8.8013e-02 -8.3141e-02 -1.0165e+00 -2.3852e+00 -3.4027e-01 +5.7873e-01 +9.2994e-01 +1.7227e-01 -3.6399e-01 +2.9374e+00 -7.9264e-01 -1.2166e+00 -2.2080e+00 +4.4749e-01 +8.4712e-01
464 0 +1.179611440e+02 +1.149911440e+02 +1.149911440e+02 +1.2583e+00 +1.2019e+00 +1.2877e+00 +1.0357e-01 +1.1399e+00 +1.7369e-01 -1.0965e-01 -9.1667e-01 -1.9538e+00 +5.6580e-02 +1.5346e-01 +9.8004e-01 +9.0313e-01 -2.2663e-01 +2.4978e+00 -7.2857e-01 -1.2242e+00 -2.4836e+00 +2.3669e-01 +1.1280e+00
2004 0 +1.179611440e+02 +1.149911440e+02 +1.149911440e+02 +1.2583e+00 +1.2019e+00 +1.2877e+00 +1.0357e-01 +1.1399e+00 +1.7369e-01 -1.0965e-01 -9.1667e-01 -1.9538e+00 +5.6580e-02 +1.5346e-01 +9.8004e-01 +9.0313e-01 -2.2663e-01 +2.4978e+00 -7.2857e-01 -1.2242e+00 -2.4836e+00 +2.3669e-01 +1.1280e+00
% f evaluations | g evaluations | best noise-free fitness - Fopt (2.996300000000e+02) + sum g_i+ | measured fitness | best measured fitness or single-digit g-values | x1 | x2...
1 0 +1.047470736e+06 +1.047770366e+06 +1.047770366e+06 -2.5205e-01 +3.9723e-01 +2.4128e-01 -1.0875e-01 -1.8784e-01 +4.7177e-01 -1.6793e-01 -8.1470e-02 -4.0401e-01 +7.0187e-02 -2.3898e-01 -1.1088e-01 +3.1153e-01 -1.1717e-01 +4.9152e-03 -4.2771e-01 -4.6773e-02 -2.4892e-01 -3.5953e-02 -8.3729e-02
6 0 +3.093401993e+05 +3.096398293e+05 +3.096398293e+05 +5.4357e-01 +7.9284e-01 -2.8725e-01 -1.4155e-02 -8.1108e-02 +2.7817e-01 -8.2303e-01 -2.3580e-01 -3.9509e-01 +8.6259e-02 +1.9985e-01 +1.6471e-01 -1.9400e-01 -5.9450e-02 +2.7737e-01 +5.5265e-02 -7.5375e-02 +2.1055e-01 +5.3221e-02 +1.8991e-01
19 0 +2.456547129e+05 +2.459543429e+05 +2.459543429e+05 +9.6455e-03 +3.1545e-01 -3.1084e-01 -6.9627e-02 -2.4490e-01 +4.5072e-01 -1.9333e-01 -5.7930e-02 -2.6931e-01 -3.9348e-01 +3.6094e-01 +4.1181e-01 +2.3218e-01 -4.3839e-01 +2.3349e-02 +1.5553e-01 -4.5513e-02 +8.1612e-01 +2.6122e-01 -1.7712e-01
22 0 +2.186417333e+05 +2.189413633e+05 +2.189413633e+05 +9.3110e-02 +5.9070e-01 -1.9047e-01 +7.2439e-01 +3.2195e-01 -2.0152e-01 -2.4446e-01 -4.4254e-01 -8.1376e-01 -2.1611e-01 +1.8596e-01 +3.4612e-01 -1.0572e-01 +2.5053e-01 +1.7618e-01 -8.1222e-02 +2.3181e-01 +2.9326e-01 -4.2279e-02 -3.4426e-01
23 0 +1.380417597e+05 +1.383413897e+05 +1.383413897e+05 -3.1645e-01 +1.4604e-01 -7.4961e-02 -3.7862e-01 -1.7666e-01 +8.8601e-01 -2.1242e-01 -2.1962e-01 -3.8715e-01 +2.7894e-02 -2.4095e-01 +7.0555e-02 +9.0497e-02 -3.9985e-01 -1.9110e-02 -4.0741e-03 -2.2923e-01 +8.0229e-01 -5.7372e-01 -2.2737e-01
25 0 +2.387917325e+04 +2.417880325e+04 +2.417880325e+04 +1.5648e-01 +6.9555e-01 -2.3802e-01 +1.7086e-01 +2.6381e-01 +6.3761e-01 -8.8183e-01 +1.1096e-01 -4.3977e-01 -1.9906e-01 +1.3604e-02 -1.1066e-01 -7.8164e-03 +2.6536e-01 +3.6721e-01 +4.6829e-03 +1.9129e-01 +7.6810e-01 +3.2335e-02 +3.1532e-02
32 0 +9.814645280e+03 +1.011427528e+04 +1.011427528e+04 -2.8383e-01 +4.7968e-01 -3.2035e-01 -4.2075e-02 -4.1897e-01 +7.5689e-01 -6.9916e-01 -5.1801e-01 -5.7696e-01 +1.0953e-01 +3.2288e-01 +5.9271e-01 +6.0319e-02 +6.8539e-02 +2.8538e-01 +4.7564e-01 -1.0686e-01 +1.6249e-01 -4.5492e-01 +1.8028e-01
35 0 +4.083142021e+03 +4.382772021e+03 +4.382772021e+03 -3.5687e-01 +2.0809e-01 -2.3761e-01 -2.5416e-02 -3.3880e-01 +5.3318e-01 -2.0594e-01 -4.9522e-01 -1.1335e+00 -2.4456e-01 -1.7782e-01 +7.0079e-02 +9.3779e-02 -5.4455e-01 +3.3081e-01 +7.1157e-01 -9.9437e-02 +8.5527e-01 -1.9095e-01 -1.9090e-01
40 0 +3.314166035e+03 +3.613796035e+03 +3.613796035e+03 -1.3995e-01 +8.9983e-02 -5.6541e-01 +7.3244e-02 -3.9216e-01 +8.2810e-01 +1.0138e-01 -3.5389e-01 -1.1132e+00 -6.7110e-01 -3.7025e-01 +3.7602e-01 +7.5744e-01 -1.0461e-02 +5.1281e-01 +6.1020e-01 +1.3986e-01 +1.0123e+00 -9.3502e-02 -1.6648e-01
44 0 +2.469106846e+03 +2.768736846e+03 +2.768736846e+03 -1.7239e-01 +4.9832e-01 -1.0782e-01 +3.4641e-01 -3.9787e-01 +7.6565e-01 -3.1578e-01 +2.7619e-02 -7.7380e-01 -2.0529e-01 -3.1852e-01 +2.4891e-01 +2.9730e-01 -4.1488e-01 +2.4474e-01 +7.4252e-01 -2.8742e-03 +5.5914e-01 -1.1193e-01 -4.9458e-01
69 0 +5.892868384e+02 +8.889168384e+02 +8.889168384e+02 -4.7259e-01 +5.2165e-01 -2.6250e-01 +3.2303e-01 -3.4074e-01 +4.3489e-01 -7.2170e-01 -1.0177e+00 -6.6412e-01 -4.8798e-01 -1.2398e-02 +1.8722e-01 +2.6082e-01 -6.5257e-01 +1.4571e-01 +8.0609e-02 -1.2791e-02 +9.5923e-01 -1.8580e-01 -1.3897e-01
109 0 +1.463507363e+02 +4.459807363e+02 +4.459807363e+02 +4.1954e-01 +1.0337e+00 -5.0851e-01 +5.9188e-01 +3.7710e-01 +3.9263e-01 -3.4541e-01 -1.1798e-01 -4.1968e-01 -3.5453e-02 -9.1861e-02 -5.2404e-01 -3.3986e-01 -9.3481e-01 +1.4521e-03 -1.1625e-01 +5.1853e-02 +6.3107e-01 -4.4113e-01 -1.3202e+00
285 0 +1.401601652e+02 +4.397901652e+02 +4.397901652e+02 +4.3080e-01 +4.6005e-01 +2.1162e-01 +1.1244e+00 +1.4093e-01 +6.5336e-01 +2.9996e-03 -1.7259e-01 -3.2009e-01 +5.6280e-01 +5.3518e-01 +1.4507e-01 -5.1280e-01 -5.3772e-01 +3.3795e-01 -1.4877e-01 +3.2797e-01 +1.4263e-01 -1.4024e+00 -8.6623e-01
1068 0 +1.214983395e+02 +4.211283395e+02 +4.211283395e+02 -2.4053e-01 +4.3598e-01 +2.0576e-01 -1.1155e-01 +6.3370e-01 +3.9427e-02 -4.8171e-01 -1.5367e-01 +5.8308e-02 -5.1146e-01 +4.3493e-01 -1.5364e-01 -4.7187e-01 +1.0597e-01 +4.9453e-01 +3.0006e-01 +9.9596e-01 +9.6172e-01 +3.4767e-01 -4.0489e-01
1125 0 +1.151254865e+02 +4.147554865e+02 +4.147554865e+02 -1.4724e-01 +1.1217e+00 +1.6335e-01 +9.5631e-01 +5.5258e-01 -1.9151e-01 -5.1854e-01 +9.7380e-02 -2.5499e-02 -8.0192e-01 +4.0790e-01 +2.0870e-01 +2.5726e-01 -9.0583e-02 +8.2543e-01 +4.1199e-01 +6.7794e-01 +2.1341e-01 +5.1755e-01 -7.3584e-01
2016 0 +1.151254865e+02 +4.147554865e+02 +4.147554865e+02 -1.4724e-01 +1.1217e+00 +1.6335e-01 +9.5631e-01 +5.5258e-01 -1.9151e-01 -5.1854e-01 +9.7380e-02 -2.5499e-02 -8.0192e-01 +4.0790e-01 +2.0870e-01 +2.5726e-01 -9.0583e-02 +8.2543e-01 +4.1199e-01 +6.7794e-01 +2.1341e-01 +5.1755e-01 -7.3584e-01
