% f evaluations | g evaluations | best noise-free fitness - Fopt (-1.000000000000e+03) + sum g_i+ | measured fitness | best measured fitness or single-digit g-values | x1 | x2...
1 0 +7.719485172e+01 -9.228051483e+02 -9.228051483e+02 -5.5065e-02 -4.8799e-02 -2.8553e-01 -5.8589e-01 +2.9203e-01
7 0 +7.259550333e+01 -9.274044967e+02 -9.274044967e+02 +2.8782e-02 +7.5030e-02 -3.6463e-01 +7.8105e-01 -7.9169e-01
8 0 +6.951441648e+01 -9.304855835e+02 -9.304855835e+02 -2.7500e-01 -6.7571e-01 +1.0499e-02 +2.6300e-01 -5.6892e-01
17 0 +6.362181819e+01 -9.363781818e+02 -9.363781818e+02 -2.0618e-01 -1.0728e+00 -4.0795e-01 +7.4376e-01 -8.5639e-01
20 0 +6.020651916e+01 -9.397934808e+02 -9.397934808e+02 -1.2294e-02 -2.2862e-01 +8.7765e-02 +6.1918e-01 -1.1960e+00
21 0 +5.471319576e+01 -9.452868042e+02 -9.452868042e+02 +1.6150e-01 -4.3896e-01 +2.7304e-02 +5.5933e-01 -6.1935e-01
25 0 +2.768201123e+01 -9.723179888e+02 -9.723179888e+02 +5.7052e-01 -2.4843e-01 +3.0033e-01 +5.2799e-01 -7.4774e-01
37 0 +2.363216150e+01 -9.763678385e+02 -9.763678385e+02 +2.5788e-01 -3.4644e-01 +1.0214e+00 +4.6824e-01 -7.5491e-01
43 0 +1.875181094e+01 -9.812481891e+02 -9.812481891e+02 +7.3157e-01 +5.9941e-01 +1.0250e+00 +5.3495e-01 -1.2230e+00
45 0 +1.802369298e+01 -9.819763070e+02 -9.819763070e+02 +6.5214e-01 -7.4812e-01 +8.5240e-01 +6.7998e-01 -8.6154e-01
66 0 +1.238825354e+00 -9.987611746e+02 -9.987611746e+02 +1.4380e+00 -2.5120e-01 +1.3939e+00 +2.7594e-01 -7.8206e-01
72 0 +4.244372691e-01 -9.995755627e+02 -9.995755627e+02 +1.8076e+00 +2.3672e-01 +1.4840e+00 +7.7834e-01 -6.3396e-01
196 0 +3.401832033e-01 -9.996598168e+02 -9.996598168e+02 +2.5138e+00 +6.0117e-01 +1.4284e+00 +7.8119e-01 -3.0345e-01
202 0 +3.363533491e-01 -9.996636467e+02 -9.996636467e+02 +2.5566e+00 +6.6726e-01 +1.4627e+00 +7.8994e-01 -3.3777e-01
217 0 +1.791484091e-01 -9.998208516e+02 -9.998208516e+02 +2.4704e+00 +5.6721e-01 +1.5402e+00 +8.5673e-01 -3.3975e-01
232 0 +1.645261002e-01 -9.998354739e+02 -9.998354739e+02 +2.4637e+00 +5.7601e-01 +1.5066e+00 +8.7668e-01 -3.2558e-01
234 0 +1.575476180e-01 -9.998424524e+02 -9.998424524e+02 +2.4533e+00 +5.8984e-01 +1.4919e+00 +8.4386e-01 -3.7978e-01
236 0 +1.508579758e-01 -9.998491420e+02 -9.998491420e+02 +2.4185e+00 +5.5236e-01 +1.4870e+00 +8.3433e-01 -3.4567e-01
240 0 +1.396286637e-01 -9.998603713e+02 -9.998603713e+02 +2.3594e+00 +5.7812e-01 +1.4439e+00 +9.0745e-01 -3.2910e-01
243 0 +1.281744614e-01 -9.998718255e+02 -9.998718255e+02 +2.3405e+00 +5.2428e-01 +1.4787e+00 +8.8732e-01 -3.6243e-01
250 0 +1.217960426e-01 -9.998782040e+02 -9.998782040e+02 +2.2324e+00 +4.8702e-01 +1.4502e+00 +9.5565e-01 -3.7396e-01
258 0 +1.190282099e-01 -9.998809718e+02 -9.998809718e+02 +2.2128e+00 +4.9208e-01 +1.4278e+00 +9.1158e-01 -3.8109e-01
269 0 +1.113242571e-01 -9.998886757e+02 -9.998886757e+02 +2.1453e+00 +4.9325e-01 +1.4530e+00 +9.5180e-01 -3.9167e-01
337 0 +1.078527376e-01 -9.998921473e+02 -9.998921473e+02 +2.2056e+00 +4.9373e-01 +1.5024e+00 +9.4002e-01 -3.8279e-01
356 0 +1.070733717e-01 -9.998929266e+02 -9.998929266e+02 +2.1888e+00 +4.8808e-01 +1.4973e+00 +9.4151e-01 -3.8474e-01
369 0 +1.042478590e-01 -9.998957521e+02 -9.998957521e+02 +2.1608e+00 +4.9251e-01 +1.5004e+00 +9.4217e-01 -3.8812e-01
385 0 +1.020416663e-01 -9.998979583e+02 -9.998979583e+02 +2.1450e+00 +4.8532e-01 +1.5008e+00 +9.5202e-01 -4.0291e-01
414 0 +9.939898998e-02 -9.999006010e+02 -9.999006010e+02 +2.1461e+00 +4.9374e-01 +1.5080e+00 +9.4572e-01 -4.0302e-01
435 0 +9.757048953e-02 -9.999024295e+02 -9.999024295e+02 +2.1243e+00 +4.9063e-01 +1.5114e+00 +9.5461e-01 -4.1102e-01
457 0 +9.443471857e-02 -9.999055653e+02 -9.999055653e+02 +2.1165e+00 +4.9255e-01 +1.5256e+00 +9.5901e-01 -4.1539e-01
468 0 +9.228107590e-02 -9.999077189e+02 -9.999077189e+02 +2.1129e+00 +4.9523e-01 +1.5340e+00 +9.6189e-01 -4.1871e-01
474 0 +9.116292023e-02 -9.999088371e+02 -9.999088371e+02 +2.1052e+00 +4.9538e-01 +1.5380e+00 +9.6272e-01 -4.2134e-01
490 0 +8.823178490e-02 -9.999117682e+02 -9.999117682e+02 +2.0907e+00 +4.9763e-01 +1.5490e+00 +9.6872e-01 -4.2752e-01
500 0 +8.462133245e-02 -9.999153787e+02 -9.999153787e+02 +2.0662e+00 +4.9852e-01 +1.5639e+00 +9.7580e-01 -4.3946e-01
504 0 +8.264645014e-02 -9.999173535e+02 -9.999173535e+02 +2.0439e+00 +4.9914e-01 +1.5768e+00 +9.8464e-01 -4.4588e-01
% f evaluations | g evaluations | best noise-free fitness - Fopt (1.000000000000e+03) + sum g_i+ | measured fitness | best measured fitness or single-digit g-values | x1 | x2...
1 0 +7.724487956e+01 +1.077244880e+03 +1.077244880e+03 -1.0044e-01 -9.1676e-02 -5.9115e-01 +8.9745e-02 -1.8239e-01
3 0 +7.207472713e+01 +1.072074727e+03 +1.072074727e+03 -2.3509e-01 -2.7862e-01 -1.5127e-01 -2.9312e-01 +3.4960e-01
12 0 +6.947019029e+01 +1.069470190e+03 +1.069470190e+03 -2.1728e-02 -4.4011e-01 +1.0121e-01 -1.1598e-01 +2.0748e-01
16 0 +6.720795394e+01 +1.067207954e+03 +1.067207954e+03 +1.1964e-01 -5.5409e-01 +3.6344e-02 -2.2599e-01 -1.9587e-01
20 0 +6.385907006e+01 +1.063859070e+03 +1.063859070e+03 +3.3547e-01 -3.2467e-01 +3.4909e-01 -2.5493e-01 -3.7234e-01
24 0 +6.112495418e+01 +1.061124954e+03 +1.061124954e+03 +4.1327e-01 -6.9032e-01 -3.0851e-02 -6.4498e-01 +9.9882e-02
35 0 +5.812127548e+01 +1.058121275e+03 +1.058121275e+03 +3.5679e-01 -2.3537e-01 +3.4746e-01 -7.3784e-01 +1.0429e-01
52 0 +5.405854963e+01 +1.054058550e+03 +1.054058550e+03 +4.6471e-01 -7.5371e-02 +1.3517e-01 -7.3912e-01 +5.8347e-02
58 0 +4.562918189e+01 +1.045629182e+03 +1.045629182e+03 +8.7933e-01 -1.6997e-01 +3.6844e-01 -4.2140e-01 +3.1169e-01
77 0 +4.164477161e+01 +1.041644772e+03 +1.041644772e+03 +1.0027e+00 -9.2891e-02 +3.3401e-01 -3.1802e-01 +3.9137e-01
81 0 +3.914815520e+01 +1.039148155e+03 +1.039148155e+03 +1.2459e+00 -2.4676e-01 +2.0276e-01 -6.1653e-01 +4.0853e-01
83 0 +3.705746074e+01 +1.037057461e+03 +1.037057461e+03 +1.6169e+00 -1.1612e-01 +3.4974e-01 -3.3199e-01 +5.1166e-01
106 0 +3.512301478e+01 +1.035123015e+03 +1.035123015e+03 +1.0055e+00 +7.9725e-02 +4.5864e-01 -7.5959e-01 -5.6072e-01
109 0 +3.308164448e+01 +1.033081644e+03 +1.033081644e+03 +1.8071e+00 +6.8204e-02 +4.5174e-01 -4.2935e-01 +6.0454e-01
111 0 +2.726976562e+01 +1.027269766e+03 +1.027269766e+03 +2.0254e+00 +3.9708e-01 +7.1740e-01 -2.6899e-01 -2.1802e-01
118 0 +2.461244936e+01 +1.024612449e+03 +1.024612449e+03 +2.1007e+00 +7.8223e-01 +9.7838e-01 -2.4428e-01 +7.3703e-02
133 0 +2.248767345e+01 +1.022487673e+03 +1.022487673e+03 +1.8776e+00 +4.8347e-01 +8.3432e-01 -7.3081e-01 -7.1414e-02
167 0 +2.171780569e+01 +1.021717806e+03 +1.021717806e+03 +1.9868e+00 +5.5985e-01 +9.1768e-01 -8.8158e-01 -2.6021e-01
170 0 +1.954806819e+01 +1.019548068e+03 +1.019548068e+03 +1.6004e+00 +5.8918e-01 +9.8766e-01 -1.1350e+00 -2.3501e-01
179 0 +1.938076731e+01 +1.019380767e+03 +1.019380767e+03 +1.9489e+00 +6.6708e-01 +1.0012e+00 -1.1328e+00 -4.0525e-01
207 0 +1.884898960e+01 +1.018848990e+03 +1.018848990e+03 +1.5627e+00 +6.5579e-01 +1.0243e+00 -1.3041e+00 -6.4814e-01
211 0 +1.731720307e+01 +1.017317203e+03 +1.017317203e+03 +1.7922e+00 +7.5839e-01 +1.0631e+00 -1.3602e+00 -6.5139e-01
237 0 +1.695813508e+01 +1.016958135e+03 +1.016958135e+03 +1.6267e+00 +7.1133e-01 +1.0825e+00 -1.4310e+00 -5.4973e-01
242 0 +1.562147735e+01 +1.015621477e+03 +1.015621477e+03 +1.7867e+00 +8.6876e-01 +1.0805e+00 -1.4279e+00 -4.6461e-01
254 0 +1.512156428e+01 +1.015121564e+03 +1.015121564e+03 +1.6980e+00 +8.1514e-01 +1.1226e+00 -1.5285e+00 -4.7413e-01
262 0 +1.470892188e+01 +1.014708922e+03 +1.014708922e+03 +1.6449e+00 +8.5734e-01 +1.1626e+00 -1.5690e+00 -4.7948e-01
267 0 +1.434640635e+01 +1.014346406e+03 +1.014346406e+03 +1.5870e+00 +8.3420e-01 +1.1427e+00 -1.6773e+00 -5.4675e-01
271 0 +1.294557335e+01 +1.012945573e+03 +1.012945573e+03 +1.6782e+00 +9.4104e-01 +1.1920e+00 -1.7780e+00 -5.9899e-01
284 0 +1.246254264e+01 +1.012462543e+03 +1.012462543e+03 +1.6229e+00 +9.3505e-01 +1.1983e+00 -1.8747e+00 -6.2993e-01
289 0 +1.135538143e+01 +1.011355381e+03 +1.011355381e+03 +1.7600e+00 +1.1301e+00 +1.3380e+00 -1.9894e+00 -7.2473e-01
298 0 +1.121156243e+01 +1.011211562e+03 +1.011211562e+03 +1.7635e+00 +1.0640e+00 +1.2748e+00 -1.9939e+00 -6.5318e-01
299 0 +1.044992989e+01 +1.010449930e+03 +1.010449930e+03 +1.6923e+00 +1.0837e+00 +1.3589e+00 -2.2165e+00 -8.2944e-01
306 0 +9.985382936e+00 +1.009985383e+03 +1.009985383e+03 +1.4912e+00 +1.1056e+00 +1.5180e+00 -2.6246e+00 -1.0181e+00
308 0 +9.603722553e+00 +1.009603723e+03 +1.009603723e+03 +1.6647e+00 +1.2333e+00 +1.5095e+00 -2.3977e+00 -9.1308e-01
314 0 +9.411294511e+00 +1.009411295e+03 +1.009411295e+03 +1.6081e+00 +1.1399e+00 +1.4573e+00 -2.4836e+00 -8.2278e-01
316 0 +9.019608867e+00 +1.009019609e+03 +1.009019609e+03 +1.3787e+00 +1.2480e+00 +1.6371e+00 -2.9779e+00 -1.1398e+00
318 0 +8.639547931e+00 +1.008639548e+03 +1.008639548e+03 +1.6215e+00 +1.4178e+00 +1.5045e+00 -2.6207e+00 -8.5193e-01
322 0 +7.967236294e+00 +1.007967236e+03 +1.007967236e+03 +1.0214e+00 +1.6678e+00 +1.9187e+00 -4.1156e+00 -1.2180e+00
337 0 +7.800922945e+00 +1.007800923e+03 +1.007800923e+03 +1.5200e+00 +1.8517e+00 +1.9539e+00 -3.4294e+00 -1.1876e+00
353 0 +7.481869020e+00 +1.007481869e+03 +1.007481869e+03 +1.6465e+00 +2.0467e+00 +1.9889e+00 -3.5188e+00 -9.9685e-01
356 0 +7.170752381e+00 +1.007170752e+03 +1.007170752e+03 +1.4612e+00 +1.7198e+00 +1.9630e+00 -3.6576e+00 -1.2166e+00
366 0 +6.847065908e+00 +1.006847066e+03 +1.006847066e+03 +1.3622e+00 +2.0456e+00 +2.1766e+00 -4.2198e+00 -1.3101e+00
373 0 +6.245500357e+00 +1.006245500e+03 +1.006245500e+03 +1.5779e+00 +1.7533e+00 +1.8872e+00 -3.7712e+00 -1.1170e+00
379 0 +5.312308933e+00 +1.005312309e+03 +1.005312309e+03 +1.4864e+00 +1.9448e+00 +1.9873e+00 -3.9877e+00 -9.9485e-01
424 0 +5.247824906e+00 +1.005247825e+03 +1.005247825e+03 +1.4951e+00 +1.8667e+00 +1.8967e+00 -3.9350e+00 -9.9215e-01
473 0 +5.128149876e+00 +1.005128150e+03 +1.005128150e+03 +1.4639e+00 +1.9036e+00 +1.9170e+00 -4.0303e+00 -1.0150e+00
504 0 +5.031525838e+00 +1.005031526e+03 +1.005031526e+03 +1.4784e+00 +1.9270e+00 +1.9357e+00 -4.0694e+00 -1.0120e+00
% f evaluations | g evaluations | best noise-free fitness - Fopt (-4.913000000000e+01) + sum g_i+ | measured fitness | best measured fitness or single-digit g-values | x1 | x2...
1 0 +4.366154542e+01 -5.468454585e+00 -5.468454585e+00 -1.9724e-02 +2.9228e-01 +3.9267e-01 +2.7852e-03 +4.4693e-01
2 0 +4.200931007e+01 -7.120689929e+00 -7.120689929e+00 -3.2931e-01 +2.9076e-01 +7.8831e-02 -4.4480e-01 +3.1464e-01
10 0 +3.475128502e+01 -1.437871498e+01 -1.437871498e+01 -5.3398e-01 +4.4485e-01 +6.0192e-02 -3.4170e-01 +2.4938e-01
14 0 +2.941701664e+01 -1.971298336e+01 -1.971298336e+01 -1.8786e-01 +4.8722e-01 +4.6566e-01 -1.5364e-01 +4.8445e-01
17 0 +1.578384651e+01 -3.334615349e+01 -3.334615349e+01 -5.7914e-01 +6.4908e-01 +2.0424e-01 -5.4176e-02 +7.0083e-01
31 0 +1.184173030e+01 -3.728826970e+01 -3.728826970e+01 -5.9613e-01 +7.8752e-01 -2.8368e-01 +2.5787e-02 +1.0698e+00
53 0 +9.045790068e+00 -4.008420993e+01 -4.008420993e+01 -8.1771e-01 +9.4891e-01 -6.0166e-01 -9.4511e-02 +8.8692e-01
104 0 +8.812802808e+00 -4.031719719e+01 -4.031719719e+01 -6.5138e-01 +7.4110e-01 -9.9293e-01 -3.1416e-01 +1.2878e+00
126 0 +8.634991027e+00 -4.049500897e+01 -4.049500897e+01 -6.6368e-01 +6.8636e-01 -1.0173e+00 -2.4246e-01 +1.2041e+00
132 0 +8.197769839e+00 -4.093223016e+01 -4.093223016e+01 -7.4041e-01 +7.3407e-01 -1.0886e+00 -2.1648e-01 +1.2348e+00
141 0 +7.985372677e+00 -4.114462732e+01 -4.114462732e+01 -7.3185e-01 +7.6027e-01 -1.1783e+00 -2.2663e-01 +1.2804e+00
147 0 +7.857742542e+00 -4.127225746e+01 -4.127225746e+01 -7.3656e-01 +7.8814e-01 -1.2025e+00 -1.3398e-01 +1.1979e+00
154 0 +7.745791191e+00 -4.138420881e+01 -4.138420881e+01 -7.8191e-01 +8.4520e-01 -1.1850e+00 -2.9644e-01 +1.1856e+00
157 0 +7.548724340e+00 -4.158127566e+01 -4.158127566e+01 -7.0916e-01 +8.1674e-01 -1.3030e+00 -1.6059e-01 +1.3014e+00
158 0 +7.368289352e+00 -4.176171065e+01 -4.176171065e+01 -8.1725e-01 +8.9444e-01 -1.2137e+00 -1.3470e-01 +1.1682e+00
159 0 +7.107410101e+00 -4.202258990e+01 -4.202258990e+01 -8.5188e-01 +9.1167e-01 -1.3325e+00 -1.8906e-01 +1.2772e+00
161 0 +6.339167784e+00 -4.279083222e+01 -4.279083222e+01 -8.1393e-01 +9.9440e-01 -1.4620e+00 -6.6350e-02 +1.3002e+00
171 0 +5.751995901e+00 -4.337800410e+01 -4.337800410e+01 -9.2503e-01 +1.0047e+00 -1.7028e+00 -4.3739e-02 +1.3338e+00
179 0 +5.214681646e+00 -4.391531835e+01 -4.391531835e+01 -9.1436e-01 +1.0438e+00 -1.7122e+00 +1.2125e-02 +1.4021e+00
188 0 +4.338624578e+00 -4.479137542e+01 -4.479137542e+01 -9.9603e-01 +1.1923e+00 -2.0156e+00 +1.4208e-01 +1.3705e+00
199 0 +3.371730776e+00 -4.575826922e+01 -4.575826922e+01 -9.6394e-01 +1.1746e+00 -2.1831e+00 +5.2185e-01 +1.5933e+00
238 0 +2.531454285e+00 -4.659854571e+01 -4.659854571e+01 -1.3216e+00 +1.5201e+00 -2.8015e+00 +5.1036e-01 +1.7090e+00
239 0 +2.337514703e+00 -4.679248530e+01 -4.679248530e+01 -1.4481e+00 +1.9171e+00 -3.5083e+00 +8.9789e-01 +1.9210e+00
263 0 +2.281130417e+00 -4.684886958e+01 -4.684886958e+01 -1.1900e+00 +1.5149e+00 -2.8119e+00 +4.1557e-01 +1.6991e+00
276 0 +2.218341716e+00 -4.691165828e+01 -4.691165828e+01 -1.1476e+00 +1.5898e+00 -2.7678e+00 +2.4214e-01 +1.7882e+00
278 0 +2.089472660e+00 -4.704052734e+01 -4.704052734e+01 -1.1588e+00 +1.6603e+00 -3.0847e+00 +3.8416e-01 +1.8742e+00
311 0 +2.087117691e+00 -4.704288231e+01 -4.704288231e+01 -1.1497e+00 +1.6515e+00 -2.9944e+00 +4.4982e-01 +1.8847e+00
348 0 +2.038960329e+00 -4.709103967e+01 -4.709103967e+01 -1.1434e+00 +1.7848e+00 -3.1764e+00 +4.4448e-01 +1.9141e+00
504 0 +2.024866077e+00 -4.710513392e+01 -4.710513392e+01 -1.1136e+00 +1.8325e+00 -3.2517e+00 +5.5177e-01 +1.9704e+00
% f evaluations | g evaluations | best noise-free fitness - Fopt (2.977300000000e+02) + sum g_i+ | measured fitness | best measured fitness or single-digit g-values | x1 | x2...
1 0 +3.168704532e+01 +3.294170453e+02 +3.294170453e+02 -2.9314e-01 -2.1558e-01 +2.4386e-01 +2.4661e-02 +3.2407e-01
3 0 +3.137256895e+01 +3.291025690e+02 +3.291025690e+02 -1.9974e-01 -3.3340e-01 -1.1487e-01 -2.7594e-01 +4.5646e-01
10 0 +1.684608283e+01 +3.145760828e+02 +3.145760828e+02 +1.5204e-01 -8.8209e-01 +1.9181e-01 -3.4730e-01 +7.3916e-01
16 0 +1.601550383e+01 +3.137455038e+02 +3.137455038e+02 -1.1027e-01 -1.0474e+00 +1.8592e-01 -7.9895e-02 +8.9026e-01
21 0 +9.948897328e+00 +3.076788973e+02 +3.076788973e+02 +3.4602e-01 -1.2846e+00 +8.3815e-01 -3.6509e-02 +5.3551e-01
28 0 +8.510668131e+00 +3.062406681e+02 +3.062406681e+02 +2.9327e-01 -1.9588e+00 +9.1669e-01 -1.1645e-01 +3.3325e-01
78 0 +7.705808311e+00 +3.054358083e+02 +3.054358083e+02 -1.2249e-01 -1.6413e+00 +1.1044e+00 -6.8849e-01 +6.9692e-01
92 0 +7.564369586e+00 +3.052943696e+02 +3.052943696e+02 -3.5517e-01 -1.9293e+00 +1.2690e+00 -5.4317e-01 +8.8036e-01
123 0 +7.345238240e+00 +3.050752382e+02 +3.050752382e+02 -3.7060e-01 -1.8463e+00 +1.2443e+00 -4.0425e-01 +6.1979e-01
504 0 +7.271629256e+00 +3.050016293e+02 +3.050016293e+02 -3.8027e-01 -1.9283e+00 +1.1295e+00 -5.0647e-01 +6.5516e-01
% f evaluations | g evaluations | best noise-free fitness - Fopt (5.157000000000e+01) + sum g_i+ | measured fitness | best measured fitness or single-digit g-values | x1 | x2...
1 0 +7.394547131e+01 +1.255154713e+02 +1.255154713e+02 +2.7532e-01 -8.5540e-02 +2.4932e-02 +3.9167e-01 -5.5051e-01
3 0 +7.287087079e+01 +1.244408708e+02 +1.244408708e+02 +1.6603e-01 +1.1350e-01 -2.6092e-01 +4.1060e-01 -5.5372e-01
10 0 +7.136948206e+01 +1.229394821e+02 +1.229394821e+02 -1.9539e-01 +3.5738e-01 -5.1369e-01 +3.6715e-01 -8.7190e-02
17 0 +6.879053949e+01 +1.203605395e+02 +1.203605395e+02 -4.6216e-01 -2.0335e-02 -7.9010e-01 +2.7329e-01 -1.5853e-01
30 0 +6.714467426e+01 +1.187146743e+02 +1.187146743e+02 -8.1756e-01 -6.2892e-01 -7.8581e-01 +3.7777e-02 -6.8818e-01
34 0 +6.512290808e+01 +1.166929081e+02 +1.166929081e+02 -5.9848e-01 -6.7565e-01 -1.6523e+00 +5.0777e-01 -8.1227e-01
44 0 +5.888712817e+01 +1.104571282e+02 +1.104571282e+02 -1.4706e+00 -6.1010e-01 -1.5979e+00 +3.6026e-01 -5.6331e-01
50 0 +5.683276652e+01 +1.084027665e+02 +1.084027665e+02 -2.1587e+00 -8.2403e-01 -2.1303e+00 -5.1667e-02 +8.5031e-02
54 0 +5.442650573e+01 +1.059965057e+02 +1.059965057e+02 -2.3126e+00 -5.4435e-01 -2.6081e+00 +5.8903e-01 -8.9580e-01
87 0 +5.249012371e+01 +1.040601237e+02 +1.040601237e+02 -2.0462e+00 -4.6985e-01 -2.1832e+00 +6.8503e-01 -3.1415e-01
90 0 +5.144643985e+01 +1.030164398e+02 +1.030164398e+02 -2.0267e+00 +3.9114e-01 -2.3860e+00 +3.2980e-01 +1.1051e+00
104 0 +4.172868499e+01 +9.329868499e+01 +9.329868499e+01 -1.9897e+00 +6.5873e-01 -1.3084e+00 +1.0284e+00 +1.1792e+00
146 0 +3.430635385e+01 +8.587635385e+01 +8.587635385e+01 -1.9180e+00 +1.1557e+00 -1.0541e+00 +2.0961e+00 +7.2871e-01
182 0 +3.257795998e+01 +8.414795998e+01 +8.414795998e+01 -1.7370e+00 +1.1807e+00 -5.0524e-01 +2.0185e+00 +1.1292e+00
188 0 +3.169491302e+01 +8.326491302e+01 +8.326491302e+01 -1.6062e+00 +1.2422e+00 -7.9610e-01 +2.1380e+00 +9.3479e-01
201 0 +3.160782813e+01 +8.317782813e+01 +8.317782813e+01 -1.9042e+00 +1.2726e+00 -8.1813e-01 +2.1834e+00 +9.1948e-01
221 0 +3.041421524e+01 +8.198421524e+01 +8.198421524e+01 -1.6983e+00 +1.5386e+00 -3.2711e-01 +2.3028e+00 +1.1209e+00
225 0 +3.011605388e+01 +8.168605388e+01 +8.168605388e+01 -1.8067e+00 +1.4601e+00 -4.2053e-01 +2.2308e+00 +9.9922e-01
245 0 +2.948694555e+01 +8.105694555e+01 +8.105694555e+01 -1.8410e+00 +1.5286e+00 -2.9879e-01 +2.3930e+00 +1.0997e+00
285 0 +2.873895139e+01 +8.030895139e+01 +8.030895139e+01 -1.9301e+00 +1.6606e+00 -2.3336e-01 +2.3308e+00 +1.1594e+00
325 0 +2.814060835e+01 +7.971060835e+01 +7.971060835e+01 -1.9830e+00 +1.7138e+00 -3.2618e-01 +2.3106e+00 +1.0897e+00
361 0 +2.749349511e+01 +7.906349511e+01 +7.906349511e+01 -2.0577e+00 +1.8162e+00 -3.9530e-01 +2.2739e+00 +1.0647e+00
418 0 +2.691080157e+01 +7.848080157e+01 +7.848080157e+01 -2.1406e+00 +2.0270e+00 -3.8738e-01 +2.2981e+00 +1.0532e+00
504 0 +2.647262971e+01 +7.804262971e+01 +7.804262971e+01 -2.2900e+00 +2.2428e+00 -5.3347e-01 +2.2196e+00 +9.5919e-01
% f evaluations | g evaluations | best noise-free fitness - Fopt (1.527100000000e+02) + sum g_i+ | measured fitness | best measured fitness or single-digit g-values | x1 | x2...
1 0 +7.823890270e+01 +2.309489027e+02 +2.309489027e+02 -2.1477e-02 -1.4665e-01 -2.7231e-01 +5.7964e-01 -9.5167e-02
2 0 +7.244934267e+01 +2.251593427e+02 +2.251593427e+02 -2.1627e-01 +3.8478e-01 +3.8083e-01 -1.3707e-01 -2.4565e-01
3 0 +7.172046407e+01 +2.244304641e+02 +2.244304641e+02 -2.6997e-02 -1.4330e-01 +6.4746e-01 -1.0067e-01 +1.1713e-01
19 0 +7.005058846e+01 +2.227605885e+02 +2.227605885e+02 +2.5901e-01 -1.4039e-01 +1.5163e+00 -1.7533e-02 +4.7893e-02
29 0 +6.903007764e+01 +2.217400776e+02 +2.217400776e+02 -5.0726e-02 -4.8746e-01 +1.5726e+00 -3.6003e-01 +5.5984e-01
31 0 +6.507838368e+01 +2.177883837e+02 +2.177883837e+02 +3.3697e-01 -5.6396e-01 +2.5742e+00 -2.2747e-01 +1.6385e-01
34 0 +6.308272146e+01 +2.157927215e+02 +2.157927215e+02 -3.4019e-01 +7.1319e-01 +2.9108e+00 +5.4940e-01 +6.6508e-01
43 0 +5.473769702e+01 +2.074476970e+02 +2.074476970e+02 +5.9922e-01 -4.8066e-01 +3.2427e+00 +5.6315e-02 +5.4229e-01
44 0 +5.201449716e+01 +2.047244972e+02 +2.047244972e+02 +9.1540e-02 +7.6902e-01 +3.7856e+00 -1.1785e-01 +1.3435e+00
56 0 +4.636569263e+01 +1.990756926e+02 +1.990756926e+02 +1.2239e+00 +6.9558e-01 +2.6474e+00 -1.5215e+00 +1.5686e+00
60 0 +3.087736546e+01 +1.835873655e+02 +1.835873655e+02 +6.0005e-01 +8.9501e-01 +2.3454e+00 -2.0696e-01 +1.9822e+00
78 0 +2.915084629e+01 +1.818608463e+02 +1.818608463e+02 +1.6471e+00 +1.0203e+00 +2.0916e+00 -2.1697e+00 +1.3450e+00
85 0 +2.784947217e+01 +1.805594722e+02 +1.805594722e+02 +1.0652e+00 +4.0189e-01 +2.4181e+00 -1.0603e+00 +2.1357e+00
87 0 +2.092181739e+01 +1.736318174e+02 +1.736318174e+02 +1.9558e+00 +6.5048e-01 +2.7644e+00 -2.5445e+00 +1.6487e+00
105 0 +1.310174858e+01 +1.658117486e+02 +1.658117486e+02 +2.2033e+00 +8.2074e-01 +2.2640e+00 -2.4634e+00 +2.5273e+00
109 0 +1.141497421e+01 +1.641249742e+02 +1.641249742e+02 +2.3831e+00 +1.2122e+00 +2.5662e+00 -2.3184e+00 +1.6890e+00
112 0 +7.886595258e+00 +1.605965953e+02 +1.605965953e+02 +3.4844e+00 +8.2013e-01 +9.9490e-01 -4.4291e+00 +2.6973e+00
114 0 +5.959931051e+00 +1.586699311e+02 +1.586699311e+02 +3.7894e+00 +9.9208e-01 +5.7145e-01 -4.1612e+00 +2.9167e+00
161 0 +5.793257299e+00 +1.585032573e+02 +1.585032573e+02 +4.0097e+00 +1.0043e+00 +6.1972e-01 -4.6764e+00 +2.5482e+00
162 0 +5.204889445e+00 +1.579148894e+02 +1.579148894e+02 +3.9696e+00 +7.5992e-01 -1.6717e-01 -4.9112e+00 +2.7965e+00
163 0 +3.287170395e+00 +1.559971704e+02 +1.559971704e+02 +3.9126e+00 +5.8778e-01 +6.4064e-01 -4.3908e+00 +2.8605e+00
169 0 +2.025144213e+00 +1.547351442e+02 +1.547351442e+02 +3.8576e+00 +4.3956e-01 -3.1160e-01 -4.5005e+00 +2.1615e+00
177 0 +1.454923046e+00 +1.541649230e+02 +1.541649230e+02 +4.3455e+00 +2.0693e-01 +4.0106e-01 -4.3822e+00 +2.3135e+00
193 0 +1.396887837e+00 +1.541068878e+02 +1.541068878e+02 +4.1156e+00 +6.7620e-02 -2.7390e-01 -4.4356e+00 +2.1931e+00
206 0 +1.267620658e+00 +1.539776207e+02 +1.539776207e+02 +4.1704e+00 +3.9446e-01 +1.4523e-01 -4.3899e+00 +2.3786e+00
216 0 +1.109955699e+00 +1.538199557e+02 +1.538199557e+02 +4.1023e+00 +4.0408e-01 -1.5366e-01 -4.1938e+00 +2.4899e+00
235 0 +1.015719854e+00 +1.537257199e+02 +1.537257199e+02 +4.0949e+00 +3.4998e-01 +3.4079e-02 -4.1273e+00 +2.4294e+00
249 0 +9.862540449e-01 +1.536962540e+02 +1.536962540e+02 +4.2413e+00 +3.6654e-01 -1.0584e-01 -4.3275e+00 +2.4371e+00
251 0 +9.107624650e-01 +1.536207625e+02 +1.536207625e+02 +4.1346e+00 +3.0419e-01 -3.5774e-02 -4.0824e+00 +2.4523e+00
261 0 +8.565075853e-01 +1.535665076e+02 +1.535665076e+02 +4.1839e+00 +3.0489e-01 -1.3675e-01 -4.1375e+00 +2.4580e+00
262 0 +8.276071818e-01 +1.535376072e+02 +1.535376072e+02 +4.1575e+00 +2.1693e-01 -7.7533e-02 -4.0498e+00 +2.3731e+00
264 0 +7.619935996e-01 +1.534719936e+02 +1.534719936e+02 +4.2823e+00 +3.0195e-01 -3.9598e-02 -4.1885e+00 +2.3902e+00
289 0 +7.564247175e-01 +1.534664247e+02 +1.534664247e+02 +4.2591e+00 +2.8071e-01 -1.0633e-01 -4.1395e+00 +2.3945e+00
314 0 +7.387074663e-01 +1.534487075e+02 +1.534487075e+02 +4.2550e+00 +2.4817e-01 -1.1388e-01 -4.1704e+00 +2.3567e+00
334 0 +7.233955305e-01 +1.534333955e+02 +1.534333955e+02 +4.2996e+00 +2.5409e-01 -1.1561e-01 -4.1817e+00 +2.3472e+00
380 0 +7.078937919e-01 +1.534178938e+02 +1.534178938e+02 +4.3214e+00 +2.2968e-01 -1.1005e-01 -4.1817e+00 +2.3198e+00
504 0 +6.931978985e-01 +1.534031979e+02 +1.534031979e+02 +4.3848e+00 +1.9581e-01 -7.1537e-02 -4.1797e+00 +2.2788e+00
% f evaluations | g evaluations | best noise-free fitness - Fopt (9.980000000000e+01) + sum g_i+ | measured fitness | best measured fitness or single-digit g-values | x1 | x2...
1 0 +7.009376427e+01 +1.698937643e+02 +1.698937643e+02 -7.6420e-02 -2.0788e-01 -3.7690e-01 -3.9482e-01 -6.1959e-01
11 0 +6.890040813e+01 +1.687004081e+02 +1.687004081e+02 +2.0477e-01 -3.7806e-01 -1.2575e-02 -3.0707e-01 -9.7817e-01
22 0 +6.072022222e+01 +1.605202222e+02 +1.605202222e+02 -4.0975e-02 +4.4265e-01 -5.4839e-01 -1.9901e-01 -1.1505e+00
27 0 +4.453037777e+01 +1.443303778e+02 +1.443303778e+02 +3.9190e-01 +9.1733e-01 -1.6440e-01 -6.2044e-01 -1.6411e+00
39 0 +3.280750177e+01 +1.326075018e+02 +1.326075018e+02 +4.3991e-01 +1.3529e+00 +1.8389e-01 -3.4955e-01 -1.9163e+00
43 0 +2.800772847e+01 +1.278077285e+02 +1.278077285e+02 +2.8423e-01 +1.1473e+00 +4.2979e-01 +1.4809e-01 -3.5586e+00
51 0 +2.652338574e+01 +1.263233857e+02 +1.263233857e+02 -4.0002e-01 +1.1228e+00 +8.4513e-01 -8.9205e-02 -3.8589e+00
59 0 +2.200141424e+01 +1.218014142e+02 +1.218014142e+02 +2.2804e-01 +2.3146e+00 +1.4663e+00 -1.2107e-01 -3.1752e+00
60 0 +1.896522841e+01 +1.187652284e+02 +1.187652284e+02 -8.7235e-01 +2.0100e+00 +5.9150e-02 -8.9583e-01 -1.9622e+00
66 0 +1.066781609e+01 +1.104678161e+02 +1.104678161e+02 -1.5081e-01 +1.8064e+00 +1.1251e-01 -6.4323e-01 -3.0166e+00
67 0 +9.916375578e+00 +1.097163756e+02 +1.097163756e+02 -6.5569e-01 +1.8339e+00 -1.7836e-01 -9.4118e-01 -2.6353e+00
68 0 +9.132582138e+00 +1.089325821e+02 +1.089325821e+02 -7.6709e-01 +2.2943e+00 +5.2004e-01 -1.2865e+00 -2.7877e+00
157 0 +9.116347240e+00 +1.089163472e+02 +1.089163472e+02 -4.3162e-01 +2.8567e+00 +2.7519e-01 -1.8003e+00 -3.3278e+00
159 0 +8.326175119e+00 +1.081261751e+02 +1.081261751e+02 -4.5561e-01 +3.1057e+00 +1.9844e-01 -1.5342e+00 -3.3915e+00
169 0 +8.260106644e+00 +1.080601066e+02 +1.080601066e+02 -1.9927e-01 +2.8715e+00 +1.1111e-01 -1.2717e+00 -2.9373e+00
180 0 +8.024637025e+00 +1.078246370e+02 +1.078246370e+02 -3.5836e-01 +3.1453e+00 +1.1977e-01 -1.3413e+00 -3.2929e+00
187 0 +7.776340338e+00 +1.075763403e+02 +1.075763403e+02 -4.8084e-01 +2.9827e+00 +6.0989e-02 -1.3520e+00 -3.0938e+00
201 0 +7.630787031e+00 +1.074307870e+02 +1.074307870e+02 -6.3381e-01 +2.6628e+00 -5.4081e-02 -1.4912e+00 -3.1727e+00
211 0 +7.525496300e+00 +1.073254963e+02 +1.073254963e+02 -5.4141e-01 +2.6263e+00 -5.1518e-02 -1.3815e+00 -3.2400e+00
220 0 +7.383295926e+00 +1.071832959e+02 +1.071832959e+02 -6.6668e-01 +2.7057e+00 +1.0050e-03 -1.3052e+00 -3.2283e+00
504 0 +7.271629202e+00 +1.070716292e+02 +1.070716292e+02 -6.8271e-01 +2.5980e+00 -2.0145e-02 -1.1065e+00 -3.2233e+00
% f evaluations | g evaluations | best noise-free fitness - Fopt (-1.194100000000e+02) + sum g_i+ | measured fitness | best measured fitness or single-digit g-values | x1 | x2...
1 0 +7.141614968e+01 -4.799385032e+01 -4.799385032e+01 -7.0794e-02 +1.5113e-01 -4.3164e-01 -2.6714e-01 +4.7303e-01
2 0 +7.125519186e+01 -4.815480814e+01 -4.815480814e+01 +5.9207e-02 +3.0795e-01 -3.7897e-01 +4.4681e-01 +4.8643e-01
9 0 +6.895801268e+01 -5.045198732e+01 -5.045198732e+01 +3.3225e-01 +1.9932e-01 -4.0796e-01 -4.0309e-01 +1.1752e+00
13 0 +6.346178399e+01 -5.594821601e+01 -5.594821601e+01 +9.3185e-01 +6.1881e-01 -4.0327e-01 +7.6231e-01 +5.8471e-01
42 0 +4.444619612e+01 -7.496380388e+01 -7.496380388e+01 -5.4099e-02 -6.5038e-02 -1.0850e+00 -1.4490e+00 +2.2069e+00
50 0 +4.282814470e+01 -7.658185530e+01 -7.658185530e+01 +1.4944e-01 -4.1325e-02 -6.8081e-01 -8.6964e-01 +2.9092e+00
78 0 +3.956513189e+01 -7.984486811e+01 -7.984486811e+01 -9.0249e-03 -8.7182e-01 -1.2293e+00 -1.3150e+00 +2.4450e+00
92 0 +3.677678124e+01 -8.263321876e+01 -8.263321876e+01 -5.0085e-01 -4.4277e-01 -9.5888e-01 -1.1597e+00 +2.8599e+00
255 0 +3.627866027e+01 -8.313133973e+01 -8.313133973e+01 -3.9337e-01 -4.8365e-01 -8.6075e-01 -9.4260e-01 +2.7965e+00
504 0 +3.600905265e+01 -8.340094735e+01 -8.340094735e+01 -2.7491e-01 -5.1461e-01 -8.4976e-01 -9.3001e-01 +3.0188e+00
% f evaluations | g evaluations | best noise-free fitness - Fopt (1.077000000000e+01) + sum g_i+ | measured fitness | best measured fitness or single-digit g-values | x1 | x2...
1 0 +3.906429354e+01 +4.983429354e+01 +4.983429354e+01 -1.0180e-01 +3.1775e-01 +4.4412e-02 -7.5730e-02 -4.8128e-01
2 0 +1.381781380e+01 +2.458781380e+01 +2.458781380e+01 -3.6258e-01 -3.3162e-02 -6.1525e-02 -2.8536e-01 +1.0466e-01
3 0 +6.763439560e+00 +1.753343956e+01 +1.753343956e+01 -9.1847e-02 +4.2870e-01 +1.5124e-02 -3.9519e-01 +2.3701e-01
4 0 +3.411299384e+00 +1.418129938e+01 +1.418129938e+01 -4.7653e-02 -2.4336e-02 +4.1402e-01 +2.2643e-01 +2.5658e-01
20 0 +2.691409527e+00 +1.346140953e+01 +1.346140953e+01 +1.1024e-01 -3.3087e-02 +4.9101e-01 +1.7276e-01 +1.1668e-01
25 0 +2.150982885e+00 +1.292098289e+01 +1.292098289e+01 +3.5394e-02 +1.6911e-01 +9.1883e-01 +3.2550e-01 -1.0747e-01
49 0 +2.026327017e+00 +1.279632702e+01 +1.279632702e+01 +2.8254e-01 +1.9437e-01 +9.9573e-01 +5.3200e-01 -2.9815e-01
63 0 +1.980228943e+00 +1.275022894e+01 +1.275022894e+01 +2.4742e-01 +7.6294e-04 +4.8084e-01 +5.9930e-01 -6.4141e-02
76 0 +1.874915845e+00 +1.264491584e+01 +1.264491584e+01 +2.4808e-01 +4.4597e-01 +7.1020e-01 +6.3857e-01 -2.0536e-01
80 0 +1.332763329e+00 +1.210276333e+01 +1.210276333e+01 +3.6579e-01 +1.6508e-01 +4.3696e-01 +7.8466e-01 -5.7737e-02
97 0 +6.673131584e-01 +1.143731316e+01 +1.143731316e+01 +4.7953e-01 +2.7325e-01 +5.4880e-01 +9.5219e-01 -1.2839e-01
105 0 +5.850756073e-01 +1.135507561e+01 +1.135507561e+01 +5.9002e-01 +5.9767e-01 +8.2733e-01 +1.2448e+00 -1.5308e-01
110 0 +5.096537074e-01 +1.127965371e+01 +1.127965371e+01 +5.5275e-01 +5.0388e-01 +8.3627e-01 +1.2384e+00 -1.6505e-01
112 0 +5.008725140e-01 +1.127087251e+01 +1.127087251e+01 +5.2654e-01 +3.4324e-01 +8.6607e-01 +1.2492e+00 -1.8804e-01
125 0 +4.673451465e-01 +1.123734515e+01 +1.123734515e+01 +6.7195e-01 +2.5925e-01 +1.3618e+00 +1.6988e+00 -3.7004e-01
128 0 +3.593938684e-01 +1.112939387e+01 +1.112939387e+01 +8.1409e-01 +7.8697e-01 +1.2383e+00 +1.8949e+00 -3.3844e-01
137 0 +2.091003162e-01 +1.097910032e+01 +1.097910032e+01 +8.5672e-01 +4.8614e-01 +1.2763e+00 +1.7709e+00 -4.0912e-01
191 0 +1.551668025e-01 +1.092516680e+01 +1.092516680e+01 +8.9647e-01 +7.9876e-02 +1.1851e+00 +2.0154e+00 -2.5229e-01
204 0 +1.461243856e-01 +1.091612439e+01 +1.091612439e+01 +9.3827e-01 +3.1501e-01 +1.2865e+00 +1.9753e+00 -3.8020e-01
221 0 +1.291504266e-01 +1.089915043e+01 +1.089915043e+01 +9.8435e-01 +3.6607e-01 +1.3012e+00 +2.0518e+00 -4.4281e-01
228 0 +1.258929597e-01 +1.089589296e+01 +1.089589296e+01 +9.2860e-01 +3.3609e-01 +1.2470e+00 +2.0133e+00 -3.8981e-01
240 0 +1.132329947e-01 +1.088323299e+01 +1.088323299e+01 +1.0120e+00 +4.0890e-01 +1.2772e+00 +2.1116e+00 -4.3968e-01
256 0 +1.058679777e-01 +1.087586798e+01 +1.087586798e+01 +1.0393e+00 +4.7141e-01 +1.3375e+00 +2.1992e+00 -4.6660e-01
267 0 +1.013592559e-01 +1.087135926e+01 +1.087135926e+01 +1.0570e+00 +3.3676e-01 +1.2901e+00 +2.2751e+00 -4.4086e-01
271 0 +9.972269374e-02 +1.086972269e+01 +1.086972269e+01 +1.1117e+00 +3.8925e-01 +1.3694e+00 +2.3925e+00 -4.8710e-01
275 0 +7.950789304e-02 +1.084950789e+01 +1.084950789e+01 +1.1568e+00 +3.9137e-01 +1.3821e+00 +2.5094e+00 -4.6892e-01
292 0 +7.579794411e-02 +1.084579794e+01 +1.084579794e+01 +1.1372e+00 +4.0790e-01 +1.3409e+00 +2.4270e+00 -4.3543e-01
310 0 +7.344381414e-02 +1.084344381e+01 +1.084344381e+01 +1.1139e+00 +3.8954e-01 +1.2740e+00 +2.3532e+00 -4.1313e-01
314 0 +7.243194715e-02 +1.084243195e+01 +1.084243195e+01 +1.1551e+00 +4.0828e-01 +1.2968e+00 +2.4172e+00 -4.2656e-01
324 0 +6.623822873e-02 +1.083623823e+01 +1.083623823e+01 +1.1675e+00 +4.0811e-01 +1.2620e+00 +2.4154e+00 -4.3924e-01
330 0 +6.260650194e-02 +1.083260650e+01 +1.083260650e+01 +1.1605e+00 +3.8148e-01 +1.2192e+00 +2.4304e+00 -4.2586e-01
337 0 +6.105022848e-02 +1.083105023e+01 +1.083105023e+01 +1.1892e+00 +3.9620e-01 +1.2453e+00 +2.5188e+00 -4.0329e-01
350 0 +5.994799996e-02 +1.082994800e+01 +1.082994800e+01 +1.1754e+00 +3.8674e-01 +1.2444e+00 +2.4792e+00 -4.1439e-01
356 0 +5.739914261e-02 +1.082739914e+01 +1.082739914e+01 +1.1841e+00 +3.6434e-01 +1.2224e+00 +2.5009e+00 -3.9708e-01
361 0 +5.579922578e-02 +1.082579923e+01 +1.082579923e+01 +1.1867e+00 +3.5726e-01 +1.2007e+00 +2.4974e+00 -3.9087e-01
369 0 +5.489374864e-02 +1.082489375e+01 +1.082489375e+01 +1.1909e+00 +3.5783e-01 +1.1967e+00 +2.4942e+00 -3.9601e-01
385 0 +5.282635981e-02 +1.082282636e+01 +1.082282636e+01 +1.2086e+00 +3.5126e-01 +1.1757e+00 +2.5265e+00 -3.9044e-01
398 0 +5.139370998e-02 +1.082139371e+01 +1.082139371e+01 +1.2287e+00 +3.4794e-01 +1.1766e+00 +2.5576e+00 -3.9112e-01
408 0 +5.114636667e-02 +1.082114637e+01 +1.082114637e+01 +1.2220e+00 +3.4788e-01 +1.1673e+00 +2.5293e+00 -3.9237e-01
426 0 +4.983298661e-02 +1.081983299e+01 +1.081983299e+01 +1.2560e+00 +3.4528e-01 +1.1525e+00 +2.5992e+00 -3.8718e-01
431 0 +4.884072891e-02 +1.081884073e+01 +1.081884073e+01 +1.2431e+00 +3.3406e-01 +1.1313e+00 +2.5652e+00 -3.8486e-01
443 0 +4.778513884e-02 +1.081778514e+01 +1.081778514e+01 +1.2868e+00 +3.2971e-01 +1.1202e+00 +2.6436e+00 -3.7981e-01
458 0 +4.661987262e-02 +1.081661987e+01 +1.081661987e+01 +1.3128e+00 +3.1120e-01 +1.1131e+00 +2.6904e+00 -3.7368e-01
464 0 +4.558740079e-02 +1.081558740e+01 +1.081558740e+01 +1.2611e+00 +3.0170e-01 +1.0861e+00 +2.5847e+00 -3.6365e-01
472 0 +4.413457667e-02 +1.081413458e+01 +1.081413458e+01 +1.2925e+00 +2.9079e-01 +1.0568e+00 +2.6295e+00 -3.5799e-01
484 0 +4.349988603e-02 +1.081349989e+01 +1.081349989e+01 +1.2704e+00 +2.8349e-01 +1.0467e+00 +2.5754e+00 -3.5364e-01
493 0 +4.259954717e-02 +1.081259955e+01 +1.081259955e+01 +1.2970e+00 +2.7715e-01 +1.0339e+00 +2.6183e+00 -3.5187e-01
498 0 +4.163264856e-02 +1.081163265e+01 +1.081163265e+01 +1.3092e+00 +2.6746e-01 +1.0238e+00 +2.6291e+00 -3.4927e-01
504 0 +4.163264856e-02 +1.081163265e+01 +1.081163265e+01 +1.3092e+00 +2.6746e-01 +1.0238e+00 +2.6291e+00 -3.4927e-01
% f evaluations | g evaluations | best noise-free fitness - Fopt (2.137000000000e+01) + sum g_i+ | measured fitness | best measured fitness or single-digit g-values | x1 | x2...
1 0 +7.505880703e+01 +9.642880703e+01 +9.642880703e+01 -7.0994e-02 -2.8036e-01 -5.4875e-02 +5.3329e-02 -2.2255e-01
2 0 +7.446727630e+01 +9.583727630e+01 +9.583727630e+01 +2.1948e-01 -3.1354e-01 +7.9907e-02 -1.5752e-01 +1.7831e-01
3 0 +7.006582980e+01 +9.143582980e+01 +9.143582980e+01 +3.0771e-01 -9.2656e-03 -1.4534e-01 +1.8584e-01 +5.3262e-01
38 0 +6.872024779e+01 +9.009024779e+01 +9.009024779e+01 +3.3019e-01 +4.3208e-01 -2.0130e-01 +3.1112e-01 +8.1703e-01
67 0 +6.142682010e+01 +8.279682010e+01 +8.279682010e+01 +6.5047e-01 +1.0987e+00 -7.6795e-01 +2.7037e-01 +1.1600e+00
79 0 +5.315942651e+01 +7.452942651e+01 +7.452942651e+01 +7.7414e-01 +1.0240e+00 -1.1219e+00 +2.4387e-02 +1.3007e+00
81 0 +4.729049185e+01 +6.866049185e+01 +6.866049185e+01 +1.2954e+00 +1.4366e+00 -1.1637e+00 +2.9930e-01 +8.8450e-01
99 0 +1.083669839e+01 +3.220669839e+01 +3.220669839e+01 +2.5960e+00 +2.1780e+00 -1.9317e+00 +3.8789e-01 +1.8823e+00
105 0 +1.882403821e+00 +2.325240382e+01 +2.325240382e+01 +2.7016e+00 +8.1370e-01 -1.6459e+00 -2.4772e-01 +1.6003e+00
108 0 +1.023018712e+00 +2.239301871e+01 +2.239301871e+01 +2.9438e+00 +1.9669e+00 -2.1669e+00 +1.3477e-01 +1.3556e+00
131 0 +7.441334731e-02 +2.144441335e+01 +2.144441335e+01 +2.7507e+00 +2.6481e+00 -2.3170e+00 -2.2094e-01 +1.7690e+00
148 0 +3.764356358e-02 +2.140764356e+01 +2.140764356e+01 +2.6719e+00 +2.2835e+00 -2.0151e+00 -3.8149e-01 +1.4672e+00
192 0 +2.061669816e-02 +2.139061670e+01 +2.139061670e+01 +2.8107e+00 +1.8529e+00 -2.0075e+00 +1.1443e-01 +1.7654e+00
206 0 +1.482517551e-02 +2.138482518e+01 +2.138482518e+01 +2.7911e+00 +1.9081e+00 -2.1257e+00 +1.6118e-01 +1.8327e+00
210 0 +1.422341560e-02 +2.138422342e+01 +2.138422342e+01 +2.8149e+00 +2.0529e+00 -2.0844e+00 +1.5293e-01 +1.9884e+00
219 0 +1.124034244e-02 +2.138124034e+01 +2.138124034e+01 +2.8027e+00 +1.9428e+00 -2.1195e+00 +1.1913e-01 +1.9343e+00
236 0 +9.562399550e-03 +2.137956240e+01 +2.137956240e+01 +2.7882e+00 +1.9547e+00 -2.1401e+00 +7.5316e-02 +1.8569e+00
237 0 +9.464375359e-03 +2.137946438e+01 +2.137946438e+01 +2.8067e+00 +1.9994e+00 -2.0207e+00 +8.7601e-02 +1.9277e+00
269 0 +9.231427972e-03 +2.137923143e+01 +2.137923143e+01 +2.7939e+00 +1.9194e+00 -2.0265e+00 +8.4372e-02 +1.9051e+00
304 0 +8.889075434e-03 +2.137888908e+01 +2.137888908e+01 +2.7958e+00 +1.9325e+00 -2.0286e+00 +8.0172e-02 +1.9090e+00
341 0 +8.673199882e-03 +2.137867320e+01 +2.137867320e+01 +2.8002e+00 +1.9300e+00 -2.0301e+00 +8.4370e-02 +1.8994e+00
371 0 +8.476907234e-03 +2.137847691e+01 +2.137847691e+01 +2.7986e+00 +1.9358e+00 -2.0297e+00 +8.0882e-02 +1.9004e+00
421 0 +8.300909169e-03 +2.137830091e+01 +2.137830091e+01 +2.7983e+00 +1.9354e+00 -2.0315e+00 +7.8056e-02 +1.8972e+00
504 0 +8.221079119e-03 +2.137822108e+01 +2.137822108e+01 +2.7985e+00 +1.9371e+00 -2.0318e+00 +7.7228e-02 +1.8965e+00
% f evaluations | g evaluations | best noise-free fitness - Fopt (1.673000000000e+01) + sum g_i+ | measured fitness | best measured fitness or single-digit g-values | x1 | x2...
1 0 +6.573924366e+01 +8.246924366e+01 +8.246924366e+01 +3.9907e-01 -3.9329e-01 +6.0494e-02 -2.0713e-02 +4.8765e-02
2 0 +6.260482768e+01 +7.933482768e+01 +7.933482768e+01 +4.1501e-01 -1.9257e-02 +1.1497e-01 -1.4172e-01 -5.5952e-02
7 0 +5.557023397e+01 +7.230023397e+01 +7.230023397e+01 +5.4070e-01 +7.1549e-01 +6.1459e-01 +2.4356e-01 +1.6731e-01
9 0 +5.416684990e+01 +7.089684990e+01 +7.089684990e+01 +3.8244e-01 +6.9842e-01 +6.1363e-01 -3.0194e-01 +2.6178e-02
15 0 +4.333720262e+01 +6.006720262e+01 +6.006720262e+01 +1.3686e+00 +6.5250e-01 -7.8460e-02 -1.3067e-01 +4.7312e-01
19 0 +3.137311504e+01 +4.810311504e+01 +4.810311504e+01 +1.5885e+00 +1.0722e+00 +8.9145e-01 +2.0701e-01 +4.7864e-01
28 0 +3.076503045e+01 +4.749503045e+01 +4.749503045e+01 +1.2858e+00 +2.2432e-01 +1.4036e+00 -8.1446e-02 +3.1833e-01
44 0 +2.552197432e+01 +4.225197432e+01 +4.225197432e+01 +2.4119e+00 +5.0173e-01 +2.0975e+00 +7.7016e-01 +3.9855e-01
79 0 +2.509575834e+01 +4.182575834e+01 +4.182575834e+01 +1.8416e+00 +4.3517e-01 +9.1656e-01 -1.1482e-02 -1.7375e-02
84 0 +2.239409405e+01 +3.912409405e+01 +3.912409405e+01 +2.5729e+00 +2.0589e-01 +1.8579e+00 +3.6789e-01 +1.5999e-01
95 0 +2.172429000e+01 +3.845429000e+01 +3.845429000e+01 +2.4060e+00 +4.0909e-02 +1.5734e+00 -6.7120e-02 -3.1736e-01
100 0 +2.057097336e+01 +3.730097336e+01 +3.730097336e+01 +2.4869e+00 +5.7177e-01 +1.4578e+00 +5.1628e-01 -5.0816e-01
110 0 +2.015637999e+01 +3.688637999e+01 +3.688637999e+01 +2.9258e+00 +3.6017e-01 +1.3200e+00 +1.9812e-01 -2.1518e-01
120 0 +1.957310962e+01 +3.630310962e+01 +3.630310962e+01 +3.2624e+00 +3.5178e-01 +9.5069e-01 +6.8542e-01 -5.9534e-01
121 0 +1.939198066e+01 +3.612198066e+01 +3.612198066e+01 +3.0491e+00 +4.1191e-01 +1.0909e+00 +7.5453e-01 -6.0757e-01
146 0 +1.856545042e+01 +3.529545042e+01 +3.529545042e+01 +3.1188e+00 +3.6709e-01 +1.5243e+00 +8.2903e-01 -6.5655e-01
504 0 +1.828830933e+01 +3.501830933e+01 +3.501830933e+01 +3.2119e+00 +2.5803e-01 +1.4837e+00 +6.9499e-01 -6.7527e-01
% f evaluations | g evaluations | best noise-free fitness - Fopt (1.000000000000e+03) + sum g_i+ | measured fitness | best measured fitness or single-digit g-values | x1 | x2...
1 0 +6.767059201e+01 +1.067670592e+03 +1.067670592e+03 +2.0390e-01 -6.9767e-03 +4.4971e-01 +3.7768e-02 -3.7248e-01
4 0 +6.439377684e+01 +1.064393777e+03 +1.064393777e+03 +2.8216e-01 +3.8686e-01 -3.8482e-01 +2.8128e-01 -1.9043e-01
9 0 +6.194302455e+01 +1.061943025e+03 +1.061943025e+03 +8.5675e-02 +6.4764e-01 -4.8801e-02 +4.4922e-01 -6.4060e-01
10 0 +5.995058663e+01 +1.059950587e+03 +1.059950587e+03 +1.8265e-01 +9.2385e-01 +2.6413e-01 -1.0283e-01 -2.6808e-01
11 0 +5.849358981e+01 +1.058493590e+03 +1.058493590e+03 +2.0863e-01 +9.2998e-01 -3.0555e-01 +1.5629e-01 +2.1572e-01
17 0 +5.195414407e+01 +1.051954144e+03 +1.051954144e+03 +2.6003e-01 +1.4928e+00 +1.6772e-01 -1.3090e-01 +1.3986e-01
19 0 +4.917126893e+01 +1.049171269e+03 +1.049171269e+03 +3.4872e-01 +1.6345e+00 -2.1097e-01 +5.2790e-03 +6.6252e-02
21 0 +4.821836108e+01 +1.048218361e+03 +1.048218361e+03 +4.9049e-01 +8.6312e-01 +2.3922e-01 +6.7433e-01 -9.5534e-02
23 0 +4.143633999e+01 +1.041436340e+03 +1.041436340e+03 +2.9474e-01 +1.6023e+00 -3.5887e-02 +4.4708e-01 +5.5717e-02
26 0 +3.896440358e+01 +1.038964404e+03 +1.038964404e+03 +3.1950e-01 +1.8952e+00 +5.3418e-02 +5.1750e-01 -2.5494e-01
27 0 +2.740587189e+01 +1.027405872e+03 +1.027405872e+03 +1.1921e+00 +2.0697e+00 +3.0352e-01 +5.6262e-01 -5.7127e-01
34 0 +2.469366161e+01 +1.024693662e+03 +1.024693662e+03 +7.6580e-01 +1.7691e+00 +1.6362e-01 +1.2644e+00 +1.5054e-01
38 0 +2.233474116e+01 +1.022334741e+03 +1.022334741e+03 +1.2429e+00 +1.7676e+00 +4.1299e-01 +1.0969e+00 -4.0418e-01
45 0 +1.935201466e+01 +1.019352015e+03 +1.019352015e+03 +2.0935e+00 +3.5069e+00 -2.5687e-01 +1.3463e+00 -5.0427e-01
62 0 +1.732728330e+01 +1.017327283e+03 +1.017327283e+03 +1.8765e+00 +3.5008e+00 +2.6478e-01 +1.6358e+00 -2.9619e-01
66 0 +1.168861691e+01 +1.011688617e+03 +1.011688617e+03 +1.9635e+00 +2.6299e+00 +3.6708e-01 +1.7121e+00 +4.2469e-01
95 0 +1.104052278e+01 +1.011040523e+03 +1.011040523e+03 +2.4738e+00 +2.1592e+00 -2.2787e-01 +2.2176e+00 -6.8961e-01
97 0 +1.059435069e+01 +1.010594351e+03 +1.010594351e+03 +2.5632e+00 +2.2284e+00 +6.3134e-01 +2.1616e+00 -5.1667e-01
113 0 +1.004300921e+01 +1.010043009e+03 +1.010043009e+03 +2.4924e+00 +2.6575e+00 -7.6522e-02 +1.8828e+00 -7.5590e-01
128 0 +9.702487730e+00 +1.009702488e+03 +1.009702488e+03 +2.7704e+00 +2.4849e+00 +5.3180e-01 +1.9653e+00 -3.1200e-01
150 0 +9.374701658e+00 +1.009374702e+03 +1.009374702e+03 +2.5998e+00 +2.7541e+00 +2.7000e-01 +1.8209e+00 -3.5836e-01
151 0 +9.009730635e+00 +1.009009731e+03 +1.009009731e+03 +2.6641e+00 +2.6065e+00 +3.7864e-01 +2.1674e+00 -3.4651e-01
160 0 +8.845203827e+00 +1.008845204e+03 +1.008845204e+03 +2.6470e+00 +2.6394e+00 +2.3118e-01 +2.1876e+00 -3.3330e-01
504 0 +8.742884025e+00 +1.008742884e+03 +1.008742884e+03 +2.5895e+00 +2.7471e+00 +7.5562e-02 +2.2358e+00 -3.5888e-01
% f evaluations | g evaluations | best noise-free fitness - Fopt (-1.079600000000e+02) + sum g_i+ | measured fitness | best measured fitness or single-digit g-values | x1 | x2...
1 0 +6.692000635e+01 -4.103999365e+01 -4.103999365e+01 +1.0889e-01 +4.4809e-01 -2.4630e-01 +1.9240e-01 -4.5428e-01
2 0 +6.003220262e+01 -4.792779738e+01 -4.792779738e+01 +5.5618e-02 +2.9614e-01 -3.8037e-01 +6.5756e-02 +7.6114e-01
3 0 +5.187246495e+01 -5.608753505e+01 -5.608753505e+01 +1.3527e-01 -3.2378e-01 -3.7366e-01 +1.6066e-01 +8.6873e-01
14 0 +4.616200913e+01 -6.179799087e+01 -6.179799087e+01 +3.3083e-01 +3.4723e-02 +9.1840e-02 +7.7785e-01 +1.1366e+00
15 0 +4.281128469e+01 -6.514871531e+01 -6.514871531e+01 -1.1341e-02 -1.0548e-01 -3.3090e-01 +6.2549e-01 +1.2054e+00
17 0 +4.103818580e+01 -6.692181420e+01 -6.692181420e+01 -1.6990e-01 -6.2938e-01 -8.2910e-01 +7.0392e-01 +1.2799e+00
25 0 +3.641046679e+01 -7.154953321e+01 -7.154953321e+01 -6.5444e-01 -4.3764e-01 -6.0011e-01 +5.2903e-01 +8.7746e-01
29 0 +2.431980156e+01 -8.364019844e+01 -8.364019844e+01 -7.1302e-01 -8.6331e-01 -4.2772e-01 +1.0028e+00 +1.6323e+00
33 0 +2.380584669e+01 -8.415415331e+01 -8.415415331e+01 -8.2622e-01 -5.4802e-01 -2.0280e-01 +8.9130e-01 +1.2095e+00
37 0 +2.261693018e+01 -8.534306982e+01 -8.534306982e+01 -6.5384e-01 -1.4227e+00 -2.4548e-01 +9.6756e-01 +1.4871e+00
43 0 +1.969615853e+01 -8.826384147e+01 -8.826384147e+01 -1.1043e+00 -3.5708e-01 +5.7773e-01 +1.0948e+00 +1.0099e+00
50 0 +1.868627931e+01 -8.927372069e+01 -8.927372069e+01 -5.7120e-01 -8.9525e-01 +1.4775e-01 +1.8781e+00 +1.2229e+00
51 0 +1.613646650e+01 -9.182353350e+01 -9.182353350e+01 -2.1460e+00 -1.2159e+00 +8.1469e-01 +1.2224e+00 +8.0778e-01
58 0 +1.372293378e+01 -9.423706622e+01 -9.423706622e+01 -1.4570e+00 -7.6844e-01 +2.6017e-01 +1.7436e+00 +1.0598e+00
106 0 +1.332004300e+01 -9.463995700e+01 -9.463995700e+01 -1.4276e+00 -1.1386e+00 +6.3036e-01 +2.3459e+00 +1.3407e+00
117 0 +1.285238532e+01 -9.510761468e+01 -9.510761468e+01 -1.2644e+00 -1.1735e+00 +5.9585e-01 +2.1508e+00 +1.4982e+00
135 0 +1.222592992e+01 -9.573407008e+01 -9.573407008e+01 -1.2884e+00 -1.0905e+00 +8.6597e-01 +1.9370e+00 +1.3527e+00
141 0 +1.191336202e+01 -9.604663798e+01 -9.604663798e+01 -1.4432e+00 -1.1966e+00 +8.5212e-01 +1.9437e+00 +1.3543e+00
152 0 +1.164316465e+01 -9.631683535e+01 -9.631683535e+01 -1.5619e+00 -9.9335e-01 +8.2831e-01 +1.7934e+00 +1.2104e+00
156 0 +1.143522986e+01 -9.652477014e+01 -9.652477014e+01 -1.5998e+00 -8.9900e-01 +6.7013e-01 +1.9380e+00 +1.4216e+00
205 0 +1.120686992e+01 -9.675313008e+01 -9.675313008e+01 -1.7219e+00 -9.6472e-01 +7.3176e-01 +1.8925e+00 +1.3426e+00
504 0 +1.112632562e+01 -9.683367438e+01 -9.683367438e+01 -1.7933e+00 -1.0017e+00 +6.9741e-01 +1.7886e+00 +1.3926e+00
% f evaluations | g evaluations | best noise-free fitness - Fopt (-3.025900000000e+02) + sum g_i+ | measured fitness | best measured fitness or single-digit g-values | x1 | x2...
1 0 +4.760095639e-01 -3.021139904e+02 -3.021139904e+02 -5.7488e-02 +2.5434e-04 +2.5567e-01 -3.0513e-01 -4.6477e-01
9 0 +1.278576724e-01 -3.024621423e+02 -3.024621423e+02 -4.9284e-01 +2.4927e-01 -1.8241e-01 -2.8149e-01 -3.0482e-01
20 0 +1.056819394e-01 -3.024843181e+02 -3.024843181e+02 -6.2818e-01 +6.2408e-01 +2.0020e-01 -3.9733e-01 -1.1095e-01
73 0 +5.199546494e-02 -3.025380045e+02 -3.025380045e+02 -3.2591e-01 +1.3492e-01 +2.9280e-01 -2.8425e-01 -4.4474e-01
102 0 +4.720910641e-02 -3.025427909e+02 -3.025427909e+02 -3.4902e-01 +1.3037e-01 +2.4349e-01 -3.5368e-01 -3.8514e-01
108 0 +3.826406412e-02 -3.025517359e+02 -3.025517359e+02 -3.2471e-01 +2.2053e-01 +1.4919e-01 -3.8498e-01 -3.5255e-01
116 0 +3.789877261e-02 -3.025521012e+02 -3.025521012e+02 -3.9778e-01 +1.9275e-01 +2.4979e-01 -3.4047e-01 -3.9876e-01
117 0 +3.542378494e-02 -3.025545762e+02 -3.025545762e+02 -4.0343e-01 +2.2179e-01 +2.3964e-01 -3.3937e-01 -3.5560e-01
126 0 +3.400600179e-02 -3.025559940e+02 -3.025559940e+02 -3.8175e-01 +1.9948e-01 +1.7195e-01 -3.2146e-01 -3.5156e-01
131 0 +2.566095092e-02 -3.025643390e+02 -3.025643390e+02 -4.6480e-01 +3.0916e-01 +1.7630e-01 -3.2241e-01 -3.1491e-01
132 0 +2.435063805e-02 -3.025656494e+02 -3.025656494e+02 -3.6113e-01 +2.2831e-01 +1.8383e-01 -3.0523e-01 -4.0650e-01
143 0 +1.875022037e-02 -3.025712498e+02 -3.025712498e+02 -3.7589e-01 +2.9707e-01 +1.2705e-01 -2.9718e-01 -3.5969e-01
172 0 +1.832354857e-02 -3.025716765e+02 -3.025716765e+02 -2.9625e-01 +2.2850e-01 +1.2696e-01 -2.7814e-01 -4.2479e-01
183 0 +1.809941932e-02 -3.025719006e+02 -3.025719006e+02 -2.9346e-01 +2.6232e-01 +1.0821e-01 -2.7306e-01 -4.0432e-01
189 0 +1.683296637e-02 -3.025731670e+02 -3.025731670e+02 -3.2354e-01 +2.7559e-01 +9.8284e-02 -2.7346e-01 -4.0491e-01
196 0 +1.622889166e-02 -3.025737711e+02 -3.025737711e+02 -3.1920e-01 +2.7486e-01 +8.4465e-02 -2.3932e-01 -3.9531e-01
201 0 +1.491318286e-02 -3.025750868e+02 -3.025750868e+02 -3.0707e-01 +2.6898e-01 +6.5379e-02 -2.1794e-01 -4.2300e-01
211 0 +1.387502907e-02 -3.025761250e+02 -3.025761250e+02 -3.4752e-01 +3.1569e-01 +3.1700e-02 -1.9888e-01 -3.9955e-01
220 0 +1.365494606e-02 -3.025763451e+02 -3.025763451e+02 -3.3741e-01 +3.1886e-01 +2.4664e-02 -1.9807e-01 -3.9943e-01
234 0 +1.326022208e-02 -3.025767398e+02 -3.025767398e+02 -3.1610e-01 +3.1202e-01 +1.1319e-03 -1.9520e-01 -4.1629e-01
238 0 +1.277284375e-02 -3.025772272e+02 -3.025772272e+02 -3.3285e-01 +3.5808e-01 -5.5316e-02 -1.4328e-01 -3.9304e-01
257 0 +1.224064986e-02 -3.025777594e+02 -3.025777594e+02 -3.4137e-01 +3.3038e-01 -3.4961e-02 -1.9358e-01 -3.8273e-01
267 0 +1.163657241e-02 -3.025783634e+02 -3.025783634e+02 -3.3661e-01 +3.5347e-01 -4.2923e-02 -1.8097e-01 -3.8386e-01
280 0 +1.108757370e-02 -3.025789124e+02 -3.025789124e+02 -3.1735e-01 +3.4393e-01 -7.8577e-02 -1.5797e-01 -4.0098e-01
291 0 +1.085576958e-02 -3.025791442e+02 -3.025791442e+02 -3.1859e-01 +3.4250e-01 -6.8835e-02 -1.8435e-01 -3.8750e-01
302 0 +9.475415403e-03 -3.025805246e+02 -3.025805246e+02 -3.1523e-01 +3.7159e-01 -1.0833e-01 -1.5987e-01 -3.8297e-01
334 0 +8.958522348e-03 -3.025810415e+02 -3.025810415e+02 -3.1971e-01 +4.0486e-01 -1.5434e-01 -1.2684e-01 -3.8158e-01
337 0 +8.905222587e-03 -3.025810948e+02 -3.025810948e+02 -3.1271e-01 +3.8085e-01 -1.4218e-01 -1.3698e-01 -3.8012e-01
350 0 +8.157264468e-03 -3.025818427e+02 -3.025818427e+02 -3.1317e-01 +4.2225e-01 -2.0137e-01 -1.1364e-01 -3.7581e-01
353 0 +8.125698715e-03 -3.025818743e+02 -3.025818743e+02 -3.0822e-01 +3.9682e-01 -1.7845e-01 -1.2363e-01 -3.8166e-01
374 0 +7.869655694e-03 -3.025821303e+02 -3.025821303e+02 -2.9413e-01 +4.3524e-01 -2.3748e-01 -9.8329e-02 -3.7195e-01
392 0 +7.690286362e-03 -3.025823097e+02 -3.025823097e+02 -3.2097e-01 +4.4716e-01 -2.4893e-01 -1.0671e-01 -3.5928e-01
393 0 +7.515762923e-03 -3.025824842e+02 -3.025824842e+02 -3.0240e-01 +4.1291e-01 -1.9388e-01 -1.2819e-01 -3.7026e-01
397 0 +7.116432157e-03 -3.025828836e+02 -3.025828836e+02 -3.1444e-01 +4.3394e-01 -2.3631e-01 -1.1347e-01 -3.6130e-01
404 0 +6.823420764e-03 -3.025831766e+02 -3.025831766e+02 -3.1066e-01 +4.5269e-01 -2.6724e-01 -1.0093e-01 -3.5209e-01
409 0 +6.325277488e-03 -3.025836747e+02 -3.025836747e+02 -3.1462e-01 +4.3830e-01 -2.5448e-01 -1.0935e-01 -3.4785e-01
424 0 +6.237949927e-03 -3.025837621e+02 -3.025837621e+02 -3.1130e-01 +4.3209e-01 -2.5814e-01 -1.0752e-01 -3.4934e-01
427 0 +6.132638625e-03 -3.025838674e+02 -3.025838674e+02 -3.1355e-01 +4.3117e-01 -2.5927e-01 -1.0921e-01 -3.4966e-01
432 0 +5.986202360e-03 -3.025840138e+02 -3.025840138e+02 -3.0911e-01 +4.3921e-01 -2.7980e-01 -1.0157e-01 -3.4405e-01
434 0 +5.871813836e-03 -3.025841282e+02 -3.025841282e+02 -3.0806e-01 +4.5645e-01 -3.0328e-01 -9.5807e-02 -3.3744e-01
445 0 +5.692997372e-03 -3.025843070e+02 -3.025843070e+02 -3.0974e-01 +4.5158e-01 -3.0432e-01 -9.6805e-02 -3.3619e-01
450 0 +5.611425491e-03 -3.025843886e+02 -3.025843886e+02 -3.0784e-01 +4.5691e-01 -3.1536e-01 -9.4567e-02 -3.3466e-01
465 0 +5.361022455e-03 -3.025846390e+02 -3.025846390e+02 -3.0773e-01 +4.4697e-01 -3.0312e-01 -1.0504e-01 -3.3678e-01
476 0 +5.032481377e-03 -3.025849675e+02 -3.025849675e+02 -3.0679e-01 +4.5190e-01 -3.2524e-01 -1.0127e-01 -3.2724e-01
492 0 +4.886532455e-03 -3.025851135e+02 -3.025851135e+02 -3.0780e-01 +4.6125e-01 -3.4755e-01 -9.6382e-02 -3.2067e-01
504 0 +4.858814338e-03 -3.025851412e+02 -3.025851412e+02 -3.0389e-01 +4.5095e-01 -3.3550e-01 -1.0122e-01 -3.2189e-01
% f evaluations | g evaluations | best noise-free fitness - Fopt (-3.065500000000e+02) + sum g_i+ | measured fitness | best measured fitness or single-digit g-values | x1 | x2...
1 0 +7.140485569e+01 -2.351451443e+02 -2.351451443e+02 -1.9156e-01 -2.2952e-01 +4.6307e-01 +5.6756e-01 -6.2601e-01
2 0 +6.505670501e+01 -2.414932950e+02 -2.414932950e+02 +3.6841e-01 -2.5284e-01 -1.4815e-01 +3.9255e-01 +5.8576e-01
4 0 +6.368315961e+01 -2.428668404e+02 -2.428668404e+02 -1.3559e-01 +5.3039e-02 +1.5619e-01 +3.3332e-01 +9.0276e-02
5 0 +6.092407744e+01 -2.456259226e+02 -2.456259226e+02 +2.9694e-01 -1.8726e-02 -1.2123e-01 +5.1425e-01 +1.6025e-01
7 0 +5.904943166e+01 -2.475005683e+02 -2.475005683e+02 +1.9483e-01 -5.4745e-02 -9.3742e-02 +7.9969e-03 +2.8746e-01
9 0 +5.623953955e+01 -2.503104604e+02 -2.503104604e+02 +1.1791e-01 -3.0249e-01 -2.4534e-01 +3.3813e-02 +2.1432e-01
10 0 +5.526114583e+01 -2.512888542e+02 -2.512888542e+02 +2.2143e-01 +1.0523e-01 -2.8780e-01 -3.2982e-01 +2.2627e-01
20 0 +5.445816308e+01 -2.520918369e+02 -2.520918369e+02 +3.7616e-01 -8.6004e-02 -4.7207e-01 -9.8317e-02 +4.5593e-02
22 0 +5.309506866e+01 -2.534549313e+02 -2.534549313e+02 -3.0394e-02 +2.0720e-01 -5.9064e-01 -2.0787e-01 +4.1276e-02
37 0 +5.168169444e+01 -2.548683056e+02 -2.548683056e+02 +1.9904e-01 +1.1292e-01 -8.3510e-01 +9.9283e-03 +1.6630e-01
41 0 +5.009591147e+01 -2.564540885e+02 -2.564540885e+02 +8.0200e-02 +3.3159e-02 -5.4598e-01 -6.5809e-01 +2.3969e-01
55 0 +4.828593322e+01 -2.582640668e+02 -2.582640668e+02 +9.6177e-02 +2.4389e-01 -8.9187e-01 -3.4287e-01 +1.8172e-01
70 0 +4.644544959e+01 -2.601045504e+02 -2.601045504e+02 +1.2317e-01 +5.5291e-01 -8.5408e-01 -6.5650e-01 +2.6402e-01
96 0 +4.526390812e+01 -2.612860919e+02 -2.612860919e+02 -4.4503e-02 +4.0609e-01 -1.1881e+00 -7.5970e-01 +2.2457e-01
97 0 +4.434637764e+01 -2.622036224e+02 -2.622036224e+02 +1.1854e-01 +4.4254e-01 -1.1613e+00 -8.9822e-01 +1.8546e-01
103 0 +4.314664692e+01 -2.634033531e+02 -2.634033531e+02 +8.9635e-02 +4.3464e-01 -1.1516e+00 -9.4781e-01 +3.7676e-01
106 0 +4.193512414e+01 -2.646148759e+02 -2.646148759e+02 -6.0793e-02 +6.6201e-01 -1.2594e+00 -1.4151e+00 +2.7329e-01
113 0 +3.983301822e+01 -2.667169818e+02 -2.667169818e+02 +1.9700e-01 +5.5500e-01 -1.1927e+00 -1.5778e+00 +5.7217e-01
128 0 +3.759105486e+01 -2.689589451e+02 -2.689589451e+02 +2.0523e-01 +9.4720e-01 -1.3708e+00 -2.4124e+00 +6.4397e-01
202 0 +3.674175727e+01 -2.698082427e+02 -2.698082427e+02 +3.9108e-01 +8.8383e-01 -1.7281e+00 -2.6789e+00 +7.1873e-01
276 0 +3.615577645e+01 -2.703942236e+02 -2.703942236e+02 +4.1736e-01 +9.4932e-01 -1.5941e+00 -2.5866e+00 +6.9369e-01
385 0 +3.537230098e+01 -2.711776990e+02 -2.711776990e+02 +6.0572e-01 +1.0302e+00 -1.7339e+00 -2.7317e+00 +6.5225e-01
440 0 +3.465493542e+01 -2.718950646e+02 -2.718950646e+02 +9.3654e-01 +1.2375e+00 -1.9303e+00 -2.9882e+00 +6.5633e-01
504 0 +3.396132740e+01 -2.725886726e+02 -2.725886726e+02 +1.1965e+00 +1.3429e+00 -1.9619e+00 -3.1195e+00 +6.8596e-01
