% f evaluations | g evaluations | best noise-free fitness - Fopt (-4.620900000000e+02) + sum g_i+ | measured fitness | best measured fitness or single-digit g-values | x1 | x2...
1 0 +2.155823892e+02 -2.465076108e+02 -2.465076108e+02 +3.7431e-01 -1.9715e-01 -1.2865e-02 +1.3517e-01 -3.5538e-01 +3.5821e-03 +7.5974e-01 +7.8948e-02 -2.4514e-01 +2.0286e-01
9 0 +2.104317971e+02 -2.516582029e+02 -2.516582029e+02 -2.3738e-01 +6.8603e-01 -2.2449e-02 +6.3030e-01 -2.8179e-01 -2.7508e-02 -2.0067e-01 -1.0847e-01 +4.4184e-01 +3.0389e-01
23 0 +1.962955385e+02 -2.657944615e+02 -2.657944615e+02 +2.5655e-01 -1.4193e-01 -2.5807e-01 +1.9409e-01 -3.8837e-01 +9.8862e-02 +6.2138e-01 +3.6116e-02 +4.6289e-01 -2.5634e-01
96 0 +1.862938250e+02 -2.757961750e+02 -2.757961750e+02 -3.3836e-01 -3.3311e-01 -8.5710e-01 -5.6720e-01 -6.6170e-01 -3.9119e-03 -2.2794e-01 +4.2147e-01 +1.1783e+00 -2.6971e-01
97 0 +1.826362870e+02 -2.794537130e+02 -2.794537130e+02 -2.6918e-01 -2.9119e-01 -1.0133e+00 +1.1030e-02 -1.7523e-01 +1.3572e-01 +3.2304e-01 +5.2954e-01 +3.8170e-01 +2.9873e-01
107 0 +1.753140429e+02 -2.867759571e+02 -2.867759571e+02 -4.3169e-01 -5.0516e-01 -1.0691e+00 +2.4561e-01 -3.2517e-02 +2.2566e-01 +1.8905e-01 +6.5012e-01 +1.2250e+00 +5.0510e-02
202 0 +1.697145767e+02 -2.923754233e+02 -2.923754233e+02 -2.4511e-01 -4.8862e-01 -1.5686e+00 +7.5569e-02 -3.9634e-01 +9.1296e-02 +4.4999e-01 +1.0489e+00 +7.7196e-01 +4.1881e-02
226 0 +1.601666021e+02 -3.019233979e+02 -3.019233979e+02 -3.0641e-01 -3.9593e-01 -1.6222e+00 +5.3398e-02 -7.6862e-01 +1.4596e-02 +1.4548e-01 +9.8301e-01 +8.3668e-01 +4.1199e-02
228 0 +1.569872781e+02 -3.051027219e+02 -3.051027219e+02 -3.3951e-01 -3.6819e-01 -1.6609e+00 -2.8519e-02 -6.8718e-01 +2.6176e-02 +4.7286e-01 +1.1312e+00 +7.2369e-01 +1.2638e-01
232 0 +1.540771010e+02 -3.080128990e+02 -3.080128990e+02 -2.1190e-01 -3.5501e-01 -1.6685e+00 -8.5628e-03 -7.5278e-01 +2.3116e-02 +2.6409e-01 +1.1430e+00 +7.9377e-01 +1.0548e-02
263 0 +1.390534534e+02 -3.230365466e+02 -3.230365466e+02 -3.4701e-01 -3.4752e-01 -1.5514e+00 +3.8514e-04 -8.2153e-01 +2.2272e-02 +1.8022e-01 +1.1358e+00 +7.3908e-01 +3.5951e-02
345 0 +1.346437539e+02 -3.274462461e+02 -3.274462461e+02 -4.1065e-01 -3.9766e-01 -1.6659e+00 +4.6761e-03 -7.4769e-01 +5.0810e-02 +1.4686e-01 +1.1385e+00 +7.4657e-01 +4.5012e-02
387 0 +1.310163628e+02 -3.310736372e+02 -3.310736372e+02 -3.4833e-01 -3.9451e-01 -1.6282e+00 -2.4211e-02 -7.5333e-01 +6.1829e-02 +1.9155e-01 +1.1397e+00 +7.5303e-01 +5.0784e-02
1000 0 +1.293436537e+02 -3.327463463e+02 -3.327463463e+02 -3.3994e-01 -4.1348e-01 -1.6301e+00 -1.2318e-02 -7.5097e-01 +6.7532e-02 +1.7483e-01 +1.1069e+00 +7.5244e-01 +5.7578e-02
% f evaluations | g evaluations | best noise-free fitness - Fopt (7.766000000000e+01) + sum g_i+ | measured fitness | best measured fitness or single-digit g-values | x1 | x2...
1 0 +5.524806108e+02 +6.301406108e+02 +6.301406108e+02 +1.7548e-03 -1.1600e-01 -6.1052e-02 -2.8723e-01 -1.2597e-01 -2.9307e-01 -5.8178e-01 +1.7419e-01 +1.3849e-01 -1.1559e-01
2 0 +5.211806772e+02 +5.988406772e+02 +5.988406772e+02 -9.0128e-01 +1.3597e-01 -1.9007e-01 -4.6240e-01 +5.9736e-01 -4.6243e-01 -4.2464e-01 -3.5129e-01 +2.6354e-01 -2.1073e-01
6 0 +4.739950432e+02 +5.516550432e+02 +5.516550432e+02 -2.3759e-01 -3.3983e-01 +2.3437e-01 +6.6833e-03 +1.2126e-01 +6.1230e-01 -3.2901e-01 -2.4002e-01 +2.3192e-01 -2.6800e-01
9 0 +3.987352335e+02 +4.763952335e+02 +4.763952335e+02 -1.5833e-01 -4.2516e-01 +3.7235e-01 +2.9631e-02 -7.9008e-01 +1.4101e-01 +7.5056e-02 -2.3256e-02 -2.0376e-01 -4.6687e-01
11 0 +3.633150037e+02 +4.409750037e+02 +4.409750037e+02 -1.0505e-01 +1.9498e-01 +1.6449e-01 -5.1270e-02 -5.9440e-01 +1.3891e-01 -1.7943e-01 +2.4387e-01 -1.1991e-01 -7.0786e-01
14 0 +3.432213348e+02 +4.208813348e+02 +4.208813348e+02 +7.1026e-02 +2.1115e-01 -3.9967e-01 -1.0513e-01 -1.0602e-01 +4.8053e-01 +4.7196e-02 +2.8689e-02 -6.1394e-01 -5.9002e-01
23 0 +3.330127056e+02 +4.106727056e+02 +4.106727056e+02 -4.2117e-01 +1.5126e-01 -5.3118e-01 +2.8756e-01 -3.6398e-01 +5.3253e-01 -1.2400e-01 +3.8929e-01 -1.3144e-01 -7.5448e-01
24 0 +2.912515522e+02 +3.689115522e+02 +3.689115522e+02 -8.2250e-01 -6.5182e-03 -3.7411e-01 +2.0550e-01 -8.3232e-01 +2.4927e-01 -2.7318e-01 -3.1086e-01 -1.4270e-01 -1.0317e+00
31 0 +2.668577754e+02 +3.445177754e+02 +3.445177754e+02 -7.8420e-02 -4.0448e-01 -5.2363e-01 +5.6095e-01 -6.3022e-02 +1.3982e+00 -5.9043e-02 -3.7354e-01 +4.3712e-02 -1.4598e+00
32 0 +2.330913467e+02 +3.107513467e+02 +3.107513467e+02 -6.4392e-01 +1.6870e-01 -6.5673e-01 +4.7581e-01 -6.1372e-01 +5.2911e-01 -8.2507e-01 -4.8373e-02 -6.0652e-02 -1.6340e+00
42 0 +1.955507570e+02 +2.732107570e+02 +2.732107570e+02 -5.9525e-01 -6.3192e-01 -5.9718e-01 +7.5957e-01 -7.8140e-01 -7.6507e-02 -3.5520e-01 +1.7729e-01 -2.3901e-01 -1.6687e+00
44 0 +1.818077582e+02 +2.594677582e+02 +2.594677582e+02 -4.1066e-01 +2.4979e-01 -1.9199e-01 +3.8453e-01 -7.2850e-01 +1.1068e+00 -4.5692e-01 +2.1551e-01 +1.4019e-01 -2.0424e+00
54 0 +1.749111134e+02 +2.525711134e+02 +2.525711134e+02 -3.3029e-01 -1.7692e-01 -7.9667e-01 +4.7899e-01 -5.7212e-01 +6.7489e-01 -3.4268e-01 -1.8932e-01 +6.4729e-02 -2.0883e+00
59 0 +1.684255256e+02 +2.460855256e+02 +2.460855256e+02 +1.4131e-01 -4.2180e-02 -6.6273e-01 -2.4206e-01 -1.1458e+00 +3.9768e-01 -4.7888e-01 +1.8477e-02 -1.0051e-01 -2.9710e+00
62 0 +1.522497536e+02 +2.299097536e+02 +2.299097536e+02 +8.9259e-01 -1.3138e-01 -3.9027e-01 +6.7477e-02 -7.6159e-01 +6.5413e-01 -4.5455e-01 +8.4869e-02 +9.3127e-02 -3.0081e+00
69 0 +1.492279988e+02 +2.268879988e+02 +2.268879988e+02 -9.4236e-01 -9.4655e-03 -3.9693e-01 +1.4438e-01 -7.5527e-01 +8.9683e-01 -2.8060e-01 -4.6026e-01 -1.1590e-01 -3.0465e+00
71 0 +1.119474274e+02 +1.896074274e+02 +1.896074274e+02 +4.7803e-01 +3.4835e-02 -1.3620e+00 -6.5137e-02 -1.2708e+00 +9.0347e-01 -3.2388e-01 -8.8061e-01 -5.0087e-01 -4.1354e+00
142 0 +9.558264208e+01 +1.732426421e+02 +1.732426421e+02 +4.4289e-01 -9.6243e-01 +4.8040e-01 +1.1952e+00 -3.0047e+00 +1.3146e-01 -7.1805e-01 -1.9751e+00 +9.9539e-01 -4.6020e+00
216 0 +7.943830736e+01 +1.570983074e+02 +1.570983074e+02 +6.7133e-01 -2.7693e-01 -5.3965e-01 +2.2123e+00 -1.5228e+00 -1.0649e+00 +4.3776e-02 -2.6560e-01 +1.0326e+00 -3.9019e+00
234 0 +6.355821586e+01 +1.412182159e+02 +1.412182159e+02 +5.7095e-01 -9.1778e-01 -4.0235e-01 +2.0257e+00 -2.3830e+00 -5.1018e-01 -7.5809e-01 -4.7621e-02 +1.1970e+00 -4.5464e+00
292 0 +5.885591794e+01 +1.365159179e+02 +1.365159179e+02 +1.3623e+00 +9.2145e-03 -5.5605e-01 +1.9752e+00 -1.9000e+00 -5.8116e-01 +1.9385e-01 -4.3107e-01 +3.9917e-01 -3.4517e+00
385 0 +5.753059277e+01 +1.351905928e+02 +1.351905928e+02 +1.5453e+00 -5.5542e-02 -3.8386e-01 +1.5195e+00 -2.3921e+00 -6.4761e-01 +5.6194e-01 +5.3579e-02 +9.0688e-01 -3.4265e+00
402 0 +5.251374818e+01 +1.301737482e+02 +1.301737482e+02 +1.3842e+00 -6.1838e-02 -4.2684e-01 +1.2966e+00 -2.3349e+00 -5.5602e-01 +6.3419e-01 -1.3711e-02 +8.9323e-01 -3.8027e+00
410 0 +4.515989718e+01 +1.228198972e+02 +1.228198972e+02 +1.3822e+00 -1.7484e-01 -3.0314e-01 +1.3066e+00 -2.4306e+00 -4.5002e-01 +5.8847e-01 +3.0314e-02 +9.5205e-01 -3.4899e+00
456 0 +3.255515321e+01 +1.102151532e+02 +1.102151532e+02 +1.3479e+00 -1.3839e-01 -4.1765e-01 +1.3918e+00 -2.5118e+00 -5.2359e-01 +5.7072e-01 +1.1094e-01 +9.0833e-01 -3.5495e+00
464 0 +2.853701204e+01 +1.061970120e+02 +1.061970120e+02 +1.3914e+00 -1.5606e-01 -4.8933e-01 +1.3088e+00 -2.4868e+00 -5.6747e-01 +6.0668e-01 +9.3470e-02 +9.4068e-01 -3.5317e+00
545 0 +2.759941012e+01 +1.052594101e+02 +1.052594101e+02 +1.3882e+00 -2.1987e-01 -4.2023e-01 +1.3420e+00 -2.4192e+00 -5.2651e-01 +6.1068e-01 +1.0382e-01 +9.7661e-01 -3.4908e+00
566 0 +2.727587933e+01 +1.049358793e+02 +1.049358793e+02 +1.3828e+00 -1.8429e-01 -4.4869e-01 +1.3416e+00 -2.4576e+00 -5.2117e-01 +6.3494e-01 +1.0116e-01 +9.9623e-01 -3.5118e+00
569 0 +2.665004606e+01 +1.043100461e+02 +1.043100461e+02 +1.3744e+00 -1.9414e-01 -4.2717e-01 +1.3614e+00 -2.4343e+00 -5.1449e-01 +6.0100e-01 +1.2512e-01 +9.9294e-01 -3.5128e+00
574 0 +2.616043313e+01 +1.038204331e+02 +1.038204331e+02 +1.4122e+00 -1.7621e-01 -4.3229e-01 +1.3773e+00 -2.4455e+00 -5.3569e-01 +6.1534e-01 +1.1559e-01 +9.8624e-01 -3.4878e+00
612 0 +2.551769351e+01 +1.031776935e+02 +1.031776935e+02 +1.3898e+00 -1.8015e-01 -4.2565e-01 +1.3714e+00 -2.4663e+00 -5.2884e-01 +6.0256e-01 +1.1870e-01 +9.9613e-01 -3.5133e+00
630 0 +2.488322314e+01 +1.025432231e+02 +1.025432231e+02 +1.4067e+00 -1.7773e-01 -4.0691e-01 +1.3547e+00 -2.4666e+00 -5.2572e-01 +5.9672e-01 +1.1913e-01 +9.8928e-01 -3.5055e+00
668 0 +2.453801905e+01 +1.021980190e+02 +1.021980190e+02 +1.4150e+00 -1.6633e-01 -4.2587e-01 +1.3361e+00 -2.4464e+00 -5.3224e-01 +5.9731e-01 +1.2319e-01 +9.8853e-01 -3.5010e+00
747 0 +2.398219739e+01 +1.016421974e+02 +1.016421974e+02 +1.4160e+00 -1.5649e-01 -4.1403e-01 +1.3125e+00 -2.4602e+00 -5.3669e-01 +5.9332e-01 +1.1292e-01 +9.9003e-01 -3.4926e+00
1000 0 +2.350190611e+01 +1.011619061e+02 +1.011619061e+02 +1.4038e+00 -1.2745e-01 -4.1869e-01 +1.3096e+00 -2.4662e+00 -5.3495e-01 +5.8771e-01 +1.1457e-01 +9.9081e-01 -3.4995e+00
% f evaluations | g evaluations | best noise-free fitness - Fopt (1.156800000000e+02) + sum g_i+ | measured fitness | best measured fitness or single-digit g-values | x1 | x2...
1 0 +7.632746265e+02 +8.789546265e+02 +8.789546265e+02 +7.0716e-01 +5.8040e-01 +5.3749e-02 -4.9062e-01 +5.7882e-02 -2.3665e-02 +1.6653e-01 +5.3372e-01 -2.6055e-02 -9.6251e-02
2 0 +6.280625651e+02 +7.437425651e+02 +7.437425651e+02 +4.5299e-01 -5.4496e-02 -3.2560e-02 -2.0184e-01 -4.7314e-01 +2.2253e-01 -3.3906e-01 +3.7469e-01 -3.7958e-01 +2.8461e-01
19 0 +5.964280383e+02 +7.121080383e+02 +7.121080383e+02 +4.9080e-01 -6.0985e-02 +2.2306e-01 -6.3979e-02 -2.4621e-01 +1.7845e-01 -3.1387e-01 -4.3636e-01 -4.3110e-01 -7.2060e-02
21 0 +4.732911322e+02 +5.889711322e+02 +5.889711322e+02 +4.3106e-01 -6.1202e-02 +6.1821e-01 -1.9982e-01 -2.6635e-01 -1.4479e-01 -3.0669e-01 +2.8241e-01 -1.0016e+00 -2.4233e-01
37 0 +4.372806714e+02 +5.529606714e+02 +5.529606714e+02 +8.2835e-01 -4.9008e-01 -1.1338e-01 -1.9994e-01 -5.2142e-01 -1.8899e-01 -5.1597e-01 +2.2535e-01 -1.0599e+00 -3.1895e-01
48 0 +4.275823846e+02 +5.432623846e+02 +5.432623846e+02 +8.9893e-01 -7.1907e-01 -2.9817e-01 -1.9319e-01 -4.1891e-01 -5.9240e-01 -7.0133e-01 +2.6421e-01 -1.2335e+00 -2.9297e-01
52 0 +3.709673651e+02 +4.866473651e+02 +4.866473651e+02 +1.1934e+00 -1.0736e+00 -8.2786e-01 -7.5053e-02 -4.2006e-01 -3.0466e-01 -1.4537e+00 +1.1596e+00 -1.3778e+00 -5.1570e-01
62 0 +3.087415481e+02 +4.244215481e+02 +4.244215481e+02 +7.8832e-01 -1.1127e+00 -5.3665e-01 -5.2862e-02 -3.9495e-01 -5.4210e-01 -1.7944e+00 +9.0898e-01 -1.7773e+00 -3.1874e-01
64 0 +3.010680132e+02 +4.167480132e+02 +4.167480132e+02 +8.3864e-01 -7.7798e-01 -2.1479e-01 +7.1406e-02 -1.1424e+00 -8.2602e-01 -7.9535e-01 +7.7727e-01 -2.2974e+00 -4.4957e-01
67 0 +2.849435903e+02 +4.006235903e+02 +4.006235903e+02 +1.1611e+00 -1.1185e+00 -7.3033e-01 -2.5452e-01 -4.3366e-01 -4.1003e-01 -1.2859e+00 +1.1288e+00 -2.1817e+00 -5.4929e-01
68 0 +2.764862673e+02 +3.921662673e+02 +3.921662673e+02 +9.8538e-01 -8.1811e-01 -4.8951e-01 -1.7568e-01 -6.8891e-01 -1.0720e+00 -1.4376e+00 +1.1879e+00 -1.7268e+00 -8.7450e-01
78 0 +2.433188955e+02 +3.589988955e+02 +3.589988955e+02 +9.5948e-01 -9.7433e-01 +5.7629e-02 -2.8000e-01 -1.4381e+00 -8.4251e-01 -1.0615e+00 +9.4125e-01 -2.1058e+00 -1.3832e+00
81 0 +2.303071043e+02 +3.459871043e+02 +3.459871043e+02 +5.7280e-01 -1.3528e-01 +9.5611e-02 -6.4929e-01 -1.3611e+00 -7.6451e-01 -2.4777e+00 +1.2261e+00 -2.5990e+00 -1.7401e+00
93 0 +2.042335771e+02 +3.199135771e+02 +3.199135771e+02 +1.2253e+00 -7.9001e-01 +6.0867e-01 +3.5041e-01 -1.2090e+00 -1.2127e+00 -3.6900e+00 +8.8961e-01 -2.2804e+00 -2.0024e+00
94 0 +1.895906263e+02 +3.052706263e+02 +3.052706263e+02 +1.3645e+00 +8.9799e-02 -6.2147e-01 -1.4790e+00 -9.5497e-01 -2.2978e+00 -2.9371e+00 +2.3642e+00 -3.8713e+00 -2.2626e+00
98 0 +1.678197558e+02 +2.834997558e+02 +2.834997558e+02 +9.8304e-01 -6.1570e-01 -4.0997e-01 +9.0759e-01 -1.7421e+00 -1.2930e+00 -1.6622e+00 +1.5087e+00 -2.5738e+00 -1.1091e+00
101 0 +1.491541907e+02 +2.648341907e+02 +2.648341907e+02 +1.1335e+00 -1.0133e+00 -1.2119e-01 -8.3141e-01 -2.1186e+00 -2.0117e+00 -2.5743e+00 +2.7498e+00 -3.4661e+00 -1.9997e+00
113 0 +1.470377779e+02 +2.627177779e+02 +2.627177779e+02 +1.2495e+00 -2.0273e+00 -8.7218e-01 -1.7137e-01 -1.2257e+00 -2.7226e+00 -3.5237e+00 +2.0328e+00 -3.2827e+00 -2.2112e+00
129 0 +1.382733235e+02 +2.539533235e+02 +2.539533235e+02 +2.7779e+00 -1.9445e+00 +1.1729e+00 +3.0469e-01 -9.5839e-01 -1.3038e+00 -4.5679e+00 +1.4670e+00 -3.0623e+00 -2.1853e+00
156 0 +1.050575820e+02 +2.207375820e+02 +2.207375820e+02 +3.9242e+00 -2.4735e+00 +2.1323e-01 +2.9593e-01 -4.2667e+00 -2.4826e+00 -2.5749e+00 +1.8838e+00 -3.1808e+00 -1.9254e+00
254 0 +9.574305170e+01 +2.114230517e+02 +2.114230517e+02 +2.7196e+00 -9.0223e-01 +1.0540e+00 +2.1038e+00 -3.5850e+00 -2.7107e+00 -2.8758e+00 +2.4558e+00 -4.2021e+00 -2.2333e+00
334 0 +8.598616351e+01 +2.016661635e+02 +2.016661635e+02 +1.1714e+00 -2.7608e+00 +1.0556e+00 +1.7979e+00 -3.4399e+00 -3.8242e+00 -3.7606e+00 +2.7581e+00 -3.9212e+00 -2.5188e+00
351 0 +8.342866622e+01 +1.991086662e+02 +1.991086662e+02 -4.4241e-02 -2.6978e+00 +1.1578e+00 +2.2454e+00 -3.4746e+00 -3.9656e+00 -4.0411e+00 +3.1422e+00 -2.8699e+00 -2.9162e+00
356 0 +7.895488404e+01 +1.946348840e+02 +1.946348840e+02 +8.4285e-01 -1.7622e+00 +8.8085e-01 +2.0240e+00 -3.7064e+00 -3.7694e+00 -3.9230e+00 +2.4074e+00 -3.6711e+00 -2.3030e+00
372 0 +7.684332007e+01 +1.925233201e+02 +1.925233201e+02 +3.9492e-01 -1.7617e+00 +1.2261e+00 +2.5467e+00 -3.6619e+00 -3.8635e+00 -3.5846e+00 +2.3083e+00 -3.3033e+00 -2.0289e+00
378 0 +5.766239372e+01 +1.733423937e+02 +1.733423937e+02 +5.5551e-01 -1.8269e+00 +1.3972e+00 +2.2443e+00 -3.5949e+00 -3.8231e+00 -3.4992e+00 +2.4418e+00 -3.5762e+00 -1.9317e+00
472 0 +4.301309530e+01 +1.586930953e+02 +1.586930953e+02 +7.6945e-01 -2.6360e+00 +1.1563e+00 +2.3511e+00 -3.5135e+00 -3.8562e+00 -3.5310e+00 +2.3630e+00 -3.9430e+00 -2.5006e+00
525 0 +3.618243797e+01 +1.518624380e+02 +1.518624380e+02 +8.3779e-01 -2.5088e+00 +1.0830e+00 +2.4662e+00 -3.6748e+00 -3.8584e+00 -3.5081e+00 +2.3621e+00 -3.9860e+00 -2.2893e+00
541 0 +3.414809392e+01 +1.498280939e+02 +1.498280939e+02 +8.0342e-01 -2.6072e+00 +1.0111e+00 +2.4600e+00 -3.5562e+00 -3.8149e+00 -3.5267e+00 +2.3815e+00 -3.9102e+00 -2.3249e+00
545 0 +2.663476669e+01 +1.423147667e+02 +1.423147667e+02 +7.9808e-01 -2.6146e+00 +1.0838e+00 +2.4219e+00 -3.6412e+00 -3.7612e+00 -3.5202e+00 +2.3813e+00 -3.9311e+00 -2.3040e+00
562 0 +2.286303214e+01 +1.385430321e+02 +1.385430321e+02 +7.6031e-01 -2.5545e+00 +1.1200e+00 +2.3824e+00 -3.5705e+00 -3.7691e+00 -3.5399e+00 +2.3707e+00 -3.8819e+00 -2.2719e+00
563 0 +2.191022248e+01 +1.375902225e+02 +1.375902225e+02 +7.8932e-01 -2.5718e+00 +1.0399e+00 +2.3883e+00 -3.5697e+00 -3.7516e+00 -3.5174e+00 +2.3448e+00 -3.9122e+00 -2.2625e+00
570 0 +1.977475069e+01 +1.354547507e+02 +1.354547507e+02 +8.4639e-01 -2.5476e+00 +1.0656e+00 +2.3959e+00 -3.6362e+00 -3.7704e+00 -3.5717e+00 +2.3557e+00 -3.9176e+00 -2.2596e+00
600 0 +1.912418694e+01 +1.348041869e+02 +1.348041869e+02 +8.8412e-01 -2.6212e+00 +1.1115e+00 +2.3371e+00 -3.6457e+00 -3.7580e+00 -3.5313e+00 +2.3595e+00 -3.9191e+00 -2.2609e+00
615 0 +1.868056016e+01 +1.343605602e+02 +1.343605602e+02 +8.3205e-01 -2.5746e+00 +1.0860e+00 +2.3637e+00 -3.6410e+00 -3.7944e+00 -3.5637e+00 +2.3734e+00 -3.9265e+00 -2.2558e+00
629 0 +1.861513990e+01 +1.342951399e+02 +1.342951399e+02 +8.4501e-01 -2.5710e+00 +1.0975e+00 +2.3924e+00 -3.6202e+00 -3.7867e+00 -3.5530e+00 +2.3661e+00 -3.9190e+00 -2.2712e+00
633 0 +1.761183503e+01 +1.332918350e+02 +1.332918350e+02 +8.4848e-01 -2.5782e+00 +1.0983e+00 +2.3722e+00 -3.6082e+00 -3.7873e+00 -3.5586e+00 +2.3636e+00 -3.9240e+00 -2.2680e+00
673 0 +1.720471440e+01 +1.328847144e+02 +1.328847144e+02 +8.4982e-01 -2.6043e+00 +1.1056e+00 +2.3600e+00 -3.6094e+00 -3.7757e+00 -3.5518e+00 +2.3544e+00 -3.9300e+00 -2.2618e+00
775 0 +1.698242930e+01 +1.326624293e+02 +1.326624293e+02 +8.5569e-01 -2.6227e+00 +1.1071e+00 +2.3543e+00 -3.6026e+00 -3.7825e+00 -3.5616e+00 +2.3572e+00 -3.9230e+00 -2.2611e+00
1000 0 +1.693506118e+01 +1.326150612e+02 +1.326150612e+02 +8.5700e-01 -2.6205e+00 +1.1027e+00 +2.3513e+00 -3.6037e+00 -3.7854e+00 -3.5605e+00 +2.3564e+00 -3.9255e+00 -2.2614e+00
% f evaluations | g evaluations | best noise-free fitness - Fopt (-3.710000000000e+00) + sum g_i+ | measured fitness | best measured fitness or single-digit g-values | x1 | x2...
1 0 +2.923762258e+02 +2.886662258e+02 +2.886662258e+02 +2.0110e-01 +3.4623e-03 -2.9697e-01 -8.2169e-02 +2.7499e-01 +2.7848e-01 -4.8762e-01 -3.3864e-01 -1.0519e-01 +4.1502e-01
4 0 +2.835100073e+02 +2.798000073e+02 +2.798000073e+02 -8.2796e-04 +5.8792e-01 +3.8582e-04 +4.7220e-01 +2.4617e-01 -1.4690e-01 -1.6761e-01 -1.0921e-01 -4.5639e-01 +1.1480e+00
15 0 +2.584851103e+02 +2.547751103e+02 +2.547751103e+02 +2.8556e-01 +5.1980e-02 +2.0912e-01 +6.5157e-01 -1.8577e-01 -6.6211e-02 +9.0005e-02 -1.1770e-01 -4.6435e-01 +1.1190e+00
24 0 +2.425528962e+02 +2.388428962e+02 +2.388428962e+02 +3.4420e-02 +4.1613e-01 +1.8711e-01 +6.3882e-01 +2.0785e-01 -1.4070e-01 +2.4741e-01 -4.4864e-01 -5.1690e-01 +6.6255e-01
37 0 +2.307667169e+02 +2.270567169e+02 +2.270567169e+02 -2.1586e-02 +1.1596e-01 +9.1050e-02 +8.4586e-01 -3.6470e-02 -5.6166e-02 -3.6790e-01 -3.7355e-01 -8.6604e-01 +5.6199e-01
38 0 +2.182630592e+02 +2.145530592e+02 +2.145530592e+02 -1.4301e-01 +1.2015e-01 -3.6216e-01 +6.3896e-01 +2.3616e-01 -8.6552e-02 +2.0350e-01 -1.2510e-01 -1.4462e+00 +5.7359e-01
50 0 +2.069870463e+02 +2.032770463e+02 +2.032770463e+02 -1.6951e-01 +1.0182e+00 -7.9734e-01 +3.8821e-01 +6.2268e-01 +5.5983e-01 +3.1045e-01 -4.2185e-01 -1.1740e+00 +3.8275e-01
70 0 +2.010365250e+02 +1.973265250e+02 +1.973265250e+02 +3.3080e-01 +4.5491e-01 -8.7408e-01 +1.0183e+00 +7.1057e-02 +1.5525e+00 +1.7030e-01 -3.3995e-01 -1.1815e+00 -1.8436e-01
75 0 +1.783145722e+02 +1.746045722e+02 +1.746045722e+02 +5.4523e-01 -2.6773e-03 -7.3275e-01 +1.7638e+00 +1.0382e+00 +1.5156e+00 +3.2301e-01 -3.3479e-01 -1.2079e+00 +3.5914e-01
93 0 +1.749271450e+02 +1.712171450e+02 +1.712171450e+02 +9.0037e-01 -3.4809e-01 -1.6712e+00 +1.2518e+00 +1.1777e+00 +2.4151e+00 -3.3506e-01 -4.6498e-01 -1.4843e+00 +7.6172e-01
98 0 +1.475623302e+02 +1.438523302e+02 +1.438523302e+02 +7.7517e-02 +1.3191e+00 -3.8307e-01 +2.0109e+00 +4.6135e-01 +2.2072e+00 +2.6524e-01 -1.0548e+00 -2.3293e+00 -4.6579e-01
113 0 +1.435693441e+02 +1.398593441e+02 +1.398593441e+02 +1.4069e+00 -1.0242e+00 -6.3450e-01 +1.7412e+00 +1.4068e+00 +1.8742e+00 +8.2206e-01 -1.0855e+00 -2.5666e+00 +7.3924e-01
124 0 +1.276643625e+02 +1.239543625e+02 +1.239543625e+02 +1.6553e+00 +7.9361e-02 -1.2448e+00 +2.6160e+00 +1.8980e+00 +4.2389e+00 +6.0550e-01 -2.2645e+00 -2.9063e+00 +1.1270e+00
133 0 +1.213565538e+02 +1.176465538e+02 +1.176465538e+02 -8.4675e-02 -4.1094e-01 +5.5471e-02 +1.3321e+00 +1.8747e+00 +3.1484e+00 -2.8619e-01 -2.3006e+00 -1.9563e+00 +1.6095e+00
146 0 +1.131284729e+02 +1.094184729e+02 +1.094184729e+02 +5.3881e-02 +2.2629e-01 -2.5307e-01 +2.5916e+00 +2.1951e+00 +3.6356e+00 -2.4360e-01 -2.8970e+00 -9.3843e-01 +1.0171e+00
235 0 +9.259695345e+01 +8.888695345e+01 +8.888695345e+01 +2.0227e+00 -8.6036e-01 -4.6789e-01 +5.0823e+00 +3.9558e+00 +4.4260e+00 +6.4502e-01 -2.0458e+00 -1.0193e+00 +6.5054e-01
291 0 +8.759203923e+01 +8.388203923e+01 +8.388203923e+01 +2.0955e+00 +9.0640e-02 -8.4596e-01 +4.7639e+00 +3.1037e+00 +3.1961e+00 +6.3521e-01 -1.3056e+00 -2.2179e+00 +7.7174e-01
299 0 +7.836697564e+01 +7.465697564e+01 +7.465697564e+01 +1.0837e+00 +7.6571e-02 -1.2762e+00 +4.5184e+00 +2.7895e+00 +3.5878e+00 +5.5465e-01 -1.1030e+00 -1.9579e+00 +1.3697e+00
408 0 +6.472624214e+01 +6.101624214e+01 +6.101624214e+01 +1.1947e+00 -5.0637e-01 -1.2295e+00 +4.7653e+00 +2.5918e+00 +2.9847e+00 +1.1074e+00 -1.9086e+00 -1.9635e+00 +1.3792e+00
482 0 +6.449398803e+01 +6.078398803e+01 +6.078398803e+01 +1.3872e+00 -5.8988e-01 -1.3353e+00 +4.6454e+00 +2.6710e+00 +2.9720e+00 +1.1269e+00 -1.9897e+00 -1.9222e+00 +9.5638e-01
489 0 +5.967862164e+01 +5.596862164e+01 +5.596862164e+01 +1.3731e+00 -6.0364e-01 -1.3012e+00 +4.6439e+00 +2.5875e+00 +3.0356e+00 +1.1115e+00 -1.9410e+00 -2.0180e+00 +1.0705e+00
509 0 +5.400198307e+01 +5.029198307e+01 +5.029198307e+01 +1.3685e+00 -5.8310e-01 -1.2950e+00 +4.6166e+00 +2.6393e+00 +3.0280e+00 +1.1160e+00 -1.9985e+00 -1.9816e+00 +1.0371e+00
525 0 +5.348685005e+01 +4.977685005e+01 +4.977685005e+01 +1.4214e+00 -5.7079e-01 -1.2636e+00 +4.6664e+00 +2.6322e+00 +3.1014e+00 +1.1094e+00 -2.0170e+00 -1.9337e+00 +1.0728e+00
531 0 +5.230956672e+01 +4.859956672e+01 +4.859956672e+01 +1.4169e+00 -5.4977e-01 -1.3115e+00 +4.7328e+00 +2.5942e+00 +3.0807e+00 +1.1071e+00 -1.9401e+00 -1.9552e+00 +1.0653e+00
544 0 +4.736282270e+01 +4.365282270e+01 +4.365282270e+01 +1.3995e+00 -4.9372e-01 -1.3471e+00 +4.7129e+00 +2.6171e+00 +3.0613e+00 +1.1270e+00 -1.9551e+00 -1.9644e+00 +1.0688e+00
550 0 +4.580681693e+01 +4.209681693e+01 +4.209681693e+01 +1.3957e+00 -4.6912e-01 -1.3399e+00 +4.6627e+00 +2.6117e+00 +3.1260e+00 +1.1043e+00 -1.9385e+00 -1.8924e+00 +1.0398e+00
553 0 +4.287209620e+01 +3.916209620e+01 +3.916209620e+01 +1.3868e+00 -4.4739e-01 -1.3053e+00 +4.6549e+00 +2.6174e+00 +3.1061e+00 +1.1320e+00 -1.9786e+00 -1.9167e+00 +1.0551e+00
575 0 +4.263902563e+01 +3.892902563e+01 +3.892902563e+01 +1.3943e+00 -4.6825e-01 -1.3370e+00 +4.6878e+00 +2.6036e+00 +3.1836e+00 +1.1265e+00 -1.9770e+00 -1.9396e+00 +1.0406e+00
589 0 +4.055170839e+01 +3.684170839e+01 +3.684170839e+01 +1.3472e+00 -4.6471e-01 -1.3673e+00 +4.6703e+00 +2.5743e+00 +3.0747e+00 +1.1130e+00 -2.0144e+00 -1.9087e+00 +1.0757e+00
617 0 +3.757179095e+01 +3.386179095e+01 +3.386179095e+01 +1.3292e+00 -4.5605e-01 -1.3621e+00 +4.6665e+00 +2.5693e+00 +3.0840e+00 +1.1175e+00 -1.9951e+00 -1.9223e+00 +1.0343e+00
651 0 +3.687132280e+01 +3.316132280e+01 +3.316132280e+01 +1.3146e+00 -4.4753e-01 -1.3597e+00 +4.6652e+00 +2.5625e+00 +3.1120e+00 +1.1278e+00 -1.9886e+00 -1.9337e+00 +1.0392e+00
682 0 +3.611444673e+01 +3.240444673e+01 +3.240444673e+01 +1.2873e+00 -4.4398e-01 -1.3697e+00 +4.6633e+00 +2.5616e+00 +3.0968e+00 +1.1243e+00 -1.9909e+00 -1.9163e+00 +1.0455e+00
726 0 +3.532938748e+01 +3.161938748e+01 +3.161938748e+01 +1.2783e+00 -4.4756e-01 -1.3757e+00 +4.6609e+00 +2.5464e+00 +3.1155e+00 +1.1269e+00 -1.9819e+00 -1.9135e+00 +1.0313e+00
763 0 +3.462376366e+01 +3.091376366e+01 +3.091376366e+01 +1.2685e+00 -4.5814e-01 -1.3604e+00 +4.6624e+00 +2.5416e+00 +3.1121e+00 +1.1205e+00 -1.9960e+00 -1.9129e+00 +1.0366e+00
859 0 +3.386526388e+01 +3.015526388e+01 +3.015526388e+01 +1.2403e+00 -4.5518e-01 -1.3694e+00 +4.6621e+00 +2.5212e+00 +3.1285e+00 +1.1198e+00 -1.9952e+00 -1.9130e+00 +1.0406e+00
1000 0 +3.319468452e+01 +2.948468452e+01 +2.948468452e+01 +1.2000e+00 -4.6599e-01 -1.3603e+00 +4.6525e+00 +2.4955e+00 +3.1293e+00 +1.1229e+00 -1.9934e+00 -1.9158e+00 +1.0378e+00
% f evaluations | g evaluations | best noise-free fitness - Fopt (1.321800000000e+02) + sum g_i+ | measured fitness | best measured fitness or single-digit g-values | x1 | x2...
1 0 +2.123557054e+02 +3.445357054e+02 +3.445357054e+02 +1.4447e-01 +2.4372e-02 -2.9945e-01 -5.9578e-01 -2.3118e-01 +3.6827e-01 +2.0392e-01 -7.9991e-02 -3.9807e-02 +1.4416e-01
11 0 +2.109790102e+02 +3.431590102e+02 +3.431590102e+02 +2.0488e-02 -1.7877e-01 -1.7694e-01 -8.1668e-01 -1.4551e-01 -3.3429e-01 +2.8846e-01 -1.4784e-01 +1.4797e-01 +1.7432e-02
16 0 +2.066291114e+02 +3.388091114e+02 +3.388091114e+02 +5.1761e-01 -5.7759e-02 -2.2695e-01 -4.6500e-01 -3.5080e-01 -3.5611e-01 +1.0165e-01 -3.2431e-01 +4.6559e-01 -1.4727e-01
17 0 +1.990886825e+02 +3.312686825e+02 +3.312686825e+02 -1.3063e-01 -1.7930e-01 -1.5726e-01 -1.9737e-03 -3.0025e-01 -1.1942e-01 -2.7930e-02 -3.1530e-01 +1.7819e-01 -4.6450e-01
22 0 +1.861942982e+02 +3.183742982e+02 +3.183742982e+02 -2.8167e-02 -2.3134e-01 -8.8912e-02 +1.6661e-01 -3.6026e-01 -1.8865e-01 -2.8655e-01 -3.7105e-01 +6.0151e-01 -2.5144e-01
37 0 +1.703431719e+02 +3.025231719e+02 +3.025231719e+02 +1.9152e-01 +4.0346e-01 +4.0937e-02 -3.2389e-01 -7.2373e-01 -2.3825e-02 -4.1032e-01 -2.0296e-01 +5.1396e-01 -9.9423e-01
53 0 +1.602703699e+02 +2.924503699e+02 +2.924503699e+02 +1.3877e-01 +2.7947e-01 -5.4548e-01 -7.6885e-01 -7.4602e-01 -2.9007e-01 -5.3093e-01 +4.2464e-01 +4.9387e-01 -5.3840e-01
60 0 +1.433852215e+02 +2.755652215e+02 +2.755652215e+02 +9.9120e-02 +1.6149e-01 +2.8256e-01 -8.9472e-02 -3.8438e-01 -3.1517e-02 -5.3314e-01 +1.0762e-01 +2.4035e-01 -5.0890e-01
98 0 +1.101032018e+02 +2.422832018e+02 +2.422832018e+02 -5.8639e-01 -2.7464e-01 +1.6101e-01 -4.5266e-01 -5.7514e-01 -3.9871e-01 -1.0107e+00 +6.1094e-02 +5.4157e-01 +9.5393e-02
144 0 +1.065766006e+02 +2.387566006e+02 +2.387566006e+02 -6.6660e-01 -1.5060e-01 +1.2880e-01 -1.1997e+00 -6.9003e-01 -3.2536e-01 -1.2579e+00 +7.8648e-02 +8.7386e-01 -9.3569e-02
159 0 +9.637016757e+01 +2.285501676e+02 +2.285501676e+02 -1.0321e+00 -1.7387e-01 +1.0154e+00 -1.2949e+00 -1.1530e+00 -8.6945e-02 -1.3210e+00 -2.2140e-01 +1.4246e+00 -2.5953e-01
201 0 +9.517700662e+01 +2.273570066e+02 +2.273570066e+02 -7.7295e-01 -7.9128e-02 +3.9486e-01 -8.3640e-01 -8.3654e-01 -6.8496e-01 -1.0462e+00 -3.6476e-01 +9.3479e-01 +1.0266e-01
322 0 +8.411319541e+01 +2.162931954e+02 +2.162931954e+02 -8.0140e-01 -1.9576e-01 +3.0907e-01 -5.9048e-01 -6.6523e-01 -5.6527e-01 -1.3746e+00 -2.5484e-01 +1.1932e+00 +3.8637e-01
327 0 +7.817997419e+01 +2.103599742e+02 +2.103599742e+02 -7.8002e-01 -1.5045e-01 +3.7584e-01 -4.2527e-01 -7.1685e-01 -6.5708e-01 -1.2787e+00 -3.2022e-01 +9.3080e-01 +4.4566e-01
388 0 +7.414025617e+01 +2.063202562e+02 +2.063202562e+02 -7.5684e-01 -1.3900e-01 +2.9909e-01 -6.2027e-01 -7.2343e-01 -6.4740e-01 -1.2817e+00 -2.8473e-01 +9.9831e-01 +4.0164e-01
389 0 +6.241247836e+01 +1.945924784e+02 +1.945924784e+02 -8.1262e-01 -1.1406e-01 +3.0761e-01 -5.6193e-01 -6.6418e-01 -5.0784e-01 -1.3016e+00 -3.0963e-01 +1.0063e+00 +4.3787e-01
400 0 +6.030121683e+01 +1.924812168e+02 +1.924812168e+02 -8.0369e-01 -1.3668e-01 +3.2233e-01 -5.9736e-01 -6.9100e-01 -5.4240e-01 -1.2727e+00 -3.0996e-01 +9.6837e-01 +3.9290e-01
404 0 +5.692400395e+01 +1.891040040e+02 +1.891040040e+02 -7.8071e-01 -1.2934e-01 +2.6090e-01 -5.4164e-01 -6.8648e-01 -5.4480e-01 -1.3176e+00 -3.0359e-01 +9.6340e-01 +3.9133e-01
442 0 +5.513043427e+01 +1.873104343e+02 +1.873104343e+02 -7.0831e-01 -1.9737e-01 +3.3108e-01 -5.8354e-01 -6.5793e-01 -5.1090e-01 -1.3086e+00 -3.1649e-01 +9.1027e-01 +4.0200e-01
454 0 +5.369823801e+01 +1.858782380e+02 +1.858782380e+02 -7.0936e-01 -1.3543e-01 +2.9997e-01 -6.0140e-01 -6.8589e-01 -5.0759e-01 -1.2945e+00 -2.7978e-01 +9.3667e-01 +4.1180e-01
525 0 +5.135290264e+01 +1.835329026e+02 +1.835329026e+02 -7.2526e-01 -1.4069e-01 +3.1176e-01 -6.2609e-01 -6.9890e-01 -5.2496e-01 -1.3092e+00 -2.8727e-01 +9.4006e-01 +4.1489e-01
544 0 +5.097837578e+01 +1.831583758e+02 +1.831583758e+02 -7.1499e-01 -1.2453e-01 +2.9347e-01 -6.4295e-01 -6.8948e-01 -5.2829e-01 -1.3150e+00 -2.9829e-01 +9.2750e-01 +4.0545e-01
609 0 +5.004477583e+01 +1.822247758e+02 +1.822247758e+02 -7.1856e-01 -1.2884e-01 +3.1494e-01 -6.6854e-01 -6.8220e-01 -5.2392e-01 -1.3096e+00 -2.9457e-01 +9.3350e-01 +4.0633e-01
703 0 +4.887390731e+01 +1.810539073e+02 +1.810539073e+02 -7.2063e-01 -1.2692e-01 +3.1438e-01 -7.1028e-01 -6.9195e-01 -5.2472e-01 -1.3134e+00 -3.0490e-01 +9.2732e-01 +4.0963e-01
925 0 +4.786209895e+01 +1.800420990e+02 +1.800420990e+02 -7.2683e-01 -1.2676e-01 +3.1997e-01 -7.6064e-01 -6.8921e-01 -5.2766e-01 -1.3106e+00 -2.9568e-01 +9.2853e-01 +4.0784e-01
1000 0 +4.784361704e+01 +1.800236170e+02 +1.800236170e+02 -7.2691e-01 -1.2889e-01 +3.2055e-01 -7.5905e-01 -6.8930e-01 -5.2741e-01 -1.3106e+00 -2.9549e-01 +9.2848e-01 +4.0829e-01
% f evaluations | g evaluations | best noise-free fitness - Fopt (-3.930000000000e+01) + sum g_i+ | measured fitness | best measured fitness or single-digit g-values | x1 | x2...
1 0 +6.070647879e+02 +5.677647879e+02 +5.677647879e+02 +3.3362e-01 +7.2730e-02 -2.5503e-01 -4.3999e-01 +3.1826e-02 -1.4909e-01 -2.9500e-01 -2.9295e-01 +3.2430e-01 +1.1866e-03
2 0 +4.762475570e+02 +4.369475570e+02 +4.369475570e+02 +3.1537e-01 -2.7265e-02 -2.7657e-01 +1.1279e-01 +4.4074e-01 -1.6437e-01 +6.0793e-02 -5.1006e-01 +3.3662e-01 -6.0418e-01
11 0 +4.331631521e+02 +3.938631521e+02 +3.938631521e+02 +1.8574e-02 +3.2025e-02 -9.2887e-01 +5.9245e-01 -4.5975e-02 -3.4967e-01 +4.8127e-02 +4.8384e-01 +3.0632e-01 -5.1832e-01
15 0 +4.018518715e+02 +3.625518715e+02 +3.625518715e+02 -1.9604e-01 +2.0130e-01 -4.9680e-01 +3.2174e-01 +2.7972e-01 -5.8078e-01 -1.1566e-01 +5.8765e-01 +1.8717e-01 -7.1000e-01
23 0 +3.765206677e+02 +3.372206677e+02 +3.372206677e+02 -5.5621e-01 -7.4582e-02 -3.4209e-01 +7.2408e-01 +5.2118e-02 -6.7720e-01 -5.2649e-01 +3.5427e-01 -2.4228e-01 -1.2373e+00
31 0 +2.573072830e+02 +2.180072830e+02 +2.180072830e+02 -5.7003e-01 -3.9401e-01 -3.3022e-01 +4.4177e-01 +2.1497e-01 -7.3925e-01 -3.5694e-01 +1.2188e+00 +5.4674e-01 -1.4599e+00
56 0 +2.564569285e+02 +2.171569285e+02 +2.171569285e+02 +1.6478e-01 +1.9861e-01 +6.1939e-01 +5.6971e-01 -2.3859e-01 -8.0996e-01 -5.0885e-01 +2.2111e+00 +8.4650e-01 -1.5878e+00
64 0 +2.160374248e+02 +1.767374248e+02 +1.767374248e+02 -6.2077e-01 +6.6652e-02 -7.3215e-01 +1.4662e+00 -4.7292e-01 -1.1702e+00 -7.7929e-01 +2.4886e+00 +9.7759e-01 -3.4144e+00
72 0 +2.037086565e+02 +1.644086565e+02 +1.644086565e+02 +6.8171e-01 -3.0494e-01 +5.8619e-01 +7.3941e-01 -6.7726e-03 -3.4110e-01 +4.9157e-01 +2.1009e+00 +1.2636e+00 -3.9856e+00
74 0 +1.965741153e+02 +1.572741153e+02 +1.572741153e+02 -6.0381e-01 -7.0854e-01 +3.2482e-01 +1.5417e+00 -1.2854e-01 -1.7067e+00 -6.3277e-01 +2.6965e+00 +1.4913e+00 -3.6708e+00
83 0 +1.787115465e+02 +1.394115465e+02 +1.394115465e+02 -1.0575e-01 +1.1992e+00 -2.5780e-01 +1.4824e-01 -1.1423e-01 -6.2046e-01 +1.9367e+00 +1.1383e+00 +1.0148e+00 -2.5853e+00
93 0 +1.550076958e+02 +1.157076958e+02 +1.157076958e+02 +3.7325e-01 +2.2132e+00 +1.8818e+00 +1.3491e+00 +2.5700e-01 -1.2965e+00 +2.2006e+00 +8.9634e-01 +8.9912e-01 -2.3941e+00
98 0 +1.416622939e+02 +1.023622939e+02 +1.023622939e+02 +1.0850e+00 +9.7197e-01 +9.6069e-01 +3.1259e+00 -3.8653e-01 -2.1580e+00 +3.1087e+00 +2.9831e+00 +1.7691e+00 -3.7918e+00
111 0 +1.023555205e+02 +6.305552055e+01 +6.305552055e+01 -6.7039e-01 +1.1690e+00 -8.4908e-01 +2.9621e+00 +1.1693e+00 -1.9883e+00 +4.7867e+00 +2.2475e+00 +1.7522e+00 -4.0719e+00
205 0 +1.005116831e+02 +6.121168308e+01 +6.121168308e+01 -3.4796e+00 -3.9740e+00 +7.7051e-01 +3.2673e+00 +2.5921e-01 -2.5798e+00 +5.1907e+00 +2.4732e+00 +1.1630e+00 -3.7689e+00
228 0 +8.857216299e+01 +4.927216299e+01 +4.927216299e+01 -2.3598e+00 -2.9174e+00 -1.0849e-01 +2.8597e+00 -1.3106e-01 -2.4227e+00 +4.5862e+00 +9.0088e-01 +1.9297e+00 -3.9540e+00
263 0 +8.292711405e+01 +4.362711405e+01 +4.362711405e+01 -1.5113e+00 -2.6405e+00 +1.3841e+00 +3.2977e+00 +3.5904e-01 -1.6566e+00 +2.9447e+00 +6.5346e-01 +1.4401e+00 -3.0842e+00
389 0 +7.721195499e+01 +3.791195499e+01 +3.791195499e+01 -1.5132e+00 -1.8571e+00 +1.7156e+00 +2.5448e+00 -9.1125e-01 -3.0290e+00 +3.5624e+00 +2.0503e+00 +1.8885e+00 -3.2783e+00
405 0 +7.346048232e+01 +3.416048232e+01 +3.416048232e+01 -1.4907e+00 -1.9424e+00 +1.9984e+00 +2.5203e+00 -5.1619e-01 -2.9118e+00 +4.0344e+00 +2.0520e+00 +2.1882e+00 -2.9715e+00
423 0 +7.109988099e+01 +3.179988099e+01 +3.179988099e+01 -1.1444e+00 -1.4930e+00 +1.5467e+00 +2.6245e+00 -6.2326e-01 -3.0582e+00 +3.7065e+00 +2.4972e+00 +2.2396e+00 -3.1156e+00
470 0 +6.940471333e+01 +3.010471333e+01 +3.010471333e+01 -1.4683e+00 -1.2996e+00 +1.6601e+00 +2.6058e+00 -8.0075e-01 -3.2973e+00 +3.5472e+00 +2.5893e+00 +2.5833e+00 -3.3103e+00
472 0 +6.484978917e+01 +2.554978917e+01 +2.554978917e+01 -1.2003e+00 -1.6989e+00 +1.5254e+00 +2.6617e+00 -6.9934e-01 -3.0159e+00 +3.6101e+00 +2.0245e+00 +2.2610e+00 -2.7214e+00
490 0 +6.252583619e+01 +2.322583619e+01 +2.322583619e+01 -1.4665e+00 -1.5351e+00 +1.5541e+00 +2.6810e+00 -6.8254e-01 -3.0006e+00 +3.6831e+00 +2.4013e+00 +2.6685e+00 -2.9913e+00
496 0 +5.594737332e+01 +1.664737332e+01 +1.664737332e+01 -1.3219e+00 -1.1961e+00 +1.4145e+00 +2.7485e+00 -7.0257e-01 -2.9706e+00 +3.5764e+00 +2.1408e+00 +2.8370e+00 -2.7947e+00
515 0 +4.419978645e+01 +4.899786449e+00 +4.899786449e+00 -1.6564e+00 -1.2933e+00 +1.4662e+00 +2.7655e+00 -7.5385e-01 -2.9610e+00 +3.5600e+00 +2.1264e+00 +2.4913e+00 -2.7880e+00
581 0 +3.421589832e+01 -5.084101682e+00 -5.084101682e+00 -1.5655e+00 -1.2484e+00 +1.5143e+00 +2.6490e+00 -6.9281e-01 -2.9801e+00 +3.6339e+00 +2.2011e+00 +2.6105e+00 -2.9994e+00
603 0 +3.373572957e+01 -5.564270431e+00 -5.564270431e+00 -1.6893e+00 -1.3263e+00 +1.4831e+00 +2.5957e+00 -7.0557e-01 -3.0888e+00 +3.5472e+00 +2.1200e+00 +2.6409e+00 -2.9912e+00
622 0 +2.525135904e+01 -1.404864096e+01 -1.404864096e+01 -1.5606e+00 -1.3120e+00 +1.5360e+00 +2.6441e+00 -6.8665e-01 -3.0423e+00 +3.5857e+00 +2.0754e+00 +2.5403e+00 -2.9745e+00
631 0 +2.463029052e+01 -1.466970948e+01 -1.466970948e+01 -1.6092e+00 -1.2165e+00 +1.4983e+00 +2.5661e+00 -7.1620e-01 -3.0362e+00 +3.5954e+00 +2.0670e+00 +2.6063e+00 -3.0067e+00
636 0 +2.437273445e+01 -1.492726555e+01 -1.492726555e+01 -1.5864e+00 -1.2494e+00 +1.5400e+00 +2.6334e+00 -7.0498e-01 -3.0529e+00 +3.5610e+00 +2.1408e+00 +2.6322e+00 -3.0064e+00
639 0 +2.386153011e+01 -1.543846989e+01 -1.543846989e+01 -1.5341e+00 -1.3184e+00 +1.4917e+00 +2.6152e+00 -6.6522e-01 -3.1084e+00 +3.5759e+00 +2.0818e+00 +2.5717e+00 -3.0575e+00
641 0 +2.253618062e+01 -1.676381938e+01 -1.676381938e+01 -1.5263e+00 -1.2756e+00 +1.5517e+00 +2.6144e+00 -6.8849e-01 -3.0556e+00 +3.5722e+00 +2.1082e+00 +2.6178e+00 -2.9807e+00
653 0 +2.223828896e+01 -1.706171104e+01 -1.706171104e+01 -1.5726e+00 -1.2367e+00 +1.5551e+00 +2.6082e+00 -7.0252e-01 -3.0727e+00 +3.5836e+00 +2.0980e+00 +2.6473e+00 -2.9925e+00
668 0 +2.019232310e+01 -1.910767690e+01 -1.910767690e+01 -1.5624e+00 -1.2486e+00 +1.5224e+00 +2.6596e+00 -6.8229e-01 -3.0678e+00 +3.5824e+00 +2.0667e+00 +2.6200e+00 -3.0030e+00
687 0 +1.974303205e+01 -1.955696795e+01 -1.955696795e+01 -1.5268e+00 -1.2468e+00 +1.5277e+00 +2.6034e+00 -6.6478e-01 -3.0605e+00 +3.6070e+00 +2.0801e+00 +2.6255e+00 -3.0444e+00
691 0 +1.930129664e+01 -1.999870336e+01 -1.999870336e+01 -1.5187e+00 -1.2343e+00 +1.5142e+00 +2.6263e+00 -6.5682e-01 -3.0382e+00 +3.5897e+00 +2.0695e+00 +2.6012e+00 -3.0214e+00
714 0 +1.869439135e+01 -2.060560865e+01 -2.060560865e+01 -1.5349e+00 -1.2493e+00 +1.5042e+00 +2.6344e+00 -6.4941e-01 -3.0606e+00 +3.5837e+00 +2.0784e+00 +2.6205e+00 -3.0299e+00
716 0 +1.853007750e+01 -2.076992250e+01 -2.076992250e+01 -1.5248e+00 -1.2403e+00 +1.4969e+00 +2.6305e+00 -6.5262e-01 -3.0369e+00 +3.5772e+00 +2.0715e+00 +2.6173e+00 -3.0325e+00
762 0 +1.813278578e+01 -2.116721422e+01 -2.116721422e+01 -1.5365e+00 -1.2345e+00 +1.5046e+00 +2.6263e+00 -6.6381e-01 -3.0381e+00 +3.5701e+00 +2.0901e+00 +2.6289e+00 -3.0334e+00
1000 0 +1.791303291e+01 -2.138696709e+01 -2.138696709e+01 -1.5362e+00 -1.2290e+00 +1.5037e+00 +2.6295e+00 -6.7433e-01 -3.0319e+00 +3.5775e+00 +2.0813e+00 +2.6324e+00 -3.0286e+00
% f evaluations | g evaluations | best noise-free fitness - Fopt (4.296000000000e+01) + sum g_i+ | measured fitness | best measured fitness or single-digit g-values | x1 | x2...
1 0 +1.767814236e+02 +2.197414236e+02 +2.197414236e+02 -1.0678e-01 -2.9080e-03 +6.9313e-01 +1.9308e-01 -2.9939e-01 -2.5922e-01 +1.8891e-01 +1.4851e-01 +4.0493e-01 +1.7708e-01
9 0 +1.734543049e+02 +2.164143049e+02 +2.164143049e+02 +1.9927e-01 +1.6638e-01 +5.1795e-02 +5.0422e-02 +3.3891e-01 -2.5286e-01 -1.3122e-01 +1.1822e-01 +1.6574e-01 -1.5292e-01
10 0 +1.533647429e+02 +1.963247429e+02 +1.963247429e+02 +1.4892e-01 +1.5809e-02 -1.3611e-01 +3.5986e-01 -2.5062e-01 -1.8449e-01 -1.9221e-01 +7.0758e-02 +1.3884e-01 +6.1712e-01
51 0 +1.357596959e+02 +1.787196959e+02 +1.787196959e+02 +6.1611e-01 +3.4997e-01 +2.9961e-02 +1.7281e-01 -8.1894e-01 -5.0171e-01 -2.6896e-01 -4.7992e-01 +1.2256e-01 +8.3739e-01
207 0 +1.339661651e+02 +1.769261651e+02 +1.769261651e+02 +5.3200e-01 -5.1149e-02 -1.7643e-01 -2.2135e-01 -3.3581e-01 -8.8423e-01 -2.4980e-01 -6.9525e-01 +2.6091e-01 +1.4056e+00
217 0 +1.291310890e+02 +1.720910890e+02 +1.720910890e+02 +6.8783e-01 -3.8938e-02 -8.3005e-02 -1.8171e-01 -2.5711e-01 -8.0405e-01 -1.1853e-01 -8.4380e-01 +4.4579e-01 +1.2526e+00
227 0 +1.223874001e+02 +1.653474001e+02 +1.653474001e+02 +4.5866e-01 -1.0480e-02 -1.3330e-01 -3.0056e-02 -2.8517e-01 -8.6396e-01 -5.5195e-02 -7.0991e-01 +4.9540e-01 +9.6430e-01
251 0 +1.121095806e+02 +1.550695806e+02 +1.550695806e+02 +5.1285e-01 +1.7320e-01 -9.1926e-02 +5.4301e-02 -2.5503e-01 -8.4253e-01 -2.4785e-01 -6.7153e-01 +1.2610e-01 +1.1231e+00
281 0 +9.561648751e+01 +1.385764875e+02 +1.385764875e+02 +6.2317e-01 +3.2670e-02 +1.9052e-02 -1.6019e-01 -2.6766e-01 -8.5595e-01 -3.9512e-01 -6.8123e-01 +1.6191e-01 +9.7562e-01
317 0 +9.262712612e+01 +1.355871261e+02 +1.355871261e+02 +5.4757e-01 -2.3028e-02 +9.1467e-02 -2.4406e-01 -2.6374e-01 -8.2164e-01 -3.8386e-01 -7.1877e-01 +1.1046e-01 +1.0072e+00
322 0 +8.619462143e+01 +1.291546214e+02 +1.291546214e+02 +5.5455e-01 -3.1397e-02 -3.4733e-02 -2.1133e-01 -2.0644e-01 -8.2511e-01 -3.7790e-01 -7.0605e-01 +1.2175e-01 +9.3957e-01
337 0 +8.346767116e+01 +1.264276712e+02 +1.264276712e+02 +5.1381e-01 -2.9188e-02 -1.6692e-02 -2.3035e-01 -2.5632e-01 -8.2330e-01 -3.3426e-01 -7.2154e-01 +1.6606e-01 +9.7710e-01
359 0 +8.144512203e+01 +1.244051220e+02 +1.244051220e+02 +5.6340e-01 +2.6302e-03 +4.4717e-02 -2.6933e-01 -2.0097e-01 -8.1623e-01 -3.1814e-01 -6.7745e-01 +1.4335e-01 +9.5140e-01
402 0 +7.890518140e+01 +1.218651814e+02 +1.218651814e+02 +5.2856e-01 +2.5163e-02 +4.0516e-02 -2.7651e-01 -2.2991e-01 -8.2206e-01 -3.3909e-01 -6.8669e-01 +1.3832e-01 +9.5154e-01
434 0 +7.749530879e+01 +1.204553088e+02 +1.204553088e+02 +5.1611e-01 +3.8244e-02 +6.3673e-02 -2.2406e-01 -2.4486e-01 -8.1862e-01 -3.4253e-01 -6.9258e-01 +1.2360e-01 +9.4236e-01
445 0 +7.579925357e+01 +1.187592536e+02 +1.187592536e+02 +5.2817e-01 +4.8581e-02 +3.3159e-02 -2.3332e-01 -2.5089e-01 -8.2674e-01 -3.2291e-01 -6.9154e-01 +1.4502e-01 +9.2703e-01
1000 0 +7.463275949e+01 +1.175927595e+02 +1.175927595e+02 +5.1623e-01 +9.9595e-02 +7.3002e-02 -2.3372e-01 -2.4242e-01 -8.2070e-01 -3.1012e-01 -6.9355e-01 +1.5258e-01 +9.2006e-01
% f evaluations | g evaluations | best noise-free fitness - Fopt (2.842200000000e+02) + sum g_i+ | measured fitness | best measured fitness or single-digit g-values | x1 | x2...
1 0 +3.785464091e+02 +6.627664091e+02 +6.627664091e+02 +2.5619e-02 -7.0171e-02 -8.9273e-02 -1.5056e-01 -1.0012e-01 +3.2005e-01 -1.9952e-02 +9.0449e-02 -7.8690e-01 -8.7655e-01
5 0 +3.602400070e+02 +6.444600070e+02 +6.444600070e+02 +2.9940e-01 -3.0647e-01 -5.8966e-01 -8.9925e-02 -7.3171e-02 -5.0282e-01 +1.5136e-01 +1.8277e-01 +6.5120e-01 -3.5995e-01
12 0 +2.669213427e+02 +5.511413427e+02 +5.511413427e+02 -1.8047e-01 -1.5519e-01 -1.0195e+00 -2.3613e-01 +6.6164e-02 -4.6756e-01 -5.2941e-02 -3.9265e-02 +3.7288e-01 -9.4773e-01
30 0 +2.619403176e+02 +5.461603176e+02 +5.461603176e+02 +1.8575e-02 +5.6175e-01 -3.0149e-02 -4.6942e-01 +1.7168e-02 -6.0957e-01 -1.6889e-01 +3.9827e-01 +2.5587e-01 -1.1330e+00
33 0 +2.545086651e+02 +5.387286651e+02 +5.387286651e+02 +1.7878e-01 +4.2186e-01 -2.8395e-01 +1.4388e-01 -3.8550e-01 -1.1779e+00 +3.4430e-01 +3.6560e-01 +3.5049e-01 -1.1055e+00
36 0 +2.495129378e+02 +5.337329378e+02 +5.337329378e+02 +3.3627e-01 +5.8335e-01 -6.1630e-01 -3.7217e-01 -8.3119e-01 -4.4010e-01 +5.4556e-01 +5.6231e-01 +7.1777e-01 -1.3080e+00
41 0 +1.965136708e+02 +4.807336708e+02 +4.807336708e+02 +5.6616e-01 +7.9952e-01 +1.1656e-01 -2.8524e-02 -1.1414e+00 -9.9825e-01 +4.9546e-01 +9.4784e-01 +6.7731e-01 -1.3128e+00
56 0 +1.641835997e+02 +4.484035997e+02 +4.484035997e+02 +8.7875e-01 +9.9857e-01 -7.8148e-01 +1.7646e-01 -7.6769e-01 -2.2810e+00 +6.4104e-01 +9.4650e-01 +6.6878e-01 -2.3046e+00
66 0 +1.301004315e+02 +4.143204315e+02 +4.143204315e+02 -1.1296e-01 +7.1781e-01 -5.9878e-01 +2.8277e-01 -1.1490e+00 -2.1648e+00 +1.0447e+00 +4.8344e-01 +9.6086e-01 -2.7184e+00
79 0 +1.166812054e+02 +4.009012054e+02 +4.009012054e+02 -3.1099e-02 +6.9945e-01 -8.5508e-01 +4.2030e-01 -1.1244e+00 -3.0068e+00 +1.0727e+00 +1.3855e+00 +3.5815e-01 -2.4513e+00
167 0 +8.367351786e+01 +3.678935179e+02 +3.678935179e+02 -1.1185e-01 +6.8134e-01 -1.7548e+00 +2.7416e+00 -6.1062e-01 -3.0357e+00 +2.8964e+00 +2.2959e+00 -1.7241e-01 -2.4019e+00
302 0 +7.482178626e+01 +3.590417863e+02 +3.590417863e+02 +8.8551e-01 -9.6652e-03 -1.9983e+00 +1.7458e+00 +1.2640e-02 -4.4657e+00 +2.9933e+00 +9.1664e-01 +1.0681e+00 -3.1709e+00
338 0 +6.552747873e+01 +3.497474787e+02 +3.497474787e+02 +7.3868e-01 -7.4487e-02 -1.9183e+00 +1.4922e+00 -4.1083e-02 -4.8638e+00 +2.8534e+00 +4.9950e-01 +9.9213e-01 -3.1544e+00
434 0 +6.316492132e+01 +3.473849213e+02 +3.473849213e+02 +7.6074e-01 -5.6396e-02 -2.0110e+00 +1.5762e+00 +1.4068e-01 -4.9206e+00 +2.8598e+00 +9.3235e-01 +1.4559e+00 -3.5430e+00
437 0 +5.277660888e+01 +3.369966089e+02 +3.369966089e+02 +8.5914e-01 -1.8887e-01 -1.9209e+00 +1.4988e+00 +1.3482e-02 -5.0219e+00 +2.9208e+00 +9.5234e-01 +1.4314e+00 -3.5502e+00
450 0 +5.098458448e+01 +3.352045845e+02 +3.352045845e+02 +9.2356e-01 -2.3134e-01 -1.9695e+00 +1.6086e+00 +1.5309e-01 -4.9222e+00 +2.9633e+00 +9.7496e-01 +1.4526e+00 -3.5879e+00
453 0 +4.985610950e+01 +3.340761095e+02 +3.340761095e+02 +9.3106e-01 -2.7732e-01 -1.9474e+00 +1.5451e+00 +1.9825e-01 -4.9690e+00 +2.9780e+00 +9.0077e-01 +1.4025e+00 -3.5262e+00
486 0 +4.455953020e+01 +3.287795302e+02 +3.287795302e+02 +8.8245e-01 -1.8447e-01 -1.8852e+00 +1.4370e+00 +1.0072e-01 -4.9225e+00 +2.9079e+00 +9.1752e-01 +1.3624e+00 -3.5653e+00
508 0 +4.182642060e+01 +3.260464206e+02 +3.260464206e+02 +9.0430e-01 -2.0698e-01 -1.8818e+00 +1.4963e+00 +1.7869e-01 -4.9273e+00 +2.9281e+00 +9.0866e-01 +1.4556e+00 -3.5624e+00
523 0 +4.151523642e+01 +3.257352364e+02 +3.257352364e+02 +9.1939e-01 -2.3661e-01 -1.8931e+00 +1.5024e+00 +1.4604e-01 -4.9340e+00 +2.9363e+00 +9.0606e-01 +1.4484e+00 -3.5728e+00
544 0 +4.059209290e+01 +3.248120929e+02 +3.248120929e+02 +8.7491e-01 -2.3648e-01 -1.8916e+00 +1.4805e+00 +1.3895e-01 -4.9423e+00 +2.9270e+00 +9.3643e-01 +1.4151e+00 -3.5417e+00
594 0 +3.972627467e+01 +3.239462747e+02 +3.239462747e+02 +9.1302e-01 -2.3584e-01 -1.8805e+00 +1.4646e+00 +1.8221e-01 -4.9326e+00 +2.9368e+00 +9.3631e-01 +1.4072e+00 -3.5560e+00
701 0 +3.889516431e+01 +3.231151643e+02 +3.231151643e+02 +9.4068e-01 -2.3096e-01 -1.8771e+00 +1.4815e+00 +1.5847e-01 -4.9323e+00 +2.9413e+00 +9.4424e-01 +1.4221e+00 -3.5674e+00
1000 0 +3.880496419e+01 +3.230249642e+02 +3.230249642e+02 +9.4158e-01 -2.1896e-01 -1.8784e+00 +1.4874e+00 +1.6146e-01 -4.9303e+00 +2.9354e+00 +9.4199e-01 +1.4231e+00 -3.5649e+00
% f evaluations | g evaluations | best noise-free fitness - Fopt (-3.217000000000e+01) + sum g_i+ | measured fitness | best measured fitness or single-digit g-values | x1 | x2...
1 0 +4.190076361e+02 +3.868376361e+02 +3.868376361e+02 -6.4202e-01 -1.5397e-01 +7.1846e-02 +2.5972e-01 -1.2010e-01 +3.7223e-02 +2.7683e-01 +3.6792e-02 -1.1338e-01 +1.8853e-01
2 0 +3.894650449e+02 +3.572950449e+02 +3.572950449e+02 +1.6816e-01 -3.5181e-02 +5.2262e-01 +3.9719e-01 +2.9715e-01 -2.0046e-01 +1.1199e-01 +3.4652e-01 -2.1202e-01 -1.6516e-01
5 0 +3.598986586e+02 +3.277286586e+02 +3.277286586e+02 -3.8754e-01 -9.8730e-03 -3.3082e-01 -1.1502e-01 +1.8372e-02 +3.7881e-01 +1.8128e-01 -5.2205e-02 -3.9448e-02 -1.4785e-01
12 0 +3.477783069e+02 +3.156083069e+02 +3.156083069e+02 -1.3095e-01 -8.8850e-02 -1.7709e-01 -1.7956e-01 -1.8391e-01 +1.6724e-01 -2.1732e-02 +3.6042e-01 +5.1694e-01 -3.9551e-02
13 0 +3.240423293e+02 +2.918723293e+02 +2.918723293e+02 +3.3642e-01 -1.0477e-01 +2.7606e-01 -1.4547e-01 +1.5831e-01 +1.2373e-01 -3.2952e-01 -6.6902e-02 +2.8661e-02 -3.4449e-01
20 0 +3.176105409e+02 +2.854405409e+02 +2.854405409e+02 -4.1947e-01 -5.3316e-01 +3.3234e-01 +2.8969e-01 -7.5947e-01 -1.5838e-02 +7.1155e-02 +9.1897e-02 -8.4125e-02 -4.9539e-01
23 0 +2.981896764e+02 +2.660196764e+02 +2.660196764e+02 -4.8862e-01 -7.9183e-01 +1.8848e-01 +2.4936e-01 -3.7202e-01 +4.6455e-01 -4.4239e-02 +3.5048e-01 +3.3595e-02 -6.3032e-01
31 0 +2.815690280e+02 +2.493990280e+02 +2.493990280e+02 -3.7700e-01 -7.4846e-01 -6.7903e-02 +1.0218e-01 -4.1132e-01 +4.6759e-01 +2.0615e-01 +3.6372e-01 +4.9820e-02 -6.2261e-01
37 0 +2.446957559e+02 +2.125257559e+02 +2.125257559e+02 -1.8447e-02 -8.8702e-01 +2.1941e-01 +2.1726e-02 -9.6444e-01 +6.9671e-01 +2.7546e-01 +3.8210e-01 +4.0828e-01 -1.0195e+00
49 0 +2.249643724e+02 +1.927943724e+02 +1.927943724e+02 -4.6289e-01 -2.2441e-01 +3.2756e-01 -2.5877e-03 -7.8395e-01 +4.9437e-01 +7.6668e-02 +6.3446e-01 -1.2688e-02 -8.8963e-01
50 0 +2.024323893e+02 +1.702623893e+02 +1.702623893e+02 -3.3824e-01 -6.4549e-01 -2.6004e-01 -8.8064e-02 -9.3330e-01 +4.7979e-01 +7.2056e-01 +1.8441e-01 +5.5160e-01 -1.2658e+00
53 0 +1.801087867e+02 +1.479387867e+02 +1.479387867e+02 -4.2234e-01 -8.0000e-01 -3.0556e-01 +1.5324e-01 -1.1185e+00 +6.9342e-02 +1.9650e-01 +3.3596e-01 +9.3188e-01 -1.3951e+00
62 0 +1.639261028e+02 +1.317561028e+02 +1.317561028e+02 -5.9436e-01 -1.4474e+00 +3.7765e-02 -5.4828e-02 -1.9858e+00 +9.6766e-01 +6.2446e-01 +9.0041e-01 +1.1938e-01 -1.3458e+00
67 0 +1.515560243e+02 +1.193860243e+02 +1.193860243e+02 -5.8459e-01 -9.1828e-01 -3.9609e-01 -2.2443e-01 -1.1748e+00 +2.7403e-02 +3.0221e-01 +1.0219e+00 +4.3020e-01 -1.3497e+00
71 0 +1.418857257e+02 +1.097157257e+02 +1.097157257e+02 -5.7343e-01 -6.5888e-01 +5.2975e-01 -2.7463e-01 -1.2616e+00 +6.3953e-01 +7.3542e-01 +1.2642e+00 +5.6131e-01 -1.7451e+00
88 0 +1.377757972e+02 +1.056057972e+02 +1.056057972e+02 -1.4694e-01 -7.0623e-01 -4.8834e-01 -8.3490e-01 -1.8686e+00 +1.4331e+00 -4.4496e-01 +8.1486e-01 +7.6917e-01 -2.3360e+00
114 0 +1.245333061e+02 +9.236330611e+01 +9.236330611e+01 -8.0313e-01 -5.8338e-01 +4.6438e-01 -2.8524e-01 -1.7671e+00 +8.2400e-01 -8.8507e-01 +1.0410e+00 +1.8223e+00 -3.0582e+00
123 0 +1.163371086e+02 +8.416710863e+01 +8.416710863e+01 -4.0520e-01 -1.5293e-01 -2.5251e-01 -3.9831e-01 -3.2487e+00 +3.5151e-01 -1.3345e+00 +1.8564e+00 +6.9359e-01 -2.4658e+00
131 0 +1.059185102e+02 +7.374851020e+01 +7.374851020e+01 -4.0165e-01 -9.0164e-01 -1.4381e+00 -1.3569e+00 -4.0224e+00 +1.0849e+00 -3.1016e-01 +2.4483e+00 +9.7115e-01 -3.6394e+00
133 0 +1.026509317e+02 +7.048093170e+01 +7.048093170e+01 -6.2643e-01 +6.3906e-01 -3.7884e-01 -2.8832e-01 -3.3697e+00 +5.5378e-01 -1.5760e+00 +1.5422e+00 +1.5193e+00 -2.7013e+00
140 0 +8.787788003e+01 +5.570788003e+01 +5.570788003e+01 -4.4986e-01 +1.8657e-01 -9.1093e-01 -8.4098e-01 -3.1160e+00 +8.5875e-01 -2.7494e-01 +1.6093e+00 +1.0441e+00 -1.8591e+00
163 0 +8.668169597e+01 +5.451169597e+01 +5.451169597e+01 -7.2454e-01 +2.1084e-01 -6.0142e-01 +4.0306e-01 -4.8322e+00 +1.8349e+00 -1.9587e+00 +2.9741e+00 +1.3667e+00 -2.3677e+00
164 0 +8.010540726e+01 +4.793540726e+01 +4.793540726e+01 -3.9829e-01 -3.9700e-01 -2.8857e-01 -5.8639e-01 -3.0729e+00 +1.1693e+00 -3.8683e-01 +2.4467e+00 +1.7325e+00 -2.4182e+00
180 0 +5.147566333e+01 +1.930566333e+01 +1.930566333e+01 -4.6746e-01 +1.3421e-01 -9.3713e-01 -1.2587e-01 -3.2581e+00 +1.2185e+00 -8.1718e-01 +3.1601e+00 +1.3960e+00 -2.7273e+00
431 0 +3.509000478e+01 +2.920004777e+00 +2.920004777e+00 -5.8021e-01 +1.8301e+00 -9.9738e-01 +1.2185e+00 -3.0065e+00 +4.5381e-01 -1.3220e+00 +2.6024e+00 +1.4106e+00 -3.0440e+00
476 0 +3.112645300e+01 -1.043547001e+00 -1.043547001e+00 -5.5792e-01 +1.7754e+00 -9.8699e-01 +1.1368e+00 -3.0867e+00 +4.7239e-01 -1.2897e+00 +2.5665e+00 +1.3607e+00 -3.0279e+00
487 0 +3.040541773e+01 -1.764582273e+00 -1.764582273e+00 -5.9506e-01 +1.7738e+00 -9.2209e-01 +1.1128e+00 -3.0789e+00 +5.0064e-01 -1.2550e+00 +2.5980e+00 +1.3750e+00 -3.0563e+00
502 0 +2.958914940e+01 -2.580850602e+00 -2.580850602e+00 -5.7866e-01 +1.8524e+00 -9.6758e-01 +1.2863e+00 -3.0719e+00 +5.0172e-01 -1.3027e+00 +2.6248e+00 +1.3607e+00 -3.0381e+00
508 0 +2.780352488e+01 -4.366475122e+00 -4.366475122e+00 -5.7336e-01 +1.7817e+00 -9.3911e-01 +1.1556e+00 -3.1381e+00 +4.9350e-01 -1.2919e+00 +2.6213e+00 +1.3537e+00 -3.0517e+00
526 0 +2.727772076e+01 -4.892279241e+00 -4.892279241e+00 -5.4649e-01 +1.8305e+00 -9.7379e-01 +1.2016e+00 -3.1185e+00 +4.6588e-01 -1.2827e+00 +2.6248e+00 +1.3782e+00 -3.0316e+00
538 0 +2.434950600e+01 -7.820493997e+00 -7.820493997e+00 -4.9989e-01 +1.7941e+00 -9.6933e-01 +1.1789e+00 -3.1137e+00 +5.3405e-01 -1.2969e+00 +2.6251e+00 +1.3841e+00 -3.0439e+00
571 0 +2.393278097e+01 -8.237219030e+00 -8.237219030e+00 -5.2837e-01 +1.8255e+00 -9.4971e-01 +1.2070e+00 -3.1257e+00 +5.3038e-01 -1.3052e+00 +2.6145e+00 +1.3878e+00 -3.0401e+00
623 0 +2.329463729e+01 -8.875362707e+00 -8.875362707e+00 -5.2493e-01 +1.8445e+00 -9.5389e-01 +1.1944e+00 -3.1383e+00 +5.4162e-01 -1.2956e+00 +2.6242e+00 +1.3954e+00 -3.0386e+00
672 0 +2.285041991e+01 -9.319580090e+00 -9.319580090e+00 -5.3216e-01 +1.8355e+00 -9.4414e-01 +1.1839e+00 -3.1251e+00 +5.4754e-01 -1.2962e+00 +2.6151e+00 +1.3894e+00 -3.0334e+00
741 0 +2.234409398e+01 -9.825906022e+00 -9.825906022e+00 -5.3603e-01 +1.8415e+00 -9.5017e-01 +1.1669e+00 -3.1299e+00 +5.5504e-01 -1.2936e+00 +2.6181e+00 +1.3904e+00 -3.0324e+00
821 0 +2.175192594e+01 -1.041807406e+01 -1.041807406e+01 -5.2533e-01 +1.8421e+00 -9.5379e-01 +1.1439e+00 -3.1347e+00 +5.6809e-01 -1.2919e+00 +2.6158e+00 +1.3930e+00 -3.0310e+00
854 0 +2.137556355e+01 -1.079443645e+01 -1.079443645e+01 -5.2089e-01 +1.8389e+00 -9.5373e-01 +1.1302e+00 -3.1362e+00 +5.7525e-01 -1.2922e+00 +2.6183e+00 +1.3915e+00 -3.0349e+00
890 0 +2.083572938e+01 -1.133427062e+01 -1.133427062e+01 -5.1516e-01 +1.8379e+00 -9.5469e-01 +1.1077e+00 -3.1386e+00 +5.7852e-01 -1.2923e+00 +2.6201e+00 +1.3866e+00 -3.0332e+00
914 0 +2.036504604e+01 -1.180495396e+01 -1.180495396e+01 -5.0732e-01 +1.8389e+00 -9.5170e-01 +1.0800e+00 -3.1399e+00 +5.8437e-01 -1.2910e+00 +2.6180e+00 +1.3865e+00 -3.0336e+00
1000 0 +2.007134716e+01 -1.209865284e+01 -1.209865284e+01 -4.9640e-01 +1.8429e+00 -9.5834e-01 +1.0716e+00 -3.1322e+00 +5.7561e-01 -1.2958e+00 +2.6133e+00 +1.3880e+00 -3.0339e+00
% f evaluations | g evaluations | best noise-free fitness - Fopt (-5.858000000000e+01) + sum g_i+ | measured fitness | best measured fitness or single-digit g-values | x1 | x2...
1 0 +4.604190707e+02 +4.018390707e+02 +4.018390707e+02 +2.9693e-01 +5.1668e-01 -1.3686e-01 +4.3718e-01 +7.0451e-03 -4.3940e-01 -5.3607e-01 +1.5406e-01 +8.7179e-02 +1.8109e-04
7 0 +4.278789306e+02 +3.692989306e+02 +3.692989306e+02 +3.8070e-01 +3.6204e-01 -1.1510e+00 -2.1254e-01 -1.3529e-01 +5.0393e-02 +5.6734e-02 +4.6484e-01 +1.5252e-01 +3.1889e-01
19 0 +4.138849730e+02 +3.553049730e+02 +3.553049730e+02 +5.1366e-03 +2.7147e-01 -4.1192e-01 -6.4133e-02 -2.5105e-01 +8.6371e-03 -2.1746e-01 +7.6226e-01 +3.9159e-01 -1.8259e-01
35 0 +4.029912838e+02 +3.444112838e+02 +3.444112838e+02 +5.2732e-01 +2.2567e-01 -7.2781e-01 +8.9420e-02 +2.4077e-01 -4.9526e-01 +3.2098e-02 +8.0646e-01 +4.1032e-01 +1.4498e-02
38 0 +3.836657132e+02 +3.250857132e+02 +3.250857132e+02 +2.3289e-01 +9.0005e-01 -4.8852e-01 -1.4798e-01 -3.4307e-01 -7.9898e-01 -5.9685e-02 +6.9481e-01 +7.2341e-01 -3.4495e-01
41 0 +3.739523953e+02 +3.153723953e+02 +3.153723953e+02 +2.3498e-01 +5.5031e-01 -3.5240e-01 +6.0775e-02 +2.5294e-01 -1.0592e+00 -2.9343e-01 +3.6124e-01 +5.9185e-01 +8.0928e-02
44 0 +3.530367259e+02 +2.944567259e+02 +2.944567259e+02 +5.9097e-01 +6.0397e-01 -1.1565e-01 +1.9026e-01 -3.4849e-01 -7.1425e-01 -6.7649e-01 +8.1077e-01 +4.8241e-01 +1.5075e-01
57 0 +3.328522391e+02 +2.742722391e+02 +2.742722391e+02 +6.6290e-01 +9.5053e-01 +4.1933e-01 +5.4326e-04 -5.3622e-01 -1.3482e+00 -5.4588e-01 +1.0374e+00 +2.5527e-01 +3.4363e-02
62 0 +3.148590261e+02 +2.562790261e+02 +2.562790261e+02 +2.8830e-01 +9.1027e-01 -2.0883e-01 -1.3897e-01 -5.2404e-01 -1.3866e+00 +1.1514e-02 +6.1684e-01 +1.0184e+00 +1.8581e-01
72 0 +2.822563505e+02 +2.236763505e+02 +2.236763505e+02 +4.4925e-01 +1.0071e+00 -2.5654e-01 -2.8381e-01 -5.8246e-01 -2.0675e+00 -4.0183e-01 +1.9236e+00 +1.6167e+00 -4.5028e-01
83 0 +2.771207779e+02 +2.185407779e+02 +2.185407779e+02 +4.5940e-01 +9.1850e-01 -7.9187e-01 -3.9717e-01 -9.4889e-01 -1.2865e+00 -8.4948e-01 +2.2160e+00 +2.0227e+00 +1.6040e-01
89 0 +2.503288538e+02 +1.917488538e+02 +1.917488538e+02 -7.7037e-02 +1.0468e+00 -5.8865e-01 +9.0694e-03 -5.0651e-01 -1.8549e+00 -3.5249e-01 +1.2842e+00 +2.3127e+00 +5.6290e-01
93 0 +2.399594152e+02 +1.813794152e+02 +1.813794152e+02 +5.1038e-01 +2.4252e-01 -1.5852e+00 -1.8194e-01 -1.1725e+00 -2.0586e+00 -3.9212e-01 +1.7272e+00 +2.4812e+00 +1.4843e+00
94 0 +2.383267181e+02 +1.797467181e+02 +1.797467181e+02 -1.1786e-01 +9.8203e-01 -1.2278e+00 +1.7964e-01 -1.2144e+00 -3.0995e+00 -7.1619e-01 +1.9412e+00 +1.9595e+00 +4.2022e-01
102 0 +2.050564894e+02 +1.464764894e+02 +1.464764894e+02 +2.6961e-01 +8.0273e-01 -4.3971e-01 -5.9996e-01 -9.7763e-01 -1.9996e+00 -1.5128e+00 +1.8517e+00 +1.9839e+00 +9.2554e-01
118 0 +1.862601748e+02 +1.276801748e+02 +1.276801748e+02 +8.8661e-01 +8.0685e-01 -8.5986e-01 +2.8186e-01 -1.5704e+00 -2.3189e+00 -1.2690e+00 +2.0969e+00 +2.3154e+00 +1.4254e+00
124 0 +1.829303812e+02 +1.243503812e+02 +1.243503812e+02 +7.1184e-01 +1.7177e+00 -2.2682e+00 +5.2963e-01 -1.2644e+00 -2.0412e+00 -1.4336e+00 +2.8468e+00 +3.9811e+00 +1.4222e+00
133 0 +1.705303534e+02 +1.119503534e+02 +1.119503534e+02 -3.1758e-01 +6.1336e-01 -1.3363e+00 +3.0019e-01 -2.4265e+00 -3.4630e+00 -1.4303e+00 +1.1625e+00 +3.3175e+00 +1.2087e+00
134 0 +1.510381191e+02 +9.245811914e+01 +9.245811914e+01 +1.6499e+00 +1.5670e+00 -1.4138e+00 +6.7697e-01 -1.8194e+00 -3.8448e+00 -1.9981e+00 +1.7353e+00 +4.7552e+00 +7.8851e-01
142 0 +1.371641009e+02 +7.858410092e+01 +7.858410092e+01 -3.8646e-01 +1.2495e+00 +1.6011e-01 +9.4753e-01 -3.5474e+00 -3.5125e+00 -2.2038e+00 +1.0958e+00 +3.5499e+00 +5.8991e-01
206 0 +9.964889997e+01 +4.106889997e+01 +4.106889997e+01 +6.8363e-01 -4.3231e-01 -1.5129e+00 +1.0210e+00 -2.9647e+00 -2.4948e+00 -3.2871e+00 +2.1305e+00 +1.9587e+00 +2.0983e+00
266 0 +8.436912497e+01 +2.578912497e+01 +2.578912497e+01 +7.8425e-01 -9.8084e-01 -1.2695e+00 +4.6193e-01 -3.0529e+00 -3.9885e+00 -3.2848e+00 +1.7506e+00 +3.4925e+00 +1.6576e+00
290 0 +7.927364066e+01 +2.069364066e+01 +2.069364066e+01 +7.3965e-01 -5.9552e-01 -1.4837e+00 +1.2946e+00 -3.5584e+00 -4.0841e+00 -3.2896e+00 +2.8550e+00 +3.2247e+00 +1.2465e+00
331 0 +7.222561956e+01 +1.364561956e+01 +1.364561956e+01 +5.8723e-01 -1.1619e+00 -6.4121e-01 +1.1847e+00 -2.8394e+00 -3.8118e+00 -3.7463e+00 +2.7883e+00 +3.4401e+00 +1.8906e+00
365 0 +4.188007399e+01 -1.669992601e+01 -1.669992601e+01 +5.5132e-01 -7.8377e-01 -3.2520e-01 +1.1347e+00 -3.5978e+00 -3.8928e+00 -4.2195e+00 +2.8133e+00 +3.1307e+00 +1.9282e+00
532 0 +3.282903226e+01 -2.575096774e+01 -2.575096774e+01 +7.3274e-01 -7.0891e-01 -4.4585e-01 +1.2016e+00 -2.8651e+00 -3.9066e+00 -4.1362e+00 +3.1872e+00 +3.0791e+00 +1.6713e+00
568 0 +2.999513766e+01 -2.858486234e+01 -2.858486234e+01 +6.8787e-01 -7.2027e-01 -4.0077e-01 +1.1571e+00 -2.8506e+00 -3.8948e+00 -4.1492e+00 +3.2048e+00 +3.0814e+00 +1.6811e+00
572 0 +2.923338642e+01 -2.934661358e+01 -2.934661358e+01 +6.5768e-01 -6.9591e-01 -4.4099e-01 +1.2093e+00 -2.8677e+00 -3.8842e+00 -4.1371e+00 +3.2144e+00 +3.0857e+00 +1.6594e+00
580 0 +2.864842225e+01 -2.993157775e+01 -2.993157775e+01 +6.9480e-01 -6.6658e-01 -4.1400e-01 +1.1858e+00 -2.8526e+00 -3.9223e+00 -4.1420e+00 +3.2480e+00 +3.0689e+00 +1.6502e+00
582 0 +2.757691681e+01 -3.100308319e+01 -3.100308319e+01 +6.7797e-01 -6.7233e-01 -4.1271e-01 +1.1855e+00 -2.8703e+00 -3.9072e+00 -4.1462e+00 +3.2812e+00 +3.1252e+00 +1.6820e+00
592 0 +2.695321122e+01 -3.162678878e+01 -3.162678878e+01 +7.0579e-01 -6.8315e-01 -4.2323e-01 +1.1651e+00 -2.8360e+00 -3.9246e+00 -4.1406e+00 +3.2288e+00 +3.1231e+00 +1.6566e+00
597 0 +2.629938156e+01 -3.228061844e+01 -3.228061844e+01 +6.7710e-01 -6.8699e-01 -4.2807e-01 +1.1904e+00 -2.9075e+00 -3.8940e+00 -4.1352e+00 +3.2360e+00 +3.0994e+00 +1.6564e+00
635 0 +2.563760709e+01 -3.294239291e+01 -3.294239291e+01 +7.0021e-01 -6.7251e-01 -4.3178e-01 +1.1392e+00 -2.8860e+00 -3.9152e+00 -4.1538e+00 +3.2373e+00 +3.1380e+00 +1.6877e+00
681 0 +2.507118242e+01 -3.350881758e+01 -3.350881758e+01 +6.9377e-01 -6.6219e-01 -4.4381e-01 +1.1548e+00 -2.9001e+00 -3.9046e+00 -4.1572e+00 +3.2536e+00 +3.1332e+00 +1.6726e+00
697 0 +2.446318352e+01 -3.411681648e+01 -3.411681648e+01 +6.9062e-01 -6.7413e-01 -4.3412e-01 +1.1574e+00 -2.9078e+00 -3.9004e+00 -4.1578e+00 +3.2429e+00 +3.1298e+00 +1.6613e+00
718 0 +2.393487505e+01 -3.464512495e+01 -3.464512495e+01 +6.8883e-01 -6.7684e-01 -4.3680e-01 +1.1372e+00 -2.9132e+00 -3.9057e+00 -4.1587e+00 +3.2447e+00 +3.1248e+00 +1.6654e+00
745 0 +2.329277326e+01 -3.528722674e+01 -3.528722674e+01 +6.8277e-01 -6.7875e-01 -4.3442e-01 +1.1475e+00 -2.9446e+00 -3.9122e+00 -4.1620e+00 +3.2433e+00 +3.1304e+00 +1.6534e+00
756 0 +2.289167073e+01 -3.568832927e+01 -3.568832927e+01 +6.7950e-01 -6.9051e-01 -4.2529e-01 +1.1500e+00 -2.9526e+00 -3.9032e+00 -4.1525e+00 +3.2376e+00 +3.1262e+00 +1.6517e+00
771 0 +2.220521524e+01 -3.637478476e+01 -3.637478476e+01 +6.8635e-01 -6.8359e-01 -4.2631e-01 +1.1288e+00 -2.9662e+00 -3.9103e+00 -4.1517e+00 +3.2401e+00 +3.1323e+00 +1.6565e+00
774 0 +2.144099041e+01 -3.713900959e+01 -3.713900959e+01 +6.6226e-01 -6.7712e-01 -4.2864e-01 +1.1340e+00 -2.9763e+00 -3.8999e+00 -4.1487e+00 +3.2348e+00 +3.1210e+00 +1.6471e+00
784 0 +2.117028890e+01 -3.740971110e+01 -3.740971110e+01 +6.7599e-01 -6.8079e-01 -4.3380e-01 +1.1423e+00 -2.9856e+00 -3.9047e+00 -4.1539e+00 +3.2452e+00 +3.1234e+00 +1.6437e+00
799 0 +2.048014405e+01 -3.809985595e+01 -3.809985595e+01 +6.6880e-01 -6.7573e-01 -4.3286e-01 +1.1258e+00 -3.0049e+00 -3.9069e+00 -4.1576e+00 +3.2405e+00 +3.1248e+00 +1.6403e+00
822 0 +2.022935790e+01 -3.835064210e+01 -3.835064210e+01 +6.5677e-01 -6.7927e-01 -4.3329e-01 +1.1278e+00 -3.0103e+00 -3.9027e+00 -4.1619e+00 +3.2402e+00 +3.1155e+00 +1.6478e+00
1000 0 +1.998469454e+01 -3.859530546e+01 -3.859530546e+01 +6.6107e-01 -6.7845e-01 -4.3631e-01 +1.1253e+00 -3.0161e+00 -3.9018e+00 -4.1517e+00 +3.2438e+00 +3.1183e+00 +1.6568e+00
% f evaluations | g evaluations | best noise-free fitness - Fopt (-6.049200000000e+02) + sum g_i+ | measured fitness | best measured fitness or single-digit g-values | x1 | x2...
1 0 +2.369146490e+02 -3.680053510e+02 -3.680053510e+02 +7.6404e-02 -2.3265e-01 +1.4231e-01 -4.3620e-01 -4.7315e-01 -1.6154e-01 +8.5015e-02 +7.9487e-02 +8.8358e-03 -3.1080e-02
5 0 +2.250049064e+02 -3.799150936e+02 -3.799150936e+02 +5.8037e-01 -3.7422e-02 -9.0075e-02 -4.0685e-01 +3.4809e-01 +3.1102e-03 +3.7155e-01 -2.9949e-01 -4.2659e-02 -1.5043e-01
16 0 +2.234605465e+02 -3.814594535e+02 -3.814594535e+02 +4.3794e-01 -2.5020e-01 -2.7440e-02 -1.2118e-01 -8.7524e-03 -3.2684e-01 +2.9153e-01 -1.1001e-01 -8.8117e-02 -4.3689e-01
21 0 +2.062301180e+02 -3.986898820e+02 -3.986898820e+02 -9.7382e-02 -2.6422e-01 -1.0473e-01 -6.0490e-01 -1.4567e-01 -2.4345e-01 +6.9101e-01 -7.9352e-02 -5.5557e-01 -4.4816e-01
42 0 +2.027855233e+02 -4.021344767e+02 -4.021344767e+02 +1.5310e-02 -5.7051e-01 -2.4077e-01 -4.2953e-01 -2.6177e-01 -5.5426e-01 +5.7301e-01 -2.3704e-02 +2.5436e-01 -5.9200e-01
45 0 +1.930820457e+02 -4.118379543e+02 -4.118379543e+02 -2.2629e-01 -1.6676e-01 +1.2579e-01 -1.3383e-01 +2.7924e-01 -3.5814e-01 +2.7067e-01 -1.6667e-03 +2.7325e-01 -4.3953e-01
50 0 +1.634656760e+02 -4.414543240e+02 -4.414543240e+02 +5.6938e-01 -9.8274e-02 -3.3434e-01 -2.6111e-01 +3.2728e-01 -5.0115e-01 +4.9231e-01 -9.1786e-02 +6.7203e-02 -1.4758e-01
89 0 +1.544652255e+02 -4.504547745e+02 -4.504547745e+02 -1.8921e-02 -1.8387e-01 -3.3449e-01 -7.0325e-02 +2.6735e-01 -5.2247e-01 +1.0232e-02 -2.8016e-01 +1.1087e-01 -2.7234e-01
95 0 +1.335387594e+02 -4.713812406e+02 -4.713812406e+02 -9.3316e-02 -1.1063e-01 -2.2656e-01 -1.9059e-01 +3.7173e-01 -5.3338e-01 -1.0723e-01 -1.2977e-01 +3.0176e-02 -5.7964e-02
151 0 +1.165680843e+02 -4.883519157e+02 -4.883519157e+02 -3.0394e-01 -8.8815e-02 -2.4934e-01 -4.5735e-02 +4.2573e-01 -8.6643e-01 -3.9201e-02 -7.3079e-01 -1.1406e-01 -5.0471e-02
196 0 +1.086859447e+02 -4.962340553e+02 -4.962340553e+02 -2.7871e-01 -6.3083e-02 -1.4281e-01 -1.2591e-01 +3.1148e-01 -9.2048e-01 -1.2141e-01 -7.4966e-01 +7.2850e-02 -3.6638e-01
247 0 +1.008292438e+02 -5.040907562e+02 -5.040907562e+02 -2.0574e-01 -2.3332e-01 -3.7862e-01 -1.9024e-01 +2.6046e-01 -8.3613e-01 -1.4109e-01 -7.3085e-01 +1.2431e-01 -6.2203e-02
269 0 +9.673709320e+01 -5.081829068e+02 -5.081829068e+02 -6.5659e-02 -9.2992e-02 -3.3886e-01 -1.2058e-01 +4.1589e-01 -8.6170e-01 -8.7985e-02 -8.4175e-01 +2.1505e-01 -9.3142e-02
271 0 +9.058479916e+01 -5.143352008e+02 -5.143352008e+02 -5.6916e-02 -2.0370e-02 -2.8968e-01 -1.5109e-01 +3.1594e-01 -8.2297e-01 -7.4086e-02 -7.3249e-01 +1.3234e-01 -1.6360e-01
283 0 +8.864778826e+01 -5.162722117e+02 -5.162722117e+02 +1.1010e-02 -1.2230e-02 -3.0684e-01 -1.2240e-01 +3.0461e-01 -8.2981e-01 -1.1174e-01 -7.6366e-01 +1.7923e-01 -1.5357e-01
311 0 +8.300711718e+01 -5.219128828e+02 -5.219128828e+02 -4.7459e-02 -2.5500e-02 -3.3168e-01 -8.1948e-02 +3.5371e-01 -8.2615e-01 -1.2777e-01 -7.2207e-01 +1.1110e-01 -8.8907e-02
325 0 +8.038874946e+01 -5.245312505e+02 -5.245312505e+02 +3.9344e-02 -6.4338e-02 -3.3553e-01 -1.0444e-01 +4.1256e-01 -8.3466e-01 -9.0045e-02 -7.5606e-01 +1.1080e-01 -8.1346e-02
348 0 +7.879023554e+01 -5.261297645e+02 -5.261297645e+02 -3.4808e-02 -1.0667e-01 -3.2849e-01 -9.9417e-02 +3.7679e-01 -8.5387e-01 -1.5147e-01 -7.3429e-01 +1.3813e-01 -5.6248e-02
365 0 +7.489148643e+01 -5.300285136e+02 -5.300285136e+02 -1.7855e-02 -1.0674e-01 -3.2487e-01 -1.1054e-01 +3.8377e-01 -8.3696e-01 -1.1622e-01 -7.4204e-01 +1.5359e-01 -7.5732e-02
458 0 +7.407014271e+01 -5.308498573e+02 -5.308498573e+02 -9.4476e-03 -8.2922e-02 -3.1497e-01 -1.0489e-01 +3.5722e-01 -8.4097e-01 -1.2265e-01 -7.4287e-01 +1.5557e-01 -9.2660e-02
1000 0 +7.362703465e+01 -5.312929654e+02 -5.312929654e+02 -1.4522e-03 -8.4694e-02 -2.9999e-01 -1.2748e-01 +3.6226e-01 -8.3891e-01 -1.1444e-01 -7.4570e-01 +1.4933e-01 -8.7891e-02
% f evaluations | g evaluations | best noise-free fitness - Fopt (1.337000000000e+02) + sum g_i+ | measured fitness | best measured fitness or single-digit g-values | x1 | x2...
1 0 +3.321282805e+02 +4.658282805e+02 +4.658282805e+02 -4.6266e-01 -3.5041e-02 +7.1667e-02 +1.0774e-01 +3.3495e-01 -5.2259e-01 -2.6460e-01 -1.1222e-01 -1.7271e-01 -1.1748e-01
2 0 +3.040098625e+02 +4.377098625e+02 +4.377098625e+02 +6.8663e-02 -4.2610e-01 +1.1061e-01 -1.8896e-01 +2.5990e-01 -2.6732e-01 -7.0273e-02 +7.8664e-02 +1.4844e-02 +4.0812e-01
3 0 +2.447455453e+02 +3.784455453e+02 +3.784455453e+02 -3.5175e-01 +2.9175e-02 -3.6814e-01 -3.7764e-02 +1.7631e-01 +7.0155e-01 -6.7535e-01 -3.7638e-01 -3.2307e-01 +1.3033e-01
41 0 +2.226902387e+02 +3.563902387e+02 +3.563902387e+02 -5.0008e-01 +3.0946e-02 -3.9203e-01 -1.4439e-01 +1.7719e-01 +6.2231e-02 +4.4868e-01 -7.7764e-01 -4.8073e-02 +2.3089e-01
62 0 +1.924568613e+02 +3.261568613e+02 +3.261568613e+02 -6.2493e-01 +1.1650e-01 -9.7563e-01 -1.9237e-01 -3.8511e-01 -1.0351e-01 +8.9849e-01 -1.2592e+00 +1.6238e-01 +3.0941e-01
68 0 +1.806129764e+02 +3.143129764e+02 +3.143129764e+02 -4.1107e-01 +9.8132e-02 -3.0227e-01 -5.6969e-02 -3.8042e-01 -4.9101e-01 +2.9376e-01 -1.0433e+00 +5.7927e-01 +6.9333e-01
109 0 +1.341305911e+02 +2.678305911e+02 +2.678305911e+02 -5.6399e-01 +3.4621e-02 -6.2705e-01 +5.1490e-02 -1.1236e+00 -1.5694e-01 +9.8570e-01 -1.0782e+00 +5.0303e-01 +1.4475e+00
356 0 +1.248008910e+02 +2.585008910e+02 +2.585008910e+02 -5.9444e-01 +7.1112e-02 -3.5422e-01 +4.0661e-01 -1.2614e+00 -9.6352e-02 +1.0349e+00 -1.4667e+00 +6.2990e-01 +7.2368e-01
379 0 +1.124720169e+02 +2.461720169e+02 +2.461720169e+02 -6.2684e-01 +5.1009e-03 -3.9668e-01 +6.8017e-01 -1.1440e+00 +4.9986e-02 +1.3379e+00 -1.0989e+00 +6.2939e-01 +6.9303e-01
431 0 +1.089695831e+02 +2.426695831e+02 +2.426695831e+02 -5.2825e-01 +1.9945e-01 -3.6297e-01 +7.0921e-01 -1.2404e+00 +7.2371e-02 +9.1966e-01 -1.5906e+00 +5.2931e-01 +7.1524e-01
444 0 +1.017767833e+02 +2.354767833e+02 +2.354767833e+02 -5.3231e-01 +1.4176e-01 -3.9111e-01 +6.6692e-01 -1.1969e+00 +1.7193e-02 +1.0155e+00 -1.4553e+00 +5.8822e-01 +7.3835e-01
478 0 +9.924248822e+01 +2.329424882e+02 +2.329424882e+02 -5.1773e-01 +6.6388e-02 -3.9170e-01 +6.2194e-01 -1.2654e+00 +1.1372e-02 +9.8193e-01 -1.5857e+00 +5.4643e-01 +7.3710e-01
485 0 +9.660133439e+01 +2.303013344e+02 +2.303013344e+02 -5.1619e-01 +7.5756e-02 -4.6761e-01 +6.1331e-01 -1.2132e+00 +5.9293e-02 +9.7704e-01 -1.5178e+00 +5.5435e-01 +6.9980e-01
495 0 +9.486467325e+01 +2.285646733e+02 +2.285646733e+02 -5.1219e-01 +9.0012e-02 -3.9891e-01 +5.7993e-01 -1.2506e+00 +4.4282e-02 +9.6725e-01 -1.4773e+00 +5.3983e-01 +7.2843e-01
517 0 +9.327667844e+01 +2.269766784e+02 +2.269766784e+02 -5.0419e-01 +5.9086e-02 -4.0888e-01 +6.0756e-01 -1.2833e+00 -7.4008e-04 +9.4782e-01 -1.4708e+00 +5.6832e-01 +7.0622e-01
557 0 +8.969110068e+01 +2.233911007e+02 +2.233911007e+02 -5.1801e-01 +5.0746e-02 -3.8796e-01 +6.1219e-01 -1.2519e+00 +4.6861e-03 +9.6649e-01 -1.4753e+00 +5.6133e-01 +7.1608e-01
563 0 +8.898479581e+01 +2.226847958e+02 +2.226847958e+02 -5.0541e-01 +6.5827e-02 -3.8085e-01 +6.3695e-01 -1.2479e+00 +5.2015e-03 +9.6875e-01 -1.4748e+00 +5.5670e-01 +7.0286e-01
638 0 +8.697932781e+01 +2.206793278e+02 +2.206793278e+02 -5.2418e-01 +5.8540e-02 -3.7862e-01 +6.4132e-01 -1.2373e+00 -1.7033e-02 +9.5486e-01 -1.4770e+00 +5.3295e-01 +7.2040e-01
1000 0 +8.566229727e+01 +2.193622973e+02 +2.193622973e+02 -5.6092e-01 +4.6513e-02 -3.7824e-01 +6.6534e-01 -1.2296e+00 -2.3028e-02 +9.5824e-01 -1.4815e+00 +5.3564e-01 +7.1352e-01
% f evaluations | g evaluations | best noise-free fitness - Fopt (-2.098000000000e+01) + sum g_i+ | measured fitness | best measured fitness or single-digit g-values | x1 | x2...
1 0 +5.127692190e+02 +4.917892190e+02 +4.917892190e+02 +2.1423e-01 -9.4869e-02 -1.8619e-01 +5.2368e-02 -1.4393e-01 +1.2465e-01 -3.4716e-01 +1.3073e-01 -4.4577e-01 -4.2892e-01
2 0 +4.809202182e+02 +4.599402182e+02 +4.599402182e+02 +1.2392e-01 -1.6782e-01 +3.6582e-01 +6.8627e-02 +1.5524e-02 -1.0724e-02 +2.4672e-02 -1.5776e-01 -4.0121e-02 +2.3201e-01
5 0 +4.323654031e+02 +4.113854031e+02 +4.113854031e+02 +3.1981e-01 +6.9236e-02 -5.9197e-01 +5.9217e-01 +4.7190e-01 +5.6555e-02 -1.2965e-01 -9.2299e-02 -3.8594e-01 +7.7787e-02
20 0 +4.002776977e+02 +3.792976977e+02 +3.792976977e+02 -2.4827e-01 -2.4248e-01 -7.5154e-01 +2.0273e-01 +6.1768e-01 +1.2272e-03 -5.5667e-01 -2.1968e-01 -7.4116e-01 +6.3242e-01
21 0 +3.796598707e+02 +3.586798707e+02 +3.586798707e+02 +3.6224e-01 -7.9315e-01 +4.4607e-02 -1.0136e-01 +7.0661e-01 -5.2340e-01 -5.6765e-01 -6.4812e-01 -4.1522e-01 +5.1447e-01
23 0 +3.398726121e+02 +3.188926121e+02 +3.188926121e+02 +4.9627e-02 -2.4169e-01 -6.0711e-01 +5.6266e-01 +1.3195e+00 +5.2409e-01 -7.2977e-01 +1.2740e-01 -1.2729e+00 +6.5091e-01
36 0 +3.296389258e+02 +3.086589258e+02 +3.086589258e+02 +6.9391e-02 -1.1442e-02 -3.9354e-01 -2.8591e-01 +8.0853e-01 -1.8366e-01 -6.7586e-02 -9.0854e-02 -1.1059e+00 +9.7881e-01
46 0 +2.923844625e+02 +2.714044625e+02 +2.714044625e+02 -9.5730e-02 -9.2991e-01 -5.9652e-01 +2.2941e-01 +1.2427e+00 +2.7645e-02 +7.7472e-02 +8.4733e-01 -2.1262e+00 +1.1487e+00
67 0 +2.356885831e+02 +2.147085831e+02 +2.147085831e+02 -5.9721e-01 +1.4272e-01 -2.5166e-01 +3.0451e-01 +9.6533e-01 +1.2943e-02 -8.1549e-01 +9.6666e-01 -1.0410e+00 +2.5744e+00
73 0 +2.256148988e+02 +2.046348988e+02 +2.046348988e+02 -1.0657e+00 +8.2863e-03 -1.0083e+00 +8.4267e-01 +1.7263e+00 +8.2543e-01 -1.4856e+00 +1.6033e+00 -2.2051e+00 +2.7274e+00
75 0 +1.859628516e+02 +1.649828516e+02 +1.649828516e+02 -6.5556e-01 -6.9320e-01 -1.0300e+00 +1.3125e+00 +1.8983e+00 -6.0902e-01 -1.0186e+00 +7.6963e-01 -2.4650e+00 +2.8913e+00
93 0 +1.458499798e+02 +1.248699798e+02 +1.248699798e+02 -1.3422e+00 +9.3687e-02 +4.5641e-01 +1.0636e+00 +2.3889e+00 -1.7199e+00 -2.4525e+00 +2.1451e+00 -1.0446e+00 +4.2236e+00
101 0 +1.395315381e+02 +1.185515381e+02 +1.185515381e+02 -1.9146e+00 -6.8392e-01 +2.8967e-01 +2.7564e+00 +1.8305e+00 -8.5255e-01 -2.7086e+00 +2.1730e+00 -2.2793e+00 +3.7867e+00
110 0 +1.243409093e+02 +1.033609093e+02 +1.033609093e+02 -1.1576e+00 -5.2202e-01 +3.7026e-01 +8.9521e-01 +1.3410e+00 -1.3687e-01 -1.9957e+00 +2.2566e+00 -2.4073e+00 +3.4936e+00
135 0 +1.224974494e+02 +1.015174494e+02 +1.015174494e+02 -4.0269e+00 +3.4307e-01 +5.1116e-01 +1.5286e+00 +2.7545e+00 -2.0982e+00 -2.9160e+00 +4.1223e+00 -2.4757e+00 +4.7725e+00
176 0 +1.053083052e+02 +8.432830516e+01 +8.432830516e+01 -7.7162e-02 +1.8841e+00 +1.4515e+00 -2.0429e-01 +1.9013e+00 -1.7860e+00 -2.4808e+00 +5.9075e+00 -2.5311e+00 +4.4945e+00
194 0 +9.894400098e+01 +7.796400098e+01 +7.796400098e+01 +9.2671e-01 +2.0634e+00 +2.6145e-01 +3.9818e-01 +2.3737e+00 -7.3098e-01 -3.6386e+00 +3.9404e+00 -2.6497e+00 +2.3806e+00
197 0 +8.987365362e+01 +6.889365362e+01 +6.889365362e+01 +5.4544e-01 +3.1050e-01 +1.9004e+00 -6.7477e-01 +1.6601e+00 -2.6292e+00 -2.9447e+00 +4.1361e+00 -2.4547e+00 +4.4787e+00
214 0 +6.921089700e+01 +4.823089700e+01 +4.823089700e+01 +1.8307e+00 -1.9686e-01 +2.2082e-01 +1.3226e+00 +3.1159e+00 -2.0151e+00 -3.4029e+00 +4.3027e+00 -2.1983e+00 +4.1573e+00
397 0 +6.404037881e+01 +4.306037881e+01 +4.306037881e+01 +1.1057e+00 +2.6495e+00 +3.5274e-01 +5.6481e-01 +3.3202e+00 -2.4692e+00 -3.1169e+00 +3.8593e+00 -1.7125e+00 +4.0707e+00
406 0 +5.749837627e+01 +3.651837627e+01 +3.651837627e+01 +1.3349e+00 +2.9526e+00 +5.2179e-02 +3.9887e-01 +3.5853e+00 -2.6886e+00 -2.9354e+00 +3.8179e+00 -1.7238e+00 +3.7217e+00
486 0 +5.188996644e+01 +3.090996644e+01 +3.090996644e+01 +1.2411e+00 +2.6667e+00 +3.5527e-01 +3.0769e-01 +2.9686e+00 -2.6303e+00 -2.9468e+00 +3.9814e+00 -1.7251e+00 +3.4890e+00
501 0 +4.123078648e+01 +2.025078648e+01 +2.025078648e+01 +1.0788e+00 +2.8013e+00 +2.0076e-01 +3.9295e-01 +3.0212e+00 -2.7618e+00 -2.9788e+00 +3.8623e+00 -1.8892e+00 +3.5510e+00
505 0 +3.445423799e+01 +1.347423799e+01 +1.347423799e+01 +1.2313e+00 +2.8030e+00 +1.8593e-01 +4.0764e-01 +3.0868e+00 -2.6700e+00 -2.8459e+00 +3.8666e+00 -1.7253e+00 +3.5016e+00
521 0 +2.962255981e+01 +8.642559810e+00 +8.642559810e+00 +1.1782e+00 +2.7198e+00 +1.9386e-01 +3.5084e-01 +3.0012e+00 -2.6401e+00 -2.9770e+00 +3.7859e+00 -1.7367e+00 +3.5147e+00
535 0 +2.710836652e+01 +6.128366516e+00 +6.128366516e+00 +1.0786e+00 +2.8773e+00 +2.3729e-01 +4.1405e-01 +2.8612e+00 -2.6347e+00 -3.0355e+00 +3.8771e+00 -1.7212e+00 +3.4879e+00
553 0 +2.255519450e+01 +1.575194501e+00 +1.575194501e+00 +1.1004e+00 +2.8956e+00 +2.4397e-01 +3.7852e-01 +3.0083e+00 -2.6592e+00 -2.9858e+00 +3.7966e+00 -1.7636e+00 +3.5362e+00
564 0 +1.713337951e+01 -3.846620492e+00 -3.846620492e+00 +1.0726e+00 +2.8221e+00 +2.4271e-01 +3.7789e-01 +3.0510e+00 -2.6930e+00 -3.0310e+00 +3.8261e+00 -1.7399e+00 +3.5564e+00
581 0 +1.595651169e+01 -5.023488314e+00 -5.023488314e+00 +1.1846e+00 +2.8222e+00 +2.7976e-01 +3.5640e-01 +3.0118e+00 -2.6638e+00 -2.9893e+00 +3.8628e+00 -1.7012e+00 +3.4869e+00
583 0 +1.392439652e+01 -7.055603478e+00 -7.055603478e+00 +1.0793e+00 +2.8239e+00 +2.4986e-01 +2.9760e-01 +3.0590e+00 -2.7036e+00 -3.0193e+00 +3.8079e+00 -1.7077e+00 +3.5189e+00
585 0 +8.754426721e+00 -1.222557328e+01 -1.222557328e+01 +1.0915e+00 +2.8399e+00 +2.6632e-01 +3.5272e-01 +3.0522e+00 -2.6997e+00 -3.0211e+00 +3.8651e+00 -1.7154e+00 +3.5078e+00
616 0 +8.421026480e+00 -1.255897352e+01 -1.255897352e+01 +1.0943e+00 +2.8534e+00 +2.6318e-01 +4.1984e-01 +3.0427e+00 -2.6403e+00 -3.0462e+00 +3.8311e+00 -1.7208e+00 +3.4873e+00
621 0 +7.468067731e+00 -1.351193227e+01 -1.351193227e+01 +1.0899e+00 +2.8623e+00 +2.4589e-01 +3.6745e-01 +3.0528e+00 -2.6719e+00 -3.0199e+00 +3.8321e+00 -1.7147e+00 +3.4787e+00
646 0 +7.153247042e+00 -1.382675296e+01 -1.382675296e+01 +1.0879e+00 +2.8318e+00 +2.4887e-01 +3.9526e-01 +3.0554e+00 -2.6651e+00 -3.0283e+00 +3.8494e+00 -1.6850e+00 +3.4919e+00
651 0 +6.980375597e+00 -1.399962440e+01 -1.399962440e+01 +1.0722e+00 +2.8265e+00 +2.5601e-01 +4.0067e-01 +3.0744e+00 -2.6812e+00 -3.0349e+00 +3.8485e+00 -1.7005e+00 +3.4880e+00
681 0 +6.508458124e+00 -1.447154188e+01 -1.447154188e+01 +1.0788e+00 +2.8521e+00 +2.4627e-01 +3.9867e-01 +3.0503e+00 -2.6687e+00 -3.0286e+00 +3.8471e+00 -1.6991e+00 +3.4936e+00
702 0 +6.314644759e+00 -1.466535524e+01 -1.466535524e+01 +1.0761e+00 +2.8444e+00 +2.5234e-01 +3.8542e-01 +3.0558e+00 -2.6646e+00 -3.0211e+00 +3.8471e+00 -1.7168e+00 +3.4893e+00
706 0 +6.168416334e+00 -1.481158367e+01 -1.481158367e+01 +1.0771e+00 +2.8513e+00 +2.5448e-01 +3.8916e-01 +3.0549e+00 -2.6629e+00 -3.0222e+00 +3.8412e+00 -1.7027e+00 +3.4919e+00
732 0 +6.163286957e+00 -1.481671304e+01 -1.481671304e+01 +1.0734e+00 +2.8484e+00 +2.5671e-01 +3.9032e-01 +3.0554e+00 -2.6611e+00 -3.0156e+00 +3.8393e+00 -1.7015e+00 +3.4882e+00
804 0 +6.023873434e+00 -1.495612657e+01 -1.495612657e+01 +1.0675e+00 +2.8499e+00 +2.6021e-01 +3.8793e-01 +3.0576e+00 -2.6637e+00 -3.0229e+00 +3.8498e+00 -1.7058e+00 +3.4904e+00
1000 0 +5.975292003e+00 -1.500470800e+01 -1.500470800e+01 +1.0650e+00 +2.8501e+00 +2.6251e-01 +3.8674e-01 +3.0611e+00 -2.6621e+00 -3.0211e+00 +3.8463e+00 -1.7032e+00 +3.4899e+00
% f evaluations | g evaluations | best noise-free fitness - Fopt (1.353300000000e+02) + sum g_i+ | measured fitness | best measured fitness or single-digit g-values | x1 | x2...
1 0 +5.834597192e+02 +7.187897192e+02 +7.187897192e+02 +4.7639e-01 -7.0752e-01 -2.0936e-01 +1.4694e-01 +1.2779e-01 -7.5897e-02 -1.6496e-01 -2.7234e-01 +5.4649e-02 +2.5916e-01
2 0 +4.715506287e+02 +6.068806287e+02 +6.068806287e+02 +3.3897e-01 -2.9302e-01 +3.1467e-02 -4.7998e-02 -1.0054e-01 +4.7419e-02 -4.1711e-01 -1.5006e-01 -4.5594e-01 -1.4354e-01
3 0 +4.458057825e+02 +5.811357825e+02 +5.811357825e+02 -3.8081e-01 -2.3757e-01 +1.8357e-01 -3.5142e-01 -4.1617e-02 +3.9265e-01 +6.3805e-02 -3.0108e-02 -2.7391e-01 -1.6635e-01
13 0 +3.943639217e+02 +5.296939217e+02 +5.296939217e+02 +5.3665e-02 -8.6227e-02 +1.2693e-01 -3.8041e-01 -1.6446e-02 +4.6889e-01 -1.4724e-01 +1.9489e-01 -4.8753e-01 -4.4061e-01
30 0 +3.383571101e+02 +4.736871101e+02 +4.736871101e+02 -2.9334e-01 +3.2573e-02 +2.9123e-01 -3.1114e-01 +2.9984e-02 +8.6970e-01 -1.7515e-02 +1.8254e-01 -1.0031e+00 -4.7556e-01
36 0 +3.283612097e+02 +4.636912097e+02 +4.636912097e+02 +2.6247e-02 -1.4999e-01 +2.9969e-01 -4.5203e-01 -4.6177e-02 +2.7459e-01 -1.6120e-01 +4.2437e-02 -7.6055e-01 -1.1828e+00
41 0 +2.781274070e+02 +4.134574070e+02 +4.134574070e+02 +4.9058e-01 +1.5834e-01 -3.7112e-03 -4.2212e-01 +2.6217e-01 -2.2282e-01 +9.5967e-02 +3.2216e-01 -7.0388e-01 -1.1151e+00
48 0 +2.663524240e+02 +4.016824240e+02 +4.016824240e+02 +3.7194e-01 +1.6359e-01 +2.2542e-01 -5.1270e-01 -3.8081e-01 +3.7311e-01 -6.1898e-01 +6.6176e-01 -1.3429e+00 -1.1330e+00
49 0 +2.575026721e+02 +3.928326721e+02 +3.928326721e+02 -6.1494e-02 -2.1801e-01 +1.1511e-01 -8.1617e-01 -1.8443e-03 +5.8198e-02 +8.1191e-02 +5.3217e-01 -7.8869e-01 -1.2238e+00
50 0 +2.308426672e+02 +3.661726672e+02 +3.661726672e+02 +5.6743e-01 -2.8636e-01 +3.0985e-02 -3.2214e-01 +1.0631e-01 +7.8371e-02 +1.4174e-01 +1.9341e-01 -1.2437e+00 -1.4699e+00
54 0 +2.272318296e+02 +3.625618296e+02 +3.625618296e+02 +1.5614e-01 +1.0133e-01 +6.2280e-01 -5.0350e-01 +7.2020e-01 -1.8050e-01 -8.6274e-02 +6.6768e-01 -9.5790e-01 -1.5834e+00
55 0 +2.136590936e+02 +3.489890936e+02 +3.489890936e+02 +5.7462e-01 -2.8126e-02 +3.1394e-01 -5.1497e-01 +2.4352e-01 +2.5088e-01 -1.7612e-01 +6.5157e-01 -1.8305e+00 -1.8920e+00
58 0 +2.037799229e+02 +3.391099229e+02 +3.391099229e+02 +5.7191e-01 -8.7699e-02 -2.8088e-01 -8.0641e-01 -4.4618e-02 -1.4622e-02 +1.6052e-01 +1.0662e+00 -1.4425e+00 -1.4369e+00
65 0 +1.964870418e+02 +3.318170418e+02 +3.318170418e+02 +5.2903e-01 +1.1430e-01 -2.2787e-01 -4.6901e-01 +6.2192e-01 -6.0647e-01 +1.0189e+00 +1.2137e+00 -1.4152e+00 -1.7034e+00
67 0 +1.835221039e+02 +3.188521039e+02 +3.188521039e+02 +1.1620e+00 -5.7075e-01 +5.0597e-01 -1.8478e-02 +3.4041e-01 -3.3451e-02 -4.4504e-01 +1.4217e+00 -2.0753e+00 -2.0445e+00
77 0 +1.411769868e+02 +2.765069868e+02 +2.765069868e+02 +5.1947e-01 +3.3775e-02 +1.1460e+00 +5.5934e-02 +8.1483e-01 -4.8733e-01 -3.8819e-01 +1.4081e+00 -2.1394e+00 -1.9975e+00
104 0 +1.233910341e+02 +2.587210341e+02 +2.587210341e+02 +6.4074e-01 -3.1031e-01 +4.4439e-01 -1.6744e+00 +1.4617e+00 +4.4314e-01 -2.2853e-01 +1.5194e+00 -2.1772e+00 -3.0937e+00
114 0 +1.064298203e+02 +2.417598203e+02 +2.417598203e+02 +5.9497e-01 +5.1171e-01 -4.1570e-01 -1.4541e+00 +1.5104e+00 +7.5124e-01 -7.0046e-01 +2.4067e+00 -3.3327e+00 -3.0992e+00
140 0 +9.984690819e+01 +2.351769082e+02 +2.351769082e+02 +1.4135e+00 -2.5012e-02 +4.0789e-01 -2.5036e+00 +2.4080e+00 +6.7413e-01 -1.3264e+00 +3.3401e+00 -3.7825e+00 -4.0826e+00
157 0 +8.287446345e+01 +2.182044635e+02 +2.182044635e+02 +1.9521e+00 +1.8320e-01 +1.0972e+00 -2.4756e+00 +3.0948e+00 +1.0303e+00 -1.8163e+00 +2.4202e+00 -2.0589e+00 -2.7308e+00
205 0 +7.918574494e+01 +2.145157449e+02 +2.145157449e+02 +1.5358e+00 -2.1204e+00 +1.8049e+00 -2.5838e+00 +1.3467e+00 -4.3727e-01 -1.0044e+00 +3.1803e+00 -3.5601e+00 -2.4819e+00
213 0 +7.347406901e+01 +2.088040690e+02 +2.088040690e+02 +1.5070e+00 -1.6835e+00 +1.1330e+00 -2.2191e+00 +2.6629e+00 -7.3599e-01 -1.5321e+00 +3.4143e+00 -2.0813e+00 -2.4681e+00
307 0 +6.850717842e+01 +2.038371784e+02 +2.038371784e+02 +1.3637e+00 -1.4271e+00 +1.0394e+00 -3.4625e+00 +2.1872e+00 -1.2825e-01 -1.5234e+00 +3.1078e+00 -1.8205e+00 -3.1265e+00
318 0 +6.262330178e+01 +1.979533018e+02 +1.979533018e+02 +1.5701e+00 -1.3685e+00 +8.8001e-01 -3.2868e+00 +2.4466e+00 -6.8561e-01 -1.4246e+00 +2.9323e+00 -1.8015e+00 -2.4558e+00
412 0 +5.524861380e+01 +1.905786138e+02 +1.905786138e+02 +1.5536e+00 -1.7567e+00 +1.1448e+00 -2.5575e+00 +2.5545e+00 -5.7898e-01 -8.9497e-01 +3.1136e+00 -1.9189e+00 -2.6831e+00
426 0 +4.856318290e+01 +1.838931829e+02 +1.838931829e+02 +1.6677e+00 -1.8420e+00 +1.1028e+00 -2.6543e+00 +2.4984e+00 -6.4016e-01 -9.4528e-01 +3.1766e+00 -1.9684e+00 -2.7054e+00
430 0 +4.568050405e+01 +1.810105041e+02 +1.810105041e+02 +1.6702e+00 -1.6257e+00 +9.9003e-01 -2.5202e+00 +2.4298e+00 -5.3339e-01 -8.9783e-01 +3.1919e+00 -1.8255e+00 -2.7172e+00
453 0 +3.150285141e+01 +1.668328514e+02 +1.668328514e+02 +1.6657e+00 -1.6135e+00 +1.0016e+00 -2.5476e+00 +2.5428e+00 -6.3092e-01 -8.7604e-01 +3.1026e+00 -1.7627e+00 -2.7523e+00
470 0 +2.405843592e+01 +1.593884359e+02 +1.593884359e+02 +1.5205e+00 -1.5749e+00 +9.3780e-01 -2.5544e+00 +2.5482e+00 -6.4253e-01 -8.6138e-01 +3.1478e+00 -1.7336e+00 -2.7341e+00
478 0 +2.304972356e+01 +1.583797236e+02 +1.583797236e+02 +1.5461e+00 -1.5319e+00 +9.8684e-01 -2.6136e+00 +2.5910e+00 -6.5275e-01 -8.8795e-01 +3.1620e+00 -1.7926e+00 -2.7822e+00
487 0 +2.184434975e+01 +1.571743497e+02 +1.571743497e+02 +1.5309e+00 -1.7019e+00 +9.6196e-01 -2.6133e+00 +2.5218e+00 -6.9125e-01 -8.9262e-01 +3.1490e+00 -1.7391e+00 -2.7740e+00
491 0 +2.051123356e+01 +1.558412336e+02 +1.558412336e+02 +1.5460e+00 -1.6735e+00 +1.0204e+00 -2.6142e+00 +2.5481e+00 -6.4470e-01 -8.9801e-01 +3.1528e+00 -1.7743e+00 -2.7514e+00
518 0 +1.971111720e+01 +1.550411172e+02 +1.550411172e+02 +1.5693e+00 -1.5362e+00 +9.8022e-01 -2.5744e+00 +2.5395e+00 -6.9392e-01 -9.3663e-01 +3.1652e+00 -1.6786e+00 -2.7510e+00
522 0 +1.670544767e+01 +1.520354477e+02 +1.520354477e+02 +1.5620e+00 -1.5720e+00 +1.0167e+00 -2.6351e+00 +2.5425e+00 -6.1547e-01 -9.3984e-01 +3.1391e+00 -1.6571e+00 -2.7160e+00
547 0 +1.523408759e+01 +1.505640876e+02 +1.505640876e+02 +1.5412e+00 -1.5668e+00 +9.9602e-01 -2.6350e+00 +2.5374e+00 -6.3449e-01 -9.6227e-01 +3.1345e+00 -1.6903e+00 -2.7756e+00
584 0 +1.471874544e+01 +1.500487454e+02 +1.500487454e+02 +1.5402e+00 -1.5479e+00 +1.0035e+00 -2.6395e+00 +2.5172e+00 -6.0754e-01 -9.3506e-01 +3.1507e+00 -1.6696e+00 -2.7640e+00
601 0 +1.435835665e+01 +1.496883566e+02 +1.496883566e+02 +1.5432e+00 -1.5439e+00 +9.8187e-01 -2.6221e+00 +2.5172e+00 -6.2638e-01 -9.4900e-01 +3.1427e+00 -1.6692e+00 -2.7767e+00
603 0 +1.373196380e+01 +1.490619638e+02 +1.490619638e+02 +1.5406e+00 -1.5596e+00 +9.7565e-01 -2.6417e+00 +2.5201e+00 -6.0015e-01 -9.4769e-01 +3.1412e+00 -1.6492e+00 -2.7586e+00
649 0 +1.347227538e+01 +1.488022754e+02 +1.488022754e+02 +1.5370e+00 -1.5731e+00 +9.9130e-01 -2.6123e+00 +2.5177e+00 -6.1920e-01 -9.4551e-01 +3.1356e+00 -1.6497e+00 -2.7667e+00
675 0 +1.312299265e+01 +1.484529926e+02 +1.484529926e+02 +1.5441e+00 -1.5862e+00 +9.7925e-01 -2.6103e+00 +2.5295e+00 -6.0298e-01 -9.4367e-01 +3.1431e+00 -1.6389e+00 -2.7713e+00
1000 0 +1.293465744e+01 +1.482646574e+02 +1.482646574e+02 +1.5419e+00 -1.6083e+00 +9.7685e-01 -2.6224e+00 +2.5295e+00 -6.0817e-01 -9.4404e-01 +3.1420e+00 -1.6437e+00 -2.7735e+00
% f evaluations | g evaluations | best noise-free fitness - Fopt (4.066000000000e+01) + sum g_i+ | measured fitness | best measured fitness or single-digit g-values | x1 | x2...
1 0 +4.051067126e+02 +4.457667126e+02 +4.457667126e+02 +2.4109e-01 -9.6550e-02 -1.5557e-01 +4.4136e-02 +1.0094e-01 +2.2462e-01 +6.4899e-01 +1.6246e-01 +2.6452e-02 +3.8160e-01
2 0 +3.777202418e+02 +4.183802418e+02 +4.183802418e+02 +7.1403e-02 -2.2731e-01 -2.0768e-01 +2.2041e-01 +1.4540e-02 -3.5552e-01 -3.1309e-02 +3.2328e-01 +1.9024e-01 +2.2281e-01
3 0 +3.580017751e+02 +3.986617751e+02 +3.986617751e+02 +4.5884e-01 +1.0098e-01 -5.8752e-01 -5.3443e-01 -1.1894e-01 -1.7606e-02 -2.6632e-01 -2.5247e-01 -2.0745e-01 +9.7331e-02
7 0 +3.479147944e+02 +3.885747944e+02 +3.885747944e+02 +3.6163e-01 +3.7049e-01 +1.3071e-01 +1.3781e-01 -1.2713e-01 +4.3257e-01 -8.2060e-02 +5.1583e-01 -1.6160e-02 +5.8688e-01
9 0 +3.096695799e+02 +3.503295799e+02 +3.503295799e+02 +3.2504e-02 -5.3007e-01 +2.9913e-02 -2.5536e-01 +1.5344e-01 -1.9357e-01 -2.2740e-01 -3.5434e-01 +2.2844e-01 -6.5554e-02
12 0 +2.900926077e+02 +3.307526077e+02 +3.307526077e+02 +3.2029e-01 +2.5737e-01 +1.2851e-01 +3.0236e-02 +1.3559e-01 +1.9422e-01 -1.2447e-01 -5.8122e-02 +2.7408e-01 +5.1605e-01
42 0 +2.874919639e+02 +3.281519639e+02 +3.281519639e+02 +1.4089e-01 -1.3083e-01 +1.9787e-02 -6.2707e-01 +2.3312e-01 +9.1396e-02 -1.5454e-01 +1.5689e-01 +4.1634e-01 +8.1344e-01
53 0 +2.685868225e+02 +3.092468225e+02 +3.092468225e+02 +3.7737e-01 +3.2039e-01 +4.3058e-02 -3.6468e-01 +5.0004e-01 +4.2452e-02 -3.9352e-01 +1.0513e-01 +9.8163e-01 +5.9871e-01
76 0 +2.614251468e+02 +3.020851468e+02 +3.020851468e+02 -1.7821e-01 +3.7061e-01 -2.8028e-02 -6.7814e-01 +2.5935e-01 -3.4792e-01 -6.4775e-01 -1.3138e-01 +7.7809e-01 +7.6539e-01
77 0 +2.459650166e+02 +2.866250166e+02 +2.866250166e+02 +6.4999e-02 +2.8407e-01 +2.0094e-01 -3.5098e-01 +6.8709e-01 +3.3556e-02 -9.3573e-01 -1.9334e-02 +7.0259e-01 +6.2860e-01
90 0 +2.433629949e+02 +2.840229949e+02 +2.840229949e+02 -3.5588e-01 +3.9085e-01 +5.5556e-02 -2.9183e-01 +5.6174e-01 +2.1275e-01 -9.5513e-01 -1.0687e-01 +9.3666e-01 +7.8497e-01
98 0 +2.313345969e+02 +2.719945969e+02 +2.719945969e+02 -7.2267e-01 +2.4804e-01 +1.2932e-01 -7.4498e-01 +4.4978e-01 +1.7241e-01 -1.0899e+00 -3.4294e-01 +8.6756e-01 +1.0135e+00
101 0 +2.035764854e+02 +2.442364854e+02 +2.442364854e+02 -2.5240e-01 -5.2409e-01 +2.3018e-01 -3.9530e-01 +2.3002e-01 +3.7424e-01 -9.1716e-01 -6.7797e-01 +7.7573e-01 +1.5054e+00
115 0 +1.544720364e+02 +1.951320364e+02 +1.951320364e+02 +4.0340e-01 -3.3759e-01 +3.6637e-01 -8.0019e-01 +6.3440e-01 +5.6405e-01 -1.2275e+00 -8.8604e-01 +1.2044e+00 +9.1588e-01
164 0 +1.304118152e+02 +1.710718152e+02 +1.710718152e+02 -6.0761e-01 +1.2424e+00 +6.3316e-01 -5.1761e-01 +1.0665e+00 +6.6812e-01 -1.1897e+00 -1.4348e+00 +1.5902e+00 +2.0421e+00
177 0 +1.208343794e+02 +1.614943794e+02 +1.614943794e+02 -9.3979e-01 +1.0441e+00 +1.3395e+00 -6.8312e-01 +1.8897e+00 +5.3735e-01 -1.1766e+00 -1.1218e+00 +2.1914e+00 +1.7814e+00
217 0 +1.156519363e+02 +1.563119363e+02 +1.563119363e+02 -1.1782e+00 +1.2465e+00 +1.2260e+00 -1.0097e+00 +1.7014e+00 +6.4830e-01 -2.1534e+00 -2.1998e+00 +1.7737e+00 +1.4395e+00
222 0 +9.418497048e+01 +1.348449705e+02 +1.348449705e+02 -3.2835e-01 +1.3348e+00 +1.5901e+00 -1.1651e+00 +1.8328e+00 -4.8356e-02 -1.9864e+00 -2.1572e+00 +2.5413e+00 +2.4407e+00
231 0 +9.114438586e+01 +1.318043859e+02 +1.318043859e+02 +1.0276e-01 +1.8894e+00 +1.3553e+00 -7.1325e-01 +2.4298e+00 +5.2029e-01 -1.7685e+00 -1.6323e+00 +2.1782e+00 +2.1556e+00
413 0 +8.147070201e+01 +1.221307020e+02 +1.221307020e+02 -1.9757e-01 +1.2915e+00 +9.9843e-01 -1.9113e+00 +2.4575e+00 +9.8640e-01 -2.1689e+00 -2.9324e+00 +3.2739e+00 +3.0798e+00
429 0 +7.239037644e+01 +1.130503764e+02 +1.130503764e+02 +7.5999e-02 +1.0845e+00 +8.9800e-01 -2.1002e+00 +2.3427e+00 +1.1711e+00 -1.7342e+00 -2.4502e+00 +3.2543e+00 +2.7391e+00
552 0 +6.957622851e+01 +1.102362285e+02 +1.102362285e+02 +2.2131e-01 +1.2597e+00 +7.5588e-01 -2.7562e+00 +2.2874e+00 +4.2768e-01 -2.2191e+00 -2.9612e+00 +3.1766e+00 +3.0606e+00
553 0 +6.279030752e+01 +1.034503075e+02 +1.034503075e+02 +2.0516e-01 +1.3475e+00 +8.4272e-01 -2.6508e+00 +2.5328e+00 +5.8305e-01 -2.1559e+00 -2.9705e+00 +3.1939e+00 +3.0447e+00
563 0 +5.832148832e+01 +9.898148832e+01 +9.898148832e+01 +1.3286e-01 +1.2553e+00 +8.5247e-01 -2.6104e+00 +2.4730e+00 +6.4848e-01 -2.1190e+00 -2.8855e+00 +3.2585e+00 +2.9950e+00
583 0 +5.686075085e+01 +9.752075085e+01 +9.752075085e+01 +2.2423e-01 +1.2954e+00 +8.1085e-01 -2.7216e+00 +2.4458e+00 +5.7432e-01 -2.1453e+00 -2.9677e+00 +3.2254e+00 +3.0772e+00
595 0 +5.619157697e+01 +9.685157697e+01 +9.685157697e+01 +1.8151e-01 +1.3245e+00 +8.2103e-01 -2.7126e+00 +2.3914e+00 +5.3794e-01 -2.1662e+00 -2.9166e+00 +3.1441e+00 +2.9912e+00
615 0 +5.392547137e+01 +9.458547137e+01 +9.458547137e+01 +1.6704e-01 +1.2414e+00 +8.6201e-01 -2.7171e+00 +2.3787e+00 +5.2205e-01 -2.1947e+00 -2.9687e+00 +3.2041e+00 +2.9722e+00
616 0 +5.343979661e+01 +9.409979661e+01 +9.409979661e+01 +2.0985e-01 +1.3513e+00 +7.6211e-01 -2.6917e+00 +2.3748e+00 +5.9777e-01 -2.1489e+00 -2.9269e+00 +3.1885e+00 +2.9629e+00
620 0 +5.000036718e+01 +9.066036718e+01 +9.066036718e+01 +1.2718e-01 +1.3321e+00 +8.3543e-01 -2.7862e+00 +2.4293e+00 +5.3616e-01 -2.1693e+00 -2.9211e+00 +3.3338e+00 +2.9386e+00
622 0 +4.706502375e+01 +8.772502375e+01 +8.772502375e+01 +1.2533e-01 +1.2551e+00 +8.3701e-01 -2.7379e+00 +2.3824e+00 +5.6921e-01 -2.1425e+00 -2.9571e+00 +3.2638e+00 +2.9320e+00
635 0 +4.648503102e+01 +8.714503102e+01 +8.714503102e+01 +1.2031e-01 +1.2143e+00 +8.5445e-01 -2.7603e+00 +2.3429e+00 +5.7446e-01 -2.1475e+00 -2.9402e+00 +3.2594e+00 +2.9321e+00
643 0 +4.531651126e+01 +8.597651126e+01 +8.597651126e+01 +1.2884e-01 +1.2172e+00 +8.4355e-01 -2.7429e+00 +2.3527e+00 +5.6623e-01 -2.1672e+00 -2.9529e+00 +3.2628e+00 +2.9682e+00
664 0 +4.456154602e+01 +8.522154602e+01 +8.522154602e+01 +1.1515e-01 +1.2083e+00 +7.9904e-01 -2.7056e+00 +2.3283e+00 +6.2515e-01 -2.1286e+00 -2.9437e+00 +3.2232e+00 +2.9614e+00
676 0 +4.361754122e+01 +8.427754122e+01 +8.427754122e+01 +1.2128e-01 +1.1920e+00 +7.9359e-01 -2.7377e+00 +2.3234e+00 +5.6021e-01 -2.1327e+00 -2.9430e+00 +3.2384e+00 +2.9654e+00
682 0 +4.052241037e+01 +8.118241037e+01 +8.118241037e+01 +7.4965e-02 +1.2581e+00 +7.8351e-01 -2.7391e+00 +2.3199e+00 +5.7416e-01 -2.1708e+00 -2.9211e+00 +3.2448e+00 +2.9751e+00
701 0 +3.930778216e+01 +7.996778216e+01 +7.996778216e+01 +6.2107e-02 +1.2355e+00 +7.7894e-01 -2.7232e+00 +2.2938e+00 +5.9510e-01 -2.1612e+00 -2.9514e+00 +3.2610e+00 +2.9882e+00
712 0 +3.821972989e+01 +7.887972989e+01 +7.887972989e+01 +4.7032e-02 +1.2417e+00 +7.8474e-01 -2.7393e+00 +2.2978e+00 +5.8036e-01 -2.1555e+00 -2.9263e+00 +3.2691e+00 +2.9686e+00
750 0 +3.733224462e+01 +7.799224462e+01 +7.799224462e+01 +4.3636e-02 +1.2831e+00 +7.9426e-01 -2.7225e+00 +2.3077e+00 +6.0927e-01 -2.1674e+00 -2.9356e+00 +3.3201e+00 +2.9849e+00
759 0 +3.683703775e+01 +7.749703775e+01 +7.749703775e+01 +2.8718e-02 +1.2641e+00 +7.8487e-01 -2.7169e+00 +2.2938e+00 +6.1202e-01 -2.1624e+00 -2.9262e+00 +3.3064e+00 +2.9726e+00
789 0 +3.619481219e+01 +7.685481219e+01 +7.685481219e+01 +1.0874e-02 +1.2573e+00 +7.8402e-01 -2.7355e+00 +2.2848e+00 +5.8597e-01 -2.1639e+00 -2.9335e+00 +3.3198e+00 +2.9720e+00
832 0 +3.525657780e+01 +7.591657780e+01 +7.591657780e+01 -2.1208e-03 +1.2455e+00 +7.8156e-01 -2.7224e+00 +2.2993e+00 +5.7588e-01 -2.1572e+00 -2.9340e+00 +3.3226e+00 +2.9657e+00
1000 0 +3.482660496e+01 +7.548660496e+01 +7.548660496e+01 -1.9672e-03 +1.2471e+00 +7.8414e-01 -2.7008e+00 +2.2982e+00 +5.7701e-01 -2.1580e+00 -2.9361e+00 +3.3350e+00 +2.9585e+00
