% f evaluations | g evaluations | best noise-free fitness - Fopt (1.491500000000e+02) + sum g_i+ | measured fitness | best measured fitness or single-digit g-values | x1 | x2...
1 0 +1.293509840e+03 +1.442659840e+03 +1.442659840e+03 +2.5213e-02 +2.2133e-02 +1.9862e-01 -4.5152e-02 -2.8089e-01
3 0 +1.236036183e+03 +1.385186183e+03 +1.385186183e+03 +1.3679e-01 -1.8984e-01 -8.8326e-01 +3.1796e-02 +7.9362e-02
7 0 +7.353675431e+02 +8.845175431e+02 +8.845175431e+02 -3.4793e-01 -1.7617e-01 -1.9834e-01 -5.1188e-01 -2.9918e-01
9 0 +5.696939987e+02 +7.188439987e+02 +7.188439987e+02 -2.4721e-02 -3.8060e-01 -3.3918e-01 -5.3486e-01 -3.0384e-01
12 0 +4.673724623e+02 +6.165224623e+02 +6.165224623e+02 -1.4052e-02 -3.5034e-01 -5.8109e-01 -5.5087e-01 -4.4583e-01
31 0 +2.922007761e+02 +4.413507761e+02 +4.413507761e+02 -2.0716e-01 -8.2839e-01 -1.2214e+00 -5.4724e-01 -1.1416e+00
59 0 +2.523878359e+02 +4.015378359e+02 +4.015378359e+02 -1.0774e+00 -1.0057e+00 -9.3635e-01 -5.8985e-01 -1.1927e+00
67 0 +2.389987444e+02 +3.881487444e+02 +3.881487444e+02 -3.7317e-01 -1.0936e+00 -1.2941e+00 -4.9583e-01 -2.1178e+00
79 0 +2.135549104e+02 +3.627049104e+02 +3.627049104e+02 -3.1999e-01 -1.2065e+00 -1.0305e+00 -4.0076e-01 -1.5814e+00
86 0 +1.680867723e+02 +3.172367723e+02 +3.172367723e+02 -4.3534e-01 -1.0149e+00 -1.2785e+00 -1.1146e-01 -2.2315e+00
101 0 +1.446529715e+02 +2.938029715e+02 +2.938029715e+02 -4.1253e-01 -1.0821e+00 -1.2166e+00 -7.3762e-02 -2.3246e+00
108 0 +1.400458820e+02 +2.891958820e+02 +2.891958820e+02 -6.0160e-01 -1.1546e+00 -1.4611e+00 +1.7521e-01 -2.7873e+00
112 0 +1.340952268e+02 +2.832452268e+02 +2.832452268e+02 -1.7959e-01 -9.3204e-01 -1.0686e+00 +3.4046e-02 -2.4156e+00
113 0 +1.313030242e+02 +2.804530242e+02 +2.804530242e+02 -4.9454e-01 -1.2849e+00 -1.4181e+00 +8.4149e-02 -2.8588e+00
121 0 +1.258712930e+02 +2.750212930e+02 +2.750212930e+02 -4.2367e-01 -1.0523e+00 -1.2916e+00 -6.3438e-02 -2.9385e+00
122 0 +1.000561223e+02 +2.492061223e+02 +2.492061223e+02 -1.2095e-01 -7.2497e-01 -1.2459e+00 +2.7762e-01 -3.2402e+00
127 0 +8.726331272e+01 +2.364133127e+02 +2.364133127e+02 -6.6047e-01 -1.1012e+00 -1.2261e+00 +1.0137e-01 -3.3956e+00
129 0 +5.025826328e+01 +1.994082633e+02 +1.994082633e+02 -3.6091e-01 -1.1737e+00 -1.2150e+00 +4.6241e-01 -3.2555e+00
146 0 +3.578040252e+01 +1.849304025e+02 +1.849304025e+02 -4.8371e-01 -9.3182e-01 -5.7967e-01 +8.5917e-01 -3.2258e+00
156 0 +1.946661001e+01 +1.686166100e+02 +1.686166100e+02 -4.0968e-01 -1.3164e+00 -8.5999e-01 +7.5796e-01 -3.6368e+00
157 0 +1.369517032e+01 +1.628451703e+02 +1.628451703e+02 -3.2369e-01 -8.6395e-01 -1.0507e+00 +9.3298e-01 -3.7110e+00
178 0 +1.016307313e+01 +1.593130731e+02 +1.593130731e+02 -4.6134e-01 -8.2574e-01 -8.3453e-01 +9.4886e-01 -3.8559e+00
192 0 +9.672678325e+00 +1.588226783e+02 +1.588226783e+02 -4.7160e-01 -9.3299e-01 -8.9956e-01 +9.5806e-01 -3.9331e+00
194 0 +9.191825595e+00 +1.583418256e+02 +1.583418256e+02 -3.6034e-01 -7.4397e-01 -5.5288e-01 +9.6312e-01 -3.4963e+00
204 0 +6.460047965e+00 +1.556100480e+02 +1.556100480e+02 -3.0866e-01 -6.1160e-01 -3.6908e-01 +1.2169e+00 -3.7274e+00
217 0 +6.054704376e+00 +1.552047044e+02 +1.552047044e+02 -6.2501e-01 -1.2066e+00 -8.3993e-01 +7.3945e-01 -3.7155e+00
220 0 +5.592653780e+00 +1.547426538e+02 +1.547426538e+02 -3.6755e-01 -9.1386e-01 -8.8034e-01 +8.6522e-01 -3.5868e+00
221 0 +3.312354342e+00 +1.524623543e+02 +1.524623543e+02 -4.3102e-01 -1.0426e+00 -8.0258e-01 +9.3680e-01 -3.7480e+00
281 0 +2.603428555e+00 +1.517534286e+02 +1.517534286e+02 -4.0879e-01 -9.8365e-01 -7.6150e-01 +8.9808e-01 -3.7439e+00
299 0 +1.678664951e+00 +1.508286650e+02 +1.508286650e+02 -2.4704e-01 -7.3062e-01 -6.2200e-01 +9.9727e-01 -3.7396e+00
338 0 +1.245092069e+00 +1.503950921e+02 +1.503950921e+02 -2.5048e-01 -7.0745e-01 -5.5521e-01 +1.0504e+00 -3.6754e+00
405 0 +1.024144134e+00 +1.501741441e+02 +1.501741441e+02 -2.0542e-01 -6.5830e-01 -4.9536e-01 +1.0835e+00 -3.6899e+00
414 0 +9.828868093e-01 +1.501328868e+02 +1.501328868e+02 -1.9345e-01 -6.4611e-01 -4.7687e-01 +1.1006e+00 -3.6767e+00
425 0 +9.096537717e-01 +1.500596538e+02 +1.500596538e+02 -2.1632e-01 -6.5102e-01 -4.4746e-01 +1.1244e+00 -3.6589e+00
435 0 +8.119730282e-01 +1.499619730e+02 +1.499619730e+02 -1.6889e-01 -5.8801e-01 -4.0163e-01 +1.1771e+00 -3.6308e+00
466 0 +7.936079336e-01 +1.499436079e+02 +1.499436079e+02 -1.9315e-01 -6.3051e-01 -4.2915e-01 +1.1671e+00 -3.6505e+00
482 0 +7.589545085e-01 +1.499089545e+02 +1.499089545e+02 -1.7861e-01 -5.9274e-01 -3.9321e-01 +1.2046e+00 -3.6347e+00
485 0 +7.172208440e-01 +1.498672208e+02 +1.498672208e+02 -1.6420e-01 -5.8000e-01 -3.6680e-01 +1.2021e+00 -3.6244e+00
504 0 +7.157559185e-01 +1.498657559e+02 +1.498657559e+02 -1.5206e-01 -5.5549e-01 -3.4787e-01 +1.2446e+00 -3.6062e+00
% f evaluations | g evaluations | best noise-free fitness - Fopt (-1.000000000000e+03) + sum g_i+ | measured fitness | best measured fitness or single-digit g-values | x1 | x2...
1 0 +1.812960349e+04 +1.712960349e+04 +1.712960349e+04 -2.1613e-01 +2.7430e-01 +4.0426e-01 -2.4386e-01 +1.7162e-01
12 0 +1.123119878e+04 +1.023119878e+04 +1.023119878e+04 -6.3097e-01 +2.8917e-01 +8.3486e-02 -3.5630e-01 -1.1220e-02
20 0 +1.025683056e+04 +9.256830558e+03 +9.256830558e+03 -7.2462e-01 +2.9320e-01 +3.0214e-02 -2.0838e-01 +2.3846e-01
27 0 +6.946063507e+03 +5.946063507e+03 +5.946063507e+03 -8.7605e-01 +9.4652e-01 +5.0261e-01 -5.8361e-01 +4.6983e-01
33 0 +5.593549234e+03 +4.593549234e+03 +4.593549234e+03 -1.0150e+00 +1.1814e+00 +8.5233e-02 -4.7601e-01 +3.0715e-01
35 0 +4.067865793e+03 +3.067865793e+03 +3.067865793e+03 -1.4144e+00 +4.5742e-01 -5.1746e-02 -2.4787e-01 +1.5239e-01
41 0 +2.992167789e+03 +1.992167789e+03 +1.992167789e+03 -1.6939e+00 -2.6378e-01 +1.6017e-01 -5.5738e-01 +4.2269e-01
46 0 +2.676912489e+03 +1.676912489e+03 +1.676912489e+03 -1.7153e+00 +1.6603e-01 +7.4789e-02 -4.2916e-01 +3.5982e-02
50 0 +1.451543076e+03 +4.515430761e+02 +4.515430761e+02 -2.0728e+00 -1.0830e-02 +1.7394e-01 -7.1799e-01 +8.1059e-01
57 0 +3.543479264e+02 -6.456520736e+02 -6.456520736e+02 -3.2855e+00 -3.2673e-01 -5.2739e-01 -9.0697e-01 +5.5970e-01
72 0 +3.051403033e+02 -6.948596967e+02 -6.948596967e+02 -3.2541e+00 +3.6984e-01 -2.0153e-01 -8.9498e-01 +7.6111e-01
93 0 +2.904399576e+02 -7.095600424e+02 -7.095600424e+02 -3.6493e+00 +5.5071e-01 +2.1687e+00 -5.4791e-01 +1.0795e+00
106 0 +2.750009964e+02 -7.249990036e+02 -7.249990036e+02 -2.8306e+00 +7.1041e-01 +2.0594e+00 -1.1294e+00 -7.8993e-01
123 0 +1.577918373e+02 -8.422081627e+02 -8.422081627e+02 -4.7345e+00 +6.5936e-01 +1.7463e+00 -1.4215e+00 -1.1866e+00
181 0 +1.251255868e+02 -8.748744132e+02 -8.748744132e+02 -3.2478e+00 +2.4412e-01 +1.3946e+00 -1.2201e+00 -1.5444e+00
188 0 +9.279784979e+01 -9.072021502e+02 -9.072021502e+02 -2.7283e+00 +1.0063e+00 +1.8658e+00 -1.2621e+00 -1.6200e+00
192 0 +4.032106961e+01 -9.596789304e+02 -9.596789304e+02 -3.0823e+00 +1.0200e+00 +1.5859e+00 -1.2490e+00 -1.7734e+00
266 0 +2.545902831e+01 -9.745409717e+02 -9.745409717e+02 -3.1571e+00 +9.5150e-01 +1.5184e+00 -1.5348e+00 -2.1037e+00
294 0 +2.279901336e+01 -9.772009866e+02 -9.772009866e+02 -4.1747e+00 -3.9441e-02 +7.2844e-01 -2.2802e+00 -2.9224e+00
305 0 +1.496319455e+01 -9.850368054e+02 -9.850368054e+02 -3.0565e+00 +9.3357e-01 +9.5687e-01 -2.2631e+00 -2.6545e+00
325 0 +1.083896298e+01 -9.891610370e+02 -9.891610370e+02 -3.1577e+00 +7.9505e-01 +1.0991e+00 -2.3997e+00 -2.9320e+00
355 0 +6.125035798e+00 -9.938749642e+02 -9.938749642e+02 -3.0908e+00 +7.6409e-01 +1.0226e+00 -2.1402e+00 -2.8220e+00
376 0 +4.285652712e+00 -9.957143473e+02 -9.957143473e+02 -2.9925e+00 +9.1986e-01 +1.2578e+00 -1.9746e+00 -2.6401e+00
407 0 +1.289751116e+00 -9.987102489e+02 -9.987102489e+02 -2.9643e+00 +1.0013e+00 +1.1800e+00 -2.1007e+00 -2.9135e+00
455 0 +3.086486058e-01 -9.996913514e+02 -9.996913514e+02 -2.8934e+00 +1.0850e+00 +1.3473e+00 -1.8507e+00 -2.5873e+00
504 0 +2.823192802e-01 -9.997176807e+02 -9.997176807e+02 -2.9000e+00 +1.0764e+00 +1.3256e+00 -1.9017e+00 -2.6522e+00
% f evaluations | g evaluations | best noise-free fitness - Fopt (9.862000000000e+01) + sum g_i+ | measured fitness | best measured fitness or single-digit g-values | x1 | x2...
1 0 +2.407936611e+04 +2.417798611e+04 +2.417798611e+04 -2.4089e-02 +2.8771e-01 -3.1089e-02 +4.6884e-01 -1.5802e-02
2 0 +2.379303602e+04 +2.389165602e+04 +2.389165602e+04 +1.0473e-01 +3.0182e-01 +1.8264e-02 +4.9005e-01 +3.1105e-01
3 0 +9.861376734e+03 +9.959996734e+03 +9.959996734e+03 -3.4937e-01 -3.8169e-01 -4.8199e-01 -2.2274e-01 +3.8038e-01
6 0 +5.794807637e+03 +5.893427637e+03 +5.893427637e+03 -5.7291e-01 -1.6548e-01 +5.3949e-02 -9.0813e-01 -1.5200e-01
12 0 +5.735696625e+03 +5.834316625e+03 +5.834316625e+03 +2.5191e-02 -6.6377e-01 -5.8135e-02 -7.7442e-01 -4.3852e-01
14 0 +5.497588176e+03 +5.596208176e+03 +5.596208176e+03 -5.7834e-01 -4.7246e-01 -3.0108e-01 -6.7468e-01 +5.6559e-01
17 0 +3.498387305e+03 +3.597007305e+03 +3.597007305e+03 -7.3813e-01 -1.1212e+00 -3.9852e-01 -9.2146e-01 +1.6336e-01
29 0 +2.927375804e+03 +3.025995804e+03 +3.025995804e+03 -9.6506e-01 -1.2020e+00 -5.8268e-01 -1.0240e+00 +6.1825e-01
31 0 +2.808834281e+03 +2.907454281e+03 +2.907454281e+03 -6.1870e-01 -1.1196e+00 -8.7225e-01 -1.5306e+00 +1.0577e+00
35 0 +2.122230201e+03 +2.220850201e+03 +2.220850201e+03 -5.8933e-01 -2.1127e+00 +3.5822e-02 -8.7686e-01 +1.2818e+00
39 0 +2.077484283e+03 +2.176104283e+03 +2.176104283e+03 -6.3960e-01 -8.5529e-01 +4.4763e-01 -1.1721e+00 +5.6697e-01
40 0 +1.119985615e+03 +1.218605615e+03 +1.218605615e+03 -6.6663e-01 -1.5550e+00 -4.4572e-01 -1.7451e+00 +9.9691e-01
42 0 +4.409544473e+02 +5.395744473e+02 +5.395744473e+02 -4.2756e-01 -1.2825e+00 +5.1862e-01 -2.2652e+00 +1.5249e+00
82 0 +2.649869315e+02 +3.636069315e+02 +3.636069315e+02 -1.1144e+00 -1.2016e+00 +1.3692e+00 -2.1924e+00 +3.0848e-01
104 0 +5.529074562e+01 +1.539107456e+02 +1.539107456e+02 -9.8763e-01 -2.1322e+00 +1.2820e+00 -3.1071e+00 +1.7620e-01
115 0 +3.248266268e+01 +1.311026627e+02 +1.311026627e+02 -2.2439e+00 -1.8791e+00 +1.2262e+00 -3.5385e+00 +2.2083e-01
131 0 +2.269549434e+01 +1.213154943e+02 +1.213154943e+02 -1.3232e+00 -2.0896e+00 +1.1870e+00 -3.2777e+00 +1.9153e-01
150 0 +1.291205795e+01 +1.115320580e+02 +1.115320580e+02 -1.2607e+00 -1.8979e+00 +1.6531e+00 -2.8806e+00 +5.7637e-02
163 0 +8.685411234e+00 +1.073054112e+02 +1.073054112e+02 -1.6742e+00 -2.1714e+00 +1.6304e+00 -3.0475e+00 -8.2630e-02
196 0 +6.106288085e+00 +1.047262881e+02 +1.047262881e+02 -1.7365e+00 -2.2734e+00 +1.5108e+00 -3.1664e+00 -6.7360e-02
218 0 +5.393680719e+00 +1.040136807e+02 +1.040136807e+02 -1.9803e+00 -2.2095e+00 +1.4373e+00 -3.2021e+00 -9.5389e-02
238 0 +4.493662263e+00 +1.031136623e+02 +1.031136623e+02 -1.7128e+00 -2.2080e+00 +1.4378e+00 -3.2186e+00 -6.2414e-02
272 0 +3.876384793e+00 +1.024963848e+02 +1.024963848e+02 -1.6571e+00 -2.1025e+00 +1.4927e+00 -3.1872e+00 -6.2587e-02
299 0 +3.461798337e+00 +1.020817983e+02 +1.020817983e+02 -1.5000e+00 -2.0846e+00 +1.4426e+00 -3.1980e+00 -7.7609e-02
301 0 +3.211545048e+00 +1.018315450e+02 +1.018315450e+02 -1.3812e+00 -1.9851e+00 +1.4503e+00 -3.2344e+00 -5.9658e-02
316 0 +2.921865306e+00 +1.015418653e+02 +1.015418653e+02 -1.2849e+00 -1.8734e+00 +1.5244e+00 -3.2218e+00 -2.9784e-02
340 0 +2.792300399e+00 +1.014123004e+02 +1.014123004e+02 -1.2312e+00 -1.8220e+00 +1.5935e+00 -3.2076e+00 -3.3951e-02
354 0 +2.604282938e+00 +1.012242829e+02 +1.012242829e+02 -1.2130e+00 -1.7495e+00 +1.6183e+00 -3.1762e+00 -3.6542e-02
355 0 +2.534509647e+00 +1.011545096e+02 +1.011545096e+02 -1.1861e+00 -1.7598e+00 +1.6318e+00 -3.2038e+00 -3.9199e-02
363 0 +2.349136923e+00 +1.009691369e+02 +1.009691369e+02 -1.1902e+00 -1.7239e+00 +1.6550e+00 -3.1810e+00 -7.3626e-02
382 0 +2.256135213e+00 +1.008761352e+02 +1.008761352e+02 -1.1439e+00 -1.7347e+00 +1.6310e+00 -3.1467e+00 -5.5761e-02
391 0 +2.205001539e+00 +1.008250015e+02 +1.008250015e+02 -1.1134e+00 -1.6696e+00 +1.6361e+00 -3.1783e+00 -1.1820e-01
393 0 +1.874838947e+00 +1.004948389e+02 +1.004948389e+02 -1.0949e+00 -1.6393e+00 +1.6773e+00 -3.1609e+00 -8.7249e-02
426 0 +1.768959558e+00 +1.003889596e+02 +1.003889596e+02 -1.0714e+00 -1.6006e+00 +1.7307e+00 -3.1559e+00 -1.0068e-01
437 0 +1.666218713e+00 +1.002862187e+02 +1.002862187e+02 -1.0846e+00 -1.6190e+00 +1.7295e+00 -3.1335e+00 -8.3702e-02
460 0 +1.609554950e+00 +1.002295549e+02 +1.002295549e+02 -1.0572e+00 -1.6020e+00 +1.7667e+00 -3.1128e+00 -7.7950e-02
476 0 +1.396632725e+00 +1.000166327e+02 +1.000166327e+02 -1.0315e+00 -1.5502e+00 +1.8039e+00 -3.0740e+00 -5.0313e-02
492 0 +1.370527899e+00 +9.999052790e+01 +9.999052790e+01 -1.0262e+00 -1.5296e+00 +1.8507e+00 -3.0664e+00 -4.8957e-02
497 0 +1.213273854e+00 +9.983327385e+01 +9.983327385e+01 -9.9937e-01 -1.4916e+00 +1.8764e+00 -3.0506e+00 -5.9415e-02
504 0 +1.213273854e+00 +9.983327385e+01 +9.983327385e+01 -9.9937e-01 -1.4916e+00 +1.8764e+00 -3.0506e+00 -5.9415e-02
% f evaluations | g evaluations | best noise-free fitness - Fopt (-4.715000000000e+01) + sum g_i+ | measured fitness | best measured fitness or single-digit g-values | x1 | x2...
1 0 +1.555427859e+04 +1.550712859e+04 +1.550712859e+04 -2.5237e-01 -6.9520e-01 +2.1490e-01 +2.8501e-01 +2.9696e-01
2 0 +8.869956619e+03 +8.822806619e+03 +8.822806619e+03 -1.6395e-01 +3.6127e-02 -1.0049e-01 -2.6677e-01 -3.6243e-01
11 0 +8.361671266e+03 +8.314521266e+03 +8.314521266e+03 -2.7589e-01 +4.9554e-01 +8.1817e-02 -4.2626e-01 -3.3008e-01
12 0 +8.152900309e+03 +8.105750309e+03 +8.105750309e+03 +1.0378e-01 +8.3697e-02 -7.0212e-02 -2.8544e-01 -4.3536e-02
14 0 +4.267431132e+03 +4.220281132e+03 +4.220281132e+03 -1.0020e-02 -1.3167e-01 -1.7980e-01 -7.1777e-01 +3.7365e-04
17 0 +3.934898574e+03 +3.887748574e+03 +3.887748574e+03 -3.0271e-02 +1.8575e-01 +3.2350e-01 -1.0725e+00 +7.1859e-02
18 0 +3.313953146e+03 +3.266803146e+03 +3.266803146e+03 -2.1205e-01 -4.1908e-02 -2.9023e-01 -9.0601e-01 -9.3616e-02
25 0 +3.079825883e+03 +3.032675883e+03 +3.032675883e+03 -1.3569e-01 -2.8379e-01 -8.7866e-01 -8.8268e-01 +8.3969e-02
26 0 +1.960893582e+03 +1.913743582e+03 +1.913743582e+03 -3.9117e-01 -3.4275e-01 -3.3242e-02 -1.1689e+00 +5.8454e-01
32 0 +1.533012289e+03 +1.485862289e+03 +1.485862289e+03 -5.2971e-03 -2.6706e-01 -6.7145e-01 -1.2458e+00 +5.7840e-02
33 0 +5.969674402e+02 +5.498174402e+02 +5.498174402e+02 -4.7405e-01 -8.8189e-01 -4.0647e-01 -1.7537e+00 +4.7159e-01
46 0 +1.198374497e+02 +7.268744968e+01 +7.268744968e+01 -4.3713e-02 -9.9053e-01 -1.4410e+00 -2.1992e+00 +1.2603e+00
53 0 +8.015139573e+01 +3.300139573e+01 +3.300139573e+01 -6.5190e-01 -1.1385e+00 -9.8028e-01 -2.0786e+00 +7.8807e-01
58 0 +7.370549625e+01 +2.655549625e+01 +2.655549625e+01 -7.3077e-01 -1.6655e+00 -2.3459e+00 -3.3122e+00 +4.1126e-01
91 0 +6.853297327e+01 +2.138297327e+01 +2.138297327e+01 -8.8879e-01 -1.6776e+00 -2.4036e+00 -2.5260e+00 -2.0783e-02
97 0 +2.611463489e+01 -2.103536511e+01 -2.103536511e+01 -1.5244e+00 -1.3897e+00 -1.8539e+00 -2.9378e+00 -2.9042e-01
129 0 +1.246571332e+01 -3.468428668e+01 -3.468428668e+01 -7.1741e-01 -1.3245e+00 -2.1446e+00 -3.1117e+00 -1.8617e-01
168 0 +4.868031083e+00 -4.228196892e+01 -4.228196892e+01 -5.2288e-01 -9.9548e-01 -1.6529e+00 -2.9575e+00 -2.2664e-01
211 0 +3.095504104e+00 -4.405449590e+01 -4.405449590e+01 -5.1424e-01 -1.1769e+00 -1.8803e+00 -3.1175e+00 -3.5643e-01
222 0 +2.682411286e+00 -4.446758871e+01 -4.446758871e+01 -5.4791e-01 -1.2281e+00 -1.9070e+00 -3.1773e+00 -2.8785e-01
240 0 +2.565459011e+00 -4.458454099e+01 -4.458454099e+01 -6.2195e-01 -1.2593e+00 -1.9136e+00 -3.3047e+00 -3.6889e-01
250 0 +2.159216668e+00 -4.499078333e+01 -4.499078333e+01 -5.6350e-01 -1.2421e+00 -1.8529e+00 -3.2538e+00 -4.0273e-01
257 0 +1.800632046e+00 -4.534936795e+01 -4.534936795e+01 -5.4739e-01 -1.2217e+00 -1.8407e+00 -3.1655e+00 -4.0650e-01
301 0 +1.644024516e+00 -4.550597548e+01 -4.550597548e+01 -6.0053e-01 -1.2595e+00 -1.8617e+00 -3.1918e+00 -3.7101e-01
308 0 +1.565532791e+00 -4.558446721e+01 -4.558446721e+01 -5.5941e-01 -1.2036e+00 -1.8413e+00 -3.1438e+00 -3.3535e-01
317 0 +1.536291613e+00 -4.561370839e+01 -4.561370839e+01 -5.3121e-01 -1.1479e+00 -1.7996e+00 -3.1323e+00 -3.7664e-01
318 0 +1.421314845e+00 -4.572868515e+01 -4.572868515e+01 -5.2462e-01 -1.1686e+00 -1.8101e+00 -3.1364e+00 -3.5882e-01
327 0 +1.180219949e+00 -4.596978005e+01 -4.596978005e+01 -4.8221e-01 -1.0921e+00 -1.7180e+00 -3.1005e+00 -3.4625e-01
377 0 +1.106721789e+00 -4.604327821e+01 -4.604327821e+01 -5.2411e-01 -1.1317e+00 -1.7277e+00 -3.0883e+00 -3.3490e-01
389 0 +1.060329167e+00 -4.608967083e+01 -4.608967083e+01 -4.9322e-01 -1.1110e+00 -1.7109e+00 -3.0910e+00 -3.4534e-01
396 0 +1.016931253e+00 -4.613306875e+01 -4.613306875e+01 -4.8164e-01 -1.0990e+00 -1.7026e+00 -3.0543e+00 -3.2270e-01
399 0 +9.391289984e-01 -4.621087100e+01 -4.621087100e+01 -4.8840e-01 -1.0917e+00 -1.6817e+00 -3.0611e+00 -3.2280e-01
409 0 +8.848773081e-01 -4.626512269e+01 -4.626512269e+01 -4.8109e-01 -1.0850e+00 -1.6658e+00 -3.0350e+00 -3.1395e-01
425 0 +7.644265279e-01 -4.638557347e+01 -4.638557347e+01 -4.5850e-01 -1.0382e+00 -1.6033e+00 -2.9809e+00 -2.9101e-01
433 0 +7.330275489e-01 -4.641697245e+01 -4.641697245e+01 -4.5479e-01 -1.0413e+00 -1.5904e+00 -2.9534e+00 -2.7139e-01
443 0 +6.732218591e-01 -4.647677814e+01 -4.647677814e+01 -4.4273e-01 -1.0033e+00 -1.5349e+00 -2.9110e+00 -2.3020e-01
469 0 +6.013796897e-01 -4.654862031e+01 -4.654862031e+01 -4.1654e-01 -9.6068e-01 -1.4778e+00 -2.8463e+00 -1.7096e-01
504 0 +6.013796897e-01 -4.654862031e+01 -4.654862031e+01 -4.1654e-01 -9.6068e-01 -1.4778e+00 -2.8463e+00 -1.7096e-01
% f evaluations | g evaluations | best noise-free fitness - Fopt (3.752000000000e+01) + sum g_i+ | measured fitness | best measured fitness or single-digit g-values | x1 | x2...
1 0 +2.080724056e+04 +2.084476056e+04 +2.084476056e+04 +2.9714e-01 +4.4239e-01 +6.2422e-01 -3.5552e-01 +3.9598e-01
3 0 +1.389162037e+04 +1.392914037e+04 +1.392914037e+04 -3.2955e-01 -1.3606e-01 +1.2144e-01 -5.0500e-01 -5.3587e-01
6 0 +1.003543245e+04 +1.007295245e+04 +1.007295245e+04 -1.6333e-01 -5.7243e-01 +2.7494e-01 -2.4391e-01 +2.0724e-01
11 0 +8.404393108e+03 +8.441913108e+03 +8.441913108e+03 -3.9367e-01 -8.4033e-01 +5.5777e-01 -1.4391e-01 +5.5562e-01
15 0 +8.070917126e+03 +8.108437126e+03 +8.108437126e+03 -4.1137e-01 -8.8579e-01 +4.0594e-02 -4.1447e-01 +8.0003e-02
17 0 +6.107591297e+03 +6.145111297e+03 +6.145111297e+03 -4.9015e-01 -1.2326e+00 +2.3758e-01 -6.4371e-01 -4.4001e-01
25 0 +5.050661706e+03 +5.088181706e+03 +5.088181706e+03 -1.6516e-01 -1.0994e+00 +6.0468e-01 -7.5870e-01 -2.3215e-01
30 0 +2.935607662e+03 +2.973127662e+03 +2.973127662e+03 -3.1801e-01 -1.6174e+00 +3.3358e-01 -1.2947e+00 -1.4241e-01
40 0 +1.637522898e+03 +1.675042898e+03 +1.675042898e+03 +8.5652e-02 -2.0164e+00 +8.9344e-01 -1.1720e+00 +2.9712e-01
45 0 +1.257573949e+03 +1.295093949e+03 +1.295093949e+03 +4.8040e-02 -2.6774e+00 +1.7428e+00 -1.4647e+00 +1.3537e-01
51 0 +9.241712920e+02 +9.616912920e+02 +9.616912920e+02 +8.4264e-01 -1.9216e+00 +7.9286e-01 -2.4802e+00 +4.4308e-01
63 0 +4.437546535e+02 +4.812746535e+02 +4.812746535e+02 +1.1033e-01 -3.0245e+00 +1.6438e+00 -2.4164e+00 +1.3348e+00
64 0 +1.264292907e+02 +1.639492907e+02 +1.639492907e+02 +4.9933e-01 -2.3257e+00 +1.3264e+00 -2.0256e+00 +1.8843e+00
78 0 +1.064598772e+02 +1.439798772e+02 +1.439798772e+02 +6.5324e-01 -3.1874e+00 +1.5654e+00 -2.3324e+00 +2.0708e+00
121 0 +7.740705170e+01 +1.149270517e+02 +1.149270517e+02 +1.0064e+00 -3.2070e+00 +1.9829e+00 -2.7100e+00 +2.7090e+00
130 0 +6.491975581e+01 +1.024397558e+02 +1.024397558e+02 +1.2872e+00 -2.6806e+00 +2.6067e+00 -2.0723e+00 +2.5578e+00
141 0 +4.209996045e+01 +7.961996045e+01 +7.961996045e+01 +1.2194e+00 -2.3983e+00 +2.3235e+00 -2.3562e+00 +2.3707e+00
160 0 +1.407687178e+01 +5.159687178e+01 +5.159687178e+01 +1.1484e+00 -2.7358e+00 +1.8142e+00 -2.2256e+00 +1.9605e+00
162 0 +1.139423630e+01 +4.891423630e+01 +4.891423630e+01 +1.5381e+00 -2.8582e+00 +1.9979e+00 -2.4049e+00 +2.2408e+00
170 0 +5.571964722e+00 +4.309196472e+01 +4.309196472e+01 +1.1104e+00 -2.7735e+00 +1.9445e+00 -2.3772e+00 +2.0458e+00
225 0 +5.038975423e+00 +4.255897542e+01 +4.255897542e+01 +1.0765e+00 -2.7723e+00 +1.9579e+00 -2.4586e+00 +1.9328e+00
252 0 +4.901392507e+00 +4.242139251e+01 +4.242139251e+01 +1.3406e+00 -2.8683e+00 +1.8924e+00 -2.4417e+00 +1.9679e+00
270 0 +4.757055301e+00 +4.227705530e+01 +4.227705530e+01 +1.2309e+00 -2.8477e+00 +1.9444e+00 -2.4741e+00 +2.0261e+00
285 0 +4.666397626e+00 +4.218639763e+01 +4.218639763e+01 +1.2567e+00 -2.8979e+00 +1.9139e+00 -2.4835e+00 +2.0460e+00
292 0 +4.460035378e+00 +4.198003538e+01 +4.198003538e+01 +1.3006e+00 -2.9514e+00 +1.8922e+00 -2.4657e+00 +2.0183e+00
330 0 +4.361328592e+00 +4.188132859e+01 +4.188132859e+01 +1.4110e+00 -2.9263e+00 +1.9361e+00 -2.4728e+00 +1.9683e+00
334 0 +4.236344929e+00 +4.175634493e+01 +4.175634493e+01 +1.3631e+00 -2.9509e+00 +1.9209e+00 -2.4664e+00 +1.9923e+00
381 0 +4.163735807e+00 +4.168373581e+01 +4.168373581e+01 +1.3885e+00 -2.9470e+00 +1.9069e+00 -2.4614e+00 +1.9938e+00
402 0 +3.994159592e+00 +4.151415959e+01 +4.151415959e+01 +1.4889e+00 -2.9600e+00 +1.8980e+00 -2.4632e+00 +1.9853e+00
409 0 +3.960858794e+00 +4.148085879e+01 +4.148085879e+01 +1.5115e+00 -2.9507e+00 +1.8996e+00 -2.4639e+00 +1.9821e+00
435 0 +3.857235530e+00 +4.137723553e+01 +4.137723553e+01 +1.5617e+00 -2.9431e+00 +1.9069e+00 -2.4713e+00 +1.9842e+00
450 0 +3.793044408e+00 +4.131304441e+01 +4.131304441e+01 +1.5908e+00 -2.9492e+00 +1.9078e+00 -2.4461e+00 +2.0070e+00
455 0 +3.703071397e+00 +4.122307140e+01 +4.122307140e+01 +1.6400e+00 -2.9519e+00 +1.9027e+00 -2.4799e+00 +1.9972e+00
460 0 +3.626861591e+00 +4.114686159e+01 +4.114686159e+01 +1.6583e+00 -2.9397e+00 +1.9155e+00 -2.4612e+00 +2.0066e+00
504 0 +3.626861591e+00 +4.114686159e+01 +4.114686159e+01 +1.6583e+00 -2.9397e+00 +1.9155e+00 -2.4612e+00 +2.0066e+00
% f evaluations | g evaluations | best noise-free fitness - Fopt (6.740000000000e+00) + sum g_i+ | measured fitness | best measured fitness or single-digit g-values | x1 | x2...
1 0 +1.677680728e+03 +1.684420728e+03 +1.684420728e+03 +9.0525e-02 +3.2149e-01 -2.9709e-01 -4.0970e-02 -3.0896e-01
9 0 +1.370982266e+03 +1.377722266e+03 +1.377722266e+03 -9.8230e-02 -5.6670e-02 -3.7546e-01 +1.0157e-01 -7.0328e-01
11 0 +1.084632331e+03 +1.091372331e+03 +1.091372331e+03 +5.1804e-02 -4.3577e-01 -6.3750e-01 -1.1156e-01 -2.4631e-01
16 0 +1.013121301e+03 +1.019861301e+03 +1.019861301e+03 +2.4358e-01 +6.4043e-02 -6.5359e-01 -4.1813e-01 -4.1804e-02
17 0 +7.970860091e+02 +8.038260091e+02 +8.038260091e+02 +3.2783e-01 -3.2475e-01 -8.0458e-01 -3.8180e-01 -3.7891e-01
23 0 +7.030387966e+02 +7.097787966e+02 +7.097787966e+02 -1.8161e-01 -3.4466e-01 -1.0959e+00 -6.9972e-01 -5.0087e-02
25 0 +6.782213496e+02 +6.849613496e+02 +6.849613496e+02 -7.5932e-02 -1.9246e-01 -1.1476e+00 -1.6729e-01 -1.2856e-01
28 0 +6.504530179e+02 +6.571930179e+02 +6.571930179e+02 +5.2581e-02 -7.4369e-02 -9.5425e-01 -3.2726e-01 -3.2780e-01
36 0 +4.692566229e+02 +4.759966229e+02 +4.759966229e+02 +5.1102e-02 -1.4708e-01 -1.9768e+00 -4.9413e-01 -1.0018e+00
41 0 +4.044035827e+02 +4.111435827e+02 +4.111435827e+02 +4.4370e-02 +3.7919e-01 -2.2830e+00 -1.9116e-01 -9.5223e-01
48 0 +3.927332022e+02 +3.994732022e+02 +3.994732022e+02 -3.6103e-02 +4.5420e-02 -2.0054e+00 -3.4946e-01 -6.7742e-01
51 0 +3.694062140e+02 +3.761462140e+02 +3.761462140e+02 +7.1318e-01 +5.0480e-01 -2.2292e+00 -3.2004e-01 -1.3486e+00
63 0 +3.322340806e+02 +3.389740806e+02 +3.389740806e+02 -1.1055e-01 +2.3520e-01 -1.4303e+00 -3.4320e-01 -8.7787e-01
70 0 +2.616154039e+02 +2.683554039e+02 +2.683554039e+02 -2.9070e-01 +9.8718e-01 -1.5479e+00 -2.9777e-01 -1.6117e+00
76 0 +2.142736232e+02 +2.210136232e+02 +2.210136232e+02 -1.6701e-01 +8.6277e-01 -2.1188e+00 +6.1480e-02 -1.9619e+00
83 0 +1.594263938e+02 +1.661663938e+02 +1.661663938e+02 +6.3057e-01 +1.1077e+00 -1.6585e+00 +6.6414e-01 -2.3494e+00
94 0 +5.346882440e+01 +6.020882440e+01 +6.020882440e+01 +3.2114e-01 +1.0714e+00 -1.5027e+00 +8.3577e-01 -3.2326e+00
159 0 +5.188444908e+01 +5.862444908e+01 +5.862444908e+01 +6.0027e-01 +4.2330e-01 -2.0486e+00 +1.7168e+00 -3.3100e+00
255 0 +4.816711435e+01 +5.490711435e+01 +5.490711435e+01 +1.8501e-01 +5.7828e-01 -1.9760e+00 +1.8616e+00 -3.1196e+00
258 0 +2.563315477e+01 +3.237315477e+01 +3.237315477e+01 +3.4024e-01 +8.8111e-01 -1.4998e+00 +1.5392e+00 -3.3420e+00
272 0 +2.473601548e+01 +3.147601548e+01 +3.147601548e+01 +8.1462e-02 +5.9210e-01 -1.4897e+00 +1.5025e+00 -3.3465e+00
273 0 +1.881811843e+01 +2.555811843e+01 +2.555811843e+01 +1.9536e-01 +5.3824e-01 -1.5006e+00 +1.1640e+00 -3.4804e+00
282 0 +1.681207784e+01 +2.355207784e+01 +2.355207784e+01 +3.1419e-01 +5.9885e-01 -1.4511e+00 +1.4613e+00 -3.5256e+00
285 0 +6.635063948e+00 +1.337506395e+01 +1.337506395e+01 +1.3281e-01 +5.6647e-01 -1.8482e+00 +1.3165e+00 -3.7631e+00
318 0 +4.937297137e+00 +1.167729714e+01 +1.167729714e+01 +3.6987e-01 +6.5208e-01 -1.7589e+00 +1.2746e+00 -3.6337e+00
348 0 +4.007735126e+00 +1.074773513e+01 +1.074773513e+01 +2.0818e-01 +6.8146e-01 -1.7226e+00 +1.2252e+00 -3.7366e+00
404 0 +3.782136368e+00 +1.052213637e+01 +1.052213637e+01 +3.1628e-01 +6.6837e-01 -1.7695e+00 +1.2239e+00 -3.7556e+00
411 0 +3.658879215e+00 +1.039887921e+01 +1.039887921e+01 +3.2801e-01 +6.7527e-01 -1.7400e+00 +1.2247e+00 -3.7536e+00
427 0 +3.624361396e+00 +1.036436140e+01 +1.036436140e+01 +3.5332e-01 +6.7639e-01 -1.7373e+00 +1.2280e+00 -3.7193e+00
449 0 +3.476955926e+00 +1.021695593e+01 +1.021695593e+01 +3.9850e-01 +7.0515e-01 -1.7265e+00 +1.2485e+00 -3.7314e+00
475 0 +3.467301398e+00 +1.020730140e+01 +1.020730140e+01 +4.2706e-01 +7.4138e-01 -1.7295e+00 +1.2438e+00 -3.7181e+00
482 0 +3.284528591e+00 +1.002452859e+01 +1.002452859e+01 +4.6641e-01 +7.4606e-01 -1.7369e+00 +1.2365e+00 -3.7307e+00
495 0 +3.203971235e+00 +9.943971235e+00 +9.943971235e+00 +4.9901e-01 +7.7573e-01 -1.7171e+00 +1.2452e+00 -3.7429e+00
504 0 +3.203971235e+00 +9.943971235e+00 +9.943971235e+00 +4.9901e-01 +7.7573e-01 -1.7171e+00 +1.2452e+00 -3.7429e+00
% f evaluations | g evaluations | best noise-free fitness - Fopt (-1.897900000000e+02) + sum g_i+ | measured fitness | best measured fitness or single-digit g-values | x1 | x2...
1 0 +6.001700309e+03 +5.811910309e+03 +5.811910309e+03 +1.1969e-01 -1.1407e-01 +3.4924e-01 +1.5661e-01 +1.1342e-01
2 0 +4.406632675e+03 +4.216842675e+03 +4.216842675e+03 -1.9543e-01 +3.2482e-01 +2.4116e-01 +2.5113e-01 +3.0343e-01
7 0 +3.172567002e+03 +2.982777002e+03 +2.982777002e+03 -2.9092e-01 +1.5071e-01 +2.9164e-01 -1.7204e-01 +2.1811e-01
13 0 +1.885586165e+03 +1.695796165e+03 +1.695796165e+03 -7.7534e-01 +5.0072e-01 +1.0695e+00 -3.3631e-01 -1.9624e-01
17 0 +1.743355969e+03 +1.553565969e+03 +1.553565969e+03 -6.5900e-01 +7.6419e-02 +9.0438e-01 -6.0780e-01 +2.0654e-01
26 0 +1.681985488e+03 +1.492195488e+03 +1.492195488e+03 -8.7865e-01 +3.8875e-01 +7.3013e-01 -3.4109e-01 +1.5170e-01
28 0 +1.198387110e+03 +1.008597110e+03 +1.008597110e+03 -6.0027e-01 +2.3271e-01 +1.3470e+00 -7.3881e-01 +5.8099e-01
32 0 +8.122586087e+02 +6.224686087e+02 +6.224686087e+02 -4.8866e-01 +1.6357e+00 +1.1526e+00 -8.1421e-01 -1.6215e-01
36 0 +6.856680445e+02 +4.958780445e+02 +4.958780445e+02 -1.2167e+00 +1.1194e+00 +1.6984e+00 -1.3073e+00 -1.0636e+00
37 0 +2.569340553e+02 +6.714405526e+01 +6.714405526e+01 -7.8379e-01 +1.0201e+00 +1.4341e+00 -1.2227e+00 +7.1256e-01
41 0 +1.483939189e+02 -4.139608114e+01 -4.139608114e+01 -1.4715e+00 +1.4459e+00 +1.9865e+00 -1.3799e+00 +2.6879e-01
43 0 +1.271720850e+02 -6.261791502e+01 -6.261791502e+01 -1.1679e+00 +1.9188e+00 +1.7770e+00 -1.7299e+00 +1.5119e-01
52 0 +9.417630014e+01 -9.561369986e+01 -9.561369986e+01 -7.2604e-01 +1.8824e+00 +2.2728e+00 -1.8893e+00 +5.2136e-01
55 0 +4.829686656e+01 -1.414931334e+02 -1.414931334e+02 -2.1518e+00 +1.0616e+00 +2.0823e+00 -1.9925e+00 +1.2985e+00
106 0 +3.868644203e+01 -1.511035580e+02 -1.511035580e+02 -2.2839e+00 +1.8274e+00 +1.6468e+00 -1.9982e+00 +1.6371e+00
120 0 +1.676719086e+01 -1.730228091e+02 -1.730228091e+02 -2.2710e+00 +1.3085e+00 +1.6486e+00 -1.9253e+00 +1.3528e+00
164 0 +8.056823682e+00 -1.817331763e+02 -1.817331763e+02 -1.0354e+00 +1.8915e+00 +1.9368e+00 -1.6016e+00 +1.4203e+00
175 0 +5.071523984e+00 -1.847184760e+02 -1.847184760e+02 -1.4111e+00 +1.4094e+00 +1.6544e+00 -1.6897e+00 +1.2545e+00
268 0 +4.215988621e+00 -1.855740114e+02 -1.855740114e+02 -1.5261e+00 +1.3710e+00 +1.7065e+00 -1.7381e+00 +1.1747e+00
269 0 +3.888159713e+00 -1.859018403e+02 -1.859018403e+02 -1.5721e+00 +1.3110e+00 +1.7111e+00 -1.8178e+00 +1.1861e+00
316 0 +3.621142899e+00 -1.861688571e+02 -1.861688571e+02 -1.4889e+00 +1.3610e+00 +1.6787e+00 -1.7862e+00 +1.2235e+00
342 0 +3.501054720e+00 -1.862889453e+02 -1.862889453e+02 -1.5084e+00 +1.3633e+00 +1.6576e+00 -1.8071e+00 +1.1761e+00
364 0 +3.437027321e+00 -1.863529727e+02 -1.863529727e+02 -1.4565e+00 +1.3664e+00 +1.6624e+00 -1.8291e+00 +1.1870e+00
387 0 +3.371865199e+00 -1.864181348e+02 -1.864181348e+02 -1.4201e+00 +1.3864e+00 +1.6825e+00 -1.7924e+00 +1.1966e+00
398 0 +3.261652271e+00 -1.865283477e+02 -1.865283477e+02 -1.3979e+00 +1.4084e+00 +1.6827e+00 -1.7927e+00 +1.1938e+00
406 0 +3.222922763e+00 -1.865670772e+02 -1.865670772e+02 -1.3821e+00 +1.4238e+00 +1.6910e+00 -1.7877e+00 +1.1932e+00
413 0 +3.087857089e+00 -1.867021429e+02 -1.867021429e+02 -1.3640e+00 +1.4430e+00 +1.6915e+00 -1.8036e+00 +1.1865e+00
421 0 +3.001848055e+00 -1.867881519e+02 -1.867881519e+02 -1.2808e+00 +1.5185e+00 +1.6763e+00 -1.8054e+00 +1.1688e+00
449 0 +2.558892426e+00 -1.872311076e+02 -1.872311076e+02 -1.2082e+00 +1.5877e+00 +1.7533e+00 -1.8105e+00 +1.1807e+00
487 0 +2.494534472e+00 -1.872954655e+02 -1.872954655e+02 -1.1226e+00 +1.6539e+00 +1.7611e+00 -1.8134e+00 +1.1922e+00
504 0 +2.494534472e+00 -1.872954655e+02 -1.872954655e+02 -1.1226e+00 +1.6539e+00 +1.7611e+00 -1.8134e+00 +1.1922e+00
% f evaluations | g evaluations | best noise-free fitness - Fopt (-2.774000000000e+01) + sum g_i+ | measured fitness | best measured fitness or single-digit g-values | x1 | x2...
1 0 +1.177540428e+04 +1.174766428e+04 +1.174766428e+04 +1.4405e-01 -4.8868e-02 -6.5952e-02 +1.8408e-02 -1.9635e-01
2 0 +1.081492513e+04 +1.078718513e+04 +1.078718513e+04 +3.6050e-01 -1.7975e-01 -4.6948e-02 -5.4287e-01 -3.4547e-01
5 0 +9.401532368e+03 +9.373792368e+03 +9.373792368e+03 -2.7110e-01 -2.2898e-01 -2.1809e-01 +6.0346e-01 -9.6412e-02
6 0 +8.938248572e+03 +8.910508572e+03 +8.910508572e+03 -1.7117e-02 -3.0687e-01 -1.3939e-01 +7.3933e-01 +2.1563e-02
12 0 +7.947141919e+03 +7.919401919e+03 +7.919401919e+03 +3.7490e-01 -3.0662e-01 -4.9300e-01 -6.3721e-01 +1.1202e-01
18 0 +5.076301441e+03 +5.048561441e+03 +5.048561441e+03 +5.4182e-01 -5.8286e-01 -6.0376e-01 -2.7854e-01 -2.7449e-01
20 0 +2.742115648e+03 +2.714375648e+03 +2.714375648e+03 +8.5409e-01 -9.1020e-01 -1.1459e+00 -9.6526e-01 -4.1782e-01
25 0 +2.647578657e+03 +2.619838657e+03 +2.619838657e+03 +3.9956e-01 -1.2162e+00 -7.5287e-01 -1.3340e+00 -5.0169e-01
26 0 +2.245048522e+03 +2.217308522e+03 +2.217308522e+03 -5.5496e-01 -1.3536e+00 -7.2828e-01 -8.3204e-01 +5.8418e-01
31 0 +5.286121113e+02 +5.008721113e+02 +5.008721113e+02 +8.4152e-01 -1.6878e+00 -1.6629e+00 -1.2051e+00 +2.2310e-01
44 0 +4.363881811e+02 +4.086481811e+02 +4.086481811e+02 +7.3614e-01 -1.8051e+00 -1.6797e+00 -1.4642e+00 -8.5754e-02
47 0 +2.845450709e+02 +2.568050709e+02 +2.568050709e+02 -3.1952e-01 -2.8075e+00 -2.5587e+00 -1.6237e+00 +1.2959e+00
75 0 +9.543375630e+01 +6.769375630e+01 +6.769375630e+01 -7.8983e-01 -2.6352e+00 -2.4446e+00 -8.5947e-01 +3.6870e-01
89 0 +3.622743878e+01 +8.487438779e+00 +8.487438779e+00 -7.6658e-01 -3.4032e+00 -2.3877e+00 -6.3942e-01 -1.6674e-02
157 0 +3.196740203e+01 +4.227402030e+00 +4.227402030e+00 -6.6074e-01 -3.0759e+00 -2.1577e+00 -8.2916e-01 -8.7244e-02
164 0 +2.661997616e+01 -1.120023843e+00 -1.120023843e+00 -2.6631e-01 -3.0636e+00 -2.2581e+00 -9.0525e-01 -1.9665e-01
181 0 +2.024886883e+01 -7.491131169e+00 -7.491131169e+00 -4.1206e-01 -3.1267e+00 -2.3393e+00 -8.8008e-01 -3.7435e-01
190 0 +1.366586776e+01 -1.407413224e+01 -1.407413224e+01 -4.3319e-01 -3.2368e+00 -2.4134e+00 -9.9011e-01 -2.9922e-01
206 0 +1.309684197e+01 -1.464315803e+01 -1.464315803e+01 -7.1066e-01 -3.1381e+00 -2.3959e+00 -1.1879e+00 -3.8513e-01
207 0 +1.118374920e+01 -1.655625080e+01 -1.655625080e+01 -1.1480e+00 -2.6662e+00 -2.2529e+00 -1.1714e+00 -4.6906e-01
217 0 +9.608920245e+00 -1.813107976e+01 -1.813107976e+01 -9.8609e-01 -2.8378e+00 -2.2458e+00 -8.0045e-01 -2.7560e-01
257 0 +8.653993623e+00 -1.908600638e+01 -1.908600638e+01 -1.0642e+00 -2.8439e+00 -2.4051e+00 -1.1668e+00 -5.7057e-01
258 0 +6.788543290e+00 -2.095145671e+01 -2.095145671e+01 -8.6958e-01 -3.1716e+00 -2.5712e+00 -1.1393e+00 -4.9997e-01
268 0 +6.737980329e+00 -2.100201967e+01 -2.100201967e+01 -1.0097e+00 -2.9316e+00 -2.6049e+00 -1.1673e+00 -4.7374e-01
295 0 +6.176563811e+00 -2.156343619e+01 -2.156343619e+01 -9.8474e-01 -2.8743e+00 -2.4924e+00 -1.1568e+00 -4.3779e-01
306 0 +5.569230819e+00 -2.217076918e+01 -2.217076918e+01 -9.8501e-01 -2.9265e+00 -2.4268e+00 -9.8716e-01 -3.6154e-01
314 0 +5.342035089e+00 -2.239796491e+01 -2.239796491e+01 -1.0195e+00 -2.9637e+00 -2.4844e+00 -1.0415e+00 -4.2383e-01
322 0 +5.246286477e+00 -2.249371352e+01 -2.249371352e+01 -9.5102e-01 -3.0310e+00 -2.4985e+00 -1.1106e+00 -4.2484e-01
341 0 +4.943628147e+00 -2.279637185e+01 -2.279637185e+01 -1.0038e+00 -2.9576e+00 -2.4708e+00 -1.0504e+00 -3.8540e-01
347 0 +4.827287171e+00 -2.291271283e+01 -2.291271283e+01 -1.0228e+00 -2.9262e+00 -2.4647e+00 -1.0671e+00 -3.5790e-01
362 0 +4.773687049e+00 -2.296631295e+01 -2.296631295e+01 -1.0396e+00 -2.9224e+00 -2.4858e+00 -1.0985e+00 -4.1063e-01
411 0 +4.551655071e+00 -2.318834493e+01 -2.318834493e+01 -1.0671e+00 -2.8302e+00 -2.3946e+00 -1.0454e+00 -3.8313e-01
458 0 +4.448176951e+00 -2.329182305e+01 -2.329182305e+01 -1.1065e+00 -2.7618e+00 -2.2971e+00 -9.7568e-01 -3.6934e-01
504 0 +4.331590270e+00 -2.340840973e+01 -2.340840973e+01 -1.1559e+00 -2.6906e+00 -2.2011e+00 -9.0772e-01 -3.5135e-01
% f evaluations | g evaluations | best noise-free fitness - Fopt (6.930000000000e+00) + sum g_i+ | measured fitness | best measured fitness or single-digit g-values | x1 | x2...
1 0 +3.408993864e+03 +3.415923864e+03 +3.415923864e+03 +5.0763e-02 +2.2502e-01 -4.2248e-01 -1.3416e-01 +1.2556e-02
7 0 +3.261450249e+03 +3.268380249e+03 +3.268380249e+03 -5.0877e-01 +8.4687e-02 +2.7187e-01 -1.2056e-01 +1.7422e-01
9 0 +2.853198244e+03 +2.860128244e+03 +2.860128244e+03 -1.4766e-01 +7.3073e-03 +6.0464e-01 -4.5624e-01 +9.4107e-01
11 0 +1.485076675e+03 +1.492006675e+03 +1.492006675e+03 -5.7450e-01 +2.0509e-01 +1.6107e-01 -6.6525e-01 +2.3700e-01
25 0 +1.077145188e+03 +1.084075188e+03 +1.084075188e+03 -5.6001e-01 -8.7594e-02 -8.3093e-02 -6.3718e-01 +5.1472e-01
29 0 +9.989977367e+02 +1.005927737e+03 +1.005927737e+03 -5.3046e-01 +3.2829e-01 +1.2346e-01 -1.2299e+00 +3.6302e-01
33 0 +8.561009438e+02 +8.630309438e+02 +8.630309438e+02 -5.2267e-01 -1.9877e-01 -2.9256e-01 -6.8993e-01 +5.9237e-01
39 0 +7.555708614e+02 +7.625008614e+02 +7.625008614e+02 -1.1804e+00 +1.3860e-01 +7.4897e-02 -1.2365e+00 +5.5481e-01
42 0 +5.160519286e+02 +5.229819286e+02 +5.229819286e+02 -1.4755e+00 +5.5812e-02 -2.9983e-01 -8.4808e-01 +5.3850e-01
44 0 +3.550824604e+02 +3.620124604e+02 +3.620124604e+02 -7.7073e-01 +3.4595e-01 -3.2008e-01 -1.3061e+00 +3.5458e-01
47 0 +3.213949446e+02 +3.283249446e+02 +3.283249446e+02 -1.0369e+00 +4.5839e-01 -2.7328e-01 -1.3720e+00 +9.0810e-01
56 0 +2.796075123e+02 +2.865375123e+02 +2.865375123e+02 -6.5536e-01 -1.9808e-01 -4.5972e-01 -1.4902e+00 +5.6960e-01
61 0 +1.883976890e+02 +1.953276890e+02 +1.953276890e+02 -1.0611e+00 -3.6479e-01 -6.7357e-01 -2.0054e+00 +5.6266e-01
67 0 +1.305853411e+02 +1.375153411e+02 +1.375153411e+02 -1.3739e+00 -3.6170e-01 -1.1232e+00 -1.9978e+00 +7.0109e-01
76 0 +8.986775811e+01 +9.679775811e+01 +9.679775811e+01 -1.1043e+00 +1.3470e-01 -7.9416e-01 -1.7078e+00 +5.0180e-01
80 0 +8.893243818e+01 +9.586243818e+01 +9.586243818e+01 -1.4957e+00 -2.8870e-01 -7.2008e-01 -1.5988e+00 +7.3754e-01
89 0 +5.920269657e+01 +6.613269657e+01 +6.613269657e+01 -1.3076e+00 -1.1583e-01 -1.1392e+00 -2.0479e+00 +3.1502e-01
108 0 +4.877988699e+01 +5.570988699e+01 +5.570988699e+01 -1.0856e+00 +6.2354e-02 -1.3009e+00 -2.2683e+00 +1.6013e-01
113 0 +3.166880292e+01 +3.859880292e+01 +3.859880292e+01 -1.7552e+00 +3.5326e-01 -1.5587e+00 -2.3516e+00 +3.0363e-01
115 0 +2.090835876e+01 +2.783835876e+01 +2.783835876e+01 -1.4410e+00 +2.6071e-01 -1.5264e+00 -2.3164e+00 +1.7122e-01
133 0 +1.621466298e+01 +2.314466298e+01 +2.314466298e+01 -1.4463e+00 +5.6693e-01 -1.3815e+00 -2.1752e+00 -9.5193e-03
147 0 +1.121218901e+01 +1.814218901e+01 +1.814218901e+01 -1.2659e+00 +3.3782e-01 -1.6080e+00 -2.3426e+00 +1.7422e-02
149 0 +8.918652133e+00 +1.584865213e+01 +1.584865213e+01 -1.1684e+00 +5.0171e-01 -1.5970e+00 -2.5646e+00 -3.9962e-02
153 0 +8.090896507e+00 +1.502089651e+01 +1.502089651e+01 -1.1265e+00 +4.5675e-01 -1.7483e+00 -2.5244e+00 -7.2438e-02
172 0 +7.592099519e+00 +1.452209952e+01 +1.452209952e+01 -1.2439e+00 +5.1775e-01 -1.7679e+00 -2.5818e+00 -4.2307e-02
183 0 +4.438743704e+00 +1.136874370e+01 +1.136874370e+01 -1.0919e+00 +6.8190e-01 -1.6439e+00 -2.5009e+00 -1.5016e-01
196 0 +3.440762083e+00 +1.037076208e+01 +1.037076208e+01 -8.9009e-01 +7.9876e-01 -1.6925e+00 -2.4560e+00 -1.6459e-01
242 0 +2.974205282e+00 +9.904205282e+00 +9.904205282e+00 -1.0089e+00 +7.2737e-01 -1.6564e+00 -2.4313e+00 -1.2118e-01
243 0 +2.950573932e+00 +9.880573932e+00 +9.880573932e+00 -9.2084e-01 +8.1109e-01 -1.5884e+00 -2.4363e+00 -1.0095e-01
281 0 +2.738198400e+00 +9.668198400e+00 +9.668198400e+00 -9.2247e-01 +8.0970e-01 -1.6463e+00 -2.3801e+00 -9.8145e-02
341 0 +2.174078257e+00 +9.104078257e+00 +9.104078257e+00 -7.8338e-01 +9.5042e-01 -1.5181e+00 -2.3645e+00 -1.4943e-01
368 0 +1.899832405e+00 +8.829832405e+00 +8.829832405e+00 -7.3269e-01 +1.0091e+00 -1.4970e+00 -2.3581e+00 -1.0860e-01
381 0 +1.757038697e+00 +8.687038697e+00 +8.687038697e+00 -7.1831e-01 +1.0622e+00 -1.4009e+00 -2.3271e+00 -1.2639e-01
425 0 +1.535304282e+00 +8.465304282e+00 +8.465304282e+00 -6.5522e-01 +1.1352e+00 -1.3624e+00 -2.3074e+00 -1.3604e-01
446 0 +1.486769138e+00 +8.416769138e+00 +8.416769138e+00 -6.8222e-01 +1.1306e+00 -1.3481e+00 -2.2785e+00 -9.9592e-02
460 0 +1.472581692e+00 +8.402581692e+00 +8.402581692e+00 -6.7476e-01 +1.1067e+00 -1.3834e+00 -2.2923e+00 -9.6549e-02
474 0 +1.227941800e+00 +8.157941800e+00 +8.157941800e+00 -6.2883e-01 +1.1707e+00 -1.3075e+00 -2.2566e+00 -8.6544e-02
494 0 +1.089618588e+00 +8.019618588e+00 +8.019618588e+00 -6.2234e-01 +1.1932e+00 -1.2643e+00 -2.2061e+00 -6.8883e-02
504 0 +1.089618588e+00 +8.019618588e+00 +8.019618588e+00 -6.2234e-01 +1.1932e+00 -1.2643e+00 -2.2061e+00 -6.8883e-02
% f evaluations | g evaluations | best noise-free fitness - Fopt (-4.456000000000e+01) + sum g_i+ | measured fitness | best measured fitness or single-digit g-values | x1 | x2...
1 0 +8.120776159e+03 +8.076216159e+03 +8.076216159e+03 +5.8564e-02 +6.3424e-02 -7.6170e-02 -2.0130e-01 -3.1587e-01
2 0 +6.708192459e+03 +6.663632459e+03 +6.663632459e+03 +2.1328e-01 -1.9659e-01 -1.2835e-01 +4.3595e-01 +3.7217e-01
3 0 +4.619179570e+03 +4.574619570e+03 +4.574619570e+03 +3.2714e-02 -3.0392e-01 +2.4847e-01 -1.6252e-01 +5.8580e-01
9 0 +4.107412291e+03 +4.062852291e+03 +4.062852291e+03 +8.2455e-01 -3.9545e-01 -1.0026e-01 -6.7586e-02 +4.1871e-01
10 0 +1.949645023e+03 +1.905085023e+03 +1.905085023e+03 +4.1190e-01 -9.0256e-01 -2.2037e-01 -3.5928e-01 +3.4726e-01
12 0 +1.661115033e+03 +1.616555033e+03 +1.616555033e+03 +1.3705e-01 -1.0149e+00 -4.8754e-02 -1.0091e-01 +1.0731e+00
18 0 +8.476156843e+02 +8.030556843e+02 +8.030556843e+02 +1.5712e-01 -1.4120e+00 +1.9761e-01 +4.5437e-02 +1.4371e+00
28 0 +6.759334068e+02 +6.313734068e+02 +6.313734068e+02 +1.3667e+00 -2.2029e+00 +1.9321e-01 -3.0094e-01 +1.3509e+00
34 0 +5.660655753e+02 +5.215055753e+02 +5.215055753e+02 +1.0446e+00 -1.7084e+00 +7.8891e-04 -3.4975e-01 +1.8111e+00
42 0 +2.532863755e+02 +2.087263755e+02 +2.087263755e+02 +2.3473e-01 -2.5126e+00 +7.0077e-01 -4.3860e-01 +1.2895e+00
45 0 +2.120698444e+02 +1.675098444e+02 +1.675098444e+02 +2.2196e-01 -2.7519e+00 -3.4299e-01 -5.1521e-01 +1.1501e+00
61 0 +1.710681922e+02 +1.265081922e+02 +1.265081922e+02 +6.4168e-01 -2.5493e+00 -3.5205e-01 -2.2806e-01 +9.0324e-01
73 0 +1.654983878e+02 +1.209383878e+02 +1.209383878e+02 +3.8527e-01 -2.9591e+00 -1.0457e-01 -4.4333e-01 +5.1121e-01
112 0 +1.413314198e+02 +9.677141984e+01 +9.677141984e+01 -5.8890e-01 -2.4806e+00 -4.6687e-01 -3.1728e-01 +7.5748e-01
191 0 +1.380226617e+02 +9.346266170e+01 +9.346266170e+01 -3.4455e-01 -2.3419e+00 +3.8924e-01 -6.7567e-01 +1.1578e-01
195 0 +6.486828424e+01 +2.030828424e+01 +2.030828424e+01 +3.4239e-01 -1.9621e+00 +1.1108e+00 -9.1773e-01 -2.1527e-01
216 0 +2.938533915e+01 -1.517466085e+01 -1.517466085e+01 -5.7628e-01 -2.3291e+00 +9.3090e-01 -1.2056e+00 -1.1008e+00
251 0 +2.649284832e+01 -1.806715168e+01 -1.806715168e+01 +2.7202e-01 -2.1425e+00 +1.0941e+00 -1.0987e+00 -8.3576e-01
277 0 +1.692932230e+01 -2.763067770e+01 -2.763067770e+01 +6.3667e-01 -2.1306e+00 +8.0656e-01 -1.3458e+00 -1.0576e+00
293 0 +1.179596503e+01 -3.276403497e+01 -3.276403497e+01 +2.7597e-01 -2.2524e+00 +8.7988e-01 -1.3801e+00 -1.1545e+00
304 0 +5.546087392e+00 -3.901391261e+01 -3.901391261e+01 +4.6238e-01 -2.0968e+00 +9.3456e-01 -1.4908e+00 -1.3594e+00
314 0 +2.756339319e+00 -4.180366068e+01 -4.180366068e+01 +5.2779e-01 -2.0529e+00 +1.0868e+00 -1.4213e+00 -1.2967e+00
357 0 +2.064039958e+00 -4.249596004e+01 -4.249596004e+01 +6.1199e-01 -2.0178e+00 +1.0452e+00 -1.5273e+00 -1.3310e+00
360 0 +1.806430604e+00 -4.275356940e+01 -4.275356940e+01 +6.0315e-01 -2.0302e+00 +1.0848e+00 -1.4583e+00 -1.3101e+00
403 0 +1.640565825e+00 -4.291943418e+01 -4.291943418e+01 +6.0373e-01 -2.0173e+00 +1.0172e+00 -1.5299e+00 -1.2580e+00
445 0 +1.481995276e+00 -4.307800472e+01 -4.307800472e+01 +5.3689e-01 -2.0807e+00 +1.0409e+00 -1.5044e+00 -1.2737e+00
450 0 +1.374517623e+00 -4.318548238e+01 -4.318548238e+01 +5.3624e-01 -2.0878e+00 +1.0099e+00 -1.5144e+00 -1.2741e+00
451 0 +1.278150308e+00 -4.328184969e+01 -4.328184969e+01 +5.4763e-01 -2.1022e+00 +9.8010e-01 -1.5465e+00 -1.2623e+00
486 0 +1.242652161e+00 -4.331734784e+01 -4.331734784e+01 +5.5764e-01 -2.0847e+00 +1.0137e+00 -1.5019e+00 -1.2570e+00
493 0 +1.221909792e+00 -4.333809021e+01 -4.333809021e+01 +5.5272e-01 -2.0795e+00 +1.0287e+00 -1.5150e+00 -1.2553e+00
497 0 +1.198921061e+00 -4.336107894e+01 -4.336107894e+01 +5.6393e-01 -2.0593e+00 +1.0282e+00 -1.5275e+00 -1.2636e+00
504 0 +1.198921061e+00 -4.336107894e+01 -4.336107894e+01 +5.6393e-01 -2.0593e+00 +1.0282e+00 -1.5275e+00 -1.2636e+00
% f evaluations | g evaluations | best noise-free fitness - Fopt (1.000000000000e+03) + sum g_i+ | measured fitness | best measured fitness or single-digit g-values | x1 | x2...
1 0 +2.191302369e+04 +2.291302369e+04 +2.291302369e+04 -2.8940e-01 -6.4227e-02 -1.7690e-01 +4.2461e-01 -1.8052e-01
3 0 +9.966854557e+03 +1.096685456e+04 +1.096685456e+04 -2.5592e-01 -2.2670e-01 -2.5302e-01 -5.1655e-01 +3.3370e-01
12 0 +9.413853879e+03 +1.041385388e+04 +1.041385388e+04 -2.7057e-01 +1.6401e-01 -7.2637e-01 -8.4592e-01 +1.5157e-01
19 0 +8.522391449e+03 +9.522391449e+03 +9.522391449e+03 -4.0546e-01 -2.0040e-01 +1.7604e-02 -4.8030e-01 +7.3541e-01
30 0 +5.743019977e+03 +6.743019977e+03 +6.743019977e+03 -6.7266e-01 -6.8530e-02 +2.3497e-02 -7.5154e-01 +4.4148e-01
33 0 +2.975981115e+03 +3.975981115e+03 +3.975981115e+03 -1.2943e+00 -1.7240e-01 -4.3758e-01 -8.6863e-01 +4.6927e-01
42 0 +2.244166080e+03 +3.244166080e+03 +3.244166080e+03 -2.1782e+00 -2.0048e-01 -8.4253e-01 -1.5426e+00 +1.1137e+00
49 0 +2.030139817e+03 +3.030139817e+03 +3.030139817e+03 -1.8375e+00 -9.2128e-02 -3.6707e-01 -1.6796e+00 +1.0261e+00
50 0 +8.505113807e+02 +1.850511381e+03 +1.850511381e+03 -2.1897e+00 -9.7442e-01 +2.7151e-01 -1.0232e+00 +7.1678e-01
52 0 +6.372134047e+02 +1.637213405e+03 +1.637213405e+03 -2.0203e+00 -1.2569e+00 -4.7731e-02 -1.2716e+00 -2.4148e-01
66 0 +3.228348172e+02 +1.322834817e+03 +1.322834817e+03 -2.9194e+00 -1.8581e+00 +1.2269e+00 -1.7607e+00 -4.0947e-01
76 0 +1.322559833e+02 +1.132255983e+03 +1.132255983e+03 -3.9229e+00 -9.3053e-01 +2.3366e+00 -1.0966e+00 +1.5814e+00
131 0 +5.951068249e+01 +1.059510682e+03 +1.059510682e+03 -2.7985e+00 -1.9142e+00 +1.0133e+00 -2.8928e+00 -3.5016e+00
228 0 +2.071453862e+01 +1.020714539e+03 +1.020714539e+03 -4.1258e+00 -8.3572e-01 +1.6007e+00 -3.2487e+00 -3.8400e+00
279 0 +1.886699184e+01 +1.018866992e+03 +1.018866992e+03 -4.1394e+00 -1.0511e+00 +1.4062e+00 -3.5606e+00 -4.1691e+00
302 0 +8.045892078e+00 +1.008045892e+03 +1.008045892e+03 -4.3117e+00 -8.8104e-01 +1.9452e+00 -2.6339e+00 -3.0007e+00
341 0 +6.626912614e+00 +1.006626913e+03 +1.006626913e+03 -4.2025e+00 -8.9757e-01 +1.8042e+00 -2.8982e+00 -3.6367e+00
343 0 +6.274762518e+00 +1.006274763e+03 +1.006274763e+03 -4.3118e+00 -7.9231e-01 +1.9658e+00 -2.7248e+00 -3.1199e+00
353 0 +6.123598950e+00 +1.006123599e+03 +1.006123599e+03 -4.2867e+00 -9.0013e-01 +1.7767e+00 -2.9308e+00 -3.4190e+00
361 0 +4.538967042e+00 +1.004538967e+03 +1.004538967e+03 -4.2902e+00 -7.9157e-01 +2.0280e+00 -2.5889e+00 -3.0032e+00
404 0 +4.449213441e+00 +1.004449213e+03 +1.004449213e+03 -4.1858e+00 -9.5162e-01 +1.6950e+00 -3.0426e+00 -3.6328e+00
409 0 +4.294169209e+00 +1.004294169e+03 +1.004294169e+03 -4.2525e+00 -9.0322e-01 +1.7876e+00 -2.9327e+00 -3.5834e+00
433 0 +4.159847122e+00 +1.004159847e+03 +1.004159847e+03 -4.2310e+00 -9.1324e-01 +1.7866e+00 -2.9749e+00 -3.5602e+00
473 0 +4.044700926e+00 +1.004044701e+03 +1.004044701e+03 -4.2341e+00 -9.1149e-01 +1.7616e+00 -2.9845e+00 -3.6125e+00
504 0 +4.044700926e+00 +1.004044701e+03 +1.004044701e+03 -4.2341e+00 -9.1149e-01 +1.7616e+00 -2.9845e+00 -3.6125e+00
% f evaluations | g evaluations | best noise-free fitness - Fopt (-6.797100000000e+02) + sum g_i+ | measured fitness | best measured fitness or single-digit g-values | x1 | x2...
1 0 +1.674135240e+04 +1.606164240e+04 +1.606164240e+04 -2.2771e-01 +7.1594e-02 +2.0808e-01 +6.0632e-02 -2.3931e-01
2 0 +1.448392516e+04 +1.380421516e+04 +1.380421516e+04 -5.3174e-02 -1.4124e-01 -2.0723e-01 +6.3039e-02 -3.9417e-01
4 0 +9.419729764e+03 +8.740019764e+03 +8.740019764e+03 -3.9305e-01 -5.0424e-01 +2.8874e-02 -9.4719e-04 -2.5875e-01
10 0 +8.559617501e+03 +7.879907501e+03 +7.879907501e+03 -6.3068e-01 -7.6940e-01 -1.3846e-01 +4.3578e-01 +1.2117e-01
13 0 +6.581694921e+03 +5.901984921e+03 +5.901984921e+03 +4.5729e-01 -9.5675e-01 -6.2621e-02 +1.1666e-01 -5.2762e-01
19 0 +5.271926654e+03 +4.592216654e+03 +4.592216654e+03 -7.9252e-01 -8.4465e-01 +1.8513e-01 -4.2765e-01 -2.2705e-01
25 0 +3.334703425e+03 +2.654993425e+03 +2.654993425e+03 +6.4209e-02 -1.4323e+00 +6.7237e-01 +3.7311e-02 -4.1066e-02
29 0 +3.166382893e+03 +2.486672893e+03 +2.486672893e+03 -6.8457e-01 -1.1963e+00 +6.4601e-01 -2.4504e-01 +1.3784e-01
30 0 +2.712556705e+03 +2.032846705e+03 +2.032846705e+03 +2.5663e-01 -1.3184e+00 +1.3897e-01 -8.6157e-01 -4.7783e-01
32 0 +2.650401057e+03 +1.970691057e+03 +1.970691057e+03 +6.2977e-01 -1.3420e+00 +2.9797e-01 -4.5628e-01 -3.5139e-02
44 0 +1.622229741e+03 +9.425197409e+02 +9.425197409e+02 +5.2062e-01 -1.3538e+00 +6.7846e-01 -1.6694e+00 +3.9042e-01
47 0 +1.419765400e+03 +7.400554004e+02 +7.400554004e+02 +6.1759e-01 -1.6571e+00 +2.8965e-01 -7.7200e-01 -1.6832e-02
51 0 +2.220948814e+02 -4.576151186e+02 -4.576151186e+02 +1.1338e+00 -1.9576e+00 +1.3158e+00 -1.5309e+00 +1.4205e-02
88 0 +1.422753740e+02 -5.374346260e+02 -5.374346260e+02 -7.9695e-02 -2.4723e+00 +9.4424e-01 -1.2004e+00 +4.7475e-01
89 0 +1.076847554e+02 -5.720252446e+02 -5.720252446e+02 -4.1767e-01 -2.5671e+00 +1.3903e+00 -1.5193e+00 +4.3573e-01
102 0 +9.207186521e+01 -5.876381348e+02 -5.876381348e+02 +3.8829e-01 -2.7600e+00 +1.1550e+00 -1.2849e+00 +3.3506e-01
106 0 +8.086040060e+01 -5.988495994e+02 -5.988495994e+02 +5.9854e-01 -2.9924e+00 +1.1519e+00 -1.2749e+00 +4.3418e-01
114 0 +3.405661177e+01 -6.456533882e+02 -6.456533882e+02 +7.7411e-01 -2.3954e+00 +1.1243e+00 -1.3239e+00 +6.6882e-01
137 0 +3.168019422e+01 -6.480298058e+02 -6.480298058e+02 +1.3907e-01 -2.9306e+00 +1.0550e+00 -1.5873e+00 +8.8454e-01
145 0 +2.258532428e+01 -6.571246757e+02 -6.571246757e+02 +5.5546e-01 -2.8005e+00 +8.4662e-01 -1.3578e+00 +1.4515e+00
163 0 +6.650109538e+00 -6.730598905e+02 -6.730598905e+02 -4.3665e-01 -3.0057e+00 +6.1303e-01 -1.7745e+00 +9.8972e-01
233 0 +4.493849316e+00 -6.752161507e+02 -6.752161507e+02 +6.4366e-01 -2.8642e+00 +7.9007e-01 -1.5957e+00 +8.5285e-01
235 0 +3.313315626e+00 -6.763966844e+02 -6.763966844e+02 +6.0681e-01 -2.8900e+00 +7.1047e-01 -1.5404e+00 +1.0149e+00
250 0 +3.247890803e+00 -6.764621092e+02 -6.764621092e+02 +7.1773e-01 -2.7847e+00 +8.3438e-01 -1.6330e+00 +8.8417e-01
255 0 +3.042641012e+00 -6.766673590e+02 -6.766673590e+02 +7.5725e-01 -2.7759e+00 +7.5009e-01 -1.6691e+00 +9.6552e-01
273 0 +2.355507803e+00 -6.773544922e+02 -6.773544922e+02 +6.8445e-01 -2.7997e+00 +7.8431e-01 -1.6373e+00 +9.2620e-01
311 0 +1.789729085e+00 -6.779202709e+02 -6.779202709e+02 +7.2469e-01 -2.7363e+00 +8.6578e-01 -1.6175e+00 +9.8289e-01
369 0 +1.764663099e+00 -6.779453369e+02 -6.779453369e+02 +7.0955e-01 -2.7726e+00 +8.4859e-01 -1.5636e+00 +1.0039e+00
371 0 +1.707697645e+00 -6.780023024e+02 -6.780023024e+02 +7.1372e-01 -2.7497e+00 +8.4902e-01 -1.6102e+00 +1.0055e+00
377 0 +1.574003053e+00 -6.781359969e+02 -6.781359969e+02 +7.4670e-01 -2.7183e+00 +8.8534e-01 -1.5897e+00 +9.9068e-01
407 0 +1.502911006e+00 -6.782070890e+02 -6.782070890e+02 +7.4050e-01 -2.7092e+00 +8.8817e-01 -1.5520e+00 +1.0248e+00
418 0 +1.419091747e+00 -6.782909083e+02 -6.782909083e+02 +7.7434e-01 -2.6931e+00 +9.1468e-01 -1.5517e+00 +1.0065e+00
434 0 +1.399230038e+00 -6.783107700e+02 -6.783107700e+02 +7.9232e-01 -2.6445e+00 +9.3521e-01 -1.5455e+00 +1.0107e+00
460 0 +1.364708995e+00 -6.783452910e+02 -6.783452910e+02 +7.8249e-01 -2.6723e+00 +9.3368e-01 -1.5464e+00 +9.9846e-01
461 0 +1.328101215e+00 -6.783818988e+02 -6.783818988e+02 +7.8471e-01 -2.6706e+00 +9.3139e-01 -1.5150e+00 +1.0254e+00
465 0 +1.303076873e+00 -6.784069231e+02 -6.784069231e+02 +7.7843e-01 -2.6502e+00 +9.5634e-01 -1.4906e+00 +1.0139e+00
469 0 +1.279452073e+00 -6.784305479e+02 -6.784305479e+02 +7.9509e-01 -2.6447e+00 +9.5303e-01 -1.5111e+00 +1.0011e+00
480 0 +1.101493290e+00 -6.786085067e+02 -6.786085067e+02 +8.4517e-01 -2.5762e+00 +1.0285e+00 -1.4548e+00 +1.0417e+00
485 0 +1.082685835e+00 -6.786273142e+02 -6.786273142e+02 +8.2026e-01 -2.6102e+00 +1.0022e+00 -1.4727e+00 +1.0315e+00
488 0 +1.047722493e+00 -6.786622775e+02 -6.786622775e+02 +8.4450e-01 -2.5720e+00 +1.0366e+00 -1.4361e+00 +1.0444e+00
492 0 +1.041301432e+00 -6.786686986e+02 -6.786686986e+02 +8.4444e-01 -2.5485e+00 +1.0671e+00 -1.4262e+00 +1.0394e+00
504 0 +1.041301432e+00 -6.786686986e+02 -6.786686986e+02 +8.4444e-01 -2.5485e+00 +1.0671e+00 -1.4262e+00 +1.0394e+00
% f evaluations | g evaluations | best noise-free fitness - Fopt (1.000000000000e+03) + sum g_i+ | measured fitness | best measured fitness or single-digit g-values | x1 | x2...
1 0 +3.518457029e+03 +4.518457029e+03 +4.518457029e+03 -1.4198e-02 -5.3469e-02 -5.5532e-01 +4.9868e-01 -1.9096e-01
2 0 +2.601682416e+03 +3.601682416e+03 +3.601682416e+03 -3.0673e-01 -7.7223e-03 -4.7308e-01 -1.7115e-01 +1.3371e-01
9 0 +2.110467913e+03 +3.110467913e+03 +3.110467913e+03 -5.6856e-01 +1.6254e-01 -2.5557e-01 -7.1639e-03 +2.9780e-01
17 0 +1.752642449e+03 +2.752642449e+03 +2.752642449e+03 -6.5010e-01 -3.5318e-01 -3.7456e-01 +2.3326e-01 -3.3250e-01
21 0 +1.494323527e+03 +2.494323527e+03 +2.494323527e+03 -5.5992e-01 -1.4589e-01 -6.3500e-01 +1.2797e-01 -1.1449e-01
23 0 +1.423550505e+03 +2.423550505e+03 +2.423550505e+03 -8.2733e-01 -3.3904e-01 -5.5106e-01 -2.8732e-01 +3.1328e-01
26 0 +1.240641805e+03 +2.240641805e+03 +2.240641805e+03 -6.5223e-01 -5.2153e-01 -7.5331e-01 +4.6823e-01 -4.5200e-01
29 0 +5.320399898e+02 +1.532039990e+03 +1.532039990e+03 -1.1533e+00 -6.4564e-01 -1.2047e+00 -2.5807e-01 -3.2195e-02
37 0 +4.623929347e+02 +1.462392935e+03 +1.462392935e+03 -1.2605e+00 -1.6904e-01 -8.9508e-01 -2.4969e-02 +1.8504e-02
47 0 +4.222619848e+02 +1.422261985e+03 +1.422261985e+03 -1.7752e+00 -1.0989e-03 -1.3798e+00 +1.4048e-01 +5.3443e-01
51 0 +3.955711370e+02 +1.395571137e+03 +1.395571137e+03 -2.3962e+00 -1.4832e-01 -1.6324e+00 +1.2152e-01 -4.3604e-02
54 0 +2.920927565e+02 +1.292092756e+03 +1.292092756e+03 -1.2982e+00 -3.3635e-01 -1.7458e+00 +2.9621e-01 +5.8195e-01
57 0 +2.711740317e+02 +1.271174032e+03 +1.271174032e+03 -1.7342e+00 -4.0897e-01 -1.0943e+00 +3.3742e-01 -1.4877e+00
61 0 +1.727812024e+02 +1.172781202e+03 +1.172781202e+03 -1.3984e+00 -3.1141e-01 -1.8127e+00 +1.1491e+00 -2.4652e-01
62 0 +1.671512361e+02 +1.167151236e+03 +1.167151236e+03 -2.0769e+00 -3.6701e-01 -1.5569e+00 +3.9962e-01 -1.7237e-01
68 0 +1.528352602e+02 +1.152835260e+03 +1.152835260e+03 -1.4372e+00 -7.3016e-01 -2.0723e+00 +1.4999e+00 -1.1497e+00
69 0 +8.554317842e+01 +1.085543178e+03 +1.085543178e+03 -1.7672e+00 -5.2010e-01 -1.6161e+00 +1.0214e+00 -9.2588e-02
78 0 +2.741857084e+01 +1.027418571e+03 +1.027418571e+03 -1.5142e+00 -5.5197e-01 -1.3281e+00 +1.5949e+00 -3.5632e-01
122 0 +1.473713530e+01 +1.014737135e+03 +1.014737135e+03 -2.5585e+00 -1.5561e+00 -1.6739e+00 +1.0120e+00 -6.5240e-01
141 0 +1.061435311e+01 +1.010614353e+03 +1.010614353e+03 -2.5022e+00 -1.2304e+00 -1.7826e+00 +7.9131e-01 -9.2427e-01
163 0 +9.717642838e+00 +1.009717643e+03 +1.009717643e+03 -2.6584e+00 -1.3542e+00 -2.0949e+00 +1.1179e+00 -8.4026e-01
172 0 +8.587172881e+00 +1.008587173e+03 +1.008587173e+03 -2.6048e+00 -1.5078e+00 -1.8373e+00 +8.3555e-01 -7.4437e-01
175 0 +5.579015801e+00 +1.005579016e+03 +1.005579016e+03 -2.3592e+00 -1.3547e+00 -1.8269e+00 +1.0787e+00 -7.7408e-01
196 0 +4.819226793e+00 +1.004819227e+03 +1.004819227e+03 -2.2914e+00 -1.3610e+00 -1.8020e+00 +9.5992e-01 -9.0308e-01
205 0 +3.752099721e+00 +1.003752100e+03 +1.003752100e+03 -2.3068e+00 -1.3519e+00 -1.8674e+00 +9.6261e-01 -8.8011e-01
242 0 +3.580872739e+00 +1.003580873e+03 +1.003580873e+03 -2.2871e+00 -1.2309e+00 -1.8775e+00 +9.8327e-01 -9.0593e-01
249 0 +3.282481608e+00 +1.003282482e+03 +1.003282482e+03 -2.2145e+00 -1.1856e+00 -1.8527e+00 +1.0129e+00 -8.7366e-01
252 0 +3.172988843e+00 +1.003172989e+03 +1.003172989e+03 -2.1667e+00 -1.1549e+00 -1.7854e+00 +9.8173e-01 -8.9757e-01
272 0 +2.882788299e+00 +1.002882788e+03 +1.002882788e+03 -2.1106e+00 -1.1218e+00 -1.7666e+00 +9.7881e-01 -8.4127e-01
281 0 +2.817543228e+00 +1.002817543e+03 +1.002817543e+03 -2.0701e+00 -1.0703e+00 -1.7723e+00 +9.6911e-01 -8.0737e-01
296 0 +2.693343663e+00 +1.002693344e+03 +1.002693344e+03 -1.9430e+00 -9.6851e-01 -1.6573e+00 +9.6727e-01 -8.6951e-01
297 0 +2.499111181e+00 +1.002499111e+03 +1.002499111e+03 -2.0024e+00 -1.0081e+00 -1.6893e+00 +9.8412e-01 -8.7052e-01
307 0 +1.920403649e+00 +1.001920404e+03 +1.001920404e+03 -1.9243e+00 -9.1851e-01 -1.6816e+00 +1.0023e+00 -8.5363e-01
324 0 +1.763684474e+00 +1.001763684e+03 +1.001763684e+03 -1.8930e+00 -8.7186e-01 -1.6324e+00 +1.0139e+00 -8.6278e-01
382 0 +1.679243422e+00 +1.001679243e+03 +1.001679243e+03 -1.8571e+00 -8.0262e-01 -1.5797e+00 +1.0512e+00 -8.7877e-01
419 0 +1.644184538e+00 +1.001644185e+03 +1.001644185e+03 -1.8904e+00 -8.4910e-01 -1.5947e+00 +1.0529e+00 -8.7235e-01
420 0 +1.597089644e+00 +1.001597090e+03 +1.001597090e+03 -1.8318e+00 -7.8359e-01 -1.5494e+00 +1.0544e+00 -8.7331e-01
421 0 +1.530562274e+00 +1.001530562e+03 +1.001530562e+03 -1.8512e+00 -8.1190e-01 -1.5705e+00 +1.0590e+00 -8.6726e-01
441 0 +1.505293559e+00 +1.001505294e+03 +1.001505294e+03 -1.8345e+00 -7.8719e-01 -1.5498e+00 +1.0649e+00 -8.6531e-01
445 0 +1.425847895e+00 +1.001425848e+03 +1.001425848e+03 -1.8473e+00 -7.9478e-01 -1.5492e+00 +1.0942e+00 -8.5322e-01
452 0 +1.383886793e+00 +1.001383887e+03 +1.001383887e+03 -1.8459e+00 -7.9133e-01 -1.5365e+00 +1.0973e+00 -8.5536e-01
473 0 +1.353024378e+00 +1.001353024e+03 +1.001353024e+03 -1.8442e+00 -7.7565e-01 -1.5199e+00 +1.1084e+00 -8.3323e-01
485 0 +1.306856988e+00 +1.001306857e+03 +1.001306857e+03 -1.8023e+00 -7.2380e-01 -1.4824e+00 +1.1200e+00 -8.4322e-01
490 0 +1.182091379e+00 +1.001182091e+03 +1.001182091e+03 -1.8057e+00 -7.3388e-01 -1.4616e+00 +1.1509e+00 -8.5075e-01
504 0 +1.182091379e+00 +1.001182091e+03 +1.001182091e+03 -1.8057e+00 -7.3388e-01 -1.4616e+00 +1.1509e+00 -8.5075e-01
% f evaluations | g evaluations | best noise-free fitness - Fopt (1.007000000000e+01) + sum g_i+ | measured fitness | best measured fitness or single-digit g-values | x1 | x2...
1 0 +5.012604797e+03 +5.022674797e+03 +5.022674797e+03 -3.7784e-01 -3.2848e-01 +3.6588e-01 +1.4441e-01 +1.7714e-02
4 0 +4.185110135e+03 +4.195180135e+03 +4.195180135e+03 +4.8036e-01 -1.6988e-03 -1.2646e-01 -6.2615e-01 -4.5903e-01
8 0 +3.106818494e+03 +3.116888494e+03 +3.116888494e+03 -1.7391e-01 -2.6360e-01 -6.8580e-02 -4.7181e-01 +2.0916e-01
9 0 +2.184399300e+03 +2.194469300e+03 +2.194469300e+03 +1.8766e-01 -3.5210e-01 -7.8698e-02 -8.2280e-01 -1.2186e-01
12 0 +1.576260933e+03 +1.586330933e+03 +1.586330933e+03 -2.2975e-01 -4.2276e-01 +4.9303e-01 -8.2858e-01 -2.5036e-01
16 0 +1.195190541e+03 +1.205260541e+03 +1.205260541e+03 +4.6563e-01 -5.1438e-01 +3.2444e-01 -6.3724e-01 +6.7098e-01
22 0 +4.122737314e+02 +4.223437314e+02 +4.223437314e+02 +5.7799e-02 -1.0949e+00 -9.6499e-02 -1.0784e+00 +3.6013e-01
27 0 +2.444487846e+02 +2.545187846e+02 +2.545187846e+02 +1.9918e-01 -1.1519e+00 +8.2478e-01 -1.2307e+00 +7.7336e-01
42 0 +1.130242227e+02 +1.230942227e+02 +1.230942227e+02 +2.6791e-01 -2.8819e+00 +9.5762e-02 -1.5354e+00 +1.9843e-02
56 0 +6.838335570e+01 +7.845335570e+01 +7.845335570e+01 +1.0585e-01 -2.1888e+00 -1.2148e-02 -2.2279e+00 -5.2680e-01
61 0 +2.365903400e+01 +3.372903400e+01 +3.372903400e+01 -3.6851e-01 -2.5501e+00 -3.2320e-01 -2.0659e+00 -9.2328e-01
104 0 +7.037013328e+00 +1.710701333e+01 +1.710701333e+01 -3.1246e-01 -2.5317e+00 -7.2950e-01 -2.3760e+00 -8.8181e-01
145 0 +6.519451541e+00 +1.658945154e+01 +1.658945154e+01 -1.9700e-01 -2.3747e+00 -7.1015e-01 -2.3847e+00 -8.5530e-01
161 0 +6.047461321e+00 +1.611746132e+01 +1.611746132e+01 -3.5672e-01 -2.4029e+00 -7.5579e-01 -2.3222e+00 -9.3599e-01
184 0 +5.297307932e+00 +1.536730793e+01 +1.536730793e+01 -4.3599e-02 -2.4629e+00 -7.1076e-01 -2.3615e+00 -9.5763e-01
220 0 +5.025882113e+00 +1.509588211e+01 +1.509588211e+01 -4.2028e-01 -2.3692e+00 -7.6753e-01 -2.4325e+00 -1.0007e+00
223 0 +4.770117238e+00 +1.484011724e+01 +1.484011724e+01 -2.9505e-01 -2.4060e+00 -7.6361e-01 -2.3828e+00 -9.7581e-01
251 0 +4.001046529e+00 +1.407104653e+01 +1.407104653e+01 -3.1802e-01 -2.4235e+00 -7.0869e-01 -2.4206e+00 -1.0198e+00
273 0 +3.953072715e+00 +1.402307272e+01 +1.402307272e+01 -2.4780e-01 -2.4408e+00 -7.1629e-01 -2.4121e+00 -9.9295e-01
337 0 +3.706992015e+00 +1.377699201e+01 +1.377699201e+01 -1.2397e-01 -2.3801e+00 -7.1275e-01 -2.4110e+00 -9.8428e-01
351 0 +3.486243949e+00 +1.355624395e+01 +1.355624395e+01 -3.5473e-02 -2.3529e+00 -7.1194e-01 -2.4262e+00 -9.7789e-01
354 0 +3.397253194e+00 +1.346725319e+01 +1.346725319e+01 +1.4455e-03 -2.3377e+00 -6.7807e-01 -2.4281e+00 -9.7133e-01
358 0 +3.276189083e+00 +1.334618908e+01 +1.334618908e+01 +6.2668e-03 -2.3328e+00 -6.5993e-01 -2.4202e+00 -1.0208e+00
386 0 +3.163904910e+00 +1.323390491e+01 +1.323390491e+01 +9.9892e-02 -2.2877e+00 -6.6265e-01 -2.4297e+00 -9.7958e-01
393 0 +3.093454027e+00 +1.316345403e+01 +1.316345403e+01 +6.8891e-02 -2.2722e+00 -6.6749e-01 -2.4594e+00 -1.0211e+00
408 0 +3.025769992e+00 +1.309576999e+01 +1.309576999e+01 +1.7569e-01 -2.2324e+00 -6.5619e-01 -2.4412e+00 -1.0432e+00
430 0 +2.923393494e+00 +1.299339349e+01 +1.299339349e+01 +1.8068e-01 -2.2186e+00 -6.2076e-01 -2.4068e+00 -1.0051e+00
432 0 +2.662204188e+00 +1.273220419e+01 +1.273220419e+01 +2.1127e-01 -2.1726e+00 -6.0920e-01 -2.4385e+00 -1.0241e+00
461 0 +2.624237577e+00 +1.269423758e+01 +1.269423758e+01 +2.0351e-01 -2.1733e+00 -6.3128e-01 -2.4279e+00 -9.9814e-01
471 0 +2.546980360e+00 +1.261698036e+01 +1.261698036e+01 +2.6256e-01 -2.1226e+00 -6.1161e-01 -2.4103e+00 -1.0324e+00
481 0 +2.324590720e+00 +1.239459072e+01 +1.239459072e+01 +3.0583e-01 -2.0728e+00 -5.5010e-01 -2.4052e+00 -1.0267e+00
504 0 +2.293516261e+00 +1.236351626e+01 +1.236351626e+01 +2.9120e-01 -2.0583e+00 -5.6901e-01 -2.4349e+00 -1.0234e+00
% f evaluations | g evaluations | best noise-free fitness - Fopt (-7.540000000000e+00) + sum g_i+ | measured fitness | best measured fitness or single-digit g-values | x1 | x2...
1 0 +5.567873721e+03 +5.560333721e+03 +5.560333721e+03 +8.1790e-03 +3.8935e-01 +1.1438e-01 +2.7307e-01 -5.3462e-02
2 0 +4.844586934e+03 +4.837046934e+03 +4.837046934e+03 -5.3673e-01 +4.7778e-01 +3.9501e-01 -9.1526e-02 -2.8233e-01
3 0 +3.188197662e+03 +3.180657662e+03 +3.180657662e+03 +2.0933e-01 +8.2778e-01 -3.9623e-01 +5.1287e-02 +4.5411e-01
4 0 +2.509614554e+03 +2.502074554e+03 +2.502074554e+03 -2.4634e-01 -1.8746e-01 +1.1123e-02 -5.2809e-01 +1.7090e-01
11 0 +2.225492688e+03 +2.217952688e+03 +2.217952688e+03 +3.1591e-02 +1.5174e-01 -5.3432e-02 -3.5754e-01 -1.0122e-02
13 0 +4.744217486e+02 +4.668817486e+02 +4.668817486e+02 +4.4364e-01 +4.1109e-01 -8.6624e-02 -9.3288e-01 +4.1852e-01
20 0 +3.646118195e+02 +3.570718195e+02 +3.570718195e+02 +5.2013e-01 +3.9729e-01 -5.8843e-02 -1.1270e+00 +2.5042e-01
28 0 +1.483601905e+02 +1.408201905e+02 +1.408201905e+02 +8.8167e-01 +4.5472e-01 +1.7494e-01 -1.2960e+00 +8.6915e-01
71 0 +9.142457412e+01 +8.388457412e+01 +8.388457412e+01 +1.6366e+00 +3.1787e-01 +1.0801e+00 -1.5339e+00 +1.1960e-01
86 0 +9.115984229e+01 +8.361984229e+01 +8.361984229e+01 +1.2297e+00 -4.1670e-02 +8.2191e-01 -2.3313e+00 -3.6086e-01
98 0 +7.853573314e+01 +7.099573314e+01 +7.099573314e+01 +8.6353e-01 +3.4754e-01 +1.5161e+00 -2.9850e+00 -2.9162e-01
100 0 +7.729813235e+01 +6.975813235e+01 +6.975813235e+01 +1.2717e+00 +7.2250e-01 +1.4268e+00 -1.6982e+00 -5.2471e-01
109 0 +3.354483998e+01 +2.600483998e+01 +2.600483998e+01 +9.6243e-01 +1.1427e+00 +2.1211e+00 -1.6886e+00 -4.1988e-01
201 0 +2.067138933e+01 +1.313138933e+01 +1.313138933e+01 +5.4311e-01 +1.0814e+00 +1.8560e+00 -1.9536e+00 -3.8155e-01
215 0 +1.013952101e+01 +2.599521005e+00 +2.599521005e+00 +6.4184e-01 +1.1513e+00 +1.7001e+00 -2.2572e+00 -6.0421e-01
263 0 +8.124599260e+00 +5.845992603e-01 +5.845992603e-01 +7.4196e-01 +9.5501e-01 +1.5831e+00 -2.4239e+00 -9.8110e-01
273 0 +7.074433013e+00 -4.655669866e-01 -4.655669866e-01 +6.6306e-01 +1.1172e+00 +1.8197e+00 -2.2683e+00 -8.9625e-01
295 0 +6.387454126e+00 -1.152545874e+00 -1.152545874e+00 +8.0589e-01 +9.9219e-01 +1.7412e+00 -2.2141e+00 -8.3717e-01
302 0 +6.179053732e+00 -1.360946268e+00 -1.360946268e+00 +6.8935e-01 +1.1465e+00 +1.7807e+00 -2.1682e+00 -8.3867e-01
311 0 +5.452901414e+00 -2.087098586e+00 -2.087098586e+00 +7.3018e-01 +1.1020e+00 +1.8120e+00 -2.1327e+00 -6.0861e-01
321 0 +4.506092152e+00 -3.033907848e+00 -3.033907848e+00 +7.0187e-01 +1.0752e+00 +1.7322e+00 -2.2262e+00 -7.7433e-01
369 0 +4.402237638e+00 -3.137762362e+00 -3.137762362e+00 +7.3573e-01 +1.0566e+00 +1.7304e+00 -2.2775e+00 -7.6735e-01
461 0 +4.341377329e+00 -3.198622671e+00 -3.198622671e+00 +7.3357e-01 +1.0538e+00 +1.7094e+00 -2.2744e+00 -7.8259e-01
504 0 +4.277185424e+00 -3.262814576e+00 -3.262814576e+00 +7.0981e-01 +1.1055e+00 +1.7862e+00 -2.2121e+00 -7.4276e-01
