% f evaluations | g evaluations | best noise-free fitness - Fopt (6.870000000000e+00) + sum g_i+ | measured fitness | best measured fitness or single-digit g-values | x1 | x2...
1 0 +1.527031468e+01 +2.214031468e+01 +2.214031468e+01 +5.0659e-01 -6.4843e-02 -2.5447e-01 +1.4435e-01 -4.0647e-01 +5.4572e-01 -1.3387e-01 +2.7654e-01 -3.5501e-03 +4.0077e-01
3 0 +5.724728974e+00 +1.259472897e+01 +1.259472897e+01 -8.1935e-02 -9.2414e-02 -1.0841e-01 -5.5280e-02 -2.8797e-01 -9.8963e-02 +1.1621e-01 -1.1772e-01 +3.8681e-02 -3.6130e-02
54 0 +4.847981435e+00 +1.171798143e+01 +1.171798143e+01 -2.6298e-01 +1.5035e-01 -1.8766e-02 -2.5316e-01 +4.3633e-03 -2.8318e-01 -5.9295e-03 -3.0538e-01 -1.4682e-01 -2.2689e-01
62 0 +4.427541289e+00 +1.129754129e+01 +1.129754129e+01 -3.2221e-01 +1.8636e-01 +3.6303e-01 -1.1009e-01 -2.6961e-01 +4.1788e-02 +2.4056e-02 +1.7046e-02 +1.8882e-01 +8.5753e-02
216 0 +3.216713048e+00 +1.008671305e+01 +1.008671305e+01 -6.6393e-01 +7.1539e-01 +2.5053e-01 +3.1433e-01 -5.8491e-02 -7.9997e-01 +9.2877e-01 -4.4207e-01 +8.9394e-01 -4.2924e-01
627 0 +2.900037503e+00 +9.770037503e+00 +9.770037503e+00 -5.8599e-01 +8.3558e-01 +1.2822e-01 +8.1802e-01 +7.3168e-02 -1.3439e+00 +1.4821e+00 -1.3315e-01 -3.1726e-02 -1.0278e-01
644 0 +2.599974034e+00 +9.469974034e+00 +9.469974034e+00 -6.2693e-01 +8.0570e-01 +1.5291e-01 +8.4005e-01 +6.9239e-02 -1.3263e+00 +1.4928e+00 -1.3024e-01 -4.9097e-02 -9.5065e-02
652 0 +2.082240842e+00 +8.952240842e+00 +8.952240842e+00 -6.2612e-01 +8.0261e-01 +1.4768e-01 +8.3220e-01 +5.3958e-02 -1.3296e+00 +1.4867e+00 -1.4260e-01 -5.0899e-02 -1.1089e-01
667 0 +1.989235168e+00 +8.859235168e+00 +8.859235168e+00 -6.2408e-01 +7.9498e-01 +1.4948e-01 +8.2587e-01 +6.7734e-02 -1.3226e+00 +1.4862e+00 -1.4141e-01 -6.3546e-02 -1.0594e-01
694 0 +1.456101220e+00 +8.326101220e+00 +8.326101220e+00 -6.1332e-01 +7.9232e-01 +1.5878e-01 +8.3418e-01 +8.2158e-02 -1.3269e+00 +1.4826e+00 -1.3516e-01 -7.6102e-02 -1.0619e-01
721 0 +1.407582409e+00 +8.277582409e+00 +8.277582409e+00 -6.1309e-01 +7.8501e-01 +1.5204e-01 +8.3843e-01 +8.0869e-02 -1.3107e+00 +1.4817e+00 -1.3343e-01 -7.8766e-02 -1.0946e-01
722 0 +1.220297495e+00 +8.090297495e+00 +8.090297495e+00 -6.1160e-01 +7.8766e-01 +1.5708e-01 +8.4398e-01 +8.2871e-02 -1.3141e+00 +1.4766e+00 -1.3997e-01 -7.7896e-02 -1.0542e-01
734 0 +1.048526517e+00 +7.918526517e+00 +7.918526517e+00 -6.0765e-01 +7.8200e-01 +1.5398e-01 +8.4444e-01 +8.7789e-02 -1.3159e+00 +1.4784e+00 -1.3346e-01 -8.1101e-02 -1.0627e-01
739 0 +9.304930975e-01 +7.800493097e+00 +7.800493097e+00 -6.0770e-01 +7.8975e-01 +1.5278e-01 +8.4077e-01 +6.7947e-02 -1.3110e+00 +1.4776e+00 -1.4074e-01 -7.2444e-02 -1.0958e-01
756 0 +7.857206370e-01 +7.655720637e+00 +7.655720637e+00 -5.9802e-01 +7.9014e-01 +1.5587e-01 +8.4953e-01 +7.1873e-02 -1.3228e+00 +1.4708e+00 -1.3549e-01 -7.1806e-02 -1.1178e-01
773 0 +5.797930722e-01 +7.449793072e+00 +7.449793072e+00 -5.9872e-01 +7.9113e-01 +1.5126e-01 +8.4512e-01 +7.5034e-02 -1.3199e+00 +1.4752e+00 -1.3115e-01 -5.6860e-02 -1.1546e-01
797 0 +4.998134793e-01 +7.369813479e+00 +7.369813479e+00 -5.9425e-01 +7.8405e-01 +1.5043e-01 +8.4553e-01 +7.6876e-02 -1.3172e+00 +1.4759e+00 -1.3124e-01 -6.8584e-02 -1.1214e-01
843 0 +4.585597015e-01 +7.328559701e+00 +7.328559701e+00 -5.9245e-01 +7.8633e-01 +1.4727e-01 +8.4548e-01 +8.1073e-02 -1.3129e+00 +1.4730e+00 -1.3413e-01 -6.8227e-02 -1.1103e-01
853 0 +3.495994827e-01 +7.219599483e+00 +7.219599483e+00 -5.9364e-01 +7.8485e-01 +1.4900e-01 +8.4825e-01 +8.0265e-02 -1.3145e+00 +1.4742e+00 -1.3567e-01 -7.2936e-02 -1.0899e-01
878 0 +3.202145678e-01 +7.190214568e+00 +7.190214568e+00 -5.9390e-01 +7.8587e-01 +1.4670e-01 +8.4716e-01 +7.9475e-02 -1.3162e+00 +1.4741e+00 -1.3504e-01 -7.2300e-02 -1.0892e-01
889 0 +2.959066161e-01 +7.165906616e+00 +7.165906616e+00 -5.9378e-01 +7.8596e-01 +1.4723e-01 +8.4719e-01 +7.8934e-02 -1.3148e+00 +1.4745e+00 -1.3563e-01 -7.3357e-02 -1.0850e-01
893 0 +2.945315995e-01 +7.164531600e+00 +7.164531600e+00 -5.9176e-01 +7.8652e-01 +1.4739e-01 +8.4624e-01 +7.7654e-02 -1.3146e+00 +1.4735e+00 -1.3509e-01 -6.9202e-02 -1.1084e-01
901 0 +2.799130746e-01 +7.149913075e+00 +7.149913075e+00 -5.9214e-01 +7.8601e-01 +1.4669e-01 +8.4746e-01 +7.8737e-02 -1.3145e+00 +1.4732e+00 -1.3494e-01 -7.1026e-02 -1.0897e-01
904 0 +2.526832248e-01 +7.122683225e+00 +7.122683225e+00 -5.9312e-01 +7.8692e-01 +1.4879e-01 +8.4690e-01 +7.9091e-02 -1.3146e+00 +1.4739e+00 -1.3449e-01 -6.9744e-02 -1.0969e-01
931 0 +2.410434404e-01 +7.111043440e+00 +7.111043440e+00 -5.9360e-01 +7.8657e-01 +1.4756e-01 +8.4687e-01 +7.8844e-02 -1.3152e+00 +1.4744e+00 -1.3541e-01 -7.0876e-02 -1.0970e-01
942 0 +2.388974525e-01 +7.108897452e+00 +7.108897452e+00 -5.9226e-01 +7.8686e-01 +1.4778e-01 +8.4595e-01 +7.8528e-02 -1.3138e+00 +1.4740e+00 -1.3536e-01 -7.0411e-02 -1.0962e-01
945 0 +2.200870868e-01 +7.090087087e+00 +7.090087087e+00 -5.9261e-01 +7.8623e-01 +1.4792e-01 +8.4634e-01 +7.9097e-02 -1.3135e+00 +1.4737e+00 -1.3579e-01 -7.2030e-02 -1.0951e-01
958 0 +2.116131628e-01 +7.081613163e+00 +7.081613163e+00 -5.9222e-01 +7.8673e-01 +1.4768e-01 +8.4623e-01 +7.8920e-02 -1.3140e+00 +1.4740e+00 -1.3509e-01 -7.0859e-02 -1.0939e-01
965 0 +2.000758898e-01 +7.070075890e+00 +7.070075890e+00 -5.9233e-01 +7.8628e-01 +1.4780e-01 +8.4646e-01 +7.8945e-02 -1.3139e+00 +1.4732e+00 -1.3490e-01 -7.1686e-02 -1.0912e-01
1000 0 +2.000758898e-01 +7.070075890e+00 +7.070075890e+00 -5.9233e-01 +7.8628e-01 +1.4780e-01 +8.4646e-01 +7.8945e-02 -1.3139e+00 +1.4732e+00 -1.3490e-01 -7.1686e-02 -1.0912e-01
% f evaluations | g evaluations | best noise-free fitness - Fopt (1.000000000000e-02) + sum g_i+ | measured fitness | best measured fitness or single-digit g-values | x1 | x2...
1 0 +2.494172143e+01 +2.495172143e+01 +2.495172143e+01 -4.1115e-01 +4.5039e-01 -1.6165e-02 -5.6683e-01 -6.4687e-02 +1.0893e-01 +7.2882e-02 -3.1068e-02 -1.5704e-01 -4.6366e-01
2 0 +1.648650548e+01 +1.649650548e+01 +1.649650548e+01 -2.2546e-01 -4.4779e-01 -1.5129e-01 +1.0403e-01 +2.0359e-03 +4.4593e-01 +7.9510e-02 +1.3898e-01 -8.8239e-01 +3.6815e-01
3 0 +1.380518400e+01 +1.381518400e+01 +1.381518400e+01 +4.4625e-01 +8.6237e-01 +5.5955e-03 +7.6204e-02 -1.0143e-01 +2.7397e-01 -6.3065e-03 +4.2180e-02 -1.7544e-01 +1.5892e-01
6 0 +1.369025255e+01 +1.370025255e+01 +1.370025255e+01 -3.5384e-02 -4.9366e-01 +5.2200e-04 +1.5592e-01 +5.1651e-01 -2.0404e-01 +4.3279e-01 +3.3574e-01 -4.7705e-02 +9.3911e-01
8 0 +7.885877452e+00 +7.895877452e+00 +7.895877452e+00 +5.2375e-01 +3.2816e-01 +2.2709e-01 +8.2892e-03 +3.0530e-01 +4.3538e-01 -2.1785e-01 -1.0227e-01 +1.0157e-01 -1.7821e-02
14 0 +4.429815090e+00 +4.439815090e+00 +4.439815090e+00 +6.5264e-01 +6.4759e-02 +3.1173e-01 +3.4164e-01 +4.7755e-01 +1.2801e-01 +2.5926e-01 -2.2752e-01 -3.2148e-02 +4.9606e-01
75 0 +3.239500830e+00 +3.249500830e+00 +3.249500830e+00 +5.5872e-01 +2.8122e-01 +4.5113e-01 +8.4897e-02 +5.2196e-01 +2.4270e-01 +9.7494e-01 -6.0674e-01 +2.0086e-01 +4.2009e-01
521 0 +1.819331208e+00 +1.829331208e+00 +1.829331208e+00 +2.4007e-01 +1.1581e-01 +2.1552e-01 -4.4945e-01 +2.4827e-01 -3.5047e-01 +8.0505e-01 -8.0457e-01 +2.3903e-01 +1.8629e-01
554 0 +1.594348544e+00 +1.604348544e+00 +1.604348544e+00 +2.4334e-01 +1.0536e-01 +2.2670e-01 -4.5465e-01 +2.6174e-01 -3.5246e-01 +8.0715e-01 -8.1297e-01 +2.3229e-01 +1.8252e-01
597 0 +1.467921710e+00 +1.477921710e+00 +1.477921710e+00 +2.4927e-01 +1.0977e-01 +2.3210e-01 -4.4196e-01 +2.5374e-01 -3.3789e-01 +8.1064e-01 -8.1602e-01 +2.2954e-01 +1.7866e-01
606 0 +1.207317245e+00 +1.217317245e+00 +1.217317245e+00 +2.4984e-01 +1.1053e-01 +2.3023e-01 -4.3395e-01 +2.4192e-01 -3.5121e-01 +8.0181e-01 -8.1080e-01 +2.3737e-01 +1.8714e-01
613 0 +1.201470850e+00 +1.211470850e+00 +1.211470850e+00 +2.5396e-01 +1.0354e-01 +2.2832e-01 -4.4614e-01 +2.5393e-01 -3.5014e-01 +8.0053e-01 -8.1599e-01 +2.3527e-01 +1.8567e-01
615 0 +9.063600907e-01 +9.163600907e-01 +9.163600907e-01 +2.4544e-01 +1.0586e-01 +2.2305e-01 -4.4186e-01 +2.4499e-01 -3.4517e-01 +8.0735e-01 -8.1811e-01 +2.3925e-01 +1.8592e-01
621 0 +8.314058028e-01 +8.414058028e-01 +8.414058028e-01 +2.5082e-01 +1.0463e-01 +2.3224e-01 -4.3876e-01 +2.4815e-01 -3.4480e-01 +8.1154e-01 -8.1900e-01 +2.3260e-01 +1.8713e-01
636 0 +6.765001918e-01 +6.865001918e-01 +6.865001918e-01 +2.5855e-01 +1.0196e-01 +2.3336e-01 -4.3965e-01 +2.4894e-01 -3.4264e-01 +8.1186e-01 -8.2035e-01 +2.3608e-01 +1.8391e-01
649 0 +6.388042128e-01 +6.488042128e-01 +6.488042128e-01 +2.5590e-01 +1.0213e-01 +2.2692e-01 -4.3865e-01 +2.4519e-01 -3.4831e-01 +8.1717e-01 -8.2078e-01 +2.3682e-01 +1.8764e-01
655 0 +5.859037148e-01 +5.959037148e-01 +5.959037148e-01 +2.5780e-01 +9.9600e-02 +2.3088e-01 -4.4108e-01 +2.4544e-01 -3.4485e-01 +8.1884e-01 -8.2116e-01 +2.3899e-01 +1.8807e-01
663 0 +5.644457361e-01 +5.744457361e-01 +5.744457361e-01 +2.5349e-01 +1.0472e-01 +2.2982e-01 -4.3341e-01 +2.3911e-01 -3.4210e-01 +8.1553e-01 -8.2311e-01 +2.4148e-01 +1.9231e-01
726 0 +5.496575669e-01 +5.596575669e-01 +5.596575669e-01 +2.5079e-01 +1.0455e-01 +2.2714e-01 -4.3805e-01 +2.4218e-01 -3.4351e-01 +8.0902e-01 -8.1757e-01 +2.3870e-01 +1.8676e-01
741 0 +5.463110500e-01 +5.563110500e-01 +5.563110500e-01 +2.5223e-01 +1.0415e-01 +2.2907e-01 -4.3579e-01 +2.4059e-01 -3.4279e-01 +8.0950e-01 -8.1860e-01 +2.3523e-01 +1.8948e-01
751 0 +5.311211373e-01 +5.411211373e-01 +5.411211373e-01 +2.5215e-01 +1.0512e-01 +2.2788e-01 -4.3738e-01 +2.4060e-01 -3.4331e-01 +8.1014e-01 -8.1658e-01 +2.3532e-01 +1.8842e-01
794 0 +5.198597604e-01 +5.298597604e-01 +5.298597604e-01 +2.5229e-01 +1.0434e-01 +2.2931e-01 -4.3614e-01 +2.4075e-01 -3.4403e-01 +8.1146e-01 -8.1778e-01 +2.3567e-01 +1.8894e-01
798 0 +4.956822024e-01 +5.056822024e-01 +5.056822024e-01 +2.5228e-01 +1.0429e-01 +2.2817e-01 -4.3748e-01 +2.4108e-01 -3.4355e-01 +8.1120e-01 -8.1704e-01 +2.3570e-01 +1.8725e-01
806 0 +4.508925056e-01 +4.608925056e-01 +4.608925056e-01 +2.5255e-01 +1.0359e-01 +2.2934e-01 -4.3653e-01 +2.4014e-01 -3.4306e-01 +8.1144e-01 -8.1748e-01 +2.3626e-01 +1.8728e-01
812 0 +4.367681505e-01 +4.467681505e-01 +4.467681505e-01 +2.5273e-01 +1.0395e-01 +2.2930e-01 -4.3654e-01 +2.4027e-01 -3.4310e-01 +8.1144e-01 -8.1727e-01 +2.3624e-01 +1.8698e-01
827 0 +4.322197434e-01 +4.422197434e-01 +4.422197434e-01 +2.5236e-01 +1.0377e-01 +2.2924e-01 -4.3672e-01 +2.4014e-01 -3.4328e-01 +8.1117e-01 -8.1692e-01 +2.3665e-01 +1.8781e-01
836 0 +4.166730187e-01 +4.266730187e-01 +4.266730187e-01 +2.5210e-01 +1.0476e-01 +2.2878e-01 -4.3647e-01 +2.4018e-01 -3.4348e-01 +8.1111e-01 -8.1666e-01 +2.3648e-01 +1.8760e-01
890 0 +4.030118145e-01 +4.130118145e-01 +4.130118145e-01 +2.5203e-01 +1.0385e-01 +2.2875e-01 -4.3622e-01 +2.3974e-01 -3.4310e-01 +8.1123e-01 -8.1712e-01 +2.3688e-01 +1.8696e-01
895 0 +3.906674088e-01 +4.006674088e-01 +4.006674088e-01 +2.5208e-01 +1.0403e-01 +2.2902e-01 -4.3638e-01 +2.3987e-01 -3.4319e-01 +8.1119e-01 -8.1708e-01 +2.3680e-01 +1.8701e-01
909 0 +3.855974577e-01 +3.955974577e-01 +3.955974577e-01 +2.5195e-01 +1.0421e-01 +2.2884e-01 -4.3638e-01 +2.3978e-01 -3.4310e-01 +8.1129e-01 -8.1706e-01 +2.3667e-01 +1.8704e-01
976 0 +3.796489155e-01 +3.896489155e-01 +3.896489155e-01 +2.5191e-01 +1.0422e-01 +2.2906e-01 -4.3613e-01 +2.3980e-01 -3.4315e-01 +8.1108e-01 -8.1703e-01 +2.3675e-01 +1.8696e-01
1000 0 +3.776492022e-01 +3.876492022e-01 +3.876492022e-01 +2.5191e-01 +1.0422e-01 +2.2906e-01 -4.3612e-01 +2.3982e-01 -3.4317e-01 +8.1103e-01 -8.1700e-01 +2.3676e-01 +1.8691e-01
% f evaluations | g evaluations | best noise-free fitness - Fopt (-1.306100000000e+02) + sum g_i+ | measured fitness | best measured fitness or single-digit g-values | x1 | x2...
1 0 +1.470954580e+01 -1.159004542e+02 -1.159004542e+02 -2.2749e-01 -2.7987e-01 +1.8677e-01 +4.8899e-01 +1.3176e-02 -8.3641e-02 +4.6657e-02 -1.7069e-01 -5.6095e-01 +1.8900e-01
3 0 +8.381636893e+00 -1.222283631e+02 -1.222283631e+02 +2.0331e-01 -1.2982e-01 -1.2601e-01 +3.9478e-02 -3.0403e-01 +1.1327e-01 +2.8093e-02 -3.1205e-01 -1.3932e-01 -3.1759e-01
28 0 +4.963493183e+00 -1.256465068e+02 -1.256465068e+02 +1.4457e-01 -2.2544e-01 +1.4355e-01 -5.6109e-02 -5.5244e-01 +1.3786e-01 -3.8567e-02 -2.4901e-01 -1.9807e-01 -4.8380e-01
58 0 +4.426947622e+00 -1.261830524e+02 -1.261830524e+02 +5.7063e-01 +2.6618e-01 -2.2329e-01 +2.2241e-01 -7.2913e-02 +1.5732e-01 +2.6014e-01 -6.2857e-01 +4.4426e-02 -1.2814e-03
68 0 +3.642264962e+00 -1.269677350e+02 -1.269677350e+02 +4.0972e-01 +4.2490e-02 -1.7338e-03 +2.9996e-02 -1.0043e-01 +4.1784e-01 +2.4609e-01 -6.1204e-01 -9.3945e-02 +1.3470e-01
465 0 +1.963788440e+00 -1.286462116e+02 -1.286462116e+02 -2.5685e-01 -2.9491e-01 -9.7711e-01 -3.5928e-01 -2.4990e-01 +5.0781e-01 +4.3807e-01 -1.9400e-01 -5.9125e-02 -4.1024e-01
657 0 +1.717061860e+00 -1.288929381e+02 -1.288929381e+02 -2.3352e-01 -3.5770e-01 -9.7899e-01 -3.6360e-01 -1.4575e-01 +4.3881e-01 +3.9259e-01 -1.5378e-01 -6.2263e-02 -4.7703e-01
691 0 +1.611350929e+00 -1.289986491e+02 -1.289986491e+02 -2.4106e-01 -3.5817e-01 -9.7721e-01 -3.5339e-01 -1.4281e-01 +4.4409e-01 +4.0566e-01 -1.6059e-01 -7.0663e-02 -4.9688e-01
695 0 +1.299395265e+00 -1.293106047e+02 -1.293106047e+02 -2.3585e-01 -3.5700e-01 -9.7257e-01 -3.5572e-01 -1.3654e-01 +4.3797e-01 +3.9238e-01 -1.5925e-01 -5.9545e-02 -4.8546e-01
718 0 +1.208705690e+00 -1.294012943e+02 -1.294012943e+02 -2.3710e-01 -3.5717e-01 -9.7266e-01 -3.5868e-01 -1.4661e-01 +4.3945e-01 +3.9837e-01 -1.6004e-01 -6.6528e-02 -4.8625e-01
725 0 +9.374881477e-01 -1.296725119e+02 -1.296725119e+02 -2.3519e-01 -3.6054e-01 -9.7229e-01 -3.5740e-01 -1.4117e-01 +4.3367e-01 +3.9141e-01 -1.5720e-01 -6.8765e-02 -4.8988e-01
796 0 +7.229411494e-01 -1.298870589e+02 -1.298870589e+02 -2.3975e-01 -3.5625e-01 -9.6725e-01 -3.6324e-01 -1.4626e-01 +4.3960e-01 +3.9596e-01 -1.6157e-01 -7.0950e-02 -4.8686e-01
855 0 +7.048834101e-01 -1.299051166e+02 -1.299051166e+02 -2.4096e-01 -3.5526e-01 -9.6754e-01 -3.6266e-01 -1.4681e-01 +4.4080e-01 +3.9542e-01 -1.6245e-01 -7.1093e-02 -4.8425e-01
860 0 +5.964954828e-01 -1.300135045e+02 -1.300135045e+02 -2.4117e-01 -3.5575e-01 -9.6795e-01 -3.6275e-01 -1.4588e-01 +4.4004e-01 +3.9573e-01 -1.6234e-01 -7.1158e-02 -4.8480e-01
940 0 +5.836403483e-01 -1.300263597e+02 -1.300263597e+02 -2.4112e-01 -3.5609e-01 -9.6789e-01 -3.6281e-01 -1.4615e-01 +4.4194e-01 +3.9573e-01 -1.6175e-01 -7.1533e-02 -4.8355e-01
946 0 +5.701812499e-01 -1.300398188e+02 -1.300398188e+02 -2.4105e-01 -3.5614e-01 -9.6739e-01 -3.6300e-01 -1.4612e-01 +4.4150e-01 +3.9560e-01 -1.6213e-01 -7.1518e-02 -4.8310e-01
952 0 +5.580975108e-01 -1.300519025e+02 -1.300519025e+02 -2.4090e-01 -3.5599e-01 -9.6753e-01 -3.6281e-01 -1.4628e-01 +4.4138e-01 +3.9565e-01 -1.6192e-01 -7.1519e-02 -4.8362e-01
961 0 +5.282796696e-01 -1.300817203e+02 -1.300817203e+02 -2.4098e-01 -3.5598e-01 -9.6748e-01 -3.6280e-01 -1.4632e-01 +4.4131e-01 +3.9579e-01 -1.6187e-01 -7.1574e-02 -4.8370e-01
1000 0 +5.282796696e-01 -1.300817203e+02 -1.300817203e+02 -2.4098e-01 -3.5598e-01 -9.6748e-01 -3.6280e-01 -1.4632e-01 +4.4131e-01 +3.9579e-01 -1.6187e-01 -7.1574e-02 -4.8370e-01
% f evaluations | g evaluations | best noise-free fitness - Fopt (-2.231200000000e+02) + sum g_i+ | measured fitness | best measured fitness or single-digit g-values | x1 | x2...
1 0 +1.302749804e+01 -2.100925020e+02 -2.100925020e+02 -1.3495e-02 -8.0310e-02 -1.9892e-01 -1.4390e-01 -4.7578e-01 -4.3364e-01 +6.5683e-02 +2.0690e-01 +2.8260e-01 +1.2560e-01
2 0 +8.068824607e+00 -2.150511754e+02 -2.150511754e+02 -5.2381e-01 -5.2792e-02 -1.5933e-01 +2.8366e-01 -4.7202e-01 -4.5192e-01 +4.6729e-02 +3.9470e-02 +6.8407e-02 +2.5981e-01
16 0 +4.332366762e+00 -2.187876332e+02 -2.187876332e+02 -3.9755e-01 -3.7325e-01 -6.0749e-01 +4.0398e-01 -3.6165e-01 -7.1750e-01 +2.0167e-01 -6.6597e-02 +6.2561e-01 +7.0039e-02
292 0 +3.849322934e+00 -2.192706771e+02 -2.192706771e+02 -2.9333e+00 +5.7264e-01 +7.3588e-03 +1.5670e+00 -8.4019e-01 -6.7159e-01 -1.3279e+00 +8.0155e-01 -3.5699e-01 +9.0487e-01
780 0 +3.463102659e+00 -2.196568973e+02 -2.196568973e+02 -3.2218e+00 +1.0074e-01 -8.6402e-02 +1.9188e+00 +1.0586e-01 -9.6226e-01 -2.1462e+00 +9.9072e-01 -1.4936e+00 +1.9811e+00
907 0 +3.145729349e+00 -2.199742707e+02 -2.199742707e+02 -3.2506e+00 +1.2654e-01 -1.0509e-01 +1.9838e+00 +8.5875e-02 -9.6033e-01 -2.2194e+00 +9.1028e-01 -1.5059e+00 +2.0254e+00
912 0 +1.639775563e+00 -2.214802244e+02 -2.214802244e+02 -3.2463e+00 +1.2303e-01 -1.1326e-01 +1.9749e+00 +8.3012e-02 -9.5713e-01 -2.2132e+00 +9.0388e-01 -1.5010e+00 +2.0246e+00
958 0 +1.037780690e+00 -2.220822193e+02 -2.220822193e+02 -3.2522e+00 +1.2419e-01 -1.2071e-01 +1.9712e+00 +7.1339e-02 -9.6406e-01 -2.2081e+00 +9.0911e-01 -1.5141e+00 +2.0090e+00
973 0 +9.349504366e-01 -2.221850496e+02 -2.221850496e+02 -3.2536e+00 +1.2935e-01 -1.2230e-01 +1.9679e+00 +7.5835e-02 -9.6174e-01 -2.2115e+00 +9.0968e-01 -1.5154e+00 +2.0061e+00
984 0 +8.754869343e-01 -2.222445131e+02 -2.222445131e+02 -3.2560e+00 +1.3026e-01 -1.2213e-01 +1.9709e+00 +7.2104e-02 -9.5619e-01 -2.2108e+00 +9.1614e-01 -1.5156e+00 +2.0149e+00
1000 0 +8.754869343e-01 -2.222445131e+02 -2.222445131e+02 -3.2560e+00 +1.3026e-01 -1.2213e-01 +1.9709e+00 +7.2104e-02 -9.5619e-01 -2.2108e+00 +9.1614e-01 -1.5156e+00 +2.0149e+00
% f evaluations | g evaluations | best noise-free fitness - Fopt (-4.443000000000e+01) + sum g_i+ | measured fitness | best measured fitness or single-digit g-values | x1 | x2...
1 0 +2.632767470e+01 -1.810232530e+01 -1.810232530e+01 +4.6478e-01 +1.0489e-02 +4.8246e-01 -2.0422e-01 -1.4270e-01 +6.9007e-02 +2.5033e-01 +2.8179e-01 +1.0154e-01 -2.7762e-01
2 0 +1.399853564e+01 -3.043146436e+01 -3.043146436e+01 +8.0504e-03 -1.5191e-01 +3.4531e-02 -1.4666e-01 +4.1274e-01 -1.0085e-01 -5.8612e-02 -1.0313e-01 -4.7802e-01 -1.2925e-01
5 0 +8.647416441e+00 -3.578258356e+01 -3.578258356e+01 -4.4464e-02 +7.4624e-02 +5.6094e-01 -2.9775e-01 -1.1282e-01 -1.1363e-01 +2.2783e-01 +1.7612e-01 -2.3367e-01 +4.5690e-01
19 0 +7.059488294e+00 -3.737051171e+01 -3.737051171e+01 -2.2366e-02 +2.5038e-02 +5.0896e-02 -1.2724e-01 -2.6520e-01 -2.2588e-01 -1.6244e-01 +4.5278e-01 -2.0970e-01 -4.3854e-02
48 0 +4.940604762e+00 -3.948939524e+01 -3.948939524e+01 -4.5233e-02 -6.9353e-01 +3.1592e-01 -2.6221e-01 -2.1326e-01 +1.8286e-01 +2.0938e-01 +3.7264e-01 +1.8974e-02 +2.7671e-01
95 0 +4.672859922e+00 -3.975714008e+01 -3.975714008e+01 -3.6464e-01 -7.9653e-01 +7.8428e-01 -2.4620e-01 +3.4291e-02 -6.5802e-01 +5.1402e-02 +9.3573e-01 -6.2115e-01 -1.0689e-01
107 0 +4.402254491e+00 -4.002774551e+01 -4.002774551e+01 -2.8787e-01 -7.1260e-01 +5.7622e-01 -5.9975e-01 +3.2397e-02 -8.1879e-01 +1.6498e-01 +8.4143e-01 -8.5727e-01 +1.0426e-01
154 0 +3.489010487e+00 -4.094098951e+01 -4.094098951e+01 -9.2374e-02 -9.2434e-02 -1.1673e-01 -7.6192e-02 -4.1712e-02 -1.2399e+00 -2.1432e-01 +8.7860e-01 -1.0153e+00 +2.1806e-01
439 0 +3.230258851e+00 -4.119974115e+01 -4.119974115e+01 -4.8453e-01 -2.9324e-01 -7.0081e-02 -3.4752e-01 -2.1052e-01 -1.1229e+00 +2.1986e-01 +7.2316e-01 -1.3412e+00 +8.0520e-01
511 0 +2.927402518e+00 -4.150259748e+01 -4.150259748e+01 -4.3122e-01 -2.1589e-01 -1.2457e-01 -3.7079e-01 -1.6263e-01 -1.1784e+00 +2.3951e-01 +7.5843e-01 -1.3064e+00 +8.2827e-01
516 0 +2.400656729e+00 -4.202934327e+01 -4.202934327e+01 -4.5488e-01 -2.1248e-01 -1.1577e-01 -3.2542e-01 -1.9072e-01 -1.1827e+00 +2.4419e-01 +7.7918e-01 -1.3313e+00 +8.1060e-01
567 0 +1.590143722e+00 -4.283985628e+01 -4.283985628e+01 -4.3092e-01 -2.1075e-01 -1.1016e-01 -3.4470e-01 -1.6927e-01 -1.1490e+00 +2.3546e-01 +7.5028e-01 -1.3093e+00 +8.0830e-01
588 0 +1.481643579e+00 -4.294835642e+01 -4.294835642e+01 -4.2079e-01 -1.9643e-01 -8.7698e-02 -3.5791e-01 -1.7217e-01 -1.1422e+00 +2.3319e-01 +7.4420e-01 -1.2897e+00 +8.0172e-01
657 0 +1.462486551e+00 -4.296751345e+01 -4.296751345e+01 -4.2934e-01 -2.0480e-01 -1.0799e-01 -3.5643e-01 -1.6516e-01 -1.1433e+00 +2.2275e-01 +7.5168e-01 -1.2967e+00 +8.0831e-01
658 0 +1.320561496e+00 -4.310943850e+01 -4.310943850e+01 -4.2799e-01 -2.0730e-01 -1.1359e-01 -3.5520e-01 -1.6815e-01 -1.1406e+00 +2.3002e-01 +7.5164e-01 -1.2991e+00 +8.0552e-01
660 0 +9.494366339e-01 -4.348056337e+01 -4.348056337e+01 -4.3262e-01 -2.0573e-01 -1.0797e-01 -3.5535e-01 -1.7295e-01 -1.1467e+00 +2.2857e-01 +7.4872e-01 -1.3003e+00 +8.0191e-01
684 0 +8.925888850e-01 -4.353741111e+01 -4.353741111e+01 -4.3301e-01 -2.0915e-01 -1.0831e-01 -3.5681e-01 -1.6778e-01 -1.1446e+00 +2.3199e-01 +7.5027e-01 -1.3015e+00 +8.0501e-01
704 0 +8.783048753e-01 -4.355169512e+01 -4.355169512e+01 -4.2924e-01 -2.0512e-01 -1.1113e-01 -3.5900e-01 -1.6850e-01 -1.1460e+00 +2.3359e-01 +7.4930e-01 -1.3000e+00 +8.0567e-01
709 0 +8.574656519e-01 -4.357253435e+01 -4.357253435e+01 -4.2898e-01 -2.0529e-01 -1.1225e-01 -3.6001e-01 -1.6914e-01 -1.1493e+00 +2.3084e-01 +7.5093e-01 -1.2994e+00 +8.0114e-01
718 0 +6.641325194e-01 -4.376586748e+01 -4.376586748e+01 -4.2897e-01 -2.0677e-01 -1.1087e-01 -3.5911e-01 -1.6923e-01 -1.1503e+00 +2.3442e-01 +7.5163e-01 -1.3012e+00 +8.0414e-01
727 0 +6.003017788e-01 -4.382969822e+01 -4.382969822e+01 -4.3190e-01 -2.0693e-01 -1.1144e-01 -3.5901e-01 -1.6930e-01 -1.1496e+00 +2.3238e-01 +7.5136e-01 -1.3005e+00 +8.0318e-01
745 0 +5.697187504e-01 -4.386028125e+01 -4.386028125e+01 -4.3100e-01 -2.0869e-01 -1.1161e-01 -3.5953e-01 -1.6924e-01 -1.1483e+00 +2.3195e-01 +7.5177e-01 -1.3013e+00 +8.0432e-01
758 0 +5.102968367e-01 -4.391970316e+01 -4.391970316e+01 -4.3161e-01 -2.0756e-01 -1.1176e-01 -3.5895e-01 -1.6877e-01 -1.1481e+00 +2.3258e-01 +7.5167e-01 -1.3005e+00 +8.0488e-01
787 0 +4.748077185e-01 -4.395519228e+01 -4.395519228e+01 -4.3277e-01 -2.0598e-01 -1.1252e-01 -3.5898e-01 -1.6914e-01 -1.1484e+00 +2.3312e-01 +7.5176e-01 -1.3005e+00 +8.0484e-01
791 0 +4.196245516e-01 -4.401037545e+01 -4.401037545e+01 -4.3190e-01 -2.0565e-01 -1.1134e-01 -3.5899e-01 -1.6928e-01 -1.1487e+00 +2.3344e-01 +7.5180e-01 -1.2993e+00 +8.0444e-01
847 0 +4.129464561e-01 -4.401705354e+01 -4.401705354e+01 -4.3261e-01 -2.0651e-01 -1.1164e-01 -3.5886e-01 -1.6899e-01 -1.1481e+00 +2.3308e-01 +7.5156e-01 -1.2998e+00 +8.0466e-01
884 0 +3.985682868e-01 -4.403143171e+01 -4.403143171e+01 -4.3260e-01 -2.0664e-01 -1.1157e-01 -3.5905e-01 -1.6900e-01 -1.1481e+00 +2.3349e-01 +7.5143e-01 -1.2996e+00 +8.0410e-01
898 0 +3.944090928e-01 -4.403559091e+01 -4.403559091e+01 -4.3245e-01 -2.0647e-01 -1.1119e-01 -3.5924e-01 -1.6896e-01 -1.1481e+00 +2.3374e-01 +7.5134e-01 -1.2996e+00 +8.0409e-01
908 0 +3.758371362e-01 -4.405416286e+01 -4.405416286e+01 -4.3254e-01 -2.0619e-01 -1.1154e-01 -3.5935e-01 -1.6891e-01 -1.1482e+00 +2.3335e-01 +7.5154e-01 -1.2996e+00 +8.0418e-01
971 0 +3.690546149e-01 -4.406094539e+01 -4.406094539e+01 -4.3254e-01 -2.0653e-01 -1.1140e-01 -3.5936e-01 -1.6903e-01 -1.1481e+00 +2.3359e-01 +7.5148e-01 -1.2999e+00 +8.0411e-01
1000 0 +3.690546149e-01 -4.406094539e+01 -4.406094539e+01 -4.3254e-01 -2.0653e-01 -1.1140e-01 -3.5936e-01 -1.6903e-01 -1.1481e+00 +2.3359e-01 +7.5148e-01 -1.2999e+00 +8.0411e-01
% f evaluations | g evaluations | best noise-free fitness - Fopt (2.557800000000e+02) + sum g_i+ | measured fitness | best measured fitness or single-digit g-values | x1 | x2...
1 0 +2.279929931e+01 +2.785792993e+02 +2.785792993e+02 +1.0105e-01 +9.0765e-02 +9.5955e-03 +3.1457e-01 -1.7817e-01 -2.8562e-02 -2.2072e-01 +1.3617e-01 -2.4050e-01 +2.5404e-01
2 0 +1.007567961e+01 +2.658556796e+02 +2.658556796e+02 -2.4071e-01 +3.2498e-01 +4.9142e-01 -4.2464e-01 -8.0567e-02 -3.0565e-01 -2.3998e-01 -2.5304e-01 -7.4059e-02 -1.2924e-01
4 0 +9.555260008e+00 +2.653352600e+02 +2.653352600e+02 +2.1285e-01 +4.5708e-01 -1.1850e-01 +7.2392e-01 +2.1790e-01 -3.6879e-02 +6.8376e-02 -4.1897e-01 -1.2360e-01 +2.0481e-01
7 0 +8.227353854e+00 +2.640073539e+02 +2.640073539e+02 +1.1110e-01 +4.4370e-02 +3.1714e-01 +3.1265e-01 -2.0878e-01 -2.1479e-01 -8.4216e-02 -1.7201e-02 +3.4518e-01 -1.2920e-01
15 0 +7.346048040e+00 +2.631260480e+02 +2.631260480e+02 -2.0565e-01 +5.9782e-01 +3.4619e-01 +1.7482e-01 -5.1317e-02 -6.4701e-01 +6.0733e-02 -6.0052e-02 +3.6642e-01 +7.0407e-02
17 0 +7.121876467e+00 +2.629018765e+02 +2.629018765e+02 +1.1466e-01 -1.3237e-01 +4.3979e-01 +7.1501e-01 -1.1935e-01 -2.7877e-01 -9.2548e-02 +1.0527e-01 +1.9570e-01 -5.9532e-02
35 0 +5.048858609e+00 +2.608288586e+02 +2.608288586e+02 -3.5513e-02 -3.8519e-02 -1.2278e-01 -2.1679e-02 -6.6332e-01 +1.6784e-01 +8.0640e-03 -2.3992e-01 +4.6445e-02 -4.2583e-03
133 0 +4.624807012e+00 +2.604048070e+02 +2.604048070e+02 +7.7184e-02 -4.5672e-02 +2.2434e-01 -1.2358e-01 -1.6533e-01 +2.6996e-01 -1.9156e-01 -1.8502e-01 +7.6035e-02 -3.2761e-01
151 0 +2.738257114e+00 +2.585182571e+02 +2.585182571e+02 +3.0164e-01 +8.4402e-02 +1.7312e-01 -1.8458e-01 +5.9853e-02 +1.4126e-01 -5.1962e-01 -2.6575e-01 +2.1537e-01 -4.7245e-01
585 0 +1.602523829e+00 +2.573825238e+02 +2.573825238e+02 -2.5553e-01 -2.0626e-01 +2.3575e-01 -5.7951e-01 -5.1307e-02 +5.4177e-01 -4.6053e-01 -7.9803e-01 +2.2053e-01 -9.9853e-01
687 0 +1.542019055e+00 +2.573220191e+02 +2.573220191e+02 -2.6004e-01 -1.9208e-01 +2.6634e-01 -5.6662e-01 -2.2144e-02 +5.3418e-01 -4.6237e-01 -7.9057e-01 +2.1150e-01 -9.9744e-01
706 0 +1.402104222e+00 +2.571821042e+02 +2.571821042e+02 -2.6125e-01 -1.8753e-01 +2.6586e-01 -5.6920e-01 -2.6085e-02 +5.4026e-01 -4.5322e-01 -7.9802e-01 +2.1178e-01 -9.9638e-01
798 0 +1.297248721e+00 +2.570772487e+02 +2.570772487e+02 -2.6009e-01 -1.8640e-01 +2.6419e-01 -5.7118e-01 -2.4890e-02 +5.4259e-01 -4.5873e-01 -7.9920e-01 +2.1384e-01 -9.9594e-01
828 0 +1.241720374e+00 +2.570217204e+02 +2.570217204e+02 -2.6075e-01 -1.8864e-01 +2.6483e-01 -5.7263e-01 -2.5364e-02 +5.4257e-01 -4.5709e-01 -7.9959e-01 +2.1398e-01 -9.9717e-01
835 0 +1.225920777e+00 +2.570059208e+02 +2.570059208e+02 -2.6065e-01 -1.8829e-01 +2.6510e-01 -5.7129e-01 -2.4561e-02 +5.4164e-01 -4.5798e-01 -7.9867e-01 +2.1378e-01 -9.9710e-01
943 0 +1.194465694e+00 +2.569744657e+02 +2.569744657e+02 -2.6086e-01 -1.8876e-01 +2.6470e-01 -5.7152e-01 -2.5277e-02 +5.4184e-01 -4.5830e-01 -7.9839e-01 +2.1358e-01 -9.9741e-01
964 0 +1.172998648e+00 +2.569529986e+02 +2.569529986e+02 -2.6106e-01 -1.8898e-01 +2.6471e-01 -5.7160e-01 -2.5267e-02 +5.4176e-01 -4.5807e-01 -7.9863e-01 +2.1371e-01 -9.9747e-01
1000 0 +1.170979782e+00 +2.569509798e+02 +2.569509798e+02 -2.6075e-01 -1.8883e-01 +2.6476e-01 -5.7162e-01 -2.5450e-02 +5.4174e-01 -4.5821e-01 -7.9848e-01 +2.1364e-01 -9.9742e-01
% f evaluations | g evaluations | best noise-free fitness - Fopt (1.000000000000e+03) + sum g_i+ | measured fitness | best measured fitness or single-digit g-values | x1 | x2...
1 0 +1.827185378e+01 +1.018271854e+03 +1.018271854e+03 -3.0591e-01 +7.0310e-01 -3.7955e-02 +8.5060e-02 +2.4544e-01 +1.5665e-01 -6.1717e-02 +5.3934e-03 -5.2276e-01 -2.1451e-01
2 0 +1.111026688e+01 +1.011110267e+03 +1.011110267e+03 -2.4871e-01 -2.4517e-02 -4.3405e-02 +1.2176e-01 +1.9145e-01 +2.5187e-01 +2.4242e-01 -2.0959e-01 +4.1062e-01 -1.7760e-01
6 0 +8.254232631e+00 +1.008254233e+03 +1.008254233e+03 +1.0043e-01 -1.4193e-01 -6.4459e-03 -9.5568e-02 -2.6243e-02 -2.8467e-01 +3.7895e-01 +1.1932e-01 -2.2114e-01 +2.2532e-01
35 0 +5.463585457e+00 +1.005463585e+03 +1.005463585e+03 +4.6237e-01 -7.8746e-02 +2.3336e-02 +9.9491e-03 -2.9678e-01 -6.2539e-01 +1.4985e-01 +2.9209e-01 +2.8364e-01 -1.8696e-03
57 0 +5.216412371e+00 +1.005216412e+03 +1.005216412e+03 +5.2559e-01 +4.0237e-01 +1.1421e-01 +3.3098e-01 -8.1890e-01 -7.7177e-01 +2.0995e-01 -1.3788e-01 +8.7909e-01 -4.9088e-01
121 0 +4.505243577e+00 +1.004505244e+03 +1.004505244e+03 +2.0096e-01 -3.4462e-01 -6.4973e-01 +4.0542e-01 -6.1035e-01 -5.4715e-01 -4.3081e-01 +2.0755e-01 +3.0616e-01 -1.0060e+00
133 0 +3.953092942e+00 +1.003953093e+03 +1.003953093e+03 +1.9878e-01 -2.2761e-01 -8.7808e-01 -8.7096e-04 -4.9412e-01 -5.3214e-01 -4.6248e-01 +4.0324e-01 -2.2298e-01 -7.7666e-01
300 0 +3.376504024e+00 +1.003376504e+03 +1.003376504e+03 +5.4188e-01 -2.0533e-01 -6.1271e-01 +1.5997e-01 -1.0101e+00 -1.2586e+00 -5.0079e-01 +6.5658e-01 +2.7593e-01 -8.0164e-01
320 0 +2.679352845e+00 +1.002679353e+03 +1.002679353e+03 +4.1788e-01 -2.6048e-01 -8.1621e-01 +2.2231e-01 -7.9588e-01 -1.1830e+00 -5.1014e-01 +5.9426e-01 +2.4273e-01 -5.3486e-01
597 0 +2.613795509e+00 +1.002613796e+03 +1.002613796e+03 +4.0836e-01 -4.4436e-01 -8.2331e-01 -6.2114e-02 -8.0565e-01 -1.0757e+00 -6.2469e-01 +4.6224e-01 +3.1261e-01 -6.5354e-01
604 0 +1.851802284e+00 +1.001851802e+03 +1.001851802e+03 +4.1799e-01 -4.4847e-01 -8.1284e-01 -4.1226e-02 -8.1181e-01 -1.0886e+00 -6.3799e-01 +4.8275e-01 +2.9619e-01 -6.5290e-01
648 0 +1.764520785e+00 +1.001764521e+03 +1.001764521e+03 +4.0650e-01 -4.3899e-01 -8.1853e-01 -2.3862e-02 -8.0782e-01 -1.0797e+00 -6.5113e-01 +4.6718e-01 +3.0289e-01 -6.5614e-01
652 0 +1.417599160e+00 +1.001417599e+03 +1.001417599e+03 +4.0779e-01 -4.4380e-01 -8.0581e-01 -3.0384e-02 -7.9619e-01 -1.0823e+00 -6.4415e-01 +4.7202e-01 +3.0373e-01 -6.4622e-01
662 0 +1.372586972e+00 +1.001372587e+03 +1.001372587e+03 +4.0932e-01 -4.4096e-01 -8.0054e-01 -3.1198e-02 -7.9912e-01 -1.0864e+00 -6.3810e-01 +4.7436e-01 +3.0323e-01 -6.4505e-01
677 0 +1.167591741e+00 +1.001167592e+03 +1.001167592e+03 +4.0917e-01 -4.4276e-01 -7.9895e-01 -2.8315e-02 -7.9840e-01 -1.0852e+00 -6.4028e-01 +4.7440e-01 +3.0607e-01 -6.4464e-01
681 0 +1.121005777e+00 +1.001121006e+03 +1.001121006e+03 +4.0866e-01 -4.4462e-01 -8.0300e-01 -3.2762e-02 -7.9872e-01 -1.0849e+00 -6.3729e-01 +4.6891e-01 +3.0473e-01 -6.5138e-01
684 0 +6.525489358e-01 +1.000652549e+03 +1.000652549e+03 +4.0731e-01 -4.4469e-01 -8.0166e-01 -2.8105e-02 -8.0070e-01 -1.0865e+00 -6.4378e-01 +4.7747e-01 +3.0429e-01 -6.4760e-01
722 0 +6.297155962e-01 +1.000629716e+03 +1.000629716e+03 +4.1184e-01 -4.3687e-01 -8.0327e-01 -2.7633e-02 -7.9975e-01 -1.0842e+00 -6.4633e-01 +4.7806e-01 +3.0647e-01 -6.4971e-01
878 0 +5.835917262e-01 +1.000583592e+03 +1.000583592e+03 +4.1516e-01 -4.3654e-01 -7.9906e-01 -2.4987e-02 -7.9436e-01 -1.0875e+00 -6.4831e-01 +4.7660e-01 +3.0836e-01 -6.4891e-01
931 0 +5.690442416e-01 +1.000569044e+03 +1.000569044e+03 +4.1547e-01 -4.3631e-01 -7.9884e-01 -2.5381e-02 -7.9442e-01 -1.0878e+00 -6.4801e-01 +4.7643e-01 +3.0862e-01 -6.4928e-01
971 0 +5.494607966e-01 +1.000549461e+03 +1.000549461e+03 +4.1536e-01 -4.3645e-01 -7.9917e-01 -2.5203e-02 -7.9444e-01 -1.0877e+00 -6.4806e-01 +4.7622e-01 +3.0856e-01 -6.4942e-01
1000 0 +5.494607966e-01 +1.000549461e+03 +1.000549461e+03 +4.1536e-01 -4.3645e-01 -7.9917e-01 -2.5203e-02 -7.9444e-01 -1.0877e+00 -6.4806e-01 +4.7622e-01 +3.0856e-01 -6.4942e-01
% f evaluations | g evaluations | best noise-free fitness - Fopt (-1.869500000000e+02) + sum g_i+ | measured fitness | best measured fitness or single-digit g-values | x1 | x2...
1 0 +2.305678710e+01 -1.638932129e+02 -1.638932129e+02 +1.3136e-01 -2.7493e-01 +4.1500e-01 +4.4571e-01 +3.5479e-01 +1.8877e-01 +2.4109e-01 +3.5684e-01 +3.3154e-01 -5.1765e-02
2 0 +1.136158835e+01 -1.755884117e+02 -1.755884117e+02 -2.6920e-01 +6.8963e-02 -1.7390e-03 -1.2469e-02 -3.7565e-01 +3.2152e-01 -3.4206e-01 +3.0918e-01 -1.4862e-02 -5.3912e-02
9 0 +1.069829502e+01 -1.762517050e+02 -1.762517050e+02 -2.4091e-01 +2.0883e-01 -1.0658e+00 -1.5413e-02 -1.8924e-01 -1.5445e-01 -1.2556e-01 -2.6512e-02 +1.4391e-02 +3.4083e-01
12 0 +9.702870086e+00 -1.772471299e+02 -1.772471299e+02 -1.4430e-01 +1.8042e-01 -7.0491e-01 -6.0834e-01 -4.0191e-01 +1.3692e-01 -4.9481e-01 +1.8522e-01 +8.6541e-02 +2.0716e-01
16 0 +8.360898935e+00 -1.785891011e+02 -1.785891011e+02 +3.5931e-02 +5.9980e-03 -5.2170e-01 +3.6061e-01 -1.9694e-01 +4.1248e-01 -6.8093e-01 +2.5204e-01 -4.1350e-02 -4.3544e-01
18 0 +4.186387875e+00 -1.827636121e+02 -1.827636121e+02 -2.7065e-01 -1.4579e-01 -6.1710e-01 +3.2331e-01 +7.3624e-02 +1.4858e-01 -2.5260e-01 +3.6245e-02 -2.1522e-02 -1.0656e-01
145 0 +4.066369406e+00 -1.828836306e+02 -1.828836306e+02 -7.7366e-01 +2.8624e-01 -2.7213e-01 -7.1485e-01 +4.0372e-01 +3.9303e-01 -8.6306e-01 -4.0477e-01 -5.8586e-02 +1.2935e+00
270 0 +3.046531304e+00 -1.839034687e+02 -1.839034687e+02 -3.7573e-01 +4.2932e-01 +6.8673e-01 -1.5028e+00 +7.6243e-01 +1.9274e-01 -1.2178e+00 -6.2392e-01 +5.1165e-01 +1.3884e+00
271 0 +2.905891186e+00 -1.840441088e+02 -1.840441088e+02 -3.8232e-01 +7.9430e-01 +4.4332e-01 -1.4121e+00 +5.4080e-01 +2.1745e-01 -1.3351e+00 -7.4541e-01 +5.3394e-01 +1.1584e+00
710 0 +2.732395754e+00 -1.842176042e+02 -1.842176042e+02 -2.7675e-01 +1.1138e+00 +9.2941e-01 -1.6919e+00 +3.3256e-01 -1.0923e-01 -1.2733e+00 -1.7881e-01 +1.0178e+00 +1.2161e+00
745 0 +2.291430508e+00 -1.846585695e+02 -1.846585695e+02 -2.7277e-01 +1.1147e+00 +9.1978e-01 -1.6917e+00 +3.2956e-01 -9.8759e-02 -1.2693e+00 -1.8363e-01 +1.0137e+00 +1.2065e+00
764 0 +2.094122561e+00 -1.848558774e+02 -1.848558774e+02 -2.7596e-01 +1.1142e+00 +9.2188e-01 -1.6894e+00 +3.2668e-01 -1.0221e-01 -1.2641e+00 -1.8431e-01 +1.0164e+00 +1.2062e+00
776 0 +1.696615390e+00 -1.852533846e+02 -1.852533846e+02 -2.7616e-01 +1.1111e+00 +9.2223e-01 -1.6884e+00 +3.2691e-01 -1.0181e-01 -1.2700e+00 -1.8342e-01 +1.0159e+00 +1.2019e+00
819 0 +1.592560074e+00 -1.853574399e+02 -1.853574399e+02 -2.7407e-01 +1.1150e+00 +9.2000e-01 -1.6917e+00 +3.2630e-01 -1.0327e-01 -1.2703e+00 -1.8445e-01 +1.0208e+00 +1.2022e+00
824 0 +1.563462855e+00 -1.853865371e+02 -1.853865371e+02 -2.7471e-01 +1.1149e+00 +9.1783e-01 -1.6898e+00 +3.2770e-01 -1.0019e-01 -1.2682e+00 -1.8318e-01 +1.0188e+00 +1.2005e+00
845 0 +1.364080235e+00 -1.855859198e+02 -1.855859198e+02 -2.7609e-01 +1.1164e+00 +9.1719e-01 -1.6897e+00 +3.2652e-01 -9.9541e-02 -1.2712e+00 -1.8424e-01 +1.0186e+00 +1.2032e+00
865 0 +1.301091339e+00 -1.856489087e+02 -1.856489087e+02 -2.7680e-01 +1.1168e+00 +9.1504e-01 -1.6891e+00 +3.2737e-01 -1.0000e-01 -1.2695e+00 -1.8289e-01 +1.0183e+00 +1.2033e+00
875 0 +1.185599282e+00 -1.857644007e+02 -1.857644007e+02 -2.7620e-01 +1.1158e+00 +9.1407e-01 -1.6869e+00 +3.2773e-01 -9.9262e-02 -1.2701e+00 -1.8407e-01 +1.0184e+00 +1.2023e+00
900 0 +1.146682300e+00 -1.858033177e+02 -1.858033177e+02 -2.7680e-01 +1.1170e+00 +9.1593e-01 -1.6887e+00 +3.2584e-01 -1.0068e-01 -1.2688e+00 -1.8292e-01 +1.0199e+00 +1.2024e+00
908 0 +1.110380234e+00 -1.858396198e+02 -1.858396198e+02 -2.7762e-01 +1.1174e+00 +9.1456e-01 -1.6889e+00 +3.2599e-01 -1.0045e-01 -1.2689e+00 -1.8243e-01 +1.0196e+00 +1.2022e+00
919 0 +1.093952032e+00 -1.858560480e+02 -1.858560480e+02 -2.7734e-01 +1.1176e+00 +9.1394e-01 -1.6876e+00 +3.2729e-01 -1.0059e-01 -1.2694e+00 -1.8339e-01 +1.0193e+00 +1.2019e+00
934 0 +1.046913131e+00 -1.859030869e+02 -1.859030869e+02 -2.7669e-01 +1.1172e+00 +9.1277e-01 -1.6875e+00 +3.2725e-01 -9.9399e-02 -1.2694e+00 -1.8307e-01 +1.0192e+00 +1.2015e+00
973 0 +1.014291079e+00 -1.859357089e+02 -1.859357089e+02 -2.7725e-01 +1.1171e+00 +9.1331e-01 -1.6880e+00 +3.2705e-01 -9.9724e-02 -1.2692e+00 -1.8264e-01 +1.0188e+00 +1.2014e+00
981 0 +9.976199263e-01 -1.859523801e+02 -1.859523801e+02 -2.7688e-01 +1.1169e+00 +9.1303e-01 -1.6875e+00 +3.2691e-01 -9.9824e-02 -1.2692e+00 -1.8267e-01 +1.0189e+00 +1.2018e+00
1000 0 +9.841407165e-01 -1.859658593e+02 -1.859658593e+02 -2.7717e-01 +1.1172e+00 +9.1345e-01 -1.6879e+00 +3.2683e-01 -9.9659e-02 -1.2692e+00 -1.8263e-01 +1.0191e+00 +1.2021e+00
% f evaluations | g evaluations | best noise-free fitness - Fopt (5.859500000000e+02) + sum g_i+ | measured fitness | best measured fitness or single-digit g-values | x1 | x2...
1 0 +1.632925550e+01 +6.022792555e+02 +6.022792555e+02 +1.2294e-01 -2.0308e-01 +5.7380e-01 +8.0990e-02 +3.8462e-01 +5.2374e-01 +6.1370e-02 -4.5310e-01 +8.4851e-02 -2.2850e-02
2 0 +1.165867807e+01 +5.976086781e+02 +5.976086781e+02 -3.2937e-01 +1.3095e-01 +8.1021e-02 +4.6746e-02 -1.3310e-01 +4.5166e-01 -4.9770e-01 -1.0662e-01 -3.0685e-01 +2.6117e-01
4 0 +8.522029584e+00 +5.944720296e+02 +5.944720296e+02 +3.1861e-01 -3.2272e-01 +2.8037e-02 +3.7079e-01 -3.5429e-01 -7.9573e-02 +1.2520e-01 +4.5685e-01 +1.0541e-01 +2.2927e-01
12 0 +4.793291448e+00 +5.907432914e+02 +5.907432914e+02 -6.0696e-01 -3.6480e-01 -1.0434e-01 +1.7687e-01 +1.9318e-01 -3.1794e-01 +5.9605e-01 +4.0215e-01 +4.0336e-01 +3.5994e-01
173 0 +4.534994475e+00 +5.904849945e+02 +5.904849945e+02 +1.0863e+00 +6.5781e-02 -1.5096e-01 +7.9334e-02 +4.1989e-01 -6.3657e-01 +1.9137e-01 -3.9394e-01 -7.4617e-01 -1.1466e+00
335 0 +4.131006808e+00 +5.900810068e+02 +5.900810068e+02 +4.4094e-01 -2.3745e-01 +2.1437e-01 -3.6084e-01 +4.7591e-01 -4.3932e-01 +6.2953e-01 +1.0708e-02 +1.7168e-01 -6.3377e-01
511 0 +3.671860095e+00 +5.896218601e+02 +5.896218601e+02 +3.6104e-01 -2.3136e-01 +3.9636e-01 -2.7379e-01 +3.1582e-01 -3.1814e-01 +5.4083e-01 -8.0421e-02 +2.3933e-01 -7.7572e-01
539 0 +2.888646146e+00 +5.888386461e+02 +5.888386461e+02 +3.5512e-01 -2.7050e-01 +4.4657e-01 -2.9091e-01 +3.1696e-01 -3.2599e-01 +5.3241e-01 -9.7994e-02 +2.4881e-01 -7.9013e-01
556 0 +2.204847053e+00 +5.881548471e+02 +5.881548471e+02 +3.5302e-01 -2.5628e-01 +4.4458e-01 -2.8036e-01 +3.4795e-01 -3.1019e-01 +5.6330e-01 -8.0456e-02 +2.7704e-01 -7.8937e-01
592 0 +1.396090392e+00 +5.873460904e+02 +5.873460904e+02 +3.5415e-01 -2.7037e-01 +4.4324e-01 -2.4748e-01 +3.4825e-01 -3.5078e-01 +5.5481e-01 -8.0078e-02 +2.8085e-01 -7.8622e-01
624 0 +1.015721327e+00 +5.869657213e+02 +5.869657213e+02 +3.5498e-01 -2.6121e-01 +4.3749e-01 -2.6425e-01 +3.4360e-01 -3.3743e-01 +5.5973e-01 -8.2389e-02 +2.7156e-01 -7.8865e-01
657 0 +9.250320253e-01 +5.868750320e+02 +5.868750320e+02 +3.5179e-01 -2.6861e-01 +4.3926e-01 -2.6524e-01 +3.4360e-01 -3.3249e-01 +5.6025e-01 -8.5478e-02 +2.6985e-01 -7.8541e-01
664 0 +7.522784540e-01 +5.867022785e+02 +5.867022785e+02 +3.4965e-01 -2.6393e-01 +4.3564e-01 -2.7256e-01 +3.4595e-01 -3.2684e-01 +5.6224e-01 -9.0117e-02 +2.7131e-01 -7.8738e-01
675 0 +5.652931134e-01 +5.865152931e+02 +5.865152931e+02 +3.4469e-01 -2.6432e-01 +4.3252e-01 -2.7272e-01 +3.3910e-01 -3.2313e-01 +5.6447e-01 -8.7260e-02 +2.7450e-01 -7.8683e-01
696 0 +5.564615623e-01 +5.865064616e+02 +5.865064616e+02 +3.5171e-01 -2.6252e-01 +4.3052e-01 -2.6770e-01 +3.4226e-01 -3.2167e-01 +5.6130e-01 -8.8895e-02 +2.7083e-01 -7.8720e-01
703 0 +3.957396960e-01 +5.863457397e+02 +5.863457397e+02 +3.5024e-01 -2.6731e-01 +4.3368e-01 -2.7034e-01 +3.4294e-01 -3.2465e-01 +5.6044e-01 -8.8775e-02 +2.7213e-01 -7.8961e-01
753 0 +3.500050248e-01 +5.863000050e+02 +5.863000050e+02 +3.4951e-01 -2.6411e-01 +4.3175e-01 -2.6841e-01 +3.3967e-01 -3.2451e-01 +5.6176e-01 -8.7139e-02 +2.7184e-01 -7.8557e-01
785 0 +3.451631528e-01 +5.862951632e+02 +5.862951632e+02 +3.4968e-01 -2.6279e-01 +4.3243e-01 -2.6950e-01 +3.4004e-01 -3.2456e-01 +5.6011e-01 -8.6532e-02 +2.7053e-01 -7.8444e-01
786 0 +3.262127097e-01 +5.862762127e+02 +5.862762127e+02 +3.4867e-01 -2.6422e-01 +4.3109e-01 -2.6755e-01 +3.4099e-01 -3.2228e-01 +5.6129e-01 -8.7112e-02 +2.7311e-01 -7.8500e-01
801 0 +3.207866372e-01 +5.862707866e+02 +5.862707866e+02 +3.4975e-01 -2.6282e-01 +4.3185e-01 -2.6909e-01 +3.4126e-01 -3.2209e-01 +5.6124e-01 -8.6886e-02 +2.7082e-01 -7.8500e-01
802 0 +3.042360270e-01 +5.862542360e+02 +5.862542360e+02 +3.4871e-01 -2.6261e-01 +4.3255e-01 -2.6848e-01 +3.4082e-01 -3.2174e-01 +5.6038e-01 -8.6771e-02 +2.7136e-01 -7.8505e-01
836 0 +2.936019450e-01 +5.862436019e+02 +5.862436019e+02 +3.4838e-01 -2.6408e-01 +4.3225e-01 -2.6934e-01 +3.4033e-01 -3.2251e-01 +5.6112e-01 -8.6938e-02 +2.7216e-01 -7.8551e-01
837 0 +2.848776943e-01 +5.862348777e+02 +5.862348777e+02 +3.4880e-01 -2.6218e-01 +4.3209e-01 -2.6865e-01 +3.4162e-01 -3.2300e-01 +5.6020e-01 -8.6559e-02 +2.7110e-01 -7.8523e-01
853 0 +2.600638885e-01 +5.862100639e+02 +5.862100639e+02 +3.4845e-01 -2.6257e-01 +4.3155e-01 -2.6870e-01 +3.4119e-01 -3.2280e-01 +5.6010e-01 -8.6752e-02 +2.7102e-01 -7.8563e-01
891 0 +2.473235820e-01 +5.861973236e+02 +5.861973236e+02 +3.4840e-01 -2.6263e-01 +4.3166e-01 -2.6937e-01 +3.4143e-01 -3.2265e-01 +5.6007e-01 -8.6690e-02 +2.7113e-01 -7.8583e-01
906 0 +2.349842092e-01 +5.861849842e+02 +5.861849842e+02 +3.4840e-01 -2.6255e-01 +4.3184e-01 -2.6956e-01 +3.4147e-01 -3.2293e-01 +5.6029e-01 -8.6486e-02 +2.7097e-01 -7.8585e-01
911 0 +2.299108611e-01 +5.861799109e+02 +5.861799109e+02 +3.4840e-01 -2.6222e-01 +4.3169e-01 -2.6938e-01 +3.4133e-01 -3.2291e-01 +5.6020e-01 -8.6375e-02 +2.7090e-01 -7.8576e-01
937 0 +2.246403290e-01 +5.861746403e+02 +5.861746403e+02 +3.4837e-01 -2.6241e-01 +4.3159e-01 -2.6938e-01 +3.4125e-01 -3.2305e-01 +5.6015e-01 -8.6379e-02 +2.7101e-01 -7.8575e-01
941 0 +2.201652968e-01 +5.861701653e+02 +5.861701653e+02 +3.4859e-01 -2.6240e-01 +4.3154e-01 -2.6924e-01 +3.4138e-01 -3.2307e-01 +5.6017e-01 -8.6601e-02 +2.7085e-01 -7.8581e-01
947 0 +2.132768008e-01 +5.861632768e+02 +5.861632768e+02 +3.4848e-01 -2.6223e-01 +4.3150e-01 -2.6926e-01 +3.4125e-01 -3.2296e-01 +5.6007e-01 -8.6536e-02 +2.7084e-01 -7.8574e-01
971 0 +2.068884170e-01 +5.861568884e+02 +5.861568884e+02 +3.4849e-01 -2.6232e-01 +4.3159e-01 -2.6928e-01 +3.4118e-01 -3.2300e-01 +5.6007e-01 -8.6518e-02 +2.7092e-01 -7.8573e-01
1000 0 +2.068884170e-01 +5.861568884e+02 +5.861568884e+02 +3.4849e-01 -2.6232e-01 +4.3159e-01 -2.6928e-01 +3.4118e-01 -3.2300e-01 +5.6007e-01 -8.6518e-02 +2.7092e-01 -7.8573e-01
% f evaluations | g evaluations | best noise-free fitness - Fopt (2.871600000000e+02) + sum g_i+ | measured fitness | best measured fitness or single-digit g-values | x1 | x2...
1 0 +1.494094206e+01 +3.021009421e+02 +3.021009421e+02 -3.8186e-03 -1.8309e-01 +1.2744e-01 +6.1226e-01 +2.8742e-01 -1.4434e-01 +8.9158e-02 +2.2752e-01 -4.7968e-02 +1.0574e-01
3 0 +1.362305950e+01 +3.007830595e+02 +3.007830595e+02 +3.3965e-01 +4.7574e-01 +2.6231e-03 +1.5521e-01 -5.7772e-01 +1.1636e-01 -2.1698e-01 +1.7736e-01 -2.6703e-01 -1.4670e-01
7 0 +1.088664865e+01 +2.980466486e+02 +2.980466486e+02 -3.6710e-01 +2.0308e-01 +1.2340e-01 +6.2799e-01 -2.4427e-01 +2.5267e-01 +5.3741e-01 +3.3024e-01 +1.6658e-01 -3.8076e-01
14 0 +5.672282050e+00 +2.928322821e+02 +2.928322821e+02 +3.3860e-01 -1.1214e-03 +5.7096e-02 +4.6202e-01 +1.1649e-01 +1.2874e-02 -3.6685e-01 +6.3530e-01 +1.1731e-01 -6.7982e-02
34 0 +5.280722882e+00 +2.924407229e+02 +2.924407229e+02 +1.9848e-02 +3.9031e-01 +3.8489e-01 +1.7943e-01 +1.4794e-01 +5.6639e-02 -2.9980e-01 +3.7108e-01 +3.3223e-01 -1.5750e-01
61 0 +2.580786581e+00 +2.897407866e+02 +2.897407866e+02 +2.3044e-01 +4.1591e-01 +1.0137e-01 -6.0213e-02 +2.5014e-01 +2.5819e-01 -3.6054e-01 +2.0312e-01 +4.8086e-01 -3.1798e-01
1010 0 +2.580786581e+00 +2.897407866e+02 +2.897407866e+02 +2.3044e-01 +4.1591e-01 +1.0137e-01 -6.0213e-02 +2.5014e-01 +2.5819e-01 -3.6054e-01 +2.0312e-01 +4.8086e-01 -3.1798e-01
% f evaluations | g evaluations | best noise-free fitness - Fopt (-3.943800000000e+02) + sum g_i+ | measured fitness | best measured fitness or single-digit g-values | x1 | x2...
1 0 +1.339800720e+01 -3.809819928e+02 -3.809819928e+02 +9.2051e-02 +2.4960e-01 -1.3804e-01 -2.7301e-01 -1.6497e-02 -5.6686e-01 +3.3760e-01 +1.0352e-01 +1.0789e-01 +8.9333e-02
4 0 +1.208109766e+01 -3.822989023e+02 -3.822989023e+02 +1.0497e-01 +1.8290e-01 -1.5115e-02 +1.0518e-01 +3.6543e-01 -4.9957e-03 +6.6497e-02 +4.8536e-02 -9.0808e-02 -3.3997e-01
10 0 +7.722233848e+00 -3.866577662e+02 -3.866577662e+02 +1.8264e-01 -2.5695e-01 +1.5776e-01 +2.2346e-01 +2.5851e-01 +1.4048e-01 +4.9965e-01 +1.6212e-01 +4.3784e-01 +6.3832e-01
33 0 +7.320577813e+00 -3.870594222e+02 -3.870594222e+02 +1.9439e-01 +6.5201e-02 -1.9339e-01 -1.9686e-01 +6.4980e-03 -5.3786e-02 -9.2538e-03 +1.8451e-01 +1.8654e-02 +3.4559e-01
39 0 +6.267750844e+00 -3.881122492e+02 -3.881122492e+02 -3.8530e-01 +1.1216e-01 +2.4936e-01 +3.7669e-02 -4.3744e-01 +6.8530e-01 -1.5186e-01 +1.4625e-01 -5.8519e-02 -9.1762e-03
90 0 +5.665301510e+00 -3.887146985e+02 -3.887146985e+02 -7.4081e-01 +5.1451e-01 -2.8971e-01 +2.6980e-01 -7.3892e-01 +2.1311e-01 +6.3973e-02 +5.7129e-01 +1.8488e-01 +3.8281e-01
133 0 +5.365960462e+00 -3.890140395e+02 -3.890140395e+02 -2.0748e-01 +7.0611e-01 -6.3303e-01 +1.8570e-01 -5.0579e-01 +1.6016e-01 +3.6262e-01 +1.1952e-01 +5.6394e-01 +3.5278e-01
238 0 +4.628313154e+00 -3.897516868e+02 -3.897516868e+02 -5.6227e-02 +7.4619e-01 -4.3617e-01 -8.7029e-02 -7.9623e-02 +4.1199e-01 +3.2973e-01 +4.4067e-01 -2.0232e-01 +6.7478e-01
367 0 +2.700226945e+00 -3.916797731e+02 -3.916797731e+02 -2.7088e-02 +4.1921e-01 -7.4642e-01 +4.0345e-02 -5.1952e-01 +4.8397e-01 +7.2147e-01 +5.8529e-01 +7.0970e-02 +7.7539e-01
561 0 +1.813055979e+00 -3.925669440e+02 -3.925669440e+02 +2.8039e-02 +5.0957e-01 -8.7860e-01 +2.3413e-02 -3.9413e-01 +6.0447e-01 +8.8592e-01 +3.6225e-01 -6.8566e-02 +8.5181e-01
679 0 +1.654749802e+00 -3.927252502e+02 -3.927252502e+02 +2.3665e-02 +5.0207e-01 -8.7615e-01 +7.7896e-03 -3.9471e-01 +6.0822e-01 +8.8616e-01 +3.4078e-01 -8.0666e-02 +8.6546e-01
685 0 +1.569903538e+00 -3.928100965e+02 -3.928100965e+02 +2.7301e-02 +4.9695e-01 -8.8434e-01 +9.6734e-03 -3.9144e-01 +5.9716e-01 +8.8179e-01 +3.3303e-01 -8.0833e-02 +8.6557e-01
686 0 +1.205243508e+00 -3.931747565e+02 -3.931747565e+02 +2.7180e-02 +5.0088e-01 -8.8097e-01 +1.3060e-02 -3.9332e-01 +6.0598e-01 +8.9362e-01 +3.4650e-01 -7.4571e-02 +8.6576e-01
697 0 +1.078935945e+00 -3.933010641e+02 -3.933010641e+02 +2.9840e-02 +5.0628e-01 -8.8533e-01 +1.2223e-02 -3.8753e-01 +6.0168e-01 +8.8701e-01 +3.3621e-01 -7.4078e-02 +8.6079e-01
717 0 +9.838106757e-01 -3.933961893e+02 -3.933961893e+02 +2.6443e-02 +5.0171e-01 -8.7532e-01 +1.1402e-02 -3.9144e-01 +6.0351e-01 +8.8979e-01 +3.4062e-01 -7.5118e-02 +8.6553e-01
726 0 +9.389873407e-01 -3.934410127e+02 -3.934410127e+02 +2.7358e-02 +5.0228e-01 -8.7904e-01 +1.1417e-02 -3.9159e-01 +6.0397e-01 +8.8894e-01 +3.3945e-01 -7.3888e-02 +8.6568e-01
768 0 +8.682128461e-01 -3.935117872e+02 -3.935117872e+02 +2.6436e-02 +5.0687e-01 -8.7687e-01 +1.5799e-02 -3.9168e-01 +6.0316e-01 +8.9021e-01 +3.4221e-01 -7.3813e-02 +8.6406e-01
779 0 +8.111664456e-01 -3.935688336e+02 -3.935688336e+02 +2.9008e-02 +5.0549e-01 -8.7812e-01 +1.5275e-02 -3.9053e-01 +6.0335e-01 +8.9024e-01 +3.4126e-01 -7.2901e-02 +8.6306e-01
801 0 +7.867270501e-01 -3.935932729e+02 -3.935932729e+02 +2.9827e-02 +5.0623e-01 -8.7808e-01 +1.4174e-02 -3.8950e-01 +6.0406e-01 +8.9070e-01 +3.4215e-01 -7.4150e-02 +8.6398e-01
824 0 +7.172427108e-01 -3.936627573e+02 -3.936627573e+02 +3.0578e-02 +5.0640e-01 -8.7857e-01 +1.4119e-02 -3.8965e-01 +6.0463e-01 +8.8982e-01 +3.4241e-01 -7.2445e-02 +8.6447e-01
866 0 +7.027855781e-01 -3.936772144e+02 -3.936772144e+02 +2.9704e-02 +5.0662e-01 -8.7868e-01 +1.4303e-02 -3.8873e-01 +6.0385e-01 +8.8961e-01 +3.4279e-01 -7.3339e-02 +8.6329e-01
886 0 +6.819356279e-01 -3.936980644e+02 -3.936980644e+02 +3.0488e-02 +5.0606e-01 -8.7845e-01 +1.4407e-02 -3.8834e-01 +6.0388e-01 +8.9018e-01 +3.4243e-01 -7.2769e-02 +8.6328e-01
888 0 +6.733703340e-01 -3.937066297e+02 -3.937066297e+02 +2.9890e-02 +5.0525e-01 -8.7856e-01 +1.3615e-02 -3.8914e-01 +6.0387e-01 +8.8967e-01 +3.4215e-01 -7.2905e-02 +8.6348e-01
918 0 +6.407530039e-01 -3.937392470e+02 -3.937392470e+02 +3.0327e-02 +5.0586e-01 -8.7855e-01 +1.4259e-02 -3.8913e-01 +6.0402e-01 +8.8978e-01 +3.4255e-01 -7.2653e-02 +8.6368e-01
964 0 +6.241470921e-01 -3.937558529e+02 -3.937558529e+02 +3.0595e-02 +5.0575e-01 -8.7849e-01 +1.4403e-02 -3.8903e-01 +6.0399e-01 +8.9002e-01 +3.4260e-01 -7.2641e-02 +8.6361e-01
1000 0 +6.215978846e-01 -3.937584021e+02 -3.937584021e+02 +3.0694e-02 +5.0570e-01 -8.7848e-01 +1.4386e-02 -3.8899e-01 +6.0393e-01 +8.8996e-01 +3.4252e-01 -7.2633e-02 +8.6367e-01
% f evaluations | g evaluations | best noise-free fitness - Fopt (5.443000000000e+01) + sum g_i+ | measured fitness | best measured fitness or single-digit g-values | x1 | x2...
1 0 +1.513455549e+01 +6.956455549e+01 +6.956455549e+01 -2.4688e-01 -2.2372e-02 -2.0644e-01 -5.2266e-01 +4.4254e-01 +2.9645e-02 -5.1937e-02 -8.0833e-02 -4.1799e-02 +1.7540e-01
2 0 +6.320165128e+00 +6.075016513e+01 +6.075016513e+01 -2.8608e-01 -4.3924e-01 +6.8351e-02 +4.8247e-01 +2.9937e-01 +3.7720e-01 -3.3586e-01 +3.9492e-01 +1.4440e-01 +4.0165e-01
4 0 +5.578922642e+00 +6.000892264e+01 +6.000892264e+01 -2.0884e-01 -8.0979e-02 -3.7274e-01 +1.5969e-01 +3.9574e-01 -1.1071e-01 -3.5087e-01 -7.9742e-02 +8.2374e-02 -3.5753e-01
72 0 +4.015288484e+00 +5.844528848e+01 +5.844528848e+01 -9.2024e-01 -4.1241e-01 +5.0807e-02 -7.1305e-01 +5.4376e-02 -2.9235e-02 -5.4896e-01 +1.5005e-01 +5.5226e-01 -7.1636e-01
138 0 +3.445102319e+00 +5.787510232e+01 +5.787510232e+01 -4.2861e-01 -2.9222e-01 -8.9182e-01 +3.8572e-02 -9.8604e-01 -5.3197e-01 -8.8765e-01 -2.0258e-02 +5.0191e-01 -1.5618e+00
611 0 +2.905556780e+00 +5.733555678e+01 +5.733555678e+01 +9.2063e-01 -1.8765e-01 -1.0155e+00 -1.3854e-01 +8.2548e-02 -7.9097e-01 -3.4036e-01 -1.9388e-01 +9.9172e-01 -1.6285e+00
630 0 +2.062260907e+00 +5.649226091e+01 +5.649226091e+01 +9.2728e-01 -1.5509e-01 -1.0057e+00 -1.4325e-01 +8.4775e-02 -7.9149e-01 -3.7208e-01 -1.9103e-01 +1.0011e+00 -1.6416e+00
701 0 +1.896989401e+00 +5.632698940e+01 +5.632698940e+01 +9.2235e-01 -1.4235e-01 -1.0319e+00 -1.3359e-01 +8.5174e-02 -7.7423e-01 -3.6736e-01 -1.9187e-01 +1.0058e+00 -1.6349e+00
722 0 +1.690579124e+00 +5.612057912e+01 +5.612057912e+01 +9.1405e-01 -1.3528e-01 -1.0363e+00 -1.3601e-01 +8.7121e-02 -7.7147e-01 -3.6370e-01 -1.7619e-01 +1.0074e+00 -1.6436e+00
725 0 +1.633160386e+00 +5.606316039e+01 +5.606316039e+01 +9.2465e-01 -1.3226e-01 -1.0339e+00 -1.3201e-01 +8.7140e-02 -7.7639e-01 -3.6597e-01 -1.8133e-01 +1.0148e+00 -1.6359e+00
747 0 +1.231805432e+00 +5.566180543e+01 +5.566180543e+01 +9.2366e-01 -1.3451e-01 -1.0387e+00 -1.3759e-01 +9.2072e-02 -7.7425e-01 -3.6245e-01 -1.7503e-01 +1.0065e+00 -1.6489e+00
757 0 +1.144041301e+00 +5.557404130e+01 +5.557404130e+01 +9.2552e-01 -1.3525e-01 -1.0371e+00 -1.3683e-01 +9.0495e-02 -7.7601e-01 -3.6065e-01 -1.7492e-01 +1.0097e+00 -1.6452e+00
766 0 +8.007571187e-01 +5.523075712e+01 +5.523075712e+01 +9.2334e-01 -1.3291e-01 -1.0420e+00 -1.3698e-01 +8.8845e-02 -7.7478e-01 -3.6092e-01 -1.7722e-01 +1.0117e+00 -1.6451e+00
807 0 +7.231448538e-01 +5.515314485e+01 +5.515314485e+01 +9.2346e-01 -1.3556e-01 -1.0404e+00 -1.4011e-01 +9.5088e-02 -7.7487e-01 -3.5948e-01 -1.7663e-01 +1.0071e+00 -1.6485e+00
830 0 +6.877393743e-01 +5.511773937e+01 +5.511773937e+01 +9.2430e-01 -1.3573e-01 -1.0407e+00 -1.4082e-01 +9.2803e-02 -7.7540e-01 -3.6023e-01 -1.7761e-01 +1.0099e+00 -1.6481e+00
860 0 +6.562919250e-01 +5.508629193e+01 +5.508629193e+01 +9.2415e-01 -1.3573e-01 -1.0436e+00 -1.4092e-01 +9.1978e-02 -7.7519e-01 -3.5863e-01 -1.7660e-01 +1.0128e+00 -1.6479e+00
910 0 +6.395236813e-01 +5.506952368e+01 +5.506952368e+01 +9.2344e-01 -1.3553e-01 -1.0427e+00 -1.4148e-01 +9.1476e-02 -7.7536e-01 -3.5855e-01 -1.7666e-01 +1.0122e+00 -1.6473e+00
933 0 +5.802627894e-01 +5.501026279e+01 +5.501026279e+01 +9.2338e-01 -1.3546e-01 -1.0419e+00 -1.4049e-01 +9.1430e-02 -7.7663e-01 -3.5954e-01 -1.7683e-01 +1.0124e+00 -1.6470e+00
948 0 +5.751885697e-01 +5.500518857e+01 +5.500518857e+01 +9.2313e-01 -1.3503e-01 -1.0424e+00 -1.4087e-01 +9.1689e-02 -7.7647e-01 -3.5916e-01 -1.7702e-01 +1.0123e+00 -1.6473e+00
1000 0 +5.751885697e-01 +5.500518857e+01 +5.500518857e+01 +9.2313e-01 -1.3503e-01 -1.0424e+00 -1.4087e-01 +9.1689e-02 -7.7647e-01 -3.5916e-01 -1.7702e-01 +1.0123e+00 -1.6473e+00
% f evaluations | g evaluations | best noise-free fitness - Fopt (1.396900000000e+02) + sum g_i+ | measured fitness | best measured fitness or single-digit g-values | x1 | x2...
1 0 +1.816010937e+01 +1.578501094e+02 +1.578501094e+02 +6.5551e-02 +3.0255e-02 +9.2948e-02 -1.9664e-01 +2.6273e-01 +5.0851e-02 -4.6426e-01 +1.3981e-01 +5.5701e-02 +2.1149e-01
2 0 +1.079919856e+01 +1.504891986e+02 +1.504891986e+02 +1.9824e-01 +1.4173e-01 -1.3114e-01 +2.1458e-02 +4.1263e-01 -6.0466e-02 -6.2546e-02 -2.4236e-01 +2.1615e-01 -2.2656e-01
13 0 +7.305869803e+00 +1.469958698e+02 +1.469958698e+02 -1.5528e-01 -3.0338e-01 -1.5125e-01 +9.4829e-03 +3.5751e-01 +1.3119e-01 -5.8723e-01 +1.0279e-01 -9.1691e-02 -7.6347e-02
20 0 +7.167121815e+00 +1.468571218e+02 +1.468571218e+02 -2.3850e-01 +2.9569e-01 -3.4215e-01 +8.6557e-02 -1.1762e-02 -2.6787e-01 +3.8484e-01 +2.3254e-01 +2.5276e-01 -3.9097e-01
71 0 +5.656959632e+00 +1.453469596e+02 +1.453469596e+02 -2.6811e-01 +3.8091e-01 -1.9701e-01 -8.0642e-02 -6.0351e-02 +3.1425e-01 +3.4134e-01 +5.2901e-02 +1.7743e-01 -2.5063e-01
149 0 +3.454967637e+00 +1.431449676e+02 +1.431449676e+02 +1.0380e-01 +2.8918e-01 -8.5410e-02 -3.3497e-01 +1.2576e-01 +3.8341e-01 +7.5423e-01 +2.4565e-01 +3.5388e-01 -3.0244e-01
412 0 +2.928449982e+00 +1.426184500e+02 +1.426184500e+02 +6.6073e-01 +5.5823e-01 +6.3331e-01 -7.5074e-01 -2.4838e-01 -4.1370e-01 +4.3047e-01 -5.4877e-02 +5.2632e-01 -1.4836e-01
568 0 +1.701769714e+00 +1.413917697e+02 +1.413917697e+02 +7.1741e-01 +4.9310e-01 +7.8119e-01 -8.0185e-01 -1.4095e-01 -3.9957e-01 +4.3207e-01 -9.1699e-02 +4.9542e-01 -1.8562e-01
621 0 +1.685079101e+00 +1.413750791e+02 +1.413750791e+02 +7.4629e-01 +4.9289e-01 +7.6956e-01 -7.9161e-01 -1.2753e-01 -4.0815e-01 +4.2932e-01 -9.6037e-02 +5.0598e-01 -2.0375e-01
626 0 +1.485155250e+00 +1.411751553e+02 +1.411751553e+02 +7.3091e-01 +4.9394e-01 +7.7179e-01 -7.8658e-01 -1.2968e-01 -4.0906e-01 +4.2737e-01 -9.5334e-02 +5.0091e-01 -1.9500e-01
627 0 +1.210699740e+00 +1.409006997e+02 +1.409006997e+02 +7.3290e-01 +4.9101e-01 +7.7049e-01 -7.9311e-01 -1.3509e-01 -4.1794e-01 +4.2915e-01 -8.6403e-02 +5.0181e-01 -1.9510e-01
654 0 +9.331242279e-01 +1.406231242e+02 +1.406231242e+02 +7.3120e-01 +4.9029e-01 +7.8271e-01 -7.9478e-01 -1.2966e-01 -4.0084e-01 +4.2723e-01 -8.6741e-02 +4.9631e-01 -1.9701e-01
656 0 +8.891413117e-01 +1.405791413e+02 +1.405791413e+02 +7.3296e-01 +4.9238e-01 +7.7519e-01 -7.9061e-01 -1.3381e-01 -4.1085e-01 +4.3022e-01 -9.1883e-02 +5.0121e-01 -1.9362e-01
677 0 +8.316140903e-01 +1.405216141e+02 +1.405216141e+02 +7.3520e-01 +4.8568e-01 +7.8039e-01 -7.9694e-01 -1.2838e-01 -4.0841e-01 +4.3468e-01 -8.6858e-02 +4.9952e-01 -1.9293e-01
725 0 +7.209821223e-01 +1.404109821e+02 +1.404109821e+02 +7.3316e-01 +4.8871e-01 +7.7796e-01 -7.9176e-01 -1.2615e-01 -4.0685e-01 +4.3114e-01 -9.2565e-02 +5.0109e-01 -1.9433e-01
734 0 +6.417141690e-01 +1.403317142e+02 +1.403317142e+02 +7.3313e-01 +4.8715e-01 +7.7889e-01 -7.9319e-01 -1.2575e-01 -4.0574e-01 +4.3194e-01 -9.2597e-02 +4.9995e-01 -1.9289e-01
750 0 +6.152557853e-01 +1.403052558e+02 +1.403052558e+02 +7.3226e-01 +4.8812e-01 +7.7775e-01 -7.9319e-01 -1.2512e-01 -4.0740e-01 +4.3114e-01 -9.3802e-02 +4.9948e-01 -1.9504e-01
800 0 +5.614103221e-01 +1.402514103e+02 +1.402514103e+02 +7.3370e-01 +4.8832e-01 +7.7850e-01 -7.9256e-01 -1.2741e-01 -4.0707e-01 +4.3176e-01 -9.2242e-02 +4.9876e-01 -1.9406e-01
801 0 +5.040364069e-01 +1.401940364e+02 +1.401940364e+02 +7.3295e-01 +4.8795e-01 +7.7894e-01 -7.9317e-01 -1.2784e-01 -4.0713e-01 +4.3183e-01 -9.2384e-02 +4.9912e-01 -1.9413e-01
824 0 +4.928290616e-01 +1.401828291e+02 +1.401828291e+02 +7.3396e-01 +4.8837e-01 +7.7873e-01 -7.9273e-01 -1.2756e-01 -4.0699e-01 +4.3182e-01 -9.1910e-02 +4.9904e-01 -1.9419e-01
855 0 +4.801553256e-01 +1.401701553e+02 +1.401701553e+02 +7.3401e-01 +4.8845e-01 +7.7898e-01 -7.9303e-01 -1.2771e-01 -4.0702e-01 +4.3167e-01 -9.2006e-02 +4.9922e-01 -1.9386e-01
879 0 +4.749664959e-01 +1.401649665e+02 +1.401649665e+02 +7.3382e-01 +4.8838e-01 +7.7879e-01 -7.9302e-01 -1.2747e-01 -4.0683e-01 +4.3152e-01 -9.2174e-02 +4.9926e-01 -1.9435e-01
892 0 +4.555092050e-01 +1.401455092e+02 +1.401455092e+02 +7.3368e-01 +4.8847e-01 +7.7877e-01 -7.9294e-01 -1.2754e-01 -4.0691e-01 +4.3160e-01 -9.2173e-02 +4.9939e-01 -1.9441e-01
904 0 +4.311637099e-01 +1.401211637e+02 +1.401211637e+02 +7.3370e-01 +4.8849e-01 +7.7883e-01 -7.9299e-01 -1.2752e-01 -4.0695e-01 +4.3148e-01 -9.2240e-02 +4.9951e-01 -1.9444e-01
956 0 +4.246431140e-01 +1.401146431e+02 +1.401146431e+02 +7.3365e-01 +4.8852e-01 +7.7880e-01 -7.9301e-01 -1.2746e-01 -4.0703e-01 +4.3143e-01 -9.2256e-02 +4.9946e-01 -1.9440e-01
1000 0 +4.200568073e-01 +1.401100568e+02 +1.401100568e+02 +7.3364e-01 +4.8851e-01 +7.7874e-01 -7.9299e-01 -1.2738e-01 -4.0707e-01 +4.3136e-01 -9.2250e-02 +4.9953e-01 -1.9446e-01
% f evaluations | g evaluations | best noise-free fitness - Fopt (-5.794000000000e+01) + sum g_i+ | measured fitness | best measured fitness or single-digit g-values | x1 | x2...
1 0 +1.257118274e+01 -4.536881726e+01 -4.536881726e+01 +3.4383e-01 +1.0654e-01 +9.8702e-02 -3.6907e-02 +5.8314e-01 +3.4494e-02 +3.9951e-01 +1.4660e-02 -9.7584e-02 -4.1472e-01
2 0 +7.741137500e+00 -5.019886250e+01 -5.019886250e+01 -4.9774e-02 -1.8274e-01 -7.6650e-02 +1.9071e-01 +4.1505e-01 +1.2428e-01 +7.0320e-02 -3.6690e-01 -3.0049e-01 -7.0227e-01
8 0 +4.385044964e+00 -5.355495504e+01 -5.355495504e+01 +2.4185e-01 -2.8193e-01 -3.6227e-01 -7.2408e-02 +1.9229e-01 -3.5256e-01 -3.7616e-01 -4.0337e-01 -4.2259e-01 -4.3350e-01
43 0 +4.146199569e+00 -5.379380043e+01 -5.379380043e+01 +1.5193e+00 -8.8021e-01 -3.2297e-01 -5.9170e-02 -1.2085e-01 -2.8862e-01 +5.1946e-01 -5.9352e-02 -2.1716e-01 +3.9099e-02
147 0 +3.277834076e+00 -5.466216592e+01 -5.466216592e+01 +1.8360e+00 -2.5576e+00 +4.4264e-02 -8.6007e-01 +3.5081e-01 +1.5239e+00 +8.2453e-01 +1.8882e-01 +4.4424e-01 +1.4614e-01
160 0 +3.059727224e+00 -5.488027278e+01 -5.488027278e+01 +3.0080e+00 -2.9218e+00 -2.9720e-01 -2.7561e-01 +4.2935e-01 +2.1379e+00 +1.3806e+00 +1.3200e-01 +7.3281e-02 -1.7784e-01
1000 0 +3.059727224e+00 -5.488027278e+01 -5.488027278e+01 +3.0080e+00 -2.9218e+00 -2.9720e-01 -2.7561e-01 +4.2935e-01 +2.1379e+00 +1.3806e+00 +1.3200e-01 +7.3281e-02 -1.7784e-01
% f evaluations | g evaluations | best noise-free fitness - Fopt (1.253900000000e+02) + sum g_i+ | measured fitness | best measured fitness or single-digit g-values | x1 | x2...
1 0 +2.752768800e+01 +1.529176880e+02 +1.529176880e+02 +2.7606e-01 +4.9871e-01 +4.2493e-01 +6.3083e-02 -4.0925e-01 +3.6483e-01 +3.8885e-01 -3.1657e-02 -6.1728e-02 +3.9622e-01
2 0 +1.306440485e+01 +1.384544049e+02 +1.384544049e+02 +2.6828e-01 +3.0885e-01 -6.8222e-03 +1.7120e-01 +3.9355e-02 -9.4395e-03 +9.3491e-02 -7.8953e-02 +6.2251e-01 +3.5236e-01
5 0 +1.052774815e+01 +1.359177481e+02 +1.359177481e+02 -8.3832e-02 -2.4754e-01 -6.5153e-02 +2.9775e-02 +4.1095e-01 -1.8833e-01 -2.6548e-01 +6.8555e-01 -7.8008e-03 -5.1463e-01
8 0 +4.536114220e+00 +1.299261142e+02 +1.299261142e+02 +1.5725e-01 +3.7242e-02 -4.3919e-02 -4.3187e-02 +4.2762e-01 -1.3586e-01 +2.2584e-01 -2.5410e-01 -3.2843e-01 +4.9162e-01
73 0 +4.404111397e+00 +1.297941114e+02 +1.297941114e+02 -3.8936e-01 -3.2312e-01 -6.0859e-01 -9.0587e-02 +4.0006e-01 +1.5256e-01 +1.9272e-01 -2.7110e-02 -1.8014e-02 +2.3189e-01
104 0 +3.526091147e+00 +1.289160911e+02 +1.289160911e+02 -7.2730e-02 -3.1961e-01 -4.5262e-01 -4.4981e-01 +1.2971e-01 -1.4117e-02 +3.9359e-01 -6.6284e-02 -2.2336e-01 +5.3835e-01
206 0 +2.112664550e+00 +1.275026645e+02 +1.275026645e+02 -7.5477e-02 -2.8854e-01 -5.4180e-01 -6.2566e-01 +5.6412e-01 -3.5127e-01 +3.3223e-01 +2.8215e-02 -1.4726e-01 -3.7843e-02
623 0 +1.440269469e+00 +1.268302695e+02 +1.268302695e+02 -2.1329e-01 -3.7895e-01 -7.3514e-01 -5.3072e-01 +3.1417e-01 -5.5550e-01 +4.2158e-01 +5.3283e-02 -1.8104e-01 -5.7656e-02
737 0 +1.155837492e+00 +1.265458375e+02 +1.265458375e+02 -2.0739e-01 -3.7169e-01 -7.3180e-01 -5.0408e-01 +3.3193e-01 -5.6351e-01 +4.1632e-01 +4.7659e-02 -1.8644e-01 -5.5362e-02
775 0 +8.529227097e-01 +1.262429227e+02 +1.262429227e+02 -2.1406e-01 -3.7031e-01 -7.2900e-01 -5.0733e-01 +3.2328e-01 -5.5944e-01 +4.0736e-01 +4.7921e-02 -1.9566e-01 -5.8043e-02
777 0 +7.666340042e-01 +1.261566340e+02 +1.261566340e+02 -2.0598e-01 -3.7057e-01 -7.2943e-01 -5.0402e-01 +3.2831e-01 -5.5757e-01 +4.1041e-01 +5.1571e-02 -1.8919e-01 -5.6514e-02
793 0 +7.236755064e-01 +1.261136755e+02 +1.261136755e+02 -2.1153e-01 -3.6941e-01 -7.2837e-01 -5.0558e-01 +3.2404e-01 -5.6019e-01 +4.0619e-01 +4.9068e-02 -1.9374e-01 -5.6032e-02
813 0 +6.843310957e-01 +1.260743311e+02 +1.260743311e+02 -2.1432e-01 -3.6595e-01 -7.2877e-01 -5.0391e-01 +3.2507e-01 -5.5762e-01 +4.0522e-01 +4.7908e-02 -1.9669e-01 -5.7180e-02
827 0 +5.584248786e-01 +1.259484249e+02 +1.259484249e+02 -2.1215e-01 -3.6657e-01 -7.2877e-01 -5.0552e-01 +3.2595e-01 -5.5740e-01 +4.0655e-01 +4.9025e-02 -1.9627e-01 -5.7252e-02
840 0 +4.990195554e-01 +1.258890196e+02 +1.258890196e+02 -2.1213e-01 -3.6562e-01 -7.2794e-01 -5.0434e-01 +3.2672e-01 -5.5546e-01 +4.0616e-01 +4.8940e-02 -1.9438e-01 -5.6866e-02
875 0 +4.443424254e-01 +1.258343424e+02 +1.258343424e+02 -2.1397e-01 -3.6824e-01 -7.2711e-01 -5.0815e-01 +3.2543e-01 -5.5625e-01 +4.0895e-01 +4.9118e-02 -1.9502e-01 -5.6911e-02
883 0 +4.053242822e-01 +1.257953243e+02 +1.257953243e+02 -2.1281e-01 -3.6765e-01 -7.2672e-01 -5.0800e-01 +3.2522e-01 -5.5684e-01 +4.0931e-01 +4.9439e-02 -1.9415e-01 -5.7645e-02
891 0 +3.907681149e-01 +1.257807681e+02 +1.257807681e+02 -2.1309e-01 -3.6829e-01 -7.2687e-01 -5.0759e-01 +3.2569e-01 -5.5738e-01 +4.0820e-01 +4.9024e-02 -1.9463e-01 -5.7251e-02
924 0 +3.550790237e-01 +1.257450790e+02 +1.257450790e+02 -2.1255e-01 -3.6823e-01 -7.2642e-01 -5.0782e-01 +3.2594e-01 -5.5716e-01 +4.0882e-01 +4.9206e-02 -1.9399e-01 -5.7747e-02
963 0 +3.471013813e-01 +1.257371014e+02 +1.257371014e+02 -2.1274e-01 -3.6821e-01 -7.2612e-01 -5.0751e-01 +3.2620e-01 -5.5734e-01 +4.0880e-01 +4.9206e-02 -1.9429e-01 -5.7328e-02
977 0 +3.450448080e-01 +1.257350448e+02 +1.257350448e+02 -2.1277e-01 -3.6826e-01 -7.2661e-01 -5.0767e-01 +3.2604e-01 -5.5717e-01 +4.0875e-01 +4.9378e-02 -1.9441e-01 -5.7516e-02
988 0 +3.331170720e-01 +1.257231171e+02 +1.257231171e+02 -2.1274e-01 -3.6804e-01 -7.2663e-01 -5.0763e-01 +3.2624e-01 -5.5693e-01 +4.0887e-01 +4.9345e-02 -1.9422e-01 -5.7541e-02
1000 0 +3.331170720e-01 +1.257231171e+02 +1.257231171e+02 -2.1274e-01 -3.6804e-01 -7.2663e-01 -5.0763e-01 +3.2624e-01 -5.5693e-01 +4.0887e-01 +4.9345e-02 -1.9422e-01 -5.7541e-02
