% f evaluations | g evaluations | best noise-free fitness - Fopt (-9.210000000000e+00) + sum g_i+ | measured fitness | best measured fitness or single-digit g-values | x1 | x2...
1 0 +1.125664960e+02 +1.033564960e+02 +1.033564960e+02 +4.8730e-01 -1.8353e-01 -1.5845e-01 -3.2190e-01 +2.5963e-01
2 0 +1.070152500e+02 +9.780524997e+01 +9.780524997e+01 -6.9046e-01 +5.2345e-01 -2.2837e-01 +9.5715e-02 -7.4814e-02
15 0 +1.040171170e+02 +9.480711697e+01 +9.480711697e+01 -6.4298e-01 +3.6046e-01 +9.6678e-02 +3.7833e-02 -3.2862e-01
21 0 +1.013882348e+02 +9.217823478e+01 +9.217823478e+01 -3.1456e-02 +3.8709e-01 +1.5771e-01 +1.1530e-01 -4.6276e-01
23 0 +9.985264939e+01 +9.064264939e+01 +9.064264939e+01 -7.5277e-01 +4.2181e-01 -1.4919e-01 +5.8111e-01 -5.1738e-01
26 0 +9.205576729e+01 +8.284576729e+01 +8.284576729e+01 -6.1487e-01 +1.2310e-01 +8.0187e-01 +3.7290e-01 -1.1527e+00
35 0 +8.656384997e+01 +7.735384997e+01 +7.735384997e+01 +7.1870e-02 +3.0250e-01 +3.8928e-01 +1.1494e+00 -1.2951e+00
42 0 +6.510883238e+01 +5.589883238e+01 +5.589883238e+01 -2.3370e-02 +4.7490e-01 +1.5400e+00 +9.8085e-01 -3.1504e+00
56 0 +5.047890622e+01 +4.126890622e+01 +4.126890622e+01 -3.8554e-01 -3.5103e-01 +1.4810e+00 +2.5796e+00 -3.9161e+00
63 0 +2.592510028e+01 +1.671510028e+01 +1.671510028e+01 -2.6356e+00 -9.8247e-01 +4.5655e+00 +4.2402e+00 -4.7996e+00
66 0 +2.186528941e+01 +1.265528941e+01 +1.265528941e+01 -1.6850e+00 -3.2145e+00 +4.8189e+00 +5.1594e+00 -5.6399e+00
73 0 +1.615694102e+01 +6.946941022e+00 +6.946941022e+00 +1.4823e+00 -2.0075e+00 +5.7591e+00 +4.9684e+00 -5.6961e+00
82 0 +1.327931540e+01 +4.069315405e+00 +4.069315405e+00 -4.1005e-01 +5.7479e-01 +7.8012e+00 +1.0718e+01 -9.3622e+00
98 0 +1.265226605e+01 +3.442266052e+00 +3.442266052e+00 +2.5913e+00 +9.6255e+00 +1.7607e+00 +1.2290e+01 -6.0487e+00
103 0 +9.845738145e+00 +6.357381454e-01 +6.357381454e-01 +3.8469e+00 +1.1179e-01 +1.0151e+01 +1.1041e+01 -5.7063e+00
108 0 +9.592947626e+00 +3.829476262e-01 +3.829476262e-01 +8.1633e+00 -3.9451e-01 +8.1711e+00 +1.6708e+01 -7.1050e+00
111 0 +8.239573440e+00 -9.704265597e-01 -9.704265597e-01 +9.8019e+00 +3.6655e-01 +8.9794e+00 +7.6385e+00 -7.9021e+00
116 0 +7.602575366e+00 -1.607424634e+00 -1.607424634e+00 +2.4678e+00 +2.1487e+00 +1.3187e+01 +1.1542e+01 -8.3852e+00
122 0 +5.583999428e+00 -3.626000572e+00 -3.626000572e+00 +5.8635e+00 +1.8599e+00 +1.9364e+01 +1.7754e+01 -1.0288e+01
125 0 +3.337901660e+00 -5.872098340e+00 -5.872098340e+00 +3.8085e+00 +3.7930e+00 +1.6573e+01 +7.3704e+00 -1.3063e+01
128 0 +2.879330805e+00 -6.330669195e+00 -6.330669195e+00 +9.8943e+00 +3.3808e+00 +1.1730e+01 +1.1166e+01 -9.7209e+00
133 0 +0.000000000e+00 -9.210000000e+00 -9.210000000e+00 +1.2040e+01 +9.6197e+00 +1.9516e+01 +5.7478e+00 -1.5566e+01
200 0 +0.000000000e+00 -9.210000000e+00 -9.210000000e+00 +1.2040e+01 +9.6197e+00 +1.9516e+01 +5.7478e+00 -1.5566e+01
% f evaluations | g evaluations | best noise-free fitness - Fopt (6.559900000000e+02) + sum g_i+ | measured fitness | best measured fitness or single-digit g-values | x1 | x2...
1 0 +1.109116097e+02 +7.669016097e+02 +7.669016097e+02 +4.8730e-01 -1.8353e-01 -1.5845e-01 -3.2190e-01 +2.5963e-01
2 0 +1.074326089e+02 +7.634226089e+02 +7.634226089e+02 -6.9046e-01 +5.2345e-01 -2.2837e-01 +9.5715e-02 -7.4814e-02
7 0 +1.065758698e+02 +7.625658698e+02 +7.625658698e+02 -2.0750e-01 -1.1903e-01 -2.0616e-01 -2.5357e-01 -2.0138e-01
18 0 +1.039676282e+02 +7.599576282e+02 +7.599576282e+02 -2.8777e-01 -1.1858e-01 -3.6967e-01 +2.0698e-01 -1.5962e-01
26 0 +1.021525463e+02 +7.581425463e+02 +7.581425463e+02 +2.5232e-01 -2.3080e-01 -3.5145e-01 +2.5425e-01 -2.4634e-01
35 0 +9.961818115e+01 +7.556081811e+02 +7.556081811e+02 -1.8391e-02 -2.6477e-01 -7.1399e-01 +4.5837e-01 -2.9138e-01
41 0 +9.402132281e+01 +7.500113228e+02 +7.500113228e+02 +8.0165e-02 -2.8358e-01 -8.4105e-01 +9.2226e-01 -5.3682e-01
51 0 +9.275117580e+01 +7.487411758e+02 +7.487411758e+02 +5.9343e-02 +6.0295e-02 -1.1815e+00 +1.6400e-02 -1.1288e+00
63 0 +8.671161521e+01 +7.427016152e+02 +7.427016152e+02 +4.8897e-01 +1.1637e+00 -1.8995e+00 +7.4581e-01 -1.2488e+00
67 0 +7.914843182e+01 +7.351384318e+02 +7.351384318e+02 +9.8940e-01 +7.1993e-01 -2.1774e+00 +8.4236e-01 -1.7340e+00
73 0 +7.671645359e+01 +7.327064536e+02 +7.327064536e+02 +1.0802e+00 -3.5021e-01 -1.9486e+00 +8.7801e-01 -1.8301e+00
74 0 +6.821930396e+01 +7.242093040e+02 +7.242093040e+02 +7.8816e-01 -5.0563e-01 -2.3540e+00 +1.1355e+00 -2.4084e+00
81 0 +5.820477866e+01 +7.141947787e+02 +7.141947787e+02 +3.5427e-01 -4.8661e-01 -2.8476e+00 +1.5135e+00 -3.0879e+00
83 0 +5.273767019e+01 +7.087276702e+02 +7.087276702e+02 +7.1293e-01 +9.7670e-01 -5.1484e+00 +1.8980e+00 -2.9621e+00
84 0 +4.491971968e+01 +7.009097197e+02 +7.009097197e+02 +1.1230e+00 +7.8531e-01 -3.6997e+00 +1.9765e+00 -4.0360e+00
89 0 +3.800550853e+01 +6.939955085e+02 +6.939955085e+02 +1.6496e+00 -7.0134e-01 -3.9586e+00 +7.8234e-01 -5.4660e+00
93 0 +3.624094532e+01 +6.922309453e+02 +6.922309453e+02 +1.4474e+00 -4.6922e-02 -3.6399e+00 +3.1534e+00 -4.0805e+00
94 0 +3.329841942e+01 +6.892884194e+02 +6.892884194e+02 +9.9468e-01 -2.8566e-01 -4.9646e+00 +3.9233e+00 -3.5257e+00
97 0 +3.048497607e+01 +6.864749761e+02 +6.864749761e+02 +2.6908e+00 +1.2102e+00 -6.6922e+00 +1.9534e+00 -6.1853e+00
102 0 +1.946361308e+01 +6.754536131e+02 +6.754536131e+02 +1.8198e+00 -1.4867e+00 -5.5884e+00 +3.2154e+00 -5.2786e+00
104 0 +1.787524478e+01 +6.738652448e+02 +6.738652448e+02 +1.8240e+00 +5.1316e-01 -5.6769e+00 +4.1295e+00 -5.6570e+00
105 0 +4.333934827e+00 +6.603239348e+02 +6.603239348e+02 +3.2738e+00 -5.4695e+00 -5.4630e+00 +4.5363e+00 -5.0557e+00
122 0 +7.060253378e-01 +6.566960253e+02 +6.566960253e+02 +4.2940e+00 -8.4420e+00 -5.9607e+00 +7.7982e+00 -6.8729e+00
134 0 +5.905662248e-01 +6.565805662e+02 +6.565805662e+02 +4.4094e+00 -1.1393e+01 -1.0059e+01 +6.8472e+00 -9.5657e+00
136 0 +0.000000000e+00 +6.559900000e+02 +6.559900000e+02 +5.2397e+00 -6.1066e+00 -7.2103e+00 +6.6894e+00 -6.1492e+00
224 0 +0.000000000e+00 +6.559900000e+02 +6.559900000e+02 +5.2397e+00 -6.1066e+00 -7.2103e+00 +6.6894e+00 -6.1492e+00
% f evaluations | g evaluations | best noise-free fitness - Fopt (6.671000000000e+01) + sum g_i+ | measured fitness | best measured fitness or single-digit g-values | x1 | x2...
1 0 +1.118862169e+02 +1.785962169e+02 +1.785962169e+02 +4.8730e-01 -1.8353e-01 -1.5845e-01 -3.2190e-01 +2.5963e-01
2 0 +1.060516856e+02 +1.727616856e+02 +1.727616856e+02 -6.9046e-01 +5.2345e-01 -2.2837e-01 +9.5715e-02 -7.4814e-02
9 0 +1.046172874e+02 +1.713272874e+02 +1.713272874e+02 -3.8513e-01 +3.0375e-01 -1.2448e-01 -3.7666e-01 -5.0821e-01
18 0 +9.973422862e+01 +1.664442286e+02 +1.664442286e+02 -1.2642e+00 +2.4981e-01 -2.5463e-01 +2.4935e-02 -6.3202e-01
19 0 +9.766351080e+01 +1.643735108e+02 +1.643735108e+02 -7.7723e-01 +3.5580e-01 +3.1317e-02 +3.3004e-01 -8.2549e-01
26 0 +9.516645707e+01 +1.618764571e+02 +1.618764571e+02 -1.2441e+00 +9.4379e-01 -4.6556e-01 +7.5278e-01 -7.3822e-01
31 0 +9.114711756e+01 +1.578571176e+02 +1.578571176e+02 -1.1908e+00 -8.2621e-01 +2.9222e-01 +1.9961e-01 -1.3814e+00
33 0 +8.838638427e+01 +1.550963843e+02 +1.550963843e+02 -1.3547e+00 -5.5550e-01 -5.6463e-02 +8.2384e-02 -1.6449e+00
40 0 +8.227145541e+01 +1.489814554e+02 +1.489814554e+02 -1.5068e+00 +1.7113e-01 -3.0993e-01 +8.7663e-01 -1.8436e+00
42 0 +6.483383460e+01 +1.315438346e+02 +1.315438346e+02 -2.6499e+00 -6.6836e-01 -8.2436e-01 +9.8625e-01 -3.0995e+00
56 0 +5.651458151e+01 +1.232245815e+02 +1.232245815e+02 -3.6801e+00 -5.4389e-01 +5.6214e-01 +1.6780e+00 -3.8999e+00
60 0 +4.963628508e+01 +1.163462851e+02 +1.163462851e+02 -2.0581e+00 -3.0409e-01 +1.1277e-01 +1.2035e+00 -4.9173e+00
63 0 +3.682869804e+01 +1.035386980e+02 +1.035386980e+02 -4.1705e+00 +1.5692e+00 -1.0685e+00 +2.8865e+00 -7.0743e+00
66 0 +3.119557208e+01 +9.790557208e+01 +9.790557208e+01 -3.9545e+00 +2.0687e+00 -2.9139e+00 +3.0469e+00 -7.6723e+00
73 0 +2.775426969e+01 +9.446426969e+01 +9.446426969e+01 -6.3440e+00 -1.1808e+00 -2.4932e+00 +2.6820e+00 -6.5579e+00
74 0 +9.213391416e+00 +7.592339142e+01 +7.592339142e+01 -6.6925e+00 -2.0678e+00 -3.7354e+00 +5.0045e+00 -7.6214e+00
82 0 +7.004589180e+00 +7.371458918e+01 +7.371458918e+01 -6.1280e+00 -1.9349e+00 -4.5086e+00 +5.9414e+00 -1.4043e+01
91 0 +6.053225942e+00 +7.276322594e+01 +7.276322594e+01 -1.4615e+01 -1.5960e+00 -9.3103e+00 +6.9842e+00 -1.2329e+01
97 0 +5.987825446e+00 +7.269782545e+01 +7.269782545e+01 -2.0613e+01 -1.6328e+00 -1.3585e+01 +1.1576e+01 -1.5848e+01
99 0 +2.127381652e+00 +6.883738165e+01 +6.883738165e+01 -5.4386e+00 -6.4594e+00 -5.4644e+00 +4.6217e+00 -8.4143e+00
108 0 +0.000000000e+00 +6.671000000e+01 +6.671000000e+01 -1.3135e+01 -1.0805e+01 -1.4699e+01 +7.4419e+00 -1.0351e+01
176 0 +0.000000000e+00 +6.671000000e+01 +6.671000000e+01 -1.3135e+01 -1.0805e+01 -1.4699e+01 +7.4419e+00 -1.0351e+01
% f evaluations | g evaluations | best noise-free fitness - Fopt (9.416700000000e+02) + sum g_i+ | measured fitness | best measured fitness or single-digit g-values | x1 | x2...
1 0 +1.128883724e+02 +1.054558372e+03 +1.054558372e+03 +4.8730e-01 -1.8353e-01 -1.5845e-01 -3.2190e-01 +2.5963e-01
2 0 +1.074960031e+02 +1.049166003e+03 +1.049166003e+03 -6.9046e-01 +5.2345e-01 -2.2837e-01 +9.5715e-02 -7.4814e-02
8 0 +1.064236000e+02 +1.048093600e+03 +1.048093600e+03 -3.7994e-03 -3.3520e-01 +7.0326e-02 +4.9796e-01 +2.2262e-01
9 0 +1.019357966e+02 +1.043605797e+03 +1.043605797e+03 -1.2320e-02 -3.4360e-01 -1.6485e-01 +3.4058e-01 -3.8668e-01
18 0 +9.856119699e+01 +1.040231197e+03 +1.040231197e+03 -2.0613e-01 -5.5857e-01 +1.2701e-01 +5.6567e-01 -4.4766e-01
26 0 +9.279842286e+01 +1.034468423e+03 +1.034468423e+03 -3.1608e-01 -1.7495e-01 +6.7859e-02 +4.5503e-01 -1.1621e+00
34 0 +8.576093075e+01 +1.027430931e+03 +1.027430931e+03 -3.1384e-01 -1.0593e+00 +4.9581e-01 +1.4187e+00 -1.0315e+00
41 0 +7.851950704e+01 +1.020189507e+03 +1.020189507e+03 -8.7270e-01 -1.5329e+00 +1.4511e-01 +1.2960e+00 -1.7955e+00
53 0 +7.448111301e+01 +1.016151113e+03 +1.016151113e+03 -3.3009e-01 -8.0431e-01 +4.6405e-01 +1.7082e+00 -2.0505e+00
56 0 +6.257117564e+01 +1.004241176e+03 +1.004241176e+03 -7.3848e-01 -1.1081e+00 +1.0052e+00 +2.5384e+00 -2.5086e+00
60 0 +5.868137244e+01 +1.000351372e+03 +1.000351372e+03 -8.1362e-01 -8.1274e-01 +1.1770e+00 +2.2889e+00 -3.0286e+00
63 0 +2.889389335e+01 +9.705638933e+02 +9.705638933e+02 -4.2632e-01 -1.8782e+00 +2.1506e+00 +4.4091e+00 -4.3565e+00
68 0 +1.753374528e+01 +9.592037453e+02 +9.592037453e+02 -2.2555e+00 -4.5128e+00 +5.9722e-01 +6.7066e+00 -5.2955e+00
78 0 +1.640790358e+01 +9.580779036e+02 +9.580779036e+02 -2.4006e+00 -4.6850e+00 +8.1047e-01 +6.7144e+00 -5.6850e+00
79 0 +7.958137145e+00 +9.496281371e+02 +9.496281371e+02 -3.0689e+00 -4.1063e+00 +3.5966e+00 +6.7154e+00 -7.6252e+00
81 0 +6.431477481e+00 +9.481014775e+02 +9.481014775e+02 -2.9260e+00 -2.5881e+00 +4.9784e+00 +8.0642e+00 -7.8770e+00
83 0 +6.841003679e-01 +9.423541004e+02 +9.423541004e+02 -4.3159e+00 -1.0060e+01 +7.7972e+00 +1.1591e+01 -9.3988e+00
92 0 +0.000000000e+00 +9.416700000e+02 +9.416700000e+02 -5.2112e+00 -9.7722e+00 +7.2880e+00 +1.5741e+01 -6.7063e+00
176 0 +0.000000000e+00 +9.416700000e+02 +9.416700000e+02 -5.2112e+00 -9.7722e+00 +7.2880e+00 +1.5741e+01 -6.7063e+00
% f evaluations | g evaluations | best noise-free fitness - Fopt (-3.745000000000e+01) + sum g_i+ | measured fitness | best measured fitness or single-digit g-values | x1 | x2...
1 0 +1.089461398e+02 +7.149613980e+01 +7.149613980e+01 +4.8730e-01 -1.8353e-01 -1.5845e-01 -3.2190e-01 +2.5963e-01
2 0 +1.080917355e+02 +7.064173548e+01 +7.064173548e+01 -6.9046e-01 +5.2345e-01 -2.2837e-01 +9.5715e-02 -7.4814e-02
7 0 +1.054511919e+02 +6.800119194e+01 +6.800119194e+01 -2.0750e-01 -1.1903e-01 -2.0616e-01 -2.5357e-01 -2.0138e-01
11 0 +1.043260692e+02 +6.687606917e+01 +6.687606917e+01 -1.0539e-01 +2.0391e-03 -1.5115e-01 -4.1942e-02 -3.8376e-01
31 0 +9.974034342e+01 +6.229034342e+01 +6.229034342e+01 -2.0900e-01 -2.8523e-01 -6.7810e-01 -5.8636e-01 -7.6427e-01
41 0 +9.372783722e+01 +5.627783722e+01 +5.627783722e+01 +2.7541e-01 -2.2316e-01 -5.0943e-01 +2.4174e-01 -1.7184e+00
49 0 +9.120913612e+01 +5.375913612e+01 +5.375913612e+01 +6.9710e-01 -9.0056e-02 -5.5013e-01 +5.0238e-01 -2.0639e+00
57 0 +8.995238563e+01 +5.250238563e+01 +5.250238563e+01 +2.1158e-01 -2.7995e-01 -1.0611e+00 -5.4156e-01 -1.8464e+00
68 0 +8.644126978e+01 +4.899126978e+01 +4.899126978e+01 +2.1693e+00 -5.9194e-01 -8.3578e-01 +1.3539e+00 -3.0519e+00
70 0 +8.486622037e+01 +4.741622037e+01 +4.741622037e+01 +5.5652e-01 -3.5223e-01 -1.6824e+00 -9.6964e-02 -2.7799e+00
74 0 +8.044064809e+01 +4.299064809e+01 +4.299064809e+01 -7.8632e-01 +3.1696e-01 -1.4957e+00 -2.2744e-01 -3.1053e+00
83 0 +6.659009133e+01 +2.914009133e+01 +2.914009133e+01 +1.1990e+00 -1.0386e+00 -2.6522e+00 -1.2809e-01 -4.9544e+00
103 0 +6.455710419e+01 +2.710710419e+01 +2.710710419e+01 +3.3955e-01 -1.3006e+00 -2.2807e+00 -1.5184e+00 -4.3910e+00
107 0 +5.984688944e+01 +2.239688944e+01 +2.239688944e+01 +1.6350e+00 -5.3995e-01 -1.8829e+00 -5.7838e-01 -5.4949e+00
113 0 +5.528631246e+01 +1.783631246e+01 +1.783631246e+01 +4.0958e+00 -2.3612e+00 -4.8271e+00 -3.1833e+00 -5.4430e+00
118 0 +5.460273937e+01 +1.715273937e+01 +1.715273937e+01 +1.2956e+00 -3.3626e+00 -5.0436e+00 -4.2413e+00 -7.5060e+00
128 0 +4.866797033e+01 +1.121797033e+01 +1.121797033e+01 +8.2045e-01 -3.1492e+00 -4.3943e+00 -4.9485e+00 -6.6067e+00
130 0 +4.649691524e+01 +9.046915237e+00 +9.046915237e+00 +3.2606e+00 -5.4093e+00 -3.3000e+00 -5.7027e+00 -5.9369e+00
149 0 +4.314637825e+01 +5.696378253e+00 +5.696378253e+00 +6.2126e+00 -4.1542e+00 -3.4963e+00 -6.1542e+00 -5.4036e+00
154 0 +3.506126197e+01 -2.388738035e+00 -2.388738035e+00 +7.0532e+00 -4.9783e+00 -4.7613e-01 -7.9463e+00 -5.1449e+00
166 0 +3.194943806e+01 -5.500561944e+00 -5.500561944e+00 +5.9497e+00 -2.8941e+00 -6.6414e-01 -6.6379e+00 -5.2178e+00
170 0 +2.155582296e+01 -1.589417704e+01 -1.589417704e+01 +3.2683e+00 -1.5754e+00 +2.8933e+00 -5.9739e+00 -4.8531e+00
187 0 +1.762816418e+01 -1.982183582e+01 -1.982183582e+01 +5.0909e+00 +1.5414e+00 +1.3704e+00 -9.7871e+00 -9.6785e+00
206 0 +9.299596251e+00 -2.815040375e+01 -2.815040375e+01 +9.2760e+00 +1.1486e+00 +4.2250e+00 -5.6757e+00 -1.2353e+01
208 0 +8.296131275e+00 -2.915386873e+01 -2.915386873e+01 +8.0659e+00 +6.6954e+00 +3.9398e+00 -9.6833e+00 -4.5056e+00
209 0 +4.094487146e+00 -3.335551285e+01 -3.335551285e+01 +1.3454e+01 +2.6975e+00 +7.4233e+00 -1.2813e+01 -9.7624e+00
210 0 +0.000000000e+00 -3.745000000e+01 -3.745000000e+01 +1.4242e+01 +5.8982e+00 +9.6439e+00 -6.7041e+00 -9.6205e+00
352 0 +0.000000000e+00 -3.745000000e+01 -3.745000000e+01 +1.4242e+01 +5.8982e+00 +9.6439e+00 -6.7041e+00 -9.6205e+00
% f evaluations | g evaluations | best noise-free fitness - Fopt (-6.639000000000e+01) + sum g_i+ | measured fitness | best measured fitness or single-digit g-values | x1 | x2...
1 0 +1.125389477e+02 +4.614894773e+01 +4.614894773e+01 +4.8730e-01 -1.8353e-01 -1.5845e-01 -3.2190e-01 +2.5963e-01
2 0 +1.041900093e+02 +3.780000932e+01 +3.780000932e+01 -6.9046e-01 +5.2345e-01 -2.2837e-01 +9.5715e-02 -7.4814e-02
16 0 +1.013198381e+02 +3.492983813e+01 +3.492983813e+01 -9.2688e-01 +3.1197e-01 +6.8192e-02 +2.4672e-01 -3.8466e-01
18 0 +9.826546525e+01 +3.187546525e+01 +3.187546525e+01 -1.1762e+00 +3.7418e-01 -2.7859e-01 +4.6258e-02 -6.5717e-01
19 0 +9.679149913e+01 +3.040149913e+01 +3.040149913e+01 -6.9140e-01 +4.9431e-01 +6.4742e-02 +2.7709e-01 -8.1045e-01
27 0 +9.144257224e+01 +2.505257224e+01 +2.505257224e+01 -1.2579e+00 +1.5222e-01 -1.1552e-01 +4.8738e-01 -1.1743e+00
33 0 +9.072926704e+01 +2.433926704e+01 +2.433926704e+01 -1.2006e+00 -1.9710e-01 +1.9001e-01 +1.4745e-02 -1.6758e+00
39 0 +8.627575823e+01 +1.988575823e+01 +1.988575823e+01 -8.4159e-01 +1.0421e+00 +1.0513e-01 -1.4583e-01 -2.0002e+00
42 0 +8.200429906e+01 +1.561429906e+01 +1.561429906e+01 -2.0335e+00 +9.6409e-01 +1.2520e+00 -1.1123e+00 -3.2281e+00
53 0 +7.431675183e+01 +7.926751825e+00 +7.926751825e+00 -1.5000e+00 +1.4409e+00 +5.5095e-01 +4.0968e-01 -2.8879e+00
56 0 +6.564991304e+01 -7.400869632e-01 -7.400869632e-01 -2.5157e+00 +2.1618e+00 +1.0795e+00 +1.7829e-02 -3.9123e+00
63 0 +5.577555087e+01 -1.061444913e+01 -1.061444913e+01 -4.5185e+00 +2.1023e+00 +1.7909e+00 -9.7711e-02 -8.2167e+00
66 0 +5.184209403e+01 -1.454790597e+01 -1.454790597e+01 -4.2981e+00 +3.1827e+00 +2.7745e+00 +8.5244e-01 -8.9790e+00
73 0 +3.693884222e+01 -2.945115778e+01 -2.945115778e+01 -3.3480e+00 +3.5171e+00 -3.3142e-01 +1.8193e+00 -7.1151e+00
74 0 +3.408643687e+01 -3.230356313e+01 -3.230356313e+01 -5.1237e+00 +5.0148e+00 +3.1309e-01 +1.9263e+00 -7.6363e+00
92 0 +2.547607823e+01 -4.091392177e+01 -4.091392177e+01 -3.9350e+00 +4.7795e+00 +1.4198e+00 +4.3389e+00 -8.8337e+00
100 0 +2.321109880e+01 -4.317890120e+01 -4.317890120e+01 -7.7723e+00 +4.3547e+00 +1.9771e+00 +9.0836e+00 -8.4364e+00
103 0 +1.772029951e+01 -4.866970049e+01 -4.866970049e+01 -4.6182e+00 +7.3313e+00 +4.8293e-01 +5.9616e+00 -1.3556e+01
110 0 +9.897397247e+00 -5.649260275e+01 -5.649260275e+01 -1.1100e+00 +8.2512e+00 -3.1003e+00 +7.7397e+00 -6.3791e+00
124 0 +8.002920871e+00 -5.838707913e+01 -5.838707913e+01 -1.9206e+00 +1.4879e+01 -6.8724e+00 +1.2324e+01 -4.5076e+00
127 0 +2.328139224e+00 -6.406186078e+01 -6.406186078e+01 -4.9754e+00 +9.9301e+00 -4.2716e+00 +1.2029e+01 -8.1623e+00
130 0 +0.000000000e+00 -6.639000000e+01 -6.639000000e+01 -6.5265e+00 +8.2317e+00 -8.8867e+00 +1.7803e+01 -6.4460e+00
256 0 +0.000000000e+00 -6.639000000e+01 -6.639000000e+01 -6.5265e+00 +8.2317e+00 -8.8867e+00 +1.7803e+01 -6.4460e+00
% f evaluations | g evaluations | best noise-free fitness - Fopt (-2.260100000000e+02) + sum g_i+ | measured fitness | best measured fitness or single-digit g-values | x1 | x2...
1 0 +1.135411032e+02 -1.124688968e+02 -1.124688968e+02 +4.8730e-01 -1.8353e-01 -1.5845e-01 -3.2190e-01 +2.5963e-01
2 0 +1.056343268e+02 -1.203756732e+02 -1.203756732e+02 -6.9046e-01 +5.2345e-01 -2.2837e-01 +9.5715e-02 -7.4814e-02
13 0 +1.041427373e+02 -1.218672627e+02 -1.218672627e+02 -8.2030e-01 +9.8609e-02 +1.7850e-01 +2.8871e-01 -4.9343e-02
16 0 +1.021974463e+02 -1.238125537e+02 -1.238125537e+02 -6.4061e-01 +6.7351e-01 +3.5833e-01 +2.8806e-01 -1.0311e-01
18 0 +9.796643983e+01 -1.280435602e+02 -1.280435602e+02 -9.4504e-01 +8.3422e-01 +4.6781e-01 +4.0820e-01 -3.6501e-01
26 0 +9.359667750e+01 -1.324133225e+02 -1.324133225e+02 -5.1569e-01 +1.6536e+00 +5.9042e-01 +5.5403e-01 -5.7843e-01
35 0 +9.113727215e+01 -1.348727279e+02 -1.348727279e+02 -4.9977e-01 +1.7444e+00 -2.7672e-01 +1.8270e-01 -1.2928e+00
40 0 +8.526663342e+01 -1.407433666e+02 -1.407433666e+02 -7.2622e-01 +1.9966e+00 +4.7116e-01 +1.2024e+00 -1.0025e+00
42 0 +6.527454123e+01 -1.607354588e+02 -1.607354588e+02 -7.9470e-02 +2.9038e+00 +1.5019e+00 +1.4148e+00 -2.4597e+00
51 0 +5.270922139e+01 -1.733007786e+02 -1.733007786e+02 +1.4278e+00 +1.7109e+00 +2.7334e+00 +2.6077e+00 -3.0188e+00
57 0 +4.849809976e+01 -1.775119002e+02 -1.775119002e+02 +1.4270e+00 +2.0486e+00 +2.1166e+00 +2.7228e+00 -3.5101e+00
63 0 +2.691580784e+01 -1.990941922e+02 -1.990941922e+02 +1.5147e-01 +8.8626e+00 +3.5258e+00 +2.8212e+00 -4.5150e+00
67 0 +2.007200015e+01 -2.059379999e+02 -2.059379999e+02 -1.8649e+00 +9.9502e+00 +4.5894e+00 +4.7460e+00 -3.5790e+00
75 0 +2.660156625e-01 -2.257439843e+02 -2.257439843e+02 -4.7340e+00 +1.4706e+01 +6.8927e+00 +6.0485e+00 -6.6403e+00
85 0 +0.000000000e+00 -2.260100000e+02 -2.260100000e+02 -1.1661e+01 +2.3706e+01 +9.1135e+00 +6.6469e+00 -1.2277e+01
144 0 +0.000000000e+00 -2.260100000e+02 -2.260100000e+02 -1.1661e+01 +2.3706e+01 +9.1135e+00 +6.6469e+00 -1.2277e+01
% f evaluations | g evaluations | best noise-free fitness - Fopt (1.000000000000e+03) + sum g_i+ | measured fitness | best measured fitness or single-digit g-values | x1 | x2...
1 0 +1.135411032e+02 +1.113541103e+03 +1.113541103e+03 +4.8730e-01 -1.8353e-01 -1.5845e-01 -3.2190e-01 +2.5963e-01
2 0 +1.056343268e+02 +1.105634327e+03 +1.105634327e+03 -6.9046e-01 +5.2345e-01 -2.2837e-01 +9.5715e-02 -7.4814e-02
13 0 +1.041427373e+02 +1.104142737e+03 +1.104142737e+03 -8.2030e-01 +9.8609e-02 +1.7850e-01 +2.8871e-01 -4.9343e-02
16 0 +1.021974463e+02 +1.102197446e+03 +1.102197446e+03 -6.4061e-01 +6.7351e-01 +3.5833e-01 +2.8806e-01 -1.0311e-01
18 0 +9.796643983e+01 +1.097966440e+03 +1.097966440e+03 -9.4504e-01 +8.3422e-01 +4.6781e-01 +4.0820e-01 -3.6501e-01
26 0 +9.359667750e+01 +1.093596677e+03 +1.093596677e+03 -5.1569e-01 +1.6536e+00 +5.9042e-01 +5.5403e-01 -5.7843e-01
35 0 +9.113727215e+01 +1.091137272e+03 +1.091137272e+03 -4.9977e-01 +1.7444e+00 -2.7672e-01 +1.8270e-01 -1.2928e+00
40 0 +8.526663342e+01 +1.085266633e+03 +1.085266633e+03 -7.2622e-01 +1.9966e+00 +4.7116e-01 +1.2024e+00 -1.0025e+00
42 0 +6.527454123e+01 +1.065274541e+03 +1.065274541e+03 -7.9470e-02 +2.9038e+00 +1.5019e+00 +1.4148e+00 -2.4597e+00
51 0 +5.270922139e+01 +1.052709221e+03 +1.052709221e+03 +1.4278e+00 +1.7109e+00 +2.7334e+00 +2.6077e+00 -3.0188e+00
57 0 +4.849809976e+01 +1.048498100e+03 +1.048498100e+03 +1.4270e+00 +2.0486e+00 +2.1166e+00 +2.7228e+00 -3.5101e+00
63 0 +2.691580784e+01 +1.026915808e+03 +1.026915808e+03 +1.5147e-01 +8.8626e+00 +3.5258e+00 +2.8212e+00 -4.5150e+00
67 0 +2.007200015e+01 +1.020072000e+03 +1.020072000e+03 -1.8649e+00 +9.9502e+00 +4.5894e+00 +4.7460e+00 -3.5790e+00
75 0 +2.660156625e-01 +1.000266016e+03 +1.000266016e+03 -4.7340e+00 +1.4706e+01 +6.8927e+00 +6.0485e+00 -6.6403e+00
85 0 +0.000000000e+00 +1.000000000e+03 +1.000000000e+03 -1.1661e+01 +2.3706e+01 +9.1135e+00 +6.6469e+00 -1.2277e+01
144 0 +0.000000000e+00 +1.000000000e+03 +1.000000000e+03 -1.1661e+01 +2.3706e+01 +9.1135e+00 +6.6469e+00 -1.2277e+01
% f evaluations | g evaluations | best noise-free fitness - Fopt (-1.830200000000e+02) + sum g_i+ | measured fitness | best measured fitness or single-digit g-values | x1 | x2...
1 0 +1.072912535e+02 -7.572874651e+01 -7.572874651e+01 +4.8730e-01 -1.8353e-01 -1.5845e-01 -3.2190e-01 +2.5963e-01
7 0 +1.037240199e+02 -7.929598007e+01 -7.929598007e+01 -2.0750e-01 -1.1903e-01 -2.0616e-01 -2.5357e-01 -2.0138e-01
16 0 +1.011552736e+02 -8.186472643e+01 -8.186472643e+01 +3.3031e-01 -4.0095e-01 -1.5311e-01 -5.4695e-01 -2.0614e-01
21 0 +9.879331219e+01 -8.422668781e+01 -8.422668781e+01 +1.6169e-01 -4.3281e-01 -5.0692e-01 -8.6586e-01 -1.6231e-01
25 0 +8.996431998e+01 -9.305568002e+01 -9.305568002e+01 -5.5928e-02 -5.7485e-01 -1.5160e-01 -1.3812e+00 -8.6425e-01
34 0 +8.799786253e+01 -9.502213747e+01 -9.502213747e+01 +8.9564e-01 -1.0811e+00 -3.4663e-01 -1.9029e+00 -5.2069e-01
43 0 +7.856696974e+01 -1.044530303e+02 -1.044530303e+02 +6.4881e-01 -1.4250e+00 -9.3216e-01 -2.4217e+00 -9.5039e-01
49 0 +6.887827247e+01 -1.141417275e+02 -1.141417275e+02 +5.8549e-01 -9.5431e-01 -5.4858e-01 -3.2907e+00 -1.6420e+00
62 0 +6.589697136e+01 -1.171230286e+02 -1.171230286e+02 +1.8999e+00 -9.0285e-01 -3.5859e-01 -3.2229e+00 -1.9160e+00
64 0 +5.778452943e+01 -1.252354706e+02 -1.252354706e+02 +1.0467e+00 -8.9021e-01 -9.9160e-01 -3.9214e+00 -2.2218e+00
68 0 +2.080466411e+01 -1.622153359e+02 -1.622153359e+02 +1.3694e+00 -6.9537e-01 -1.9897e+00 -6.3444e+00 -5.5162e+00
73 0 +1.301751447e+01 -1.700024855e+02 -1.700024855e+02 +2.5455e+00 -2.0794e+00 -3.4124e+00 -4.9379e+00 -5.0924e+00
79 0 +1.223147684e+01 -1.707885232e+02 -1.707885232e+02 +2.1474e+00 -3.5204e+00 -2.8662e+00 -7.3971e+00 -5.2958e+00
83 0 +8.041927606e+00 -1.749780724e+02 -1.749780724e+02 +1.8412e+00 -5.6486e+00 -3.4558e+00 -1.4725e+01 -7.5135e+00
89 0 +3.278159602e+00 -1.797418404e+02 -1.797418404e+02 +9.0870e+00 -3.7924e+00 -4.6425e+00 -1.3520e+01 -6.2097e+00
99 0 +0.000000000e+00 -1.830200000e+02 -1.830200000e+02 +1.2246e+01 -5.1242e+00 -7.5290e+00 -2.2824e+01 -1.0156e+01
208 0 +0.000000000e+00 -1.830200000e+02 -1.830200000e+02 +1.2246e+01 -5.1242e+00 -7.5290e+00 -2.2824e+01 -1.0156e+01
% f evaluations | g evaluations | best noise-free fitness - Fopt (-1.026200000000e+02) + sum g_i+ | measured fitness | best measured fitness or single-digit g-values | x1 | x2...
1 0 +1.030732072e+02 +4.532072303e-01 +4.532072303e-01 +4.8730e-01 -1.8353e-01 -1.5845e-01 -3.2190e-01 +2.5963e-01
3 0 +1.028041706e+02 +1.841706016e-01 +1.841706016e-01 +4.3863e-01 -6.1805e-01 -9.6727e-02 -1.1522e-01 +3.4014e-01
10 0 +1.018674711e+02 -7.525288616e-01 -7.525288616e-01 +3.5258e-01 +2.6988e-01 +1.2553e-02 -4.3689e-01 +4.3678e-01
14 0 +9.996836650e+01 -2.651633498e+00 -2.651633498e+00 +1.2604e+00 -9.0064e-02 -5.2144e-01 -3.3484e-01 +5.4199e-01
25 0 +8.437591421e+01 -1.824408579e+01 -1.824408579e+01 +1.1552e+00 +3.5745e-01 -3.3937e-01 -1.4072e+00 +1.6248e+00
34 0 +6.756125268e+01 -3.505874732e+01 -3.505874732e+01 +7.8930e-01 +1.1204e+00 -1.2816e-01 -2.1290e+00 +3.0663e+00
41 0 +5.231076623e+01 -5.030923377e+01 -5.030923377e+01 -6.0541e-01 +2.3846e+00 -2.5300e-01 -2.7275e+00 +4.3006e+00
49 0 +4.290600742e+01 -5.971399258e+01 -5.971399258e+01 +2.2602e+00 +2.6780e-01 -8.7366e-01 -3.7641e+00 +4.3720e+00
52 0 +4.035414897e+01 -6.226585103e+01 -6.226585103e+01 -6.1636e-01 +1.9841e+00 -2.0560e+00 -2.4675e+00 +5.8850e+00
58 0 +3.964817219e+01 -6.297182781e+01 -6.297182781e+01 -1.9742e+00 +2.9617e+00 -9.8278e-01 -3.2643e+00 +5.7926e+00
61 0 +2.414861622e+01 -7.847138378e+01 -7.847138378e+01 -3.2099e+00 -2.7184e-01 -1.5942e+00 -4.4344e+00 +6.6633e+00
62 0 +2.379817169e+01 -7.882182831e+01 -7.882182831e+01 +6.2344e-01 -4.7414e-01 -1.7977e+00 -5.2210e+00 +5.4543e+00
68 0 +1.748454646e+01 -8.513545354e+01 -8.513545354e+01 +4.1526e+00 -3.1462e-01 -8.6256e+00 -6.7903e+00 +1.2174e+01
79 0 +8.762396105e+00 -9.385760389e+01 -9.385760389e+01 +3.7624e+00 -5.5255e+00 -8.2280e+00 -9.6062e+00 +1.2690e+01
83 0 +8.183912384e+00 -9.443608762e+01 -9.443608762e+01 +3.1839e+00 -5.7276e+00 -1.7105e+01 -1.3003e+01 +2.5849e+01
91 0 +5.299445151e+00 -9.732055485e+01 -9.732055485e+01 -4.0045e+00 -9.0701e+00 -3.6390e+00 -1.4227e+01 +1.8782e+01
102 0 +1.479110676e+00 -1.011408893e+02 -1.011408893e+02 -4.1853e+00 -4.6264e+00 -6.4365e+00 -1.4602e+01 +1.2790e+01
103 0 +5.002555742e-01 -1.021197444e+02 -1.021197444e+02 -1.1156e+01 -1.0298e+01 -4.8418e+00 -1.9035e+01 +1.6328e+01
108 0 +0.000000000e+00 -1.026200000e+02 -1.026200000e+02 -1.6523e+01 -5.7403e+00 -1.0814e+01 -2.4953e+01 +2.8915e+01
176 0 +0.000000000e+00 -1.026200000e+02 -1.026200000e+02 -1.6523e+01 -5.7403e+00 -1.0814e+01 -2.4953e+01 +2.8915e+01
% f evaluations | g evaluations | best noise-free fitness - Fopt (9.953000000000e+01) + sum g_i+ | measured fitness | best measured fitness or single-digit g-values | x1 | x2...
1 0 +1.066935634e+02 +2.062235634e+02 +2.062235634e+02 +4.8730e-01 -1.8353e-01 -1.5845e-01 -3.2190e-01 +2.5963e-01
3 0 +1.041000273e+02 +2.036300273e+02 +2.036300273e+02 +4.3863e-01 -6.1805e-01 -9.6727e-02 -1.1522e-01 +3.4014e-01
10 0 +1.016432431e+02 +2.011732431e+02 +2.011732431e+02 +5.8163e-02 -6.2594e-02 -4.6201e-01 -1.0434e-01 +5.2492e-01
14 0 +9.689874647e+01 +1.964287465e+02 +1.964287465e+02 +2.6003e-02 -8.1953e-01 -3.2537e-02 -1.6143e-01 +1.0295e+00
18 0 +9.460339706e+01 +1.941333971e+02 +1.941333971e+02 -2.5973e-01 -9.7021e-01 -1.1712e-01 -7.4202e-02 +1.1278e+00
24 0 +9.112166561e+01 +1.906516656e+02 +1.906516656e+02 +1.5848e-01 -3.0321e-01 -3.9435e-01 +4.7432e-01 +1.2403e+00
25 0 +8.594375626e+01 +1.854737563e+02 +1.854737563e+02 -3.7010e-01 -1.8672e+00 +1.0120e-01 -4.7296e-02 +1.8772e+00
33 0 +8.313845901e+01 +1.826684590e+02 +1.826684590e+02 -3.9401e-01 -1.2284e+00 +1.1827e-01 +2.2163e-01 +2.1231e+00
39 0 +7.580563426e+01 +1.753356343e+02 +1.753356343e+02 -4.3302e-01 -8.7729e-01 -1.0830e+00 +3.6029e-01 +2.4570e+00
41 0 +6.533113681e+01 +1.648611368e+02 +1.648611368e+02 +2.5842e-01 -2.7239e+00 -9.1864e-03 +5.2116e-01 +3.4943e+00
43 0 +6.123413533e+01 +1.607641353e+02 +1.607641353e+02 -3.5320e-01 -1.3031e+00 -1.1011e+00 +2.1502e-03 +4.0421e+00
49 0 +4.832293128e+01 +1.478529313e+02 +1.478529313e+02 -8.6010e-02 -2.8345e+00 -1.3443e+00 +7.4440e-01 +4.5933e+00
61 0 +4.327147327e+01 +1.428014733e+02 +1.428014733e+02 +1.5964e+00 -2.7020e+00 -1.6291e+00 +1.1004e+00 +5.0817e+00
64 0 +4.123141073e+01 +1.407614107e+02 +1.407614107e+02 +2.7907e-01 -3.3443e+00 -9.5436e-01 +1.4053e+00 +6.1372e+00
66 0 +3.788728612e+01 +1.374172861e+02 +1.374172861e+02 +4.6918e-01 -5.0346e+00 -5.1250e-01 +1.7587e+00 +7.6651e+00
67 0 +3.660362004e+01 +1.361336200e+02 +1.361336200e+02 +1.7641e+00 -4.0531e+00 -1.8953e+00 +1.7390e+00 +8.7955e+00
73 0 +3.502261757e+01 +1.345526176e+02 +1.345526176e+02 +1.1050e+00 -2.7472e+00 -2.5083e+00 +1.9712e+00 +9.5221e+00
79 0 +2.490807693e+01 +1.244380769e+02 +1.244380769e+02 -1.1617e-02 -5.0131e+00 -3.2251e+00 +2.4558e+00 +1.0850e+01
82 0 +1.201586847e+01 +1.115458685e+02 +1.115458685e+02 -1.2135e+00 -6.0636e+00 -5.0131e+00 +3.5366e+00 +1.3019e+01
90 0 +4.555309789e+00 +1.040853098e+02 +1.040853098e+02 -4.4469e-01 -9.6936e+00 -7.3146e+00 +5.8363e+00 +1.9896e+01
102 0 +3.775238002e+00 +1.033052380e+02 +1.033052380e+02 -1.2248e+00 -5.8828e+00 -6.5340e+00 +5.4194e+00 +1.5080e+01
121 0 +9.983937815e-01 +1.005283938e+02 +1.005283938e+02 -4.0016e+00 -2.0753e+01 -1.7446e+01 +9.0157e+00 +3.6233e+01
132 0 +0.000000000e+00 +9.953000000e+01 +9.953000000e+01 -5.2170e+00 -2.5907e+01 -2.0103e+01 +7.3067e+00 +4.6006e+01
168 0 +0.000000000e+00 +9.953000000e+01 +9.953000000e+01 -5.2170e+00 -2.5907e+01 -2.0103e+01 +7.3067e+00 +4.6006e+01
% f evaluations | g evaluations | best noise-free fitness - Fopt (1.495900000000e+02) + sum g_i+ | measured fitness | best measured fitness or single-digit g-values | x1 | x2...
1 0 +1.037259381e+02 +2.533159381e+02 +2.533159381e+02 +4.8730e-01 -1.8353e-01 -1.5845e-01 -3.2190e-01 +2.5963e-01
10 0 +1.012944884e+02 +2.508844884e+02 +2.508844884e+02 -3.0698e-01 +5.6677e-02 -4.4658e-01 -1.4619e-01 +3.8833e-01
14 0 +9.749145282e+01 +2.470814528e+02 +2.470814528e+02 +5.0565e-01 +1.9743e-01 -9.4155e-01 -1.4099e-01 +6.7127e-01
25 0 +9.186384136e+01 +2.414538414e+02 +2.414538414e+02 +6.8862e-02 +1.1713e+00 -1.7533e+00 +2.4271e-01 +9.7624e-01
34 0 +7.699724169e+01 +2.265872417e+02 +2.265872417e+02 +8.6549e-01 +4.8618e-01 -2.5914e+00 -4.1572e-01 +2.0291e+00
41 0 +6.339333937e+01 +2.129833394e+02 +2.129833394e+02 +8.3265e-01 -3.0300e-01 -2.8426e+00 -1.2556e+00 +2.9748e+00
49 0 +5.152760203e+01 +2.011176020e+02 +2.011176020e+02 +1.5566e+00 -3.3326e-01 -2.8176e+00 -1.9153e+00 +3.8761e+00
61 0 +4.963774601e+01 +1.992277460e+02 +1.992277460e+02 +8.4935e-01 +2.2962e+00 -2.8890e+00 -1.0115e+00 +4.0124e+00
62 0 +3.906026524e+01 +1.886502652e+02 +1.886502652e+02 +1.3576e+00 +4.7640e-01 -3.2846e+00 -1.5930e+00 +4.9925e+00
68 0 +2.000909640e+01 +1.695990964e+02 +1.695990964e+02 +5.6051e+00 +1.1846e+00 -6.0750e+00 -4.5342e+00 +5.5855e+00
83 0 +1.697513719e+01 +1.665651372e+02 +1.665651372e+02 +7.5790e+00 +2.5279e+00 -1.3139e+01 -7.2935e+00 +1.0485e+01
94 0 +1.205610063e+01 +1.616461006e+02 +1.616461006e+02 +3.0272e+00 +2.7344e+00 -1.2655e+01 -5.9824e+00 +1.1404e+01
103 0 +3.504403257e+00 +1.530944033e+02 +1.530944033e+02 -1.4956e+00 +6.1524e+00 -1.0262e+01 -5.0480e+00 +7.4739e+00
122 0 +0.000000000e+00 +1.495900000e+02 +1.495900000e+02 -5.3826e+00 +1.1443e+01 -8.3707e+00 -5.0567e+00 +7.3507e+00
224 0 +0.000000000e+00 +1.495900000e+02 +1.495900000e+02 -5.3826e+00 +1.1443e+01 -8.3707e+00 -5.0567e+00 +7.3507e+00
% f evaluations | g evaluations | best noise-free fitness - Fopt (-1.000000000000e+03) + sum g_i+ | measured fitness | best measured fitness or single-digit g-values | x1 | x2...
1 0 +1.020986000e+02 -8.979014000e+02 -8.979014000e+02 +4.8730e-01 -1.8353e-01 -1.5845e-01 -3.2190e-01 +2.5963e-01
3 0 +1.019269058e+02 -8.980730942e+02 -8.980730942e+02 +4.3863e-01 -6.1805e-01 -9.6727e-02 -1.1522e-01 +3.4014e-01
14 0 +9.369855979e+01 -9.063014402e+02 -9.063014402e+02 +9.3552e-01 +5.8589e-02 -4.1427e-01 -3.4872e-01 +1.0019e+00
21 0 +8.990682541e+01 -9.100931746e+02 -9.100931746e+02 +7.2932e-01 +1.8467e-01 -2.0435e-02 -8.2997e-01 +1.2780e+00
25 0 +8.024469938e+01 -9.197553006e+02 -9.197553006e+02 +1.3077e+00 -7.3923e-01 +2.7121e-02 -1.4237e+00 +1.7033e+00
34 0 +6.954760283e+01 -9.304523972e+02 -9.304523972e+02 +2.0161e+00 +6.6130e-01 +1.4305e-01 -1.5315e+00 +2.9272e+00
41 0 +5.800741752e+01 -9.419925825e+02 -9.419925825e+02 +2.6808e+00 -1.1505e+00 +3.3611e-01 -2.1085e+00 +3.4292e+00
45 0 +5.724639430e+01 -9.427536057e+02 -9.427536057e+02 +2.0504e+00 +5.2970e-01 -1.1373e+00 -2.3413e+00 +3.2702e+00
49 0 +4.773849673e+01 -9.522615033e+02 -9.522615033e+02 +3.8496e+00 -9.0411e-01 -8.4324e-01 -2.3872e+00 +3.8533e+00
50 0 +4.095036053e+01 -9.590496395e+02 -9.590496395e+02 +2.0933e+00 +1.7686e+00 -8.5962e-01 -2.7035e+00 +5.4353e+00
64 0 +3.902097653e+01 -9.609790235e+02 -9.609790235e+02 +1.8408e+00 +2.1495e+00 -2.7610e-01 -3.5401e+00 +6.9879e+00
69 0 +3.608674855e+01 -9.639132514e+02 -9.639132514e+02 +1.4193e+00 +7.8409e-01 -1.3260e+00 -3.1146e+00 +7.5911e+00
70 0 +3.456878521e+01 -9.654312148e+02 -9.654312148e+02 +4.0060e+00 +2.0258e+00 -5.8868e-01 -3.7319e+00 +8.6614e+00
71 0 +2.507570975e+01 -9.749242903e+02 -9.749242903e+02 +3.1935e+00 +8.5589e-01 -1.6907e+00 -4.5748e+00 +7.8029e+00
76 0 +1.393222015e+01 -9.860677798e+02 -9.860677798e+02 +2.1694e+00 -3.5871e+00 -2.4647e+00 -4.8983e+00 +6.7853e+00
81 0 +1.226570659e+01 -9.877342934e+02 -9.877342934e+02 +3.4679e+00 -5.1994e+00 -3.1714e+00 -4.1196e+00 +1.0272e+01
84 0 +7.370254405e+00 -9.926297456e+02 -9.926297456e+02 +5.1099e+00 -1.6465e+00 -5.1733e+00 -4.7498e+00 +1.4538e+01
93 0 +3.220242484e+00 -9.967797575e+02 -9.967797575e+02 +1.7798e+00 -5.7029e+00 -5.1459e+00 -6.9285e+00 +1.4256e+01
94 0 +2.142828687e+00 -9.978571713e+02 -9.978571713e+02 +2.8572e+00 -5.9784e+00 -9.2727e+00 -5.5151e+00 +1.5198e+01
95 0 +0.000000000e+00 -1.000000000e+03 -1.000000000e+03 +6.9229e+00 -1.0015e+01 -6.5860e+00 -6.6047e+00 +1.1776e+01
160 0 +0.000000000e+00 -1.000000000e+03 -1.000000000e+03 +6.9229e+00 -1.0015e+01 -6.5860e+00 -6.6047e+00 +1.1776e+01
% f evaluations | g evaluations | best noise-free fitness - Fopt (-2.922000000000e+01) + sum g_i+ | measured fitness | best measured fitness or single-digit g-values | x1 | x2...
1 0 +1.066935634e+02 +7.747356342e+01 +7.747356342e+01 +4.8730e-01 -1.8353e-01 -1.5845e-01 -3.2190e-01 +2.5963e-01
3 0 +1.041000273e+02 +7.488002729e+01 +7.488002729e+01 +4.3863e-01 -6.1805e-01 -9.6727e-02 -1.1522e-01 +3.4014e-01
10 0 +1.016432431e+02 +7.242324314e+01 +7.242324314e+01 +5.8163e-02 -6.2594e-02 -4.6201e-01 -1.0434e-01 +5.2492e-01
14 0 +9.689874647e+01 +6.767874647e+01 +6.767874647e+01 +2.6003e-02 -8.1953e-01 -3.2537e-02 -1.6143e-01 +1.0295e+00
18 0 +9.460339706e+01 +6.538339706e+01 +6.538339706e+01 -2.5973e-01 -9.7021e-01 -1.1712e-01 -7.4202e-02 +1.1278e+00
24 0 +9.112166561e+01 +6.190166561e+01 +6.190166561e+01 +1.5848e-01 -3.0321e-01 -3.9435e-01 +4.7432e-01 +1.2403e+00
25 0 +8.594375626e+01 +5.672375626e+01 +5.672375626e+01 -3.7010e-01 -1.8672e+00 +1.0120e-01 -4.7296e-02 +1.8772e+00
33 0 +8.313845901e+01 +5.391845901e+01 +5.391845901e+01 -3.9401e-01 -1.2284e+00 +1.1827e-01 +2.2163e-01 +2.1231e+00
39 0 +7.580563426e+01 +4.658563426e+01 +4.658563426e+01 -4.3302e-01 -8.7729e-01 -1.0830e+00 +3.6029e-01 +2.4570e+00
41 0 +6.533113681e+01 +3.611113681e+01 +3.611113681e+01 +2.5842e-01 -2.7239e+00 -9.1864e-03 +5.2116e-01 +3.4943e+00
43 0 +6.123413533e+01 +3.201413533e+01 +3.201413533e+01 -3.5320e-01 -1.3031e+00 -1.1011e+00 +2.1502e-03 +4.0421e+00
49 0 +4.832293128e+01 +1.910293128e+01 +1.910293128e+01 -8.6010e-02 -2.8345e+00 -1.3443e+00 +7.4440e-01 +4.5933e+00
61 0 +4.327147327e+01 +1.405147327e+01 +1.405147327e+01 +1.5964e+00 -2.7020e+00 -1.6291e+00 +1.1004e+00 +5.0817e+00
64 0 +4.123141073e+01 +1.201141073e+01 +1.201141073e+01 +2.7907e-01 -3.3443e+00 -9.5436e-01 +1.4053e+00 +6.1372e+00
66 0 +3.788728612e+01 +8.667286120e+00 +8.667286120e+00 +4.6918e-01 -5.0346e+00 -5.1250e-01 +1.7587e+00 +7.6651e+00
67 0 +3.660362004e+01 +7.383620036e+00 +7.383620036e+00 +1.7641e+00 -4.0531e+00 -1.8953e+00 +1.7390e+00 +8.7955e+00
73 0 +3.502261757e+01 +5.802617572e+00 +5.802617572e+00 +1.1050e+00 -2.7472e+00 -2.5083e+00 +1.9712e+00 +9.5221e+00
79 0 +2.490807693e+01 -4.311923068e+00 -4.311923068e+00 -1.1617e-02 -5.0131e+00 -3.2251e+00 +2.4558e+00 +1.0850e+01
82 0 +1.201586847e+01 -1.720413153e+01 -1.720413153e+01 -1.2135e+00 -6.0636e+00 -5.0131e+00 +3.5366e+00 +1.3019e+01
90 0 +4.555309789e+00 -2.466469021e+01 -2.466469021e+01 -4.4469e-01 -9.6936e+00 -7.3146e+00 +5.8363e+00 +1.9896e+01
102 0 +3.775238002e+00 -2.544476200e+01 -2.544476200e+01 -1.2248e+00 -5.8828e+00 -6.5340e+00 +5.4194e+00 +1.5080e+01
121 0 +9.983937815e-01 -2.822160622e+01 -2.822160622e+01 -4.0016e+00 -2.0753e+01 -1.7446e+01 +9.0157e+00 +3.6233e+01
132 0 +0.000000000e+00 -2.922000000e+01 -2.922000000e+01 -5.2170e+00 -2.5907e+01 -2.0103e+01 +7.3067e+00 +4.6006e+01
168 0 +0.000000000e+00 -2.922000000e+01 -2.922000000e+01 -5.2170e+00 -2.5907e+01 -2.0103e+01 +7.3067e+00 +4.6006e+01
% f evaluations | g evaluations | best noise-free fitness - Fopt (-4.096000000000e+01) + sum g_i+ | measured fitness | best measured fitness or single-digit g-values | x1 | x2...
1 0 +1.125664960e+02 +7.160649599e+01 +7.160649599e+01 +4.8730e-01 -1.8353e-01 -1.5845e-01 -3.2190e-01 +2.5963e-01
2 0 +1.070152500e+02 +6.605524997e+01 +6.605524997e+01 -6.9046e-01 +5.2345e-01 -2.2837e-01 +9.5715e-02 -7.4814e-02
15 0 +1.040171170e+02 +6.305711697e+01 +6.305711697e+01 -6.4298e-01 +3.6046e-01 +9.6678e-02 +3.7833e-02 -3.2862e-01
21 0 +1.013882348e+02 +6.042823478e+01 +6.042823478e+01 -3.1456e-02 +3.8709e-01 +1.5771e-01 +1.1530e-01 -4.6276e-01
23 0 +9.985264939e+01 +5.889264939e+01 +5.889264939e+01 -7.5277e-01 +4.2181e-01 -1.4919e-01 +5.8111e-01 -5.1738e-01
26 0 +9.205576729e+01 +5.109576729e+01 +5.109576729e+01 -6.1487e-01 +1.2310e-01 +8.0187e-01 +3.7290e-01 -1.1527e+00
35 0 +8.656384997e+01 +4.560384997e+01 +4.560384997e+01 +7.1870e-02 +3.0250e-01 +3.8928e-01 +1.1494e+00 -1.2951e+00
42 0 +6.510883238e+01 +2.414883238e+01 +2.414883238e+01 -2.3370e-02 +4.7490e-01 +1.5400e+00 +9.8085e-01 -3.1504e+00
56 0 +5.047890622e+01 +9.518906217e+00 +9.518906217e+00 -3.8554e-01 -3.5103e-01 +1.4810e+00 +2.5796e+00 -3.9161e+00
63 0 +2.592510028e+01 -1.503489972e+01 -1.503489972e+01 -2.6356e+00 -9.8247e-01 +4.5655e+00 +4.2402e+00 -4.7996e+00
66 0 +2.186528941e+01 -1.909471059e+01 -1.909471059e+01 -1.6850e+00 -3.2145e+00 +4.8189e+00 +5.1594e+00 -5.6399e+00
73 0 +1.615694102e+01 -2.480305898e+01 -2.480305898e+01 +1.4823e+00 -2.0075e+00 +5.7591e+00 +4.9684e+00 -5.6961e+00
82 0 +1.327931540e+01 -2.768068460e+01 -2.768068460e+01 -4.1005e-01 +5.7479e-01 +7.8012e+00 +1.0718e+01 -9.3622e+00
98 0 +1.265226605e+01 -2.830773395e+01 -2.830773395e+01 +2.5913e+00 +9.6255e+00 +1.7607e+00 +1.2290e+01 -6.0487e+00
103 0 +9.845738145e+00 -3.111426185e+01 -3.111426185e+01 +3.8469e+00 +1.1179e-01 +1.0151e+01 +1.1041e+01 -5.7063e+00
108 0 +9.592947626e+00 -3.136705237e+01 -3.136705237e+01 +8.1633e+00 -3.9451e-01 +8.1711e+00 +1.6708e+01 -7.1050e+00
111 0 +8.239573440e+00 -3.272042656e+01 -3.272042656e+01 +9.8019e+00 +3.6655e-01 +8.9794e+00 +7.6385e+00 -7.9021e+00
116 0 +7.602575366e+00 -3.335742463e+01 -3.335742463e+01 +2.4678e+00 +2.1487e+00 +1.3187e+01 +1.1542e+01 -8.3852e+00
122 0 +5.583999428e+00 -3.537600057e+01 -3.537600057e+01 +5.8635e+00 +1.8599e+00 +1.9364e+01 +1.7754e+01 -1.0288e+01
125 0 +3.337901660e+00 -3.762209834e+01 -3.762209834e+01 +3.8085e+00 +3.7930e+00 +1.6573e+01 +7.3704e+00 -1.3063e+01
128 0 +2.879330805e+00 -3.808066919e+01 -3.808066919e+01 +9.8943e+00 +3.3808e+00 +1.1730e+01 +1.1166e+01 -9.7209e+00
133 0 +0.000000000e+00 -4.096000000e+01 -4.096000000e+01 +1.2040e+01 +9.6197e+00 +1.9516e+01 +5.7478e+00 -1.5566e+01
200 0 +0.000000000e+00 -4.096000000e+01 -4.096000000e+01 +1.2040e+01 +9.6197e+00 +1.9516e+01 +5.7478e+00 -1.5566e+01
