% f evaluations | g evaluations | best noise-free fitness - Fopt (4.078000000000e+01) + sum g_i+ | measured fitness | best measured fitness or single-digit g-values | x1 | x2...
1 0 +3.735508914e+01 +7.813508914e+01 +7.813508914e+01 +7.5231e-02 +1.9747e-01 -3.3970e-01 +3.7331e-02 -8.6852e-02
3 0 +3.366508811e+01 +7.444508811e+01 +7.444508811e+01 +5.1923e-01 +5.9944e-01 +9.4419e-02 -2.7618e-01 +1.1985e-01
4 0 +2.683397248e+01 +6.761397248e+01 +6.761397248e+01 -5.6513e-01 +2.4354e-01 -4.9936e-01 -4.0330e-02 -2.4015e-01
5 0 +2.360588164e+01 +6.438588164e+01 +6.438588164e+01 -2.0964e-01 +4.4779e-01 -3.6475e-01 -2.3105e-01 +4.6090e-01
12 0 +2.209764820e+01 +6.287764820e+01 +6.287764820e+01 -2.5550e-01 +4.8295e-01 -2.7846e-01 -2.2852e-01 +4.0154e-01
13 0 +1.877353090e+01 +5.955353090e+01 +5.955353090e+01 -3.8211e-01 +2.4940e-01 -7.6797e-02 -4.4976e-01 +3.9631e-01
17 0 +1.640446991e+01 +5.718446991e+01 +5.718446991e+01 -6.8515e-01 +3.4965e-01 -1.3317e-01 -2.6699e-01 +5.3696e-01
18 0 +9.443663040e+00 +5.022366304e+01 +5.022366304e+01 -1.1075e+00 +7.9845e-01 -3.9354e-01 -5.7329e-01 +1.0296e+00
30 0 +4.446489891e+00 +4.522648989e+01 +4.522648989e+01 -8.7015e-01 +1.1800e+00 +1.8952e-01 -9.5249e-01 +5.4093e-01
48 0 +2.197491224e+00 +4.297749122e+01 +4.297749122e+01 -1.0682e+00 +1.4392e+00 +2.3069e-01 -1.5914e+00 +2.6809e-01
62 0 +2.002114497e+00 +4.278211450e+01 +4.278211450e+01 -1.9009e+00 +1.6844e+00 +4.7129e-01 -1.8846e+00 +5.3184e-01
75 0 +1.993316981e+00 +4.277331698e+01 +4.277331698e+01 -1.3427e+00 +9.9645e-01 +8.7567e-01 -1.3712e+00 +4.7959e-01
89 0 +1.717796778e+00 +4.249779678e+01 +4.249779678e+01 -1.8504e+00 +1.4815e+00 +6.8645e-01 -1.7215e+00 +4.5187e-01
91 0 +1.641195662e+00 +4.242119566e+01 +4.242119566e+01 -1.9195e+00 +1.2792e+00 +7.8515e-01 -1.6016e+00 +6.3757e-01
102 0 +1.500163425e+00 +4.228016342e+01 +4.228016342e+01 -1.6346e+00 +1.4044e+00 +6.6546e-01 -1.4520e+00 +6.9972e-01
105 0 +1.415271521e+00 +4.219527152e+01 +4.219527152e+01 -1.7066e+00 +1.3002e+00 +7.3890e-01 -1.4906e+00 +6.2095e-01
131 0 +1.275619542e+00 +4.205561954e+01 +4.205561954e+01 -1.7349e+00 +1.3078e+00 +4.9725e-01 -1.4793e+00 +5.9221e-01
160 0 +1.253865142e+00 +4.203386514e+01 +4.203386514e+01 -1.7059e+00 +1.2784e+00 +5.0892e-01 -1.4899e+00 +5.3527e-01
504 0 +1.245255539e+00 +4.202525554e+01 +4.202525554e+01 -1.7181e+00 +1.2593e+00 +5.4114e-01 -1.5171e+00 +5.4433e-01
% f evaluations | g evaluations | best noise-free fitness - Fopt (-1.600000000000e+00) + sum g_i+ | measured fitness | best measured fitness or single-digit g-values | x1 | x2...
1 0 +4.453247377e+01 +4.293247377e+01 +4.293247377e+01 -9.5892e-02 -1.1250e-02 +1.9006e-01 -2.0914e-01 -7.3171e-02
3 0 +3.507172466e+01 +3.347172466e+01 +3.347172466e+01 -8.7059e-02 -1.3644e-01 +4.8923e-01 +2.2441e-01 +4.5119e-01
6 0 +2.919390436e+01 +2.759390436e+01 +2.759390436e+01 +1.8191e-01 -5.9393e-01 +1.9933e-01 -2.8333e-01 +5.4927e-01
9 0 +2.295732965e+01 +2.135732965e+01 +2.135732965e+01 +5.1839e-01 -2.9669e-01 +2.8725e-01 -4.2474e-01 +6.0107e-01
12 0 +2.277237826e+01 +2.117237826e+01 +2.117237826e+01 +5.7567e-01 -3.1133e-01 +3.6717e-01 -2.7543e-02 +2.7630e-01
18 0 +2.191907477e+01 +2.031907477e+01 +2.031907477e+01 +3.4968e-01 -9.7633e-02 +8.3923e-01 -5.4621e-01 +7.6221e-01
22 0 +2.149827090e+01 +1.989827090e+01 +1.989827090e+01 +5.6262e-01 -3.8014e-01 +4.3379e-01 +2.1278e-01 +8.8135e-01
24 0 +2.100790727e+01 +1.940790727e+01 +1.940790727e+01 +6.3532e-01 -1.7702e-01 +3.6256e-01 -4.2471e-01 +6.0678e-01
25 0 +1.830783169e+01 +1.670783169e+01 +1.670783169e+01 +5.9215e-01 -3.1409e-01 +6.4880e-01 -2.9934e-01 +1.0639e+00
26 0 +1.732166563e+01 +1.572166563e+01 +1.572166563e+01 +6.7192e-01 -4.6349e-01 +8.0667e-01 +2.3543e-01 +4.6989e-01
30 0 +1.670410442e+01 +1.510410442e+01 +1.510410442e+01 +7.2779e-01 -7.7338e-02 +6.9863e-01 -2.8833e-01 +9.4485e-01
35 0 +1.279890243e+01 +1.119890243e+01 +1.119890243e+01 +8.4576e-01 -2.3467e-01 +1.3225e+00 -5.2339e-01 +6.2819e-01
42 0 +8.335998737e+00 +6.735998737e+00 +6.735998737e+00 +1.2682e+00 -5.0918e-01 +1.2968e+00 -1.1993e-01 +7.5970e-01
50 0 +7.446162229e+00 +5.846162229e+00 +5.846162229e+00 +1.6425e+00 -5.6418e-01 +1.5198e+00 -2.3839e-02 +7.6263e-01
123 0 +7.151563088e+00 +5.551563088e+00 +5.551563088e+00 +1.8846e+00 -3.2124e-01 +1.5079e+00 -4.7603e-01 +8.7715e-01
169 0 +7.063277265e+00 +5.463277265e+00 +5.463277265e+00 +1.9186e+00 -3.5618e-01 +1.4510e+00 -3.7865e-01 +9.1120e-01
504 0 +7.011098065e+00 +5.411098065e+00 +5.411098065e+00 +1.8948e+00 -3.1943e-01 +1.5322e+00 -2.6351e-01 +9.3772e-01
% f evaluations | g evaluations | best noise-free fitness - Fopt (-3.708400000000e+02) + sum g_i+ | measured fitness | best measured fitness or single-digit g-values | x1 | x2...
1 0 +6.965359655e+01 -3.011864035e+02 -3.011864035e+02 +2.2201e-02 -3.7037e-01 -1.2283e-01 +4.5817e-01 -3.5158e-01
2 0 +6.613151835e+01 -3.047084817e+02 -3.047084817e+02 -3.8490e-02 -7.5292e-02 -1.5838e-01 -1.8754e-01 +3.8515e-02
3 0 +6.501443023e+01 -3.058255698e+02 -3.058255698e+02 +1.0512e-01 +1.1822e-01 +3.1148e-01 -4.2698e-01 -2.2302e-01
4 0 +6.319541823e+01 -3.076445818e+02 -3.076445818e+02 -4.0603e-01 -1.2113e-02 -1.3935e-01 -4.2680e-01 -2.6356e-02
7 0 +6.236962724e+01 -3.084703728e+02 -3.084703728e+02 -1.8098e-01 +3.9191e-01 -2.6806e-01 -1.3023e-02 +3.4582e-01
10 0 +5.928223277e+01 -3.115577672e+02 -3.115577672e+02 -8.9814e-02 +4.5034e-01 -4.1375e-01 -1.1264e-01 -3.3281e-01
14 0 +5.867986715e+01 -3.121601328e+02 -3.121601328e+02 -2.0424e-01 +4.9363e-01 -7.7481e-01 -4.0278e-01 -1.9788e-01
16 0 +5.431662847e+01 -3.165233715e+02 -3.165233715e+02 -3.6196e-01 +6.9974e-01 +1.6542e-01 -3.9816e-01 +2.1114e-01
17 0 +5.123844450e+01 -3.196015555e+02 -3.196015555e+02 -6.2284e-01 +7.0490e-01 -2.4886e-01 -1.2751e-01 -1.3960e-01
25 0 +4.284864228e+01 -3.279913577e+02 -3.279913577e+02 -5.4551e-01 +1.1205e+00 +1.9874e-01 -6.2977e-01 -1.4589e-02
36 0 +3.935302307e+01 -3.314869769e+02 -3.314869769e+02 -9.0151e-01 +1.5407e+00 -5.7676e-01 -3.2462e-01 +2.5189e-01
39 0 +2.880323366e+01 -3.420367663e+02 -3.420367663e+02 +4.4300e-04 +1.8953e+00 +8.7862e-02 -5.4286e-01 -5.5464e-01
44 0 +2.731993372e+01 -3.435200663e+02 -3.435200663e+02 -7.0200e-01 +2.3810e+00 -3.2217e-01 -1.0296e+00 +8.4575e-02
48 0 +2.528697304e+01 -3.455530270e+02 -3.455530270e+02 -3.9774e-01 +2.1393e+00 -2.9670e-02 -2.1068e-01 -1.7635e-01
57 0 +1.855071536e+01 -3.522892846e+02 -3.522892846e+02 -9.2326e-01 +3.5112e+00 -2.9016e-01 +1.5204e-03 -4.4731e-01
82 0 +1.694270089e+01 -3.538972991e+02 -3.538972991e+02 -1.1057e+00 +3.8307e+00 +2.5489e-01 -5.9421e-01 -3.6021e-01
88 0 +1.226366750e+01 -3.585763325e+02 -3.585763325e+02 -1.1549e-01 +3.4399e+00 +4.2697e-01 -6.0158e-01 -4.6712e-01
96 0 +1.015532524e+01 -3.606846748e+02 -3.606846748e+02 -5.2477e-01 +4.0753e+00 +4.2892e-01 -5.8462e-01 -9.8165e-01
138 0 +8.704329172e+00 -3.621356708e+02 -3.621356708e+02 -5.9188e-02 +4.5381e+00 +5.6228e-01 -8.1053e-01 -9.7745e-01
173 0 +8.310855463e+00 -3.625291445e+02 -3.625291445e+02 -1.1471e-01 +4.6653e+00 +7.4143e-01 -6.7281e-01 -8.5502e-01
368 0 +8.128040130e+00 -3.627119599e+02 -3.627119599e+02 -7.8562e-02 +4.8221e+00 +8.1093e-01 -4.6361e-01 -8.4970e-01
504 0 +8.124752481e+00 -3.627152475e+02 -3.627152475e+02 -8.7374e-02 +4.8297e+00 +8.1988e-01 -4.4607e-01 -8.3733e-01
% f evaluations | g evaluations | best noise-free fitness - Fopt (-3.256000000000e+01) + sum g_i+ | measured fitness | best measured fitness or single-digit g-values | x1 | x2...
1 0 +5.937779146e+01 +2.681779146e+01 +2.681779146e+01 +2.5856e-02 -3.8345e-01 +2.6858e-01 -7.6498e-02 +9.5279e-01
3 0 +5.731604566e+01 +2.475604566e+01 +2.475604566e+01 +3.5197e-01 +1.7004e-01 -2.5400e-01 +1.5456e-01 -1.3619e-01
8 0 +5.401380128e+01 +2.145380128e+01 +2.145380128e+01 +2.2794e-01 -1.7828e-01 -2.6882e-01 +3.8554e-02 +1.6612e-01
10 0 +5.273403020e+01 +2.017403020e+01 +2.017403020e+01 -4.2026e-01 +2.0583e-01 -3.8130e-01 -2.3151e-01 -5.7739e-02
15 0 +4.870531870e+01 +1.614531870e+01 +1.614531870e+01 -9.7380e-02 -4.4000e-01 -3.2662e-01 -6.9635e-02 +5.4147e-02
42 0 +4.695895326e+01 +1.439895326e+01 +1.439895326e+01 -2.1121e-01 -5.2249e-01 -4.4741e-01 +2.2217e-01 +3.1268e-01
52 0 +4.634013638e+01 +1.378013638e+01 +1.378013638e+01 -1.1445e-01 -6.5135e-01 -2.1159e-01 +1.7715e-01 +3.7843e-01
55 0 +4.513208750e+01 +1.257208750e+01 +1.257208750e+01 +1.1673e-01 -8.5970e-01 -3.5205e-01 +3.1959e-01 +4.4094e-01
59 0 +4.368563984e+01 +1.112563984e+01 +1.112563984e+01 -1.3994e-01 -7.0127e-01 -3.4806e-01 +2.5646e-01 +3.3043e-01
71 0 +4.004244443e+01 +7.482444434e+00 +7.482444434e+00 -1.9015e-01 -9.2851e-01 -4.2428e-01 +3.5271e-01 +1.2142e-01
84 0 +3.908284571e+01 +6.522845706e+00 +6.522845706e+00 -2.9206e-01 -1.2281e+00 -6.6859e-01 +4.7245e-01 +4.6953e-01
85 0 +3.786962891e+01 +5.309628913e+00 +5.309628913e+00 -2.4214e-01 -9.1555e-01 -5.7141e-01 +3.0096e-01 +2.0649e-02
90 0 +3.629996489e+01 +3.739964890e+00 +3.739964890e+00 -6.5624e-01 -1.1498e+00 -3.8181e-01 +4.8049e-01 +2.9486e-01
92 0 +3.418894497e+01 +1.628944972e+00 +1.628944972e+00 -3.2574e-01 -1.4432e+00 -8.5970e-01 +4.8223e-01 +1.2653e-01
98 0 +3.356838297e+01 +1.008382967e+00 +1.008382967e+00 -6.9868e-01 -1.5045e+00 -9.6389e-01 +6.2667e-01 +1.2125e-01
102 0 +3.195889095e+01 -6.011090517e-01 -6.011090517e-01 -5.4061e-01 -1.6793e+00 -1.1297e+00 +6.7001e-01 -3.0231e-02
110 0 +3.156531162e+01 -9.946883805e-01 -9.946883805e-01 -5.9730e-01 -1.6980e+00 -1.3476e+00 +6.6481e-01 -2.0125e-01
112 0 +3.060531574e+01 -1.954684262e+00 -1.954684262e+00 -6.9472e-01 -1.7812e+00 -1.6404e+00 +5.5189e-01 -4.3880e-01
193 0 +2.936465150e+01 -3.195348495e+00 -3.195348495e+00 -4.8674e-01 -1.7415e+00 -1.9338e+00 +5.2626e-01 -8.1770e-01
206 0 +2.854066985e+01 -4.019330150e+00 -4.019330150e+00 -6.1608e-01 -1.5620e+00 -1.9289e+00 +4.4987e-01 -1.0724e+00
216 0 +2.817104644e+01 -4.388953559e+00 -4.388953559e+00 -6.5189e-01 -1.5573e+00 -1.9237e+00 +3.5549e-01 -1.0543e+00
290 0 +2.752239512e+01 -5.037604882e+00 -5.037604882e+00 -5.3882e-01 -1.3710e+00 -1.9898e+00 +2.3417e-01 -1.1358e+00
361 0 +2.686138045e+01 -5.698619545e+00 -5.698619545e+00 -6.5099e-01 -1.1572e+00 -2.0069e+00 +9.2313e-02 -1.2579e+00
413 0 +2.621334480e+01 -6.346655198e+00 -6.346655198e+00 -8.1014e-01 -7.6953e-01 -2.0595e+00 -1.9188e-01 -1.5260e+00
441 0 +2.558645161e+01 -6.973548391e+00 -6.973548391e+00 -9.6681e-01 -6.3307e-01 -2.2547e+00 -3.4168e-01 -1.8246e+00
504 0 +2.518990714e+01 -7.370092861e+00 -7.370092861e+00 -1.1715e+00 -4.1772e-01 -2.4750e+00 -5.8252e-01 -2.1545e+00
% f evaluations | g evaluations | best noise-free fitness - Fopt (5.154000000000e+02) + sum g_i+ | measured fitness | best measured fitness or single-digit g-values | x1 | x2...
1 0 +2.265525097e+01 +5.380552510e+02 +5.380552510e+02 +1.5761e-01 +1.0990e-01 -1.7064e-01 -2.3256e-01 -5.5934e-01
3 0 +2.251355818e+01 +5.379135582e+02 +5.379135582e+02 +3.9055e-01 -7.7034e-02 -8.8302e-01 -9.4296e-02 +5.3533e-02
4 0 +2.185994968e+01 +5.372599497e+02 +5.372599497e+02 -5.3725e-01 +2.1811e-01 -3.7184e-01 +8.5878e-02 +3.5899e-01
6 0 +1.975511441e+01 +5.351551144e+02 +5.351551144e+02 -4.7409e-01 -3.4456e-01 -5.5575e-01 +1.2704e-01 +3.4098e-01
15 0 +1.805426025e+01 +5.334542602e+02 +5.334542602e+02 -5.9000e-01 +2.1677e-01 -1.6112e-01 -3.6582e-01 +5.0514e-02
20 0 +1.408463593e+01 +5.294846359e+02 +5.294846359e+02 -6.5452e-01 -8.5854e-02 -6.0782e-01 -1.6801e-01 +1.8776e-02
31 0 +1.087220597e+01 +5.262722060e+02 +5.262722060e+02 -5.8699e-01 +2.9647e-01 -3.4993e-01 +2.7831e-01 -8.0839e-01
35 0 +8.447691569e+00 +5.238476916e+02 +5.238476916e+02 -1.0284e+00 +1.9533e-01 -6.2490e-01 +7.7510e-02 -4.6441e-01
46 0 +7.384238067e+00 +5.227842381e+02 +5.227842381e+02 -9.6527e-01 +1.1593e+00 -1.0338e+00 -3.7403e-01 -8.0949e-01
83 0 +3.641262219e+00 +5.190412622e+02 +5.190412622e+02 -1.2103e+00 +2.6782e-01 -1.4434e+00 -2.7609e-01 -8.6803e-01
89 0 +2.641915711e+00 +5.180419157e+02 +5.180419157e+02 -1.5939e+00 +5.9635e-01 -1.8392e+00 -6.1781e-01 -1.3068e+00
100 0 +1.988166031e+00 +5.173881660e+02 +5.173881660e+02 -1.6816e+00 +6.6898e-01 -1.5082e+00 -8.4871e-02 -1.4644e+00
113 0 +5.041814411e-01 +5.159041814e+02 +5.159041814e+02 -2.2569e+00 +5.0481e-01 -2.2700e+00 -2.8862e-01 -1.8030e+00
169 0 +4.923495819e-01 +5.158923496e+02 +5.158923496e+02 -2.1894e+00 +3.8313e-01 -2.2470e+00 -2.1353e-01 -1.8472e+00
175 0 +2.843378628e-01 +5.156843379e+02 +5.156843379e+02 -2.2965e+00 +1.5705e-01 -2.2817e+00 -4.9643e-02 -1.8048e+00
187 0 +1.247919458e-01 +5.155247919e+02 +5.155247919e+02 -2.6432e+00 +1.2298e-01 -2.4729e+00 +4.8585e-02 -1.9916e+00
203 0 +1.186015860e-01 +5.155186016e+02 +5.155186016e+02 -2.6402e+00 +9.5880e-02 -2.1978e+00 +5.0416e-02 -1.9656e+00
210 0 +8.357156568e-02 +5.154835716e+02 +5.154835716e+02 -2.6293e+00 -4.1228e-02 -2.3125e+00 +1.0534e-01 -1.9545e+00
211 0 +6.483826653e-02 +5.154648383e+02 +5.154648383e+02 -2.9536e+00 +5.8720e-02 -2.4032e+00 +1.1810e-01 -2.2145e+00
223 0 +6.438608881e-02 +5.154643861e+02 +5.154643861e+02 -3.0794e+00 -5.2725e-02 -2.1878e+00 +1.1660e-01 -2.2804e+00
233 0 +5.640912702e-02 +5.154564091e+02 +5.154564091e+02 -3.1071e+00 -4.0598e-03 -2.3764e+00 +1.6791e-01 -2.3359e+00
236 0 +5.005656656e-02 +5.154500566e+02 +5.154500566e+02 -2.8721e+00 +4.6958e-03 -2.3317e+00 +7.0764e-02 -2.1755e+00
239 0 +4.502277304e-02 +5.154450228e+02 +5.154450228e+02 -2.9094e+00 -2.4550e-02 -2.4584e+00 +2.7885e-02 -2.1481e+00
250 0 +4.374874616e-02 +5.154437487e+02 +5.154437487e+02 -2.9394e+00 -2.3455e-02 -2.4865e+00 +3.8232e-02 -2.2540e+00
253 0 +3.634217844e-02 +5.154363422e+02 +5.154363422e+02 -3.4045e+00 -1.2764e-01 -2.7482e+00 +9.9194e-02 -2.5206e+00
259 0 +2.930769562e-02 +5.154293077e+02 +5.154293077e+02 -3.0871e+00 -1.4172e-01 -2.4053e+00 +5.3999e-02 -2.2276e+00
269 0 +2.720105281e-02 +5.154272011e+02 +5.154272011e+02 -3.0319e+00 -1.7984e-01 -2.3878e+00 +6.0716e-02 -2.1962e+00
271 0 +2.137616992e-02 +5.154213762e+02 +5.154213762e+02 -3.1819e+00 -1.0773e-01 -2.5175e+00 +1.0278e-01 -2.3416e+00
273 0 +1.664999772e-02 +5.154166500e+02 +5.154166500e+02 -3.0353e+00 -1.8870e-01 -2.4278e+00 +1.1633e-01 -2.2664e+00
276 0 +1.287933789e-02 +5.154128793e+02 +5.154128793e+02 -3.2395e+00 -2.6106e-01 -2.6053e+00 +1.1761e-01 -2.3297e+00
290 0 +1.187766758e-02 +5.154118777e+02 +5.154118777e+02 -3.0581e+00 -2.7351e-01 -2.4308e+00 +1.5943e-01 -2.1764e+00
291 0 +6.787449870e-03 +5.154067874e+02 +5.154067874e+02 -3.1108e+00 -2.7260e-01 -2.5478e+00 +1.9855e-01 -2.2655e+00
303 0 +4.532656374e-03 +5.154045327e+02 +5.154045327e+02 -3.2469e+00 -3.2264e-01 -2.5265e+00 +1.8568e-01 -2.2783e+00
304 0 +3.627730894e-03 +5.154036277e+02 +5.154036277e+02 -3.1777e+00 -3.5996e-01 -2.5790e+00 +2.1650e-01 -2.2675e+00
305 0 +2.848942195e-03 +5.154028489e+02 +5.154028489e+02 -3.2953e+00 -3.7672e-01 -2.6178e+00 +2.4225e-01 -2.3550e+00
321 0 +1.910903524e-03 +5.154019109e+02 +5.154019109e+02 -3.3344e+00 -4.2899e-01 -2.6713e+00 +2.8180e-01 -2.3511e+00
323 0 +1.182968359e-03 +5.154011830e+02 +5.154011830e+02 -3.2378e+00 -4.5728e-01 -2.6013e+00 +2.6237e-01 -2.2801e+00
338 0 +1.087590351e-03 +5.154010876e+02 +5.154010876e+02 -3.2240e+00 -4.5767e-01 -2.5512e+00 +3.0030e-01 -2.2658e+00
339 0 +8.953417095e-04 +5.154008953e+02 +5.154008953e+02 -3.2692e+00 -4.9141e-01 -2.5979e+00 +3.1085e-01 -2.2850e+00
341 0 +6.162476516e-04 +5.154006162e+02 +5.154006162e+02 -3.2614e+00 -5.1227e-01 -2.5859e+00 +3.0352e-01 -2.3146e+00
349 0 +3.556780023e-04 +5.154003557e+02 +5.154003557e+02 -3.3464e+00 -5.1813e-01 -2.6256e+00 +3.0050e-01 -2.3615e+00
354 0 +2.853252389e-04 +5.154002853e+02 +5.154002853e+02 -3.3119e+00 -5.4432e-01 -2.5507e+00 +2.9997e-01 -2.3329e+00
356 0 +2.546817644e-04 +5.154002547e+02 +5.154002547e+02 -3.3568e+00 -5.4659e-01 -2.6417e+00 +3.1802e-01 -2.3580e+00
358 0 +1.954458892e-04 +5.154001954e+02 +5.154001954e+02 -3.3351e+00 -5.5515e-01 -2.6074e+00 +3.4097e-01 -2.3591e+00
365 0 +1.133572300e-04 +5.154001134e+02 +5.154001134e+02 -3.3630e+00 -5.9497e-01 -2.6240e+00 +3.4240e-01 -2.3786e+00
379 0 +8.846494995e-05 +5.154000885e+02 +5.154000885e+02 -3.3426e+00 -6.5330e-01 -2.5493e+00 +3.7885e-01 -2.3710e+00
387 0 +5.715540590e-05 +5.154000572e+02 +5.154000572e+02 -3.4516e+00 -6.9249e-01 -2.6663e+00 +3.8009e-01 -2.4236e+00
390 0 +3.533422330e-05 +5.154000353e+02 +5.154000353e+02 -3.3533e+00 -6.5351e-01 -2.5716e+00 +3.8821e-01 -2.3621e+00
393 0 +2.693665544e-05 +5.154000269e+02 +5.154000269e+02 -3.4044e+00 -6.3003e-01 -2.5898e+00 +3.5708e-01 -2.3908e+00
397 0 +1.011520442e-05 +5.154000101e+02 +5.154000101e+02 -3.4439e+00 -7.0420e-01 -2.6220e+00 +4.2239e-01 -2.4114e+00
406 0 +6.947628890e-06 +5.154000069e+02 +5.154000069e+02 -3.4128e+00 -7.1161e-01 -2.6069e+00 +4.0949e-01 -2.3809e+00
420 0 +9.500830629e-07 +5.154000010e+02 +5.154000010e+02 -3.4391e+00 -7.2650e-01 -2.5867e+00 +4.1842e-01 -2.3894e+00
434 0 +3.344052857e-07 +5.154000003e+02 +5.154000003e+02 -3.4684e+00 -7.3316e-01 -2.6029e+00 +4.2798e-01 -2.3996e+00
450 0 +1.478638296e-07 +5.154000001e+02 +5.154000001e+02 -3.4467e+00 -7.0235e-01 -2.5882e+00 +4.0662e-01 -2.3886e+00
463 0 +1.384157713e-07 +5.154000001e+02 +5.154000001e+02 -3.4593e+00 -7.0398e-01 -2.6046e+00 +4.0505e-01 -2.3943e+00
479 0 +7.547248515e-08 +5.154000001e+02 +5.154000001e+02 -3.4542e+00 -7.1627e-01 -2.5975e+00 +4.1273e-01 -2.3935e+00
498 0 +5.939409675e-08 +5.154000001e+02 +5.154000001e+02 -3.4574e+00 -7.1874e-01 -2.5977e+00 +4.1524e-01 -2.3946e+00
504 0 +5.939409675e-08 +5.154000001e+02 +5.154000001e+02 -3.4574e+00 -7.1874e-01 -2.5977e+00 +4.1524e-01 -2.3946e+00
% f evaluations | g evaluations | best noise-free fitness - Fopt (-8.628000000000e+01) + sum g_i+ | measured fitness | best measured fitness or single-digit g-values | x1 | x2...
1 0 +5.654091180e+01 -2.973908820e+01 -2.973908820e+01 -1.6373e-01 -2.4189e-01 +3.5863e-01 -4.1583e-01 -2.6135e-01
5 0 +4.583219974e+01 -4.044780026e+01 -4.044780026e+01 -4.4759e-03 -6.1497e-02 +5.8322e-01 -3.4627e-01 +5.7605e-01
12 0 +4.426503825e+01 -4.201496175e+01 -4.201496175e+01 +3.7378e-01 -3.6930e-01 +6.4340e-01 -5.1510e-01 +6.6631e-01
13 0 +3.348102221e+01 -5.279897779e+01 -5.279897779e+01 -2.3530e-01 -3.9033e-02 +8.9943e-01 -5.4282e-01 +1.0506e+00
17 0 +2.559806075e+01 -6.068193925e+01 -6.068193925e+01 -6.0236e-01 +1.9170e-01 +2.1563e+00 -9.9233e-01 +1.9087e+00
27 0 +2.049679353e+01 -6.578320647e+01 -6.578320647e+01 -3.9277e-01 +3.5360e-01 +1.6328e+00 -7.2197e-01 +1.5212e+00
30 0 +1.936948002e+01 -6.691051998e+01 -6.691051998e+01 -2.6292e-01 +7.8678e-01 +1.6854e+00 -9.3281e-01 +3.3480e-01
36 0 +1.320968845e+01 -7.307031155e+01 -7.307031155e+01 -8.7827e-01 +1.7308e+00 +1.5182e+00 +2.0667e-01 +1.4336e+00
41 0 +8.923566970e+00 -7.735643303e+01 -7.735643303e+01 +1.6840e-01 +3.0158e+00 +2.1805e+00 -1.0497e+00 +3.3302e+00
53 0 +7.281856909e+00 -7.899814309e+01 -7.899814309e+01 +1.5154e-01 +2.6521e+00 +2.2280e+00 -1.2659e+00 +2.4995e+00
64 0 +4.037526668e+00 -8.224247333e+01 -8.224247333e+01 -8.8927e-01 +3.1166e+00 +2.6664e+00 -6.8025e-01 +2.6891e+00
74 0 +1.981020974e+00 -8.429897903e+01 -8.429897903e+01 -1.3173e+00 +1.8936e+00 +3.0943e+00 -4.9312e-01 +2.2423e+00
82 0 +9.976288190e-01 -8.528237118e+01 -8.528237118e+01 -1.4118e+00 +2.2734e+00 +2.0528e+00 +1.8108e-01 +2.1644e+00
105 0 +4.613105617e-01 -8.581868944e+01 -8.581868944e+01 -1.4133e+00 +2.5438e+00 +2.5063e+00 -1.2388e-01 +2.8319e+00
137 0 +3.094876618e-01 -8.597051234e+01 -8.597051234e+01 -2.0197e+00 +2.3554e+00 +3.0136e+00 +2.6651e-01 +2.9737e+00
145 0 +1.635894535e-01 -8.611641055e+01 -8.611641055e+01 -1.9099e+00 +2.3538e+00 +2.7585e+00 +2.1363e-01 +2.8112e+00
154 0 +1.237189508e-01 -8.615628105e+01 -8.615628105e+01 -1.7239e+00 +2.2225e+00 +3.1744e+00 +9.7110e-02 +2.7665e+00
158 0 +3.063544657e-02 -8.624936455e+01 -8.624936455e+01 -1.9868e+00 +2.4488e+00 +3.2484e+00 -4.0714e-02 +2.6298e+00
169 0 +1.442040026e-02 -8.626557960e+01 -8.626557960e+01 -2.0194e+00 +2.3824e+00 +3.0651e+00 +2.0324e-01 +2.6267e+00
188 0 +3.150846273e-03 -8.627684915e+01 -8.627684915e+01 -2.1280e+00 +2.5007e+00 +2.8689e+00 +2.6613e-01 +2.4595e+00
208 0 +9.034367164e-04 -8.627909656e+01 -8.627909656e+01 -2.1832e+00 +2.3852e+00 +2.9547e+00 +2.0664e-01 +2.3809e+00
245 0 +8.517521895e-04 -8.627914825e+01 -8.627914825e+01 -2.2657e+00 +2.4721e+00 +2.8808e+00 +2.9147e-01 +2.3300e+00
255 0 +4.314337568e-04 -8.627956857e+01 -8.627956857e+01 -2.2465e+00 +2.4177e+00 +2.9383e+00 +2.6360e-01 +2.3720e+00
267 0 +2.684342491e-04 -8.627973157e+01 -8.627973157e+01 -2.2635e+00 +2.4483e+00 +2.9365e+00 +2.6228e-01 +2.3199e+00
285 0 +2.569336420e-04 -8.627974307e+01 -8.627974307e+01 -2.2628e+00 +2.4433e+00 +2.9278e+00 +2.6254e-01 +2.3360e+00
289 0 +2.389787089e-04 -8.627976102e+01 -8.627976102e+01 -2.2831e+00 +2.4462e+00 +2.9202e+00 +2.6649e-01 +2.3401e+00
291 0 +2.039589632e-04 -8.627979604e+01 -8.627979604e+01 -2.2694e+00 +2.4364e+00 +2.9397e+00 +2.5657e-01 +2.3359e+00
295 0 +1.877628615e-04 -8.627981224e+01 -8.627981224e+01 -2.2780e+00 +2.4463e+00 +2.9388e+00 +2.5599e-01 +2.3296e+00
298 0 +1.436053247e-04 -8.627985639e+01 -8.627985639e+01 -2.2853e+00 +2.4484e+00 +2.9465e+00 +2.4873e-01 +2.3238e+00
310 0 +1.302246678e-04 -8.627986978e+01 -8.627986978e+01 -2.2870e+00 +2.4456e+00 +2.9472e+00 +2.4787e-01 +2.3298e+00
312 0 +1.209930005e-04 -8.627987901e+01 -8.627987901e+01 -2.2950e+00 +2.4478e+00 +2.9590e+00 +2.5631e-01 +2.3241e+00
316 0 +1.029469491e-04 -8.627989705e+01 -8.627989705e+01 -2.2863e+00 +2.4443e+00 +2.9661e+00 +2.4697e-01 +2.3332e+00
318 0 +1.000231592e-04 -8.627989998e+01 -8.627989998e+01 -2.2959e+00 +2.4440e+00 +2.9586e+00 +2.4868e-01 +2.3242e+00
321 0 +9.186155410e-05 -8.627990814e+01 -8.627990814e+01 -2.2999e+00 +2.4459e+00 +2.9652e+00 +2.5159e-01 +2.3376e+00
323 0 +7.882332960e-05 -8.627992118e+01 -8.627992118e+01 -2.2921e+00 +2.4406e+00 +2.9743e+00 +2.3996e-01 +2.3279e+00
330 0 +7.381062292e-05 -8.627992619e+01 -8.627992619e+01 -2.2997e+00 +2.4438e+00 +2.9722e+00 +2.4021e-01 +2.3310e+00
331 0 +6.791097486e-05 -8.627993209e+01 -8.627993209e+01 -2.2957e+00 +2.4446e+00 +2.9895e+00 +2.3983e-01 +2.3458e+00
338 0 +6.470784808e-05 -8.627993529e+01 -8.627993529e+01 -2.2993e+00 +2.4375e+00 +2.9760e+00 +2.3337e-01 +2.3274e+00
341 0 +6.086800583e-05 -8.627993913e+01 -8.627993913e+01 -2.2978e+00 +2.4403e+00 +2.9866e+00 +2.4109e-01 +2.3356e+00
342 0 +5.192336110e-05 -8.627994808e+01 -8.627994808e+01 -2.3067e+00 +2.4427e+00 +2.9825e+00 +2.3794e-01 +2.3314e+00
348 0 +4.731045907e-05 -8.627995269e+01 -8.627995269e+01 -2.2983e+00 +2.4368e+00 +2.9936e+00 +2.3392e-01 +2.3386e+00
353 0 +4.538157494e-05 -8.627995462e+01 -8.627995462e+01 -2.2998e+00 +2.4433e+00 +3.0014e+00 +2.3038e-01 +2.3398e+00
354 0 +4.365924352e-05 -8.627995634e+01 -8.627995634e+01 -2.2993e+00 +2.4388e+00 +2.9963e+00 +2.3164e-01 +2.3357e+00
359 0 +3.729793707e-05 -8.627996270e+01 -8.627996270e+01 -2.3085e+00 +2.4372e+00 +2.9925e+00 +2.3457e-01 +2.3339e+00
361 0 +3.319743996e-05 -8.627996680e+01 -8.627996680e+01 -2.3050e+00 +2.4367e+00 +3.0032e+00 +2.2953e-01 +2.3353e+00
369 0 +3.267612931e-05 -8.627996732e+01 -8.627996732e+01 -2.3076e+00 +2.4387e+00 +3.0029e+00 +2.3033e-01 +2.3349e+00
374 0 +3.099391958e-05 -8.627996901e+01 -8.627996901e+01 -2.3064e+00 +2.4326e+00 +3.0087e+00 +2.2398e-01 +2.3381e+00
376 0 +2.959206464e-05 -8.627997041e+01 -8.627997041e+01 -2.3108e+00 +2.4357e+00 +3.0042e+00 +2.2989e-01 +2.3340e+00
379 0 +2.779346126e-05 -8.627997221e+01 -8.627997221e+01 -2.3110e+00 +2.4359e+00 +3.0117e+00 +2.2681e-01 +2.3312e+00
381 0 +2.683989061e-05 -8.627997316e+01 -8.627997316e+01 -2.3142e+00 +2.4347e+00 +3.0135e+00 +2.2597e-01 +2.3329e+00
392 0 +2.584082898e-05 -8.627997416e+01 -8.627997416e+01 -2.3154e+00 +2.4307e+00 +3.0198e+00 +2.2380e-01 +2.3346e+00
393 0 +2.534714477e-05 -8.627997465e+01 -8.627997465e+01 -2.3160e+00 +2.4312e+00 +3.0230e+00 +2.2413e-01 +2.3349e+00
395 0 +2.439065526e-05 -8.627997561e+01 -8.627997561e+01 -2.3193e+00 +2.4308e+00 +3.0211e+00 +2.2659e-01 +2.3330e+00
404 0 +2.394793565e-05 -8.627997605e+01 -8.627997605e+01 -2.3208e+00 +2.4322e+00 +3.0217e+00 +2.2781e-01 +2.3324e+00
410 0 +2.211002150e-05 -8.627997789e+01 -8.627997789e+01 -2.3228e+00 +2.4310e+00 +3.0287e+00 +2.2319e-01 +2.3320e+00
412 0 +2.156321762e-05 -8.627997844e+01 -8.627997844e+01 -2.3237e+00 +2.4307e+00 +3.0357e+00 +2.2045e-01 +2.3337e+00
415 0 +1.891100230e-05 -8.627998109e+01 -8.627998109e+01 -2.3273e+00 +2.4302e+00 +3.0347e+00 +2.2164e-01 +2.3316e+00
418 0 +1.631331600e-05 -8.627998369e+01 -8.627998369e+01 -2.3306e+00 +2.4291e+00 +3.0405e+00 +2.2012e-01 +2.3314e+00
424 0 +1.382689918e-05 -8.627998617e+01 -8.627998617e+01 -2.3314e+00 +2.4270e+00 +3.0428e+00 +2.1952e-01 +2.3289e+00
428 0 +1.367566699e-05 -8.627998632e+01 -8.627998632e+01 -2.3330e+00 +2.4278e+00 +3.0403e+00 +2.2018e-01 +2.3287e+00
429 0 +1.215283503e-05 -8.627998785e+01 -8.627998785e+01 -2.3337e+00 +2.4270e+00 +3.0479e+00 +2.1935e-01 +2.3286e+00
433 0 +9.957044199e-06 -8.627999004e+01 -8.627999004e+01 -2.3380e+00 +2.4252e+00 +3.0503e+00 +2.1808e-01 +2.3269e+00
435 0 +9.500349591e-06 -8.627999050e+01 -8.627999050e+01 -2.3371e+00 +2.4269e+00 +3.0477e+00 +2.2131e-01 +2.3258e+00
444 0 +8.452994109e-06 -8.627999155e+01 -8.627999155e+01 -2.3438e+00 +2.4245e+00 +3.0614e+00 +2.1553e-01 +2.3234e+00
462 0 +7.575124371e-06 -8.627999242e+01 -8.627999242e+01 -2.3473e+00 +2.4223e+00 +3.0643e+00 +2.1447e-01 +2.3216e+00
473 0 +7.250185462e-06 -8.627999275e+01 -8.627999275e+01 -2.3476e+00 +2.4209e+00 +3.0661e+00 +2.1450e-01 +2.3205e+00
474 0 +6.785506770e-06 -8.627999321e+01 -8.627999321e+01 -2.3524e+00 +2.4189e+00 +3.0679e+00 +2.1369e-01 +2.3172e+00
484 0 +6.637522162e-06 -8.627999336e+01 -8.627999336e+01 -2.3588e+00 +2.4182e+00 +3.0747e+00 +2.1275e-01 +2.3140e+00
490 0 +6.603847467e-06 -8.627999340e+01 -8.627999340e+01 -2.3549e+00 +2.4203e+00 +3.0655e+00 +2.1518e-01 +2.3147e+00
504 0 +6.508978643e-06 -8.627999349e+01 -8.627999349e+01 -2.3597e+00 +2.4175e+00 +3.0716e+00 +2.1442e-01 +2.3127e+00
% f evaluations | g evaluations | best noise-free fitness - Fopt (2.224000000000e+01) + sum g_i+ | measured fitness | best measured fitness or single-digit g-values | x1 | x2...
1 0 +5.599775288e+01 +7.823775288e+01 +7.823775288e+01 +1.5983e-03 -7.0891e-01 +2.0277e-01 -2.5993e-02 -2.4658e-01
4 0 +5.476852115e+01 +7.700852115e+01 +7.700852115e+01 -7.2895e-02 -4.5403e-01 -7.9579e-03 -3.3772e-01 +1.8853e-01
5 0 +3.691286686e+01 +5.915286686e+01 +5.915286686e+01 +2.6083e-01 +1.6041e-01 -1.5498e-01 +6.2149e-02 -3.3812e-01
8 0 +3.483274908e+01 +5.707274908e+01 +5.707274908e+01 +2.7651e-01 -8.1200e-01 -4.3520e-01 +3.4890e-02 -2.7546e-01
10 0 +3.157949182e+01 +5.381949182e+01 +5.381949182e+01 -2.2459e-01 -8.6662e-01 -7.5745e-01 -4.6352e-01 -2.0953e-01
11 0 +2.868774683e+01 +5.092774683e+01 +5.092774683e+01 +7.2918e-01 -1.0525e+00 -5.7742e-01 -4.5088e-01 -2.6559e-01
20 0 +2.620872265e+01 +4.844872265e+01 +4.844872265e+01 +3.0365e-01 -1.2465e+00 -8.1523e-01 -1.1250e+00 -2.4585e-01
23 0 +2.421713962e+01 +4.645713962e+01 +4.645713962e+01 +5.3692e-01 +4.1190e-01 -6.0022e-01 +3.4442e-02 -4.2799e-01
27 0 +2.018657994e+01 +4.242657994e+01 +4.242657994e+01 +5.1648e-01 -2.3873e-01 -1.4272e+00 +6.2478e-02 -6.4389e-01
37 0 +8.330818798e+00 +3.057081880e+01 +3.057081880e+01 +1.1492e+00 -1.4728e+00 -2.2018e+00 -1.1002e-01 -1.1542e+00
40 0 +5.016908925e+00 +2.725690892e+01 +2.725690892e+01 +1.1207e-01 -1.0480e+00 -2.0415e+00 +2.3585e-01 -1.2427e+00
44 0 +3.068411782e+00 +2.530841178e+01 +2.530841178e+01 +4.3634e-01 -1.7537e+00 -1.9207e+00 -1.5097e-02 -2.1336e+00
51 0 +2.028675888e+00 +2.426867589e+01 +2.426867589e+01 +4.4254e-01 -1.0540e+00 -2.4665e+00 +1.1910e-01 -2.7250e+00
87 0 +1.967011765e+00 +2.420701176e+01 +2.420701176e+01 +1.5177e-01 -1.0993e+00 -2.4902e+00 +7.0551e-02 -2.4552e+00
113 0 +1.795124022e+00 +2.403512402e+01 +2.403512402e+01 +1.9220e-01 -5.8478e-01 -2.2680e+00 -1.4187e-01 -2.3161e+00
142 0 +1.758126377e+00 +2.399812638e+01 +2.399812638e+01 +3.6259e-01 -6.8543e-01 -2.3378e+00 -1.6935e-01 -2.1408e+00
144 0 +1.623127450e+00 +2.386312745e+01 +2.386312745e+01 +2.0195e-01 -8.7527e-01 -2.3824e+00 -3.2398e-02 -2.2844e+00
155 0 +1.610609033e+00 +2.385060903e+01 +2.385060903e+01 +2.1939e-01 -8.1398e-01 -2.4836e+00 -1.1238e-01 -2.2966e+00
188 0 +1.573685306e+00 +2.381368531e+01 +2.381368531e+01 +2.8145e-01 -8.1920e-01 -2.4068e+00 -9.4495e-02 -2.2581e+00
504 0 +1.563009858e+00 +2.380300986e+01 +2.380300986e+01 +2.7570e-01 -8.0266e-01 -2.3893e+00 -1.2496e-01 -2.3008e+00
% f evaluations | g evaluations | best noise-free fitness - Fopt (-2.301000000000e+01) + sum g_i+ | measured fitness | best measured fitness or single-digit g-values | x1 | x2...
1 0 +4.714169453e+01 +2.413169453e+01 +2.413169453e+01 +3.1483e-01 -1.2771e-01 -3.8834e-01 -1.3985e-01 -6.7748e-01
9 0 +4.681400990e+01 +2.380400990e+01 +2.380400990e+01 +1.4255e-01 -1.4408e-01 -9.4237e-01 -1.3324e-01 -1.2365e+00
11 0 +3.986504987e+01 +1.685504987e+01 +1.685504987e+01 -2.7940e-02 -9.8613e-02 -7.6236e-01 +3.2747e-02 -5.1435e-01
13 0 +3.643912959e+01 +1.342912959e+01 +1.342912959e+01 +8.2549e-02 +1.1574e-01 -5.1315e-01 -7.1146e-02 -3.1027e-02
16 0 +3.327539068e+01 +1.026539068e+01 +1.026539068e+01 +6.7558e-02 -2.5761e-01 -1.1187e+00 -2.9830e-01 -4.8881e-01
18 0 +2.629428243e+01 +3.284282427e+00 +3.284282427e+00 +2.4741e-01 -3.5564e-01 -1.5164e+00 -2.0060e-01 -4.7470e-01
26 0 +2.259949720e+01 -4.105028038e-01 -4.105028038e-01 +2.2514e-01 -1.3483e-01 -1.3390e+00 +2.3116e-01 +2.7164e-04
36 0 +1.667570304e+01 -6.334296964e+00 -6.334296964e+00 +7.1916e-01 +4.0445e-02 -1.5762e+00 -7.1563e-01 -3.6208e-02
37 0 +1.576267601e+01 -7.247323987e+00 -7.247323987e+00 +2.4200e-01 -2.5082e-02 -2.0744e+00 +8.3560e-02 -2.3333e-01
45 0 +1.527327517e+01 -7.736724827e+00 -7.736724827e+00 +4.6460e-01 +5.5895e-01 -1.4116e+00 -2.6472e-01 -1.9002e-01
47 0 +1.093933811e+01 -1.207066189e+01 -1.207066189e+01 +4.6092e-01 +2.2318e-01 -2.2560e+00 -4.5229e-01 -2.2447e-01
52 0 +1.045003372e+01 -1.255996628e+01 -1.255996628e+01 +6.7668e-01 +2.7901e-01 -2.1621e+00 -9.0647e-01 +1.4879e-01
60 0 +8.287367171e+00 -1.472263283e+01 -1.472263283e+01 +1.2052e+00 +7.1411e-01 -3.4383e+00 -9.0338e-01 +1.2529e-01
63 0 +7.698353833e+00 -1.531164617e+01 -1.531164617e+01 +9.7522e-01 +3.1378e-01 -3.1813e+00 +1.6583e-01 -1.3908e-01
64 0 +5.261602143e+00 -1.774839786e+01 -1.774839786e+01 +1.3684e+00 +9.5310e-01 -2.0614e+00 +1.6858e-01 +1.7646e-01
69 0 +4.447232752e+00 -1.856276725e+01 -1.856276725e+01 +8.5192e-01 +1.3385e+00 -3.1383e+00 -1.9741e-01 +4.3591e-01
81 0 +3.342269864e+00 -1.966773014e+01 -1.966773014e+01 +1.2212e+00 +6.2409e-01 -2.6019e+00 -2.6202e-01 +5.7153e-01
108 0 +2.881597255e+00 -2.012840274e+01 -2.012840274e+01 +1.1613e+00 +7.2402e-01 -2.6781e+00 -9.7022e-02 +3.8764e-01
119 0 +2.730566164e+00 -2.027943384e+01 -2.027943384e+01 +1.3888e+00 +8.5620e-01 -2.7691e+00 -2.0956e-01 +4.9717e-01
120 0 +2.682786419e+00 -2.032721358e+01 -2.032721358e+01 +1.2193e+00 +1.1185e+00 -2.8601e+00 +8.2562e-02 +7.0688e-01
123 0 +2.534962847e+00 -2.047503715e+01 -2.047503715e+01 +1.2651e+00 +1.0803e+00 -2.7893e+00 -4.1442e-02 +4.0849e-01
172 0 +2.486016878e+00 -2.052398312e+01 -2.052398312e+01 +1.2702e+00 +1.0471e+00 -2.7708e+00 -6.0812e-02 +5.5760e-01
504 0 +2.472973859e+00 -2.053702614e+01 -2.053702614e+01 +1.2582e+00 +1.0130e+00 -2.7347e+00 -2.1529e-02 +5.3210e-01
% f evaluations | g evaluations | best noise-free fitness - Fopt (-3.323700000000e+02) + sum g_i+ | measured fitness | best measured fitness or single-digit g-values | x1 | x2...
1 0 +3.456737822e+01 -2.978026218e+02 -2.978026218e+02 +5.5932e-01 -5.0141e-01 -2.5753e-01 -2.6321e-01 +2.6204e-02
7 0 +2.624517017e+01 -3.061248298e+02 -3.061248298e+02 -1.4926e-01 -1.2424e-01 -4.9194e-01 -3.9727e-02 -2.9534e-01
17 0 +2.362149749e+01 -3.087485025e+02 -3.087485025e+02 -1.4769e-01 -2.2634e-01 -9.5110e-01 +8.5766e-02 -2.2829e-02
41 0 +1.613131172e+01 -3.162386883e+02 -3.162386883e+02 -2.6276e-01 -8.9541e-01 -1.1912e+00 +1.2361e+00 +5.8967e-01
66 0 +1.301998376e+01 -3.193500162e+02 -3.193500162e+02 -7.3313e-01 -5.6748e-01 -1.2198e+00 +1.7846e+00 +3.3591e-01
87 0 +1.283615899e+01 -3.195338410e+02 -3.195338410e+02 -1.0099e+00 -9.9807e-01 -6.3336e-01 +1.4806e+00 +1.1882e+00
89 0 +9.244557265e+00 -3.231254427e+02 -3.231254427e+02 -1.2299e-01 -5.8389e-01 -3.3315e-01 +1.1760e+00 +9.2994e-01
114 0 +9.082289658e+00 -3.232877103e+02 -3.232877103e+02 -3.4924e-01 -5.1366e-01 -1.3618e-01 +1.6342e+00 +7.6102e-01
125 0 +8.514755640e+00 -3.238552444e+02 -3.238552444e+02 -2.7883e-01 -4.7903e-01 -1.3745e-01 +1.5418e+00 +6.0344e-01
127 0 +7.728557281e+00 -3.246414427e+02 -3.246414427e+02 -7.4902e-01 -6.3469e-01 -3.7214e-01 +1.7364e+00 +4.1693e-01
132 0 +6.185984433e+00 -3.261840156e+02 -3.261840156e+02 -5.0485e-01 -9.6743e-01 -2.3487e-01 +1.5842e+00 +3.2621e-01
138 0 +5.996729634e+00 -3.263732704e+02 -3.263732704e+02 -5.5682e-01 -8.6271e-01 -2.5883e-01 +1.8270e+00 +4.5844e-01
157 0 +5.387116710e+00 -3.269828833e+02 -3.269828833e+02 -7.9084e-01 -9.9127e-01 -3.8427e-02 +1.8572e+00 +3.6721e-01
167 0 +3.765490196e+00 -3.286045098e+02 -3.286045098e+02 -6.7759e-01 -1.1401e+00 -5.2184e-02 +1.6507e+00 +4.3708e-01
177 0 +3.637120321e+00 -3.287328797e+02 -3.287328797e+02 -7.4076e-01 -1.3290e+00 +1.3310e-01 +1.5777e+00 +3.7731e-01
178 0 +3.287279813e+00 -3.290827202e+02 -3.290827202e+02 -7.5961e-01 -1.2626e+00 -2.0645e-01 +1.5140e+00 +5.3532e-01
179 0 +2.063200005e+00 -3.303068000e+02 -3.303068000e+02 -9.3569e-01 -1.5379e+00 -6.0426e-02 +2.0254e+00 +3.6891e-01
188 0 +1.422933165e+00 -3.309470668e+02 -3.309470668e+02 -7.5314e-01 -1.8060e+00 +2.0740e-03 +1.8286e+00 +5.2418e-01
193 0 +1.145397837e+00 -3.312246022e+02 -3.312246022e+02 -1.0276e+00 -2.2112e+00 +1.8497e-01 +2.0424e+00 +6.6842e-01
200 0 +7.181404982e-01 -3.316518595e+02 -3.316518595e+02 -9.0579e-01 -2.2821e+00 -8.2486e-02 +1.7625e+00 +5.8548e-01
204 0 +4.965298131e-01 -3.318734702e+02 -3.318734702e+02 -6.9875e-01 -2.3850e+00 +1.9961e-01 +1.5710e+00 +5.9105e-01
227 0 +3.520760206e-01 -3.320179240e+02 -3.320179240e+02 -7.2007e-01 -2.6147e+00 +6.2657e-01 +1.6003e+00 +9.2637e-01
235 0 +1.410010307e-01 -3.322289990e+02 -3.322289990e+02 -7.7983e-01 -3.1563e+00 +6.2927e-01 +1.4667e+00 +1.0085e+00
242 0 +1.048873311e-01 -3.322651127e+02 -3.322651127e+02 -5.7911e-01 -3.2213e+00 +8.4922e-01 +1.4757e+00 +1.0763e+00
256 0 +9.781704588e-02 -3.322721830e+02 -3.322721830e+02 -5.7510e-01 -2.8194e+00 +7.1336e-01 +1.5661e+00 +8.8859e-01
257 0 +7.568248876e-02 -3.322943175e+02 -3.322943175e+02 -2.5902e-01 -2.7730e+00 +7.9886e-01 +1.6132e+00 +9.3122e-01
258 0 +3.941633869e-02 -3.323305837e+02 -3.323305837e+02 -5.2601e-01 -3.3745e+00 +9.2785e-01 +1.4598e+00 +9.4191e-01
265 0 +1.962719239e-02 -3.323503728e+02 -3.323503728e+02 -3.9830e-01 -3.2685e+00 +8.8012e-01 +1.3990e+00 +9.1711e-01
268 0 +1.566051719e-02 -3.323543395e+02 -3.323543395e+02 -3.5849e-01 -3.0973e+00 +8.8388e-01 +1.4929e+00 +9.2434e-01
280 0 +7.353536375e-03 -3.323626465e+02 -3.323626465e+02 -1.3616e-01 -3.3111e+00 +9.4097e-01 +1.3491e+00 +9.1921e-01
291 0 +1.689010493e-03 -3.323683110e+02 -3.323683110e+02 +9.7942e-02 -3.1842e+00 +1.0734e+00 +1.1853e+00 +1.0919e+00
324 0 +8.052705198e-04 -3.323691947e+02 -3.323691947e+02 +1.8738e-02 -3.3002e+00 +1.0775e+00 +1.3044e+00 +1.0806e+00
344 0 +2.420460025e-04 -3.323697580e+02 -3.323697580e+02 +1.4667e-01 -3.4021e+00 +1.1912e+00 +1.2300e+00 +1.0908e+00
352 0 +2.019325204e-04 -3.323697981e+02 -3.323697981e+02 +7.0211e-02 -3.3184e+00 +1.1018e+00 +1.2810e+00 +1.0637e+00
359 0 +6.650676039e-05 -3.323699335e+02 -3.323699335e+02 +1.4306e-01 -3.3030e+00 +1.1031e+00 +1.2509e+00 +1.0707e+00
399 0 +2.972794334e-05 -3.323699703e+02 -3.323699703e+02 +1.3244e-01 -3.3192e+00 +1.1024e+00 +1.2807e+00 +1.0640e+00
400 0 +2.735026573e-05 -3.323699726e+02 -3.323699726e+02 +1.4129e-01 -3.3426e+00 +1.1129e+00 +1.2776e+00 +1.0682e+00
403 0 +2.625113785e-05 -3.323699737e+02 -3.323699737e+02 +1.4999e-01 -3.3080e+00 +1.1112e+00 +1.2694e+00 +1.0670e+00
424 0 +2.051441868e-05 -3.323699795e+02 -3.323699795e+02 +1.5336e-01 -3.3225e+00 +1.1068e+00 +1.2758e+00 +1.0610e+00
432 0 +1.636764540e-05 -3.323699836e+02 -3.323699836e+02 +1.6278e-01 -3.3412e+00 +1.1318e+00 +1.2709e+00 +1.0636e+00
435 0 +1.509182829e-05 -3.323699849e+02 -3.323699849e+02 +1.6098e-01 -3.3240e+00 +1.1166e+00 +1.2713e+00 +1.0646e+00
438 0 +1.469897848e-05 -3.323699853e+02 -3.323699853e+02 +1.7204e-01 -3.3399e+00 +1.1222e+00 +1.2663e+00 +1.0617e+00
439 0 +1.342269104e-05 -3.323699866e+02 -3.323699866e+02 +1.5225e-01 -3.3426e+00 +1.1259e+00 +1.2884e+00 +1.0621e+00
441 0 +1.225248002e-05 -3.323699877e+02 -3.323699877e+02 +1.5743e-01 -3.3400e+00 +1.1252e+00 +1.2805e+00 +1.0647e+00
442 0 +9.639864800e-06 -3.323699904e+02 -3.323699904e+02 +1.6477e-01 -3.3426e+00 +1.1393e+00 +1.2792e+00 +1.0632e+00
447 0 +8.169634327e-06 -3.323699918e+02 -3.323699918e+02 +1.6496e-01 -3.3121e+00 +1.1168e+00 +1.2766e+00 +1.0608e+00
450 0 +7.215501796e-06 -3.323699928e+02 -3.323699928e+02 +1.6684e-01 -3.3162e+00 +1.1201e+00 +1.2773e+00 +1.0589e+00
464 0 +6.924712750e-06 -3.323699931e+02 -3.323699931e+02 +1.6279e-01 -3.3121e+00 +1.1166e+00 +1.2849e+00 +1.0592e+00
465 0 +6.597199672e-06 -3.323699934e+02 -3.323699934e+02 +1.7151e-01 -3.3137e+00 +1.1245e+00 +1.2782e+00 +1.0602e+00
478 0 +6.254951472e-06 -3.323699937e+02 -3.323699937e+02 +1.7603e-01 -3.3136e+00 +1.1229e+00 +1.2778e+00 +1.0594e+00
496 0 +5.902922169e-06 -3.323699941e+02 -3.323699941e+02 +1.7846e-01 -3.3139e+00 +1.1259e+00 +1.2775e+00 +1.0594e+00
497 0 +5.887791133e-06 -3.323699941e+02 -3.323699941e+02 +1.7734e-01 -3.3216e+00 +1.1296e+00 +1.2782e+00 +1.0612e+00
503 0 +5.666987931e-06 -3.323699943e+02 -3.323699943e+02 +1.7871e-01 -3.3177e+00 +1.1285e+00 +1.2778e+00 +1.0605e+00
504 0 +5.666987931e-06 -3.323699943e+02 -3.323699943e+02 +1.7871e-01 -3.3177e+00 +1.1285e+00 +1.2778e+00 +1.0605e+00
% f evaluations | g evaluations | best noise-free fitness - Fopt (-1.231300000000e+02) + sum g_i+ | measured fitness | best measured fitness or single-digit g-values | x1 | x2...
1 0 +5.329997540e+01 -6.983002460e+01 -6.983002460e+01 -6.0514e-01 -1.3085e-01 -1.3444e-01 +1.2725e-02 -8.8715e-02
3 0 +5.118925849e+01 -7.194074151e+01 -7.194074151e+01 -2.2150e-01 +5.2127e-02 -1.8291e-01 -1.1752e-01 -9.3465e-02
4 0 +4.916638292e+01 -7.396361708e+01 -7.396361708e+01 -8.8824e-02 +1.2987e-01 -2.1362e-01 +1.2407e-01 +6.1654e-02
5 0 +3.866984438e+01 -8.446015562e+01 -8.446015562e+01 +1.0663e-01 -2.1648e-01 -1.2717e-01 +3.0889e-04 -4.3102e-01
7 0 +3.598939343e+01 -8.714060657e+01 -8.714060657e+01 +4.0289e-01 -2.3428e-01 +5.9497e-02 -1.3055e-01 -2.8730e-01
12 0 +3.235776644e+01 -9.077223356e+01 -9.077223356e+01 +3.5206e-01 +1.0506e-02 -2.7875e-01 +2.2089e-01 -2.9196e-01
13 0 +2.923392755e+01 -9.389607245e+01 -9.389607245e+01 +6.1754e-01 +1.4175e-02 -1.7590e-01 -1.3146e-02 -3.3038e-01
15 0 +2.640382282e+01 -9.672617718e+01 -9.672617718e+01 +5.1501e-01 -1.7680e-01 -2.7990e-01 -1.6803e-01 -7.5061e-01
18 0 +1.740583970e+01 -1.057241603e+02 -1.057241603e+02 +1.0675e+00 -2.1779e-01 -4.3776e-01 +1.8033e-01 -6.8114e-01
27 0 +1.708696176e+01 -1.060430382e+02 -1.060430382e+02 +1.2157e+00 +2.8212e-01 -5.8797e-01 +3.6112e-01 -9.2804e-01
30 0 +1.349826473e+01 -1.096317353e+02 -1.096317353e+02 +1.1737e+00 -5.4270e-01 -5.4969e-01 +3.1604e-01 -1.1543e+00
32 0 +1.099377491e+01 -1.121362251e+02 -1.121362251e+02 +1.2946e+00 -1.2088e-01 -7.2740e-01 +6.7492e-01 -7.2880e-01
36 0 +5.798931595e+00 -1.173310684e+02 -1.173310684e+02 +2.4333e+00 -2.8274e-01 -1.2705e+00 +9.8575e-01 -1.7345e+00
64 0 +2.647602168e+00 -1.204823978e+02 -1.204823978e+02 +2.1159e+00 +5.1832e-01 -1.9434e+00 +1.4965e+00 -1.1470e+00
70 0 +2.500884213e+00 -1.206291158e+02 -1.206291158e+02 +2.9490e+00 +6.8564e-01 -2.9668e+00 +2.8581e+00 -4.4950e-01
100 0 +2.135782817e+00 -1.209942172e+02 -1.209942172e+02 +2.5326e+00 +5.9921e-01 -2.5823e+00 +2.1276e+00 -1.0661e+00
104 0 +2.002518418e+00 -1.211274816e+02 -1.211274816e+02 +2.3799e+00 +5.5996e-01 -2.2223e+00 +2.0390e+00 -8.6463e-01
143 0 +1.990765229e+00 -1.211392348e+02 -1.211392348e+02 +2.6931e+00 +4.8307e-01 -2.2220e+00 +2.6216e+00 -5.4758e-01
150 0 +1.910578964e+00 -1.212194210e+02 -1.212194210e+02 +2.7581e+00 +5.3540e-01 -2.2905e+00 +2.4561e+00 -7.5884e-01
164 0 +1.892060212e+00 -1.212379398e+02 -1.212379398e+02 +2.7812e+00 +3.7763e-01 -2.2667e+00 +2.6255e+00 -7.7164e-01
173 0 +1.820486064e+00 -1.213095139e+02 -1.213095139e+02 +2.7468e+00 +3.8542e-01 -2.2620e+00 +2.3526e+00 -8.1828e-01
230 0 +1.816817463e+00 -1.213131825e+02 -1.213131825e+02 +2.7059e+00 +3.5141e-01 -2.2274e+00 +2.3547e+00 -9.0801e-01
504 0 +1.803064865e+00 -1.213269351e+02 -1.213269351e+02 +2.6986e+00 +3.1586e-01 -2.1839e+00 +2.2733e+00 -8.8120e-01
% f evaluations | g evaluations | best noise-free fitness - Fopt (-1.537900000000e+02) + sum g_i+ | measured fitness | best measured fitness or single-digit g-values | x1 | x2...
1 0 +2.315425328e+01 -1.306357467e+02 -1.306357467e+02 +1.1078e-01 +4.6805e-01 +8.4757e-02 +1.2911e-02 -8.0521e-02
3 0 +2.019067641e+01 -1.335993236e+02 -1.335993236e+02 -1.8762e-01 +6.9141e-01 -1.8032e-01 -1.4875e-01 +1.5349e-01
19 0 +1.987730976e+01 -1.339126902e+02 -1.339126902e+02 +9.1809e-02 +6.8206e-01 -6.0799e-02 +4.3000e-02 -2.1350e-01
21 0 +1.884465375e+01 -1.349453462e+02 -1.349453462e+02 -1.5403e-01 +6.9550e-01 +6.8514e-02 -4.9247e-02 -8.7718e-02
25 0 +1.545847745e+01 -1.383315226e+02 -1.383315226e+02 -4.9679e-02 +9.0835e-01 +1.9442e-01 +4.4212e-01 -1.1027e+00
26 0 +1.144917827e+01 -1.423408217e+02 -1.423408217e+02 -3.9133e-01 +1.0519e+00 -1.3792e-01 -1.1836e-01 -3.5735e-01
39 0 +7.672821373e+00 -1.461171786e+02 -1.461171786e+02 -5.0527e-01 +8.9627e-01 -2.2800e-01 -4.8642e-01 -7.3684e-01
42 0 +6.827252345e+00 -1.469627477e+02 -1.469627477e+02 -7.1929e-01 +9.3635e-01 +1.8888e-01 -2.6513e-01 -1.1334e+00
52 0 +6.566190144e+00 -1.472238099e+02 -1.472238099e+02 -6.6150e-01 +8.1482e-01 +5.8036e-02 -9.1254e-01 -1.4685e+00
58 0 +6.455241622e+00 -1.473347584e+02 -1.473347584e+02 -1.5558e+00 +1.2748e+00 +1.1995e-01 -6.7720e-01 -1.6354e+00
90 0 +5.969049472e+00 -1.478209505e+02 -1.478209505e+02 -1.2770e+00 +1.0867e+00 -3.7141e-01 -6.8868e-01 -8.6324e-01
91 0 +5.795242824e+00 -1.479947572e+02 -1.479947572e+02 -1.3752e+00 +7.1608e-01 -1.5781e-01 -6.1952e-01 -8.0773e-01
99 0 +4.996384273e+00 -1.487936157e+02 -1.487936157e+02 -1.1277e+00 +7.1612e-01 -2.5159e-01 -6.3178e-01 -9.6647e-01
110 0 +4.843982645e+00 -1.489460174e+02 -1.489460174e+02 -1.5914e+00 +9.2180e-01 -2.6164e-01 -7.1757e-01 -1.3725e+00
132 0 +4.737470047e+00 -1.490525300e+02 -1.490525300e+02 -1.3059e+00 +1.0862e+00 -2.1832e-01 -6.3361e-01 -1.2103e+00
135 0 +4.554935084e+00 -1.492350649e+02 -1.492350649e+02 -1.3042e+00 +1.0365e+00 -9.1776e-02 -6.3937e-01 -1.3796e+00
136 0 +4.271735631e+00 -1.495182644e+02 -1.495182644e+02 -1.1594e+00 +7.9571e-01 -3.1906e-01 -6.1066e-01 -1.2482e+00
160 0 +4.212933745e+00 -1.495770663e+02 -1.495770663e+02 -1.2997e+00 +8.8724e-01 -2.6052e-01 -4.8368e-01 -1.2708e+00
209 0 +4.167546474e+00 -1.496224535e+02 -1.496224535e+02 -1.3211e+00 +8.5976e-01 -2.5135e-01 -5.5796e-01 -1.2985e+00
504 0 +4.161795154e+00 -1.496282048e+02 -1.496282048e+02 -1.2898e+00 +8.5749e-01 -2.5078e-01 -5.7534e-01 -1.2912e+00
% f evaluations | g evaluations | best noise-free fitness - Fopt (-4.860000000000e+01) + sum g_i+ | measured fitness | best measured fitness or single-digit g-values | x1 | x2...
1 0 +6.346677233e+01 +1.486677233e+01 +1.486677233e+01 +2.7998e-02 -5.1819e-02 +1.5197e-01 -2.4081e-01 +3.8162e-01
2 0 +6.320642423e+01 +1.460642423e+01 +1.460642423e+01 -3.7521e-02 -2.1963e-01 +1.9765e-01 +3.1371e-01 +4.0671e-01
4 0 +5.759924628e+01 +8.999246280e+00 +8.999246280e+00 -4.1462e-01 +5.4685e-01 +2.5529e-01 +6.4490e-01 +7.7509e-02
9 0 +5.161371286e+01 +3.013712862e+00 +3.013712862e+00 -5.4501e-01 +8.6112e-01 +2.6909e-01 +4.2775e-01 -4.7289e-01
18 0 +5.055170537e+01 +1.951705368e+00 +1.951705368e+00 -2.8338e-01 +7.0468e-01 +1.2876e-01 +3.5142e-01 -3.4098e-01
19 0 +4.085821536e+01 -7.741784641e+00 -7.741784641e+00 -8.0698e-01 +5.7017e-01 +4.1944e-01 +1.5982e-01 +2.4813e-01
26 0 +4.031293495e+01 -8.287065047e+00 -8.287065047e+00 -1.2632e+00 +9.0767e-01 +7.4369e-01 +3.4402e-01 -1.0476e-02
52 0 +3.411748635e+01 -1.448251365e+01 -1.448251365e+01 +2.5584e-02 +1.0275e+00 +2.0600e-01 +3.3186e-01 +1.0423e+00
58 0 +1.931917745e+01 -2.928082255e+01 -2.928082255e+01 -1.6370e-01 +7.9011e-01 +1.8738e-01 +3.0535e-01 +1.9059e+00
69 0 +1.222879633e+01 -3.637120367e+01 -3.637120367e+01 +9.8864e-01 +8.2742e-01 +4.1205e-02 -1.6494e-01 +1.5413e+00
78 0 +1.201504251e+01 -3.658495749e+01 -3.658495749e+01 +2.7142e-01 +1.6374e+00 +7.8929e-01 +4.9816e-01 +1.9269e+00
80 0 +1.168784800e+01 -3.691215200e+01 -3.691215200e+01 -4.6736e-01 +1.2214e+00 -4.6449e-02 +4.9289e-01 +2.6256e+00
81 0 +6.866787604e+00 -4.173321240e+01 -4.173321240e+01 +8.3691e-02 +1.8561e+00 +3.7323e-01 -3.2052e-02 +2.6803e+00
100 0 +4.494844286e+00 -4.410515571e+01 -4.410515571e+01 -7.3482e-01 +2.2122e+00 +7.5075e-01 +5.2957e-01 +3.7888e+00
113 0 +2.768039332e+00 -4.583196067e+01 -4.583196067e+01 +4.4981e-01 +1.7650e+00 +1.1853e+00 +1.0408e-01 +3.6760e+00
120 0 +2.621611639e+00 -4.597838836e+01 -4.597838836e+01 -6.7895e-01 +2.1477e+00 +1.8449e+00 -3.6948e-01 +3.4554e+00
125 0 +1.835455248e+00 -4.676454475e+01 -4.676454475e+01 -3.8846e-01 +2.1163e+00 +1.2617e+00 -7.2891e-02 +3.6830e+00
142 0 +1.336858179e+00 -4.726314182e+01 -4.726314182e+01 -6.8016e-01 +1.7688e+00 +1.5189e+00 -1.0386e-01 +3.4666e+00
152 0 +1.257758869e+00 -4.734224113e+01 -4.734224113e+01 -5.4633e-01 +1.6196e+00 +1.6024e+00 -9.5166e-02 +3.5516e+00
156 0 +1.151748491e+00 -4.744825151e+01 -4.744825151e+01 -7.5789e-01 +1.6638e+00 +1.4297e+00 +1.1722e-02 +3.5568e+00
165 0 +1.104069520e+00 -4.749593048e+01 -4.749593048e+01 -5.9666e-01 +1.7153e+00 +1.1105e+00 +3.8336e-02 +3.8181e+00
172 0 +8.663559766e-01 -4.773364402e+01 -4.773364402e+01 -6.3101e-01 +1.5156e+00 +1.2516e+00 +1.7870e-02 +3.3746e+00
177 0 +8.473692385e-01 -4.775263076e+01 -4.775263076e+01 -4.3020e-01 +1.5087e+00 +1.1372e+00 +9.6005e-02 +3.5225e+00
198 0 +7.719791584e-01 -4.782802084e+01 -4.782802084e+01 -5.6420e-01 +1.3982e+00 +1.3168e+00 -5.6842e-02 +3.6543e+00
201 0 +7.413097072e-01 -4.785869029e+01 -4.785869029e+01 -6.0382e-01 +1.6218e+00 +1.2609e+00 -8.5404e-02 +3.5250e+00
209 0 +7.046587275e-01 -4.789534127e+01 -4.789534127e+01 -5.6473e-01 +1.5411e+00 +1.2436e+00 -6.4413e-02 +3.5504e+00
504 0 +6.918755264e-01 -4.790812447e+01 -4.790812447e+01 -5.2376e-01 +1.5254e+00 +1.2097e+00 -1.0929e-01 +3.5752e+00
% f evaluations | g evaluations | best noise-free fitness - Fopt (2.770000000000e+01) + sum g_i+ | measured fitness | best measured fitness or single-digit g-values | x1 | x2...
1 0 +6.693615710e+01 +9.463615710e+01 +9.463615710e+01 -1.6283e-01 +5.7039e-01 -1.7265e-01 +3.5404e-01 +1.2122e-01
6 0 +6.185298138e+01 +8.955298138e+01 +8.955298138e+01 -1.3189e-01 +4.0970e-01 +1.7785e-01 +1.4729e-01 -5.2611e-01
12 0 +5.851904067e+01 +8.621904067e+01 +8.621904067e+01 -4.4360e-01 +2.7025e-01 +1.0658e-01 +2.4080e-01 +1.1476e-02
17 0 +5.096689176e+01 +7.866689176e+01 +7.866689176e+01 -4.5410e-01 +5.4607e-01 +5.8344e-02 +6.8161e-03 -4.3638e-01
19 0 +3.825853820e+01 +6.595853820e+01 +6.595853820e+01 -5.2033e-01 +7.2594e-01 +2.5362e-01 +4.2430e-01 -4.5199e-01
25 0 +2.617695202e+01 +5.387695202e+01 +5.387695202e+01 -9.3987e-01 +1.1845e+00 +2.1100e-01 +6.8896e-01 -3.2476e-01
34 0 +2.231755624e+01 +5.001755624e+01 +5.001755624e+01 -1.0234e+00 +1.0185e+00 +3.7283e-01 +8.5840e-01 -8.2840e-01
36 0 +1.933623840e+01 +4.703623840e+01 +4.703623840e+01 -1.2793e+00 +7.9137e-01 +6.6240e-01 +8.6827e-01 -4.7277e-01
55 0 +1.583644745e+01 +4.353644745e+01 +4.353644745e+01 -1.0520e+00 +1.0667e+00 +1.0714e+00 +6.8268e-01 -5.2883e-01
66 0 +1.179194782e+01 +3.949194782e+01 +3.949194782e+01 -9.6373e-01 +7.9700e-01 +1.6695e+00 +8.7647e-01 -7.2781e-01
75 0 +1.073898547e+01 +3.843898547e+01 +3.843898547e+01 -7.9501e-01 +1.2584e+00 +1.9896e+00 +1.1334e+00 -9.8039e-01
97 0 +8.734384486e+00 +3.643438449e+01 +3.643438449e+01 -9.6330e-01 +8.0533e-01 +2.4721e+00 +8.7747e-01 -7.5858e-01
114 0 +8.193957879e+00 +3.589395788e+01 +3.589395788e+01 -1.2348e+00 +1.0677e+00 +2.9158e+00 +8.0596e-01 -6.4497e-01
127 0 +6.957464335e+00 +3.465746434e+01 +3.465746434e+01 -1.0043e+00 +1.1495e+00 +3.1500e+00 +7.8662e-01 -8.2918e-01
145 0 +6.694086434e+00 +3.439408643e+01 +3.439408643e+01 -1.0181e+00 +1.3770e+00 +3.8390e+00 +7.1669e-01 -9.7255e-01
148 0 +6.038531148e+00 +3.373853115e+01 +3.373853115e+01 -7.2022e-01 +1.2056e+00 +3.7079e+00 +3.4615e-01 -1.2541e+00
154 0 +5.849547933e+00 +3.354954793e+01 +3.354954793e+01 -9.2778e-01 +1.7836e+00 +3.6809e+00 +8.3510e-01 -6.8971e-01
160 0 +5.482784376e+00 +3.318278438e+01 +3.318278438e+01 -8.0983e-01 +1.3262e+00 +3.5841e+00 +1.5338e-01 -1.2132e+00
201 0 +4.379656775e+00 +3.207965678e+01 +3.207965678e+01 -8.7254e-01 +1.2586e+00 +4.1009e+00 -2.3907e-02 -8.7604e-01
211 0 +3.791730484e+00 +3.149173048e+01 +3.149173048e+01 -7.4053e-01 +1.3481e+00 +4.7437e+00 -5.5931e-02 -1.1181e+00
236 0 +3.249380006e+00 +3.094938001e+01 +3.094938001e+01 -6.9438e-01 +1.5581e+00 +4.7556e+00 -1.1858e-01 -1.1274e+00
247 0 +2.812374094e+00 +3.051237409e+01 +3.051237409e+01 -6.2253e-01 +1.8195e+00 +4.7721e+00 -7.9993e-02 -1.1300e+00
269 0 +2.647163013e+00 +3.034716301e+01 +3.034716301e+01 -4.1833e-01 +2.2423e+00 +4.6011e+00 +1.8924e-02 -1.1894e+00
277 0 +2.595805300e+00 +3.029580530e+01 +3.029580530e+01 -5.5074e-01 +1.8951e+00 +4.8169e+00 -2.7110e-02 -1.0626e+00
281 0 +2.547666024e+00 +3.024766602e+01 +3.024766602e+01 -5.3641e-01 +1.9712e+00 +4.8210e+00 -2.3701e-02 -1.1872e+00
298 0 +2.470469265e+00 +3.017046926e+01 +3.017046926e+01 -5.2278e-01 +1.8624e+00 +4.8174e+00 +5.2507e-02 -1.1332e+00
302 0 +2.448131306e+00 +3.014813131e+01 +3.014813131e+01 -5.0687e-01 +1.9367e+00 +4.7614e+00 +3.9414e-02 -1.1653e+00
321 0 +2.374984436e+00 +3.007498444e+01 +3.007498444e+01 -4.6339e-01 +2.0475e+00 +4.8549e+00 +7.0301e-02 -1.2042e+00
349 0 +2.326957362e+00 +3.002695736e+01 +3.002695736e+01 -4.5834e-01 +2.0752e+00 +4.8573e+00 +1.3883e-01 -1.1947e+00
402 0 +2.287766074e+00 +2.998776607e+01 +2.998776607e+01 -4.3456e-01 +2.1383e+00 +4.8666e+00 +2.0434e-01 -1.1888e+00
504 0 +2.262152329e+00 +2.996215233e+01 +2.996215233e+01 -3.9599e-01 +2.2666e+00 +4.8732e+00 +2.8873e-01 -1.1877e+00
% f evaluations | g evaluations | best noise-free fitness - Fopt (2.993000000000e+01) + sum g_i+ | measured fitness | best measured fitness or single-digit g-values | x1 | x2...
1 0 +7.017485777e+01 +1.001048578e+02 +1.001048578e+02 +2.5159e-01 +1.5972e-01 -2.5231e-02 -1.1111e-01 +2.8255e-01
3 0 +6.909475579e+01 +9.902475579e+01 +9.902475579e+01 +1.5861e-01 -6.8350e-02 +5.6848e-01 +2.1795e-01 +4.2948e-01
7 0 +6.573155547e+01 +9.566155547e+01 +9.566155547e+01 +1.6619e-01 -1.4187e-01 +4.7572e-01 -2.3970e-01 -7.3009e-02
10 0 +6.378372620e+01 +9.371372620e+01 +9.371372620e+01 +7.5270e-01 +6.2965e-02 +7.7000e-01 +1.2265e-01 -1.8041e-01
20 0 +6.134464694e+01 +9.127464694e+01 +9.127464694e+01 +8.7948e-01 +1.0183e-01 +9.5631e-01 +3.5040e-02 -6.5913e-01
23 0 +5.515081713e+01 +8.508081713e+01 +8.508081713e+01 +6.1272e-01 +3.4201e-01 +1.3422e+00 -2.8189e-01 -1.5886e-01
29 0 +4.889254958e+01 +7.882254958e+01 +7.882254958e+01 +1.6052e-01 +4.3628e-01 +7.6434e-01 -8.1844e-01 +5.0236e-01
34 0 +4.370988271e+01 +7.363988271e+01 +7.363988271e+01 +5.1215e-01 +5.3174e-01 +1.1659e+00 -7.3175e-01 +1.6968e-01
42 0 +3.644107507e+01 +6.637107507e+01 +6.637107507e+01 +4.9096e-02 +5.7956e-01 +1.3012e+00 -8.9851e-01 -2.4691e-02
43 0 +3.177583274e+01 +6.170583274e+01 +6.170583274e+01 +6.0413e-01 +8.6779e-01 +1.3412e+00 -8.3999e-01 +3.8326e-01
51 0 +2.105721729e+01 +5.098721729e+01 +5.098721729e+01 -7.1387e-02 +7.0761e-01 +1.0250e+00 -1.5006e+00 +8.6696e-01
59 0 +6.136535561e+00 +3.606653556e+01 +3.606653556e+01 -2.4767e-01 +1.5985e+00 +1.1914e+00 -2.4136e+00 +5.4268e-01
67 0 +2.081562979e+00 +3.201156298e+01 +3.201156298e+01 -8.3654e-01 +2.3403e+00 +8.2002e-01 -2.7617e+00 +1.4274e+00
75 0 +1.907366236e+00 +3.183736624e+01 +3.183736624e+01 -1.0628e-01 +1.4692e+00 +1.0974e+00 -3.5483e+00 +2.1844e+00
83 0 +5.001705538e-01 +3.043017055e+01 +3.043017055e+01 -5.8773e-01 +1.9578e+00 +2.2038e+00 -2.4100e+00 +1.2843e+00
99 0 +4.357209144e-01 +3.036572091e+01 +3.036572091e+01 -8.5588e-01 +1.9324e+00 +1.6317e+00 -2.1080e+00 +1.0484e+00
126 0 +2.691317944e-01 +3.019913179e+01 +3.019913179e+01 -1.0392e+00 +2.3527e+00 +1.1692e+00 -3.0075e+00 +1.3615e+00
140 0 +8.881282013e-02 +3.001881282e+01 +3.001881282e+01 -9.9465e-01 +2.1174e+00 +1.4604e+00 -3.3615e+00 +1.9262e+00
173 0 +1.502636755e-02 +2.994502637e+01 +2.994502637e+01 -9.7140e-01 +1.9378e+00 +1.5644e+00 -3.0787e+00 +1.6227e+00
191 0 +1.473367255e-02 +2.994473367e+01 +2.994473367e+01 -8.5073e-01 +1.8833e+00 +1.7719e+00 -2.8191e+00 +1.6053e+00
203 0 +1.402094575e-02 +2.994402095e+01 +2.994402095e+01 -9.1666e-01 +1.8755e+00 +1.7645e+00 -2.7087e+00 +1.5554e+00
210 0 +1.182666378e-02 +2.994182666e+01 +2.994182666e+01 -1.0326e+00 +2.0225e+00 +1.7152e+00 -2.8982e+00 +1.5875e+00
235 0 +7.182509746e-03 +2.993718251e+01 +2.993718251e+01 -1.0444e+00 +1.9624e+00 +1.7179e+00 -2.8065e+00 +1.5699e+00
237 0 +6.360052216e-03 +2.993636005e+01 +2.993636005e+01 -1.0494e+00 +1.9382e+00 +1.6506e+00 -2.8900e+00 +1.5993e+00
247 0 +5.813513160e-03 +2.993581351e+01 +2.993581351e+01 -1.0974e+00 +1.9782e+00 +1.6621e+00 -2.8899e+00 +1.6185e+00
248 0 +4.812454094e-03 +2.993481245e+01 +2.993481245e+01 -1.0409e+00 +1.9430e+00 +1.7093e+00 -2.8960e+00 +1.6122e+00
249 0 +4.165997299e-03 +2.993416600e+01 +2.993416600e+01 -1.0957e+00 +1.9618e+00 +1.6793e+00 -2.8914e+00 +1.6426e+00
277 0 +3.942621210e-03 +2.993394262e+01 +2.993394262e+01 -1.0929e+00 +1.9685e+00 +1.6810e+00 -2.9564e+00 +1.6670e+00
287 0 +3.789112215e-03 +2.993378911e+01 +2.993378911e+01 -1.0721e+00 +1.9606e+00 +1.6712e+00 -2.9196e+00 +1.6673e+00
298 0 +3.676947700e-03 +2.993367695e+01 +2.993367695e+01 -1.0706e+00 +1.9360e+00 +1.6906e+00 -2.9016e+00 +1.6546e+00
313 0 +3.628816373e-03 +2.993362882e+01 +2.993362882e+01 -1.0658e+00 +1.9375e+00 +1.6878e+00 -2.8982e+00 +1.6737e+00
346 0 +3.547320832e-03 +2.993354732e+01 +2.993354732e+01 -1.0751e+00 +1.9290e+00 +1.6928e+00 -2.9092e+00 +1.6824e+00
385 0 +3.458546360e-03 +2.993345855e+01 +2.993345855e+01 -1.0744e+00 +1.9288e+00 +1.6958e+00 -2.9155e+00 +1.6901e+00
411 0 +3.384315165e-03 +2.993338432e+01 +2.993338432e+01 -1.0771e+00 +1.9292e+00 +1.6962e+00 -2.9221e+00 +1.6969e+00
434 0 +3.306764366e-03 +2.993330676e+01 +2.993330676e+01 -1.0786e+00 +1.9279e+00 +1.6967e+00 -2.9256e+00 +1.7018e+00
452 0 +3.209335361e-03 +2.993320934e+01 +2.993320934e+01 -1.0795e+00 +1.9260e+00 +1.6981e+00 -2.9273e+00 +1.7059e+00
460 0 +3.157385944e-03 +2.993315739e+01 +2.993315739e+01 -1.0797e+00 +1.9250e+00 +1.6981e+00 -2.9288e+00 +1.7083e+00
466 0 +3.086131320e-03 +2.993308613e+01 +2.993308613e+01 -1.0817e+00 +1.9251e+00 +1.6987e+00 -2.9324e+00 +1.7125e+00
472 0 +2.991844390e-03 +2.993299184e+01 +2.993299184e+01 -1.0814e+00 +1.9235e+00 +1.6998e+00 -2.9338e+00 +1.7148e+00
473 0 +2.880974239e-03 +2.993288097e+01 +2.993288097e+01 -1.0820e+00 +1.9225e+00 +1.6993e+00 -2.9382e+00 +1.7199e+00
482 0 +2.796297876e-03 +2.993279630e+01 +2.993279630e+01 -1.0831e+00 +1.9214e+00 +1.6998e+00 -2.9402e+00 +1.7229e+00
488 0 +2.745582188e-03 +2.993274558e+01 +2.993274558e+01 -1.0840e+00 +1.9210e+00 +1.7011e+00 -2.9409e+00 +1.7242e+00
491 0 +2.633213642e-03 +2.993263321e+01 +2.993263321e+01 -1.0816e+00 +1.9183e+00 +1.7030e+00 -2.9382e+00 +1.7245e+00
493 0 +2.617832316e-03 +2.993261783e+01 +2.993261783e+01 -1.0846e+00 +1.9202e+00 +1.7014e+00 -2.9452e+00 +1.7289e+00
499 0 +2.187765510e-03 +2.993218777e+01 +2.993218777e+01 -1.0863e+00 +1.9138e+00 +1.7053e+00 -2.9496e+00 +1.7408e+00
504 0 +2.187765510e-03 +2.993218777e+01 +2.993218777e+01 -1.0863e+00 +1.9138e+00 +1.7053e+00 -2.9496e+00 +1.7408e+00
% f evaluations | g evaluations | best noise-free fitness - Fopt (-1.983000000000e+01) + sum g_i+ | measured fitness | best measured fitness or single-digit g-values | x1 | x2...
1 0 +1.230126900e+01 -7.528730996e+00 -7.528730996e+00 +2.3220e-01 -2.5197e-01 -1.1492e-01 +5.2217e-01 +7.8700e-02
2 0 +1.011008910e+01 -9.719910902e+00 -9.719910902e+00 +2.6865e-01 -5.4320e-01 +3.1405e-01 +3.7729e-01 -2.5433e-01
3 0 +7.077453214e+00 -1.275254679e+01 -1.275254679e+01 +9.5083e-01 -1.1569e-01 +6.3463e-01 +2.3318e-01 +1.2496e-01
9 0 +5.147847094e+00 -1.468215291e+01 -1.468215291e+01 +1.1212e+00 -3.6509e-01 +4.2059e-01 +8.3030e-01 +1.9250e-01
14 0 +4.067855008e+00 -1.576214499e+01 -1.576214499e+01 +1.1617e+00 -3.0773e-01 +4.9009e-01 +2.5760e-01 -2.9551e-01
16 0 +2.941579747e+00 -1.688842025e+01 -1.688842025e+01 +3.7136e-01 +2.1803e-01 +5.3331e-01 +2.1352e-01 +2.2660e-01
23 0 +2.703529492e+00 -1.712647051e+01 -1.712647051e+01 +7.2045e-01 +7.4282e-02 +3.6180e-01 +4.2940e-01 +2.2224e-01
25 0 +2.008380203e+00 -1.782161980e+01 -1.782161980e+01 +4.0680e-01 +5.9848e-01 +2.7281e-01 +5.0523e-01 -4.6341e-01
33 0 +4.720490024e-01 -1.935795100e+01 -1.935795100e+01 +8.2158e-01 +2.6562e-01 +4.6330e-01 +1.0285e+00 -9.7761e-02
39 0 +1.531523121e-01 -1.967684769e+01 -1.967684769e+01 +4.7469e-01 +1.0833e+00 +7.1789e-01 +4.8606e-01 -5.4135e-01
54 0 +1.100169256e-01 -1.971998307e+01 -1.971998307e+01 +7.2445e-01 +1.0054e+00 +3.9189e-01 +5.2657e-01 -4.3054e-01
62 0 +4.333883089e-02 -1.978666117e+01 -1.978666117e+01 +7.7738e-01 +1.1279e+00 +4.4123e-01 +4.5539e-01 -2.0675e-01
68 0 +2.539614360e-02 -1.980460386e+01 -1.980460386e+01 +7.5031e-01 +1.2151e+00 +5.7813e-01 +9.9381e-01 -1.8496e-01
72 0 +1.298462644e-02 -1.981701537e+01 -1.981701537e+01 +4.5977e-01 +1.6970e+00 +4.8592e-01 +9.8777e-01 -4.3718e-02
127 0 +1.774504170e-03 -1.982822550e+01 -1.982822550e+01 +5.3777e-01 +1.5097e+00 +4.8748e-01 +9.2237e-01 -7.9207e-02
149 0 +2.123379042e-04 -1.982978766e+01 -1.982978766e+01 +3.4377e-01 +1.5112e+00 +5.7904e-01 +8.3378e-01 -1.0318e-01
155 0 +1.473648937e-04 -1.982985264e+01 -1.982985264e+01 +4.1073e-01 +1.4582e+00 +5.8446e-01 +8.6330e-01 -6.9226e-02
165 0 +1.133590798e-04 -1.982988664e+01 -1.982988664e+01 +3.7519e-01 +1.4381e+00 +6.0467e-01 +7.9988e-01 -4.4123e-02
166 0 +2.812750212e-05 -1.982997187e+01 -1.982997187e+01 +4.2432e-01 +1.4275e+00 +5.7752e-01 +7.5463e-01 -7.6934e-02
177 0 +1.768939400e-05 -1.982998231e+01 -1.982998231e+01 +3.6361e-01 +1.3988e+00 +5.6952e-01 +7.7378e-01 -8.9271e-02
199 0 +1.610629669e-05 -1.982998389e+01 -1.982998389e+01 +4.0946e-01 +1.3699e+00 +5.6576e-01 +7.9833e-01 -8.1429e-02
207 0 +5.364055362e-06 -1.982999464e+01 -1.982999464e+01 +4.2262e-01 +1.4532e+00 +5.5699e-01 +7.6420e-01 -8.5475e-02
215 0 +1.859105378e-06 -1.982999814e+01 -1.982999814e+01 +3.8925e-01 +1.4216e+00 +5.5849e-01 +7.6047e-01 -9.6076e-02
228 0 +1.599774080e-06 -1.982999840e+01 -1.982999840e+01 +3.6423e-01 +1.4428e+00 +5.6670e-01 +7.7966e-01 -6.2226e-02
235 0 +4.680668049e-07 -1.982999953e+01 -1.982999953e+01 +3.7332e-01 +1.4393e+00 +5.7390e-01 +7.7778e-01 -7.5275e-02
242 0 +2.753392678e-07 -1.982999972e+01 -1.982999972e+01 +3.9111e-01 +1.4439e+00 +5.6762e-01 +7.7022e-01 -9.3961e-02
258 0 +5.402285552e-08 -1.982999995e+01 -1.982999995e+01 +3.8545e-01 +1.4476e+00 +5.7161e-01 +7.6469e-01 -8.7588e-02
294 0 +5.303245487e-08 -1.982999995e+01 -1.982999995e+01 +3.7437e-01 +1.4473e+00 +5.7445e-01 +7.6174e-01 -8.2808e-02
297 0 +4.883942850e-08 -1.982999995e+01 -1.982999995e+01 +3.7353e-01 +1.4482e+00 +5.7323e-01 +7.5906e-01 -8.2142e-02
304 0 +2.290052592e-08 -1.982999998e+01 -1.982999998e+01 +3.8272e-01 +1.4479e+00 +5.7190e-01 +7.5850e-01 -8.7198e-02
314 0 +1.240951164e-08 -1.982999999e+01 -1.982999999e+01 +3.7653e-01 +1.4539e+00 +5.7530e-01 +7.5631e-01 -8.7356e-02
324 0 +1.228133328e-08 -1.982999999e+01 -1.982999999e+01 +3.7437e-01 +1.4537e+00 +5.7636e-01 +7.5468e-01 -8.7746e-02
329 0 +1.182901244e-08 -1.982999999e+01 -1.982999999e+01 +3.7797e-01 +1.4510e+00 +5.7429e-01 +7.5493e-01 -8.6745e-02
332 0 +1.172115205e-08 -1.982999999e+01 -1.982999999e+01 +3.7618e-01 +1.4550e+00 +5.7594e-01 +7.5499e-01 -8.6733e-02
334 0 +8.313676858e-09 -1.982999999e+01 -1.982999999e+01 +3.7543e-01 +1.4569e+00 +5.7757e-01 +7.5209e-01 -8.8279e-02
504 0 +1.138644734e-11 -1.983000000e+01 -1.983000000e+01 +3.7472e-01 +1.4623e+00 +5.7762e-01 +7.3778e-01 -9.2622e-02
