% f evaluations | g evaluations | best noise-free fitness - Fopt (-5.465000000000e+02) + sum g_i+ | measured fitness | best measured fitness or single-digit g-values | x1 | x2...
1 0 +1.623934363e+04 +1.569284363e+04 +1.569284363e+04 +5.3241e-01 +1.5627e-02 -6.6781e-02 +5.7377e-01 +3.8174e-01 +1.5343e-01 +5.8516e-02 -1.3355e-01 -1.0498e-01 -5.1069e-01
2 0 +1.381594297e+04 +1.326944297e+04 +1.326944297e+04 +3.5722e-01 +1.0293e-01 +2.8094e-02 -1.0838e-01 -2.1821e-01 -1.4270e-01 -1.4839e-01 +1.9813e-02 +2.3691e-01 -1.7474e-01
3 0 +6.047774749e+03 +5.501274749e+03 +5.501274749e+03 +3.5070e-01 +8.4464e-02 +5.6634e-02 +7.3820e-01 +1.0186e-01 -1.9660e-01 -7.4267e-03 +4.2908e-01 -3.7673e-01 +2.2527e-03
6 0 +4.093157236e+03 +3.546657236e+03 +3.546657236e+03 +2.5408e-01 -2.4525e-01 +1.8043e-02 -2.6687e-01 +2.6191e-01 +7.3024e-02 -1.9302e-01 -4.0719e-02 -6.5888e-01 +2.7137e-01
14 0 +2.090333465e+03 +1.543833465e+03 +1.543833465e+03 +1.9848e-01 +4.5710e-01 +2.5477e-01 +2.1714e-01 +4.1488e-01 +9.0272e-02 -1.5080e-01 +3.3644e-01 -6.9993e-01 +4.2242e-01
16 0 +1.495626985e+03 +9.491269847e+02 +9.491269847e+02 +6.8069e-01 +5.5406e-02 +8.1390e-02 +5.0800e-01 +3.0827e-01 -2.9993e-01 -1.3927e-02 +4.1263e-01 -1.1118e+00 +4.1797e-01
22 0 +1.062911934e+03 +5.164119339e+02 +5.164119339e+02 +5.7200e-01 -1.1381e-01 -1.6756e-02 +4.0529e-01 -5.5335e-02 -3.3800e-01 -2.6218e-01 +2.2645e-01 -8.7860e-01 +5.9869e-01
39 0 +7.606242954e+02 +2.141242954e+02 +2.141242954e+02 +1.9215e-01 -7.1592e-02 +1.0430e-01 +8.5162e-01 -3.7004e-01 -5.5825e-01 -2.2835e-01 +2.8026e-01 -1.0045e+00 +1.0238e+00
43 0 +3.777445029e+02 -1.687554971e+02 -1.687554971e+02 +1.8013e-01 +2.7137e-01 +4.1010e-01 +8.1290e-01 +8.0816e-02 -4.8727e-02 -6.5783e-01 +2.2486e-01 -1.1786e+00 +9.3776e-01
50 0 +2.913933925e+02 -2.551066075e+02 -2.551066075e+02 +4.3539e-01 -6.9761e-02 +5.3550e-01 +8.1063e-01 -4.1173e-01 -3.2755e-01 -4.8495e-01 +1.0360e+00 -8.7906e-01 +1.0441e+00
51 0 +7.472305546e+01 -4.717769445e+02 -4.717769445e+02 +5.1904e-01 +5.5410e-01 +5.6421e-01 +6.5150e-01 -2.0715e-01 -3.7591e-01 -3.3890e-01 +9.7547e-01 -1.2533e+00 +1.7446e+00
63 0 +1.218285673e+01 -5.343171433e+02 -5.343171433e+02 +8.8640e-01 -6.5921e-01 +6.8474e-01 +4.1147e-01 -1.1132e-01 -2.4853e-01 -8.3792e-01 +1.2247e+00 -1.7920e+00 +1.4548e+00
70 0 +3.890365383e+00 -5.426096346e+02 -5.426096346e+02 +5.8797e-01 -5.4910e-01 +1.0246e+00 -9.6482e-02 -1.7115e-01 -2.3826e-01 -5.8105e-01 +1.1123e+00 -1.0323e+00 +1.5670e+00
101 0 +3.452809499e+00 -5.430471905e+02 -5.430471905e+02 -3.5645e-01 -4.6032e-01 +1.0308e+00 -7.2390e-01 +8.1100e-01 -1.3080e+00 -6.1700e-01 +1.0589e+00 -1.3499e+00 +1.2574e+00
183 0 +3.279926973e+00 -5.432200730e+02 -5.432200730e+02 +2.2038e-01 -3.7720e-01 -2.3978e-01 +3.7202e-01 +1.2808e+00 -1.6982e+00 -6.0655e-01 +2.0365e+00 -9.0359e-01 +1.5571e+00
244 0 +3.221679115e+00 -5.432783209e+02 -5.432783209e+02 +1.7986e-01 -6.1407e-01 -6.1929e-02 +1.7133e-03 +1.5627e+00 -1.5421e+00 -4.5528e-01 +1.6839e+00 -1.5800e+00 +2.2844e+00
341 0 +2.955043811e+00 -5.435449562e+02 -5.435449562e+02 -2.1318e-01 -7.1067e-01 +7.5804e-03 +1.7962e-02 +7.9852e-01 -1.6887e+00 -5.4898e-01 +2.4867e+00 -1.9290e+00 +1.7518e+00
363 0 +2.542495031e+00 -5.439575050e+02 -5.439575050e+02 -3.1274e-01 -7.6279e-01 +2.2750e-02 -1.4808e-01 +8.4967e-01 -1.5120e+00 -4.9185e-01 +2.5581e+00 -1.9580e+00 +1.6921e+00
403 0 +2.460123332e+00 -5.440398767e+02 -5.440398767e+02 -1.4888e-01 -5.8254e-01 -5.1034e-02 -1.5533e-01 +9.6423e-01 -1.6462e+00 -5.9749e-01 +2.4672e+00 -1.9141e+00 +1.7624e+00
410 0 +2.368231113e+00 -5.441317689e+02 -5.441317689e+02 -3.0146e-01 -6.6598e-01 -5.2553e-02 -1.5411e-01 +9.7569e-01 -1.4801e+00 -5.5688e-01 +2.3809e+00 -1.6853e+00 +1.8754e+00
447 0 +2.137548447e+00 -5.443624516e+02 -5.443624516e+02 -2.6921e-01 -6.2605e-01 -1.4343e-02 -1.7765e-01 +9.0608e-01 -1.5145e+00 -5.6803e-01 +2.4263e+00 -1.6275e+00 +1.8595e+00
481 0 +2.084109132e+00 -5.444158909e+02 -5.444158909e+02 -3.6266e-01 -5.8678e-01 -3.0023e-02 -1.4834e-01 +9.7404e-01 -1.4674e+00 -5.5629e-01 +2.4487e+00 -1.5958e+00 +1.8740e+00
493 0 +1.993213211e+00 -5.445067868e+02 -5.445067868e+02 -3.1445e-01 -5.8813e-01 -3.9614e-02 -1.7024e-01 +9.7961e-01 -1.4600e+00 -6.1137e-01 +2.4621e+00 -1.6484e+00 +1.8879e+00
586 0 +1.938898325e+00 -5.445611017e+02 -5.445611017e+02 -3.1405e-01 -5.9300e-01 -3.4893e-02 -1.6715e-01 +9.5294e-01 -1.4569e+00 -5.8524e-01 +2.4871e+00 -1.6267e+00 +1.8944e+00
1000 0 +1.915003729e+00 -5.445849963e+02 -5.445849963e+02 -3.2532e-01 -6.3058e-01 -1.4681e-02 -1.7140e-01 +9.5204e-01 -1.4555e+00 -5.8826e-01 +2.4840e+00 -1.6203e+00 +1.8823e+00
% f evaluations | g evaluations | best noise-free fitness - Fopt (1.000000000000e+03) + sum g_i+ | measured fitness | best measured fitness or single-digit g-values | x1 | x2...
1 0 +8.629497088e+03 +9.629497088e+03 +9.629497088e+03 +1.3661e-02 +9.4335e-02 +6.1973e-01 +2.0865e-01 -4.9887e-03 +2.2903e-01 -1.3647e-01 -1.6953e-02 -1.7481e-01 +4.6604e-03
2 0 +6.985238921e+03 +7.985238921e+03 +7.985238921e+03 +2.9789e-01 -3.0353e-02 +1.5377e-01 -1.1755e-02 -1.9173e-01 -3.8858e-01 -5.9516e-01 +3.2239e-01 +2.8877e-02 -2.1750e-01
12 0 +6.521562891e+03 +7.521562891e+03 +7.521562891e+03 +2.2557e-01 -2.5425e-01 +1.9511e-01 +1.1503e-01 -3.0397e-01 -1.6326e-01 +2.9546e-02 +4.9891e-01 -3.6504e-01 +2.4572e-02
14 0 +3.642560557e+03 +4.642560557e+03 +4.642560557e+03 +7.3360e-01 -4.0875e-01 +1.7211e-01 -3.1889e-01 -1.7928e-01 -1.0660e-01 -2.7743e-01 +3.6294e-01 -1.3435e-01 -5.4090e-01
17 0 +3.506277274e+03 +4.506277274e+03 +4.506277274e+03 +4.4027e-01 +2.7925e-01 +1.9435e-01 -3.8868e-01 -1.5006e-01 +1.9572e-01 -9.5881e-01 +4.1299e-01 -4.4820e-01 -2.0840e-01
24 0 +1.881531774e+03 +2.881531774e+03 +2.881531774e+03 +4.0240e-01 -1.9287e-01 -2.6544e-02 -4.4431e-02 -4.4972e-01 -1.2061e-01 -4.6975e-01 +9.1228e-01 -3.8169e-01 -4.8908e-01
38 0 +1.051308784e+02 +1.105130878e+03 +1.105130878e+03 +5.7597e-01 -6.8161e-02 +5.3193e-01 -8.2605e-01 +1.5477e-01 -2.3430e-02 -1.2667e+00 +1.0879e+00 -7.5984e-01 -1.0014e+00
49 0 +8.829748897e+01 +1.088297489e+03 +1.088297489e+03 +5.2665e-01 -6.3396e-01 +6.8149e-02 -9.3729e-01 -4.0133e-01 +1.3332e-01 -1.2927e+00 +6.9151e-01 -6.3814e-01 -1.1244e+00
55 0 +3.725039243e+00 +1.003725039e+03 +1.003725039e+03 +4.9875e-01 -3.6492e-01 +4.8650e-01 -3.3954e-01 -1.0326e-01 +1.9824e-01 -8.1804e-01 +1.0790e+00 -1.0234e+00 -1.2839e+00
57 0 +3.710558023e+00 +1.003710558e+03 +1.003710558e+03 +1.0887e-01 -8.9107e-01 +1.2691e-01 -7.1134e-01 -1.0238e-01 +1.2191e+00 -7.0125e-01 +2.1040e+00 -8.7498e-01 -1.2856e+00
79 0 +3.506125661e+00 +1.003506126e+03 +1.003506126e+03 -3.3839e-01 +1.4619e-01 -1.1202e+00 -1.1662e+00 +3.6937e-01 +9.0898e-01 -7.3820e-01 +1.9040e+00 -1.4846e+00 -1.8396e+00
133 0 +3.394017399e+00 +1.003394017e+03 +1.003394017e+03 -1.0677e+00 -8.6681e-01 -6.1289e-01 +6.4557e-01 -1.8559e+00 +1.0851e+00 -7.6814e-01 +1.3242e+00 -1.6630e+00 -1.4514e+00
173 0 +3.195776631e+00 +1.003195777e+03 +1.003195777e+03 +5.3514e-02 -4.4079e-01 -1.9075e+00 -2.7698e-01 -2.0845e+00 +9.9850e-01 -1.1830e+00 +1.4993e+00 -9.3535e-01 -1.2895e+00
207 0 +2.713777289e+00 +1.002713777e+03 +1.002713777e+03 -3.8989e-01 -8.2117e-01 -1.1435e+00 -6.3757e-01 -8.5725e-01 +5.0693e-01 -2.5342e+00 +1.9664e+00 -1.1057e+00 -1.4731e+00
373 0 +2.645246199e+00 +1.002645246e+03 +1.002645246e+03 -1.0220e+00 -8.2246e-01 -1.5483e+00 +1.7628e-01 -4.6536e-01 +6.8638e-01 -2.4425e+00 +1.0233e+00 -1.3145e+00 -1.6094e+00
379 0 +2.232835870e+00 +1.002232836e+03 +1.002232836e+03 -9.6412e-01 -8.2556e-01 -1.4896e+00 +2.3591e-01 -4.7901e-01 +6.3051e-01 -2.0442e+00 +5.9983e-01 -1.2239e+00 -1.6017e+00
421 0 +2.137682347e+00 +1.002137682e+03 +1.002137682e+03 -9.7616e-01 -8.1230e-01 -1.7770e+00 +3.1481e-01 -4.6597e-01 +6.6442e-01 -2.4484e+00 +4.9590e-01 -1.2308e+00 -1.5596e+00
424 0 +2.077489318e+00 +1.002077489e+03 +1.002077489e+03 -1.0355e+00 -8.9874e-01 -1.5974e+00 +2.3685e-01 -5.5179e-01 +6.2778e-01 -2.4852e+00 +5.5134e-01 -1.1302e+00 -1.6105e+00
435 0 +2.026075047e+00 +1.002026075e+03 +1.002026075e+03 -9.6382e-01 -8.3472e-01 -1.6659e+00 +2.6674e-01 -4.8610e-01 +6.3338e-01 -2.4541e+00 +5.6653e-01 -1.1889e+00 -1.5864e+00
458 0 +1.911243423e+00 +1.001911243e+03 +1.001911243e+03 -1.0355e+00 -8.3207e-01 -1.6185e+00 +2.3552e-01 -4.9420e-01 +6.5016e-01 -2.4663e+00 +5.0762e-01 -1.1879e+00 -1.5180e+00
485 0 +1.859057859e+00 +1.001859058e+03 +1.001859058e+03 -9.8958e-01 -8.3275e-01 -1.6086e+00 +2.2417e-01 -4.8738e-01 +5.9711e-01 -2.4985e+00 +5.1150e-01 -1.1911e+00 -1.6244e+00
538 0 +1.813115652e+00 +1.001813116e+03 +1.001813116e+03 -9.9721e-01 -8.6846e-01 -1.5209e+00 +2.1601e-01 -5.4140e-01 +5.9487e-01 -2.4634e+00 +5.1789e-01 -1.1673e+00 -1.6449e+00
559 0 +1.754837095e+00 +1.001754837e+03 +1.001754837e+03 -1.0062e+00 -8.6464e-01 -1.4950e+00 +1.8630e-01 -5.3969e-01 +5.8536e-01 -2.4858e+00 +5.3776e-01 -1.1699e+00 -1.6310e+00
579 0 +1.733079274e+00 +1.001733079e+03 +1.001733079e+03 -1.0124e+00 -8.7310e-01 -1.4902e+00 +2.1199e-01 -5.1332e-01 +5.9320e-01 -2.4824e+00 +5.3157e-01 -1.1818e+00 -1.6442e+00
648 0 +1.694440543e+00 +1.001694441e+03 +1.001694441e+03 -1.0098e+00 -8.3852e-01 -1.4737e+00 +2.2349e-01 -5.2300e-01 +5.9160e-01 -2.4816e+00 +5.3186e-01 -1.1960e+00 -1.6196e+00
1000 0 +1.678271533e+00 +1.001678272e+03 +1.001678272e+03 -1.0132e+00 -8.0466e-01 -1.4574e+00 +1.9827e-01 -5.1037e-01 +5.9449e-01 -2.4820e+00 +5.3278e-01 -1.1979e+00 -1.6248e+00
% f evaluations | g evaluations | best noise-free fitness - Fopt (2.083800000000e+02) + sum g_i+ | measured fitness | best measured fitness or single-digit g-values | x1 | x2...
1 0 +9.078793035e+03 +9.287173035e+03 +9.287173035e+03 -1.5428e-01 +1.5555e-02 +6.7513e-02 +3.2684e-01 +6.5545e-02 +2.0056e-01 +4.4108e-01 -1.8694e-01 -1.4501e-01 +1.5152e-02
3 0 +9.069598505e+03 +9.277978505e+03 +9.277978505e+03 -1.5188e-01 -4.1740e-01 -2.1052e-02 -3.2263e-01 +2.5711e-02 +3.6630e-01 -2.2847e-01 +1.3775e-01 +7.1513e-02 +1.8405e-01
8 0 +8.266517916e+03 +8.474897916e+03 +8.474897916e+03 -6.7268e-01 +5.9975e-01 -3.1064e-01 -9.7960e-02 -1.4906e-01 -4.8907e-01 -2.6392e-01 +2.5077e-01 +2.1170e-01 +6.4199e-01
13 0 +7.362679176e+03 +7.571059176e+03 +7.571059176e+03 -5.3637e-01 +9.1376e-01 -2.6719e-01 +2.1663e-01 -2.0768e-01 -5.3499e-02 -3.5658e-01 +3.6181e-01 -4.8169e-02 +2.7994e-01
15 0 +5.831229516e+03 +6.039609516e+03 +6.039609516e+03 -8.1108e-01 +1.7228e-01 -8.8571e-01 +3.4760e-01 +1.2656e-02 -7.0480e-01 -3.7224e-02 +2.3592e-01 +6.6451e-03 +8.5140e-01
19 0 +5.350218382e+03 +5.558598382e+03 +5.558598382e+03 -7.5176e-01 +7.8109e-02 -2.4755e-01 +2.3802e-01 +4.6668e-01 -3.1065e-01 -4.7565e-01 +2.3067e-01 -5.9316e-01 +3.5923e-01
20 0 +4.243129650e+03 +4.451509650e+03 +4.451509650e+03 -4.9272e-01 +3.0387e-01 -1.0312e-01 -7.8164e-01 +3.7833e-01 -9.4428e-01 +3.2920e-01 +5.8758e-02 -3.1589e-01 +9.4291e-01
21 0 +1.136805698e+03 +1.345185698e+03 +1.345185698e+03 -4.0738e-01 +4.3230e-01 -8.4285e-02 -2.4160e-03 +2.5169e-01 -5.2562e-01 +5.7544e-01 +8.4568e-01 -7.7241e-01 +6.3115e-01
37 0 +5.450162609e+02 +7.533962609e+02 +7.533962609e+02 -7.9838e-01 +6.0213e-01 -8.8425e-01 -1.7962e-01 +4.6700e-01 -5.2547e-01 +5.8067e-01 +9.0882e-01 -8.8715e-01 +1.1618e+00
44 0 +1.418162221e+02 +3.501962221e+02 +3.501962221e+02 -4.8747e-01 +9.3318e-01 -6.6480e-01 +5.2275e-01 +6.5738e-01 -1.8671e-01 +9.6247e-01 +7.9802e-01 -8.2315e-01 +8.4058e-01
50 0 +5.055158754e+00 +2.134351588e+02 +2.134351588e+02 -6.5020e-01 +8.7642e-01 -8.2990e-01 -9.6557e-02 +6.4035e-01 +1.7162e-01 +5.7389e-01 +6.2577e-01 -1.2200e+00 +1.1677e+00
60 0 +4.489495855e+00 +2.128694959e+02 +2.128694959e+02 -1.4923e+00 +1.2336e+00 -1.2362e+00 -1.3408e-01 +9.9392e-01 +3.2413e-01 +1.4215e+00 +1.1720e+00 -8.0167e-01 +1.6855e+00
79 0 +3.993753894e+00 +2.123737539e+02 +2.123737539e+02 +2.5236e-01 +1.2452e+00 -1.0401e+00 +3.4906e-01 +2.8206e-01 +3.5711e-01 +8.9495e-01 +1.5816e+00 -9.5286e-01 +1.5792e+00
83 0 +3.861869571e+00 +2.122418696e+02 +2.122418696e+02 +5.0628e-01 +4.9874e-01 -4.5898e-01 +1.9234e-01 +1.9163e-01 +1.5343e+00 +1.9282e+00 +2.0843e+00 -7.2782e-01 +1.5483e+00
89 0 +3.713301352e+00 +2.120933014e+02 +2.120933014e+02 +4.4254e-01 -3.0599e-01 -4.1249e-01 +7.3047e-01 +1.2477e+00 +3.5774e-01 +1.9952e+00 +2.2644e+00 -1.1744e+00 +1.1906e+00
141 0 +3.129516769e+00 +2.115095168e+02 +2.115095168e+02 -1.6782e+00 +5.3677e-01 -3.2335e-01 +1.4732e+00 +1.6311e+00 +1.0288e+00 +2.4141e+00 +1.8946e+00 -1.1993e+00 +2.0134e+00
190 0 +3.073767680e+00 +2.114537677e+02 +2.114537677e+02 -2.1127e+00 +5.8730e-01 +1.1220e+00 +5.1549e-01 +1.3977e+00 +5.1093e-01 +2.5520e+00 +1.3227e+00 -1.3075e+00 +1.5359e+00
322 0 +2.733012605e+00 +2.111130126e+02 +2.111130126e+02 -1.7279e+00 -8.2862e-02 +5.7935e-01 +6.2946e-01 +1.6406e+00 +7.4775e-01 +2.4108e+00 +2.0154e+00 -1.6990e+00 +1.0740e+00
534 0 +2.580590232e+00 +2.109605902e+02 +2.109605902e+02 -2.1647e+00 -4.9116e-01 +8.1080e-01 +8.7669e-01 +1.8076e+00 +1.2368e+00 +1.8259e+00 +2.2179e+00 -1.6653e+00 +1.0809e+00
559 0 +2.450156838e+00 +2.108301568e+02 +2.108301568e+02 -2.1310e+00 -3.6543e-01 +6.8982e-01 +9.7480e-01 +1.6923e+00 +1.1297e+00 +1.7849e+00 +2.1432e+00 -1.6999e+00 +1.0826e+00
584 0 +2.392423847e+00 +2.107724238e+02 +2.107724238e+02 -2.0887e+00 -3.7877e-01 +6.9120e-01 +9.7896e-01 +1.7548e+00 +1.2156e+00 +1.8432e+00 +2.1758e+00 -1.6731e+00 +1.1156e+00
587 0 +2.301530536e+00 +2.106815305e+02 +2.106815305e+02 -2.0851e+00 -2.9560e-01 +6.8029e-01 +1.0608e+00 +1.7333e+00 +1.2083e+00 +1.8208e+00 +2.1631e+00 -1.6710e+00 +1.0893e+00
602 0 +2.276059389e+00 +2.106560594e+02 +2.106560594e+02 -2.1339e+00 -3.0017e-01 +6.6882e-01 +1.0334e+00 +1.7673e+00 +1.2250e+00 +1.8221e+00 +2.1727e+00 -1.6617e+00 +1.0766e+00
668 0 +2.235422825e+00 +2.106154228e+02 +2.106154228e+02 -2.0662e+00 -2.6392e-01 +5.9288e-01 +1.0700e+00 +1.7119e+00 +1.1854e+00 +1.8080e+00 +2.1873e+00 -1.6994e+00 +1.0613e+00
703 0 +2.179772857e+00 +2.105597729e+02 +2.105597729e+02 -2.0739e+00 -2.8908e-01 +6.0423e-01 +1.0595e+00 +1.7205e+00 +1.2188e+00 +1.8218e+00 +2.1679e+00 -1.6878e+00 +1.0614e+00
843 0 +2.137878047e+00 +2.105178780e+02 +2.105178780e+02 -2.0927e+00 -2.9767e-01 +6.0524e-01 +1.0597e+00 +1.7219e+00 +1.2542e+00 +1.8162e+00 +2.1749e+00 -1.7004e+00 +1.0611e+00
1000 0 +2.132732018e+00 +2.105127320e+02 +2.105127320e+02 -2.0993e+00 -2.9327e-01 +5.9159e-01 +1.0672e+00 +1.7129e+00 +1.2639e+00 +1.8125e+00 +2.1778e+00 -1.6961e+00 +1.0630e+00
% f evaluations | g evaluations | best noise-free fitness - Fopt (-1.449600000000e+02) + sum g_i+ | measured fitness | best measured fitness or single-digit g-values | x1 | x2...
1 0 +1.448001528e+04 +1.433505528e+04 +1.433505528e+04 -1.9760e-01 +5.3693e-01 +1.0404e+00 +4.6879e-01 -2.2051e-01 -7.4918e-02 +3.1445e-01 +1.2963e-01 +3.0231e-01 -7.9686e-02
2 0 +3.909199271e+03 +3.764239271e+03 +3.764239271e+03 -2.7829e-01 +1.0952e-01 +3.5337e-02 +1.6301e-01 +2.3998e-01 +3.7620e-03 +1.4371e-01 +5.7186e-01 -4.0287e-01 +3.0802e-01
12 0 +3.005271250e+03 +2.860311250e+03 +2.860311250e+03 +1.3483e-02 -5.0164e-01 +2.1454e-01 -2.9155e-01 -3.2701e-01 +5.4135e-01 +2.8762e-01 +5.4516e-01 -4.2028e-01 +4.5790e-01
20 0 +2.824396655e+03 +2.679436655e+03 +2.679436655e+03 +7.2738e-01 -2.4321e-01 +4.7858e-01 +3.9539e-01 +5.8449e-01 +1.0296e-03 +7.9873e-02 +3.1451e-01 -7.5774e-01 +4.5255e-01
21 0 +1.431215626e+03 +1.286255626e+03 +1.286255626e+03 +4.5912e-01 -3.7075e-01 +5.0895e-02 +4.8086e-01 -2.1472e-01 -5.1033e-02 +1.3921e-01 +4.6506e-01 -1.2032e+00 +5.7836e-01
31 0 +1.185853680e+03 +1.040893680e+03 +1.040893680e+03 +4.8902e-01 +6.0901e-01 +1.9243e-01 +4.8604e-01 -6.6661e-03 -3.4626e-01 -1.9377e-01 +6.6190e-01 -9.2187e-01 +6.0194e-01
34 0 +1.067994293e+03 +9.230342934e+02 +9.230342934e+02 +9.2094e-01 -3.3945e-01 +2.7274e-01 +8.4800e-01 -1.9461e-01 -3.9421e-01 -8.2750e-02 +8.3787e-01 -1.0795e+00 +8.6965e-01
39 0 +7.865785082e+02 +6.416185082e+02 +6.416185082e+02 +6.5189e-01 -4.1208e-01 +4.7826e-01 +5.6361e-01 -1.8803e-01 +2.4940e-01 +2.0623e-01 +1.0481e+00 -7.3744e-01 +1.1085e+00
41 0 +3.105804961e+02 +1.656204961e+02 +1.656204961e+02 +9.8500e-01 -7.0152e-01 +7.8040e-01 +8.4889e-01 -8.1510e-01 +5.5918e-01 -2.0500e-01 +8.3898e-01 -1.4497e+00 +7.4896e-01
45 0 +5.648230291e+00 -1.393117697e+02 -1.393117697e+02 +6.8367e-01 -4.7284e-01 +9.3953e-01 +1.6423e-01 -3.1435e-01 +5.9660e-01 -6.5609e-01 +9.5499e-01 -1.6667e+00 +7.3586e-01
56 0 +4.157160632e+00 -1.408028394e+02 -1.408028394e+02 +4.6321e-01 -6.5340e-01 +3.6369e-01 +2.7224e-02 -5.6997e-01 +4.1764e-01 -7.7833e-01 +1.5605e+00 -1.9489e+00 +1.1194e+00
82 0 +4.068457320e+00 -1.408915427e+02 -1.408915427e+02 +6.2557e-01 -1.6351e+00 -1.5271e-01 -6.5880e-01 -4.6520e-01 +1.5620e+00 -1.2299e+00 +1.2493e+00 -1.5232e+00 +8.8079e-01
92 0 +3.516155398e+00 -1.414438446e+02 -1.414438446e+02 +9.8361e-01 -2.1769e+00 -3.7332e-01 -4.0192e-01 -4.8257e-01 +6.1621e-01 -3.3612e-01 +2.5082e+00 -6.6580e-01 +1.4181e+00
194 0 +3.312315427e+00 -1.416476846e+02 -1.416476846e+02 +7.0877e-01 +3.9028e-01 -1.8236e+00 -2.5283e-01 -1.0518e+00 +3.2076e-01 -2.3762e+00 +1.6789e+00 -1.6353e+00 +2.2009e+00
281 0 +3.289425618e+00 -1.416705744e+02 -1.416705744e+02 +1.6139e+00 -1.2921e+00 -1.3864e+00 -1.3362e-01 -4.3315e-01 +6.7100e-01 -1.6826e+00 +1.1939e+00 -1.9153e+00 +1.6160e+00
360 0 +2.996952566e+00 -1.419630474e+02 -1.419630474e+02 +1.6414e+00 -1.1503e+00 -1.5551e+00 -8.6951e-01 -8.4398e-01 +5.0700e-01 -1.9213e+00 +1.6537e+00 -1.2520e+00 +1.9364e+00
404 0 +2.715687198e+00 -1.422443128e+02 -1.422443128e+02 +1.4937e+00 -1.4583e+00 -1.4534e+00 -5.9713e-01 -3.0082e-01 +6.3895e-01 -1.8966e+00 +1.1295e+00 -1.3530e+00 +1.9556e+00
459 0 +2.577028231e+00 -1.423829718e+02 -1.423829718e+02 +1.3401e+00 -1.2809e+00 -1.3903e+00 -4.8404e-01 -4.1442e-01 +5.8586e-01 -1.9599e+00 +1.0248e+00 -1.0459e+00 +1.5079e+00
493 0 +2.544308648e+00 -1.424156914e+02 -1.424156914e+02 +1.4025e+00 -1.3374e+00 -1.4904e+00 -4.2195e-01 -2.5682e-01 +6.7345e-01 -1.9939e+00 +1.0389e+00 -1.1242e+00 +1.4856e+00
503 0 +2.456904423e+00 -1.425030956e+02 -1.425030956e+02 +1.4399e+00 -1.3205e+00 -1.4177e+00 -4.6052e-01 -3.5803e-01 +6.2596e-01 -1.9371e+00 +1.1194e+00 -1.0635e+00 +1.5009e+00
511 0 +2.390627434e+00 -1.425693726e+02 -1.425693726e+02 +1.4717e+00 -1.3674e+00 -1.4179e+00 -4.1816e-01 -3.4341e-01 +6.6181e-01 -1.9179e+00 +1.0982e+00 -1.0269e+00 +1.5257e+00
543 0 +2.303451528e+00 -1.426565485e+02 -1.426565485e+02 +1.4882e+00 -1.4138e+00 -1.4466e+00 -4.3153e-01 -3.1673e-01 +6.7329e-01 -1.9713e+00 +1.0640e+00 -1.0330e+00 +1.5264e+00
548 0 +2.239631811e+00 -1.427203682e+02 -1.427203682e+02 +1.4926e+00 -1.3923e+00 -1.4437e+00 -4.1296e-01 -3.2542e-01 +6.4719e-01 -1.9324e+00 +1.0507e+00 -1.0588e+00 +1.5219e+00
587 0 +2.237713686e+00 -1.427222863e+02 -1.427222863e+02 +1.4835e+00 -1.4518e+00 -1.4274e+00 -4.2014e-01 -3.3740e-01 +6.4379e-01 -1.9383e+00 +1.0037e+00 -1.0557e+00 +1.5173e+00
618 0 +2.180393388e+00 -1.427796066e+02 -1.427796066e+02 +1.4895e+00 -1.4366e+00 -1.4444e+00 -3.9132e-01 -3.5707e-01 +6.4185e-01 -1.9555e+00 +1.0242e+00 -1.0554e+00 +1.5031e+00
1000 0 +2.152164465e+00 -1.428078355e+02 -1.428078355e+02 +1.5065e+00 -1.4436e+00 -1.4339e+00 -4.1130e-01 -3.6105e-01 +6.3261e-01 -1.9682e+00 +1.0248e+00 -1.0742e+00 +1.4998e+00
% f evaluations | g evaluations | best noise-free fitness - Fopt (-6.300000000000e+00) + sum g_i+ | measured fitness | best measured fitness or single-digit g-values | x1 | x2...
1 0 +8.333465941e+03 +8.327165941e+03 +8.327165941e+03 -1.0487e-01 +2.0941e-01 -3.1397e-01 +4.0932e-01 -6.7319e-01 +1.5645e-01 +3.0338e-01 -2.4151e-01 +8.8160e-03 +3.4457e-02
5 0 +5.269852418e+03 +5.263552418e+03 +5.263552418e+03 -6.0409e-02 -1.6643e-01 +1.0185e-01 -2.0878e-01 +1.0519e-02 +8.1690e-02 +1.1366e-01 -4.5264e-02 +4.9917e-01 +1.7270e-01
20 0 +4.844329133e+03 +4.838029133e+03 +4.838029133e+03 -2.8335e-01 -1.2485e-01 +2.2175e-01 +1.0167e-01 -2.6377e-01 +1.4746e-01 +8.2316e-02 +1.6698e-01 +5.1279e-01 +4.0746e-01
21 0 +3.963576419e+03 +3.957276419e+03 +3.957276419e+03 +7.8689e-02 -5.0198e-01 -1.4120e-01 -3.0423e-01 -2.8608e-01 -1.3107e-01 -3.3571e-01 -1.9746e-01 +2.1894e-01 +8.6641e-01
22 0 +2.167443877e+03 +2.161143877e+03 +2.161143877e+03 -6.3270e-02 +1.7793e-01 +3.9279e-02 -1.4439e-01 -1.9935e-01 +1.3117e-01 -8.9120e-02 -4.7906e-01 +6.3510e-01 +5.1978e-01
31 0 +1.690392290e+03 +1.684092290e+03 +1.684092290e+03 +3.8372e-01 +1.4421e-01 -7.8591e-03 +8.2106e-02 -3.5738e-01 -7.0645e-02 +3.6358e-02 -6.7226e-01 +6.7669e-01 +4.4405e-01
32 0 +1.110241566e+03 +1.103941566e+03 +1.103941566e+03 +1.7026e-01 +1.5709e-01 +2.4439e-01 -4.2223e-01 -2.7616e-02 +1.3813e-02 +3.2309e-01 -9.4743e-02 +7.0283e-01 +9.7231e-01
35 0 +7.904672950e+02 +7.841672950e+02 +7.841672950e+02 -1.1938e-01 +2.3832e-01 -2.9832e-01 -1.5252e-02 -7.5463e-01 -1.1232e-03 +3.5266e-01 -5.8257e-01 +5.0064e-01 +7.3473e-01
42 0 +3.702358622e+02 +3.639358622e+02 +3.639358622e+02 -5.1133e-01 +1.8890e-01 +2.4325e-02 +6.8908e-02 -3.0379e-01 +9.6989e-02 +1.6980e-01 -8.9374e-01 +6.0233e-01 +1.1118e+00
52 0 +1.315934042e+02 +1.252934042e+02 +1.252934042e+02 +3.0655e-01 +1.7639e-01 -6.3022e-01 +1.1961e-01 -1.2937e+00 -1.8424e-02 +2.2751e-01 -7.4989e-01 +9.5324e-01 +1.1837e+00
61 0 +4.445432267e+00 -1.854567733e+00 -1.854567733e+00 +2.7380e-02 +5.2548e-01 -2.9864e-01 +1.0018e-01 -1.2510e+00 -1.2928e-01 +6.9249e-01 -1.6897e+00 +9.7470e-01 +1.4507e+00
93 0 +3.396887241e+00 -2.903112759e+00 -2.903112759e+00 -8.8430e-01 +2.3143e-01 +1.9675e-01 +4.7041e-01 -1.1726e+00 -4.7754e-01 +6.7734e-01 -9.9622e-01 +1.4141e+00 +1.6116e+00
98 0 +2.912629587e+00 -3.387370413e+00 -3.387370413e+00 -6.2265e-01 -3.4350e-01 +1.7185e-01 +1.0093e+00 -2.2301e+00 -7.6537e-01 +6.6763e-01 -9.3228e-01 +1.1242e+00 +1.9772e+00
200 0 +2.333390304e+00 -3.966609696e+00 -3.966609696e+00 +8.2174e-01 -9.9203e-02 +1.5123e-01 +2.3055e-01 -9.4158e-01 -5.4393e-01 +1.9355e+00 -1.0155e+00 +1.0927e+00 +1.2487e+00
387 0 +2.148548510e+00 -4.151451490e+00 -4.151451490e+00 +1.0250e+00 +7.1440e-01 -7.4151e-02 +2.3931e-01 -3.7054e-01 -5.7666e-01 +2.1075e+00 -1.0011e+00 +1.0522e+00 +1.2019e+00
408 0 +1.990575707e+00 -4.309424293e+00 -4.309424293e+00 +1.1121e+00 +7.9385e-01 -4.3686e-02 +2.3822e-01 -3.2780e-01 -6.8400e-01 +1.9793e+00 -1.1876e+00 +9.9920e-01 +1.2409e+00
455 0 +1.821211322e+00 -4.478788678e+00 -4.478788678e+00 +1.0976e+00 +7.8213e-01 -4.2139e-02 +1.7298e-01 -3.9505e-01 -6.3764e-01 +1.9240e+00 -1.2113e+00 +1.0081e+00 +1.2561e+00
515 0 +1.813136386e+00 -4.486863614e+00 -4.486863614e+00 +1.0893e+00 +8.0340e-01 -8.0196e-02 +1.6539e-01 -4.1800e-01 -6.3451e-01 +1.9629e+00 -1.1387e+00 +1.0435e+00 +1.2111e+00
528 0 +1.728176302e+00 -4.571823698e+00 -4.571823698e+00 +1.0769e+00 +8.1725e-01 -4.8753e-02 +1.6076e-01 -4.1639e-01 -6.4596e-01 +1.9880e+00 -1.1958e+00 +1.0417e+00 +1.2296e+00
593 0 +1.694512324e+00 -4.605487676e+00 -4.605487676e+00 +1.0804e+00 +8.2876e-01 -7.1032e-02 +1.6048e-01 -4.2797e-01 -6.2654e-01 +1.9746e+00 -1.2217e+00 +1.0337e+00 +1.2301e+00
911 0 +1.659460162e+00 -4.640539838e+00 -4.640539838e+00 +1.0254e+00 +8.1560e-01 -3.7514e-02 +1.5511e-01 -4.2093e-01 -6.2124e-01 +1.9715e+00 -1.2265e+00 +1.0262e+00 +1.2313e+00
1000 0 +1.658609401e+00 -4.641390599e+00 -4.641390599e+00 +1.0204e+00 +8.0889e-01 -3.5432e-02 +1.5551e-01 -4.2276e-01 -6.1918e-01 +1.9701e+00 -1.2265e+00 +1.0241e+00 +1.2311e+00
% f evaluations | g evaluations | best noise-free fitness - Fopt (-1.367600000000e+02) + sum g_i+ | measured fitness | best measured fitness or single-digit g-values | x1 | x2...
1 0 +1.782929966e+04 +1.769253966e+04 +1.769253966e+04 +8.9189e-02 -4.1211e-01 -7.0772e-02 -2.8999e-01 +4.1556e-01 -3.3208e-03 +2.4609e-02 -2.4924e-01 -5.4984e-01 -7.8643e-03
3 0 +8.222758016e+03 +8.085998016e+03 +8.085998016e+03 -8.8189e-02 +1.1833e-01 -2.0981e-01 +1.0316e-01 -2.0895e-01 +9.2256e-02 -4.4774e-01 +3.5183e-01 +1.9466e-01 +1.5136e-01
8 0 +7.287284250e+03 +7.150524250e+03 +7.150524250e+03 -1.5548e-02 +1.0671e-01 +1.4144e-01 -3.3343e-01 +6.3589e-01 -1.3204e-01 +1.8399e-01 +5.4205e-01 +7.2007e-03 -2.6470e-01
10 0 +6.332039428e+03 +6.195279428e+03 +6.195279428e+03 +2.7685e-01 +2.3399e-01 +5.4045e-01 -8.4233e-02 +1.1868e-01 +2.7466e-01 +6.1401e-02 +4.4425e-01 +1.8474e-01 -1.0332e-01
11 0 +4.162548426e+03 +4.025788426e+03 +4.025788426e+03 -6.0602e-01 +1.9995e-01 +1.6740e-01 -9.5255e-02 +6.1255e-01 -2.9220e-02 -1.0707e-01 +5.8479e-01 +8.0357e-02 -5.2493e-01
22 0 +2.868918495e+03 +2.732158495e+03 +2.732158495e+03 -5.1319e-01 +3.8781e-01 +2.9563e-01 -2.2734e-01 +6.6545e-01 +3.0500e-01 -1.8174e-01 +8.0715e-01 +2.2391e-01 -5.2164e-01
31 0 +9.136377060e+02 +7.768777060e+02 +7.768777060e+02 -5.8233e-01 +6.7114e-01 +1.1021e-01 -3.7886e-01 +4.1162e-01 +7.2572e-01 +1.5212e-01 +9.3464e-01 +6.7510e-01 -7.1624e-01
40 0 +5.951986644e+02 +4.584386644e+02 +4.584386644e+02 -6.9553e-02 +1.6463e-01 +3.1952e-01 +3.2921e-03 +3.3753e-01 +2.2346e-01 -7.5247e-02 +7.2749e-01 +6.1833e-01 -7.9762e-01
44 0 +3.536335410e+02 +2.168735410e+02 +2.168735410e+02 -3.0107e-01 +6.1199e-02 -4.4900e-02 +3.8577e-01 +5.2340e-02 +2.6675e-01 -1.6918e-02 +1.2055e+00 +1.1735e+00 -7.8583e-01
58 0 +2.356050817e+02 +9.884508167e+01 +9.884508167e+01 -2.0889e-01 +1.5712e-01 +2.9738e-01 -2.4386e-01 +1.8368e-01 +1.0481e-01 -8.1136e-01 +1.0273e+00 +1.1761e+00 -6.6408e-01
59 0 +5.300874364e+00 -1.314591256e+02 -1.314591256e+02 -1.4258e-01 -2.4662e-02 -3.9142e-01 +4.1274e-01 -1.2766e-01 +4.7913e-01 -7.4948e-01 +1.6905e+00 +1.1362e+00 -1.0065e+00
68 0 +5.054007208e+00 -1.317059928e+02 -1.317059928e+02 -6.0611e-03 -2.1215e-01 +8.2281e-01 +2.1307e-01 -5.9326e-02 +7.7880e-01 -5.9243e-01 +1.4411e+00 +8.0165e-01 -1.1932e+00
73 0 +3.896932668e+00 -1.328630673e+02 -1.328630673e+02 +7.0700e-02 +3.0351e-01 -7.0458e-01 -1.1197e-01 -5.1873e-01 +1.0883e+00 -1.2011e+00 +1.4763e+00 +1.2703e+00 -1.0149e+00
86 0 +3.464163928e+00 -1.332958361e+02 -1.332958361e+02 +2.5260e-01 +7.9124e-01 +5.7914e-01 +5.3877e-01 -4.5111e-01 +7.4499e-01 -7.4201e-01 +1.5250e+00 +1.9003e+00 -1.0185e+00
164 0 +3.131278792e+00 -1.336287212e+02 -1.336287212e+02 -8.1442e-01 +2.0129e-01 -1.3549e+00 -1.1290e-01 -2.0120e+00 +1.0505e+00 -7.4837e-01 +2.3680e+00 +1.3546e+00 -8.7220e-01
221 0 +3.039820981e+00 -1.337201790e+02 -1.337201790e+02 +3.0752e-02 -1.6107e-01 -1.7690e+00 +4.2847e-01 -1.2972e+00 +1.3506e+00 -1.1294e+00 +2.3213e+00 +2.1385e+00 -2.0365e+00
344 0 +2.993128972e+00 -1.337668710e+02 -1.337668710e+02 -6.8617e-01 -3.0680e-01 -1.6683e+00 +2.9311e-01 -1.6604e+00 +7.6135e-01 -7.0020e-01 +2.0993e+00 +2.0925e+00 -1.8020e+00
391 0 +2.909459061e+00 -1.338505409e+02 -1.338505409e+02 -4.1225e-01 -1.3396e-01 -1.7967e+00 +2.1596e-01 -1.7475e+00 +6.8114e-01 -7.9798e-01 +1.9323e+00 +2.1268e+00 -2.0970e+00
405 0 +2.699562819e+00 -1.340604372e+02 -1.340604372e+02 -6.5029e-01 -1.5712e-01 -1.8441e+00 +4.2435e-01 -1.8308e+00 +6.4052e-01 -7.9372e-01 +1.9255e+00 +2.1506e+00 -2.0647e+00
443 0 +2.529169963e+00 -1.342308300e+02 -1.342308300e+02 -7.1717e-01 -2.0871e-01 -1.6949e+00 +3.7233e-01 -1.4503e+00 +3.8215e-01 -8.4892e-01 +1.8948e+00 +2.2110e+00 -2.1131e+00
474 0 +2.493838187e+00 -1.342661618e+02 -1.342661618e+02 -6.9476e-01 -2.0082e-01 -1.6880e+00 +3.4697e-01 -1.4971e+00 +3.8680e-01 -8.6509e-01 +1.8903e+00 +2.1520e+00 -2.1445e+00
522 0 +2.451618919e+00 -1.343083811e+02 -1.343083811e+02 -6.8793e-01 -1.6713e-01 -1.6965e+00 +2.8964e-01 -1.6171e+00 +2.8608e-01 -8.9778e-01 +1.9522e+00 +2.1546e+00 -2.0696e+00
527 0 +2.394779961e+00 -1.343652200e+02 -1.343652200e+02 -5.9257e-01 -2.2891e-01 -1.6840e+00 +2.4637e-01 -1.5994e+00 +3.2676e-01 -9.1095e-01 +1.9897e+00 +2.1078e+00 -2.0824e+00
554 0 +2.327700173e+00 -1.344322998e+02 -1.344322998e+02 -6.2534e-01 -2.2082e-01 -1.7019e+00 +2.5995e-01 -1.5365e+00 +2.9087e-01 -8.8931e-01 +1.9876e+00 +2.1225e+00 -2.0564e+00
559 0 +2.158315768e+00 -1.346016842e+02 -1.346016842e+02 -5.9701e-01 -2.9052e-01 -1.7249e+00 +2.1994e-01 -1.5534e+00 +3.4942e-01 -8.8114e-01 +1.9789e+00 +2.1253e+00 -2.0883e+00
585 0 +2.130481502e+00 -1.346295185e+02 -1.346295185e+02 -6.0629e-01 -3.0933e-01 -1.6911e+00 +2.6436e-01 -1.5491e+00 +3.1244e-01 -8.9424e-01 +1.9601e+00 +2.1065e+00 -2.1117e+00
604 0 +2.077269526e+00 -1.346827305e+02 -1.346827305e+02 -6.1350e-01 -3.0294e-01 -1.6861e+00 +2.7893e-01 -1.5259e+00 +3.2346e-01 -8.8727e-01 +1.9649e+00 +2.1220e+00 -2.1217e+00
628 0 +2.022688703e+00 -1.347373113e+02 -1.347373113e+02 -6.1327e-01 -3.4918e-01 -1.7037e+00 +2.9939e-01 -1.5050e+00 +3.4068e-01 -8.6722e-01 +1.9653e+00 +2.1109e+00 -2.1314e+00
631 0 +1.971044704e+00 -1.347889553e+02 -1.347889553e+02 -6.1627e-01 -3.4559e-01 -1.7006e+00 +3.0671e-01 -1.4767e+00 +3.5330e-01 -8.6721e-01 +1.9635e+00 +2.1181e+00 -2.1121e+00
701 0 +1.938701778e+00 -1.348212982e+02 -1.348212982e+02 -6.1511e-01 -3.4534e-01 -1.7212e+00 +3.2547e-01 -1.4975e+00 +3.4786e-01 -8.5883e-01 +1.9663e+00 +2.1320e+00 -2.1034e+00
1000 0 +1.915000003e+00 -1.348450000e+02 -1.348450000e+02 -6.1939e-01 -3.8475e-01 -1.6944e+00 +3.4841e-01 -1.4785e+00 +3.5165e-01 -8.6463e-01 +1.9717e+00 +2.1380e+00 -2.0968e+00
% f evaluations | g evaluations | best noise-free fitness - Fopt (3.667500000000e+02) + sum g_i+ | measured fitness | best measured fitness or single-digit g-values | x1 | x2...
1 0 +7.194668340e+03 +7.561418340e+03 +7.561418340e+03 -1.3649e-03 -3.9339e-01 -3.5657e-01 -1.0901e-01 +6.2716e-01 -2.2701e-01 -1.6202e-01 +3.0146e-01 +7.4523e-02 +3.2737e-01
12 0 +6.575573365e+03 +6.942323365e+03 +6.942323365e+03 -7.5763e-01 -2.5498e-02 +1.1501e-01 -2.6336e-01 +2.0475e-01 -4.8823e-01 -8.4805e-02 +3.3771e-01 +2.6592e-01 +6.1277e-01
20 0 +6.151590793e+03 +6.518340793e+03 +6.518340793e+03 -2.8381e-01 +1.8607e-02 +3.3646e-01 +2.1899e-01 -4.4202e-01 -2.6982e-01 -1.0357e-01 +1.4755e-01 -3.7346e-01 +1.3153e-01
22 0 +5.887952937e+03 +6.254702937e+03 +6.254702937e+03 -2.8494e-01 -2.4995e-01 +1.1166e-01 +4.3172e-01 -1.4460e-01 -3.1279e-01 -3.4298e-01 +4.2811e-04 -5.1370e-01 +2.5918e-01
24 0 +2.818352466e+03 +3.185102466e+03 +3.185102466e+03 -7.3873e-01 -6.3599e-02 +1.2871e-01 -1.6150e-01 -3.0992e-01 -5.1388e-01 -9.6239e-02 +3.8892e-01 -1.5533e-01 +8.2567e-01
36 0 +2.345138707e+03 +2.711888707e+03 +2.711888707e+03 -7.5563e-01 -4.1330e-01 +4.8643e-01 +2.6053e-01 +3.4872e-02 -6.9738e-01 -3.6396e-02 +2.2034e-01 -3.1026e-01 +8.4583e-01
43 0 +9.584642144e+02 +1.325214214e+03 +1.325214214e+03 -8.1398e-01 -6.5190e-01 +2.7860e-02 -1.6796e-01 +1.9779e-01 -7.6505e-01 -2.4191e-01 +8.0890e-01 -4.1365e-01 +1.1310e+00
57 0 +2.554917485e+02 +6.222417485e+02 +6.222417485e+02 -1.4962e+00 -4.2421e-02 +4.8862e-01 -1.3753e-01 -1.0494e-01 -7.6292e-01 -6.4601e-02 +9.9211e-01 -9.7911e-01 +9.5589e-01
72 0 +5.473894265e+00 +3.722238943e+02 +3.722238943e+02 -1.3241e+00 -2.6496e-01 +1.2876e+00 -5.1591e-01 +2.8929e-01 -6.5726e-01 +5.0038e-01 +8.5989e-01 -1.0306e+00 +1.7304e+00
81 0 +4.964198828e+00 +3.717141988e+02 +3.717141988e+02 -3.5239e-01 -9.0153e-01 +1.3742e+00 -2.6395e-01 +4.3598e-01 -1.5494e+00 +2.1703e-01 +2.0103e+00 -4.5371e-01 +1.9875e+00
106 0 +3.104800134e+00 +3.698548001e+02 +3.698548001e+02 -7.2727e-01 -9.6240e-01 +2.4996e+00 -3.0316e-01 +4.2393e-01 -1.2387e+00 +1.0526e+00 +9.3112e-01 -1.0718e+00 +1.6723e+00
341 0 +2.879482369e+00 +3.696294824e+02 +3.696294824e+02 -9.4796e-01 -1.5450e+00 +2.4452e+00 -4.3661e-01 +2.2616e+00 -1.9696e+00 +1.3358e+00 +1.8805e+00 -1.1217e+00 +2.0059e+00
375 0 +2.794380269e+00 +3.695443803e+02 +3.695443803e+02 -7.8378e-01 -1.4707e+00 +2.2241e+00 -4.5305e-01 +2.0664e+00 -2.0203e+00 +1.4302e+00 +1.7861e+00 -1.1406e+00 +1.7852e+00
405 0 +2.561441366e+00 +3.693114414e+02 +3.693114414e+02 -1.0776e+00 -1.4350e+00 +2.1788e+00 -3.1016e-01 +2.0870e+00 -1.9940e+00 +1.3411e+00 +1.8686e+00 -9.5835e-01 +1.7865e+00
434 0 +2.444386849e+00 +3.691943868e+02 +3.691943868e+02 -9.8662e-01 -1.3032e+00 +2.2111e+00 -2.3209e-01 +2.0991e+00 -2.0493e+00 +1.2426e+00 +1.9120e+00 -8.5103e-01 +1.7226e+00
449 0 +2.159788006e+00 +3.689097880e+02 +3.689097880e+02 -9.8642e-01 -1.4413e+00 +2.1201e+00 -3.4477e-01 +2.0793e+00 -2.1788e+00 +1.2302e+00 +1.8377e+00 -8.6316e-01 +1.8544e+00
476 0 +2.114732167e+00 +3.688647322e+02 +3.688647322e+02 -1.0014e+00 -1.4824e+00 +2.1733e+00 -2.4056e-01 +2.0734e+00 -2.1306e+00 +1.2725e+00 +1.8659e+00 -8.4904e-01 +1.8452e+00
520 0 +2.067932374e+00 +3.688179324e+02 +3.688179324e+02 -9.7217e-01 -1.5341e+00 +2.1564e+00 -3.1039e-01 +2.0752e+00 -2.1374e+00 +1.3041e+00 +1.8427e+00 -8.7163e-01 +1.8686e+00
533 0 +2.020545448e+00 +3.687705454e+02 +3.687705454e+02 -9.7696e-01 -1.4395e+00 +2.1803e+00 -3.7536e-01 +2.1167e+00 -2.0772e+00 +1.2753e+00 +1.8483e+00 -8.3034e-01 +1.8421e+00
535 0 +1.976961820e+00 +3.687269618e+02 +3.687269618e+02 -9.2869e-01 -1.4378e+00 +2.2039e+00 -3.4772e-01 +2.0841e+00 -2.1065e+00 +1.3010e+00 +1.8783e+00 -8.3290e-01 +1.8771e+00
543 0 +1.919048942e+00 +3.686690489e+02 +3.686690489e+02 -9.6331e-01 -1.4445e+00 +2.2043e+00 -3.7468e-01 +2.0756e+00 -2.0931e+00 +1.2465e+00 +1.8601e+00 -8.6013e-01 +1.8647e+00
560 0 +1.903412964e+00 +3.686534130e+02 +3.686534130e+02 -9.7739e-01 -1.4904e+00 +2.2256e+00 -3.5767e-01 +2.1166e+00 -2.1063e+00 +1.2689e+00 +1.8674e+00 -8.6114e-01 +1.8500e+00
597 0 +1.854979122e+00 +3.686049791e+02 +3.686049791e+02 -9.5187e-01 -1.4460e+00 +2.2401e+00 -3.8883e-01 +2.0794e+00 -2.0896e+00 +1.2854e+00 +1.8672e+00 -8.6471e-01 +1.8526e+00
774 0 +1.819234993e+00 +3.685692350e+02 +3.685692350e+02 -1.0089e+00 -1.4282e+00 +2.2639e+00 -3.9260e-01 +2.0803e+00 -2.1163e+00 +1.2809e+00 +1.8665e+00 -8.6361e-01 +1.8544e+00
1000 0 +1.816257208e+00 +3.685662572e+02 +3.685662572e+02 -1.0186e+00 -1.4188e+00 +2.2743e+00 -4.0021e-01 +2.0797e+00 -2.1117e+00 +1.2785e+00 +1.8678e+00 -8.6425e-01 +1.8527e+00
% f evaluations | g evaluations | best noise-free fitness - Fopt (-2.486900000000e+02) + sum g_i+ | measured fitness | best measured fitness or single-digit g-values | x1 | x2...
1 0 +1.728268140e+04 +1.703399140e+04 +1.703399140e+04 -2.7103e-01 +2.7413e-01 -2.1522e-02 +3.5526e-02 -2.7205e-02 +2.7130e-01 -3.1842e-01 +2.2863e-01 +2.5373e-01 -3.5758e-01
2 0 +8.087240649e+03 +7.838550649e+03 +7.838550649e+03 +1.7262e-01 +1.7716e-01 -2.6148e-01 +3.6845e-01 -2.7870e-01 -8.5171e-02 -5.6587e-01 +2.3117e-01 -3.7942e-01 -3.7865e-02
5 0 +6.610292336e+03 +6.361602336e+03 +6.361602336e+03 +4.2239e-01 -1.2533e-01 +1.5630e-01 -2.8675e-01 +1.0577e-02 +3.2371e-01 -4.5412e-01 -1.4495e-01 -1.0697e-01 +1.6386e-01
15 0 +3.986504277e+03 +3.737814277e+03 +3.737814277e+03 -6.9917e-02 -2.2122e-01 +2.4244e-01 -6.2543e-02 -1.0236e-01 -1.7966e-01 -2.6264e-01 -3.5154e-01 -3.1140e-01 +3.2865e-01
23 0 +3.664283550e+03 +3.415593550e+03 +3.415593550e+03 -4.6117e-01 +6.8512e-03 -2.9419e-02 -4.8757e-02 -5.7562e-01 -5.7399e-02 -4.8296e-01 -2.2016e-01 -2.7374e-01 +4.0978e-01
31 0 +2.129721441e+03 +1.881031441e+03 +1.881031441e+03 -4.1215e-01 +2.2798e-01 -2.7100e-01 -4.5781e-02 -5.0398e-01 +2.6693e-02 -6.3272e-01 -4.4567e-02 -4.6736e-01 +6.5965e-01
43 0 +1.178201067e+03 +9.295110675e+02 +9.295110675e+02 -5.5703e-01 +5.6631e-02 +5.6865e-02 -3.6428e-01 -3.2606e-01 +2.4601e-01 -5.8313e-01 -1.2488e-01 -6.5813e-01 +7.0841e-01
44 0 +9.209246940e+02 +6.722346940e+02 +6.722346940e+02 -8.4091e-01 +1.1516e-01 -3.5389e-02 +8.0420e-02 -5.7990e-01 -1.6940e-02 -3.3723e-01 -4.0561e-01 -7.4832e-01 +5.8459e-01
46 0 +6.702264192e+02 +4.215364192e+02 +4.215364192e+02 -4.4695e-01 +2.6328e-02 +1.4685e-01 -5.4691e-01 -8.5992e-01 -1.3775e-01 -4.2393e-01 -5.7741e-01 -3.8708e-01 +1.0615e+00
52 0 +6.081616405e+02 +3.594716405e+02 +3.594716405e+02 -2.7525e-01 -3.1347e-01 +1.2243e-01 -6.6235e-01 -2.8051e-01 -3.2864e-01 -2.3991e-01 -6.4434e-01 -6.6327e-01 +1.2944e+00
53 0 +4.812287302e+02 +2.325387302e+02 +2.325387302e+02 -2.2479e-01 +9.3051e-02 +2.0147e-01 +3.0332e-02 -1.1853e+00 +9.3845e-02 -7.3909e-01 -5.6869e-01 -4.4214e-01 +1.0981e+00
55 0 +4.620027680e+02 +2.133127680e+02 +2.133127680e+02 -6.6826e-01 +2.7768e-01 +2.2106e-01 -5.5424e-01 -3.3759e-01 -1.1335e-02 -9.6473e-01 -7.1432e-01 -4.6475e-01 +9.0775e-01
56 0 +6.158641131e+01 -1.871035887e+02 -1.871035887e+02 -3.1528e-01 +3.7034e-01 +9.2311e-01 -3.9521e-01 -9.2418e-01 -1.2400e-01 -8.1515e-01 -8.3665e-01 -1.2114e+00 +7.6599e-01
68 0 +2.579665050e+01 -2.228933495e+02 -2.228933495e+02 -6.4688e-01 -3.6710e-01 +5.8577e-01 +3.5032e-01 -7.5837e-01 +1.9508e-01 -7.0728e-01 -4.7967e-01 -9.8577e-01 +9.3076e-01
73 0 +4.501647109e+00 -2.441883529e+02 -2.441883529e+02 -3.2534e-01 +5.8261e-02 +1.4553e+00 -5.1485e-01 -1.1775e+00 +4.8706e-01 -8.5963e-01 -1.2229e+00 -1.2154e+00 +1.1038e+00
81 0 +3.797684280e+00 -2.448923157e+02 -2.448923157e+02 -1.1828e+00 +1.2705e-01 +1.5502e+00 -8.2823e-01 -1.1089e+00 +3.1233e-01 -8.6135e-01 -9.6913e-01 -1.2840e+00 +1.3947e+00
101 0 +3.349938166e+00 -2.453400618e+02 -2.453400618e+02 -3.3676e-01 -5.3744e-01 +2.2577e+00 -3.7235e-01 -1.2654e+00 +3.7386e-01 -1.3476e+00 -1.6638e+00 -1.8195e+00 +1.0401e+00
159 0 +3.135543773e+00 -2.455544562e+02 -2.455544562e+02 -6.3770e-01 +5.3841e-01 +2.2493e+00 -1.0363e+00 -2.9540e+00 +1.9289e+00 -1.1677e+00 -1.2201e+00 -1.8585e+00 +1.6014e+00
237 0 +2.825415668e+00 -2.458645843e+02 -2.458645843e+02 -1.3601e+00 +7.5164e-02 +1.8035e+00 -2.2603e-01 -2.4792e+00 +9.6543e-01 -8.0433e-01 -1.2379e+00 -2.2932e+00 +1.1730e+00
290 0 +2.726466751e+00 -2.459635332e+02 -2.459635332e+02 -6.4337e-01 +4.5464e-01 +1.8922e+00 -3.3169e-01 -2.8195e+00 +1.3798e+00 -1.8645e+00 -1.5636e+00 -2.1373e+00 +1.2128e+00
373 0 +2.633411459e+00 -2.460565885e+02 -2.460565885e+02 -7.7124e-01 +4.4294e-01 +1.8665e+00 -2.4551e-01 -2.7469e+00 +9.2507e-01 -1.5513e+00 -1.7404e+00 -1.3764e+00 +1.1609e+00
434 0 +2.512512096e+00 -2.461774879e+02 -2.461774879e+02 -7.1799e-01 +4.3564e-01 +1.8395e+00 -2.4307e-01 -2.6658e+00 +1.0599e+00 -1.7357e+00 -1.7728e+00 -1.4164e+00 +1.1499e+00
452 0 +2.494244088e+00 -2.461957559e+02 -2.461957559e+02 -6.3967e-01 +3.9801e-01 +1.8088e+00 -2.0785e-01 -2.6442e+00 +9.8126e-01 -1.6198e+00 -1.7748e+00 -1.3712e+00 +1.1157e+00
466 0 +2.413783460e+00 -2.462762165e+02 -2.462762165e+02 -6.7651e-01 +4.0071e-01 +1.7921e+00 -2.6674e-01 -2.6555e+00 +9.7628e-01 -1.6136e+00 -1.7802e+00 -1.3811e+00 +1.1381e+00
477 0 +2.332956984e+00 -2.463570430e+02 -2.463570430e+02 -7.0931e-01 +4.3065e-01 +1.8205e+00 -2.7218e-01 -2.6619e+00 +1.0243e+00 -1.5736e+00 -1.7974e+00 -1.3774e+00 +1.1395e+00
512 0 +2.236983185e+00 -2.464530168e+02 -2.464530168e+02 -6.5818e-01 +4.2501e-01 +1.8862e+00 -3.2216e-01 -2.7434e+00 +9.8738e-01 -1.5520e+00 -1.7963e+00 -1.3808e+00 +1.1345e+00
1000 0 +2.191585849e+00 -2.464984142e+02 -2.464984142e+02 -6.1995e-01 +4.0039e-01 +1.8907e+00 -3.0679e-01 -2.7081e+00 +1.0184e+00 -1.5515e+00 -1.7987e+00 -1.3792e+00 +1.1424e+00
% f evaluations | g evaluations | best noise-free fitness - Fopt (-6.786000000000e+01) + sum g_i+ | measured fitness | best measured fitness or single-digit g-values | x1 | x2...
1 0 +1.049701671e+04 +1.042915671e+04 +1.042915671e+04 +1.8038e-01 +1.9735e-01 +9.6953e-02 +9.2300e-01 +6.6136e-02 -1.7797e-01 -2.4458e-02 +3.0781e-01 +1.5199e-02 -2.0146e-01
2 0 +1.033596294e+04 +1.026810294e+04 +1.026810294e+04 -3.7204e-02 -2.2577e-01 +2.4329e-01 -1.3653e-01 -1.4162e-01 -1.9540e-01 -4.1948e-01 -2.0204e-01 -7.4981e-03 -2.0668e-02
8 0 +7.408894322e+03 +7.341034322e+03 +7.341034322e+03 -3.1000e-01 -1.3806e-01 -2.4106e-02 -3.1921e-01 +8.1506e-01 -6.2556e-01 -1.1334e-01 -1.5303e-01 -6.2618e-01 +1.1462e-01
9 0 +6.052664977e+03 +5.984804977e+03 +5.984804977e+03 -2.5000e-01 -7.2380e-02 -1.5931e-01 -6.1777e-01 +3.1579e-01 -1.8815e-01 -1.8205e-01 +9.6328e-02 -4.0692e-01 -3.3883e-01
13 0 +5.798062692e+03 +5.730202692e+03 +5.730202692e+03 -3.8214e-01 -6.7538e-02 -4.1310e-01 -4.1803e-01 +3.1596e-01 -1.8586e-01 -6.6898e-02 -1.8336e-01 -8.2912e-02 -4.2010e-01
16 0 +3.483895786e+03 +3.416035786e+03 +3.416035786e+03 -2.4326e-01 -9.4761e-02 -1.4027e-01 -5.1109e-01 +2.6343e-01 -5.5026e-01 -1.6686e-01 +1.8804e-02 -5.2461e-01 -6.3361e-01
21 0 +2.935572703e+03 +2.867712703e+03 +2.867712703e+03 -5.8811e-02 +2.5516e-01 +3.2414e-01 -7.7096e-01 +1.7856e-01 -7.8515e-02 +1.5806e-01 -6.3671e-01 -1.0198e-01 -6.4489e-01
22 0 +2.464722642e+03 +2.396862642e+03 +2.396862642e+03 -3.2607e-01 -2.5896e-01 +1.0336e-01 +2.4081e-01 +3.8446e-01 -7.2775e-01 +1.0499e-01 -5.0140e-01 -3.2318e-01 -5.1096e-01
23 0 +1.603708603e+03 +1.535848603e+03 +1.535848603e+03 -5.8955e-01 -3.4481e-01 -2.1032e-01 -1.4611e-01 +2.8949e-01 -2.4331e-01 -1.9387e-01 -3.2415e-01 -6.1857e-01 -9.1026e-01
28 0 +7.701541409e+02 +7.022941409e+02 +7.022941409e+02 -1.6152e-01 -3.6710e-01 -2.1529e-01 -3.9958e-01 -1.8717e-02 -6.4360e-01 +2.1095e-01 -6.3871e-01 -1.1174e+00 -4.6795e-01
36 0 +3.393097531e+02 +2.714497531e+02 +2.714497531e+02 -1.1892e-01 +1.8300e-02 -8.1427e-02 -4.3973e-01 +3.5393e-01 -9.0141e-02 +3.1363e-01 -4.6823e-01 -1.2709e+00 -8.0733e-01
46 0 +1.276853917e+02 +5.982539174e+01 +5.982539174e+01 -3.9992e-01 -4.5035e-01 +8.5938e-01 -5.6387e-01 -7.1460e-03 +1.3953e-02 +3.2544e-01 -6.3001e-01 -1.3378e+00 -9.1867e-01
51 0 +6.039501723e+01 -7.464982766e+00 -7.464982766e+00 -3.7651e-01 -3.8980e-01 +2.9266e-01 -2.7930e-02 +2.2507e-02 -2.1733e-02 +7.1150e-01 -5.1968e-01 -1.2605e+00 -9.7646e-01
61 0 +5.739816803e+01 -1.046183197e+01 -1.046183197e+01 -1.7227e-01 -3.9413e-01 +5.3892e-01 +5.6299e-01 -4.0707e-01 -3.8365e-01 +1.1521e+00 -7.7241e-01 -1.2804e+00 -7.3899e-01
65 0 +5.173310311e+01 -1.612689689e+01 -1.612689689e+01 -8.5375e-01 -7.9032e-01 +2.1441e-01 -1.7573e-01 -4.2517e-02 -6.7432e-01 +1.0198e+00 -7.1418e-01 -1.2671e+00 -7.4893e-01
70 0 +3.063742291e+01 -3.722257709e+01 -3.722257709e+01 -8.6138e-01 +9.5701e-03 +1.6514e-01 -1.5445e-01 -6.0039e-01 +1.5371e-02 +9.5098e-01 -4.1884e-01 -1.8341e+00 -1.4170e+00
75 0 +1.346805903e+01 -5.439194097e+01 -5.439194097e+01 -1.0290e+00 -8.5960e-01 -4.1766e-01 +6.3254e-01 -1.1649e+00 -3.2260e-01 +3.4096e-01 -7.0375e-01 -1.2841e+00 -1.4111e+00
77 0 +5.526432125e+00 -6.233356788e+01 -6.233356788e+01 -7.2861e-01 -5.3239e-01 +5.1870e-01 -2.0291e-01 -7.7027e-01 -1.6730e-01 +6.9605e-01 -8.1490e-01 -1.5175e+00 -1.6409e+00
92 0 +3.491435621e+00 -6.436856438e+01 -6.436856438e+01 -1.5705e+00 -1.0511e+00 -8.6589e-02 +1.6501e-01 -1.4261e+00 +3.6049e-02 +9.9773e-01 -1.9136e+00 -1.5055e+00 -1.1616e+00
97 0 +3.374759688e+00 -6.448524031e+01 -6.448524031e+01 -1.3808e+00 -5.2156e-01 +6.2648e-02 +8.4238e-02 -1.8699e+00 +2.2449e-01 +8.7808e-01 -9.0482e-01 -1.7485e+00 -2.1521e+00
122 0 +3.169534809e+00 -6.469046519e+01 -6.469046519e+01 -1.1856e+00 -7.9398e-01 +1.8431e-01 +3.8300e-02 -1.6957e+00 -1.9785e-01 +4.9779e-01 -9.2520e-01 -2.0708e+00 -9.4777e-01
339 0 +3.144602987e+00 -6.471539701e+01 -6.471539701e+01 +1.8635e-01 -2.4852e-01 +1.3048e+00 -1.2275e-01 -2.5148e+00 -6.7566e-01 +7.2415e-01 -1.0657e+00 -1.1031e+00 -1.4494e+00
345 0 +2.929302860e+00 -6.493069714e+01 -6.493069714e+01 -5.9610e-01 -7.4605e-01 +6.3125e-01 -1.1383e-01 -2.5813e+00 -5.7107e-01 +8.0431e-01 -1.3463e+00 -1.3795e+00 -2.0056e+00
360 0 +2.722947802e+00 -6.513705220e+01 -6.513705220e+01 -3.0557e-01 -5.8455e-01 +5.9390e-01 +2.3450e-02 -2.6810e+00 -7.8591e-01 +7.2910e-01 -1.3571e+00 -1.6049e+00 -1.7218e+00
427 0 +2.644145535e+00 -6.521585447e+01 -6.521585447e+01 -5.6884e-01 -8.3642e-01 +7.7321e-01 -8.0560e-02 -2.6431e+00 -5.0324e-01 +8.6308e-01 -1.4585e+00 -1.4158e+00 -2.3060e+00
446 0 +2.560463238e+00 -6.529953676e+01 -6.529953676e+01 -8.3059e-01 -8.9449e-01 +6.6693e-01 -1.1930e-02 -2.7482e+00 -5.8008e-01 +8.5100e-01 -1.4848e+00 -1.6235e+00 -2.2433e+00
468 0 +2.351469972e+00 -6.550853003e+01 -6.550853003e+01 -8.6291e-01 -7.6791e-01 +6.6578e-01 -3.2840e-02 -2.6266e+00 -6.4763e-01 +7.9073e-01 -1.4349e+00 -1.4888e+00 -2.2684e+00
478 0 +2.336803186e+00 -6.552319681e+01 -6.552319681e+01 -9.3345e-01 -7.9972e-01 +7.0301e-01 -6.2202e-02 -2.7161e+00 -6.1868e-01 +7.1717e-01 -1.3198e+00 -1.4596e+00 -2.2607e+00
504 0 +2.269167596e+00 -6.559083240e+01 -6.559083240e+01 -9.5336e-01 -7.0188e-01 +6.4131e-01 -7.7965e-03 -2.6591e+00 -5.8561e-01 +7.8068e-01 -1.4398e+00 -1.5753e+00 -2.2519e+00
522 0 +2.143595018e+00 -6.571640498e+01 -6.571640498e+01 -9.7614e-01 -6.9568e-01 +5.8671e-01 +1.1351e-03 -2.6564e+00 -5.4392e-01 +8.0298e-01 -1.3082e+00 -1.4853e+00 -2.2154e+00
523 0 +2.085295616e+00 -6.577470438e+01 -6.577470438e+01 -1.0405e+00 -8.2517e-01 +6.4631e-01 -5.6098e-02 -2.6460e+00 -5.4845e-01 +8.0438e-01 -1.4017e+00 -1.6228e+00 -2.2318e+00
550 0 +1.935496959e+00 -6.592450304e+01 -6.592450304e+01 -1.0151e+00 -8.1657e-01 +6.6524e-01 -2.5733e-02 -2.6403e+00 -5.1133e-01 +8.0708e-01 -1.3188e+00 -1.5573e+00 -2.2548e+00
624 0 +1.900595054e+00 -6.595940495e+01 -6.595940495e+01 -1.0303e+00 -8.1034e-01 +7.0197e-01 +6.2195e-03 -2.6362e+00 -5.3344e-01 +8.1708e-01 -1.3122e+00 -1.5526e+00 -2.2614e+00
691 0 +1.860164792e+00 -6.599983521e+01 -6.599983521e+01 -1.0150e+00 -8.0871e-01 +7.2799e-01 -8.8195e-03 -2.6309e+00 -5.2542e-01 +8.1992e-01 -1.3074e+00 -1.5035e+00 -2.2601e+00
1000 0 +1.855677300e+00 -6.600432270e+01 -6.600432270e+01 -1.0188e+00 -8.0692e-01 +7.2017e-01 -1.3563e-02 -2.6345e+00 -5.3275e-01 +8.1874e-01 -1.3117e+00 -1.5001e+00 -2.2561e+00
% f evaluations | g evaluations | best noise-free fitness - Fopt (-2.329000000000e+01) + sum g_i+ | measured fitness | best measured fitness or single-digit g-values | x1 | x2...
1 0 +1.205661162e+04 +1.203332162e+04 +1.203332162e+04 +1.9748e-01 -3.0649e-01 -1.2055e-01 -3.4021e-01 -2.5797e-01 -1.6902e-01 +2.6357e-01 +6.9477e-02 +1.0397e-01 -1.8657e-01
3 0 +8.186798399e+03 +8.163508399e+03 +8.163508399e+03 -6.5526e-02 -5.3137e-01 -1.0992e-01 -1.0629e-01 -5.2867e-01 +1.4380e-01 +4.2550e-02 -2.6255e-02 -2.0032e-02 +2.9715e-01
15 0 +7.508647952e+03 +7.485357952e+03 +7.485357952e+03 -2.5076e-01 -2.8873e-01 +3.4667e-02 -7.7163e-02 +3.5891e-01 +2.4820e-01 -4.1465e-01 +1.2013e-03 +6.4777e-02 +1.7344e-01
16 0 +4.225699520e+03 +4.202409520e+03 +4.202409520e+03 +2.9480e-01 -5.9736e-01 +1.7811e-01 +4.1342e-01 +1.5679e-01 -2.0679e-03 -4.6232e-01 +2.3606e-01 +4.1096e-02 +5.8170e-01
22 0 +3.858591991e+03 +3.835301991e+03 +3.835301991e+03 +1.9204e-01 -7.5219e-01 +1.6740e-01 -2.6972e-01 +5.2068e-01 +7.6754e-02 -3.0229e-01 +1.6250e-01 -7.9958e-03 +9.5171e-01
32 0 +3.332606160e+03 +3.309316160e+03 +3.309316160e+03 +4.5891e-01 -9.8938e-01 +6.2543e-02 -3.8754e-01 -2.0837e-01 -4.8546e-01 -3.1806e-01 +6.1450e-01 +1.8911e-01 +5.4979e-01
33 0 +1.571957686e+03 +1.548667686e+03 +1.548667686e+03 -2.5824e-01 -1.3902e+00 +8.3641e-02 -4.7818e-02 +6.6258e-01 +7.2669e-02 -3.3329e-01 +8.7396e-01 +1.6092e-01 +1.2306e+00
38 0 +1.502802359e+03 +1.479512359e+03 +1.479512359e+03 +1.7430e-01 -8.5065e-01 -5.9332e-03 +2.3521e-01 +3.9575e-01 +3.1215e-02 -4.3673e-01 +6.8085e-01 +2.5549e-01 +8.2212e-01
48 0 +9.286358044e+02 +9.053458044e+02 +9.053458044e+02 +1.9022e-01 -8.2114e-01 -3.8355e-01 +4.1074e-01 +5.2739e-01 +3.8395e-01 -1.8588e-01 +1.3149e+00 +6.6435e-01 +6.3422e-01
53 0 +5.553495916e+02 +5.320595916e+02 +5.320595916e+02 +4.3999e-02 -1.4738e+00 -1.2399e-01 -2.0831e-01 +8.2510e-02 +8.6329e-02 -4.0589e-01 +1.5525e+00 +2.2844e-01 +9.4776e-01
55 0 +2.925202253e+02 +2.692302253e+02 +2.692302253e+02 +1.6209e-01 -1.2139e+00 +4.4466e-02 +9.1908e-02 +4.9423e-01 +3.4954e-02 -5.3276e-01 +1.3975e+00 +9.5044e-01 +9.4846e-01
58 0 +1.015568891e+02 +7.826688906e+01 +7.826688906e+01 +3.6524e-01 -6.1161e-01 -4.5127e-02 +3.9102e-01 +2.8916e-01 +1.4302e-01 -6.3832e-01 +1.1589e+00 +9.3890e-01 +1.2731e+00
66 0 +7.467421723e+00 -1.582257828e+01 -1.582257828e+01 -3.0678e-01 -1.1504e+00 -1.7950e-01 +5.2101e-01 -1.4138e-01 +2.2507e-01 -4.8949e-01 +1.5958e+00 +9.1524e-01 +1.5601e+00
106 0 +3.518174070e+00 -1.977182593e+01 -1.977182593e+01 -2.4828e-01 -4.0469e-01 +4.9151e-01 -1.4364e-01 -4.0052e-01 +4.5414e-01 -9.0039e-01 +1.0495e+00 +7.6508e-01 +1.0086e+00
125 0 +3.449656665e+00 -1.984034333e+01 -1.984034333e+01 -5.6953e-01 -5.3645e-01 +5.4444e-01 -1.3809e-01 -3.8979e-01 +6.5067e-01 -1.3245e+00 +8.7160e-01 +9.9154e-01 +1.0261e+00
169 0 +3.314386146e+00 -1.997561385e+01 -1.997561385e+01 -3.1069e-01 -4.1964e-01 +6.8424e-01 -4.1726e-01 -3.3633e-01 +6.4861e-01 -1.4446e+00 +1.6305e+00 +1.7958e+00 +1.6507e+00
235 0 +3.102041503e+00 -2.018795850e+01 -2.018795850e+01 +6.4678e-01 -8.1611e-01 +7.2036e-01 +2.4885e-01 -4.7173e-01 +5.9221e-01 -7.4635e-01 +1.0198e+00 +1.1933e+00 +1.1176e+00
236 0 +2.744892053e+00 -2.054510795e+01 -2.054510795e+01 +4.1949e-01 -5.4632e-01 +6.2372e-01 -3.5348e-02 -5.3488e-01 +6.2509e-01 -1.1501e+00 +1.3151e+00 +1.5602e+00 +1.1198e+00
313 0 +2.652862332e+00 -2.063713767e+01 -2.063713767e+01 +5.6984e-01 -6.2565e-01 +6.1130e-01 +7.9705e-02 -4.6517e-01 +5.6276e-01 -8.2380e-01 +1.2912e+00 +1.3230e+00 +1.6631e+00
343 0 +2.595097945e+00 -2.069490205e+01 -2.069490205e+01 +3.8553e-01 -7.6650e-01 +6.1808e-01 -5.1994e-02 -4.8739e-01 +5.7878e-01 -8.1756e-01 +1.3030e+00 +1.3955e+00 +1.5706e+00
369 0 +2.331940613e+00 -2.095805939e+01 -2.095805939e+01 +3.8662e-01 -6.6844e-01 +6.7275e-01 +6.7567e-03 -4.7693e-01 +5.6023e-01 -7.9004e-01 +1.2900e+00 +1.3631e+00 +1.7252e+00
467 0 +2.264929109e+00 -2.102507089e+01 -2.102507089e+01 +3.4822e-01 -6.2150e-01 +6.8212e-01 +9.2204e-03 -4.8037e-01 +6.0704e-01 -7.8441e-01 +1.3357e+00 +1.3133e+00 +1.6118e+00
570 0 +2.236281466e+00 -2.105371853e+01 -2.105371853e+01 +3.4015e-01 -6.2634e-01 +6.8203e-01 +8.8798e-03 -4.6067e-01 +6.1376e-01 -7.9488e-01 +1.3189e+00 +1.3139e+00 +1.5943e+00
1000 0 +2.230760033e+00 -2.105923997e+01 -2.105923997e+01 +3.2785e-01 -6.3403e-01 +6.7663e-01 +2.7140e-03 -4.6321e-01 +6.0704e-01 -8.0028e-01 +1.3164e+00 +1.3212e+00 +1.5942e+00
% f evaluations | g evaluations | best noise-free fitness - Fopt (-1.028000000000e+01) + sum g_i+ | measured fitness | best measured fitness or single-digit g-values | x1 | x2...
1 0 +7.265670161e+03 +7.255390161e+03 +7.255390161e+03 +1.7944e-01 -5.0558e-01 +1.6154e-01 -1.2610e-01 -5.4399e-02 -1.9141e-01 +6.0750e-02 +2.0686e-01 +2.3112e-01 -2.6674e-01
3 0 +6.938405270e+03 +6.928125270e+03 +6.928125270e+03 +2.5214e-01 +1.2090e-01 -5.9316e-01 +3.8323e-01 -5.6080e-02 +3.3569e-03 +1.1128e-01 +1.0142e-01 +2.8714e-01 -1.8104e-01
11 0 +6.836829822e+03 +6.826549822e+03 +6.826549822e+03 +1.4603e-01 -2.1217e-01 -3.0265e-01 +1.6915e-01 +1.4071e-01 -6.5344e-01 +1.3149e-01 +3.3322e-01 +6.5780e-01 -6.0762e-02
13 0 +6.650177106e+03 +6.639897106e+03 +6.639897106e+03 +3.3668e-01 -9.2094e-02 -3.6955e-01 +2.6940e-02 -4.6282e-02 +2.6928e-01 +2.6427e-02 -2.9920e-01 +1.3006e-01 -2.0797e-01
14 0 +6.312671782e+03 +6.302391782e+03 +6.302391782e+03 -2.8630e-01 +4.4766e-01 -7.6316e-01 +2.0420e-01 +1.0626e-01 -2.7717e-01 +7.9025e-01 -1.2540e-01 -2.8139e-02 -3.2527e-01
19 0 +5.840850284e+03 +5.830570284e+03 +5.830570284e+03 -1.2622e-01 -1.7039e-01 +6.1118e-01 +1.5051e-02 +7.0646e-02 -4.0722e-01 -1.2816e-02 -4.3603e-01 +2.7814e-01 -7.8803e-02
20 0 +4.655776623e+03 +4.645496623e+03 +4.645496623e+03 +3.4094e-01 -3.7026e-01 -4.5228e-01 -4.2209e-02 -2.5095e-01 -5.5448e-01 +5.1694e-02 -3.7304e-01 +3.7207e-01 -1.6645e-01
21 0 +4.501152038e+03 +4.490872038e+03 +4.490872038e+03 -1.0368e-01 +1.0349e-01 -4.8175e-01 +6.0424e-01 -4.0983e-02 -7.2651e-01 +1.6341e-02 -6.5470e-02 +6.5664e-01 -1.5959e-01
22 0 +3.806736780e+03 +3.796456780e+03 +3.796456780e+03 -2.2154e-01 +5.8307e-03 -3.2688e-01 -4.9638e-01 -2.2903e-01 -4.3491e-01 -7.6664e-02 -2.2608e-01 +4.9618e-01 -3.1911e-01
28 0 +3.631174631e+03 +3.620894631e+03 +3.620894631e+03 +2.9589e-01 -2.0503e-01 -5.0064e-01 +2.0633e-01 +1.4425e-01 -3.5536e-01 +3.8935e-01 -3.2291e-01 +3.7355e-01 -2.8845e-01
30 0 +1.524374192e+03 +1.514094192e+03 +1.514094192e+03 -1.7358e-01 -6.4607e-01 -4.7852e-02 +4.7033e-02 -2.8380e-01 -7.1799e-01 +2.6598e-01 -1.0045e-01 +5.3968e-01 -8.3041e-01
33 0 +7.306696918e+02 +7.203896918e+02 +7.203896918e+02 -5.0452e-01 -8.4702e-01 -1.6308e-01 +3.1320e-01 -1.1801e-01 -1.5044e-01 +2.0703e-01 -4.8345e-01 +4.7136e-01 -9.5346e-01
40 0 +2.348190316e+02 +2.245390316e+02 +2.245390316e+02 -7.0314e-01 -3.6670e-01 -4.8311e-01 -1.4202e-01 -5.1437e-01 -1.0575e+00 +2.8547e-01 -3.8698e-01 +9.0861e-01 -8.6565e-01
61 0 +1.709202189e+02 +1.606402189e+02 +1.606402189e+02 +1.1105e-01 -2.0331e-01 -5.6626e-02 +7.7066e-01 +2.3741e-01 -5.9298e-01 +6.6719e-01 -8.8677e-01 +1.0191e+00 -1.1505e+00
63 0 +1.009190166e+02 +9.063901664e+01 +9.063901664e+01 -2.0453e-01 -4.3084e-02 -1.2955e+00 +2.5712e-01 -4.7692e-01 -1.0413e+00 +4.9060e-01 -6.7875e-01 +1.2708e+00 -1.2889e+00
67 0 +6.247008730e+01 +5.219008730e+01 +5.219008730e+01 -6.9508e-01 -8.6635e-01 -4.3842e-01 -5.4567e-01 -5.3734e-01 -1.7515e+00 -5.0660e-02 -6.3848e-01 +1.5845e+00 -1.4305e+00
68 0 +1.472685894e+01 +4.446858942e+00 +4.446858942e+00 -3.3568e-01 -6.6367e-01 -5.6021e-01 +4.5352e-01 -5.4663e-01 -1.0227e+00 +6.1953e-01 -5.5019e-01 +9.5410e-01 -1.2608e+00
81 0 +4.583512497e+00 -5.696487503e+00 -5.696487503e+00 +7.5154e-01 -1.3102e+00 +5.6279e-01 +1.6280e-01 -2.8810e-01 -1.5679e+00 +1.6146e+00 -1.0554e+00 +1.5597e+00 -2.2422e+00
84 0 +4.477348495e+00 -5.802651505e+00 -5.802651505e+00 -1.2331e+00 -9.6586e-01 -4.4371e-02 -1.1035e+00 -4.7052e-01 -2.0144e+00 +3.8224e-01 -9.0964e-01 +8.5450e-01 -2.1144e+00
93 0 +4.316872433e+00 -5.963127567e+00 -5.963127567e+00 -1.4240e+00 -6.8462e-01 +1.1779e-01 -4.3143e-01 -8.1043e-01 -1.7601e+00 +1.2598e+00 -1.1870e+00 +1.5640e+00 -2.1005e+00
109 0 +3.836666743e+00 -6.443333257e+00 -6.443333257e+00 -1.4623e+00 -6.1086e-02 +5.9123e-01 -8.7058e-01 -8.4925e-01 -2.0851e+00 +1.6337e+00 -1.7743e+00 +6.8540e-01 -2.3677e+00
121 0 +3.398912639e+00 -6.881087361e+00 -6.881087361e+00 -1.5828e+00 +9.0094e-02 +8.2454e-01 -7.0332e-01 -3.2271e-01 -1.9732e+00 +1.5484e+00 -1.6004e+00 +1.4515e+00 -1.1984e+00
148 0 +3.364840579e+00 -6.915159421e+00 -6.915159421e+00 -9.5618e-01 +9.3938e-01 +2.3305e-01 -6.7668e-01 -1.9756e-01 -1.1353e+00 +2.0520e+00 -2.0944e+00 +8.8487e-01 -2.4655e+00
149 0 +3.232038926e+00 -7.047961074e+00 -7.047961074e+00 -1.7665e+00 +1.0409e-01 -8.6229e-02 -4.8966e-02 -4.0487e-01 -2.0152e+00 +1.5787e+00 -1.6494e+00 +1.2138e+00 -1.9145e+00
330 0 +3.071308479e+00 -7.208691521e+00 -7.208691521e+00 -1.5168e+00 +5.4422e-01 +5.1225e-01 -1.6850e-01 -3.7362e-01 -1.0648e+00 +1.3357e+00 -1.6325e+00 +1.8525e+00 -1.6342e+00
404 0 +2.849727782e+00 -7.430272218e+00 -7.430272218e+00 -1.5896e+00 +7.3689e-01 +5.8448e-01 -2.3087e-03 -4.3814e-01 -1.1777e+00 +1.1222e+00 -1.8964e+00 +1.5514e+00 -1.9000e+00
412 0 +2.766143073e+00 -7.513856927e+00 -7.513856927e+00 -1.4917e+00 +5.7456e-01 +4.8222e-01 -3.5031e-02 -4.0850e-01 -1.2453e+00 +1.0395e+00 -1.9303e+00 +1.5127e+00 -1.8560e+00
460 0 +2.740266520e+00 -7.539733480e+00 -7.539733480e+00 -1.5246e+00 +6.3152e-01 +6.5611e-01 +2.0634e-02 -4.2313e-01 -1.1463e+00 +1.0652e+00 -1.8917e+00 +1.5219e+00 -1.8521e+00
486 0 +2.654833651e+00 -7.625166349e+00 -7.625166349e+00 -1.4264e+00 +5.7253e-01 +7.4498e-01 -2.1610e-02 -4.5492e-01 -1.1434e+00 +1.0894e+00 -1.9667e+00 +1.4777e+00 -1.9179e+00
489 0 +2.604013691e+00 -7.675986309e+00 -7.675986309e+00 -1.4698e+00 +6.0174e-01 +6.9315e-01 -3.5532e-02 -4.1961e-01 -1.1099e+00 +1.0889e+00 -1.9047e+00 +1.5108e+00 -1.8660e+00
521 0 +2.499773754e+00 -7.780226246e+00 -7.780226246e+00 -1.5409e+00 +6.0126e-01 +7.3681e-01 +4.5385e-03 -4.1303e-01 -1.1075e+00 +1.0836e+00 -1.9026e+00 +1.5323e+00 -1.9133e+00
590 0 +2.450443257e+00 -7.829556743e+00 -7.829556743e+00 -1.4958e+00 +5.9657e-01 +7.5850e-01 +1.9287e-02 -4.5052e-01 -1.1045e+00 +1.0876e+00 -1.9148e+00 +1.5211e+00 -1.9014e+00
1000 0 +2.428164585e+00 -7.851835415e+00 -7.851835415e+00 -1.5125e+00 +6.0774e-01 +7.4960e-01 +2.0988e-02 -4.6767e-01 -1.0745e+00 +1.0958e+00 -1.9136e+00 +1.5140e+00 -1.9092e+00
% f evaluations | g evaluations | best noise-free fitness - Fopt (1.799700000000e+02) + sum g_i+ | measured fitness | best measured fitness or single-digit g-values | x1 | x2...
1 0 +1.556525493e+04 +1.574522493e+04 +1.574522493e+04 -3.1040e-01 +1.0974e-01 +1.9765e-01 +8.6952e-02 -4.4056e-02 +4.0069e-01 -8.5101e-01 +1.1827e-02 +2.4283e-01 +1.7382e-02
2 0 +1.405344615e+04 +1.423341615e+04 +1.423341615e+04 -2.3780e-01 +5.0996e-01 +1.3329e-01 +3.2442e-01 +6.3980e-01 +5.4343e-01 -3.3550e-01 -1.0899e-01 +2.1555e-01 -3.8426e-02
3 0 +1.247858309e+04 +1.265855309e+04 +1.265855309e+04 +3.6540e-01 +2.5358e-01 +2.2045e-01 +3.3225e-01 -2.3413e-01 +8.2221e-02 +2.0705e-01 +5.5871e-02 +2.7638e-01 -3.6404e-02
4 0 +4.951474819e+03 +5.131444819e+03 +5.131444819e+03 -4.5879e-01 +4.5879e-02 +4.9323e-01 +3.8069e-02 +8.9698e-01 -4.3280e-01 +2.6189e-02 +2.5251e-01 -6.0822e-01 +1.2550e-01
12 0 +2.711221848e+03 +2.891191848e+03 +2.891191848e+03 -1.5246e-01 -1.4638e-01 +4.3227e-01 +3.5095e-01 +2.0261e-01 -7.5978e-01 +4.2262e-01 +3.2046e-01 -5.1636e-01 +6.3119e-01
21 0 +2.490504009e+03 +2.670474009e+03 +2.670474009e+03 -6.5542e-01 -1.8365e-02 +4.0562e-01 +5.3680e-01 +5.5722e-01 -1.2227e+00 +5.5476e-01 +8.0109e-01 -1.1833e+00 +8.6874e-01
31 0 +1.361856765e+03 +1.541826765e+03 +1.541826765e+03 -8.5313e-01 -4.5103e-01 +2.7382e-01 +6.1920e-01 +5.7766e-01 -9.1412e-01 +9.8213e-01 +9.9390e-01 -7.9900e-01 +1.0667e+00
40 0 +1.084675734e+03 +1.264645734e+03 +1.264645734e+03 -1.0531e+00 +3.8198e-01 +1.5212e-01 +1.1671e-01 -5.4293e-03 -2.5856e-01 +4.7478e-01 +7.9576e-01 -4.5699e-01 +7.2839e-01
41 0 +8.053228575e+01 +2.605022857e+02 +2.605022857e+02 -9.1585e-02 +2.9018e-01 +1.2732e-01 +6.6556e-01 -2.0408e-01 +2.1767e-02 +5.1874e-01 +1.1018e+00 -6.9780e-01 +1.2215e+00
53 0 +4.465141175e+00 +1.844351412e+02 +1.844351412e+02 -1.4098e+00 -3.9972e-04 +4.4271e-01 +1.0862e+00 +3.6013e-01 +9.5933e-01 +1.2533e+00 +1.5389e+00 -8.6322e-01 +1.9974e+00
61 0 +3.826483084e+00 +1.837964831e+02 +1.837964831e+02 -1.4953e+00 -7.9473e-03 -9.6003e-01 +4.0243e-01 +2.7352e-01 +1.3346e+00 +1.8819e+00 +1.8018e+00 -2.1502e+00 +2.1949e+00
69 0 +3.795085060e+00 +1.837650851e+02 +1.837650851e+02 -1.0532e+00 +4.2764e-01 +3.1792e-01 +3.5703e-01 +3.8998e-01 +7.4626e-01 +5.5831e-01 +1.7840e+00 -1.2706e+00 +1.9462e+00
74 0 +3.652722365e+00 +1.836227224e+02 +1.836227224e+02 -1.2720e+00 -6.2432e-01 -1.0499e-01 +2.6257e-01 +9.3131e-01 +1.0308e+00 +1.2821e+00 +7.0439e-01 -2.0267e+00 +2.0092e+00
100 0 +3.541959033e+00 +1.835119590e+02 +1.835119590e+02 -2.0371e+00 +3.4099e-01 -2.0148e-01 +7.3406e-01 +7.0811e-01 +1.0613e+00 +1.3794e+00 +1.2780e+00 -2.1627e+00 +1.6940e+00
116 0 +3.048709208e+00 +1.830187092e+02 +1.830187092e+02 -1.1812e+00 +1.1338e-02 -2.5592e-01 +4.8654e-01 +2.8152e-01 +1.4920e+00 +2.3650e+00 +6.8165e-01 -1.5054e+00 +2.2841e+00
165 0 +2.702838360e+00 +1.826728384e+02 +1.826728384e+02 -2.1076e+00 +1.1092e-01 -1.8122e-01 +1.0094e+00 +1.4045e+00 +3.9880e-01 +1.4740e+00 +1.0746e+00 -2.2796e+00 +2.0337e+00
289 0 +2.490808502e+00 +1.824608085e+02 +1.824608085e+02 -2.0866e+00 +3.9544e-01 -1.9714e-01 +1.7369e-01 +1.2294e+00 +9.1693e-01 +2.4584e+00 +1.9673e+00 -1.3974e+00 +1.5235e+00
292 0 +2.289723626e+00 +1.822597236e+02 +1.822597236e+02 -2.1119e+00 +4.6845e-01 -3.3202e-01 +3.1652e-01 +1.8562e+00 +7.8095e-01 +2.3320e+00 +2.0993e+00 -1.6953e+00 +1.7747e+00
398 0 +2.204731908e+00 +1.821747319e+02 +1.821747319e+02 -2.1702e+00 +2.9657e-01 -2.6785e-01 +2.5763e-01 +1.8741e+00 +3.5935e-01 +2.4650e+00 +1.9522e+00 -1.4665e+00 +1.8696e+00
434 0 +2.060444607e+00 +1.820304446e+02 +1.820304446e+02 -2.1504e+00 +1.7183e-01 -2.3994e-01 +2.5482e-01 +1.9643e+00 +2.4088e-01 +2.6755e+00 +1.8665e+00 -1.7372e+00 +2.1169e+00
438 0 +1.565600462e+00 +1.815356005e+02 +1.815356005e+02 -2.1324e+00 +1.4457e-01 -2.2782e-01 +2.7744e-01 +1.8782e+00 +2.2795e-01 +2.5877e+00 +1.9574e+00 -1.7081e+00 +1.8692e+00
524 0 +1.546207743e+00 +1.815162077e+02 +1.815162077e+02 -2.1471e+00 +1.6785e-01 -1.6963e-01 +2.9232e-01 +1.8731e+00 +2.7323e-01 +2.5507e+00 +1.9930e+00 -1.7464e+00 +1.8669e+00
552 0 +1.494063222e+00 +1.814640632e+02 +1.814640632e+02 -2.1226e+00 +1.6127e-01 -1.7685e-01 +2.7270e-01 +1.8959e+00 +2.7282e-01 +2.5692e+00 +1.9818e+00 -1.7356e+00 +1.8715e+00
553 0 +1.470837931e+00 +1.814408379e+02 +1.814408379e+02 -2.1080e+00 +1.7240e-01 -1.8737e-01 +2.7946e-01 +1.9091e+00 +2.5808e-01 +2.5769e+00 +1.9983e+00 -1.7385e+00 +1.8548e+00
575 0 +1.441790554e+00 +1.814117906e+02 +1.814117906e+02 -2.1175e+00 +1.8011e-01 -2.0639e-01 +2.4151e-01 +1.9045e+00 +2.5679e-01 +2.5647e+00 +2.0083e+00 -1.7495e+00 +1.8530e+00
677 0 +1.410671841e+00 +1.813806718e+02 +1.813806718e+02 -2.1240e+00 +1.5196e-01 -2.0664e-01 +2.3649e-01 +1.9163e+00 +2.4763e-01 +2.5696e+00 +1.9863e+00 -1.7432e+00 +1.8490e+00
1000 0 +1.402706373e+00 +1.813727064e+02 +1.813727064e+02 -2.1113e+00 +1.4064e-01 -2.1224e-01 +2.2418e-01 +1.9217e+00 +2.4257e-01 +2.5705e+00 +1.9878e+00 -1.7443e+00 +1.8518e+00
% f evaluations | g evaluations | best noise-free fitness - Fopt (8.376000000000e+01) + sum g_i+ | measured fitness | best measured fitness or single-digit g-values | x1 | x2...
1 0 +2.078619010e+04 +2.086995010e+04 +2.086995010e+04 -3.7542e-02 -2.0790e-01 +2.8942e-01 +2.1298e-02 +3.1519e-01 -2.8142e-01 -8.1574e-01 +1.7860e-02 +4.0991e-01 -2.0064e-01
2 0 +7.179379576e+03 +7.263139576e+03 +7.263139576e+03 -6.6966e-01 -2.3630e-01 -1.2059e-01 -1.2014e-01 +1.6626e-02 +5.6308e-01 -2.2155e-02 +2.5155e-01 -7.7622e-01 -2.6884e-01
10 0 +3.500480786e+03 +3.584240786e+03 +3.584240786e+03 +1.2248e-01 -3.2448e-01 -2.9346e-01 -4.8016e-01 +3.2769e-01 +2.3903e-01 +1.0130e-01 -3.6332e-02 -4.9028e-01 +5.1982e-01
23 0 +1.471018121e+03 +1.554778121e+03 +1.554778121e+03 +2.7104e-01 -1.4936e-01 -5.1792e-01 +2.9783e-01 -5.2005e-02 +6.5544e-01 -3.0180e-01 +3.3767e-01 -6.6924e-01 +1.4105e+00
34 0 +9.937095397e+02 +1.077469540e+03 +1.077469540e+03 -3.2272e-02 +9.5648e-02 -6.6958e-01 -4.1756e-02 +5.4310e-01 +6.8092e-01 -1.1658e-01 +3.8398e-01 -7.2710e-01 +1.3520e+00
38 0 +5.392351631e+02 +6.229951631e+02 +6.229951631e+02 +5.5733e-01 -3.8250e-01 -5.1431e-01 +4.3071e-01 -5.2994e-02 +5.6754e-01 -1.0737e-01 +6.5117e-01 -6.3088e-01 +1.1480e+00
40 0 +4.549601931e+01 +1.292560193e+02 +1.292560193e+02 +4.1724e-01 -3.3478e-01 -9.9620e-01 -8.9238e-02 +1.5610e-01 +4.3808e-01 +4.6102e-01 +5.2752e-01 -8.4019e-01 +1.6624e+00
50 0 +7.897592490e+00 +9.165759249e+01 +9.165759249e+01 -1.5630e-01 -3.4812e-01 -7.7455e-01 -1.2732e-01 +2.2141e-01 +5.7276e-01 +4.1261e-01 +6.8178e-01 -1.1878e+00 +2.4024e+00
63 0 +3.413070521e+00 +8.717307052e+01 +8.717307052e+01 +1.2734e-02 +4.2724e-01 -3.3407e-01 -1.7195e-01 -3.4328e-01 +2.6080e-01 +8.0659e-01 +1.2254e+00 -1.9689e+00 +1.8139e+00
137 0 +3.232976360e+00 +8.699297636e+01 +8.699297636e+01 -3.9657e-01 +1.4888e+00 -1.8941e-01 +4.4962e-01 -5.5041e-01 +6.4585e-01 +1.5404e+00 +8.0297e-01 -1.8085e+00 +1.5452e+00
201 0 +3.078789021e+00 +8.683878902e+01 +8.683878902e+01 +1.2989e-01 +2.5851e+00 -8.8092e-01 -5.9805e-01 -3.7616e-01 +5.6881e-01 +1.1042e+00 +1.9306e+00 -1.2114e+00 +1.3019e+00
266 0 +2.940191880e+00 +8.670019188e+01 +8.670019188e+01 +4.3922e-01 +2.1672e+00 -8.7792e-02 -6.7709e-02 -4.8188e-01 +6.0344e-01 +1.2431e+00 +1.2158e+00 -1.9735e+00 +2.1774e+00
312 0 +2.859447934e+00 +8.661944793e+01 +8.661944793e+01 +5.7320e-01 +2.7884e+00 -4.4595e-01 -2.6834e-01 -3.3449e-01 +6.8883e-01 +1.3143e+00 +1.0261e+00 -1.4469e+00 +2.2792e+00
322 0 +2.771425055e+00 +8.653142506e+01 +8.653142506e+01 +7.9394e-01 +2.6907e+00 -6.6566e-01 -1.9509e-01 -2.2610e-01 +7.1909e-01 +8.7899e-01 +9.9430e-01 -1.4369e+00 +2.2707e+00
341 0 +2.171989948e+00 +8.593198995e+01 +8.593198995e+01 +6.5244e-01 +2.8314e+00 -6.9853e-01 -1.7472e-01 -3.9605e-01 +6.7764e-01 +8.3301e-01 +1.0110e+00 -1.3655e+00 +2.2456e+00
376 0 +1.936003696e+00 +8.569600370e+01 +8.569600370e+01 +6.0802e-01 +2.7146e+00 -7.7604e-01 -1.9175e-01 -4.0600e-01 +6.7887e-01 +7.9556e-01 +8.8086e-01 -1.3979e+00 +2.2563e+00
429 0 +1.903579712e+00 +8.566357971e+01 +8.566357971e+01 +6.6552e-01 +2.8070e+00 -6.7468e-01 -3.6014e-01 -3.9527e-01 +6.4672e-01 +7.4652e-01 +9.6332e-01 -1.5299e+00 +2.2071e+00
466 0 +1.814920058e+00 +8.557492006e+01 +8.557492006e+01 +7.2278e-01 +2.7712e+00 -7.4773e-01 -3.8756e-01 -3.5091e-01 +6.5142e-01 +7.2699e-01 +1.0006e+00 -1.6681e+00 +2.2520e+00
467 0 +1.753396016e+00 +8.551339602e+01 +8.551339602e+01 +6.4472e-01 +2.8009e+00 -7.4883e-01 -4.0952e-01 -3.1023e-01 +5.9132e-01 +7.4222e-01 +9.5946e-01 -1.6309e+00 +2.2252e+00
480 0 +1.712066621e+00 +8.547206662e+01 +8.547206662e+01 +6.0298e-01 +2.8162e+00 -7.4540e-01 -3.7495e-01 -3.3622e-01 +6.7230e-01 +7.6672e-01 +9.9514e-01 -1.5904e+00 +2.1903e+00
485 0 +1.667105612e+00 +8.542710561e+01 +8.542710561e+01 +6.2027e-01 +2.8071e+00 -7.6139e-01 -3.7434e-01 -3.1146e-01 +6.2567e-01 +7.9839e-01 +1.0081e+00 -1.6435e+00 +2.2164e+00
486 0 +1.561793788e+00 +8.532179379e+01 +8.532179379e+01 +6.9654e-01 +2.7595e+00 -8.0034e-01 -3.1970e-01 -3.3196e-01 +6.4435e-01 +7.9918e-01 +9.6645e-01 -1.5919e+00 +2.2113e+00
508 0 +1.518312607e+00 +8.527831261e+01 +8.527831261e+01 +6.9166e-01 +2.7994e+00 -8.0684e-01 -3.4049e-01 -3.7674e-01 +6.1207e-01 +7.9455e-01 +9.3620e-01 -1.5747e+00 +2.2170e+00
524 0 +1.505127978e+00 +8.526512798e+01 +8.526512798e+01 +6.6438e-01 +2.7513e+00 -7.8470e-01 -3.5001e-01 -3.6207e-01 +6.2550e-01 +8.2564e-01 +9.3739e-01 -1.6076e+00 +2.2231e+00
541 0 +1.450982431e+00 +8.521098243e+01 +8.521098243e+01 +6.5659e-01 +2.7793e+00 -8.1671e-01 -3.4963e-01 -3.5121e-01 +6.5211e-01 +8.0198e-01 +9.4946e-01 -1.5948e+00 +2.2322e+00
587 0 +1.433102448e+00 +8.519310245e+01 +8.519310245e+01 +6.4028e-01 +2.7680e+00 -8.1130e-01 -3.7841e-01 -3.6569e-01 +6.3700e-01 +8.0293e-01 +9.5827e-01 -1.5886e+00 +2.2375e+00
661 0 +1.411706375e+00 +8.517170637e+01 +8.517170637e+01 +6.2462e-01 +2.7644e+00 -8.4733e-01 -3.8008e-01 -3.8320e-01 +6.2478e-01 +7.9892e-01 +9.5819e-01 -1.5906e+00 +2.2302e+00
1000 0 +1.401652218e+00 +8.516165222e+01 +8.516165222e+01 +6.2451e-01 +2.7871e+00 -8.6630e-01 -3.8226e-01 -3.6722e-01 +6.3072e-01 +7.9407e-01 +9.5483e-01 -1.5893e+00 +2.2337e+00
% f evaluations | g evaluations | best noise-free fitness - Fopt (-3.890100000000e+02) + sum g_i+ | measured fitness | best measured fitness or single-digit g-values | x1 | x2...
1 0 +1.031429504e+04 +9.925285044e+03 +9.925285044e+03 -5.5422e-01 +1.4983e-01 +1.3440e-01 +2.6615e-01 +1.8950e-01 -3.0471e-01 +3.7766e-01 -2.5714e-01 +1.9981e-01 -1.2270e-01
3 0 +9.430780519e+03 +9.041770519e+03 +9.041770519e+03 -3.3069e-02 -1.8197e-01 +1.4888e-01 +1.9994e-01 -8.3178e-02 -3.3736e-01 -6.1587e-02 -3.7417e-01 +2.9969e-01 -4.9413e-02
6 0 +8.964971513e+03 +8.575961513e+03 +8.575961513e+03 +3.6045e-01 -5.2383e-01 +7.0044e-02 +1.0298e-01 -2.3880e-01 +4.2730e-01 +2.5717e-01 -1.0860e-01 +4.0337e-01 -7.7844e-02
7 0 +8.868612026e+03 +8.479602026e+03 +8.479602026e+03 -1.1909e-01 -1.7764e-01 +2.1683e-01 +8.5599e-02 -2.9995e-01 -4.4117e-02 +3.6058e-01 -4.4036e-02 +4.9995e-01 +5.9717e-02
8 0 +3.665272402e+03 +3.276262402e+03 +3.276262402e+03 +3.1933e-01 +4.4196e-02 +4.0483e-01 -3.7920e-02 -1.3235e-01 -5.7997e-02 +3.0642e-02 +1.7722e-01 +3.8892e-01 -4.7792e-01
13 0 +3.390165038e+03 +3.001155038e+03 +3.001155038e+03 +2.8456e-01 +2.1965e-01 +6.5261e-01 +4.7408e-02 -4.2645e-01 +3.8253e-01 -3.1626e-01 +2.4533e-01 +2.2809e-01 -6.1212e-01
20 0 +2.208025919e+03 +1.819015919e+03 +1.819015919e+03 +5.2134e-01 -7.5549e-03 +2.0334e-01 +1.1881e-01 -2.5594e-01 -1.5520e-01 +2.5792e-01 +4.3491e-01 +4.6857e-01 -7.3388e-01
28 0 +1.059694475e+03 +6.706844753e+02 +6.706844753e+02 +7.3136e-01 +1.4750e-01 +8.0342e-01 -1.9636e-01 -2.3038e-01 +4.2617e-02 +2.0516e-01 +6.8415e-01 +6.9210e-01 -1.3290e+00
35 0 +9.874226794e+02 +5.984126794e+02 +5.984126794e+02 +5.8059e-01 +3.4028e-01 +6.7924e-02 +1.4462e-01 -3.4005e-01 +2.6226e-01 +2.0035e-02 +8.9173e-01 +5.3112e-01 -1.6819e+00
45 0 +1.609700430e+02 -2.280399570e+02 -2.280399570e+02 +1.0293e+00 +1.4063e-01 +9.6841e-01 -1.4766e-01 -9.4165e-01 -2.2069e-01 -2.6493e-01 +8.4009e-01 +5.8827e-01 -2.3850e+00
64 0 +1.633978491e+01 -3.726702151e+02 -3.726702151e+02 +1.0151e+00 +3.1531e-01 +6.6001e-01 -8.0629e-01 -1.4004e+00 -9.7856e-03 -6.4040e-01 +1.1546e+00 +1.9057e+00 -2.3312e+00
80 0 +4.263474902e+00 -3.847465251e+02 -3.847465251e+02 +1.2411e+00 +3.3398e-01 +2.9869e-01 -8.8644e-01 -4.7124e-02 -2.2705e-01 -5.1876e-01 +1.7066e+00 +1.9802e+00 -1.0436e+00
100 0 +3.871340462e+00 -3.851386595e+02 -3.851386595e+02 +1.3031e+00 +3.1948e-01 +3.4724e-01 -3.0073e-01 -1.4220e+00 -3.8571e-01 -5.9987e-01 +1.5548e+00 +2.0187e+00 -1.7879e+00
128 0 +3.641551552e+00 -3.853684484e+02 -3.853684484e+02 -9.5383e-01 +6.5383e-01 -6.7870e-02 -3.5175e-01 -1.6796e+00 -1.6878e+00 -1.3259e+00 +9.5923e-01 +1.9051e+00 -1.7471e+00
177 0 +3.524439021e+00 -3.854855610e+02 -3.854855610e+02 -9.6287e-01 +9.9934e-01 +4.4591e-01 -3.2023e-01 -2.0704e+00 -1.4204e+00 -2.3780e+00 +9.1336e-01 +2.0157e+00 -1.2741e+00
188 0 +3.104310509e+00 -3.859056895e+02 -3.859056895e+02 -9.8877e-01 +7.1088e-01 -6.0412e-02 -1.0541e+00 -1.6262e+00 -1.6503e+00 -1.3353e+00 +1.2346e+00 +2.3337e+00 -7.2340e-01
266 0 +2.922159633e+00 -3.860878404e+02 -3.860878404e+02 -1.1568e+00 +8.3259e-01 +9.4012e-03 -8.4867e-01 -1.4304e+00 -1.7542e+00 -1.3731e+00 +1.3779e+00 +1.5890e+00 -1.0844e+00
380 0 +2.787111523e+00 -3.862228885e+02 -3.862228885e+02 -1.0560e+00 +7.0471e-01 -4.7980e-02 -1.3552e+00 -1.6735e+00 -2.1420e+00 -9.4518e-01 +1.2051e+00 +1.8738e+00 -1.8486e+00
391 0 +2.671544376e+00 -3.863384556e+02 -3.863384556e+02 -9.7073e-01 +7.5776e-01 -1.1386e-02 -1.3604e+00 -1.6972e+00 -2.1407e+00 -1.0636e+00 +1.2349e+00 +1.7078e+00 -1.6696e+00
490 0 +2.585334605e+00 -3.864246654e+02 -3.864246654e+02 -9.9594e-01 +7.5002e-01 -2.3154e-02 -1.4456e+00 -1.5918e+00 -2.2165e+00 -1.0632e+00 +1.2329e+00 +1.5081e+00 -1.5562e+00
566 0 +2.548977637e+00 -3.864610224e+02 -3.864610224e+02 -1.0219e+00 +7.7901e-01 -1.1871e-02 -1.4042e+00 -1.6237e+00 -2.2250e+00 -1.1205e+00 +1.2304e+00 +1.5117e+00 -1.5553e+00
1000 0 +2.528049294e+00 -3.864819507e+02 -3.864819507e+02 -1.0209e+00 +8.0227e-01 -2.4386e-02 -1.4158e+00 -1.6272e+00 -2.2235e+00 -1.1099e+00 +1.2394e+00 +1.5179e+00 -1.5454e+00
% f evaluations | g evaluations | best noise-free fitness - Fopt (-1.455800000000e+02) + sum g_i+ | measured fitness | best measured fitness or single-digit g-values | x1 | x2...
1 0 +9.180151265e+03 +9.034571265e+03 +9.034571265e+03 +4.4583e-01 -4.2789e-01 +6.7568e-01 -1.4614e-01 -2.2718e-01 -7.2137e-02 +2.9659e-02 -1.3736e-02 +2.2978e-01 -3.8146e-01
10 0 +3.646695042e+03 +3.501115042e+03 +3.501115042e+03 -1.8643e-01 +1.6090e-01 +1.1117e-01 -3.4338e-01 -3.0617e-01 -3.4655e-01 -2.9849e-01 +2.7105e-01 -3.8903e-01 -5.4215e-01
23 0 +1.345900000e+03 +1.200320000e+03 +1.200320000e+03 -4.1856e-01 -3.3588e-01 +4.9523e-01 -5.7338e-01 -2.5478e-01 -3.2485e-01 +3.7294e-01 +6.7205e-01 -3.5741e-01 -6.6447e-01
43 0 +6.868399378e+02 +5.412599378e+02 +5.412599378e+02 -3.5258e-01 +2.8987e-01 +8.7417e-01 -9.3689e-01 -3.6188e-02 -4.6519e-01 +5.8290e-01 +8.7796e-01 -2.9207e-01 -1.0444e+00
46 0 +4.590330061e+00 -1.409896699e+02 -1.409896699e+02 -1.3324e+00 -2.7227e-01 +3.4172e-01 -7.7659e-01 -2.9740e-01 -5.5177e-01 +6.3930e-01 +7.4792e-01 -7.9190e-01 -1.0974e+00
76 0 +3.983538440e+00 -1.415964616e+02 -1.415964616e+02 -1.3258e+00 +3.2258e-02 +1.0559e+00 -7.7498e-01 -6.4759e-01 -1.1330e+00 +1.8671e+00 +1.3358e+00 -1.9190e+00 -1.9352e+00
77 0 +3.593020931e+00 -1.419869791e+02 -1.419869791e+02 -1.5522e+00 +2.5461e-01 +1.2065e+00 -3.3368e-01 -4.9066e-01 -3.8743e-01 +9.1494e-01 +1.8310e+00 -1.2377e+00 -1.0999e+00
138 0 +3.342973553e+00 -1.422370264e+02 -1.422370264e+02 -1.6982e+00 -1.4286e-01 +2.6551e+00 -7.4692e-01 -6.6029e-01 -1.3456e+00 +2.2965e+00 +1.3658e+00 -1.6131e+00 -9.9099e-01
209 0 +3.148569627e+00 -1.424314304e+02 -1.424314304e+02 -1.6065e+00 +5.5846e-02 +2.8237e+00 -8.1627e-01 -1.0114e+00 -1.0782e+00 +2.3077e+00 +1.5137e+00 -2.1892e+00 -1.6239e+00
252 0 +2.847475557e+00 -1.427325244e+02 -1.427325244e+02 -1.3365e+00 +1.2771e-01 +2.7300e+00 -6.0625e-01 -1.8699e+00 -7.5366e-01 +2.4374e+00 +1.0842e+00 -2.2162e+00 -1.3469e+00
276 0 +2.670669265e+00 -1.429093307e+02 -1.429093307e+02 -1.5701e+00 +1.7288e-01 +2.6859e+00 -2.5702e-01 -1.6261e+00 -7.6879e-01 +2.4209e+00 +1.3832e+00 -2.1959e+00 -1.5382e+00
330 0 +2.478030965e+00 -1.431019690e+02 -1.431019690e+02 -1.4701e+00 +1.1227e-01 +2.7697e+00 -4.2153e-01 -1.4869e+00 -5.5823e-01 +2.4527e+00 +1.2711e+00 -2.2981e+00 -1.4974e+00
338 0 +2.148970432e+00 -1.434310296e+02 -1.434310296e+02 -1.5398e+00 +1.2677e-01 +2.6395e+00 -3.9395e-01 -1.3464e+00 -4.8375e-01 +2.5222e+00 +1.3039e+00 -2.2643e+00 -1.2142e+00
440 0 +2.121665152e+00 -1.434583348e+02 -1.434583348e+02 -1.4745e+00 +7.8592e-02 +2.5324e+00 -4.7936e-01 -1.4067e+00 -3.4281e-01 +2.5084e+00 +1.2753e+00 -2.3181e+00 -1.3600e+00
444 0 +2.089043961e+00 -1.434909560e+02 -1.434909560e+02 -1.4874e+00 +7.6756e-02 +2.5869e+00 -4.5419e-01 -1.3854e+00 -3.7237e-01 +2.4917e+00 +1.2582e+00 -2.3175e+00 -1.3301e+00
445 0 +2.022610167e+00 -1.435573898e+02 -1.435573898e+02 -1.4757e+00 +8.4730e-02 +2.6321e+00 -4.6669e-01 -1.4049e+00 -3.6599e-01 +2.5375e+00 +1.2866e+00 -2.3462e+00 -1.3268e+00
485 0 +1.977005150e+00 -1.436029948e+02 -1.436029948e+02 -1.4638e+00 +1.0435e-01 +2.6012e+00 -4.6735e-01 -1.4251e+00 -3.8596e-01 +2.5165e+00 +1.2847e+00 -2.3227e+00 -1.3312e+00
510 0 +1.933039871e+00 -1.436469601e+02 -1.436469601e+02 -1.4621e+00 +1.0694e-01 +2.6190e+00 -4.6392e-01 -1.4427e+00 -3.6965e-01 +2.5282e+00 +1.2690e+00 -2.3143e+00 -1.3358e+00
590 0 +1.902082541e+00 -1.436779175e+02 -1.436779175e+02 -1.4934e+00 +1.3570e-01 +2.6119e+00 -4.5017e-01 -1.4602e+00 -3.6987e-01 +2.5333e+00 +1.2665e+00 -2.3227e+00 -1.3481e+00
680 0 +1.860644736e+00 -1.437193553e+02 -1.437193553e+02 -1.5177e+00 +1.5961e-01 +2.6670e+00 -4.4439e-01 -1.4507e+00 -3.5849e-01 +2.5363e+00 +1.2771e+00 -2.3173e+00 -1.3471e+00
1000 0 +1.855904325e+00 -1.437240957e+02 -1.437240957e+02 -1.5150e+00 +1.7053e-01 +2.6744e+00 -4.3966e-01 -1.4554e+00 -3.5932e-01 +2.5410e+00 +1.2700e+00 -2.3134e+00 -1.3462e+00
