% f evaluations | g evaluations | best noise-free fitness - Fopt (1.491500000000e+02) + sum g_i+ | measured fitness | best measured fitness or single-digit g-values | x1 | x2...
1 0 +1.282122102e+03 +1.431272102e+03 +1.431272102e+03 +5.2171e-01 -8.2200e-02 +1.7711e-02 +1.2260e-01 -3.8874e-01
3 0 +9.369943403e+02 +1.086144340e+03 +1.086144340e+03 -2.6582e-01 -1.6853e-01 -5.1154e-02 -3.1352e-01 -2.3483e-01
10 0 +7.977031603e+02 +9.468531603e+02 +9.468531603e+02 -1.0513e+00 -1.3552e-01 -2.9341e-01 -5.5024e-01 -3.0103e-01
17 0 +7.116771790e+02 +8.608271790e+02 +8.608271790e+02 -8.0979e-01 -1.8326e-01 -3.5398e-01 -7.7370e-01 -5.5445e-02
18 0 +6.557418212e+02 +8.048918212e+02 +8.048918212e+02 -6.2994e-01 -8.8073e-02 -2.9043e-01 -7.1564e-01 -8.5009e-01
30 0 +5.152769718e+02 +6.644269718e+02 +6.644269718e+02 -1.2490e+00 -4.2598e-01 -8.3014e-01 -7.0228e-01 -2.2491e-01
35 0 +4.057841354e+02 +5.549341354e+02 +5.549341354e+02 -1.2291e+00 -5.3518e-01 -7.2940e-01 -7.8293e-01 -5.7600e-01
57 0 +3.030112353e+02 +4.521612353e+02 +4.521612353e+02 -5.5731e-01 -1.0965e+00 -1.2079e+00 -7.7577e-01 -1.2685e+00
75 0 +3.014387554e+02 +4.505887554e+02 +4.505887554e+02 -1.7419e-01 -1.4535e+00 -9.4933e-01 -6.2270e-01 -1.7098e+00
83 0 +2.491298957e+02 +3.982798957e+02 +3.982798957e+02 -4.2562e-01 -1.2971e+00 -8.9786e-01 -6.5571e-01 -1.5719e+00
108 0 +2.285908944e+02 +3.777408944e+02 +3.777408944e+02 -9.3175e-01 -1.4127e+00 -1.0743e+00 -5.0923e-01 -1.3262e+00
127 0 +2.037709793e+02 +3.529209793e+02 +3.529209793e+02 -8.4954e-01 -1.6142e+00 -9.8776e-01 -4.9949e-01 -1.7082e+00
137 0 +1.975521396e+02 +3.467021396e+02 +3.467021396e+02 -7.6699e-01 -1.5251e+00 -8.9183e-01 -4.6938e-01 -1.7265e+00
146 0 +1.933457388e+02 +3.424957388e+02 +3.424957388e+02 -8.1702e-01 -1.6387e+00 -1.0770e+00 -4.1757e-01 -1.8398e+00
147 0 +1.822491362e+02 +3.313991362e+02 +3.313991362e+02 -8.4226e-01 -1.5056e+00 -7.8549e-01 -4.0068e-01 -2.0282e+00
161 0 +1.728068111e+02 +3.219568111e+02 +3.219568111e+02 -9.2038e-01 -1.5584e+00 -9.9015e-01 -4.0635e-01 -2.0102e+00
174 0 +1.697958996e+02 +3.189458996e+02 +3.189458996e+02 -8.0962e-01 -1.4643e+00 -9.7261e-01 -3.9840e-01 -1.9852e+00
178 0 +1.637568840e+02 +3.129068840e+02 +3.129068840e+02 -8.9798e-01 -1.4139e+00 -8.8725e-01 -3.6078e-01 -2.0216e+00
186 0 +1.581490673e+02 +3.072990673e+02 +3.072990673e+02 -1.0148e+00 -1.4005e+00 -9.4649e-01 -3.6682e-01 -2.1255e+00
193 0 +1.542095476e+02 +3.033595476e+02 +3.033595476e+02 -9.9047e-01 -1.4374e+00 -9.7812e-01 -3.4562e-01 -2.1373e+00
197 0 +1.512684394e+02 +3.004184394e+02 +3.004184394e+02 -1.0021e+00 -1.4108e+00 -9.8609e-01 -3.3960e-01 -2.1903e+00
200 0 +1.473092586e+02 +2.964592586e+02 +2.964592586e+02 -8.4034e-01 -1.3253e+00 -8.7773e-01 -2.8289e-01 -2.1592e+00
202 0 +1.427616414e+02 +2.919116414e+02 +2.919116414e+02 -8.5429e-01 -1.3146e+00 -8.6545e-01 -2.9617e-01 -2.4046e+00
207 0 +1.408717888e+02 +2.900217888e+02 +2.900217888e+02 -8.9677e-01 -1.3196e+00 -8.8890e-01 -2.7392e-01 -2.2541e+00
209 0 +1.325724282e+02 +2.817224282e+02 +2.817224282e+02 -7.4862e-01 -1.2728e+00 -8.6083e-01 -1.8917e-01 -2.2806e+00
220 0 +1.304816345e+02 +2.796316345e+02 +2.796316345e+02 -8.8954e-01 -1.3641e+00 -9.7028e-01 -2.0836e-01 -2.2773e+00
225 0 +1.278793576e+02 +2.770293576e+02 +2.770293576e+02 -7.7083e-01 -1.2939e+00 -8.5328e-01 -1.7606e-01 -2.3441e+00
226 0 +1.169767709e+02 +2.661267709e+02 +2.661267709e+02 -8.4034e-01 -1.3991e+00 -9.5607e-01 -1.2632e-01 -2.4037e+00
239 0 +1.069038072e+02 +2.560538072e+02 +2.560538072e+02 -7.6458e-01 -1.3440e+00 -9.1953e-01 -5.4181e-02 -2.4966e+00
251 0 +9.959741511e+01 +2.487474151e+02 +2.487474151e+02 -5.8744e-01 -1.2863e+00 -8.9959e-01 -5.6606e-02 -2.6274e+00
252 0 +9.466645132e+01 +2.438164513e+02 +2.438164513e+02 -7.6805e-01 -1.3483e+00 -9.7549e-01 -2.5413e-02 -2.6280e+00
255 0 +9.297873351e+01 +2.421287335e+02 +2.421287335e+02 -8.4015e-01 -1.3806e+00 -9.5300e-01 -2.0246e-02 -2.6529e+00
257 0 +8.768462224e+01 +2.368346222e+02 +2.368346222e+02 -8.0120e-01 -1.2857e+00 -9.3030e-01 +2.6443e-02 -2.6894e+00
266 0 +8.350598240e+01 +2.326559824e+02 +2.326559824e+02 -9.1132e-01 -1.2858e+00 -9.4680e-01 +8.3919e-02 -2.7187e+00
270 0 +8.140642446e+01 +2.305564245e+02 +2.305564245e+02 -9.0762e-01 -1.3575e+00 -1.0552e+00 +1.8824e-02 -2.8310e+00
272 0 +6.973924347e+01 +2.188892435e+02 +2.188892435e+02 -6.6390e-01 -1.2920e+00 -9.6405e-01 +1.1772e-01 -2.8788e+00
277 0 +5.224232668e+01 +2.013923267e+02 +2.013923267e+02 -5.5621e-01 -1.2674e+00 -9.5924e-01 +2.0586e-01 -3.1259e+00
281 0 +4.031385352e+01 +1.894638535e+02 +1.894638535e+02 -5.2095e-01 -1.1267e+00 -9.3546e-01 +2.7462e-01 -3.2448e+00
283 0 +2.566323495e+01 +1.748132349e+02 +1.748132349e+02 -5.9886e-01 -1.2918e+00 -9.6869e-01 +4.0913e-01 -3.4857e+00
292 0 +2.345531837e+01 +1.726053184e+02 +1.726053184e+02 -5.2370e-01 -1.0693e+00 -9.5669e-01 +6.7044e-01 -4.1118e+00
296 0 +1.876569980e+01 +1.679156998e+02 +1.679156998e+02 -5.4344e-01 -1.1543e+00 -8.5323e-01 +5.3068e-01 -3.8144e+00
301 0 +1.546302049e+01 +1.646130205e+02 +1.646130205e+02 -7.0527e-01 -1.2277e+00 -9.3073e-01 +5.8965e-01 -3.8860e+00
332 0 +5.781566193e+00 +1.549315662e+02 +1.549315662e+02 -8.6077e-01 -1.3285e+00 -1.0882e+00 +7.8122e-01 -3.7279e+00
393 0 +5.695792209e+00 +1.548457922e+02 +1.548457922e+02 -8.0743e-01 -1.3373e+00 -1.0164e+00 +7.3265e-01 -3.7716e+00
405 0 +5.499808813e+00 +1.546498088e+02 +1.546498088e+02 -8.1067e-01 -1.3328e+00 -1.0158e+00 +7.3322e-01 -3.7543e+00
407 0 +5.106615361e+00 +1.542566154e+02 +1.542566154e+02 -7.8981e-01 -1.3540e+00 -1.0022e+00 +7.6695e-01 -3.7877e+00
415 0 +4.699807606e+00 +1.538498076e+02 +1.538498076e+02 -7.9037e-01 -1.3256e+00 -9.9090e-01 +7.5642e-01 -3.7533e+00
417 0 +4.658423635e+00 +1.538084236e+02 +1.538084236e+02 -8.0043e-01 -1.3373e+00 -1.0075e+00 +7.7292e-01 -3.7708e+00
425 0 +4.569794848e+00 +1.537197948e+02 +1.537197948e+02 -8.1132e-01 -1.3364e+00 -1.0093e+00 +7.7151e-01 -3.7537e+00
435 0 +4.456210175e+00 +1.536062102e+02 +1.536062102e+02 -8.1455e-01 -1.3266e+00 -1.0029e+00 +7.9036e-01 -3.7919e+00
444 0 +4.316478071e+00 +1.534664781e+02 +1.534664781e+02 -8.1129e-01 -1.3250e+00 -1.0063e+00 +7.8880e-01 -3.7738e+00
458 0 +4.205186695e+00 +1.533551867e+02 +1.533551867e+02 -7.8077e-01 -1.3212e+00 -9.9433e-01 +8.0320e-01 -3.7917e+00
478 0 +4.134429030e+00 +1.532844290e+02 +1.532844290e+02 -7.8476e-01 -1.3182e+00 -9.9468e-01 +8.0207e-01 -3.7858e+00
496 0 +4.069252113e+00 +1.532192521e+02 +1.532192521e+02 -7.7763e-01 -1.3180e+00 -9.9135e-01 +8.0198e-01 -3.7803e+00
504 0 +4.069252113e+00 +1.532192521e+02 +1.532192521e+02 -7.7763e-01 -1.3180e+00 -9.9135e-01 +8.0198e-01 -3.7803e+00
% f evaluations | g evaluations | best noise-free fitness - Fopt (-1.000000000000e+03) + sum g_i+ | measured fitness | best measured fitness or single-digit g-values | x1 | x2...
1 0 +2.479149693e+04 +2.379149693e+04 +2.379149693e+04 +1.0919e-01 +2.0604e-01 -1.5475e-01 -5.3245e-01 +2.9408e-01
2 0 +1.884482593e+04 +1.784482593e+04 +1.784482593e+04 -2.8749e-01 -3.8081e-01 +8.7199e-02 -1.1667e-01 +1.4123e-01
9 0 +1.515774634e+04 +1.415774634e+04 +1.415774634e+04 -4.7143e-01 -3.9173e-01 +8.6236e-02 -3.9135e-01 -3.0165e-01
16 0 +1.486524728e+04 +1.386524728e+04 +1.386524728e+04 -4.5837e-01 -1.5104e-01 -4.0906e-01 -2.5427e-01 -1.5868e-01
18 0 +9.233966270e+03 +8.233966270e+03 +8.233966270e+03 -9.1951e-01 -3.1117e-01 -1.9341e-01 -3.0207e-01 -4.6082e-01
25 0 +3.017885237e+03 +2.017885237e+03 +2.017885237e+03 -1.8716e+00 -6.6210e-01 -5.1644e-01 -4.1743e-01 -3.3675e-01
37 0 +2.005052514e+03 +1.005052514e+03 +1.005052514e+03 -3.4152e+00 -1.4438e+00 -4.8927e-01 -5.4204e-01 -5.7107e-01
39 0 +4.437583437e+02 -5.562416563e+02 -5.562416563e+02 -2.7992e+00 +1.6035e-02 -8.1812e-01 -6.8287e-01 -4.9797e-01
42 0 +4.040329253e+02 -5.959670747e+02 -5.959670747e+02 -3.7532e+00 -2.3313e-01 -8.6522e-01 -1.3162e+00 -5.8343e-01
99 0 +1.635660472e+02 -8.364339528e+02 -8.364339528e+02 -3.1986e+00 +7.3455e-01 +1.0242e+00 -2.4409e+00 -1.7870e+00
133 0 +1.049532075e+02 -8.950467925e+02 -8.950467925e+02 -4.8254e+00 +8.2936e-01 +1.7454e-01 -1.9850e+00 -2.4082e+00
153 0 +6.420847789e+01 -9.357915221e+02 -9.357915221e+02 -4.2440e+00 +3.6534e-01 +2.1500e-01 -1.7909e+00 -2.6545e+00
161 0 +3.916076599e+01 -9.608392340e+02 -9.608392340e+02 -4.5129e+00 +5.1252e-01 +2.3256e-01 -2.2510e+00 -2.6115e+00
182 0 +2.784702975e+01 -9.721529702e+02 -9.721529702e+02 -3.9664e+00 +5.9190e-01 +8.8033e-01 -2.2258e+00 -2.7980e+00
183 0 +2.692872462e+01 -9.730712754e+02 -9.730712754e+02 -4.2701e+00 +5.1010e-01 +7.0352e-01 -2.3108e+00 -2.5859e+00
186 0 +1.186923122e+01 -9.881307688e+02 -9.881307688e+02 -4.4731e+00 +3.7394e-01 +7.3580e-01 -2.4508e+00 -2.9984e+00
200 0 +8.165112981e+00 -9.918348870e+02 -9.918348870e+02 -4.4146e+00 +3.6622e-01 +6.1415e-01 -2.5570e+00 -2.9348e+00
235 0 +7.823026659e+00 -9.921769733e+02 -9.921769733e+02 -4.1006e+00 +3.1564e-01 +6.0625e-01 -2.5853e+00 -2.8851e+00
241 0 +5.762095352e+00 -9.942379046e+02 -9.942379046e+02 -4.1828e+00 +3.4840e-01 +5.7693e-01 -2.5179e+00 -2.9447e+00
249 0 +5.631496295e+00 -9.943685037e+02 -9.943685037e+02 -4.1149e+00 +2.7485e-01 +6.0276e-01 -2.5283e+00 -2.9519e+00
250 0 +5.529007398e+00 -9.944709926e+02 -9.944709926e+02 -4.3263e+00 +3.6467e-01 +5.9111e-01 -2.4637e+00 -3.0209e+00
264 0 +4.991282659e+00 -9.950087173e+02 -9.950087173e+02 -4.2339e+00 +2.8496e-01 +5.3779e-01 -2.5033e+00 -3.0364e+00
269 0 +4.623057749e+00 -9.953769423e+02 -9.953769423e+02 -4.1958e+00 +3.0585e-01 +5.4875e-01 -2.5106e+00 -3.0457e+00
504 0 +4.599059316e+00 -9.954009407e+02 -9.954009407e+02 -4.2686e+00 +3.6802e-01 +5.7174e-01 -2.5370e+00 -3.0405e+00
% f evaluations | g evaluations | best noise-free fitness - Fopt (9.862000000000e+01) + sum g_i+ | measured fitness | best measured fitness or single-digit g-values | x1 | x2...
1 0 +1.167751525e+04 +1.177613525e+04 +1.177613525e+04 -1.4931e-01 +6.8447e-03 +8.0871e-01 -2.4040e-01 -2.6496e-01
3 0 +9.956156453e+03 +1.005477645e+04 +1.005477645e+04 +8.2810e-03 -1.3899e-01 +3.0912e-01 -2.4795e-01 +4.7605e-01
9 0 +6.975955276e+03 +7.074575276e+03 +7.074575276e+03 -2.1496e-01 -5.4642e-01 -7.2401e-02 -4.8435e-01 +1.8155e-01
32 0 +1.715698911e+03 +1.814318911e+03 +1.814318911e+03 -5.8881e-01 -9.2717e-01 +3.8708e-01 -1.1411e+00 +1.1271e+00
42 0 +9.619105436e+02 +1.060530544e+03 +1.060530544e+03 -9.8091e-01 -1.4557e+00 +6.1982e-01 -1.3070e+00 +1.0463e+00
51 0 +2.483461771e+02 +3.469661771e+02 +3.469661771e+02 -6.7809e-01 -1.6809e+00 +7.7933e-01 -1.7959e+00 +1.6832e+00
55 0 +2.419214977e+02 +3.405414977e+02 +3.405414977e+02 -9.3832e-01 -1.5460e+00 +1.0648e+00 -2.2311e+00 +1.9460e+00
63 0 +1.003820154e+02 +1.990020154e+02 +1.990020154e+02 -8.7946e-01 -1.6881e+00 +1.8518e+00 -3.4291e+00 +7.6282e-01
74 0 +9.602840072e+01 +1.946484007e+02 +1.946484007e+02 -2.0520e+00 -2.8904e+00 +1.6290e+00 -2.8332e+00 +8.9235e-02
132 0 +6.595874404e+01 +1.645787440e+02 +1.645787440e+02 -2.6030e+00 -1.5594e+00 +1.9942e+00 -3.4507e+00 -5.5818e-01
136 0 +3.801796498e+01 +1.366379650e+02 +1.366379650e+02 -2.2667e+00 -1.5876e+00 +1.9140e+00 -3.3071e+00 -3.9539e-01
149 0 +2.461039107e+01 +1.232303911e+02 +1.232303911e+02 -2.5549e+00 -1.7025e+00 +1.7035e+00 -3.2268e+00 -5.0112e-01
166 0 +1.379796942e+01 +1.124179694e+02 +1.124179694e+02 -2.6620e+00 -1.3557e+00 +1.8104e+00 -3.1900e+00 -1.7203e-03
181 0 +8.662735601e+00 +1.072827356e+02 +1.072827356e+02 -2.4840e+00 -1.5574e+00 +1.9567e+00 -2.9763e+00 -9.3609e-02
206 0 +4.671289913e+00 +1.032912899e+02 +1.032912899e+02 -2.6808e+00 -1.4002e+00 +2.0159e+00 -2.9479e+00 -4.3455e-03
278 0 +4.539205860e+00 +1.031592059e+02 +1.031592059e+02 -2.6195e+00 -1.4446e+00 +1.9324e+00 -2.9929e+00 -6.7728e-02
280 0 +4.461735921e+00 +1.030817359e+02 +1.030817359e+02 -2.6296e+00 -1.4528e+00 +1.9352e+00 -3.0009e+00 -6.6007e-02
306 0 +4.362396111e+00 +1.029823961e+02 +1.029823961e+02 -2.6344e+00 -1.4579e+00 +1.9277e+00 -2.9881e+00 -5.4535e-02
504 0 +4.285043214e+00 +1.029050432e+02 +1.029050432e+02 -2.6300e+00 -1.4558e+00 +1.9309e+00 -2.9749e+00 -2.6140e-02
% f evaluations | g evaluations | best noise-free fitness - Fopt (-4.715000000000e+01) + sum g_i+ | measured fitness | best measured fitness or single-digit g-values | x1 | x2...
1 0 +2.107616557e+04 +2.102901557e+04 +2.102901557e+04 -1.5185e-01 +6.0806e-01 -1.0797e-01 +4.7500e-01 -6.2996e-02
2 0 +1.983760400e+04 +1.979045400e+04 +1.979045400e+04 +7.1109e-02 -1.9310e-01 -2.9770e-01 +4.6772e-01 -1.9590e-01
3 0 +1.143253044e+04 +1.138538044e+04 +1.138538044e+04 +4.3463e-01 +2.1964e-01 +1.7606e-01 -3.6770e-02 +7.5824e-02
6 0 +7.446931125e+03 +7.399781125e+03 +7.399781125e+03 -5.0645e-02 -3.3349e-01 -2.8505e-01 -3.5865e-01 -2.8680e-01
13 0 +5.204673954e+03 +5.157523954e+03 +5.157523954e+03 -1.2925e-01 +2.8702e-02 +2.3859e-01 -7.2717e-01 -5.8592e-02
18 0 +3.964717533e+03 +3.917567533e+03 +3.917567533e+03 +1.6061e-01 -3.0428e-01 +3.3629e-01 -1.0144e+00 +1.4135e-01
26 0 +3.518205882e+03 +3.471055882e+03 +3.471055882e+03 -2.6478e-01 +4.9384e-02 +2.1190e-01 -1.0428e+00 +1.1870e-01
29 0 +2.707824288e+03 +2.660674288e+03 +2.660674288e+03 -4.0902e-01 -2.5152e-01 +3.1666e-01 -1.6992e+00 +7.2263e-03
34 0 +1.644520316e+03 +1.597370316e+03 +1.597370316e+03 -2.3146e-01 -8.9367e-01 +2.0213e-02 -1.9854e+00 +1.7905e-02
36 0 +1.503897623e+03 +1.456747623e+03 +1.456747623e+03 -3.4670e-01 -5.4731e-01 +3.1014e-02 -1.7455e+00 +2.5663e-01
43 0 +1.026546956e+03 +9.793969557e+02 +9.793969557e+02 +7.8278e-02 -1.0093e+00 -2.6147e-01 -2.1234e+00 +1.4262e-01
45 0 +9.827824717e+02 +9.356324717e+02 +9.356324717e+02 -9.6022e-01 -9.2598e-01 -2.2120e-01 -2.2397e+00 +6.9310e-01
52 0 +2.429856187e+02 +1.958356187e+02 +1.958356187e+02 -2.1820e-01 -6.5561e-01 -9.6922e-01 -1.9763e+00 -1.5479e-01
67 0 +1.954745126e+02 +1.483245126e+02 +1.483245126e+02 -1.0200e+00 -5.1023e-01 -1.1555e+00 -2.1505e+00 +6.2409e-01
75 0 +1.435715254e+02 +9.642152541e+01 +9.642152541e+01 -2.9660e-02 -1.0363e+00 -1.2854e+00 -2.0067e+00 +1.7960e+00
94 0 +8.019176005e+01 +3.304176005e+01 +3.304176005e+01 -3.2331e-01 -7.5383e-01 -1.4106e+00 -1.8692e+00 +1.6868e+00
148 0 +5.342181221e+01 +6.271812212e+00 +6.271812212e+00 -6.5379e-01 -1.2246e+00 -1.4106e+00 -2.3728e+00 +9.5206e-01
178 0 +4.103523785e+01 -6.114762148e+00 -6.114762148e+00 -7.6339e-01 -1.2223e+00 -1.6423e+00 -2.4676e+00 +3.5619e-01
193 0 +2.529901771e+01 -2.185098229e+01 -2.185098229e+01 -7.0249e-01 -1.0799e+00 -1.3236e+00 -2.3992e+00 +4.4014e-01
215 0 +2.013464539e+01 -2.701535461e+01 -2.701535461e+01 -5.2780e-01 -1.1046e+00 -1.5127e+00 -2.4562e+00 +4.0858e-01
243 0 +1.900134964e+01 -2.814865036e+01 -2.814865036e+01 -5.6856e-01 -1.1452e+00 -1.4353e+00 -2.5844e+00 +3.7429e-01
252 0 +1.600191438e+01 -3.114808562e+01 -3.114808562e+01 -5.2766e-01 -1.1198e+00 -1.4019e+00 -2.4657e+00 +3.8710e-01
257 0 +1.504086089e+01 -3.210913911e+01 -3.210913911e+01 -5.6017e-01 -1.0894e+00 -1.4066e+00 -2.4533e+00 +3.4731e-01
266 0 +1.379889900e+01 -3.335110100e+01 -3.335110100e+01 -5.3009e-01 -1.0720e+00 -1.4094e+00 -2.4426e+00 +3.3760e-01
273 0 +1.323181329e+01 -3.391818671e+01 -3.391818671e+01 -5.2577e-01 -1.0374e+00 -1.3699e+00 -2.4207e+00 +2.8200e-01
275 0 +1.216074107e+01 -3.498925893e+01 -3.498925893e+01 -5.0769e-01 -1.0867e+00 -1.3807e+00 -2.4811e+00 +3.1959e-01
281 0 +1.152785931e+01 -3.562214069e+01 -3.562214069e+01 -4.7996e-01 -1.0680e+00 -1.4031e+00 -2.4646e+00 +2.9428e-01
284 0 +1.060111836e+01 -3.654888164e+01 -3.654888164e+01 -5.1259e-01 -1.0655e+00 -1.3643e+00 -2.4856e+00 +2.9202e-01
291 0 +9.254137340e+00 -3.789586266e+01 -3.789586266e+01 -4.6289e-01 -1.0501e+00 -1.3811e+00 -2.4773e+00 +2.8802e-01
302 0 +8.614005247e+00 -3.853599475e+01 -3.853599475e+01 -4.8766e-01 -1.0437e+00 -1.3850e+00 -2.4916e+00 +3.1605e-01
305 0 +8.300330072e+00 -3.884966993e+01 -3.884966993e+01 -4.6382e-01 -1.0248e+00 -1.3917e+00 -2.4647e+00 +3.1332e-01
307 0 +7.208153427e+00 -3.994184657e+01 -3.994184657e+01 -4.8426e-01 -1.0295e+00 -1.3618e+00 -2.5048e+00 +2.8190e-01
316 0 +6.774814589e+00 -4.037518541e+01 -4.037518541e+01 -4.7146e-01 -1.0242e+00 -1.3628e+00 -2.5057e+00 +3.0165e-01
320 0 +6.690312160e+00 -4.045968784e+01 -4.045968784e+01 -4.6127e-01 -1.0240e+00 -1.3840e+00 -2.5030e+00 +2.8522e-01
321 0 +6.147179418e+00 -4.100282058e+01 -4.100282058e+01 -4.5886e-01 -1.0218e+00 -1.3680e+00 -2.5196e+00 +2.7934e-01
326 0 +5.828850953e+00 -4.132114905e+01 -4.132114905e+01 -4.5995e-01 -1.0046e+00 -1.3802e+00 -2.4946e+00 +2.8320e-01
327 0 +5.374299135e+00 -4.177570087e+01 -4.177570087e+01 -4.7218e-01 -1.0097e+00 -1.3765e+00 -2.5353e+00 +2.6504e-01
332 0 +4.678756236e+00 -4.247124376e+01 -4.247124376e+01 -4.4237e-01 -1.0013e+00 -1.3818e+00 -2.5297e+00 +2.6336e-01
340 0 +4.537458535e+00 -4.261254146e+01 -4.261254146e+01 -4.5852e-01 -9.9880e-01 -1.3640e+00 -2.5310e+00 +2.4685e-01
343 0 +3.239285677e+00 -4.391071432e+01 -4.391071432e+01 -4.3169e-01 -9.7803e-01 -1.3716e+00 -2.5380e+00 +2.4690e-01
347 0 +3.235512576e+00 -4.391448742e+01 -4.391448742e+01 -4.3786e-01 -9.7944e-01 -1.3776e+00 -2.5503e+00 +2.4045e-01
359 0 +3.139362082e+00 -4.401063792e+01 -4.401063792e+01 -4.4015e-01 -9.7360e-01 -1.3766e+00 -2.5401e+00 +2.4305e-01
360 0 +2.880439946e+00 -4.426956005e+01 -4.426956005e+01 -4.3235e-01 -9.7570e-01 -1.3614e+00 -2.5479e+00 +2.1898e-01
361 0 +2.646181674e+00 -4.450381833e+01 -4.450381833e+01 -4.2556e-01 -9.7236e-01 -1.3687e+00 -2.5614e+00 +2.2255e-01
368 0 +2.379047734e+00 -4.477095227e+01 -4.477095227e+01 -4.1956e-01 -9.6686e-01 -1.3734e+00 -2.5616e+00 +2.1861e-01
374 0 +1.941342961e+00 -4.520865704e+01 -4.520865704e+01 -4.1567e-01 -9.5774e-01 -1.3798e+00 -2.5703e+00 +2.0489e-01
379 0 +1.490774573e+00 -4.565922543e+01 -4.565922543e+01 -4.1243e-01 -9.4414e-01 -1.3712e+00 -2.5582e+00 +1.8936e-01
387 0 +1.299045067e+00 -4.585095493e+01 -4.585095493e+01 -3.9462e-01 -9.3500e-01 -1.3764e+00 -2.5596e+00 +1.8055e-01
393 0 +1.261744382e+00 -4.588825562e+01 -4.588825562e+01 -4.0641e-01 -9.3824e-01 -1.3831e+00 -2.5761e+00 +1.8063e-01
398 0 +1.248757109e+00 -4.590124289e+01 -4.590124289e+01 -4.0485e-01 -9.3986e-01 -1.3836e+00 -2.5937e+00 +1.8210e-01
399 0 +1.114456599e+00 -4.603554340e+01 -4.603554340e+01 -3.8537e-01 -9.2676e-01 -1.3803e+00 -2.5680e+00 +1.5600e-01
400 0 +9.627089526e-01 -4.618729105e+01 -4.618729105e+01 -3.9280e-01 -9.2961e-01 -1.3770e+00 -2.5761e+00 +1.7138e-01
402 0 +5.709969436e-01 -4.657900306e+01 -4.657900306e+01 -3.8309e-01 -9.1815e-01 -1.3794e+00 -2.6007e+00 +1.4157e-01
409 0 +5.347558320e-01 -4.661524417e+01 -4.661524417e+01 -3.6265e-01 -9.0566e-01 -1.3761e+00 -2.6038e+00 +1.2842e-01
411 0 +4.874673027e-01 -4.666253270e+01 -4.666253270e+01 -3.7069e-01 -9.0786e-01 -1.3762e+00 -2.5992e+00 +1.3266e-01
417 0 +2.669837760e-01 -4.688301622e+01 -4.688301622e+01 -3.6883e-01 -8.9996e-01 -1.3690e+00 -2.6208e+00 +1.1106e-01
425 0 +2.532701493e-01 -4.689672985e+01 -4.689672985e+01 -3.6493e-01 -8.9559e-01 -1.3588e+00 -2.6138e+00 +8.3153e-02
434 0 +2.477926562e-01 -4.690220734e+01 -4.690220734e+01 -3.7069e-01 -9.0065e-01 -1.3549e+00 -2.6097e+00 +9.1634e-02
452 0 +2.423114450e-01 -4.690768855e+01 -4.690768855e+01 -3.7032e-01 -9.0254e-01 -1.3583e+00 -2.6114e+00 +1.0485e-01
454 0 +1.975655230e-01 -4.695243448e+01 -4.695243448e+01 -3.6367e-01 -8.9096e-01 -1.3551e+00 -2.6147e+00 +9.6923e-02
474 0 +1.853688071e-01 -4.696463119e+01 -4.696463119e+01 -3.7243e-01 -8.9688e-01 -1.3522e+00 -2.6123e+00 +9.7873e-02
486 0 +1.780080335e-01 -4.697199197e+01 -4.697199197e+01 -3.7377e-01 -8.9653e-01 -1.3535e+00 -2.6126e+00 +9.3527e-02
490 0 +1.735838480e-01 -4.697641615e+01 -4.697641615e+01 -3.7290e-01 -8.9577e-01 -1.3534e+00 -2.6167e+00 +9.3606e-02
498 0 +1.623388319e-01 -4.698766117e+01 -4.698766117e+01 -3.7269e-01 -8.9353e-01 -1.3529e+00 -2.6140e+00 +9.2929e-02
504 0 +1.623388319e-01 -4.698766117e+01 -4.698766117e+01 -3.7269e-01 -8.9353e-01 -1.3529e+00 -2.6140e+00 +9.2929e-02
% f evaluations | g evaluations | best noise-free fitness - Fopt (3.752000000000e+01) + sum g_i+ | measured fitness | best measured fitness or single-digit g-values | x1 | x2...
1 0 +1.698238983e+04 +1.701990983e+04 +1.701990983e+04 -5.3344e-01 +7.7349e-02 +2.3578e-01 -3.5846e-01 -4.8809e-01
6 0 +1.177906936e+04 +1.181658936e+04 +1.181658936e+04 +3.9210e-01 -4.1704e-01 +3.1389e-01 -1.8619e-01 +1.3678e-01
7 0 +1.112811173e+04 +1.116563173e+04 +1.116563173e+04 +3.6066e-01 -4.5535e-01 +4.1140e-01 -1.5485e-01 +3.9151e-01
10 0 +1.028027522e+04 +1.031779522e+04 +1.031779522e+04 +4.9176e-01 -6.3697e-01 +1.2634e-01 -2.8000e-01 -1.2472e-01
11 0 +8.239566761e+03 +8.277086761e+03 +8.277086761e+03 +4.3486e-01 -7.7517e-01 +9.6188e-01 -2.1730e-01 +2.8813e-01
17 0 +7.080413494e+03 +7.117933494e+03 +7.117933494e+03 +8.0296e-02 -7.8652e-01 +5.7122e-01 -4.5937e-01 +2.6308e-01
20 0 +6.950520556e+03 +6.988040556e+03 +6.988040556e+03 +1.1927e-01 -1.0020e+00 +6.1768e-01 -3.5539e-01 -4.9876e-02
23 0 +2.562254568e+03 +2.599774568e+03 +2.599774568e+03 +7.5211e-01 -1.5505e+00 +4.7176e-01 -1.1050e+00 +3.3016e-01
25 0 +1.490276771e+03 +1.527796771e+03 +1.527796771e+03 +7.4293e-01 -1.7869e+00 +9.5873e-01 -1.2422e+00 +5.3311e-01
26 0 +1.145897400e+03 +1.183417400e+03 +1.183417400e+03 +1.2989e+00 -1.9228e+00 +7.1796e-01 -1.8515e+00 +2.3419e-01
33 0 +1.066495848e+03 +1.104015848e+03 +1.104015848e+03 +1.5182e+00 -3.2875e+00 +3.4006e-01 -2.1613e+00 +2.8955e-01
36 0 +7.049183715e+02 +7.424383715e+02 +7.424383715e+02 +8.5104e-01 -3.0655e+00 +1.9561e+00 -1.3259e+00 +9.7958e-01
42 0 +2.577073150e+02 +2.952273150e+02 +2.952273150e+02 +1.1976e+00 -3.2051e+00 +2.3442e+00 -2.2419e+00 +5.4068e-01
107 0 +6.622512049e+01 +1.037451205e+02 +1.037451205e+02 +1.8953e+00 -3.3556e+00 +1.8972e+00 -2.2550e+00 +1.5435e+00
113 0 +2.524015388e+01 +6.276015388e+01 +6.276015388e+01 +1.6313e+00 -2.7336e+00 +1.6571e+00 -2.1229e+00 +2.0942e+00
124 0 +1.668242107e+01 +5.420242107e+01 +5.420242107e+01 +1.7589e+00 -3.1459e+00 +1.8686e+00 -2.6984e+00 +2.1191e+00
145 0 +9.260674832e+00 +4.678067483e+01 +4.678067483e+01 +2.0094e+00 -2.5712e+00 +2.2705e+00 -2.2542e+00 +2.1322e+00
164 0 +7.957302983e+00 +4.547730298e+01 +4.547730298e+01 +2.0087e+00 -2.7911e+00 +1.7961e+00 -2.5791e+00 +1.9267e+00
169 0 +6.128339162e+00 +4.364833916e+01 +4.364833916e+01 +1.7549e+00 -2.8319e+00 +1.9436e+00 -2.3900e+00 +1.8652e+00
173 0 +5.007754322e+00 +4.252775432e+01 +4.252775432e+01 +1.8564e+00 -2.7884e+00 +1.8595e+00 -2.4619e+00 +2.1050e+00
181 0 +4.016285454e+00 +4.153628545e+01 +4.153628545e+01 +1.8747e+00 -2.7171e+00 +1.9976e+00 -2.4581e+00 +2.0246e+00
183 0 +3.790584478e+00 +4.131058448e+01 +4.131058448e+01 +1.8054e+00 -2.8277e+00 +1.8601e+00 -2.4701e+00 +2.0096e+00
196 0 +3.505065382e+00 +4.102506538e+01 +4.102506538e+01 +1.9496e+00 -2.7962e+00 +1.9361e+00 -2.4636e+00 +2.0652e+00
203 0 +3.390077925e+00 +4.091007793e+01 +4.091007793e+01 +1.9102e+00 -2.7869e+00 +1.9192e+00 -2.4144e+00 +2.0446e+00
213 0 +3.049075211e+00 +4.056907521e+01 +4.056907521e+01 +1.9315e+00 -2.7677e+00 +1.9232e+00 -2.4366e+00 +2.0255e+00
217 0 +2.937759915e+00 +4.045775992e+01 +4.045775992e+01 +1.9477e+00 -2.7812e+00 +1.9301e+00 -2.4697e+00 +2.0061e+00
250 0 +2.858544934e+00 +4.037854493e+01 +4.037854493e+01 +1.9682e+00 -2.7569e+00 +1.9366e+00 -2.4447e+00 +1.9951e+00
277 0 +2.785859809e+00 +4.030585981e+01 +4.030585981e+01 +1.9603e+00 -2.7463e+00 +1.9470e+00 -2.4496e+00 +2.0028e+00
328 0 +2.752291564e+00 +4.027229156e+01 +4.027229156e+01 +1.9663e+00 -2.7421e+00 +1.9506e+00 -2.4581e+00 +1.9990e+00
489 0 +2.689711035e+00 +4.020971104e+01 +4.020971104e+01 +1.9814e+00 -2.7195e+00 +1.9648e+00 -2.4567e+00 +2.0063e+00
504 0 +2.685176461e+00 +4.020517646e+01 +4.020517646e+01 +1.9830e+00 -2.7189e+00 +1.9656e+00 -2.4570e+00 +2.0068e+00
% f evaluations | g evaluations | best noise-free fitness - Fopt (6.740000000000e+00) + sum g_i+ | measured fitness | best measured fitness or single-digit g-values | x1 | x2...
1 0 +2.403596831e+03 +2.410336831e+03 +2.410336831e+03 -2.4774e-01 -8.5109e-02 -6.9905e-02 +4.3869e-01 -1.6083e-01
4 0 +1.904127227e+03 +1.910867227e+03 +1.910867227e+03 +3.2265e-01 +5.2619e-02 -3.0056e-01 +5.6876e-02 +2.0806e-01
6 0 +1.741068315e+03 +1.747808315e+03 +1.747808315e+03 -3.3684e-01 -5.8535e-02 -3.7831e-01 +1.4841e-01 +4.0640e-02
12 0 +1.627343551e+03 +1.634083551e+03 +1.634083551e+03 +2.7165e-01 -2.2760e-01 -4.4210e-01 +1.8300e-01 +9.0090e-02
15 0 +1.491117413e+03 +1.497857413e+03 +1.497857413e+03 -3.3850e-01 -3.6170e-01 -4.3551e-01 +2.2539e-01 -3.5685e-01
16 0 +1.288391599e+03 +1.295131599e+03 +1.295131599e+03 -2.0994e-01 -4.2120e-01 -7.8887e-01 +6.9335e-02 +2.3852e-01
18 0 +1.164796481e+03 +1.171536481e+03 +1.171536481e+03 -3.5880e-01 -6.0617e-01 -9.7332e-01 +1.2843e-01 -1.4562e-01
24 0 +9.929995847e+02 +9.997395847e+02 +9.997395847e+02 -4.3078e-02 -2.2254e-01 -9.3202e-01 -5.5504e-02 +1.8268e-01
25 0 +6.584802958e+02 +6.652202958e+02 +6.652202958e+02 +4.1325e-02 -4.5603e-01 -1.7388e+00 -2.7892e-01 -2.3692e-01
39 0 +4.442260746e+02 +4.509660746e+02 +4.509660746e+02 -1.7046e-01 +3.1635e-01 -1.5934e+00 -5.5626e-02 -5.3041e-01
42 0 +3.990165905e+02 +4.057565905e+02 +4.057565905e+02 +4.1691e-01 -2.0653e-03 -1.4813e+00 -4.9641e-01 -4.0902e-01
44 0 +3.928825081e+02 +3.996225081e+02 +3.996225081e+02 -6.3996e-01 +1.9547e-01 -1.3036e+00 -7.2890e-02 -1.5007e+00
48 0 +3.463713655e+02 +3.531113655e+02 +3.531113655e+02 +9.4553e-02 -3.6859e-02 -1.5469e+00 -1.7028e-01 -9.1731e-01
58 0 +2.912807072e+02 +2.980207072e+02 +2.980207072e+02 -1.7237e-01 +2.8297e-02 -1.9107e+00 -1.4503e-01 -2.0121e+00
85 0 +2.491910188e+02 +2.559310188e+02 +2.559310188e+02 -3.7791e-01 +1.2604e+00 -1.1391e+00 +1.2102e-01 -2.2503e+00
89 0 +2.299050812e+02 +2.366450812e+02 +2.366450812e+02 +3.5508e-01 +5.7574e-01 -1.7251e+00 +5.3225e-01 -1.9340e+00
91 0 +2.061374243e+02 +2.128774243e+02 +2.128774243e+02 +3.7079e-01 +1.3112e-01 -1.4650e+00 +1.7224e-02 -2.3157e+00
103 0 +1.188259981e+02 +1.255659981e+02 +1.255659981e+02 +3.4318e-01 +6.9199e-01 -1.9933e+00 +5.3280e-01 -2.5493e+00
108 0 +8.935576077e+01 +9.609576077e+01 +9.609576077e+01 +3.6018e-01 +1.2396e+00 -1.6509e+00 +5.5975e-01 -3.1926e+00
111 0 +8.500423491e+01 +9.174423491e+01 +9.174423491e+01 -1.0898e-02 +5.1339e-01 -1.7913e+00 +4.1261e-01 -2.7860e+00
137 0 +6.955059341e+01 +7.629059341e+01 +7.629059341e+01 +4.4934e-01 +6.7698e-01 -1.2933e+00 +7.7951e-01 -3.4223e+00
146 0 +5.556208970e+01 +6.230208970e+01 +6.230208970e+01 +4.2039e-01 +3.2360e-01 -1.8843e+00 +7.1353e-01 -3.3643e+00
152 0 +4.289093777e+01 +4.963093777e+01 +4.963093777e+01 +2.2567e-01 +3.0508e-01 -1.7367e+00 +8.9030e-01 -3.2587e+00
156 0 +2.514488455e+01 +3.188488455e+01 +3.188488455e+01 +6.0679e-01 +7.0156e-01 -1.4834e+00 +9.9620e-01 -3.8837e+00
173 0 +2.339095400e+01 +3.013095400e+01 +3.013095400e+01 -1.8632e-01 +6.1920e-01 -1.6607e+00 +8.7133e-01 -3.7372e+00
176 0 +2.283039668e+01 +2.957039668e+01 +2.957039668e+01 +7.6501e-01 +6.3442e-01 -1.6754e+00 +1.0076e+00 -3.7439e+00
177 0 +1.575631772e+01 +2.249631772e+01 +2.249631772e+01 +4.9810e-01 +7.2545e-01 -1.8184e+00 +9.0282e-01 -3.6028e+00
184 0 +8.423701493e+00 +1.516370149e+01 +1.516370149e+01 +6.0669e-01 +9.3960e-01 -1.5702e+00 +1.1101e+00 -3.8480e+00
206 0 +5.797619378e+00 +1.253761938e+01 +1.253761938e+01 +4.6141e-01 +6.6087e-01 -1.6833e+00 +1.1601e+00 -3.8292e+00
219 0 +4.498599784e+00 +1.123859978e+01 +1.123859978e+01 +4.3277e-01 +7.9224e-01 -1.6619e+00 +1.1871e+00 -3.7482e+00
227 0 +4.151300026e+00 +1.089130003e+01 +1.089130003e+01 +4.9008e-01 +7.1444e-01 -1.7329e+00 +1.2009e+00 -3.8176e+00
229 0 +3.720742995e+00 +1.046074299e+01 +1.046074299e+01 +5.5750e-01 +7.7619e-01 -1.6934e+00 +1.2206e+00 -3.8098e+00
242 0 +3.688488285e+00 +1.042848829e+01 +1.042848829e+01 +5.0585e-01 +8.1746e-01 -1.7624e+00 +1.2384e+00 -3.7527e+00
251 0 +3.622289667e+00 +1.036228967e+01 +1.036228967e+01 +4.8932e-01 +8.0161e-01 -1.6944e+00 +1.2410e+00 -3.6974e+00
254 0 +3.492840188e+00 +1.023284019e+01 +1.023284019e+01 +5.2974e-01 +7.3298e-01 -1.7638e+00 +1.2333e+00 -3.7214e+00
256 0 +3.306710899e+00 +1.004671090e+01 +1.004671090e+01 +5.0737e-01 +7.8119e-01 -1.7085e+00 +1.2702e+00 -3.7533e+00
261 0 +3.177056650e+00 +9.917056650e+00 +9.917056650e+00 +5.2737e-01 +7.6870e-01 -1.7048e+00 +1.2408e+00 -3.7521e+00
278 0 +3.155620845e+00 +9.895620845e+00 +9.895620845e+00 +5.2510e-01 +7.6474e-01 -1.7155e+00 +1.2366e+00 -3.7297e+00
325 0 +3.087274481e+00 +9.827274481e+00 +9.827274481e+00 +5.3401e-01 +7.8507e-01 -1.7228e+00 +1.2354e+00 -3.7322e+00
418 0 +3.019561529e+00 +9.759561529e+00 +9.759561529e+00 +5.5898e-01 +8.0345e-01 -1.7067e+00 +1.2455e+00 -3.7455e+00
504 0 +2.993828918e+00 +9.733828918e+00 +9.733828918e+00 +5.7035e-01 +8.1466e-01 -1.7035e+00 +1.2479e+00 -3.7503e+00
% f evaluations | g evaluations | best noise-free fitness - Fopt (-1.897900000000e+02) + sum g_i+ | measured fitness | best measured fitness or single-digit g-values | x1 | x2...
1 0 +4.643681085e+03 +4.453891085e+03 +4.453891085e+03 +2.3932e-02 +2.0257e-01 -3.4379e-02 +3.2479e-02 +2.6878e-01
2 0 +3.551443669e+03 +3.361653669e+03 +3.361653669e+03 -2.0602e-01 +5.7654e-01 +2.0500e-01 -4.8814e-02 -3.3524e-01
7 0 +2.897284804e+03 +2.707494804e+03 +2.707494804e+03 -4.8053e-01 +2.1715e-01 +3.7280e-01 -2.3020e-02 +4.8404e-01
9 0 +2.224805560e+03 +2.035015560e+03 +2.035015560e+03 -6.5653e-01 +6.2458e-01 +1.1579e-01 -2.5689e-01 -9.9002e-02
11 0 +2.146282489e+03 +1.956492489e+03 +1.956492489e+03 -5.4198e-01 +3.3846e-01 +5.2708e-01 -2.1926e-01 +4.1352e-01
22 0 +6.183366290e+02 +4.285466290e+02 +4.285466290e+02 -1.1371e+00 +7.9854e-01 +4.0757e-01 -9.9986e-01 +2.7965e-01
34 0 +2.199659023e+02 +3.017590235e+01 +3.017590235e+01 -1.8858e+00 +1.1903e+00 +9.2883e-01 -1.0497e+00 +5.5911e-01
42 0 +1.872014867e+02 -2.588513326e+00 -2.588513326e+00 -2.8950e+00 +1.5255e+00 +1.5320e+00 -2.5069e+00 +1.7762e+00
44 0 +7.616886313e+01 -1.136211369e+02 -1.136211369e+02 -2.4658e+00 +1.8848e+00 +1.2608e+00 -1.7020e+00 +8.0491e-01
53 0 +3.917385398e+01 -1.506161460e+02 -1.506161460e+02 -1.8881e+00 +1.8572e+00 +1.9113e+00 -1.5301e+00 +1.4470e+00
113 0 +2.549763528e+01 -1.642923647e+02 -1.642923647e+02 -2.6964e+00 +1.8455e+00 +1.8233e+00 -1.6357e+00 +1.0942e+00
127 0 +2.496728141e+01 -1.648227186e+02 -1.648227186e+02 -2.2739e+00 +1.4514e+00 +1.5175e+00 -1.5600e+00 +9.5177e-01
138 0 +1.364475663e+01 -1.761452434e+02 -1.761452434e+02 -2.5153e+00 +1.7491e+00 +1.9604e+00 -1.7350e+00 +9.6781e-01
145 0 +7.792642545e+00 -1.819973575e+02 -1.819973575e+02 -2.5153e+00 +1.8242e+00 +1.8757e+00 -1.9001e+00 +1.2352e+00
160 0 +5.602529615e+00 -1.841874704e+02 -1.841874704e+02 -2.3337e+00 +1.6546e+00 +1.8275e+00 -1.8351e+00 +1.1149e+00
181 0 +5.194699717e+00 -1.845953003e+02 -1.845953003e+02 -2.3399e+00 +1.7243e+00 +1.9046e+00 -1.7664e+00 +1.2033e+00
190 0 +4.628527556e+00 -1.851614724e+02 -1.851614724e+02 -2.4007e+00 +1.7550e+00 +1.8643e+00 -1.7822e+00 +1.1897e+00
504 0 +4.600361057e+00 -1.851896389e+02 -1.851896389e+02 -2.4121e+00 +1.7705e+00 +1.8854e+00 -1.7649e+00 +1.1953e+00
% f evaluations | g evaluations | best noise-free fitness - Fopt (-2.774000000000e+01) + sum g_i+ | measured fitness | best measured fitness or single-digit g-values | x1 | x2...
1 0 +1.048992648e+04 +1.046218648e+04 +1.046218648e+04 +6.4254e-01 -1.3576e-01 -5.0815e-02 -1.0903e-01 +2.8057e-01
2 0 +8.562581475e+03 +8.534841475e+03 +8.534841475e+03 -1.7918e-01 -4.0294e-01 +2.4930e-02 +3.0768e-01 +2.4153e-01
14 0 +3.746768034e+03 +3.719028034e+03 +3.719028034e+03 -4.5419e-02 -9.5640e-01 -3.1559e-01 +2.6383e-01 +6.9284e-01
18 0 +2.573555953e+03 +2.545815953e+03 +2.545815953e+03 -9.3328e-02 -1.2833e+00 -4.4967e-01 -1.2011e-01 +2.2308e-01
24 0 +1.781763495e+03 +1.754023495e+03 +1.754023495e+03 +4.2523e-02 -1.4800e+00 -4.9010e-01 +2.1673e-01 +1.5990e+00
29 0 +1.334569432e+03 +1.306829432e+03 +1.306829432e+03 +1.4967e-01 -1.8657e+00 -5.9705e-01 +6.7410e-01 +7.5816e-01
30 0 +9.273778359e+02 +8.996378359e+02 +8.996378359e+02 +6.3566e-01 -1.9222e+00 -5.4659e-01 +6.8221e-01 +1.9813e+00
35 0 +7.418765833e+02 +7.141365833e+02 +7.141365833e+02 +1.2706e+00 -1.7716e+00 -1.0944e+00 -2.2972e-01 +2.0748e+00
41 0 +7.091195035e+02 +6.813795035e+02 +6.813795035e+02 +7.1782e-01 -2.4995e+00 -6.6696e-01 +7.1423e-01 +2.6027e+00
45 0 +4.689017741e+02 +4.411617741e+02 +4.411617741e+02 +7.8445e-01 -1.9063e+00 -9.0511e-01 +5.2448e-02 +1.5896e+00
77 0 +1.483127805e+02 +1.205727805e+02 +1.205727805e+02 +9.1261e-01 -1.9788e+00 -1.2930e+00 +1.7444e-01 +5.4062e-01
80 0 +1.206769783e+02 +9.293697829e+01 +9.293697829e+01 +7.4651e-01 -2.2616e+00 -1.3648e+00 -4.2781e-01 -8.4331e-02
86 0 +8.099397398e+01 +5.325397398e+01 +5.325397398e+01 +2.8348e-01 -2.7835e+00 -1.5478e+00 -1.7657e-01 +5.6828e-01
93 0 +7.134860301e+01 +4.360860301e+01 +4.360860301e+01 +5.9200e-01 -2.5458e+00 -1.9993e+00 -8.3149e-01 +5.2070e-01
106 0 +6.413612540e+01 +3.639612540e+01 +3.639612540e+01 +1.6552e-01 -2.4715e+00 -1.9915e+00 -6.5836e-01 -5.6842e-01
108 0 +5.983635077e+01 +3.209635077e+01 +3.209635077e+01 +7.0293e-01 -2.2913e+00 -1.6070e+00 -6.8205e-01 +6.4013e-03
119 0 +3.961803930e+01 +1.187803930e+01 +1.187803930e+01 +6.3181e-01 -2.6676e+00 -1.7545e+00 -6.5510e-01 -1.7136e-01
130 0 +2.125337854e+01 -6.486621456e+00 -6.486621456e+00 +5.9221e-01 -2.5828e+00 -2.1716e+00 -8.1123e-01 +1.4311e-01
138 0 +1.752205381e+01 -1.021794619e+01 -1.021794619e+01 +7.6359e-01 -2.3593e+00 -1.6769e+00 -4.6506e-01 +7.0422e-03
148 0 +5.141114068e+00 -2.259888593e+01 -2.259888593e+01 +5.8276e-01 -2.5718e+00 -1.8398e+00 -4.6874e-01 +1.5063e-01
149 0 +2.287397093e+00 -2.545260291e+01 -2.545260291e+01 +5.9524e-01 -2.4482e+00 -1.8369e+00 -5.0761e-01 +5.5450e-02
156 0 +1.000706229e+00 -2.673929377e+01 -2.673929377e+01 +6.4489e-01 -2.4817e+00 -1.9016e+00 -4.6517e-01 +1.3168e-01
190 0 +6.715755460e-01 -2.706842445e+01 -2.706842445e+01 +6.2579e-01 -2.4964e+00 -1.9168e+00 -5.4862e-01 +1.7629e-02
197 0 +6.232891867e-01 -2.711671081e+01 -2.711671081e+01 +6.2694e-01 -2.4625e+00 -1.8967e+00 -4.6708e-01 +9.3786e-02
198 0 +5.406129266e-01 -2.719938707e+01 -2.719938707e+01 +5.9817e-01 -2.4796e+00 -1.9023e+00 -5.2780e-01 -2.9000e-02
204 0 +2.910024896e-01 -2.744899751e+01 -2.744899751e+01 +6.0127e-01 -2.4950e+00 -1.9052e+00 -4.9548e-01 +5.2827e-03
205 0 +2.821881201e-01 -2.745781188e+01 -2.745781188e+01 +6.2504e-01 -2.4845e+00 -1.8956e+00 -4.9862e-01 -4.9328e-03
220 0 +2.148018452e-01 -2.752519815e+01 -2.752519815e+01 +6.1736e-01 -2.4998e+00 -1.8978e+00 -5.0362e-01 +2.5031e-02
249 0 +1.971134018e-01 -2.754288660e+01 -2.754288660e+01 +6.1405e-01 -2.4893e+00 -1.9025e+00 -5.0964e-01 +1.1111e-02
256 0 +1.891504334e-01 -2.755084957e+01 -2.755084957e+01 +6.1044e-01 -2.5017e+00 -1.9063e+00 -5.0555e-01 +1.7935e-02
277 0 +1.818676457e-01 -2.755813235e+01 -2.755813235e+01 +6.0987e-01 -2.4949e+00 -1.9012e+00 -5.0625e-01 +1.5280e-02
302 0 +1.777706515e-01 -2.756222935e+01 -2.756222935e+01 +6.1474e-01 -2.4950e+00 -1.9028e+00 -5.0294e-01 +1.8367e-02
327 0 +1.735810887e-01 -2.756641891e+01 -2.756641891e+01 +6.1538e-01 -2.4941e+00 -1.8996e+00 -5.0108e-01 +1.9178e-02
504 0 +1.712157101e-01 -2.756878429e+01 -2.756878429e+01 +6.1360e-01 -2.4941e+00 -1.8981e+00 -4.9965e-01 +1.9873e-02
% f evaluations | g evaluations | best noise-free fitness - Fopt (6.930000000000e+00) + sum g_i+ | measured fitness | best measured fitness or single-digit g-values | x1 | x2...
1 0 +2.513686916e+03 +2.520616916e+03 +2.520616916e+03 +3.1124e-03 -4.0417e-01 +1.6711e-01 -4.4052e-01 +2.5037e-01
2 0 +2.356782983e+03 +2.363712983e+03 +2.363712983e+03 -3.5081e-01 +6.1211e-02 +1.7644e-01 -2.4840e-01 +5.9188e-01
13 0 +2.307652950e+03 +2.314582950e+03 +2.314582950e+03 -5.6516e-01 -5.5230e-01 +1.3911e-01 -2.0390e-01 +5.8882e-01
18 0 +1.577358869e+03 +1.584288869e+03 +1.584288869e+03 -2.0824e-01 -4.5830e-01 +2.9182e-02 -5.7280e-01 +5.5800e-01
22 0 +1.294429093e+03 +1.301359093e+03 +1.301359093e+03 -3.6040e-01 +1.2901e-01 -3.7949e-02 -5.9740e-01 +5.1847e-01
26 0 +9.398088161e+02 +9.467388161e+02 +9.467388161e+02 -4.2037e-01 -3.2859e-01 -2.5669e-02 -8.1563e-01 +6.3542e-01
31 0 +8.691043471e+02 +8.760343471e+02 +8.760343471e+02 -5.5004e-01 -2.3826e-01 +1.2090e-01 -1.0617e+00 +9.3971e-01
33 0 +5.902912375e+02 +5.972212375e+02 +5.972212375e+02 -4.9690e-01 -2.7885e-01 -1.2633e-01 -1.0717e+00 +8.3540e-01
48 0 +3.358670970e+02 +3.427970970e+02 +3.427970970e+02 -9.8373e-01 -7.4330e-02 -1.9012e-01 -1.2300e+00 +1.4545e+00
50 0 +1.702816427e+02 +1.772116427e+02 +1.772116427e+02 -1.1627e+00 +1.4727e-01 -4.7607e-01 -9.8108e-01 +1.4411e+00
51 0 +9.149216267e+01 +9.842216267e+01 +9.842216267e+01 -1.4782e+00 -1.0401e-01 -6.9243e-01 -1.1008e+00 +1.7289e+00
141 0 +9.053773556e+01 +9.746773556e+01 +9.746773556e+01 -1.3201e+00 +3.5544e-01 -8.6367e-01 -1.2961e+00 +1.0225e+00
149 0 +8.877721671e+01 +9.570721671e+01 +9.570721671e+01 -1.1305e+00 +3.3953e-01 -9.2808e-01 -1.3266e+00 +1.0629e+00
151 0 +8.341249790e+01 +9.034249790e+01 +9.034249790e+01 -1.3799e+00 +5.5667e-01 -9.2283e-01 -1.4145e+00 +1.1045e+00
168 0 +8.306409531e+01 +8.999409531e+01 +8.999409531e+01 -1.3765e+00 +5.9567e-01 -9.6162e-01 -1.3740e+00 +1.1124e+00
170 0 +8.060062219e+01 +8.753062219e+01 +8.753062219e+01 -1.3095e+00 +6.4269e-01 -8.8433e-01 -1.4584e+00 +9.9860e-01
174 0 +7.738980976e+01 +8.431980976e+01 +8.431980976e+01 -1.2781e+00 +6.8631e-01 -1.0358e+00 -1.4614e+00 +1.0563e+00
183 0 +7.395782544e+01 +8.088782544e+01 +8.088782544e+01 -1.4033e+00 +7.0977e-01 -9.8396e-01 -1.4645e+00 +9.5344e-01
192 0 +6.954332401e+01 +7.647332401e+01 +7.647332401e+01 -1.4582e+00 +7.0771e-01 -9.8946e-01 -1.5403e+00 +8.5327e-01
204 0 +6.064957273e+01 +6.757957273e+01 +6.757957273e+01 -1.3919e+00 +8.2594e-01 -1.0453e+00 -1.5643e+00 +5.9579e-01
211 0 +6.018795599e+01 +6.711795599e+01 +6.711795599e+01 -1.3797e+00 +7.8312e-01 -9.9922e-01 -1.6074e+00 +6.3405e-01
212 0 +4.734864095e+01 +5.427864095e+01 +5.427864095e+01 -1.4520e+00 +9.4225e-01 -1.0828e+00 -1.7899e+00 +4.1979e-01
229 0 +3.595703417e+01 +4.288703417e+01 +4.288703417e+01 -1.4821e+00 +9.3460e-01 -1.2224e+00 -1.9238e+00 +5.4485e-02
244 0 +3.493626608e+01 +4.186626608e+01 +4.186626608e+01 -1.5395e+00 +9.9229e-01 -1.1602e+00 -2.0542e+00 +7.6618e-02
252 0 +3.437941635e+01 +4.130941635e+01 +4.130941635e+01 -1.5725e+00 +1.0428e+00 -1.2354e+00 -2.0237e+00 -1.6067e-02
268 0 +3.048808279e+01 +3.741808279e+01 +3.741808279e+01 -1.6018e+00 +8.8592e-01 -1.1764e+00 -2.0895e+00 -3.1248e-02
274 0 +2.938765495e+01 +3.631765495e+01 +3.631765495e+01 -1.6447e+00 +8.4425e-01 -1.1934e+00 -2.1248e+00 -1.4910e-01
277 0 +2.883518259e+01 +3.576518259e+01 +3.576518259e+01 -1.6117e+00 +1.0626e+00 -1.3393e+00 -2.2584e+00 -9.2301e-02
279 0 +2.311451970e+01 +3.004451970e+01 +3.004451970e+01 -1.7283e+00 +8.6378e-01 -1.2610e+00 -2.1959e+00 -2.1352e-01
294 0 +2.258925168e+01 +2.951925168e+01 +2.951925168e+01 -1.7493e+00 +9.2217e-01 -1.2737e+00 -2.2768e+00 -2.4643e-01
297 0 +1.812489247e+01 +2.505489247e+01 +2.505489247e+01 -1.7853e+00 +8.8484e-01 -1.3094e+00 -2.2341e+00 -2.0813e-01
313 0 +1.764889423e+01 +2.457889423e+01 +2.457889423e+01 -1.7902e+00 +8.5372e-01 -1.3294e+00 -2.2715e+00 -2.5114e-01
317 0 +1.614773052e+01 +2.307773052e+01 +2.307773052e+01 -1.7431e+00 +8.3393e-01 -1.3592e+00 -2.2441e+00 -1.9914e-01
321 0 +1.429299142e+01 +2.122299142e+01 +2.122299142e+01 -1.8038e+00 +8.6131e-01 -1.3688e+00 -2.3164e+00 -2.1893e-01
330 0 +1.235395856e+01 +1.928395856e+01 +1.928395856e+01 -1.8119e+00 +8.0609e-01 -1.3835e+00 -2.2901e+00 -1.5806e-01
345 0 +1.211296449e+01 +1.904296449e+01 +1.904296449e+01 -1.8305e+00 +8.2293e-01 -1.3839e+00 -2.2972e+00 -1.7361e-01
353 0 +1.151898242e+01 +1.844898242e+01 +1.844898242e+01 -1.8290e+00 +8.3621e-01 -1.3953e+00 -2.2934e+00 -1.6322e-01
368 0 +1.120188311e+01 +1.813188311e+01 +1.813188311e+01 -1.8318e+00 +8.2004e-01 -1.3938e+00 -2.2920e+00 -1.1868e-01
381 0 +1.095349020e+01 +1.788349020e+01 +1.788349020e+01 -1.8471e+00 +8.2586e-01 -1.3916e+00 -2.3095e+00 -1.0797e-01
394 0 +1.029504800e+01 +1.722504800e+01 +1.722504800e+01 -1.8546e+00 +8.3642e-01 -1.4044e+00 -2.3191e+00 -8.3325e-02
416 0 +1.006943676e+01 +1.699943676e+01 +1.699943676e+01 -1.8643e+00 +8.4580e-01 -1.4046e+00 -2.3365e+00 -1.1156e-01
418 0 +9.981296227e+00 +1.691129623e+01 +1.691129623e+01 -1.8700e+00 +8.3668e-01 -1.4044e+00 -2.3322e+00 -1.1482e-01
426 0 +9.493060207e+00 +1.642306021e+01 +1.642306021e+01 -1.8768e+00 +8.4922e-01 -1.4132e+00 -2.3425e+00 -1.0759e-01
449 0 +9.321997912e+00 +1.625199791e+01 +1.625199791e+01 -1.8817e+00 +8.5141e-01 -1.4157e+00 -2.3486e+00 -1.1306e-01
474 0 +9.099788816e+00 +1.602978882e+01 +1.602978882e+01 -1.8840e+00 +8.5435e-01 -1.4209e+00 -2.3535e+00 -1.2025e-01
504 0 +8.945941855e+00 +1.587594185e+01 +1.587594185e+01 -1.8881e+00 +8.5559e-01 -1.4236e+00 -2.3588e+00 -1.1833e-01
% f evaluations | g evaluations | best noise-free fitness - Fopt (-4.456000000000e+01) + sum g_i+ | measured fitness | best measured fitness or single-digit g-values | x1 | x2...
1 0 +4.698281318e+03 +4.653721318e+03 +4.653721318e+03 -8.2056e-02 -3.9846e-01 +3.0407e-01 +2.5495e-01 +1.5937e-01
9 0 +3.926728525e+03 +3.882168525e+03 +3.882168525e+03 -1.0067e-01 -5.5014e-01 +6.9383e-01 +2.1526e-01 -6.9992e-01
11 0 +3.317609065e+03 +3.273049065e+03 +3.273049065e+03 +5.6612e-01 -6.2879e-01 +9.0709e-01 +4.4291e-01 +1.1463e-01
17 0 +1.410052669e+03 +1.365492669e+03 +1.365492669e+03 +8.8744e-01 -1.4325e+00 +1.1706e+00 +4.7122e-01 +3.6433e-01
19 0 +7.426288399e+02 +6.980688399e+02 +6.980688399e+02 +8.1076e-01 -1.6545e+00 +1.3702e+00 +2.3963e-01 +1.5125e-01
34 0 +5.313705037e+02 +4.868105037e+02 +4.868105037e+02 +1.0418e+00 -1.4631e+00 +1.1941e+00 +2.4798e-02 +1.8297e-01
38 0 +3.102234945e+02 +2.656634945e+02 +2.656634945e+02 +1.3413e+00 -1.6653e+00 +9.6616e-01 -9.0816e-01 -5.8982e-01
48 0 +2.051404335e+02 +1.605804335e+02 +1.605804335e+02 -2.3092e-01 -2.7566e+00 +1.8063e+00 -6.0147e-01 -7.0439e-01
51 0 +1.119514219e+02 +6.739142191e+01 +6.739142191e+01 +3.0110e-01 -2.2849e+00 +6.8597e-01 -1.3406e+00 -1.7641e-01
53 0 +7.733464739e+01 +3.277464739e+01 +3.277464739e+01 +3.0307e-01 -2.0824e+00 +4.9097e-01 -2.2184e+00 -1.3084e+00
61 0 +5.417543546e+01 +9.615435463e+00 +9.615435463e+00 +8.9341e-02 -2.6184e+00 +2.0728e-01 -2.0874e+00 -8.9729e-01
91 0 +5.001916516e+01 +5.459165163e+00 +5.459165163e+00 +2.0400e-01 -2.0592e+00 +6.9717e-01 -1.7583e+00 -8.9626e-01
97 0 +4.026717577e+01 -4.292824230e+00 -4.292824230e+00 -3.0562e-01 -2.3285e+00 +4.6252e-01 -1.9369e+00 -1.4836e+00
110 0 +1.592322783e+01 -2.863677217e+01 -2.863677217e+01 +2.5846e-01 -2.5160e+00 +8.3782e-01 -1.3423e+00 -1.0715e+00
136 0 +1.343104503e+01 -3.112895497e+01 -3.112895497e+01 -3.0445e-01 -2.5162e+00 +5.6308e-01 -1.5792e+00 -1.4586e+00
145 0 +5.905205219e+00 -3.865479478e+01 -3.865479478e+01 +1.1294e-01 -2.5361e+00 +7.8500e-01 -1.6166e+00 -1.2337e+00
159 0 +4.591401072e+00 -3.996859893e+01 -3.996859893e+01 -2.8140e-01 -2.6687e+00 +5.9883e-01 -1.6429e+00 -1.2473e+00
161 0 +4.138170127e+00 -4.042182987e+01 -4.042182987e+01 -2.3357e-01 -2.7184e+00 +5.7537e-01 -1.7201e+00 -1.2572e+00
224 0 +4.022513199e+00 -4.053748680e+01 -4.053748680e+01 -2.2900e-01 -2.7285e+00 +6.1232e-01 -1.7054e+00 -1.2987e+00
234 0 +3.976629541e+00 -4.058337046e+01 -4.058337046e+01 -2.1170e-01 -2.7153e+00 +5.9673e-01 -1.6906e+00 -1.2558e+00
241 0 +3.873129801e+00 -4.068687020e+01 -4.068687020e+01 -1.8807e-01 -2.7017e+00 +6.0253e-01 -1.6867e+00 -1.2757e+00
331 0 +3.790457709e+00 -4.076954229e+01 -4.076954229e+01 -1.5493e-01 -2.7006e+00 +6.0555e-01 -1.6924e+00 -1.2828e+00
504 0 +3.730461915e+00 -4.082953809e+01 -4.082953809e+01 -1.2528e-01 -2.6980e+00 +6.0853e-01 -1.6880e+00 -1.2796e+00
% f evaluations | g evaluations | best noise-free fitness - Fopt (1.000000000000e+03) + sum g_i+ | measured fitness | best measured fitness or single-digit g-values | x1 | x2...
1 0 +2.079577035e+04 +2.179577035e+04 +2.179577035e+04 +1.2624e-02 -1.5870e-01 -1.3680e-01 +2.2102e-01 +1.8976e-01
2 0 +1.874348493e+04 +1.974348493e+04 +1.974348493e+04 +1.1593e-01 -3.3301e-01 -1.3128e-01 -1.0338e-01 -3.1082e-01
3 0 +1.204341457e+04 +1.304341457e+04 +1.304341457e+04 -1.9115e-01 -7.0474e-02 -1.9272e-01 -3.0234e-01 +5.1860e-01
6 0 +1.136374771e+04 +1.236374771e+04 +1.236374771e+04 -1.7725e-01 +2.3428e-01 -2.4207e-01 -5.3236e-01 +3.3774e-01
9 0 +8.027863580e+03 +9.027863580e+03 +9.027863580e+03 -6.5694e-01 +1.6043e-01 -3.4021e-01 -4.4282e-01 +4.3859e-01
17 0 +4.407992501e+03 +5.407992501e+03 +5.407992501e+03 -8.6923e-01 +7.4990e-02 +2.4765e-02 -1.0109e+00 +1.1952e-01
31 0 +4.137372419e+03 +5.137372419e+03 +5.137372419e+03 -9.1271e-01 -3.2215e-01 -6.2184e-02 -7.0738e-01 +8.9462e-01
34 0 +2.955224750e+03 +3.955224750e+03 +3.955224750e+03 -1.5257e+00 +2.7744e-01 -5.4583e-03 -1.5603e+00 +4.3694e-01
38 0 +2.174522005e+03 +3.174522005e+03 +3.174522005e+03 -1.9242e+00 -5.1529e-01 -4.3863e-01 -7.0043e-01 +6.5732e-01
42 0 +1.218628495e+03 +2.218628495e+03 +2.218628495e+03 -1.7782e+00 -6.6144e-01 +3.8557e-01 -2.0282e+00 +7.7526e-01
50 0 +8.373198717e+02 +1.837319872e+03 +1.837319872e+03 -1.9123e+00 -9.6807e-01 +1.6139e-01 -1.6937e+00 +1.3305e+00
52 0 +3.659299222e+02 +1.365929922e+03 +1.365929922e+03 -2.1312e+00 -1.2388e+00 -2.1514e-01 -1.3407e+00 +1.1887e+00
58 0 +3.335602628e+02 +1.333560263e+03 +1.333560263e+03 -2.2825e+00 -1.8752e+00 -2.0704e-01 -1.4464e+00 +5.0664e-01
88 0 +2.078333259e+02 +1.207833326e+03 +1.207833326e+03 -3.3630e+00 -1.1505e+00 +2.0097e+00 -1.5862e+00 +4.5400e-01
145 0 +1.476094350e+02 +1.147609435e+03 +1.147609435e+03 -3.0772e+00 -1.0908e+00 +2.3010e+00 -1.2792e+00 +1.0299e+00
151 0 +1.384229682e+02 +1.138422968e+03 +1.138422968e+03 -2.9183e+00 -6.3702e-01 +2.4210e+00 -1.1197e+00 +1.4429e+00
156 0 +1.251984345e+02 +1.125198435e+03 +1.125198435e+03 -2.8615e+00 -9.2274e-01 +2.2894e+00 -1.2180e+00 +1.4786e+00
172 0 +1.217501162e+02 +1.121750116e+03 +1.121750116e+03 -3.1116e+00 -7.4113e-01 +2.4598e+00 -1.2055e+00 +1.5592e+00
197 0 +1.139143222e+02 +1.113914322e+03 +1.113914322e+03 -3.0185e+00 -8.0862e-01 +2.5470e+00 -1.1812e+00 +1.5285e+00
205 0 +1.107946468e+02 +1.110794647e+03 +1.110794647e+03 -2.9935e+00 -7.6463e-01 +2.5270e+00 -1.1501e+00 +1.5861e+00
212 0 +1.063802012e+02 +1.106380201e+03 +1.106380201e+03 -2.9782e+00 -7.3340e-01 +2.5302e+00 -1.2158e+00 +1.5221e+00
231 0 +1.045237408e+02 +1.104523741e+03 +1.104523741e+03 -2.9408e+00 -6.7920e-01 +2.5679e+00 -1.1756e+00 +1.5338e+00
233 0 +1.009443743e+02 +1.100944374e+03 +1.100944374e+03 -2.9195e+00 -7.5158e-01 +2.5432e+00 -1.1696e+00 +1.5016e+00
237 0 +9.849955935e+01 +1.098499559e+03 +1.098499559e+03 -2.8614e+00 -6.8121e-01 +2.5311e+00 -1.1414e+00 +1.4982e+00
242 0 +9.259567693e+01 +1.092595677e+03 +1.092595677e+03 -2.8709e+00 -6.9510e-01 +2.4927e+00 -1.1815e+00 +1.5164e+00
261 0 +8.807059882e+01 +1.088070599e+03 +1.088070599e+03 -2.8107e+00 -7.0444e-01 +2.4605e+00 -1.1676e+00 +1.4959e+00
264 0 +8.338677625e+01 +1.083386776e+03 +1.083386776e+03 -2.8218e+00 -7.2616e-01 +2.4846e+00 -1.2075e+00 +1.5121e+00
267 0 +8.034645887e+01 +1.080346459e+03 +1.080346459e+03 -2.7531e+00 -7.0156e-01 +2.4451e+00 -1.1674e+00 +1.5062e+00
273 0 +7.740846900e+01 +1.077408469e+03 +1.077408469e+03 -2.7809e+00 -6.9243e-01 +2.4918e+00 -1.2274e+00 +1.4939e+00
286 0 +7.048300492e+01 +1.070483005e+03 +1.070483005e+03 -2.7399e+00 -6.8602e-01 +2.5180e+00 -1.1854e+00 +1.4659e+00
294 0 +6.879625459e+01 +1.068796255e+03 +1.068796255e+03 -2.7197e+00 -6.9417e-01 +2.4788e+00 -1.1839e+00 +1.4773e+00
301 0 +6.637019331e+01 +1.066370193e+03 +1.066370193e+03 -2.6989e+00 -6.9201e-01 +2.4679e+00 -1.1829e+00 +1.4814e+00
302 0 +6.479388387e+01 +1.064793884e+03 +1.064793884e+03 -2.7103e+00 -6.9349e-01 +2.5147e+00 -1.1914e+00 +1.4647e+00
305 0 +6.355834440e+01 +1.063558344e+03 +1.063558344e+03 -2.7037e+00 -6.7567e-01 +2.5233e+00 -1.1913e+00 +1.4714e+00
314 0 +6.035778641e+01 +1.060357786e+03 +1.060357786e+03 -2.6746e+00 -6.7576e-01 +2.5124e+00 -1.1801e+00 +1.4532e+00
317 0 +6.013148669e+01 +1.060131487e+03 +1.060131487e+03 -2.6870e+00 -6.6542e-01 +2.5269e+00 -1.2027e+00 +1.4637e+00
320 0 +5.825258495e+01 +1.058252585e+03 +1.058252585e+03 -2.6731e+00 -6.8045e-01 +2.5373e+00 -1.1931e+00 +1.4702e+00
325 0 +5.608657682e+01 +1.056086577e+03 +1.056086577e+03 -2.6451e+00 -6.7035e-01 +2.5239e+00 -1.1725e+00 +1.4582e+00
326 0 +5.313678402e+01 +1.053136784e+03 +1.053136784e+03 -2.6361e+00 -6.6176e-01 +2.5607e+00 -1.1914e+00 +1.4488e+00
331 0 +4.807862552e+01 +1.048078626e+03 +1.048078626e+03 -2.6095e+00 -6.5907e-01 +2.5384e+00 -1.1879e+00 +1.4427e+00
337 0 +4.598396011e+01 +1.045983960e+03 +1.045983960e+03 -2.5901e+00 -6.5809e-01 +2.5463e+00 -1.1813e+00 +1.4353e+00
338 0 +4.568039574e+01 +1.045680396e+03 +1.045680396e+03 -2.5897e+00 -6.6495e-01 +2.5325e+00 -1.1813e+00 +1.4403e+00
339 0 +4.015174177e+01 +1.040151742e+03 +1.040151742e+03 -2.5693e+00 -6.5815e-01 +2.5362e+00 -1.2019e+00 +1.4367e+00
348 0 +2.844871832e+01 +1.028448718e+03 +1.028448718e+03 -2.4829e+00 -6.3469e-01 +2.5517e+00 -1.1891e+00 +1.4085e+00
355 0 +2.775647522e+01 +1.027756475e+03 +1.027756475e+03 -2.4825e+00 -6.3166e-01 +2.5689e+00 -1.2056e+00 +1.4096e+00
364 0 +2.148810008e+01 +1.021488100e+03 +1.021488100e+03 -2.4251e+00 -6.3686e-01 +2.5722e+00 -1.1980e+00 +1.3909e+00
369 0 +1.781737370e+01 +1.017817374e+03 +1.017817374e+03 -2.3565e+00 -6.0256e-01 +2.6184e+00 -1.2254e+00 +1.3576e+00
379 0 +1.086153290e+01 +1.010861533e+03 +1.010861533e+03 -2.1703e+00 -5.5705e-01 +2.6237e+00 -1.2171e+00 +1.3235e+00
401 0 +7.387237890e+00 +1.007387238e+03 +1.007387238e+03 -2.2077e+00 -5.9815e-01 +2.5650e+00 -1.2019e+00 +1.3451e+00
403 0 +6.657618271e+00 +1.006657618e+03 +1.006657618e+03 -2.2451e+00 -5.8537e-01 +2.5824e+00 -1.2133e+00 +1.3199e+00
409 0 +4.480485350e+00 +1.004480485e+03 +1.004480485e+03 -2.2201e+00 -5.6992e-01 +2.5299e+00 -1.2077e+00 +1.3373e+00
429 0 +4.326986529e+00 +1.004326987e+03 +1.004326987e+03 -2.2657e+00 -5.8438e-01 +2.5522e+00 -1.2186e+00 +1.3590e+00
436 0 +2.332223547e+00 +1.002332224e+03 +1.002332224e+03 -2.2162e+00 -5.5931e-01 +2.5385e+00 -1.2298e+00 +1.3442e+00
481 0 +2.252436132e+00 +1.002252436e+03 +1.002252436e+03 -2.2087e+00 -5.5500e-01 +2.5414e+00 -1.2310e+00 +1.3401e+00
493 0 +2.211286367e+00 +1.002211286e+03 +1.002211286e+03 -2.2066e+00 -5.5128e-01 +2.5484e+00 -1.2321e+00 +1.3395e+00
498 0 +2.178407982e+00 +1.002178408e+03 +1.002178408e+03 -2.2099e+00 -5.5195e-01 +2.5467e+00 -1.2322e+00 +1.3400e+00
504 0 +2.161010323e+00 +1.002161010e+03 +1.002161010e+03 -2.2158e+00 -5.5277e-01 +2.5433e+00 -1.2310e+00 +1.3407e+00
% f evaluations | g evaluations | best noise-free fitness - Fopt (-6.797100000000e+02) + sum g_i+ | measured fitness | best measured fitness or single-digit g-values | x1 | x2...
1 0 +2.830092235e+04 +2.762121235e+04 +2.762121235e+04 +4.2656e-01 +6.4182e-01 -7.6540e-02 -2.0523e-01 +1.5966e-01
2 0 +1.209121064e+04 +1.141150064e+04 +1.141150064e+04 -5.5393e-02 -3.6003e-01 -5.7089e-01 +1.7233e-01 +2.1975e-01
6 0 +9.045901627e+03 +8.366191627e+03 +8.366191627e+03 -1.6465e-01 -5.8036e-01 -9.6625e-02 +1.2665e-01 +8.5650e-02
10 0 +5.132036882e+03 +4.452326882e+03 +4.452326882e+03 -4.2680e-01 -1.1214e+00 -1.0444e+00 -2.5232e-01 +5.1261e-01
17 0 +4.475785245e+03 +3.796075245e+03 +3.796075245e+03 +1.3855e-01 -1.2659e+00 -2.0897e-01 -2.8916e-02 -2.7181e-01
27 0 +2.340307403e+03 +1.660597403e+03 +1.660597403e+03 -4.0708e-01 -1.7764e+00 -5.8359e-01 -1.0568e-01 +3.6428e-01
30 0 +1.663072301e+03 +9.833623012e+02 +9.833623012e+02 +5.4286e-02 -1.7853e+00 +8.8302e-02 -7.1584e-01 -5.9509e-01
33 0 +8.483830378e+02 +1.686730378e+02 +1.686730378e+02 -1.4240e-01 -2.1734e+00 -1.0936e-01 -9.4847e-01 -3.4399e-01
34 0 +8.305364713e+02 +1.508264713e+02 +1.508264713e+02 -4.9271e-03 -2.1664e+00 -5.7876e-01 -9.9502e-01 +5.0081e-01
37 0 +4.258958083e+02 -2.538141917e+02 -2.538141917e+02 +2.4090e-01 -2.2943e+00 -2.0704e-01 -1.2252e+00 +6.6927e-01
43 0 +1.630504704e+02 -5.166595296e+02 -5.166595296e+02 +4.0338e-01 -2.8911e+00 -2.3262e-01 -1.4768e+00 +3.4159e-01
60 0 +7.634750839e+01 -6.033624916e+02 -6.033624916e+02 -6.9763e-01 -2.3746e+00 +1.2741e+00 -1.5000e+00 +3.9365e-01
61 0 +7.407591156e+01 -6.056340884e+02 -6.056340884e+02 +3.2845e-01 -3.8125e+00 +5.5026e-01 -1.4962e+00 +6.0291e-01
131 0 +4.962437349e+01 -6.300856265e+02 -6.300856265e+02 -3.1631e-01 -3.4468e+00 +2.4885e-01 -1.7866e+00 +5.2569e-01
138 0 +2.230270095e+01 -6.574072991e+02 -6.574072991e+02 -4.3888e-01 -3.2282e+00 +3.1742e-01 -1.6337e+00 +6.8167e-01
142 0 +1.881195218e+01 -6.608980478e+02 -6.608980478e+02 -2.1298e-01 -3.3360e+00 +4.4419e-01 -1.8504e+00 +7.3045e-01
146 0 +1.506600829e+01 -6.646439917e+02 -6.646439917e+02 -1.1692e-01 -3.4548e+00 +3.1397e-01 -1.5977e+00 +1.0018e+00
155 0 +6.633931151e+00 -6.730760688e+02 -6.730760688e+02 -3.1184e-01 -3.2315e+00 +4.6050e-01 -1.6765e+00 +8.9840e-01
175 0 +5.158390716e+00 -6.745516093e+02 -6.745516093e+02 -8.2529e-02 -3.2652e+00 +6.4422e-01 -1.6044e+00 +1.0050e+00
183 0 +4.946071476e+00 -6.747639285e+02 -6.747639285e+02 +1.0782e-02 -3.3327e+00 +5.7884e-01 -1.7520e+00 +9.7858e-01
191 0 +4.807297272e+00 -6.749027027e+02 -6.749027027e+02 -7.5854e-02 -3.3500e+00 +5.4492e-01 -1.7050e+00 +9.8380e-01
199 0 +4.357534081e+00 -6.753524659e+02 -6.753524659e+02 +1.8505e-02 -3.2915e+00 +5.3331e-01 -1.7272e+00 +1.0173e+00
219 0 +4.226437844e+00 -6.754835622e+02 -6.754835622e+02 -3.5842e-05 -3.3111e+00 +5.8854e-01 -1.6975e+00 +1.0096e+00
241 0 +4.025321789e+00 -6.756846782e+02 -6.756846782e+02 +8.6857e-04 -3.2865e+00 +5.3823e-01 -1.6869e+00 +9.8803e-01
288 0 +3.965310004e+00 -6.757446900e+02 -6.757446900e+02 +3.4640e-03 -3.2809e+00 +5.5069e-01 -1.6811e+00 +9.8605e-01
504 0 +3.899263302e+00 -6.758107367e+02 -6.758107367e+02 +2.7068e-02 -3.2831e+00 +5.5979e-01 -1.6658e+00 +9.9586e-01
% f evaluations | g evaluations | best noise-free fitness - Fopt (1.000000000000e+03) + sum g_i+ | measured fitness | best measured fitness or single-digit g-values | x1 | x2...
1 0 +7.238882760e+03 +8.238882760e+03 +8.238882760e+03 -1.3418e-01 -1.9151e-01 +5.5436e-01 +1.5398e-01 +2.0907e-01
2 0 +4.745605033e+03 +5.745605033e+03 +5.745605033e+03 -1.9439e-01 +6.0543e-01 +9.4829e-02 -3.4875e-01 +1.2263e-01
5 0 +4.420613853e+03 +5.420613853e+03 +5.420613853e+03 -4.0414e-02 +2.7333e-01 +1.8107e-03 +2.9776e-01 +1.9349e-01
7 0 +3.560143860e+03 +4.560143860e+03 +4.560143860e+03 -3.2608e-01 +1.2321e-01 +1.0387e-02 -3.0896e-02 +8.5778e-02
11 0 +2.868929076e+03 +3.868929076e+03 +3.868929076e+03 -5.2836e-01 +3.5942e-01 +5.1177e-02 +2.4840e-01 +1.3238e-01
24 0 +2.297142852e+03 +3.297142852e+03 +3.297142852e+03 -4.0667e-01 +5.0797e-01 -2.4262e-01 +7.3107e-01 +3.5922e-01
27 0 +2.169909581e+03 +3.169909581e+03 +3.169909581e+03 -7.7548e-01 +7.4323e-01 -2.6377e-01 +3.0263e-01 +2.3545e-01
29 0 +1.850948249e+03 +2.850948249e+03 +2.850948249e+03 -6.2835e-01 -1.0610e-01 -2.0716e-01 +5.3119e-01 +6.2499e-02
33 0 +1.398264030e+03 +2.398264030e+03 +2.398264030e+03 -4.4132e-01 -1.6005e-01 -1.2402e+00 +4.5011e-01 -4.4968e-01
35 0 +1.321523879e+03 +2.321523879e+03 +2.321523879e+03 -6.4408e-01 -7.5572e-03 -5.2982e-01 +2.8598e-01 -9.1048e-02
37 0 +1.245795603e+03 +2.245795603e+03 +2.245795603e+03 -1.3151e+00 +2.9293e-01 -1.7742e-01 +7.3826e-01 +2.2648e-01
40 0 +1.156373393e+03 +2.156373393e+03 +2.156373393e+03 -8.4734e-01 +2.8900e-01 -4.6175e-01 +2.8470e-01 -4.4063e-01
42 0 +1.007163594e+03 +2.007163594e+03 +2.007163594e+03 -9.8556e-01 +3.7142e-01 -4.5612e-01 +5.1000e-01 -4.0617e-01
43 0 +9.232253294e+02 +1.923225329e+03 +1.923225329e+03 -1.0149e+00 +4.9267e-01 -5.7719e-01 +8.3742e-01 -3.2021e-01
49 0 +5.379405468e+02 +1.537940547e+03 +1.537940547e+03 -1.0640e+00 +6.3738e-02 -5.6895e-01 +8.4319e-01 -3.1753e-01
51 0 +4.556751246e+02 +1.455675125e+03 +1.455675125e+03 -1.2341e+00 +2.8284e-01 -7.6461e-01 +9.4511e-01 -8.0896e-01
53 0 +4.390507208e+02 +1.439050721e+03 +1.439050721e+03 -1.4146e+00 +2.8627e-01 -9.6010e-01 +1.0151e+00 -5.2552e-01
66 0 +3.933698890e+02 +1.393369889e+03 +1.393369889e+03 -2.0918e+00 -2.9467e-01 -7.4402e-01 +4.9145e-01 -7.4040e-01
67 0 +1.158097866e+02 +1.115809787e+03 +1.115809787e+03 -1.4630e+00 -8.8956e-02 -7.7503e-01 +1.3531e+00 -4.3613e-01
78 0 +5.459908750e+01 +1.054599088e+03 +1.054599088e+03 -1.6784e+00 -3.3144e-01 -1.2581e+00 +1.2290e+00 -2.8816e-01
87 0 +5.155834995e+01 +1.051558350e+03 +1.051558350e+03 -2.3576e+00 -7.8530e-01 -1.4669e+00 +1.3819e+00 -2.9621e-01
91 0 +4.318565629e+01 +1.043185656e+03 +1.043185656e+03 -2.0338e+00 -9.3429e-01 -1.8632e+00 +1.3976e+00 -2.4882e-01
127 0 +4.241817801e+01 +1.042418178e+03 +1.042418178e+03 -2.4572e+00 -1.4441e+00 -2.0099e+00 +8.6497e-01 -2.6252e-01
133 0 +3.026122794e+01 +1.030261228e+03 +1.030261228e+03 -2.4339e+00 -1.2249e+00 -2.1609e+00 +6.3695e-01 -7.7091e-01
142 0 +2.423661070e+01 +1.024236611e+03 +1.024236611e+03 -2.5846e+00 -1.4907e+00 -1.6862e+00 +7.9890e-01 -5.0747e-01
145 0 +1.095671844e+01 +1.010956718e+03 +1.010956718e+03 -2.4059e+00 -1.4724e+00 -1.7345e+00 +1.0693e+00 -6.7945e-01
170 0 +7.324841861e+00 +1.007324842e+03 +1.007324842e+03 -2.5387e+00 -1.3947e+00 -2.0339e+00 +1.0735e+00 -9.2626e-01
180 0 +5.181092949e+00 +1.005181093e+03 +1.005181093e+03 -2.4642e+00 -1.4452e+00 -1.8321e+00 +1.0261e+00 -9.0739e-01
200 0 +4.254237496e+00 +1.004254237e+03 +1.004254237e+03 -2.3835e+00 -1.2633e+00 -1.9070e+00 +9.5006e-01 -9.1374e-01
221 0 +4.080588145e+00 +1.004080588e+03 +1.004080588e+03 -2.3843e+00 -1.2567e+00 -1.8968e+00 +9.5814e-01 -8.3970e-01
227 0 +3.581197180e+00 +1.003581197e+03 +1.003581197e+03 -2.3669e+00 -1.2800e+00 -1.8913e+00 +9.7588e-01 -8.6339e-01
241 0 +3.391101145e+00 +1.003391101e+03 +1.003391101e+03 -2.3387e+00 -1.2999e+00 -1.8829e+00 +9.4292e-01 -8.6294e-01
253 0 +3.352754371e+00 +1.003352754e+03 +1.003352754e+03 -2.3299e+00 -1.2768e+00 -1.8802e+00 +9.6489e-01 -8.6574e-01
283 0 +3.280694371e+00 +1.003280694e+03 +1.003280694e+03 -2.3120e+00 -1.2836e+00 -1.8617e+00 +9.5955e-01 -8.6277e-01
299 0 +3.231797197e+00 +1.003231797e+03 +1.003231797e+03 -2.3004e+00 -1.2727e+00 -1.8665e+00 +9.6439e-01 -8.6561e-01
353 0 +3.154535904e+00 +1.003154536e+03 +1.003154536e+03 -2.2684e+00 -1.2597e+00 -1.8577e+00 +9.6082e-01 -8.7066e-01
425 0 +3.085845333e+00 +1.003085845e+03 +1.003085845e+03 -2.2263e+00 -1.2388e+00 -1.8423e+00 +9.5498e-01 -8.6333e-01
482 0 +3.016523362e+00 +1.003016523e+03 +1.003016523e+03 -2.1879e+00 -1.2164e+00 -1.8321e+00 +9.5490e-01 -8.5712e-01
504 0 +2.989575180e+00 +1.002989575e+03 +1.002989575e+03 -2.1967e+00 -1.2189e+00 -1.8372e+00 +9.5918e-01 -8.6346e-01
% f evaluations | g evaluations | best noise-free fitness - Fopt (1.007000000000e+01) + sum g_i+ | measured fitness | best measured fitness or single-digit g-values | x1 | x2...
1 0 +1.023588271e+04 +1.024595271e+04 +1.024595271e+04 -2.4228e-01 -2.0388e-02 -1.2141e-01 +4.7831e-01 -3.5378e-01
3 0 +8.816934149e+03 +8.827004149e+03 +8.827004149e+03 +4.6099e-01 -2.2478e-01 -4.7528e-01 +4.8675e-01 +1.2786e-01
6 0 +2.539021586e+03 +2.549091586e+03 +2.549091586e+03 +1.2025e-02 -5.9766e-01 +2.3548e-01 -2.0053e-01 +2.0695e-01
20 0 +2.106996129e+03 +2.117066129e+03 +2.117066129e+03 -3.0724e-02 -5.3519e-01 +7.4360e-02 -4.9876e-01 -2.9352e-02
27 0 +1.687938959e+03 +1.698008959e+03 +1.698008959e+03 +2.1565e-01 -1.0590e+00 +2.8964e-01 -2.3227e-01 +2.1821e-01
30 0 +1.067300940e+03 +1.077370940e+03 +1.077370940e+03 +8.4625e-02 -8.4196e-01 +1.2945e-01 -7.0321e-01 -1.2216e-01
35 0 +7.574354316e+02 +7.675054316e+02 +7.675054316e+02 +2.5081e-02 -9.7948e-01 +3.3430e-01 -6.1518e-01 +3.2425e-01
47 0 +5.580561956e+02 +5.681261956e+02 +5.681261956e+02 -6.5829e-02 -1.2589e+00 +3.9605e-01 -7.0158e-01 +2.7628e-02
49 0 +2.945446342e+02 +3.046146342e+02 +3.046146342e+02 -1.2085e-01 -1.5629e+00 +1.7734e-01 -7.4930e-01 +6.7522e-01
56 0 +2.442164039e+02 +2.542864039e+02 +2.542864039e+02 +3.0186e-02 -1.3428e+00 +5.8327e-01 -8.6252e-01 +2.6994e-01
58 0 +2.266444666e+02 +2.367144666e+02 +2.367144666e+02 +1.5020e-01 -1.9375e+00 +7.6080e-01 -9.9089e-01 +6.3066e-01
64 0 +1.129764959e+02 +1.230464959e+02 +1.230464959e+02 -1.5223e-01 -1.8442e+00 +4.8704e-01 -1.3195e+00 +1.6536e-01
93 0 +6.211090638e+01 +7.218090638e+01 +7.218090638e+01 +1.8417e-01 -1.4570e+00 +3.9045e-01 -1.3136e+00 +5.2097e-01
103 0 +4.148347201e+01 +5.155347201e+01 +5.155347201e+01 +5.1277e-01 -1.5420e+00 +1.8676e-01 -1.0839e+00 +6.0540e-01
122 0 +4.010890224e+01 +5.017890224e+01 +5.017890224e+01 +2.6483e-01 -1.6220e+00 +1.4128e-01 -1.4075e+00 +2.6607e-01
126 0 +3.574510113e+01 +4.581510113e+01 +4.581510113e+01 +3.5716e-01 -1.4908e+00 +4.1955e-01 -1.3056e+00 +5.2490e-02
129 0 +1.882631182e+01 +2.889631182e+01 +2.889631182e+01 +4.3879e-01 -1.4621e+00 +3.8878e-01 -1.2814e+00 +2.4410e-01
175 0 +1.581986592e+01 +2.588986592e+01 +2.588986592e+01 +4.6313e-01 -1.5170e+00 +2.8600e-01 -1.3518e+00 +3.5988e-01
184 0 +1.293695118e+01 +2.300695118e+01 +2.300695118e+01 +5.1426e-01 -1.4573e+00 +2.8614e-01 -1.3119e+00 +4.2966e-01
185 0 +7.256784147e+00 +1.732678415e+01 +1.732678415e+01 +5.5786e-01 -1.4731e+00 +3.0640e-01 -1.2885e+00 +4.3350e-01
204 0 +5.131037381e+00 +1.520103738e+01 +1.520103738e+01 +5.8465e-01 -1.4591e+00 +3.1385e-01 -1.2738e+00 +4.3370e-01
214 0 +3.923445311e+00 +1.399344531e+01 +1.399344531e+01 +5.9625e-01 -1.4834e+00 +3.4859e-01 -1.2811e+00 +4.0702e-01
220 0 +3.850344490e+00 +1.392034449e+01 +1.392034449e+01 +6.5233e-01 -1.4984e+00 +3.4458e-01 -1.2615e+00 +4.6064e-01
222 0 +2.731460877e+00 +1.280146088e+01 +1.280146088e+01 +6.2042e-01 -1.4570e+00 +3.4014e-01 -1.2738e+00 +4.3506e-01
226 0 +1.928028718e+00 +1.199802872e+01 +1.199802872e+01 +6.5357e-01 -1.4411e+00 +3.3568e-01 -1.2700e+00 +4.4911e-01
234 0 +6.809162975e-01 +1.075091630e+01 +1.075091630e+01 +7.0472e-01 -1.4195e+00 +3.5747e-01 -1.2431e+00 +4.4294e-01
245 0 +6.701387144e-01 +1.074013871e+01 +1.074013871e+01 +6.6830e-01 -1.4278e+00 +3.8955e-01 -1.2420e+00 +4.0253e-01
250 0 +4.660668794e-01 +1.053606688e+01 +1.053606688e+01 +6.8383e-01 -1.4017e+00 +3.7370e-01 -1.2610e+00 +4.4053e-01
253 0 +3.473065768e-01 +1.041730658e+01 +1.041730658e+01 +7.0239e-01 -1.3990e+00 +3.9741e-01 -1.2682e+00 +3.9175e-01
256 0 +2.052116773e-01 +1.027521168e+01 +1.027521168e+01 +6.9155e-01 -1.3854e+00 +3.8937e-01 -1.2607e+00 +3.9344e-01
258 0 +2.009738486e-01 +1.027097385e+01 +1.027097385e+01 +6.8098e-01 -1.4052e+00 +3.7345e-01 -1.2607e+00 +4.0644e-01
277 0 +1.249322099e-01 +1.019493221e+01 +1.019493221e+01 +7.0285e-01 -1.4035e+00 +3.7395e-01 -1.2517e+00 +4.1164e-01
281 0 +8.391119268e-02 +1.015391119e+01 +1.015391119e+01 +6.8961e-01 -1.4000e+00 +3.8614e-01 -1.2442e+00 +4.1889e-01
295 0 +7.856740751e-02 +1.014856741e+01 +1.014856741e+01 +7.0128e-01 -1.3980e+00 +3.8710e-01 -1.2376e+00 +4.2690e-01
299 0 +5.497862361e-02 +1.012497862e+01 +1.012497862e+01 +6.9842e-01 -1.3977e+00 +3.8859e-01 -1.2441e+00 +4.1913e-01
350 0 +5.307595252e-02 +1.012307595e+01 +1.012307595e+01 +6.9701e-01 -1.3975e+00 +3.8636e-01 -1.2448e+00 +4.2285e-01
360 0 +5.244112289e-02 +1.012244112e+01 +1.012244112e+01 +6.9774e-01 -1.3964e+00 +3.8733e-01 -1.2437e+00 +4.2232e-01
382 0 +5.124591592e-02 +1.012124592e+01 +1.012124592e+01 +6.9887e-01 -1.3954e+00 +3.8810e-01 -1.2447e+00 +4.2267e-01
504 0 +5.072438261e-02 +1.012072438e+01 +1.012072438e+01 +6.9943e-01 -1.3958e+00 +3.8774e-01 -1.2447e+00 +4.2226e-01
% f evaluations | g evaluations | best noise-free fitness - Fopt (-7.540000000000e+00) + sum g_i+ | measured fitness | best measured fitness or single-digit g-values | x1 | x2...
1 0 +7.834707020e+03 +7.827167020e+03 +7.827167020e+03 -3.7139e-01 -3.2414e-02 -4.4506e-01 +4.2732e-01 +3.7290e-02
2 0 +3.153882917e+03 +3.146342917e+03 +3.146342917e+03 +3.4675e-03 -1.0550e-01 +1.0941e-01 -8.3621e-02 +4.5105e-01
3 0 +1.960625785e+03 +1.953085785e+03 +1.953085785e+03 -2.0364e-01 +5.2217e-01 +5.5551e-01 -5.5591e-01 -2.8782e-03
7 0 +1.483808979e+03 +1.476268979e+03 +1.476268979e+03 +9.8075e-02 +7.0112e-01 -2.1024e-01 -5.7075e-01 -1.6993e-01
9 0 +1.419059216e+03 +1.411519216e+03 +1.411519216e+03 +1.1909e-01 +9.5322e-01 -2.6946e-01 -7.3922e-01 -6.3287e-01
10 0 +8.048796708e+02 +7.973396708e+02 +7.973396708e+02 +2.4187e-01 +8.3111e-01 -3.8458e-01 -1.3541e+00 -2.3875e-01
16 0 +6.072155175e+02 +5.996755175e+02 +5.996755175e+02 +6.4046e-01 +3.4848e-01 -1.0600e-01 -9.3933e-01 -2.5102e-01
21 0 +2.244051625e+02 +2.168651625e+02 +2.168651625e+02 +4.1340e-01 +5.9381e-01 +5.1020e-01 -1.4188e+00 -4.8648e-02
38 0 +1.082680124e+02 +1.007280124e+02 +1.007280124e+02 +1.1920e+00 +3.0631e-02 +8.4122e-01 -2.0109e+00 +4.4408e-02
51 0 +1.520700997e+01 +7.667009971e+00 +7.667009971e+00 +1.9605e+00 +7.0437e-01 +1.3109e+00 -2.1591e+00 -6.8557e-01
124 0 +1.053684144e+01 +2.996841435e+00 +2.996841435e+00 +1.7238e+00 +3.7689e-01 +1.4133e+00 -2.2795e+00 -6.4960e-01
125 0 +1.014460536e+01 +2.604605362e+00 +2.604605362e+00 +1.8721e+00 +3.7712e-01 +1.4530e+00 -2.4285e+00 -6.7441e-01
149 0 +8.220227408e+00 +6.802274080e-01 +6.802274080e-01 +1.7745e+00 +4.1401e-01 +1.3577e+00 -2.5684e+00 -6.4978e-01
150 0 +6.141466763e+00 -1.398533237e+00 -1.398533237e+00 +1.9699e+00 +5.2630e-01 +1.3139e+00 -2.6411e+00 -7.8639e-01
164 0 +5.660765061e+00 -1.879234939e+00 -1.879234939e+00 +1.7703e+00 +4.5339e-01 +1.3499e+00 -2.5712e+00 -8.8331e-01
166 0 +4.863719579e+00 -2.676280421e+00 -2.676280421e+00 +1.8848e+00 +4.0073e-01 +1.2869e+00 -2.5464e+00 -8.3752e-01
172 0 +4.761003867e+00 -2.778996133e+00 -2.778996133e+00 +1.7299e+00 +4.6088e-01 +1.1924e+00 -2.4251e+00 -7.7767e-01
173 0 +4.294065019e+00 -3.245934981e+00 -3.245934981e+00 +1.7947e+00 +4.0140e-01 +1.2643e+00 -2.4933e+00 -9.0078e-01
176 0 +3.929010428e+00 -3.610989572e+00 -3.610989572e+00 +1.8830e+00 +4.5100e-01 +1.2931e+00 -2.4355e+00 -7.6598e-01
179 0 +3.776821167e+00 -3.763178833e+00 -3.763178833e+00 +1.8167e+00 +4.5813e-01 +1.2673e+00 -2.4836e+00 -7.6061e-01
203 0 +3.658745607e+00 -3.881254393e+00 -3.881254393e+00 +1.8403e+00 +4.8201e-01 +1.2721e+00 -2.5257e+00 -7.9479e-01
205 0 +3.408973322e+00 -4.131026678e+00 -4.131026678e+00 +1.8626e+00 +4.6776e-01 +1.2435e+00 -2.4575e+00 -8.2650e-01
226 0 +3.387395531e+00 -4.152604469e+00 -4.152604469e+00 +1.8870e+00 +4.7506e-01 +1.2473e+00 -2.4532e+00 -8.2627e-01
242 0 +3.290173222e+00 -4.249826778e+00 -4.249826778e+00 +1.9133e+00 +4.9389e-01 +1.2662e+00 -2.4552e+00 -8.4701e-01
249 0 +3.220978972e+00 -4.319021028e+00 -4.319021028e+00 +1.9335e+00 +5.0354e-01 +1.2791e+00 -2.4710e+00 -8.4852e-01
263 0 +3.116823029e+00 -4.423176971e+00 -4.423176971e+00 +1.9511e+00 +5.2586e-01 +1.2793e+00 -2.4842e+00 -8.4429e-01
272 0 +3.083644791e+00 -4.456355209e+00 -4.456355209e+00 +1.9537e+00 +5.3130e-01 +1.2889e+00 -2.4872e+00 -8.4264e-01
284 0 +3.012522816e+00 -4.527477184e+00 -4.527477184e+00 +1.9633e+00 +5.5133e-01 +1.3063e+00 -2.4927e+00 -8.3287e-01
298 0 +2.945880787e+00 -4.594119213e+00 -4.594119213e+00 +1.9797e+00 +5.6989e-01 +1.3127e+00 -2.4889e+00 -8.3730e-01
315 0 +2.823474093e+00 -4.716525907e+00 -4.716525907e+00 +2.0333e+00 +6.0837e-01 +1.3300e+00 -2.4882e+00 -8.4301e-01
337 0 +2.816776388e+00 -4.723223612e+00 -4.723223612e+00 +2.0083e+00 +5.9119e-01 +1.3162e+00 -2.4702e+00 -8.3624e-01
350 0 +2.730178901e+00 -4.809821099e+00 -4.809821099e+00 +2.0728e+00 +6.3527e-01 +1.3352e+00 -2.4781e+00 -8.4672e-01
361 0 +2.666253055e+00 -4.873746945e+00 -4.873746945e+00 +2.0645e+00 +6.3623e-01 +1.3334e+00 -2.4775e+00 -8.3572e-01
372 0 +2.602988979e+00 -4.937011021e+00 -4.937011021e+00 +2.0991e+00 +6.6864e-01 +1.3401e+00 -2.4712e+00 -8.4617e-01
395 0 +2.570056906e+00 -4.969943094e+00 -4.969943094e+00 +2.1540e+00 +7.1906e-01 +1.3580e+00 -2.4860e+00 -8.4353e-01
401 0 +2.481481895e+00 -5.058518105e+00 -5.058518105e+00 +2.1734e+00 +7.4161e-01 +1.3752e+00 -2.4701e+00 -8.5030e-01
418 0 +2.414529984e+00 -5.125470016e+00 -5.125470016e+00 +2.1264e+00 +7.1047e-01 +1.3682e+00 -2.4580e+00 -8.4005e-01
425 0 +2.390443497e+00 -5.149556503e+00 -5.149556503e+00 +2.1455e+00 +7.2759e-01 +1.3703e+00 -2.4616e+00 -8.4138e-01
448 0 +2.325008566e+00 -5.214991434e+00 -5.214991434e+00 +2.1876e+00 +7.7258e-01 +1.3886e+00 -2.4586e+00 -8.3986e-01
468 0 +2.287602143e+00 -5.252397857e+00 -5.252397857e+00 +2.1874e+00 +7.6998e-01 +1.3918e+00 -2.4550e+00 -8.3187e-01
504 0 +2.247299769e+00 -5.292700231e+00 -5.292700231e+00 +2.1860e+00 +7.7320e-01 +1.3967e+00 -2.4533e+00 -8.3097e-01
