% f evaluations | g evaluations | best noise-free fitness - Fopt (-1.694000000000e+01) + sum g_i+ | measured fitness | best measured fitness or single-digit g-values | x1 | x2...
1 0 +1.955294903e+01 +2.612949034e+00 +2.612949034e+00 +2.4408e-01 -9.9883e-02 +1.1922e-01 +1.9140e-01 +1.2969e-01
2 0 +1.549684647e+01 -1.443153527e+00 -1.443153527e+00 -2.7273e-02 +1.5830e-01 +2.4780e-01 +3.7084e-01 +1.1366e-01
3 0 +1.505564636e+01 -1.884353640e+00 -1.884353640e+00 +2.0302e-01 -1.6876e-01 -2.0416e-01 +1.3740e-01 -7.7385e-02
8 0 +1.472649929e+01 -2.213500713e+00 -2.213500713e+00 +2.0211e-02 +2.5459e-01 -3.0140e-01 -7.0160e-02 -5.7488e-02
9 0 +1.353534994e+01 -3.404650062e+00 -3.404650062e+00 +6.6171e-01 +1.7005e-01 -4.9637e-01 -8.3531e-02 -1.0510e-01
11 0 +1.112723952e+01 -5.812760485e+00 -5.812760485e+00 +5.0726e-01 +5.0625e-01 +7.6169e-02 +1.8392e-01 -2.4088e-01
19 0 +9.315805302e+00 -7.624194698e+00 -7.624194698e+00 +4.5574e-01 -7.9772e-02 -6.1840e-01 +7.1640e-02 -2.8970e-01
31 0 +6.391152253e+00 -1.054884775e+01 -1.054884775e+01 +5.2616e-01 -4.7260e-01 -8.7592e-01 +3.6902e-01 -3.3288e-01
49 0 +5.574196863e+00 -1.136580314e+01 -1.136580314e+01 +9.6626e-01 -4.6586e-02 -1.2384e+00 +4.4910e-01 -3.1502e-01
67 0 +4.769288228e+00 -1.217071177e+01 -1.217071177e+01 +1.5253e+00 -6.2653e-02 -1.2785e+00 +3.4974e-01 -2.7273e-01
68 0 +3.983433952e+00 -1.295656605e+01 -1.295656605e+01 +1.8170e+00 +6.8581e-01 -1.2892e+00 +3.0460e-01 +1.4512e-01
76 0 +3.835368975e+00 -1.310463103e+01 -1.310463103e+01 +1.8646e+00 +4.4790e-01 -1.5231e+00 +3.6041e-01 +2.8115e-01
89 0 +3.700442656e+00 -1.323955734e+01 -1.323955734e+01 +1.8230e+00 +2.9424e-01 -2.0428e+00 +5.0154e-01 -1.2515e-01
95 0 +3.624900238e+00 -1.331509976e+01 -1.331509976e+01 +2.0160e+00 +4.2295e-01 -1.4200e+00 +6.0660e-01 +7.3774e-03
100 0 +3.213800791e+00 -1.372619921e+01 -1.372619921e+01 +2.7002e+00 +9.0217e-01 -1.5306e+00 +2.9265e-01 +5.3794e-01
105 0 +2.012251820e+00 -1.492774818e+01 -1.492774818e+01 +2.5133e+00 +5.0919e-01 -1.7246e+00 +2.0515e-01 +2.7970e-01
119 0 +1.818544749e+00 -1.512145525e+01 -1.512145525e+01 +2.4834e+00 +6.5720e-01 -1.8502e+00 +2.2323e-01 +3.0594e-01
263 0 +1.657631257e+00 -1.528236874e+01 -1.528236874e+01 +2.4226e+00 +8.3256e-01 -1.9170e+00 +1.1624e-01 +8.9486e-02
269 0 +1.609337912e+00 -1.533066209e+01 -1.533066209e+01 +2.4200e+00 +8.0783e-01 -1.9138e+00 +1.2347e-01 +8.7262e-02
281 0 +1.523185683e+00 -1.541681432e+01 -1.541681432e+01 +2.3984e+00 +8.2480e-01 -1.9133e+00 +1.1395e-01 +1.2374e-01
361 0 +1.509708905e+00 -1.543029110e+01 -1.543029110e+01 +2.3924e+00 +8.1324e-01 -1.8999e+00 +1.2097e-01 +1.2111e-01
504 0 +1.500765218e+00 -1.543923478e+01 -1.543923478e+01 +2.3954e+00 +8.1567e-01 -1.9022e+00 +1.2230e-01 +1.2310e-01
% f evaluations | g evaluations | best noise-free fitness - Fopt (1.881000000000e+01) + sum g_i+ | measured fitness | best measured fitness or single-digit g-values | x1 | x2...
1 0 +5.751052004e+00 +2.456105200e+01 +2.456105200e+01 -1.1407e-01 +1.6682e-01 -2.2099e-01 +2.3216e-01 +6.9313e-03
9 0 +5.005702743e+00 +2.381570274e+01 +2.381570274e+01 -2.7576e-02 +1.4599e-02 -3.4379e-01 -2.6012e-02 -2.7393e-01
15 0 +4.120873758e+00 +2.293087376e+01 +2.293087376e+01 +2.2444e-01 +1.7922e-01 +4.8096e-02 +3.4178e-01 -3.2222e-01
33 0 +3.858648758e+00 +2.266864876e+01 +2.266864876e+01 +2.9630e-01 -2.3881e-01 -3.8334e-01 +2.8916e-01 -1.8003e-01
114 0 +3.447484648e+00 +2.225748465e+01 +2.225748465e+01 +3.0161e-01 -2.5024e-01 -5.1604e-01 +2.8202e-01 -4.1207e-02
126 0 +3.319834493e+00 +2.212983449e+01 +2.212983449e+01 +3.1326e-01 -2.7145e-01 -4.1952e-01 +2.2518e-01 -7.2855e-02
129 0 +3.276607202e+00 +2.208660720e+01 +2.208660720e+01 +3.0447e-01 -2.0487e-01 -4.7198e-01 +3.1154e-01 -1.3918e-01
162 0 +3.220391050e+00 +2.203039105e+01 +2.203039105e+01 +3.0442e-01 -2.3853e-01 -4.6641e-01 +2.9692e-01 -1.0120e-01
319 0 +3.162266376e+00 +2.197226638e+01 +2.197226638e+01 +2.9973e-01 -2.3965e-01 -5.1842e-01 +3.3647e-01 -1.1199e-01
504 0 +3.146325983e+00 +2.195632598e+01 +2.195632598e+01 +3.0025e-01 -2.2174e-01 -5.7215e-01 +3.8226e-01 -1.2883e-01
% f evaluations | g evaluations | best noise-free fitness - Fopt (2.731500000000e+02) + sum g_i+ | measured fitness | best measured fitness or single-digit g-values | x1 | x2...
1 0 +1.348126146e+01 +2.866312615e+02 +2.866312615e+02 +3.4053e-01 -2.1008e-01 +2.0882e-01 -1.2344e-01 +4.0491e-01
2 0 +1.019287430e+01 +2.833428743e+02 +2.833428743e+02 -2.5341e-01 +2.7767e-02 -3.5948e-01 +3.5048e-01 +1.9796e-01
5 0 +8.148390030e+00 +2.812983900e+02 +2.812983900e+02 -1.6259e-01 -1.9093e-01 -1.3031e-01 -2.2820e-01 -2.6224e-01
74 0 +7.533542672e+00 +2.806835427e+02 +2.806835427e+02 -1.6295e-01 -3.4275e-01 -1.5461e-01 +5.8314e-01 -3.4653e-01
95 0 +7.027218780e+00 +2.801772188e+02 +2.801772188e+02 -2.9010e-02 -2.6801e-01 -3.2236e-01 +5.8376e-01 -3.5522e-01
132 0 +6.733900871e+00 +2.798839009e+02 +2.798839009e+02 -9.4516e-02 -2.8714e-01 -2.8535e-01 +6.6160e-01 -3.7358e-01
141 0 +6.520388078e+00 +2.796703881e+02 +2.796703881e+02 -8.3874e-02 -3.3042e-01 -3.2944e-01 +6.7454e-01 -3.6409e-01
504 0 +6.457838016e+00 +2.796078380e+02 +2.796078380e+02 -9.1257e-02 -3.3637e-01 -3.4489e-01 +7.2015e-01 -3.4346e-01
% f evaluations | g evaluations | best noise-free fitness - Fopt (3.718000000000e+01) + sum g_i+ | measured fitness | best measured fitness or single-digit g-values | x1 | x2...
1 0 +3.942693667e+01 +7.660693667e+01 +7.660693667e+01 -5.6583e-02 +1.7155e-01 +8.4477e-02 -3.5604e-01 +2.2580e-02
2 0 +3.521409223e+01 +7.239409223e+01 +7.239409223e+01 -3.3078e-01 +5.7833e-01 -3.0752e-01 +5.1970e-01 -2.8281e-03
3 0 +2.703360253e+01 +6.421360253e+01 +6.421360253e+01 +1.7085e-01 -2.8088e-02 -1.1482e-02 +1.4411e-01 +2.3109e-01
4 0 +1.465678744e+01 +5.183678744e+01 +5.183678744e+01 +4.2688e-02 +4.5178e-01 -2.6290e-01 +1.5343e-01 +1.9098e-01
28 0 +1.149029411e+01 +4.867029411e+01 +4.867029411e+01 +5.7513e-02 -3.6117e-02 +4.6448e-01 +1.7622e-01 -5.9304e-01
68 0 +1.013077939e+01 +4.731077939e+01 +4.731077939e+01 -2.2800e-01 -6.0281e-02 +9.6528e-01 +1.1302e-01 -1.4171e+00
76 0 +9.211958460e+00 +4.639195846e+01 +4.639195846e+01 -8.3876e-02 +2.4354e-01 +9.6346e-01 +4.7565e-01 -1.2895e+00
81 0 +8.342774817e+00 +4.552277482e+01 +4.552277482e+01 -5.3692e-01 +1.9135e-01 +1.7125e+00 +4.7930e-01 -1.8599e+00
105 0 +7.760942080e+00 +4.494094208e+01 +4.494094208e+01 +3.1961e-01 +9.4847e-01 +2.0197e+00 +9.0362e-01 -1.4198e+00
115 0 +5.481843099e+00 +4.266184310e+01 +4.266184310e+01 +5.5272e-01 +1.3838e+00 +4.1395e+00 +1.9408e+00 -2.8066e+00
124 0 +5.269478262e+00 +4.244947826e+01 +4.244947826e+01 -2.2756e-01 +9.8090e-02 +2.5691e+00 +2.2743e+00 -2.0394e+00
175 0 +4.930502877e+00 +4.211050288e+01 +4.211050288e+01 +5.7810e-01 +1.9152e+00 +4.8635e+00 +2.4865e+00 -1.8999e+00
187 0 +4.560867839e+00 +4.174086784e+01 +4.174086784e+01 +7.9553e-01 +1.9846e+00 +4.5386e+00 +2.8661e+00 -1.8890e+00
196 0 +3.864255769e+00 +4.104425577e+01 +4.104425577e+01 +4.3291e-01 +1.9891e+00 +4.6596e+00 +2.3703e+00 -1.3820e+00
234 0 +3.186885266e+00 +4.036688527e+01 +4.036688527e+01 +5.1882e-01 +2.0621e+00 +4.7903e+00 +2.3171e+00 -1.8934e+00
272 0 +3.046635468e+00 +4.022663547e+01 +4.022663547e+01 +6.8949e-01 +2.0777e+00 +4.8079e+00 +2.3497e+00 -1.9723e+00
291 0 +2.898115905e+00 +4.007811591e+01 +4.007811591e+01 +6.4485e-01 +2.0858e+00 +4.8120e+00 +2.3315e+00 -2.0365e+00
295 0 +2.739442118e+00 +3.991944212e+01 +3.991944212e+01 +6.0305e-01 +2.0973e+00 +4.8323e+00 +2.3283e+00 -1.9389e+00
317 0 +2.630933925e+00 +3.981093393e+01 +3.981093393e+01 +6.1752e-01 +2.0987e+00 +4.8170e+00 +2.3593e+00 -1.9141e+00
320 0 +2.610466510e+00 +3.979046651e+01 +3.979046651e+01 +6.1490e-01 +2.0876e+00 +4.8157e+00 +2.3461e+00 -1.9131e+00
334 0 +2.563472267e+00 +3.974347227e+01 +3.974347227e+01 +6.1195e-01 +2.0813e+00 +4.8109e+00 +2.3367e+00 -1.9247e+00
371 0 +2.501099627e+00 +3.968109963e+01 +3.968109963e+01 +6.1570e-01 +2.0747e+00 +4.8072e+00 +2.3455e+00 -1.9205e+00
504 0 +2.467020438e+00 +3.964702044e+01 +3.964702044e+01 +6.1856e-01 +2.0773e+00 +4.8071e+00 +2.3483e+00 -1.9179e+00
% f evaluations | g evaluations | best noise-free fitness - Fopt (-1.479000000000e+02) + sum g_i+ | measured fitness | best measured fitness or single-digit g-values | x1 | x2...
1 0 +8.758449387e+00 -1.391415506e+02 -1.391415506e+02 -4.5186e-01 -1.9545e-01 -2.9691e-01 -4.0987e-01 +2.7474e-01
22 0 +6.036121009e+00 -1.418638790e+02 -1.418638790e+02 +5.5633e-02 -3.3259e-01 +1.5230e-01 -9.1616e-01 -3.8449e-01
53 0 +4.702821191e+00 -1.431971788e+02 -1.431971788e+02 +8.2179e-01 +4.5212e-01 +6.6848e-01 -1.5962e+00 -1.3549e+00
61 0 +3.688285694e+00 -1.442117143e+02 -1.442117143e+02 +7.0711e-01 +9.7926e-02 +1.0534e+00 -7.6878e-01 -2.1431e+00
84 0 +2.898252283e+00 -1.450017477e+02 -1.450017477e+02 +1.1561e-01 -1.9801e-01 +5.6679e-01 -1.1504e+00 -2.6924e+00
102 0 +2.467111352e+00 -1.454328886e+02 -1.454328886e+02 -2.8012e-01 -7.4962e-01 +1.8711e+00 -8.9983e-01 -2.0715e+00
143 0 +2.315565979e+00 -1.455844340e+02 -1.455844340e+02 -1.0889e+00 -1.1280e-02 +3.0932e-01 -1.1962e+00 -3.2257e+00
153 0 +1.744817429e+00 -1.461551826e+02 -1.461551826e+02 -1.2415e+00 -2.6738e-01 +9.0307e-01 -1.6900e+00 -2.9073e+00
162 0 +1.333951496e+00 -1.465660485e+02 -1.465660485e+02 -1.4305e+00 -6.3857e-01 +1.0568e+00 -2.0773e+00 -2.8821e+00
204 0 +7.049291868e-01 -1.471950708e+02 -1.471950708e+02 -1.4557e+00 -1.9454e-01 +1.3191e+00 -2.1110e+00 -3.4441e+00
234 0 +6.267119262e-01 -1.472732881e+02 -1.472732881e+02 -1.6974e+00 +1.0741e-01 +1.5938e+00 -1.5972e+00 -2.9649e+00
237 0 +5.756431299e-01 -1.473243569e+02 -1.473243569e+02 -1.7258e+00 -4.4794e-02 +1.7811e+00 -1.7130e+00 -2.6584e+00
252 0 +3.827342183e-01 -1.475172658e+02 -1.475172658e+02 -1.5565e+00 -7.2468e-02 +1.6557e+00 -1.8353e+00 -2.9953e+00
272 0 +3.634773570e-01 -1.475365226e+02 -1.475365226e+02 -1.5781e+00 -1.6934e-01 +1.6107e+00 -1.9076e+00 -2.9890e+00
278 0 +3.468138192e-01 -1.475531862e+02 -1.475531862e+02 -1.7162e+00 -1.2814e-01 +1.6321e+00 -1.8525e+00 -2.8295e+00
286 0 +3.068808463e-01 -1.475931192e+02 -1.475931192e+02 -1.5840e+00 -1.5226e-01 +1.6551e+00 -1.8917e+00 -2.9428e+00
293 0 +2.377121186e-01 -1.476622879e+02 -1.476622879e+02 -1.5611e+00 -1.2283e-01 +1.6491e+00 -1.9491e+00 -2.9973e+00
303 0 +1.969455687e-01 -1.477030544e+02 -1.477030544e+02 -1.5677e+00 -1.5790e-01 +1.6237e+00 -1.9480e+00 -3.0250e+00
304 0 +1.427098549e-01 -1.477572901e+02 -1.477572901e+02 -1.6460e+00 -1.6887e-01 +1.6231e+00 -1.8930e+00 -2.9174e+00
401 0 +1.339329703e-01 -1.477660670e+02 -1.477660670e+02 -1.6023e+00 -1.3276e-01 +1.6382e+00 -1.9290e+00 -2.9729e+00
428 0 +1.304448414e-01 -1.477695552e+02 -1.477695552e+02 -1.6044e+00 -1.3247e-01 +1.6388e+00 -1.9279e+00 -2.9715e+00
434 0 +1.279535215e-01 -1.477720465e+02 -1.477720465e+02 -1.6050e+00 -1.3261e-01 +1.6383e+00 -1.9272e+00 -2.9710e+00
504 0 +1.272567705e-01 -1.477727432e+02 -1.477727432e+02 -1.6060e+00 -1.3254e-01 +1.6380e+00 -1.9263e+00 -2.9701e+00
% f evaluations | g evaluations | best noise-free fitness - Fopt (4.817100000000e+02) + sum g_i+ | measured fitness | best measured fitness or single-digit g-values | x1 | x2...
1 0 +2.399187450e+01 +5.057018745e+02 +5.057018745e+02 -6.1046e-01 -3.3513e-01 +2.0364e-01 +4.2392e-02 -2.8967e-01
2 0 +1.301819798e+01 +4.947281980e+02 +4.947281980e+02 +2.6292e-01 -2.0194e-01 +1.8591e-01 +1.9409e-01 -5.9379e-02
16 0 +1.078705723e+01 +4.924970572e+02 +4.924970572e+02 +3.9578e-01 -4.5169e-02 -1.2369e-01 +4.7646e-01 +1.7890e-01
49 0 +1.069578799e+01 +4.924057880e+02 +4.924057880e+02 +4.5531e-01 -5.9284e-02 -2.0382e-01 -4.1511e-01 +3.3718e-02
51 0 +9.489432217e+00 +4.911994322e+02 +4.911994322e+02 +5.6749e-01 -2.0791e-01 -1.4641e-01 -4.2429e-01 +1.3689e-01
54 0 +8.616765004e+00 +4.903267650e+02 +4.903267650e+02 +5.0165e-01 +4.5559e-02 -1.3686e-01 -1.5665e-01 +2.3517e-01
129 0 +8.142858111e+00 +4.898528581e+02 +4.898528581e+02 +3.3383e-01 -1.3994e-01 -2.4599e-01 -4.2728e-01 +2.1427e-02
135 0 +7.993812641e+00 +4.897038126e+02 +4.897038126e+02 +3.1485e-01 -1.3780e-01 -2.7201e-01 -4.3584e-01 -2.1683e-02
156 0 +7.838266852e+00 +4.895482669e+02 +4.895482669e+02 +2.7222e-01 -1.5225e-01 -3.2343e-01 -4.7499e-01 -3.0337e-02
504 0 +7.762738210e+00 +4.894727382e+02 +4.894727382e+02 +2.8770e-01 -1.4748e-01 -3.0420e-01 -4.7298e-01 -1.2055e-02
% f evaluations | g evaluations | best noise-free fitness - Fopt (-3.646000000000e+01) + sum g_i+ | measured fitness | best measured fitness or single-digit g-values | x1 | x2...
1 0 +7.202116354e+00 -2.925788365e+01 -2.925788365e+01 -8.8290e-02 -6.7157e-01 +2.6277e-02 -2.5617e-01 +4.0894e-01
13 0 +5.588319683e+00 -3.087168032e+01 -3.087168032e+01 +2.1249e-01 -6.3452e-01 +1.4751e-02 -5.8072e-01 +3.1496e-01
49 0 +4.987298865e+00 -3.147270113e+01 -3.147270113e+01 +7.5165e-01 -1.4987e+00 -2.1065e-01 -9.2427e-01 +1.4081e+00
55 0 +3.836196481e+00 -3.262380352e+01 -3.262380352e+01 +5.5494e-01 -1.1456e+00 +8.7984e-02 -1.9679e+00 +1.8416e+00
129 0 +3.685304062e+00 -3.277469594e+01 -3.277469594e+01 +9.1511e-01 -1.3318e+00 +9.3670e-02 -1.4136e+00 +9.0161e-01
132 0 +3.051779174e+00 -3.340822083e+01 -3.340822083e+01 +9.2641e-01 -1.3399e+00 +2.1695e-01 -1.5884e+00 +1.0739e+00
151 0 +2.918113289e+00 -3.354188671e+01 -3.354188671e+01 +9.1330e-01 -1.2039e+00 +1.7749e-01 -1.3367e+00 +1.1353e+00
153 0 +2.768733708e+00 -3.369126629e+01 -3.369126629e+01 +9.7239e-01 -9.8186e-01 +1.3091e-01 -1.3597e+00 +1.1009e+00
204 0 +2.611916007e+00 -3.384808399e+01 -3.384808399e+01 +1.1192e+00 -1.0926e+00 +1.1800e-01 -1.5455e+00 +1.3631e+00
209 0 +2.558350860e+00 -3.390164914e+01 -3.390164914e+01 +1.1295e+00 -1.0430e+00 +1.5399e-01 -1.6452e+00 +1.4465e+00
222 0 +2.406364762e+00 -3.405363524e+01 -3.405363524e+01 +1.1224e+00 -1.0208e+00 +1.2235e-01 -1.6509e+00 +1.4889e+00
258 0 +2.383687935e+00 -3.407631206e+01 -3.407631206e+01 +1.0959e+00 -1.0600e+00 +1.3663e-01 -1.5704e+00 +1.4012e+00
260 0 +2.313365008e+00 -3.414663499e+01 -3.414663499e+01 +1.0782e+00 -1.0633e+00 +1.4185e-01 -1.5828e+00 +1.3785e+00
265 0 +2.277019777e+00 -3.418298022e+01 -3.418298022e+01 +1.0891e+00 -1.0569e+00 +1.3731e-01 -1.5777e+00 +1.3930e+00
338 0 +2.204937743e+00 -3.425506226e+01 -3.425506226e+01 +1.0928e+00 -1.0553e+00 +1.2956e-01 -1.5942e+00 +1.4151e+00
462 0 +2.187508000e+00 -3.427249200e+01 -3.427249200e+01 +1.0912e+00 -1.0558e+00 +1.3200e-01 -1.5936e+00 +1.4125e+00
504 0 +2.184623888e+00 -3.427537611e+01 -3.427537611e+01 +1.0912e+00 -1.0557e+00 +1.3194e-01 -1.5937e+00 +1.4126e+00
% f evaluations | g evaluations | best noise-free fitness - Fopt (3.920000000000e+01) + sum g_i+ | measured fitness | best measured fitness or single-digit g-values | x1 | x2...
1 0 +1.352051582e+01 +5.272051582e+01 +5.272051582e+01 +1.6217e-01 +1.9303e-01 +6.1064e-01 +2.3494e-01 -8.1479e-02
10 0 +1.172727382e+01 +5.092727382e+01 +5.092727382e+01 +9.2743e-02 -1.9819e-01 +1.3376e-01 -3.0324e-01 +2.2114e-01
20 0 +7.457147740e+00 +4.665714774e+01 +4.665714774e+01 +5.2997e-02 +2.5723e-01 +1.2856e-01 -2.5440e-01 +1.9673e-01
86 0 +6.983741869e+00 +4.618374187e+01 +4.618374187e+01 +7.4170e-01 +5.6677e-01 -1.9229e-01 -4.8516e-01 -2.9155e-01
164 0 +6.826733026e+00 +4.602673303e+01 +4.602673303e+01 +8.3323e-01 +5.6348e-01 -3.4743e-02 -8.9673e-01 -3.8542e-01
176 0 +6.571256978e+00 +4.577125698e+01 +4.577125698e+01 +8.8975e-01 +5.8643e-01 -4.2236e-02 -9.3013e-01 -4.1478e-01
208 0 +6.454526883e+00 +4.565452688e+01 +4.565452688e+01 +8.9755e-01 +6.1007e-01 -4.2048e-02 -9.2172e-01 -4.1315e-01
269 0 +6.309485576e+00 +4.550948558e+01 +4.550948558e+01 +8.9659e-01 +6.4567e-01 -6.7187e-02 -9.3888e-01 -3.8509e-01
504 0 +6.273833490e+00 +4.547383349e+01 +4.547383349e+01 +8.7918e-01 +6.6734e-01 -7.5607e-02 -9.5214e-01 -3.7606e-01
% f evaluations | g evaluations | best noise-free fitness - Fopt (-3.225000000000e+01) + sum g_i+ | measured fitness | best measured fitness or single-digit g-values | x1 | x2...
1 0 +1.327058480e+01 -1.897941520e+01 -1.897941520e+01 +2.6325e-02 -1.6124e-01 -2.8962e-01 +1.7407e-01 +3.4288e-01
16 0 +1.294246704e+01 -1.930753296e+01 -1.930753296e+01 -1.1590e-01 -3.2564e-01 -2.4588e-01 +9.9807e-02 -8.4248e-02
17 0 +1.262299734e+01 -1.962700266e+01 -1.962700266e+01 +1.8151e-01 +1.7841e-01 +1.4267e-01 -3.3354e-02 +4.5567e-01
32 0 +1.249187170e+01 -1.975812830e+01 -1.975812830e+01 +2.5306e-02 +6.6877e-01 -4.1742e-02 -5.2947e-01 +3.8326e-01
47 0 +1.051233716e+01 -2.173766284e+01 -2.173766284e+01 +2.6907e-01 +5.1433e-01 +3.6458e-01 +3.3032e-02 +5.2679e-01
49 0 +8.344247982e+00 -2.390575202e+01 -2.390575202e+01 +1.2479e-01 +5.3716e-01 +6.4256e-01 -2.8144e-01 +4.0344e-01
84 0 +8.053414451e+00 -2.419658555e+01 -2.419658555e+01 -5.7724e-01 +6.7002e-01 -7.3358e-02 +2.6530e-01 +6.1809e-01
308 0 +7.759579586e+00 -2.449042041e+01 -2.449042041e+01 +1.2559e+00 -1.2860e+00 -3.5820e-01 -8.4165e-01 -6.1308e-01
311 0 +7.484238503e+00 -2.476576150e+01 -2.476576150e+01 +1.2606e+00 -1.2619e+00 -2.9007e-01 -8.1565e-01 -6.2188e-01
351 0 +7.254829642e+00 -2.499517036e+01 -2.499517036e+01 +1.2889e+00 -1.2425e+00 -3.0204e-01 -8.0638e-01 -6.6820e-01
356 0 +7.126761244e+00 -2.512323876e+01 -2.512323876e+01 +1.3171e+00 -1.1930e+00 -2.6629e-01 -8.1398e-01 -6.6643e-01
366 0 +7.053793434e+00 -2.519620657e+01 -2.519620657e+01 +1.2890e+00 -1.2337e+00 -2.5414e-01 -8.3310e-01 -6.9953e-01
428 0 +6.914156564e+00 -2.533584344e+01 -2.533584344e+01 +1.3043e+00 -1.1946e+00 -2.3926e-01 -8.4699e-01 -7.0722e-01
504 0 +6.891377050e+00 -2.535862295e+01 -2.535862295e+01 +1.3009e+00 -1.1814e+00 -2.3378e-01 -8.4720e-01 -7.0773e-01
% f evaluations | g evaluations | best noise-free fitness - Fopt (3.681200000000e+02) + sum g_i+ | measured fitness | best measured fitness or single-digit g-values | x1 | x2...
1 0 +1.956146599e+01 +3.876814660e+02 +3.876814660e+02 -2.6936e-01 +7.0621e-02 -6.2779e-01 +1.0431e-01 +8.7674e-02
2 0 +1.481698749e+01 +3.829369875e+02 +3.829369875e+02 -1.5962e-01 +3.6047e-01 -2.0892e-01 +4.8035e-01 +1.3382e-02
3 0 +1.341453930e+01 +3.815345393e+02 +3.815345393e+02 +1.2075e-01 +1.2621e-01 -1.1718e-01 +4.5054e-01 +1.4494e-01
4 0 +1.109571460e+01 +3.792157146e+02 +3.792157146e+02 +6.2733e-02 +6.5548e-02 +3.8678e-01 +2.5455e-01 -3.5735e-01
5 0 +8.264650889e+00 +3.763846509e+02 +3.763846509e+02 -4.4529e-02 +7.5736e-02 -1.9944e-01 +1.1103e-01 -3.3953e-01
10 0 +5.891001656e+00 +3.740110017e+02 +3.740110017e+02 -3.6685e-01 +2.8656e-01 -6.6011e-02 +1.9096e-01 +2.5330e-01
50 0 +4.517659595e+00 +3.726376596e+02 +3.726376596e+02 -1.8063e+00 +4.5152e-02 +7.9225e-01 +9.6031e-02 +5.8174e-01
172 0 +4.265872954e+00 +3.723858730e+02 +3.723858730e+02 -2.0380e+00 +4.8469e-01 +1.1384e+00 +4.5410e-02 +1.2941e+00
208 0 +3.133990328e+00 +3.712539903e+02 +3.712539903e+02 -2.4957e+00 +5.3997e-01 +1.6804e+00 -2.5368e-01 +1.4347e+00
271 0 +2.797411876e+00 +3.709174119e+02 +3.709174119e+02 -2.2607e+00 -8.6358e-02 +2.0912e+00 +7.2372e-02 +1.2049e+00
325 0 +2.697954829e+00 +3.708179548e+02 +3.708179548e+02 -2.3792e+00 +1.2966e-01 +2.3913e+00 -1.4327e-01 +1.3181e+00
329 0 +2.597700958e+00 +3.707177010e+02 +3.707177010e+02 -2.3037e+00 +1.4271e-01 +2.3324e+00 -9.0823e-02 +1.2830e+00
341 0 +2.444763311e+00 +3.705647633e+02 +3.705647633e+02 -2.2604e+00 +5.5678e-02 +2.2994e+00 -7.3662e-02 +1.2497e+00
352 0 +2.362319519e+00 +3.704823195e+02 +3.704823195e+02 -2.2976e+00 +1.0061e-01 +2.2998e+00 -8.5331e-02 +1.2825e+00
376 0 +2.217177772e+00 +3.703371778e+02 +3.703371778e+02 -2.3222e+00 +1.1315e-01 +2.3492e+00 -1.1817e-01 +1.2857e+00
504 0 +2.217177772e+00 +3.703371778e+02 +3.703371778e+02 -2.3222e+00 +1.1315e-01 +2.3492e+00 -1.1817e-01 +1.2857e+00
% f evaluations | g evaluations | best noise-free fitness - Fopt (4.739000000000e+01) + sum g_i+ | measured fitness | best measured fitness or single-digit g-values | x1 | x2...
1 0 +7.260098582e+00 +5.465009858e+01 +5.465009858e+01 +1.4212e-01 +2.4721e-01 +4.8282e-01 +3.7154e-01 -5.5378e-01
4 0 +7.227133568e+00 +5.461713357e+01 +5.461713357e+01 -2.7181e-01 +1.5788e-01 +8.0131e-02 +4.8022e-01 -9.8631e-02
7 0 +6.683550679e+00 +5.407355068e+01 +5.407355068e+01 -3.9855e-01 +2.2575e-01 -4.8025e-01 -2.9856e-01 -1.2986e-02
8 0 +5.996268978e+00 +5.338626898e+01 +5.338626898e+01 -5.8387e-01 +7.3218e-01 +1.0140e-01 +1.8527e-02 +6.1800e-01
11 0 +5.099164913e+00 +5.248916491e+01 +5.248916491e+01 -4.9948e-01 +5.5528e-01 -1.0212e-01 -4.2316e-02 -1.4389e-01
15 0 +3.377349014e+00 +5.076734901e+01 +5.076734901e+01 -7.8553e-01 +8.7217e-01 -7.6300e-01 +4.1791e-01 +8.5429e-01
17 0 +2.634990592e+00 +5.002499059e+01 +5.002499059e+01 -8.0661e-01 +1.3503e+00 -1.2000e+00 +3.8530e-01 +1.4814e+00
25 0 +2.249373287e+00 +4.963937329e+01 +4.963937329e+01 -1.6380e+00 +3.1279e+00 -1.7366e+00 +2.8598e-01 +2.0711e+00
40 0 +1.335598509e+00 +4.872559851e+01 +4.872559851e+01 -2.7477e-02 +3.1992e+00 -1.3643e+00 +6.9538e-01 +5.8429e-02
83 0 +1.197901085e+00 +4.858790109e+01 +4.858790109e+01 -1.1629e+00 +2.4666e+00 -9.9071e-01 +4.8029e-01 +1.0855e-01
102 0 +1.166744730e+00 +4.855674473e+01 +4.855674473e+01 +4.9843e-02 +2.7220e+00 -7.9986e-01 +2.6991e-01 +4.2608e-01
110 0 +1.041134278e+00 +4.843113428e+01 +4.843113428e+01 -2.3332e-01 +2.5118e+00 -5.8912e-01 -2.1554e-01 +3.4162e-02
120 0 +8.656224488e-01 +4.825562245e+01 +4.825562245e+01 -3.0115e-01 +2.4596e+00 -6.2020e-01 -6.1197e-02 +1.3303e-01
123 0 +7.921139153e-01 +4.818211392e+01 +4.818211392e+01 -2.4467e-01 +2.4300e+00 -7.7702e-01 +1.0757e-01 +8.1012e-02
130 0 +5.208130487e-01 +4.791081305e+01 +4.791081305e+01 -6.3045e-01 +2.3751e+00 -9.8391e-01 +1.6428e-01 +1.0236e-01
175 0 +2.811820731e-01 +4.767118207e+01 +4.767118207e+01 -3.2190e-01 +2.4755e+00 -8.3521e-01 +1.4117e-01 +8.4272e-02
208 0 +2.052977211e-01 +4.759529772e+01 +4.759529772e+01 -3.2429e-01 +2.5410e+00 -8.2713e-01 +1.3331e-01 +1.7418e-01
234 0 +1.955739476e-01 +4.758557395e+01 +4.758557395e+01 -4.0700e-01 +2.5205e+00 -8.6389e-01 +1.6274e-01 +1.3424e-01
236 0 +1.901670402e-01 +4.758016704e+01 +4.758016704e+01 -3.8448e-01 +2.5132e+00 -8.9990e-01 +1.4519e-01 +1.6152e-01
240 0 +1.621293564e-01 +4.755212936e+01 +4.755212936e+01 -3.9214e-01 +2.5270e+00 -8.7513e-01 +1.7191e-01 +1.3382e-01
271 0 +1.543063068e-01 +4.754430631e+01 +4.754430631e+01 -3.8747e-01 +2.5158e+00 -8.7811e-01 +1.6397e-01 +1.4883e-01
282 0 +1.388419022e-01 +4.752884190e+01 +4.752884190e+01 -3.8760e-01 +2.5222e+00 -8.7080e-01 +1.6653e-01 +1.5088e-01
297 0 +1.361412776e-01 +4.752614128e+01 +4.752614128e+01 -3.8045e-01 +2.5234e+00 -8.6513e-01 +1.6409e-01 +1.4681e-01
311 0 +1.228670990e-01 +4.751286710e+01 +4.751286710e+01 -3.8074e-01 +2.5193e+00 -8.6906e-01 +1.6619e-01 +1.4591e-01
335 0 +1.201010839e-01 +4.751010108e+01 +4.751010108e+01 -3.7981e-01 +2.5191e+00 -8.6790e-01 +1.6813e-01 +1.4553e-01
372 0 +1.164757759e-01 +4.750647578e+01 +4.750647578e+01 -3.7997e-01 +2.5201e+00 -8.6769e-01 +1.6753e-01 +1.4689e-01
504 0 +1.160043434e-01 +4.750600434e+01 +4.750600434e+01 -3.8002e-01 +2.5202e+00 -8.6766e-01 +1.6758e-01 +1.4714e-01
% f evaluations | g evaluations | best noise-free fitness - Fopt (-3.428900000000e+02) + sum g_i+ | measured fitness | best measured fitness or single-digit g-values | x1 | x2...
1 0 +3.062779721e+01 -3.122622028e+02 -3.122622028e+02 -2.4907e-01 -2.0912e-01 +1.3581e-01 +4.6369e-01 +1.1617e-01
2 0 +3.038102424e+01 -3.125089758e+02 -3.125089758e+02 -2.3143e-01 -6.9292e-03 +7.0585e-01 +1.3405e-01 +3.4707e-01
3 0 +2.363647948e+01 -3.192535205e+02 -3.192535205e+02 +1.3575e-02 +2.9874e-01 -1.0757e-01 -5.4992e-01 +2.2765e-01
13 0 +1.476013962e+01 -3.281298604e+02 -3.281298604e+02 +4.5579e-01 -4.2234e-02 +4.5593e-01 -5.0772e-01 +3.9434e-01
43 0 +1.130841371e+01 -3.315815863e+02 -3.315815863e+02 +9.5606e-01 -9.9858e-01 +7.9793e-01 -3.4859e-03 -5.2106e-01
50 0 +9.308480676e+00 -3.335815193e+02 -3.335815193e+02 +1.0507e+00 -1.2147e+00 +1.0459e+00 -4.0267e-01 -1.6212e-01
61 0 +8.585728737e+00 -3.343042713e+02 -3.343042713e+02 +1.1138e+00 -2.2025e+00 +1.1510e+00 +1.1407e-01 -5.4516e-01
72 0 +5.771185839e+00 -3.371188142e+02 -3.371188142e+02 +6.8152e-01 -2.0232e+00 +6.6048e-01 +5.6432e-02 -5.2239e-01
78 0 +5.180394403e+00 -3.377096056e+02 -3.377096056e+02 +1.3131e+00 -2.3359e+00 +1.3423e+00 -2.3717e-01 -8.4135e-01
80 0 +4.084907912e+00 -3.388050921e+02 -3.388050921e+02 +6.2442e-01 -2.7000e+00 +9.3699e-01 +2.8098e-01 -1.5219e+00
109 0 +2.889250067e+00 -3.400007499e+02 -3.400007499e+02 +1.6843e+00 -2.3926e+00 +2.9671e+00 +9.0941e-01 -3.4561e+00
132 0 +2.738657699e+00 -3.401513423e+02 -3.401513423e+02 +1.7788e+00 -2.2708e+00 +1.9313e+00 +7.3034e-01 -4.8688e+00
147 0 +2.684199771e+00 -3.402058002e+02 -3.402058002e+02 +1.7771e+00 -1.9526e+00 +3.1574e+00 -2.8069e-01 -2.8668e+00
171 0 +2.342468284e+00 -3.405475317e+02 -3.405475317e+02 +2.2246e+00 -2.3471e+00 +2.8916e+00 +1.8482e-01 -4.0809e+00
178 0 +1.576851875e+00 -3.413131481e+02 -3.413131481e+02 +1.9432e+00 -2.1139e+00 +2.7396e+00 -2.8255e-01 -2.8376e+00
195 0 +1.510616791e+00 -3.413793832e+02 -3.413793832e+02 +2.0361e+00 -2.3214e+00 +2.8680e+00 -3.0298e-01 -3.1322e+00
332 0 +1.476070243e+00 -3.414139298e+02 -3.414139298e+02 +1.9870e+00 -2.0645e+00 +2.7216e+00 +1.4349e-01 -4.0835e+00
401 0 +1.442908987e+00 -3.414470910e+02 -3.414470910e+02 +1.9901e+00 -2.0712e+00 +2.7317e+00 +1.3116e-01 -4.0723e+00
504 0 +1.429456729e+00 -3.414605433e+02 -3.414605433e+02 +1.9909e+00 -2.0722e+00 +2.7364e+00 +1.2340e-01 -4.0671e+00
% f evaluations | g evaluations | best noise-free fitness - Fopt (9.102000000000e+01) + sum g_i+ | measured fitness | best measured fitness or single-digit g-values | x1 | x2...
1 0 +2.072284232e+01 +1.117428423e+02 +1.117428423e+02 +3.3599e-03 +1.8554e-01 -3.3543e-01 +5.3429e-01 +1.6198e-01
2 0 +2.045270070e+01 +1.114727007e+02 +1.114727007e+02 -7.3824e-02 -6.0318e-01 -2.1750e-01 -1.4091e-01 -2.3654e-01
3 0 +2.040392503e+01 +1.114239250e+02 +1.114239250e+02 -2.6319e-01 +3.1530e-01 -1.9673e-01 +1.6436e-01 -9.6743e-02
9 0 +1.368669642e+01 +1.047066964e+02 +1.047066964e+02 +3.3715e-01 +2.0133e-01 +2.1033e-01 -4.9188e-01 +3.7602e-01
14 0 +1.276732288e+01 +1.037873229e+02 +1.037873229e+02 +8.1669e-02 -3.4416e-01 -7.8586e-02 -1.9713e-01 +1.0725e-01
16 0 +1.061370315e+01 +1.016337032e+02 +1.016337032e+02 -8.5782e-02 +2.7507e-01 +2.9746e-01 -2.3825e-01 +3.2887e-02
22 0 +9.905714963e+00 +1.009257150e+02 +1.009257150e+02 +2.5167e-01 -1.1524e-01 +7.6027e-02 -6.9289e-02 -9.8598e-03
23 0 +8.915070854e+00 +9.993507085e+01 +9.993507085e+01 -2.5722e-02 -4.1656e-01 +4.8218e-01 -3.4708e-01 -2.2954e-01
27 0 +7.080314852e+00 +9.810031485e+01 +9.810031485e+01 +2.2550e-01 -3.8677e-01 +8.6298e-01 -2.9751e-01 +7.6939e-04
38 0 +6.725088344e+00 +9.774508834e+01 +9.774508834e+01 -4.4785e-01 -3.0131e-01 +8.9190e-01 -5.7661e-02 +7.7744e-02
43 0 +4.945559466e+00 +9.596555947e+01 +9.596555947e+01 +1.8400e-01 -2.9420e-01 +1.2279e+00 -6.2537e-01 -1.5284e-01
60 0 +4.325804610e+00 +9.534580461e+01 +9.534580461e+01 -4.9029e-02 -5.3288e-01 +2.4370e+00 -3.0162e-01 -1.0461e-01
69 0 +3.154560465e+00 +9.417456046e+01 +9.417456046e+01 -4.5733e-01 -3.2326e-01 +3.3067e+00 -6.4066e-01 -6.3589e-01
117 0 +2.256842822e+00 +9.327684282e+01 +9.327684282e+01 -2.4893e-01 -7.9784e-01 +3.9212e+00 -2.9001e+00 -1.0876e+00
137 0 +2.088925142e+00 +9.310892514e+01 +9.310892514e+01 +1.2135e-01 -1.1881e+00 +3.3801e+00 -2.0868e+00 -1.0499e+00
172 0 +1.793491964e+00 +9.281349196e+01 +9.281349196e+01 +6.6409e-02 -1.2878e+00 +3.2541e+00 -2.2882e+00 -9.3094e-01
180 0 +1.641706355e+00 +9.266170635e+01 +9.266170635e+01 -8.5252e-02 -8.2438e-01 +3.0729e+00 -2.0121e+00 -6.3709e-01
184 0 +1.525854242e+00 +9.254585424e+01 +9.254585424e+01 +1.0712e-01 -1.2820e+00 +3.1552e+00 -2.3141e+00 -1.0143e+00
190 0 +1.471392691e+00 +9.249139269e+01 +9.249139269e+01 +7.6415e-02 -1.1223e+00 +3.5175e+00 -2.3997e+00 -9.3503e-01
195 0 +1.315677130e+00 +9.233567713e+01 +9.233567713e+01 +8.6267e-04 -1.0107e+00 +3.1482e+00 -2.3389e+00 -1.0092e+00
217 0 +1.224477399e+00 +9.224447740e+01 +9.224447740e+01 +4.1646e-02 -1.0553e+00 +2.9112e+00 -2.1209e+00 -9.2573e-01
243 0 +1.095474177e+00 +9.211547418e+01 +9.211547418e+01 +3.7564e-02 -9.4589e-01 +2.9265e+00 -2.1485e+00 -9.1305e-01
254 0 +7.717304097e-01 +9.179173041e+01 +9.179173041e+01 +2.4154e-02 -8.7866e-01 +2.7193e+00 -2.1097e+00 -9.9648e-01
504 0 +7.717304097e-01 +9.179173041e+01 +9.179173041e+01 +2.4154e-02 -8.7866e-01 +2.7193e+00 -2.1097e+00 -9.9648e-01
% f evaluations | g evaluations | best noise-free fitness - Fopt (7.324200000000e+02) + sum g_i+ | measured fitness | best measured fitness or single-digit g-values | x1 | x2...
1 0 +2.598805020e+01 +7.584080502e+02 +7.584080502e+02 +5.4769e-02 +5.9373e-02 +3.9486e-01 +7.2589e-02 +3.6463e-01
2 0 +1.647416062e+01 +7.488941606e+02 +7.488941606e+02 -4.7847e-02 -2.1891e-01 +5.0594e-01 +5.1508e-01 -9.9702e-02
7 0 +1.569990462e+01 +7.481199046e+02 +7.481199046e+02 +1.1403e-01 +4.7052e-01 -1.2461e-01 +4.0462e-01 -1.9832e-01
16 0 +1.337033948e+01 +7.457903395e+02 +7.457903395e+02 -8.8898e-02 +4.9594e-01 +1.5051e-01 +4.8394e-01 -6.2506e-03
33 0 +1.291502154e+01 +7.453350215e+02 +7.453350215e+02 -1.5124e-01 +1.0483e+00 +7.1983e-01 +1.4710e+00 -1.9043e-01
39 0 +1.228873790e+01 +7.447087379e+02 +7.447087379e+02 +3.1291e-01 +5.5062e-01 +3.1945e-01 +1.1933e+00 -2.8337e-01
43 0 +8.414790846e+00 +7.408347908e+02 +7.408347908e+02 +5.2946e-01 +5.7247e-01 +6.1602e-01 +1.1613e+00 -1.1667e+00
56 0 +7.852750550e+00 +7.402727505e+02 +7.402727505e+02 +7.8840e-01 -8.0912e-01 +8.7924e-01 +1.5254e+00 -1.2734e+00
60 0 +7.409426618e+00 +7.398294266e+02 +7.398294266e+02 +4.4812e-01 -2.2430e-01 +6.7183e-01 +1.8796e+00 -2.0727e+00
76 0 +5.976743688e+00 +7.383967437e+02 +7.383967437e+02 +7.5601e-01 -5.6179e-01 +8.5652e-01 +1.4575e+00 -1.9530e+00
92 0 +5.033682413e+00 +7.374536824e+02 +7.374536824e+02 +3.9243e-01 -2.1686e-01 +8.0264e-01 +1.5808e+00 -2.7306e+00
234 0 +4.312335636e+00 +7.367323356e+02 +7.367323356e+02 +3.2810e-01 -1.2070e+00 +2.2928e+00 +3.0561e+00 -4.6382e+00
329 0 +4.257959119e+00 +7.366779591e+02 +7.366779591e+02 +2.4083e-01 -1.1528e+00 +2.3448e+00 +2.8699e+00 -4.5781e+00
381 0 +4.166317073e+00 +7.365863171e+02 +7.365863171e+02 +2.3812e-01 -1.1149e+00 +2.3638e+00 +2.8899e+00 -4.5817e+00
504 0 +4.135136735e+00 +7.365551367e+02 +7.365551367e+02 +2.3780e-01 -1.1151e+00 +2.3528e+00 +2.8887e+00 -4.6014e+00
% f evaluations | g evaluations | best noise-free fitness - Fopt (3.542000000000e+01) + sum g_i+ | measured fitness | best measured fitness or single-digit g-values | x1 | x2...
1 0 +4.353542506e+01 +7.895542506e+01 +7.895542506e+01 +7.1322e-02 -1.5778e-01 +4.8464e-01 +1.7639e-01 -1.5166e-01
3 0 +4.243515254e+01 +7.785515254e+01 +7.785515254e+01 -4.7200e-01 -3.4526e-02 -1.5850e-01 +1.9952e-01 -2.2187e-01
5 0 +3.842516063e+01 +7.384516063e+01 +7.384516063e+01 +4.2343e-02 +2.2335e-01 -3.7689e-01 +2.9222e-01 -4.8572e-01
9 0 +1.947987240e+01 +5.489987240e+01 +5.489987240e+01 +4.1005e-01 +2.3653e-01 -5.8520e-01 +7.1914e-01 -4.6544e-01
10 0 +1.804990853e+01 +5.346990853e+01 +5.346990853e+01 +4.2908e-01 +8.6606e-01 -6.6469e-01 +5.6260e-01 -4.4922e-01
39 0 +1.339079678e+01 +4.881079678e+01 +4.881079678e+01 +1.2716e+00 -4.4499e-01 -1.8124e-01 +9.0590e-01 -1.5239e-01
48 0 +1.209469905e+01 +4.751469905e+01 +4.751469905e+01 +1.0490e+00 -4.2162e-01 -2.8938e-01 +1.0338e+00 -1.2153e-01
57 0 +8.401081368e+00 +4.382108137e+01 +4.382108137e+01 +1.7860e+00 -3.0792e-01 -1.3077e+00 +1.1052e+00 -3.7024e-01
68 0 +7.768381995e+00 +4.318838199e+01 +4.318838199e+01 +1.1905e+00 +7.8702e-02 -1.3857e+00 +1.8083e+00 -3.1108e-01
69 0 +2.615770696e+00 +3.803577070e+01 +3.803577070e+01 +2.4188e+00 -7.3818e-01 -1.6463e+00 +1.2040e+00 -1.7230e-01
115 0 +2.522707709e+00 +3.794270771e+01 +3.794270771e+01 +3.7189e+00 -1.3650e+00 -2.3081e+00 +6.6692e-01 +1.0842e+00
125 0 +1.665091128e+00 +3.708509113e+01 +3.708509113e+01 +3.4515e+00 -2.4550e+00 -8.5693e-01 -6.3231e-01 +3.3250e+00
193 0 +1.397525186e+00 +3.681752519e+01 +3.681752519e+01 +3.5836e+00 -1.6229e+00 -1.7281e+00 -1.4005e-01 +1.8002e+00
206 0 +1.367734636e+00 +3.678773464e+01 +3.678773464e+01 +3.6863e+00 -1.8573e+00 -1.5065e+00 +1.4395e-03 +2.1301e+00
209 0 +1.118256583e+00 +3.653825658e+01 +3.653825658e+01 +3.2157e+00 -1.4916e+00 -1.2839e+00 -1.8418e-01 +2.2365e+00
219 0 +5.790183854e-01 +3.599901839e+01 +3.599901839e+01 +3.2655e+00 -1.7234e+00 -1.2706e+00 +4.4818e-02 +2.2618e+00
232 0 +4.639405848e-01 +3.588394058e+01 +3.588394058e+01 +3.2987e+00 -1.6759e+00 -1.3193e+00 +6.8128e-02 +2.2575e+00
273 0 +3.540480671e-01 +3.577404807e+01 +3.577404807e+01 +3.3371e+00 -1.6977e+00 -1.3290e+00 +1.1094e-01 +2.3259e+00
294 0 +2.783489083e-01 +3.569834891e+01 +3.569834891e+01 +3.1569e+00 -1.6421e+00 -1.2203e+00 +1.0677e-01 +2.2897e+00
322 0 +2.235819367e-01 +3.564358194e+01 +3.564358194e+01 +3.1694e+00 -1.6805e+00 -1.2851e+00 +1.1717e-01 +2.2922e+00
356 0 +1.839027789e-01 +3.560390278e+01 +3.560390278e+01 +3.1352e+00 -1.6835e+00 -1.2500e+00 +1.0956e-01 +2.3067e+00
372 0 +1.616894694e-01 +3.558168947e+01 +3.558168947e+01 +3.1407e+00 -1.6958e+00 -1.2560e+00 +1.0162e-01 +2.3131e+00
387 0 +1.467675540e-01 +3.556676755e+01 +3.556676755e+01 +3.1304e+00 -1.6855e+00 -1.2591e+00 +1.0261e-01 +2.3079e+00
392 0 +1.415489475e-01 +3.556154895e+01 +3.556154895e+01 +3.1269e+00 -1.6845e+00 -1.2585e+00 +1.0324e-01 +2.3034e+00
397 0 +1.391391538e-01 +3.555913915e+01 +3.555913915e+01 +3.1309e+00 -1.6870e+00 -1.2612e+00 +1.0421e-01 +2.3042e+00
398 0 +1.354202327e-01 +3.555542023e+01 +3.555542023e+01 +3.1313e+00 -1.6848e+00 -1.2622e+00 +1.0378e-01 +2.3034e+00
422 0 +1.306432293e-01 +3.555064323e+01 +3.555064323e+01 +3.1321e+00 -1.6849e+00 -1.2635e+00 +1.0411e-01 +2.3025e+00
435 0 +1.271292939e-01 +3.554712929e+01 +3.554712929e+01 +3.1316e+00 -1.6849e+00 -1.2629e+00 +1.0379e-01 +2.3031e+00
489 0 +1.256913060e-01 +3.554569131e+01 +3.554569131e+01 +3.1316e+00 -1.6855e+00 -1.2621e+00 +1.0357e-01 +2.3040e+00
504 0 +1.254006996e-01 +3.554540070e+01 +3.554540070e+01 +3.1315e+00 -1.6856e+00 -1.2621e+00 +1.0346e-01 +2.3042e+00
