% f evaluations | g evaluations | best noise-free fitness - Fopt (7.135000000000e+01) + sum g_i+ | measured fitness | best measured fitness or single-digit g-values | x1 | x2...
1 0 +1.830884690e+02 +2.544384690e+02 +2.544384690e+02 +8.9776e-02 +7.5803e-02 -1.0819e-01 -3.0020e-02 +3.3004e-01
2 0 +9.046876939e+01 +1.618187694e+02 +1.618187694e+02 +2.9961e-02 -3.2361e-01 -2.7981e-01 -2.0318e-01 -2.3121e-02
3 0 +6.411365541e+01 +1.354636554e+02 +1.354636554e+02 -4.3207e-01 -4.2555e-01 -4.6010e-02 -2.3917e-01 -2.6431e-01
9 0 +1.936013116e+01 +9.071013116e+01 +9.071013116e+01 -9.8083e-01 -2.9890e-01 -1.8845e-01 +1.7721e-01 -4.6493e-01
19 0 +1.012403320e+01 +8.147403320e+01 +8.147403320e+01 -8.9341e-01 +1.8445e-01 -3.0417e-01 +6.5632e-01 -7.5708e-01
62 0 +4.967295556e+00 +7.631729556e+01 +7.631729556e+01 -3.9267e-01 +2.0089e-02 -3.8664e-01 +7.1568e-01 -1.2862e+00
98 0 +3.965512870e+00 +7.531551287e+01 +7.531551287e+01 -6.1591e-01 +1.0718e-01 -4.0707e-01 +8.9171e-01 -1.2782e+00
100 0 +1.895191158e+00 +7.324519116e+01 +7.324519116e+01 -5.8298e-01 +2.7712e-01 -5.9372e-01 +6.9558e-01 -1.2423e+00
126 0 +1.342018867e+00 +7.269201887e+01 +7.269201887e+01 -4.4461e-01 +3.4280e-01 -6.9731e-01 +8.2147e-01 -1.4026e+00
269 0 +1.275489132e+00 +7.262548913e+01 +7.262548913e+01 -5.5031e-01 +1.5524e-01 -5.9800e-01 +6.3931e-01 -1.1878e+00
273 0 +1.245262882e+00 +7.259526288e+01 +7.259526288e+01 -5.4993e-01 +1.5733e-01 -5.9699e-01 +6.3308e-01 -1.1913e+00
298 0 +1.175841487e+00 +7.252584149e+01 +7.252584149e+01 -5.4745e-01 +1.5698e-01 -5.9763e-01 +6.4006e-01 -1.1949e+00
308 0 +1.173780925e+00 +7.252378093e+01 +7.252378093e+01 -5.5032e-01 +1.5622e-01 -5.9701e-01 +6.4071e-01 -1.1931e+00
313 0 +1.137223311e+00 +7.248722331e+01 +7.248722331e+01 -5.5024e-01 +1.5571e-01 -5.9757e-01 +6.3815e-01 -1.1929e+00
317 0 +1.119522790e+00 +7.246952279e+01 +7.246952279e+01 -5.5029e-01 +1.5471e-01 -5.9630e-01 +6.3760e-01 -1.1932e+00
324 0 +1.092826774e+00 +7.244282677e+01 +7.244282677e+01 -5.5177e-01 +1.5472e-01 -5.9625e-01 +6.3701e-01 -1.1926e+00
331 0 +1.068008647e+00 +7.241800865e+01 +7.241800865e+01 -5.5128e-01 +1.5480e-01 -5.9652e-01 +6.3648e-01 -1.1936e+00
373 0 +1.043431272e+00 +7.239343127e+01 +7.239343127e+01 -5.5141e-01 +1.5432e-01 -5.9584e-01 +6.3649e-01 -1.1934e+00
432 0 +1.022219523e+00 +7.237221952e+01 +7.237221952e+01 -5.5156e-01 +1.5413e-01 -5.9578e-01 +6.3661e-01 -1.1935e+00
504 0 +1.009380036e+00 +7.235938004e+01 +7.235938004e+01 -5.5157e-01 +1.5412e-01 -5.9575e-01 +6.3665e-01 -1.1935e+00
% f evaluations | g evaluations | best noise-free fitness - Fopt (-3.552200000000e+02) + sum g_i+ | measured fitness | best measured fitness or single-digit g-values | x1 | x2...
1 0 +1.238851727e+02 -2.313348273e+02 -2.313348273e+02 +2.6184e-02 +2.0054e-01 +2.7798e-01 -3.5242e-01 -4.0940e-01
3 0 +1.062113407e+02 -2.490086593e+02 -2.490086593e+02 +3.8489e-02 +1.1663e-01 +2.9194e-01 +2.7085e-01 +1.8576e-01
7 0 +6.274446568e+01 -2.924755343e+02 -2.924755343e+02 +4.5432e-01 +1.6768e-01 +2.3236e-01 -4.3466e-01 +9.1921e-02
26 0 +4.716000637e+01 -3.080599936e+02 -3.080599936e+02 +3.3198e-01 +1.1849e-01 +7.4665e-01 -2.3903e-01 +1.0860e-01
34 0 +3.907697848e+01 -3.161430215e+02 -3.161430215e+02 +4.3540e-01 +2.1948e-01 +7.6792e-01 -4.8164e-01 +2.6034e-01
52 0 +3.766364540e+01 -3.175563546e+02 -3.175563546e+02 +3.8207e-01 +1.2054e-01 +9.9165e-01 -3.4694e-02 +2.3288e-01
59 0 +2.636152607e+01 -3.288584739e+02 -3.288584739e+02 +1.9772e-01 +2.2916e-01 +1.0254e+00 +2.1399e-01 -1.2700e-01
84 0 +1.272442402e+01 -3.424955760e+02 -3.424955760e+02 +2.7020e-01 -8.9151e-02 +1.6269e+00 +1.2713e+00 -4.1964e-01
91 0 +8.097842342e+00 -3.471221577e+02 -3.471221577e+02 +6.9157e-02 -4.3956e-02 +2.0427e+00 +1.2752e+00 -3.3998e-01
92 0 +4.649230061e+00 -3.505707699e+02 -3.505707699e+02 +2.4083e-01 -2.3205e-01 +1.8429e+00 +1.5318e+00 -4.1925e-01
256 0 +4.466590019e+00 -3.507534100e+02 -3.507534100e+02 +3.9805e-01 -3.4246e-01 +1.8516e+00 +9.6339e-01 -2.7167e-01
259 0 +4.361328100e+00 -3.508586719e+02 -3.508586719e+02 +4.1861e-01 -3.6690e-01 +1.8887e+00 +8.9777e-01 -2.2201e-01
268 0 +2.657063144e+00 -3.525629369e+02 -3.525629369e+02 +4.0562e-01 -3.4345e-01 +1.8780e+00 +9.6197e-01 -2.1440e-01
282 0 +2.623951908e+00 -3.525960481e+02 -3.525960481e+02 +3.9937e-01 -3.3972e-01 +1.8547e+00 +1.0116e+00 -2.4911e-01
287 0 +1.885252766e+00 -3.533347472e+02 -3.533347472e+02 +4.1321e-01 -3.3737e-01 +1.8711e+00 +9.7462e-01 -2.2261e-01
504 0 +1.885252766e+00 -3.533347472e+02 -3.533347472e+02 +4.1321e-01 -3.3737e-01 +1.8711e+00 +9.7462e-01 -2.2261e-01
% f evaluations | g evaluations | best noise-free fitness - Fopt (9.917000000000e+01) + sum g_i+ | measured fitness | best measured fitness or single-digit g-values | x1 | x2...
1 0 +1.093624269e+02 +2.085324269e+02 +2.085324269e+02 +1.3449e-01 -3.2066e-02 -1.0665e-02 +1.9869e-03 -2.2039e-01
3 0 +6.344961445e+01 +1.626196145e+02 +1.626196145e+02 -5.9407e-02 -4.3079e-01 +1.9083e-01 +4.5457e-02 +1.5536e-01
8 0 +4.425937457e+01 +1.434293746e+02 +1.434293746e+02 +1.9451e-01 -7.6633e-02 -2.3074e-01 +1.0725e-01 +5.6345e-01
25 0 +3.603726479e+01 +1.352072648e+02 +1.352072648e+02 -6.6960e-02 -1.4202e-01 -3.7991e-01 +1.0653e-01 +5.3770e-01
58 0 +2.928089644e+01 +1.284508964e+02 +1.284508964e+02 -5.5065e-02 -1.8171e-01 -3.8210e-01 +1.6850e-01 +1.0889e+00
70 0 +2.489450636e+01 +1.240645064e+02 +1.240645064e+02 +1.3604e-02 -1.6511e-01 -2.8752e-01 +2.5567e-01 +7.5767e-01
71 0 +2.036363220e+01 +1.195336322e+02 +1.195336322e+02 -4.6598e-02 -4.3477e-01 -2.2152e-01 -4.9671e-02 +9.0559e-01
112 0 +1.912912175e+01 +1.182991217e+02 +1.182991217e+02 +3.5803e-02 -3.2942e-01 -3.1597e-01 +8.6474e-02 +8.1024e-01
142 0 +1.629988790e+01 +1.154698879e+02 +1.154698879e+02 +8.7756e-02 -3.3926e-01 -3.0259e-01 +1.5539e-01 +9.4571e-01
156 0 +1.606862171e+01 +1.152386217e+02 +1.152386217e+02 +7.0275e-02 -3.4020e-01 -3.2779e-01 +1.0345e-01 +8.9355e-01
186 0 +1.451645992e+01 +1.136864599e+02 +1.136864599e+02 +8.2482e-02 -3.1839e-01 -3.2770e-01 +1.6175e-01 +9.3994e-01
191 0 +1.434432223e+01 +1.135143222e+02 +1.135143222e+02 +7.3380e-02 -3.2186e-01 -3.0308e-01 +1.4966e-01 +9.1117e-01
211 0 +1.343621857e+01 +1.126062186e+02 +1.126062186e+02 +7.7754e-02 -3.3377e-01 -3.0296e-01 +1.4845e-01 +9.0968e-01
226 0 +1.292759239e+01 +1.120975924e+02 +1.120975924e+02 +7.8501e-02 -3.3183e-01 -3.0076e-01 +1.4317e-01 +9.0276e-01
239 0 +1.278327199e+01 +1.119532720e+02 +1.119532720e+02 +6.8866e-02 -3.4112e-01 -2.9853e-01 +1.3225e-01 +9.0806e-01
258 0 +1.258835664e+01 +1.117583566e+02 +1.117583566e+02 +7.0714e-02 -3.4115e-01 -2.9642e-01 +1.3019e-01 +8.9864e-01
299 0 +1.194773075e+01 +1.111177307e+02 +1.111177307e+02 +6.9630e-02 -3.3983e-01 -2.9661e-01 +1.2857e-01 +8.9785e-01
504 0 +1.183652885e+01 +1.110065289e+02 +1.110065289e+02 +7.0113e-02 -3.4004e-01 -2.9551e-01 +1.2953e-01 +9.0069e-01
% f evaluations | g evaluations | best noise-free fitness - Fopt (-5.179100000000e+02) + sum g_i+ | measured fitness | best measured fitness or single-digit g-values | x1 | x2...
1 0 +7.065149269e+01 -4.472585073e+02 -4.472585073e+02 -3.7389e-01 -5.4115e-01 +1.9109e-01 -2.1505e-01 +8.9717e-02
3 0 +4.903445272e+01 -4.688755473e+02 -4.688755473e+02 -6.9299e-01 -2.5622e-01 +3.6796e-01 +3.6167e-02 -3.2965e-01
6 0 +4.476923463e+01 -4.731407654e+02 -4.731407654e+02 +3.6020e-01 -1.0063e-01 +2.6403e-01 +1.8265e-01 +3.2618e-01
10 0 +2.716523054e+01 -4.907447695e+02 -4.907447695e+02 -1.7687e-01 -5.4992e-01 +8.8592e-01 +8.3032e-02 +4.7294e-01
11 0 +1.265842931e+01 -5.052515707e+02 -5.052515707e+02 -1.1039e-01 +2.4761e-02 +1.4815e-01 +5.5094e-01 -1.0580e-01
54 0 +1.196233714e+01 -5.059476629e+02 -5.059476629e+02 -4.4641e-01 -4.3148e-01 +2.2480e-01 +1.0917e+00 -5.8691e-01
57 0 +8.838117961e+00 -5.090718820e+02 -5.090718820e+02 -2.9032e-01 -2.7257e-01 +6.6347e-02 +8.6474e-01 -6.2744e-01
83 0 +6.886768236e+00 -5.110232318e+02 -5.110232318e+02 -1.6526e-01 -5.6334e-02 +1.9683e-01 +6.2083e-01 -7.1900e-01
92 0 +5.238472697e+00 -5.126715273e+02 -5.126715273e+02 -3.3595e-01 -2.0960e-01 +3.0384e-01 +5.5470e-01 -7.9132e-01
109 0 +4.963987130e+00 -5.129460129e+02 -5.129460129e+02 -2.7268e-01 -3.8028e-01 +3.7622e-01 +6.4686e-01 -6.6175e-01
121 0 +4.215810567e+00 -5.136941894e+02 -5.136941894e+02 -3.4139e-01 -3.6967e-01 +3.8293e-01 +5.6872e-01 -6.5093e-01
131 0 +3.034257215e+00 -5.148757428e+02 -5.148757428e+02 -3.3031e-01 -3.6480e-01 +4.0829e-01 +5.8801e-01 -6.7189e-01
140 0 +1.963984970e+00 -5.159460150e+02 -5.159460150e+02 -3.3593e-01 -4.0972e-01 +3.6839e-01 +6.6492e-01 -7.3279e-01
149 0 +1.314945124e+00 -5.165950549e+02 -5.165950549e+02 -3.6381e-01 -3.9202e-01 +3.7468e-01 +6.7697e-01 -7.7925e-01
187 0 +1.213750181e+00 -5.166962498e+02 -5.166962498e+02 -3.3551e-01 -3.4730e-01 +4.4072e-01 +6.7578e-01 -7.8721e-01
190 0 +1.091056189e+00 -5.168189438e+02 -5.168189438e+02 -3.2659e-01 -3.6204e-01 +4.3094e-01 +6.5211e-01 -7.9349e-01
194 0 +9.550190050e-01 -5.169549810e+02 -5.169549810e+02 -3.2487e-01 -3.5215e-01 +4.3103e-01 +6.7181e-01 -8.0331e-01
210 0 +8.945721685e-01 -5.170154278e+02 -5.170154278e+02 -3.2305e-01 -3.6699e-01 +4.2996e-01 +6.6347e-01 -8.0028e-01
213 0 +8.833517748e-01 -5.170266482e+02 -5.170266482e+02 -3.3033e-01 -3.4857e-01 +4.1666e-01 +6.7370e-01 -7.9778e-01
219 0 +7.716698798e-01 -5.171383301e+02 -5.171383301e+02 -3.2093e-01 -3.4270e-01 +4.3817e-01 +6.5963e-01 -8.1007e-01
243 0 +7.472828016e-01 -5.171627172e+02 -5.171627172e+02 -3.2181e-01 -3.2339e-01 +4.1896e-01 +6.6106e-01 -8.0321e-01
274 0 +7.216214751e-01 -5.171883785e+02 -5.171883785e+02 -3.2104e-01 -3.2613e-01 +4.2607e-01 +6.6613e-01 -8.0815e-01
285 0 +6.248284607e-01 -5.172851715e+02 -5.172851715e+02 -3.1867e-01 -3.2876e-01 +4.2374e-01 +6.6965e-01 -8.0696e-01
321 0 +6.097657419e-01 -5.173002343e+02 -5.173002343e+02 -3.2019e-01 -3.2910e-01 +4.2133e-01 +6.6818e-01 -8.0805e-01
351 0 +6.015925219e-01 -5.173084075e+02 -5.173084075e+02 -3.2016e-01 -3.2767e-01 +4.2226e-01 +6.6814e-01 -8.0824e-01
355 0 +5.825543146e-01 -5.173274457e+02 -5.173274457e+02 -3.2049e-01 -3.2834e-01 +4.2180e-01 +6.6881e-01 -8.0824e-01
363 0 +5.743704457e-01 -5.173356296e+02 -5.173356296e+02 -3.2039e-01 -3.2828e-01 +4.2177e-01 +6.6900e-01 -8.0799e-01
377 0 +5.617408346e-01 -5.173482592e+02 -5.173482592e+02 -3.2013e-01 -3.2801e-01 +4.2178e-01 +6.6829e-01 -8.0763e-01
411 0 +5.444298019e-01 -5.173655702e+02 -5.173655702e+02 -3.2043e-01 -3.2835e-01 +4.2187e-01 +6.6868e-01 -8.0770e-01
504 0 +5.428892311e-01 -5.173671108e+02 -5.173671108e+02 -3.2043e-01 -3.2838e-01 +4.2189e-01 +6.6865e-01 -8.0763e-01
% f evaluations | g evaluations | best noise-free fitness - Fopt (-5.721000000000e+01) + sum g_i+ | measured fitness | best measured fitness or single-digit g-values | x1 | x2...
1 0 +1.373197318e+02 +8.010973178e+01 +8.010973178e+01 +4.1388e-01 -1.4042e-01 -3.0920e-02 -1.4091e-01 +2.6356e-01
2 0 +6.689190175e+01 +9.681901754e+00 +9.681901754e+00 +1.6250e-01 +2.9123e-02 +3.5891e-01 -1.5422e-02 +1.2080e-01
5 0 +6.146016851e+01 +4.250168507e+00 +4.250168507e+00 -2.6111e-01 -1.3094e-02 -1.6694e-01 -1.3750e-01 -2.9563e-01
11 0 +3.801741062e+01 -1.919258938e+01 -1.919258938e+01 -8.7981e-01 +8.3588e-02 +1.4546e-01 +1.7019e-03 +5.2719e-01
49 0 +3.419573521e+01 -2.301426479e+01 -2.301426479e+01 -7.5926e-01 +2.1318e-01 -6.9810e-02 -3.3463e-01 +2.4642e-01
59 0 +2.996947699e+01 -2.724052301e+01 -2.724052301e+01 -2.2869e-01 -3.6381e-02 -2.0884e-01 -2.2709e-01 +3.7063e-01
68 0 +2.035458167e+01 -3.685541833e+01 -3.685541833e+01 -6.7558e-01 +1.3800e-02 -5.5575e-02 -4.1679e-01 +3.4442e-01
143 0 +1.930366637e+01 -3.790633363e+01 -3.790633363e+01 -7.9351e-01 +1.4841e-02 -2.8034e-01 -5.5475e-01 +1.2083e-01
158 0 +1.744237203e+01 -3.976762797e+01 -3.976762797e+01 -6.5095e-01 +2.2774e-02 -2.5710e-01 -5.4282e-01 +1.4957e-01
165 0 +1.709689170e+01 -4.011310830e+01 -4.011310830e+01 -7.5180e-01 +5.4366e-02 -2.3466e-01 -6.3241e-01 +1.3748e-01
167 0 +1.693805442e+01 -4.027194558e+01 -4.027194558e+01 -7.8189e-01 +6.2917e-02 -2.5986e-01 -5.1974e-01 +1.3223e-01
180 0 +1.593824910e+01 -4.127175090e+01 -4.127175090e+01 -7.3751e-01 +6.0797e-02 -2.0490e-01 -5.4890e-01 +1.8783e-01
198 0 +1.505993455e+01 -4.215006545e+01 -4.215006545e+01 -7.6258e-01 +4.7278e-02 -1.8367e-01 -5.3373e-01 +1.8377e-01
215 0 +1.378277009e+01 -4.342722991e+01 -4.342722991e+01 -7.3282e-01 +7.3999e-02 -1.2253e-01 -5.6834e-01 +2.1910e-01
253 0 +1.309491169e+01 -4.411508831e+01 -4.411508831e+01 -7.6525e-01 +7.6850e-02 -1.3885e-01 -5.5529e-01 +2.1953e-01
269 0 +1.249955828e+01 -4.471044172e+01 -4.471044172e+01 -7.5534e-01 +7.3682e-02 -1.1023e-01 -5.6189e-01 +2.3752e-01
271 0 +1.173420691e+01 -4.547579309e+01 -4.547579309e+01 -7.5924e-01 +6.8278e-02 -1.2905e-01 -5.6875e-01 +2.2378e-01
275 0 +1.144231959e+01 -4.576768041e+01 -4.576768041e+01 -7.4582e-01 +6.8015e-02 -1.3733e-01 -5.5771e-01 +2.2187e-01
277 0 +1.113108512e+01 -4.607891488e+01 -4.607891488e+01 -7.4006e-01 +5.1437e-02 -1.5273e-01 -5.5831e-01 +2.2049e-01
282 0 +1.094707641e+01 -4.626292359e+01 -4.626292359e+01 -7.3701e-01 +5.5864e-02 -1.4096e-01 -5.6001e-01 +2.2528e-01
321 0 +1.064086869e+01 -4.656913131e+01 -4.656913131e+01 -7.3977e-01 +6.4309e-02 -1.4597e-01 -5.5156e-01 +2.2076e-01
334 0 +1.035101917e+01 -4.685898083e+01 -4.685898083e+01 -7.3777e-01 +5.6238e-02 -1.5830e-01 -5.5212e-01 +2.1681e-01
348 0 +1.022949641e+01 -4.698050359e+01 -4.698050359e+01 -7.4043e-01 +5.5998e-02 -1.5904e-01 -5.5063e-01 +2.1804e-01
368 0 +9.923880626e+00 -4.728611937e+01 -4.728611937e+01 -7.3931e-01 +5.3924e-02 -1.6031e-01 -5.5048e-01 +2.1738e-01
387 0 +9.643069561e+00 -4.756693044e+01 -4.756693044e+01 -7.4234e-01 +5.5543e-02 -1.5895e-01 -5.5019e-01 +2.1775e-01
405 0 +9.467886965e+00 -4.774211303e+01 -4.774211303e+01 -7.4091e-01 +5.4573e-02 -1.6241e-01 -5.4989e-01 +2.1563e-01
460 0 +9.318945781e+00 -4.789105422e+01 -4.789105422e+01 -7.4058e-01 +5.3731e-02 -1.6585e-01 -5.4891e-01 +2.1370e-01
504 0 +9.223793803e+00 -4.798620620e+01 -4.798620620e+01 -7.4038e-01 +5.3679e-02 -1.6592e-01 -5.4889e-01 +2.1377e-01
% f evaluations | g evaluations | best noise-free fitness - Fopt (6.626000000000e+01) + sum g_i+ | measured fitness | best measured fitness or single-digit g-values | x1 | x2...
1 0 +3.124784074e+01 +9.750784074e+01 +9.750784074e+01 -5.9553e-02 -1.9542e-01 +6.6686e-02 -3.8081e-01 -2.7630e-01
2 0 +2.779428841e+01 +9.405428841e+01 +9.405428841e+01 +5.9532e-01 +4.1111e-02 -2.4025e-01 +2.1696e-02 -1.5935e-01
11 0 +2.387519104e+01 +9.013519104e+01 +9.013519104e+01 +1.9778e-01 +3.2285e-01 -2.0858e-02 -2.9739e-01 +4.5892e-01
12 0 +2.050259798e+01 +8.676259798e+01 +8.676259798e+01 +3.7173e-01 +5.8971e-02 +1.1583e-01 -3.7989e-02 +2.3445e-01
15 0 +1.929688154e+01 +8.555688154e+01 +8.555688154e+01 +5.9913e-01 +1.3061e-01 -3.6347e-02 -2.2878e-01 +6.2370e-02
22 0 +1.549214127e+01 +8.175214127e+01 +8.175214127e+01 +6.0583e-01 +1.0740e-01 -6.7622e-02 +2.0351e-02 -8.7980e-02
27 0 +1.067278787e+01 +7.693278787e+01 +7.693278787e+01 +5.1113e-01 +1.1492e-01 +2.0317e-01 +1.7484e-01 +1.9711e-01
58 0 +9.462962756e+00 +7.572296276e+01 +7.572296276e+01 +6.5647e-01 -1.7808e-01 +2.6510e-01 -2.9509e-01 +4.5371e-01
83 0 +8.782027555e+00 +7.504202755e+01 +7.504202755e+01 +6.0956e-01 +2.7034e-02 +2.1286e-01 -2.4552e-01 +1.7560e-01
122 0 +6.460054490e+00 +7.272005449e+01 +7.272005449e+01 +5.1875e-01 -5.5467e-02 +2.5446e-01 -1.3642e-01 +4.1791e-01
142 0 +5.464916198e+00 +7.172491620e+01 +7.172491620e+01 +5.1855e-01 -2.1474e-02 +3.5676e-01 -4.9806e-02 +5.1927e-01
146 0 +4.504813491e+00 +7.076481349e+01 +7.076481349e+01 +6.0516e-01 -1.3258e-01 +3.9502e-01 -1.6632e-01 +5.4293e-01
154 0 +4.432525875e+00 +7.069252587e+01 +7.069252587e+01 +5.1616e-01 -1.1604e-01 +4.0167e-01 -1.6868e-01 +5.9013e-01
209 0 +4.219834010e+00 +7.047983401e+01 +7.047983401e+01 +5.9390e-01 -2.3338e-02 +3.4976e-01 -1.1465e-01 +5.0199e-01
213 0 +4.068209565e+00 +7.032820956e+01 +7.032820956e+01 +6.1226e-01 -4.0961e-02 +3.5892e-01 -1.3948e-01 +5.0357e-01
216 0 +3.889323413e+00 +7.014932341e+01 +7.014932341e+01 +5.8223e-01 -3.9985e-02 +3.7954e-01 -9.2533e-02 +5.0202e-01
219 0 +3.094604371e+00 +6.935460437e+01 +6.935460437e+01 +5.8059e-01 -3.1041e-02 +3.7888e-01 -1.1840e-01 +5.0271e-01
226 0 +2.876090948e+00 +6.913609095e+01 +6.913609095e+01 +5.7822e-01 -4.5739e-02 +3.7124e-01 -1.1416e-01 +5.0988e-01
281 0 +2.802287941e+00 +6.906228794e+01 +6.906228794e+01 +5.8268e-01 -4.5832e-02 +3.5941e-01 -1.0726e-01 +5.1008e-01
287 0 +2.721940887e+00 +6.898194089e+01 +6.898194089e+01 +5.8588e-01 -4.2239e-02 +3.6135e-01 -1.0705e-01 +5.0514e-01
291 0 +2.651562561e+00 +6.891156256e+01 +6.891156256e+01 +5.8755e-01 -4.3866e-02 +3.6104e-01 -1.0937e-01 +5.0558e-01
298 0 +2.543094690e+00 +6.880309469e+01 +6.880309469e+01 +5.8755e-01 -4.2027e-02 +3.6170e-01 -1.0855e-01 +5.0402e-01
317 0 +2.499701018e+00 +6.875970102e+01 +6.875970102e+01 +5.8698e-01 -4.6626e-02 +3.6174e-01 -1.0697e-01 +5.0561e-01
325 0 +2.450601073e+00 +6.871060107e+01 +6.871060107e+01 +5.8620e-01 -4.6437e-02 +3.6103e-01 -1.0509e-01 +5.0567e-01
354 0 +2.386149335e+00 +6.864614934e+01 +6.864614934e+01 +5.8565e-01 -4.7617e-02 +3.6199e-01 -1.0528e-01 +5.0676e-01
381 0 +2.339538512e+00 +6.859953851e+01 +6.859953851e+01 +5.8595e-01 -4.7578e-02 +3.6232e-01 -1.0577e-01 +5.0638e-01
465 0 +2.286463131e+00 +6.854646313e+01 +6.854646313e+01 +5.8617e-01 -4.7564e-02 +3.6250e-01 -1.0569e-01 +5.0638e-01
504 0 +2.277743701e+00 +6.853774370e+01 +6.853774370e+01 +5.8617e-01 -4.7570e-02 +3.6252e-01 -1.0568e-01 +5.0637e-01
% f evaluations | g evaluations | best noise-free fitness - Fopt (-1.386200000000e+02) + sum g_i+ | measured fitness | best measured fitness or single-digit g-values | x1 | x2...
1 0 +6.228213757e+01 -7.633786243e+01 -7.633786243e+01 -7.4749e-02 -5.5682e-02 -3.0372e-01 -3.5621e-01 +4.2509e-01
3 0 +4.475003904e+01 -9.386996096e+01 -9.386996096e+01 +1.4857e-01 -1.9241e-03 -5.2659e-01 -2.0856e-01 -4.8049e-01
6 0 +3.708753392e+01 -1.015324661e+02 -1.015324661e+02 -6.8566e-02 -2.6450e-01 +5.1585e-01 +2.8841e-01 +5.5060e-01
17 0 +2.838086374e+01 -1.102391363e+02 -1.102391363e+02 -7.5477e-02 +5.6228e-01 +7.5840e-02 +1.0017e-02 +4.1161e-01
49 0 +1.768192514e+01 -1.209380749e+02 -1.209380749e+02 +7.4351e-02 +4.2324e-01 -7.0487e-02 -6.2613e-02 +4.7197e-01
94 0 +1.036011900e+01 -1.282598810e+02 -1.282598810e+02 -2.0348e-01 +5.7288e-01 -5.4039e-01 -5.0787e-02 +5.4359e-01
106 0 +8.125855009e+00 -1.304941450e+02 -1.304941450e+02 -2.3400e-01 +6.0249e-01 -4.1690e-01 -2.7303e-01 +6.5415e-01
125 0 +4.867146810e+00 -1.337528532e+02 -1.337528532e+02 -3.3708e-01 +4.5771e-01 -3.6583e-01 -2.3304e-01 +6.6636e-01
149 0 +3.420202021e+00 -1.351997980e+02 -1.351997980e+02 -2.8075e-01 +5.1841e-01 -3.9898e-01 -2.2775e-01 +6.7912e-01
169 0 +3.063657508e+00 -1.355563425e+02 -1.355563425e+02 -3.3625e-01 +5.3071e-01 -3.2359e-01 -2.2390e-01 +6.8007e-01
192 0 +2.800965228e+00 -1.358190348e+02 -1.358190348e+02 -3.1674e-01 +5.1385e-01 -3.7131e-01 -2.5847e-01 +6.9712e-01
206 0 +2.473605757e+00 -1.361463942e+02 -1.361463942e+02 -3.4953e-01 +5.0761e-01 -3.2311e-01 -2.4890e-01 +7.0257e-01
211 0 +2.441189555e+00 -1.361788104e+02 -1.361788104e+02 -3.3885e-01 +4.8839e-01 -3.4090e-01 -2.5233e-01 +7.1365e-01
265 0 +2.264169113e+00 -1.363558309e+02 -1.363558309e+02 -3.3330e-01 +4.8935e-01 -3.4148e-01 -2.5457e-01 +7.1146e-01
266 0 +2.191853958e+00 -1.364281460e+02 -1.364281460e+02 -3.3233e-01 +4.8959e-01 -3.4507e-01 -2.5487e-01 +7.1224e-01
273 0 +2.033260888e+00 -1.365867391e+02 -1.365867391e+02 -3.3092e-01 +4.8636e-01 -3.4392e-01 -2.5589e-01 +7.1225e-01
298 0 +1.955574688e+00 -1.366644253e+02 -1.366644253e+02 -3.3437e-01 +4.8726e-01 -3.4078e-01 -2.5599e-01 +7.1230e-01
331 0 +1.909452679e+00 -1.367105473e+02 -1.367105473e+02 -3.3161e-01 +4.8571e-01 -3.4485e-01 -2.5652e-01 +7.1361e-01
347 0 +1.882145103e+00 -1.367378549e+02 -1.367378549e+02 -3.3141e-01 +4.8529e-01 -3.4565e-01 -2.5688e-01 +7.1410e-01
371 0 +1.853800085e+00 -1.367661999e+02 -1.367661999e+02 -3.3183e-01 +4.8412e-01 -3.4486e-01 -2.5670e-01 +7.1404e-01
403 0 +1.812784624e+00 -1.368072154e+02 -1.368072154e+02 -3.3152e-01 +4.8396e-01 -3.4470e-01 -2.5679e-01 +7.1443e-01
504 0 +1.784599402e+00 -1.368354006e+02 -1.368354006e+02 -3.3139e-01 +4.8406e-01 -3.4467e-01 -2.5686e-01 +7.1440e-01
% f evaluations | g evaluations | best noise-free fitness - Fopt (7.313900000000e+02) + sum g_i+ | measured fitness | best measured fitness or single-digit g-values | x1 | x2...
1 0 +1.816229065e+02 +9.130129065e+02 +9.130129065e+02 +6.2347e-01 +2.1212e-04 +2.2231e-03 -4.2373e-01 -5.5698e-01
3 0 +7.215779132e+01 +8.035477913e+02 +8.035477913e+02 +6.6699e-01 +1.0256e-01 +2.8367e-01 +6.7656e-02 +3.1105e-01
8 0 +6.584438380e+01 +7.972343838e+02 +7.972343838e+02 -2.4994e-01 -1.8815e-01 +3.3242e-01 -3.7451e-01 -4.3387e-01
10 0 +6.307662169e+01 +7.944666217e+02 +7.944666217e+02 -4.1081e-01 -9.2773e-02 +8.6193e-02 -5.0744e-01 -3.4025e-01
18 0 +4.485447153e+01 +7.762444715e+02 +7.762444715e+02 -6.9493e-01 +2.7628e-02 -2.3117e-01 -7.0299e-01 -5.6542e-01
35 0 +4.109756505e+01 +7.724875651e+02 +7.724875651e+02 -1.0165e+00 -6.3493e-01 -3.0865e-01 -1.1752e+00 -5.3115e-02
51 0 +2.102709064e+01 +7.524170906e+02 +7.524170906e+02 -9.7151e-01 -8.5722e-01 -1.3545e-01 -2.1846e-01 +3.8310e-02
101 0 +1.540248891e+01 +7.467924889e+02 +7.467924889e+02 -1.1188e+00 -6.6926e-01 -4.2880e-01 -3.2299e-01 -2.6934e-01
113 0 +1.030829840e+01 +7.416982984e+02 +7.416982984e+02 -1.1245e+00 -6.0116e-01 -7.1258e-01 -3.9858e-01 -2.2281e-01
182 0 +9.002896255e+00 +7.403928963e+02 +7.403928963e+02 -1.3508e+00 -6.0671e-01 -7.9414e-01 -2.6194e-01 -1.0397e-01
212 0 +6.529789000e+00 +7.379197890e+02 +7.379197890e+02 -1.3594e+00 -5.4547e-01 -8.7941e-01 -3.0806e-01 -1.6867e-01
228 0 +5.261772133e+00 +7.366517721e+02 +7.366517721e+02 -1.3560e+00 -5.2385e-01 -9.1988e-01 -2.8797e-01 -1.5930e-01
279 0 +5.013391455e+00 +7.364033915e+02 +7.364033915e+02 -1.3666e+00 -5.3676e-01 -9.3139e-01 -2.7555e-01 -1.5516e-01
281 0 +4.994186559e+00 +7.363841866e+02 +7.363841866e+02 -1.3720e+00 -5.2769e-01 -9.2981e-01 -2.7459e-01 -1.5414e-01
286 0 +4.520060836e+00 +7.359100608e+02 +7.359100608e+02 -1.3622e+00 -5.2000e-01 -9.4523e-01 -2.7485e-01 -1.5303e-01
306 0 +4.393138013e+00 +7.357831380e+02 +7.357831380e+02 -1.3720e+00 -5.1594e-01 -9.5371e-01 -2.7518e-01 -1.5198e-01
336 0 +4.206306296e+00 +7.355963063e+02 +7.355963063e+02 -1.3679e+00 -5.1728e-01 -9.4569e-01 -2.7433e-01 -1.5582e-01
343 0 +3.766825104e+00 +7.351568251e+02 +7.351568251e+02 -1.3647e+00 -5.1984e-01 -9.4266e-01 -2.7501e-01 -1.5535e-01
504 0 +3.719014202e+00 +7.351090142e+02 +7.351090142e+02 -1.3648e+00 -5.1924e-01 -9.4494e-01 -2.7419e-01 -1.5588e-01
% f evaluations | g evaluations | best noise-free fitness - Fopt (7.526000000000e+01) + sum g_i+ | measured fitness | best measured fitness or single-digit g-values | x1 | x2...
1 0 +7.664498336e+01 +1.519049834e+02 +1.519049834e+02 +1.0118e-01 -2.5211e-02 -3.5377e-02 -5.3779e-01 +2.1233e-01
8 0 +6.752154169e+01 +1.427815417e+02 +1.427815417e+02 +1.2091e-01 -1.4203e-01 +4.7555e-01 -4.1136e-01 +6.5194e-02
10 0 +6.391100963e+01 +1.391710096e+02 +1.391710096e+02 +2.2046e-01 +3.5342e-02 +7.1481e-01 -2.8392e-01 -2.0668e-01
14 0 +3.937549955e+01 +1.146354995e+02 +1.146354995e+02 +3.3948e-01 -2.8669e-01 +6.9970e-01 -5.9824e-01 +5.5944e-01
21 0 +3.791216223e+01 +1.131721622e+02 +1.131721622e+02 +7.8683e-01 +7.0118e-02 +7.7628e-01 -4.7010e-01 +5.6807e-01
26 0 +3.244929386e+01 +1.077092939e+02 +1.077092939e+02 +6.6886e-01 +3.5399e-01 +9.0227e-01 -2.9857e-02 +1.2610e+00
31 0 +2.225919590e+01 +9.751919590e+01 +9.751919590e+01 +6.2093e-01 +7.9719e-02 +7.6296e-01 -3.7539e-01 +1.4118e+00
34 0 +1.400493576e+01 +8.926493576e+01 +8.926493576e+01 +1.0885e+00 +6.0923e-01 +1.2004e+00 +1.7986e-01 +1.1767e+00
45 0 +9.956275501e+00 +8.521627550e+01 +8.521627550e+01 +9.5129e-01 +1.1184e+00 +1.5783e+00 +4.5050e-01 +1.1380e+00
75 0 +6.977906680e+00 +8.223790668e+01 +8.223790668e+01 +7.5343e-01 +1.0662e+00 +7.5264e-01 -7.7081e-02 +1.4071e+00
135 0 +5.980268871e+00 +8.124026887e+01 +8.124026887e+01 +5.4245e-01 +6.0181e-01 +6.9710e-01 -6.9936e-02 +1.5757e+00
151 0 +5.217488478e+00 +8.047748848e+01 +8.047748848e+01 +4.4570e-01 +5.9737e-01 +6.0921e-01 -1.4870e-01 +1.5718e+00
174 0 +4.993168761e+00 +8.025316876e+01 +8.025316876e+01 +5.6412e-01 +7.4967e-01 +7.1581e-01 -2.9761e-02 +1.6485e+00
215 0 +4.372533536e+00 +7.963253354e+01 +7.963253354e+01 +5.8830e-01 +6.9997e-01 +6.6488e-01 -8.3811e-02 +1.6161e+00
222 0 +4.292444776e+00 +7.955244478e+01 +7.955244478e+01 +6.0168e-01 +6.8843e-01 +6.5613e-01 -8.9092e-02 +1.6221e+00
225 0 +4.248533307e+00 +7.950853331e+01 +7.950853331e+01 +5.9189e-01 +6.8303e-01 +6.5865e-01 -9.5716e-02 +1.6177e+00
247 0 +4.152901486e+00 +7.941290149e+01 +7.941290149e+01 +5.9441e-01 +6.8059e-01 +6.6870e-01 -7.5109e-02 +1.6269e+00
252 0 +3.995388120e+00 +7.925538812e+01 +7.925538812e+01 +5.9403e-01 +6.8691e-01 +6.6625e-01 -7.1106e-02 +1.6186e+00
253 0 +3.849228895e+00 +7.910922889e+01 +7.910922889e+01 +5.9769e-01 +6.7759e-01 +6.6931e-01 -7.8941e-02 +1.6286e+00
257 0 +3.794165258e+00 +7.905416526e+01 +7.905416526e+01 +5.9618e-01 +6.8415e-01 +6.7033e-01 -7.7503e-02 +1.6279e+00
274 0 +3.519744557e+00 +7.877974456e+01 +7.877974456e+01 +6.0645e-01 +6.7609e-01 +6.6753e-01 -6.1278e-02 +1.6242e+00
282 0 +3.204348548e+00 +7.846434855e+01 +7.846434855e+01 +6.0744e-01 +6.7911e-01 +6.6782e-01 -6.1681e-02 +1.6313e+00
290 0 +3.033319950e+00 +7.829331995e+01 +7.829331995e+01 +6.0723e-01 +6.7685e-01 +6.7402e-01 -6.0319e-02 +1.6299e+00
313 0 +2.704918175e+00 +7.796491817e+01 +7.796491817e+01 +6.0388e-01 +6.7495e-01 +6.6880e-01 -6.4473e-02 +1.6305e+00
337 0 +2.678983446e+00 +7.793898345e+01 +7.793898345e+01 +6.0494e-01 +6.7519e-01 +6.6925e-01 -6.4838e-02 +1.6315e+00
364 0 +2.607538168e+00 +7.786753817e+01 +7.786753817e+01 +6.0480e-01 +6.7537e-01 +6.6891e-01 -6.4482e-02 +1.6315e+00
375 0 +2.557260103e+00 +7.781726010e+01 +7.781726010e+01 +6.0498e-01 +6.7586e-01 +6.6889e-01 -6.4543e-02 +1.6315e+00
418 0 +2.503698494e+00 +7.776369849e+01 +7.776369849e+01 +6.0492e-01 +6.7563e-01 +6.6888e-01 -6.4663e-02 +1.6317e+00
504 0 +2.480591745e+00 +7.774059175e+01 +7.774059175e+01 +6.0492e-01 +6.7560e-01 +6.6887e-01 -6.4647e-02 +1.6317e+00
% f evaluations | g evaluations | best noise-free fitness - Fopt (-4.913000000000e+01) + sum g_i+ | measured fitness | best measured fitness or single-digit g-values | x1 | x2...
1 0 +1.794946548e+02 +1.303646548e+02 +1.303646548e+02 +5.3242e-01 -1.4530e-01 -3.1853e-01 -5.8974e-01 -1.0411e-01
2 0 +1.556825682e+02 +1.065525682e+02 +1.065525682e+02 -1.7470e-01 -1.5529e-01 +2.8781e-01 +4.1548e-01 -1.9387e-01
3 0 +7.342032224e+01 +2.429032224e+01 +2.429032224e+01 +6.3899e-02 -3.3655e-01 -6.9732e-01 +4.1987e-02 -2.3898e-01
14 0 +6.767389068e+01 +1.854389068e+01 +1.854389068e+01 +3.3286e-02 -4.3300e-01 -7.5094e-01 +4.0773e-01 +8.7915e-02
17 0 +5.762944276e+01 +8.499442759e+00 +8.499442759e+00 +5.6723e-02 -5.5032e-01 -3.4261e-01 +2.6974e-01 +6.7981e-01
20 0 +5.531389920e+01 +6.183899198e+00 +6.183899198e+00 +8.2013e-02 -1.3528e-01 -8.7386e-01 +5.0742e-01 +7.1775e-02
21 0 +5.065060947e+01 +1.520609473e+00 +1.520609473e+00 +3.9174e-01 -3.7990e-01 -3.3581e-01 +4.6092e-01 +4.8034e-01
24 0 +4.420702770e+01 -4.922972295e+00 -4.922972295e+00 +4.5622e-01 -4.2483e-01 -6.9546e-01 +6.6984e-01 +6.3582e-01
25 0 +2.092247750e+01 -2.820752250e+01 -2.820752250e+01 +3.8971e-02 -5.1133e-01 -5.5507e-01 +9.2690e-01 +5.8166e-01
27 0 +1.986985790e+01 -2.926014210e+01 -2.926014210e+01 +1.0523e-01 -1.0898e+00 -8.5826e-01 +1.2474e+00 +4.9628e-01
47 0 +1.289695214e+01 -3.623304786e+01 -3.623304786e+01 +1.3667e+00 -1.1007e+00 -1.3555e-01 +9.5791e-01 +1.1748e+00
74 0 +1.253277871e+01 -3.659722129e+01 -3.659722129e+01 +1.1366e+00 -2.1958e+00 +1.2348e-02 +1.2247e+00 +1.1970e+00
193 0 +1.021727104e+01 -3.891272896e+01 -3.891272896e+01 +9.1992e-01 -1.8159e+00 +3.1877e-01 +1.7964e+00 +1.0691e+00
253 0 +9.383903109e+00 -3.974609689e+01 -3.974609689e+01 +8.3237e-01 -1.8910e+00 +3.7405e-01 +1.7678e+00 +1.1294e+00
299 0 +9.000569946e+00 -4.012943005e+01 -4.012943005e+01 +8.5109e-01 -1.8905e+00 +3.7978e-01 +1.7649e+00 +1.1203e+00
313 0 +8.749251149e+00 -4.038074885e+01 -4.038074885e+01 +8.5433e-01 -1.8901e+00 +3.8386e-01 +1.7614e+00 +1.1137e+00
323 0 +8.374454839e+00 -4.075554516e+01 -4.075554516e+01 +8.5286e-01 -1.8926e+00 +3.8011e-01 +1.7620e+00 +1.1118e+00
327 0 +8.305707298e+00 -4.082429270e+01 -4.082429270e+01 +8.5623e-01 -1.8904e+00 +3.8064e-01 +1.7632e+00 +1.1119e+00
342 0 +8.038025778e+00 -4.109197422e+01 -4.109197422e+01 +8.4910e-01 -1.8910e+00 +3.8158e-01 +1.7616e+00 +1.1126e+00
358 0 +7.928864008e+00 -4.120113599e+01 -4.120113599e+01 +8.5180e-01 -1.8901e+00 +3.7940e-01 +1.7616e+00 +1.1104e+00
497 0 +7.755440810e+00 -4.137455919e+01 -4.137455919e+01 +8.5356e-01 -1.8915e+00 +3.7943e-01 +1.7616e+00 +1.1100e+00
504 0 +7.755440810e+00 -4.137455919e+01 -4.137455919e+01 +8.5356e-01 -1.8915e+00 +3.7943e-01 +1.7616e+00 +1.1100e+00
% f evaluations | g evaluations | best noise-free fitness - Fopt (-1.418900000000e+02) + sum g_i+ | measured fitness | best measured fitness or single-digit g-values | x1 | x2...
1 0 +7.214123633e+01 -6.974876367e+01 -6.974876367e+01 +3.7069e-01 -5.1182e-01 -1.6185e-01 +7.0113e-03 -5.1029e-01
5 0 +2.068279639e+01 -1.212072036e+02 -1.212072036e+02 -8.2925e-02 +3.0669e-01 -3.0639e-01 -1.8995e-01 +3.8837e-01
11 0 +2.015918345e+01 -1.217308166e+02 -1.217308166e+02 -1.5432e-01 +2.1829e-01 +7.5701e-02 -3.8652e-01 +3.4659e-01
17 0 +1.389333249e+01 -1.279966675e+02 -1.279966675e+02 -1.9546e-01 +2.6817e-01 +5.8255e-02 -5.1874e-01 +3.5145e-01
22 0 +1.151149744e+01 -1.303785026e+02 -1.303785026e+02 -4.5166e-01 -5.1383e-03 -2.8102e-01 -4.1049e-01 +3.1742e-01
39 0 +1.027494754e+01 -1.316150525e+02 -1.316150525e+02 -3.5275e-01 +1.9472e-02 -8.2048e-02 -5.2361e-01 +2.6063e-01
43 0 +9.793423462e+00 -1.320965765e+02 -1.320965765e+02 -9.7704e-02 +1.2053e-01 +1.5853e-02 -3.8974e-01 +4.4459e-01
47 0 +7.725146578e+00 -1.341648534e+02 -1.341648534e+02 -3.6672e-01 +1.0663e-01 -3.4439e-01 -4.3161e-01 +6.6088e-01
71 0 +4.707114694e+00 -1.371828853e+02 -1.371828853e+02 -3.5861e-01 -8.2807e-02 -5.1586e-01 -1.4828e-01 +5.8001e-01
129 0 +1.862442911e+00 -1.400275571e+02 -1.400275571e+02 -2.7024e-01 -3.9646e-02 -6.1910e-01 -3.6645e-01 +5.5657e-01
148 0 +1.667424294e+00 -1.402225757e+02 -1.402225757e+02 -3.6370e-01 -9.7395e-02 -7.3862e-01 -4.4192e-01 +5.8143e-01
149 0 +1.561133642e+00 -1.403288664e+02 -1.403288664e+02 -3.0439e-01 +4.4166e-02 -6.3581e-01 -3.5185e-01 +6.2625e-01
173 0 +1.009576930e+00 -1.408804231e+02 -1.408804231e+02 -3.4630e-01 -6.2989e-03 -6.9395e-01 -3.8690e-01 +5.7035e-01
183 0 +8.933369597e-01 -1.409966630e+02 -1.409966630e+02 -3.3936e-01 -1.7987e-02 -7.6521e-01 -3.8844e-01 +6.3903e-01
187 0 +6.309435308e-01 -1.412590565e+02 -1.412590565e+02 -3.5473e-01 +1.7047e-02 -8.0752e-01 -4.1308e-01 +6.2488e-01
194 0 +5.572534132e-01 -1.413327466e+02 -1.413327466e+02 -3.8077e-01 -3.2327e-03 -8.1504e-01 -4.1775e-01 +5.9961e-01
228 0 +4.679890969e-01 -1.414220109e+02 -1.414220109e+02 -3.4381e-01 -1.0656e-02 -7.8912e-01 -4.1477e-01 +6.1282e-01
241 0 +4.152896729e-01 -1.414747103e+02 -1.414747103e+02 -3.4417e-01 -3.3510e-02 -7.7881e-01 -3.9437e-01 +5.9136e-01
247 0 +4.019154189e-01 -1.414880846e+02 -1.414880846e+02 -3.3234e-01 -1.5443e-02 -7.6656e-01 -4.1120e-01 +6.0383e-01
249 0 +3.604763291e-01 -1.415295237e+02 -1.415295237e+02 -3.3281e-01 -1.9144e-02 -7.5753e-01 -3.9848e-01 +5.9555e-01
253 0 +2.461190696e-01 -1.416438809e+02 -1.416438809e+02 -3.3489e-01 -3.1762e-02 -7.4692e-01 -3.9639e-01 +5.8196e-01
299 0 +2.162763158e-01 -1.416737237e+02 -1.416737237e+02 -3.2820e-01 -3.7587e-02 -7.6001e-01 -3.8734e-01 +5.9356e-01
314 0 +2.083352901e-01 -1.416816647e+02 -1.416816647e+02 -3.2867e-01 -3.3923e-02 -7.5986e-01 -3.8847e-01 +5.9351e-01
328 0 +1.835024695e-01 -1.417064975e+02 -1.417064975e+02 -3.2776e-01 -3.3933e-02 -7.5820e-01 -3.8520e-01 +5.9450e-01
331 0 +1.758753685e-01 -1.417141246e+02 -1.417141246e+02 -3.2755e-01 -3.4699e-02 -7.5812e-01 -3.8621e-01 +5.9411e-01
362 0 +1.688634870e-01 -1.417211365e+02 -1.417211365e+02 -3.2836e-01 -3.3729e-02 -7.5904e-01 -3.8685e-01 +5.9295e-01
373 0 +1.602307941e-01 -1.417297692e+02 -1.417297692e+02 -3.2893e-01 -3.3150e-02 -7.5959e-01 -3.8623e-01 +5.9343e-01
380 0 +1.557818361e-01 -1.417342182e+02 -1.417342182e+02 -3.2854e-01 -3.3397e-02 -7.5934e-01 -3.8636e-01 +5.9333e-01
433 0 +1.541681735e-01 -1.417358318e+02 -1.417358318e+02 -3.2868e-01 -3.3773e-02 -7.5984e-01 -3.8656e-01 +5.9331e-01
486 0 +1.507329374e-01 -1.417392671e+02 -1.417392671e+02 -3.2875e-01 -3.3681e-02 -7.5982e-01 -3.8657e-01 +5.9334e-01
504 0 +1.507329374e-01 -1.417392671e+02 -1.417392671e+02 -3.2875e-01 -3.3681e-02 -7.5982e-01 -3.8657e-01 +5.9334e-01
% f evaluations | g evaluations | best noise-free fitness - Fopt (1.095700000000e+02) + sum g_i+ | measured fitness | best measured fitness or single-digit g-values | x1 | x2...
1 0 +1.199223634e+02 +2.294923634e+02 +2.294923634e+02 +4.8791e-01 -6.1612e-01 -1.0241e-01 +5.0523e-01 +3.8497e-02
2 0 +8.402329634e+01 +1.935932963e+02 +1.935932963e+02 -6.0032e-01 -1.0377e-01 -2.5017e-01 +8.1953e-03 +4.2944e-01
3 0 +7.340138302e+01 +1.829713830e+02 +1.829713830e+02 +6.1241e-02 -7.7689e-02 -3.6883e-01 -1.4902e-01 -4.2934e-01
4 0 +7.194843155e+01 +1.815184316e+02 +1.815184316e+02 -4.7750e-02 +6.6834e-02 +2.5606e-01 -3.2030e-01 +5.0258e-02
6 0 +4.828119485e+01 +1.578511948e+02 +1.578511948e+02 +3.3773e-01 +9.3946e-02 -9.3016e-01 -4.3464e-01 -4.2240e-01
9 0 +4.673805976e+01 +1.563080598e+02 +1.563080598e+02 -1.3896e-01 -1.6325e-01 +3.8513e-01 +3.1740e-01 -2.0810e-01
13 0 +4.325190900e+01 +1.528219090e+02 +1.528219090e+02 +5.3423e-02 +8.4185e-01 -9.2604e-01 -4.0562e-01 -4.1925e-01
47 0 +3.943147892e+01 +1.490014789e+02 +1.490014789e+02 -3.5657e-01 -2.2474e-01 -2.2219e-01 -5.6326e-01 -4.0987e-01
58 0 +3.274114946e+01 +1.423111495e+02 +1.423111495e+02 -5.5612e-01 -4.3649e-01 +7.2854e-02 -3.9658e-01 -7.3446e-01
62 0 +2.817351849e+01 +1.377435185e+02 +1.377435185e+02 -4.3089e-01 -5.9111e-01 +2.2904e-02 -1.1802e-01 -1.0098e+00
66 0 +1.449446996e+01 +1.240644700e+02 +1.240644700e+02 -6.4907e-01 -7.1351e-01 +3.3093e-01 +4.0361e-02 -8.9957e-01
129 0 +1.047697909e+01 +1.200469791e+02 +1.200469791e+02 -1.7624e-01 -6.2868e-01 +8.6557e-01 +3.9489e-02 -8.4158e-01
155 0 +8.999698999e+00 +1.185696990e+02 +1.185696990e+02 -3.4587e-01 -6.5581e-01 +7.6105e-01 -1.7547e-01 -9.5540e-01
179 0 +7.207173532e+00 +1.167771735e+02 +1.167771735e+02 -1.7326e-01 -5.8484e-01 +7.3056e-01 -3.7586e-01 -1.0424e+00
187 0 +5.104611975e+00 +1.146746120e+02 +1.146746120e+02 -2.9655e-01 -6.6992e-01 +6.5648e-01 -4.1890e-01 -1.1385e+00
296 0 +4.760412795e+00 +1.143304128e+02 +1.143304128e+02 -2.8445e-01 -6.7114e-01 +6.9751e-01 -3.0706e-01 -1.0682e+00
302 0 +4.582276702e+00 +1.141522767e+02 +1.141522767e+02 -2.9918e-01 -6.7064e-01 +6.8867e-01 -3.0102e-01 -1.0616e+00
331 0 +4.417914654e+00 +1.139879147e+02 +1.139879147e+02 -2.9740e-01 -6.6879e-01 +6.9008e-01 -3.0266e-01 -1.0612e+00
334 0 +4.253245198e+00 +1.138232452e+02 +1.138232452e+02 -2.8773e-01 -6.6209e-01 +6.9113e-01 -3.0832e-01 -1.0603e+00
369 0 +4.135787190e+00 +1.137057872e+02 +1.137057872e+02 -2.8997e-01 -6.6463e-01 +6.9035e-01 -3.0867e-01 -1.0615e+00
371 0 +3.962865747e+00 +1.135328657e+02 +1.135328657e+02 -2.9142e-01 -6.6607e-01 +6.9106e-01 -3.0552e-01 -1.0606e+00
504 0 +3.952409552e+00 +1.135224096e+02 +1.135224096e+02 -2.9059e-01 -6.6549e-01 +6.9133e-01 -3.0583e-01 -1.0605e+00
% f evaluations | g evaluations | best noise-free fitness - Fopt (7.836000000000e+01) + sum g_i+ | measured fitness | best measured fitness or single-digit g-values | x1 | x2...
1 0 +8.218392176e+01 +1.605439218e+02 +1.605439218e+02 -5.0453e-01 -1.5744e-01 +6.9852e-01 -3.3984e-03 -3.7251e-01
4 0 +7.367161699e+01 +1.520316170e+02 +1.520316170e+02 +6.6940e-02 +2.8127e-01 +1.1166e-01 -2.1609e-02 -2.1940e-01
7 0 +2.065251132e+01 +9.901251132e+01 +9.901251132e+01 -3.4147e-01 +4.9845e-01 -5.5832e-01 -5.4664e-01 -1.6716e-01
16 0 +7.879061173e+00 +8.623906117e+01 +8.623906117e+01 -5.3272e-01 +4.0380e-01 -2.1130e-01 -8.3443e-01 -1.5908e-01
30 0 +5.679773959e+00 +8.403977396e+01 +8.403977396e+01 -2.9330e-01 +3.3908e-01 -3.5774e-01 -6.8505e-01 -4.3950e-01
108 0 +4.841138772e+00 +8.320113877e+01 +8.320113877e+01 -5.7018e-01 +2.6262e-01 -2.7388e-01 -9.0945e-01 -5.9733e-01
121 0 +4.556209362e+00 +8.291620936e+01 +8.291620936e+01 -4.2139e-01 +2.5812e-01 -3.7741e-01 -8.1080e-01 -5.8830e-01
130 0 +2.983820299e+00 +8.134382030e+01 +8.134382030e+01 -4.7200e-01 +3.2038e-01 -3.0255e-01 -8.9740e-01 -6.1774e-01
131 0 +2.535866027e+00 +8.089586603e+01 +8.089586603e+01 -4.5742e-01 +2.1720e-01 -2.7543e-01 -9.5843e-01 -6.2718e-01
136 0 +1.893821931e+00 +8.025382193e+01 +8.025382193e+01 -3.4706e-01 +2.6287e-01 -2.9101e-01 -8.3429e-01 -6.3770e-01
144 0 +1.374046323e+00 +7.973404632e+01 +7.973404632e+01 -3.0235e-01 +2.9740e-01 -3.2945e-01 -8.3308e-01 -7.1156e-01
206 0 +1.218640987e+00 +7.957864099e+01 +7.957864099e+01 -2.8712e-01 +3.2224e-01 -3.0574e-01 -8.4441e-01 -7.1739e-01
220 0 +1.002134764e+00 +7.936213476e+01 +7.936213476e+01 -2.8587e-01 +3.0478e-01 -3.1946e-01 -8.4306e-01 -7.1012e-01
227 0 +9.759330700e-01 +7.933593307e+01 +7.933593307e+01 -2.7397e-01 +3.0220e-01 -3.1379e-01 -8.2189e-01 -7.1985e-01
233 0 +9.434475623e-01 +7.930344756e+01 +7.930344756e+01 -2.7778e-01 +3.1509e-01 -3.0990e-01 -8.3276e-01 -6.9558e-01
239 0 +8.283086777e-01 +7.918830868e+01 +7.918830868e+01 -2.7029e-01 +3.1258e-01 -3.1503e-01 -8.2359e-01 -7.1634e-01
306 0 +7.570862143e-01 +7.911708621e+01 +7.911708621e+01 -2.6140e-01 +3.1700e-01 -3.1218e-01 -8.2581e-01 -7.1387e-01
326 0 +7.216928921e-01 +7.908169289e+01 +7.908169289e+01 -2.6177e-01 +3.1724e-01 -3.1277e-01 -8.2638e-01 -7.1162e-01
329 0 +6.976447549e-01 +7.905764475e+01 +7.905764475e+01 -2.6208e-01 +3.1721e-01 -3.1199e-01 -8.2639e-01 -7.1147e-01
351 0 +6.917098038e-01 +7.905170980e+01 +7.905170980e+01 -2.6314e-01 +3.1750e-01 -3.1283e-01 -8.2563e-01 -7.1265e-01
352 0 +6.611919344e-01 +7.902119193e+01 +7.902119193e+01 -2.6371e-01 +3.1697e-01 -3.1200e-01 -8.2759e-01 -7.1136e-01
399 0 +6.556074745e-01 +7.901560747e+01 +7.901560747e+01 -2.6363e-01 +3.1694e-01 -3.1211e-01 -8.2733e-01 -7.1141e-01
408 0 +6.406097943e-01 +7.900060979e+01 +7.900060979e+01 -2.6339e-01 +3.1700e-01 -3.1207e-01 -8.2738e-01 -7.1150e-01
504 0 +6.406097943e-01 +7.900060979e+01 +7.900060979e+01 -2.6339e-01 +3.1700e-01 -3.1207e-01 -8.2738e-01 -7.1150e-01
% f evaluations | g evaluations | best noise-free fitness - Fopt (1.140900000000e+02) + sum g_i+ | measured fitness | best measured fitness or single-digit g-values | x1 | x2...
1 0 +7.986183309e+01 +1.939518331e+02 +1.939518331e+02 +2.6018e-01 +2.4319e-01 +1.1719e-01 +1.6044e-01 +5.8678e-02
7 0 +6.912944384e+01 +1.832194438e+02 +1.832194438e+02 +7.1287e-02 +4.3967e-01 -7.3624e-01 -3.2178e-01 -2.7387e-01
9 0 +6.044039514e+01 +1.745303951e+02 +1.745303951e+02 -2.9170e-02 +4.4222e-01 -4.7537e-01 +1.6318e-01 -1.2574e-01
12 0 +4.926578356e+01 +1.633557836e+02 +1.633557836e+02 +5.4507e-01 +5.1785e-01 -6.3310e-01 -1.0040e-01 +2.8389e-01
13 0 +2.829228385e+01 +1.423822838e+02 +1.423822838e+02 +5.9938e-01 +6.6730e-01 -4.0708e-01 +6.7192e-02 -5.5412e-02
17 0 +2.745874033e+01 +1.415487403e+02 +1.415487403e+02 +8.2581e-01 +8.8060e-01 -8.1792e-01 -3.5880e-01 +1.7309e-02
18 0 +2.341521995e+01 +1.375052200e+02 +1.375052200e+02 +1.0603e+00 +6.6079e-01 -1.0020e+00 +2.2364e-01 -7.2351e-02
28 0 +9.528809662e+00 +1.236188097e+02 +1.236188097e+02 +1.2145e+00 +7.9680e-01 -8.9653e-01 +3.2050e-01 +7.0093e-02
138 0 +6.024872636e+00 +1.201148726e+02 +1.201148726e+02 +1.5682e+00 -8.9262e-01 -9.0996e-01 -4.9868e-01 -6.0389e-01
175 0 +4.886885879e+00 +1.189768859e+02 +1.189768859e+02 +1.4221e+00 -7.8863e-01 -7.2490e-01 -5.1450e-01 -7.5888e-01
177 0 +4.244220841e+00 +1.183342208e+02 +1.183342208e+02 +1.5996e+00 -9.5533e-01 -7.8413e-01 -6.4577e-01 -7.1400e-01
182 0 +2.438503473e+00 +1.165285035e+02 +1.165285035e+02 +1.4259e+00 -7.6835e-01 -7.2088e-01 -3.6607e-01 -6.7990e-01
291 0 +1.981146096e+00 +1.160711461e+02 +1.160711461e+02 +1.4307e+00 -7.9194e-01 -7.3660e-01 -3.8866e-01 -7.4053e-01
343 0 +1.887937731e+00 +1.159779377e+02 +1.159779377e+02 +1.4581e+00 -8.1884e-01 -7.5054e-01 -4.1494e-01 -7.4132e-01
373 0 +1.846815307e+00 +1.159368153e+02 +1.159368153e+02 +1.4556e+00 -8.1901e-01 -7.4927e-01 -4.1580e-01 -7.4041e-01
384 0 +1.807902060e+00 +1.158979021e+02 +1.158979021e+02 +1.4550e+00 -8.1779e-01 -7.4879e-01 -4.1568e-01 -7.4091e-01
386 0 +1.739826752e+00 +1.158298268e+02 +1.158298268e+02 +1.4572e+00 -8.1855e-01 -7.4989e-01 -4.1627e-01 -7.4110e-01
387 0 +1.699786681e+00 +1.157897867e+02 +1.157897867e+02 +1.4563e+00 -8.1974e-01 -7.4982e-01 -4.1699e-01 -7.4201e-01
412 0 +1.652982995e+00 +1.157429830e+02 +1.157429830e+02 +1.4561e+00 -8.1929e-01 -7.4969e-01 -4.1635e-01 -7.4201e-01
466 0 +1.604157377e+00 +1.156941574e+02 +1.156941574e+02 +1.4570e+00 -8.1945e-01 -7.4999e-01 -4.1683e-01 -7.4126e-01
486 0 +1.584008799e+00 +1.156740088e+02 +1.156740088e+02 +1.4569e+00 -8.1944e-01 -7.4998e-01 -4.1683e-01 -7.4129e-01
504 0 +1.580182076e+00 +1.156701821e+02 +1.156701821e+02 +1.4569e+00 -8.1950e-01 -7.4997e-01 -4.1681e-01 -7.4129e-01
% f evaluations | g evaluations | best noise-free fitness - Fopt (-5.445900000000e+02) + sum g_i+ | measured fitness | best measured fitness or single-digit g-values | x1 | x2...
1 0 +6.527174771e+01 -4.793182523e+02 -4.793182523e+02 +1.6314e-01 +4.9526e-02 +1.3757e-01 -2.3272e-01 -6.0528e-03
3 0 +6.234604215e+01 -4.822439579e+02 -4.822439579e+02 -2.0494e-01 -1.7584e-01 +9.3977e-02 -4.5019e-01 -5.1609e-02
10 0 +3.754085947e+01 -5.070491405e+02 -5.070491405e+02 -1.0857e-01 -5.2882e-02 +2.7606e-01 -5.5120e-01 +7.0709e-02
16 0 +3.115558783e+01 -5.134344122e+02 -5.134344122e+02 -1.8504e-02 -1.1916e-01 +8.3907e-02 -3.8674e-01 +1.0309e-01
28 0 +2.392616600e+01 -5.206638340e+02 -5.206638340e+02 +2.4706e-02 -2.1089e-01 +2.2514e-01 -9.4632e-01 +5.3302e-01
34 0 +2.008570415e+01 -5.245042959e+02 -5.245042959e+02 +4.0250e-01 -1.0605e-01 +3.4089e-01 -7.5363e-01 +2.7835e-01
36 0 +1.641983726e+01 -5.281701627e+02 -5.281701627e+02 +8.0237e-03 -2.3900e-01 -1.2995e-01 -1.0633e+00 +3.9073e-01
39 0 +1.462129636e+01 -5.299687036e+02 -5.299687036e+02 -2.1738e-02 -4.2597e-01 +2.8746e-01 -1.2379e+00 +4.7493e-01
46 0 +1.389028753e+01 -5.306997125e+02 -5.306997125e+02 +4.0356e-02 -8.0572e-02 -9.9255e-02 -1.0095e+00 +2.3177e-01
67 0 +1.135563497e+01 -5.332343650e+02 -5.332343650e+02 +3.4418e-01 +1.0028e-01 +8.9398e-02 -1.3503e+00 -8.4351e-02
70 0 +5.334703852e+00 -5.392552961e+02 -5.392552961e+02 +5.8066e-01 +5.9318e-02 +3.8600e-01 -1.2749e+00 +1.4136e-01
79 0 +2.694675219e+00 -5.418953248e+02 -5.418953248e+02 +6.3460e-01 +1.1801e-01 +1.2254e-01 -1.2813e+00 +8.3577e-02
118 0 +2.526925299e+00 -5.420630747e+02 -5.420630747e+02 +8.5015e-01 +2.2821e-01 +2.7475e-01 -1.2436e+00 +8.4231e-02
121 0 +7.820406633e-01 -5.438079593e+02 -5.438079593e+02 +6.1904e-01 +2.1945e-01 +2.8893e-01 -1.4999e+00 +1.2034e-01
126 0 +4.696548344e-01 -5.441203452e+02 -5.441203452e+02 +7.8972e-01 +2.8371e-01 +3.8150e-01 -1.5466e+00 +1.0270e-01
174 0 +3.381208244e-01 -5.442518792e+02 -5.442518792e+02 +7.0517e-01 +2.8500e-01 +4.2143e-01 -1.6166e+00 +1.2321e-01
192 0 +2.102287998e-01 -5.443797712e+02 -5.443797712e+02 +6.9173e-01 +2.3629e-01 +3.3787e-01 -1.5056e+00 +1.5957e-01
197 0 +2.067667608e-01 -5.443832332e+02 -5.443832332e+02 +5.8963e-01 +2.2348e-01 +4.0140e-01 -1.5488e+00 +1.7566e-01
203 0 +1.619082268e-01 -5.444280918e+02 -5.444280918e+02 +5.9068e-01 +2.4160e-01 +4.1231e-01 -1.5439e+00 +1.9561e-01
212 0 +1.293835483e-01 -5.444606165e+02 -5.444606165e+02 +6.1374e-01 +2.5432e-01 +3.9704e-01 -1.5580e+00 +1.8728e-01
218 0 +7.674461498e-02 -5.445132554e+02 -5.445132554e+02 +6.1662e-01 +2.6043e-01 +4.0709e-01 -1.5650e+00 +1.8459e-01
278 0 +6.812668704e-02 -5.445218733e+02 -5.445218733e+02 +6.1185e-01 +2.6477e-01 +4.0633e-01 -1.5681e+00 +1.8161e-01
284 0 +6.008203682e-02 -5.445299180e+02 -5.445299180e+02 +6.1342e-01 +2.6807e-01 +4.1346e-01 -1.5788e+00 +1.7680e-01
336 0 +5.573544836e-02 -5.445342646e+02 -5.445342646e+02 +6.1701e-01 +2.6851e-01 +4.1298e-01 -1.5774e+00 +1.7741e-01
349 0 +5.107229253e-02 -5.445389277e+02 -5.445389277e+02 +6.1618e-01 +2.6809e-01 +4.1304e-01 -1.5773e+00 +1.7731e-01
361 0 +4.858480612e-02 -5.445414152e+02 -5.445414152e+02 +6.1519e-01 +2.6812e-01 +4.1305e-01 -1.5777e+00 +1.7753e-01
375 0 +4.635529538e-02 -5.445436447e+02 -5.445436447e+02 +6.1523e-01 +2.6836e-01 +4.1302e-01 -1.5776e+00 +1.7766e-01
388 0 +4.466326435e-02 -5.445453367e+02 -5.445453367e+02 +6.1541e-01 +2.6811e-01 +4.1304e-01 -1.5772e+00 +1.7761e-01
439 0 +4.360837714e-02 -5.445463916e+02 -5.445463916e+02 +6.1568e-01 +2.6813e-01 +4.1291e-01 -1.5771e+00 +1.7758e-01
493 0 +4.230994700e-02 -5.445476901e+02 -5.445476901e+02 +6.1566e-01 +2.6813e-01 +4.1292e-01 -1.5771e+00 +1.7761e-01
504 0 +4.230994700e-02 -5.445476901e+02 -5.445476901e+02 +6.1566e-01 +2.6813e-01 +4.1292e-01 -1.5771e+00 +1.7761e-01
