% f evaluations | g evaluations | best noise-free fitness - Fopt (-9.210000000000e+00) + sum g_i+ | measured fitness | best measured fitness or single-digit g-values | x1 | x2...
1 0 +1.088387903e+02 +9.962879031e+01 +9.962879031e+01 +9.2910e-02 -2.4183e-01 -1.4252e-01 +2.6554e-01 +1.7244e-01
2 0 +1.052968929e+02 +9.608689291e+01 +9.608689291e+01 -1.5910e-01 -2.3781e-01 +1.4204e-01 +3.6741e-01 -5.8964e-02
7 0 +9.853103169e+01 +8.932103169e+01 +8.932103169e+01 -5.4014e-01 +2.0641e-01 -1.3010e-01 +7.9178e-01 -5.4208e-01
13 0 +9.562157536e+01 +8.641157536e+01 +8.641157536e+01 -2.5002e-01 -3.3940e-01 -2.2606e-01 +8.1106e-01 -9.2058e-01
20 0 +9.200793414e+01 +8.279793414e+01 +8.279793414e+01 -1.5646e+00 -1.4693e-01 +2.4349e-01 +1.3188e+00 -9.4514e-01
28 0 +8.710686619e+01 +7.789686619e+01 +7.789686619e+01 -1.0176e+00 +1.6960e-01 -1.7833e-01 +1.7451e+00 -1.2180e+00
29 0 +6.789720823e+01 +5.868720823e+01 +5.868720823e+01 -1.8905e+00 -7.9257e-01 +2.1918e-01 +3.1755e+00 -2.4672e+00
34 0 +5.608595530e+01 +4.687595530e+01 +4.687595530e+01 -2.0547e+00 -1.6475e+00 +5.6850e-01 +4.8264e+00 -2.7780e+00
38 0 +4.185941557e+01 +3.264941557e+01 +3.264941557e+01 -1.7580e+00 -2.2058e+00 +1.0094e+00 +4.2249e+00 -4.4691e+00
42 0 +2.641761196e+01 +1.720761196e+01 +1.720761196e+01 -4.0867e+00 -2.8210e+00 +3.9175e+00 +7.4041e+00 -7.6790e+00
55 0 +2.303666955e+01 +1.382666955e+01 +1.382666955e+01 -4.9050e+00 -1.8574e+00 +4.7036e+00 +1.3170e+01 -1.5409e+01
58 0 +2.084603795e+01 +1.163603795e+01 +1.163603795e+01 -2.1517e+00 +1.5404e+00 +6.3183e+00 +3.6588e+00 -1.6451e+01
59 0 +1.813711606e+01 +8.927116065e+00 +8.927116065e+00 +3.1801e+00 -3.3522e+00 +4.5368e+00 +1.8679e+01 -2.1004e+01
101 0 +1.499628188e+01 +5.786281885e+00 +5.786281885e+00 +1.1132e+00 +2.3749e+00 +2.9631e+00 +8.5670e+00 -1.7701e+01
113 0 +1.283854102e+01 +3.628541022e+00 +3.628541022e+00 -5.9568e+00 +1.3344e+01 +4.4049e+00 +2.8772e+01 -2.2749e+01
115 0 +1.061176033e+01 +1.401760331e+00 +1.401760331e+00 -4.2457e+00 +1.2418e+01 +4.5680e+00 +2.3938e+01 -3.1631e+01
122 0 +7.966793810e+00 -1.243206190e+00 -1.243206190e+00 -2.9668e+00 +1.6642e+01 +1.0234e+01 +3.4112e+01 -3.6828e+01
129 0 +5.136522945e-01 -8.696347705e+00 -8.696347705e+00 +4.4863e+00 +1.8917e+01 +5.3883e+00 +1.9803e+01 -2.3078e+01
133 0 +1.136690644e-01 -9.096330936e+00 -9.096330936e+00 +4.8863e+00 +1.8371e+01 +1.1122e+01 +2.2228e+01 -2.0570e+01
137 0 +0.000000000e+00 -9.210000000e+00 -9.210000000e+00 +5.7804e+00 +1.3227e+01 +8.0153e+00 +2.2650e+01 -1.4170e+01
504 0 +0.000000000e+00 -9.210000000e+00 -9.210000000e+00 +5.7804e+00 +1.3227e+01 +8.0153e+00 +2.2650e+01 -1.4170e+01
% f evaluations | g evaluations | best noise-free fitness - Fopt (6.559900000000e+02) + sum g_i+ | measured fitness | best measured fitness or single-digit g-values | x1 | x2...
1 0 +1.055222522e+02 +7.615122522e+02 +7.615122522e+02 +5.6418e-01 -2.0009e-01 +7.1149e-01 +3.6271e-01 -1.5879e-01
5 0 +1.045163200e+02 +7.605063200e+02 +7.605063200e+02 -1.7931e-01 -5.0958e-02 -1.6078e-01 +2.6412e-01 -1.3985e-01
10 0 +9.910770256e+01 +7.550977026e+02 +7.550977026e+02 +5.1260e-01 -5.4458e-01 +7.6386e-02 -2.4431e-02 -7.6101e-01
19 0 +9.379612021e+01 +7.497861202e+02 +7.497861202e+02 +8.9039e-01 -9.0522e-01 +1.6205e-01 +3.0056e-01 -1.0346e+00
21 0 +8.764381635e+01 +7.436338163e+02 +7.436338163e+02 +8.2212e-01 -1.1129e+00 +1.1151e-01 -1.3589e-01 -1.8492e+00
26 0 +8.650777576e+01 +7.424977758e+02 +7.424977758e+02 +5.8046e-01 -1.2407e+00 +9.9519e-02 -2.8372e-01 -2.0436e+00
30 0 +7.951220153e+01 +7.355022015e+02 +7.355022015e+02 +1.5793e+00 -1.3316e+00 -4.9028e-01 +4.1335e-01 -2.0486e+00
31 0 +7.526022989e+01 +7.312502299e+02 +7.312502299e+02 +1.9994e+00 -1.1498e+00 +2.5261e-01 +1.5434e+00 -2.0635e+00
34 0 +6.594011639e+01 +7.219301164e+02 +7.219301164e+02 +2.4541e+00 -2.5643e+00 +1.6977e+00 +1.7917e+00 -3.0159e+00
38 0 +6.275183348e+01 +7.187418335e+02 +7.187418335e+02 +1.6732e+00 -1.5631e+00 -8.9332e-02 +7.4641e-01 -3.6135e+00
41 0 +5.956587543e+01 +7.155558754e+02 +7.155558754e+02 +1.8443e+00 -1.9514e-01 +1.5518e+00 +1.4869e+00 -4.2609e+00
43 0 +4.597191557e+01 +7.019619156e+02 +7.019619156e+02 +4.4131e+00 -5.5318e+00 +3.1337e+00 +1.5032e+00 -7.6323e+00
46 0 +4.516893057e+01 +7.011589306e+02 +7.011589306e+02 +2.7127e+00 -2.5745e+00 -2.5530e-01 +8.0961e-01 -6.0113e+00
50 0 +1.107024161e+01 +6.670602416e+02 +6.670602416e+02 +5.5353e+00 -8.2001e+00 -3.5626e+00 +3.8397e+00 -9.3857e+00
58 0 +4.538372095e+00 +6.605283721e+02 +6.605283721e+02 +4.6163e-01 -1.1718e+01 -7.1444e+00 +5.0409e+00 -1.2498e+01
62 0 +8.695308177e-01 +6.568595308e+02 +6.568595308e+02 +8.6084e+00 -6.4173e+00 -4.7250e+00 +9.1435e+00 -9.1041e+00
63 0 +1.439703023e-01 +6.561339703e+02 +6.561339703e+02 +4.8769e+00 -7.6811e+00 -4.9934e+00 +5.4381e+00 -1.2730e+01
88 0 +0.000000000e+00 +6.559900000e+02 +6.559900000e+02 +2.2506e+01 -6.1613e+00 -1.4655e+01 +8.1213e+00 -1.6030e+01
504 0 +0.000000000e+00 +6.559900000e+02 +6.559900000e+02 +2.2506e+01 -6.1613e+00 -1.4655e+01 +8.1213e+00 -1.6030e+01
% f evaluations | g evaluations | best noise-free fitness - Fopt (6.671000000000e+01) + sum g_i+ | measured fitness | best measured fitness or single-digit g-values | x1 | x2...
1 0 +1.084876096e+02 +1.751976096e+02 +1.751976096e+02 +4.5810e-02 -1.5733e-01 +1.3693e-01 -8.7607e-02 -2.3948e-03
2 0 +1.036713028e+02 +1.703813028e+02 +1.703813028e+02 -3.0161e-01 -5.4907e-02 +5.5846e-02 +3.2901e-01 -2.0757e-01
11 0 +1.017645112e+02 +1.684745112e+02 +1.684745112e+02 -4.0746e-01 -4.4553e-01 -5.7624e-01 +2.9686e-01 -1.3640e-01
13 0 +9.846521521e+01 +1.651752152e+02 +1.651752152e+02 -3.5081e-01 -9.2333e-02 -6.2035e-01 +5.1637e-01 -3.9742e-01
18 0 +9.518345673e+01 +1.618934567e+02 +1.618934567e+02 -7.1441e-01 -6.3947e-01 -4.9558e-01 +6.7520e-01 -5.4208e-01
25 0 +7.906829974e+01 +1.457782997e+02 +1.457782997e+02 -1.0523e+00 -7.0742e-01 -5.9643e-01 +1.3632e+00 -1.6889e+00
36 0 +7.677127120e+01 +1.434812712e+02 +1.434812712e+02 -1.0293e+00 -6.7599e-01 -1.2605e-01 +1.0715e+00 -2.2393e+00
40 0 +7.270460850e+01 +1.394146085e+02 +1.394146085e+02 -1.7849e+00 -4.9031e-01 -6.5743e-01 +1.8355e+00 -2.0058e+00
41 0 +7.043529078e+01 +1.371452908e+02 +1.371452908e+02 -1.0970e+00 -1.5136e+00 -9.9989e-01 +2.2730e+00 -1.7652e+00
42 0 +5.088300338e+01 +1.175930034e+02 +1.175930034e+02 -2.3302e+00 -1.0350e+00 -1.8104e+00 +3.4729e+00 -2.7511e+00
50 0 +3.780442901e+01 +1.045144290e+02 +1.045144290e+02 -1.8774e+00 -1.6509e+00 -1.3296e+00 +4.3441e+00 -3.6569e+00
51 0 +3.712267175e+01 +1.038326717e+02 +1.038326717e+02 -1.1208e+00 -9.7230e-01 -1.8958e+00 +3.2146e+00 -4.3775e+00
52 0 +1.793679957e+01 +8.464679957e+01 +8.464679957e+01 -3.8036e+00 -3.4213e+00 -1.1898e+00 +4.6650e+00 -5.0695e+00
54 0 +1.776374262e+01 +8.447374262e+01 +8.447374262e+01 -4.2709e+00 -9.7052e-01 -1.8791e+00 +5.7443e+00 -5.0798e+00
57 0 +1.221253547e+01 +7.892253547e+01 +7.892253547e+01 -3.4515e+00 -2.3790e+00 -3.1016e+00 +6.2924e+00 -6.0041e+00
70 0 +5.794195682e+00 +7.250419568e+01 +7.250419568e+01 -5.7739e+00 -2.9109e+00 -4.3425e+00 +5.6514e+00 -6.1199e+00
72 0 +0.000000000e+00 +6.671000000e+01 +6.671000000e+01 -1.0402e+01 -9.9223e+00 -1.0772e+01 +9.2759e+00 -1.4413e+01
504 0 +0.000000000e+00 +6.671000000e+01 +6.671000000e+01 -1.0402e+01 -9.9223e+00 -1.0772e+01 +9.2759e+00 -1.4413e+01
% f evaluations | g evaluations | best noise-free fitness - Fopt (9.416700000000e+02) + sum g_i+ | measured fitness | best measured fitness or single-digit g-values | x1 | x2...
1 0 +1.058658852e+02 +1.047535885e+03 +1.047535885e+03 +4.5555e-01 +1.3464e-01 -1.4132e-02 +5.5993e-01 +4.5509e-02
6 0 +1.001409668e+02 +1.041810967e+03 +1.041810967e+03 +2.5040e-01 -1.0993e-01 +1.7981e-01 +4.0447e-01 -4.8907e-01
9 0 +9.408599305e+01 +1.035755993e+03 +1.035755993e+03 +4.6174e-01 -8.5582e-02 -2.8873e-01 +4.9572e-01 -1.2169e+00
17 0 +8.892009860e+01 +1.030590099e+03 +1.030590099e+03 +1.9926e-01 +5.1685e-01 -4.2770e-01 +4.3412e-01 -1.8929e+00
26 0 +8.547350311e+01 +1.027143503e+03 +1.027143503e+03 +7.9889e-02 -9.8081e-02 +5.1154e-02 +1.3365e+00 -1.4574e+00
32 0 +8.027036600e+01 +1.021940366e+03 +1.021940366e+03 -1.1577e-01 +2.5558e-02 +2.4216e-02 +8.4441e-01 -2.2654e+00
37 0 +7.392976969e+01 +1.015599770e+03 +1.015599770e+03 -8.8357e-01 +6.4523e-01 +7.5307e-01 +1.3680e+00 -2.4080e+00
43 0 +7.233938386e+01 +1.014009384e+03 +1.014009384e+03 +1.5172e+00 +4.5174e-01 -2.3787e-02 +7.9485e-01 -3.3406e+00
45 0 +4.959940368e+01 +9.912694037e+02 +9.912694037e+02 -1.3259e-01 -8.0272e-01 +7.6411e-01 +2.2932e+00 -4.1348e+00
53 0 +4.822561528e+01 +9.898956153e+02 +9.898956153e+02 -3.9887e-01 -1.0393e+00 -2.5450e-01 +2.7281e+00 -4.2811e+00
54 0 +4.072920434e+01 +9.823992043e+02 +9.823992043e+02 +1.4322e+00 +1.9347e-01 -4.0655e-01 +3.5837e+00 -5.0281e+00
61 0 +3.460873632e+01 +9.762787363e+02 +9.762787363e+02 +3.5151e+00 -1.1592e+00 -1.0738e+00 +4.9899e+00 -8.0565e+00
67 0 +3.237849429e+01 +9.740484943e+02 +9.740484943e+02 +3.0975e+00 +1.5837e+00 +1.2404e+00 +5.7384e+00 -4.9315e+00
69 0 +2.928714706e+01 +9.709571471e+02 +9.709571471e+02 +4.1024e-02 +4.1308e-01 +3.7670e-01 +5.0867e+00 -5.1933e+00
77 0 +2.751141229e+01 +9.691814123e+02 +9.691814123e+02 -6.4320e-01 +1.0165e+00 +1.0612e+00 +6.2759e+00 -7.0095e+00
81 0 +2.653583271e+01 +9.682058327e+02 +9.682058327e+02 -7.3577e-01 +2.2302e+00 +2.0230e+00 +5.6997e+00 -5.9300e+00
84 0 +2.493504695e+01 +9.666050470e+02 +9.666050470e+02 +2.4244e+00 +3.2039e+00 +4.0760e+00 +7.6261e+00 -1.1003e+01
85 0 +2.188681814e+01 +9.635568181e+02 +9.635568181e+02 -2.2591e+00 +1.0555e+00 +2.3508e+00 +6.6243e+00 -5.5684e+00
90 0 +2.002143671e+01 +9.616914367e+02 +9.616914367e+02 +7.5439e-01 +4.3613e-01 +3.5453e+00 +8.8754e+00 -6.0119e+00
91 0 +1.396479348e+01 +9.556347935e+02 +9.556347935e+02 -3.0402e+00 +1.5149e+00 +4.8673e+00 +7.2380e+00 -7.8195e+00
100 0 +1.282162301e+01 +9.544916230e+02 +9.544916230e+02 +6.6115e-01 -1.4075e+00 +4.7559e+00 +8.6164e+00 -1.0795e+01
105 0 +7.741830165e+00 +9.494118302e+02 +9.494118302e+02 +1.7173e+00 -4.4239e+00 +6.2886e+00 +7.0673e+00 -9.5081e+00
109 0 +4.163996154e+00 +9.458339962e+02 +9.458339962e+02 -2.7566e+00 -3.9200e+00 +6.7804e+00 +7.1777e+00 -9.4198e+00
115 0 +2.606772341e+00 +9.442767723e+02 +9.442767723e+02 -3.0982e+00 -4.6036e+00 +7.1932e+00 +6.5634e+00 -1.2603e+01
121 0 +3.474062151e-01 +9.420174062e+02 +9.420174062e+02 -4.7952e+00 -4.9198e+00 +9.2735e+00 +1.0955e+01 -1.2842e+01
125 0 +0.000000000e+00 +9.416700000e+02 +9.416700000e+02 -6.4798e+00 -7.9092e+00 +1.1393e+01 +1.0473e+01 -1.4363e+01
504 0 +0.000000000e+00 +9.416700000e+02 +9.416700000e+02 -6.4798e+00 -7.9092e+00 +1.1393e+01 +1.0473e+01 -1.4363e+01
% f evaluations | g evaluations | best noise-free fitness - Fopt (-3.745000000000e+01) + sum g_i+ | measured fitness | best measured fitness or single-digit g-values | x1 | x2...
1 0 +1.171485977e+02 +7.969859767e+01 +7.969859767e+01 +2.4625e-02 -4.2623e-01 -1.7096e-01 +4.1616e-01 +5.7145e-01
2 0 +1.038687357e+02 +6.641873566e+01 +6.641873566e+01 +1.6278e-01 +1.0464e-01 -1.4661e-01 +3.7679e-02 -4.2778e-01
9 0 +9.662322183e+01 +5.917322183e+01 +5.917322183e+01 -2.9778e-01 -1.8385e-01 +1.2436e+00 -1.4706e-01 -7.0616e-01
21 0 +8.952288497e+01 +5.207288497e+01 +5.207288497e+01 -6.9826e-01 -4.9779e-01 +7.2838e-01 -4.0063e-01 -1.5324e+00
25 0 +8.251839195e+01 +4.506839195e+01 +4.506839195e+01 -4.0003e-01 -6.6302e-01 +1.4872e+00 -1.2264e+00 -1.5281e+00
33 0 +7.549510114e+01 +3.804510114e+01 +3.804510114e+01 +1.2045e-01 -2.4113e-01 +1.8514e+00 -8.5957e-01 -2.1945e+00
34 0 +6.796014368e+01 +3.051014368e+01 +3.051014368e+01 -1.1323e+00 -6.2635e-01 +2.3760e+00 -2.1258e+00 -2.2638e+00
42 0 +6.488264882e+01 +2.743264882e+01 +2.743264882e+01 -1.0677e+00 -1.5797e+00 +3.5407e+00 -2.0185e+00 -2.4267e+00
46 0 +5.384418202e+01 +1.639418202e+01 +1.639418202e+01 -1.2311e+00 -6.7749e-01 +3.2526e+00 -2.2730e+00 -3.3344e+00
50 0 +3.334587404e+01 -4.104125959e+00 -4.104125959e+00 -2.1669e+00 +1.3640e+00 +4.2266e+00 -1.9294e+00 -5.6758e+00
61 0 +1.467710688e+01 -2.277289312e+01 -2.277289312e+01 -1.2193e+00 +2.4384e-01 +6.7869e+00 -6.7707e+00 -7.0203e+00
73 0 +4.489307150e+00 -3.296069285e+01 -3.296069285e+01 +5.5976e+00 +2.4755e+00 +5.3601e+00 -6.2750e+00 -8.3527e+00
113 0 +1.180013459e+00 -3.626998654e+01 -3.626998654e+01 +3.8200e+00 +5.4680e+00 +1.0502e+01 -2.6020e+01 -5.8221e+00
121 0 +6.316718984e-01 -3.681832810e+01 -3.681832810e+01 +4.3683e+00 +6.8152e+00 +5.5840e+00 -2.3709e+01 -5.5607e+00
130 0 +0.000000000e+00 -3.745000000e+01 -3.745000000e+01 +7.6882e+00 +1.3450e+01 +9.1315e+00 -2.7679e+01 -6.0917e+00
504 0 +0.000000000e+00 -3.745000000e+01 -3.745000000e+01 +7.6882e+00 +1.3450e+01 +9.1315e+00 -2.7679e+01 -6.0917e+00
% f evaluations | g evaluations | best noise-free fitness - Fopt (-6.639000000000e+01) + sum g_i+ | measured fitness | best measured fitness or single-digit g-values | x1 | x2...
1 0 +1.090510594e+02 +4.266105940e+01 +4.266105940e+01 -4.1490e-01 -4.6386e-02 -4.2756e-01 -8.8218e-02 +2.4196e-01
2 0 +1.061285486e+02 +3.973854859e+01 +3.973854859e+01 -3.1019e-01 -1.2852e-01 -2.7483e-01 -2.4780e-01 -2.1341e-01
5 0 +1.029588551e+02 +3.656885510e+01 +3.656885510e+01 -9.7313e-01 +2.7722e-01 +1.1724e-01 +1.8196e-01 -2.7424e-01
9 0 +9.794384797e+01 +3.155384797e+01 +3.155384797e+01 -5.1106e-02 -1.1423e-01 -1.9076e-01 +3.0260e-01 -7.7232e-01
11 0 +9.694058456e+01 +3.055058456e+01 +3.055058456e+01 -1.0312e+00 +4.6678e-01 -3.0811e-02 +2.4496e-01 -7.5430e-01
17 0 +9.348579013e+01 +2.709579013e+01 +2.709579013e+01 -4.9783e-01 +4.5826e-01 +1.4485e-01 +9.1314e-01 -8.3444e-01
19 0 +8.704217206e+01 +2.065217206e+01 +2.065217206e+01 -2.0407e-01 +5.3572e-01 -3.8226e-01 +7.5955e-01 -1.4141e+00
25 0 +7.457649318e+01 +8.186493175e+00 +8.186493175e+00 -1.2083e+00 +1.5187e-01 -7.9818e-01 +1.0409e+00 -2.3388e+00
26 0 +6.990065554e+01 +3.510655536e+00 +3.510655536e+00 -1.0798e+00 +5.5525e-01 -1.1079e+00 +1.7670e+00 -2.2412e+00
34 0 +5.946563109e+01 -6.924368913e+00 -6.924368913e+00 -6.3448e-01 +1.7679e-01 +2.6604e-01 +1.4833e+00 -3.9906e+00
43 0 +5.070947944e+01 -1.568052056e+01 -1.568052056e+01 +4.4016e-01 -6.6820e-01 -8.1943e-01 +1.0932e+00 -5.3758e+00
44 0 +3.874932741e+01 -2.764067259e+01 -2.764067259e+01 +1.0232e+00 +1.2312e+00 -9.7586e-01 +2.6351e+00 -5.4238e+00
45 0 +3.760964443e+01 -2.878035557e+01 -2.878035557e+01 -8.1877e-02 +1.8936e+00 -2.9728e-01 +3.1348e+00 -4.8193e+00
50 0 +3.406393670e+01 -3.232606330e+01 -3.232606330e+01 +3.8716e-01 +2.0226e+00 -3.5271e+00 +3.8354e+00 -3.7825e+00
59 0 +2.845407706e+01 -3.793592294e+01 -3.793592294e+01 -3.5233e+00 +1.2126e+00 -1.3369e+00 +3.4603e+00 -6.6886e+00
62 0 +2.315850100e+01 -4.323149900e+01 -4.323149900e+01 -3.4098e+00 +9.3726e-01 -4.6416e-01 +5.4103e+00 -6.0696e+00
66 0 +1.621794001e+01 -5.017205999e+01 -5.017205999e+01 -8.4466e+00 +1.0658e+00 -2.0838e+00 +5.6103e+00 -1.2608e+01
67 0 +1.381018910e+01 -5.257981090e+01 -5.257981090e+01 -8.3551e+00 +1.9735e+00 -2.3347e+00 +6.1268e+00 -5.8257e+00
78 0 +6.244761698e+00 -6.014523830e+01 -6.014523830e+01 -8.1787e+00 +5.9799e+00 -3.8254e+00 +5.6663e+00 -4.7470e+00
85 0 +0.000000000e+00 -6.639000000e+01 -6.639000000e+01 -2.0624e+01 +6.8776e+00 -5.2221e+00 +1.0024e+01 -1.3460e+01
504 0 +0.000000000e+00 -6.639000000e+01 -6.639000000e+01 -2.0624e+01 +6.8776e+00 -5.2221e+00 +1.0024e+01 -1.3460e+01
% f evaluations | g evaluations | best noise-free fitness - Fopt (-2.260100000000e+02) + sum g_i+ | measured fitness | best measured fitness or single-digit g-values | x1 | x2...
1 0 +1.022688100e+02 -1.237411900e+02 -1.237411900e+02 -4.8599e-01 +4.7738e-02 +2.3570e-01 +3.1239e-01 -2.4781e-01
6 0 +1.019542504e+02 -1.240557496e+02 -1.240557496e+02 -2.2652e-01 +3.6524e-01 -5.0349e-01 +1.6230e-01 -5.6691e-01
9 0 +9.840372056e+01 -1.276062794e+02 -1.276062794e+02 +1.4342e-01 +6.7353e-01 -3.2950e-01 +8.4804e-01 -4.6349e-01
14 0 +9.721976984e+01 -1.287902302e+02 -1.287902302e+02 -7.7981e-01 +8.2282e-01 -2.9798e-01 +1.0274e-01 -8.7216e-01
20 0 +8.819029243e+01 -1.378197076e+02 -1.378197076e+02 -6.5066e-01 +9.4371e-01 -5.4320e-01 +6.4266e-01 -1.5405e+00
26 0 +8.119069125e+01 -1.448193087e+02 -1.448193087e+02 -7.7529e-01 +4.5010e-01 -3.7373e-01 +6.8930e-01 -2.2359e+00
36 0 +7.611664935e+01 -1.498933507e+02 -1.498933507e+02 -9.9344e-01 +1.1060e+00 -8.2362e-01 +1.8174e+00 -2.1127e+00
42 0 +7.102833206e+01 -1.549816679e+02 -1.549816679e+02 -9.6916e-01 +4.5567e-01 -2.9517e+00 +2.8335e+00 -2.8412e+00
49 0 +7.068201253e+01 -1.553279875e+02 -1.553279875e+02 +7.4038e-01 +7.6656e-01 -2.4204e+00 +1.5580e+00 -3.5407e+00
52 0 +6.623979411e+01 -1.597702059e+02 -1.597702059e+02 -2.2839e+00 +1.0016e+00 -2.5696e+00 +3.4268e+00 -2.6371e+00
54 0 +5.852499118e+01 -1.674850088e+02 -1.674850088e+02 -3.4669e+00 +1.4047e+00 -1.3003e+00 +3.1659e+00 -2.9639e+00
55 0 +4.391718040e+01 -1.820928196e+02 -1.820928196e+02 -2.0978e+00 +3.9501e+00 -3.8673e+00 +3.0248e+00 -5.9610e+00
58 0 +3.226266053e+01 -1.937473395e+02 -1.937473395e+02 -2.7171e+00 +3.3243e+00 -1.6892e+00 +3.9603e+00 -6.2308e+00
70 0 +3.143048060e+01 -1.945795194e+02 -1.945795194e+02 -6.0592e+00 +4.7737e+00 -2.5924e+00 +3.7519e+00 -6.1374e+00
76 0 +2.842235336e+01 -1.975876466e+02 -1.975876466e+02 -7.3291e+00 +6.1053e+00 -3.5808e+00 +4.7711e+00 -7.6491e+00
77 0 +2.420802205e+01 -2.018019780e+02 -2.018019780e+02 -7.8214e+00 +4.6346e+00 -2.4498e+00 +6.6221e+00 -7.0393e+00
78 0 +1.731020534e+01 -2.086997947e+02 -2.086997947e+02 -8.0614e+00 +5.3808e+00 -4.7397e-01 +6.1760e+00 -1.0570e+01
88 0 +1.567391414e+01 -2.103360859e+02 -2.103360859e+02 -1.2170e+01 +5.8798e+00 +4.3473e-02 +5.0761e+00 -1.1375e+01
92 0 +5.174397496e+00 -2.208356025e+02 -2.208356025e+02 -9.2206e+00 +9.7362e+00 +3.6252e+00 +4.8529e+00 -8.9771e+00
94 0 +4.459932322e+00 -2.215500677e+02 -2.215500677e+02 -8.7372e+00 +6.7571e+00 +3.5896e+00 +7.3965e+00 -8.1853e+00
101 0 +2.209932756e+00 -2.238000672e+02 -2.238000672e+02 -1.2110e+01 +1.2450e+01 +4.3012e+00 +7.2925e+00 -1.2215e+01
102 0 +0.000000000e+00 -2.260100000e+02 -2.260100000e+02 -6.8465e+00 +1.0298e+01 +5.0450e+00 +7.2625e+00 -5.1161e+00
504 0 +0.000000000e+00 -2.260100000e+02 -2.260100000e+02 -6.8465e+00 +1.0298e+01 +5.0450e+00 +7.2625e+00 -5.1161e+00
% f evaluations | g evaluations | best noise-free fitness - Fopt (1.000000000000e+03) + sum g_i+ | measured fitness | best measured fitness or single-digit g-values | x1 | x2...
1 0 +1.067522665e+02 +1.106752267e+03 +1.106752267e+03 -3.9565e-01 +9.6687e-02 -1.4583e-01 +1.7653e-01 +3.1556e-03
2 0 +1.029507033e+02 +1.102950703e+03 +1.102950703e+03 +3.4898e-01 +2.3710e-01 -3.1074e-02 +3.7438e-01 -2.7895e-01
11 0 +1.005460310e+02 +1.100546031e+03 +1.100546031e+03 -2.9930e-02 -1.8098e-01 +2.4385e-02 +2.6025e-01 -6.0251e-01
17 0 +9.950200322e+01 +1.099502003e+03 +1.099502003e+03 +7.2159e-01 +3.0363e-01 +2.4696e-01 +3.2095e-01 -5.9137e-01
20 0 +9.755503123e+01 +1.097555031e+03 +1.097555031e+03 +5.2968e-01 -5.2197e-02 +3.3371e-01 +5.1131e-01 -6.9567e-01
30 0 +9.020079223e+01 +1.090200792e+03 +1.090200792e+03 +9.8571e-01 +1.0576e-01 +4.4893e-01 +4.6689e-01 -1.4372e+00
33 0 +8.106445401e+01 +1.081064454e+03 +1.081064454e+03 +6.5802e-01 -1.3770e-01 +7.3761e-01 +1.0889e+00 -1.9202e+00
48 0 +6.933639610e+01 +1.069336396e+03 +1.069336396e+03 +9.2610e-01 -6.8157e-01 +8.7661e-01 +1.4363e+00 -2.9772e+00
53 0 +6.763063572e+01 +1.067630636e+03 +1.067630636e+03 +1.2033e+00 +8.2999e-01 +1.3659e+00 +1.7748e+00 -2.5617e+00
60 0 +5.620024396e+01 +1.056200244e+03 +1.056200244e+03 +2.1935e+00 +2.9001e-01 +1.9034e+00 +2.1364e+00 -3.5265e+00
66 0 +5.304645629e+01 +1.053046456e+03 +1.053046456e+03 +2.3320e+00 -1.0513e+00 +1.8195e+00 +1.5317e+00 -4.4608e+00
77 0 +3.529567882e+01 +1.035295679e+03 +1.035295679e+03 +2.3826e+00 +7.2380e-01 +1.5404e+00 +3.4157e+00 -4.9541e+00
88 0 +2.374200425e+01 +1.023742004e+03 +1.023742004e+03 +4.0354e+00 -1.9405e+00 +4.2523e+00 +5.1444e+00 -6.4773e+00
90 0 +2.183435691e+01 +1.021834357e+03 +1.021834357e+03 +5.7401e+00 -1.2388e+00 +5.3970e+00 +5.5398e+00 -8.2840e+00
99 0 +2.080407679e+01 +1.020804077e+03 +1.020804077e+03 +4.2590e+00 -1.4923e+00 +6.3649e+00 +6.7396e+00 -5.5122e+00
107 0 +1.794253227e+01 +1.017942532e+03 +1.017942532e+03 +3.1619e+00 -5.0005e-01 +5.3487e+00 +6.0896e+00 -5.1030e+00
114 0 +1.777330405e+01 +1.017773304e+03 +1.017773304e+03 +4.7936e+00 +1.7124e+00 +8.2457e+00 +4.6206e+00 -7.6816e+00
127 0 +1.317824777e+01 +1.013178248e+03 +1.013178248e+03 +2.3449e+00 +1.7753e+00 +6.6817e+00 +4.9824e+00 -5.0771e+00
130 0 +1.125374519e+01 +1.011253745e+03 +1.011253745e+03 +4.6224e+00 +4.0826e+00 +9.4246e+00 +6.8417e+00 -6.0829e+00
137 0 +6.235395958e+00 +1.006235396e+03 +1.006235396e+03 +1.2354e+00 +5.1240e+00 +7.0420e+00 +8.0499e+00 -8.0045e+00
148 0 +5.366043817e+00 +1.005366044e+03 +1.005366044e+03 +3.6604e-01 +5.3212e+00 +5.8630e+00 +5.3284e+00 -6.8578e+00
154 0 +4.063678284e+00 +1.004063678e+03 +1.004063678e+03 -1.1813e+00 +6.9024e+00 +4.9225e+00 +6.4703e+00 -9.1619e+00
163 0 +1.969821290e+00 +1.001969821e+03 +1.001969821e+03 -3.7441e+00 +7.5049e+00 +4.9647e+00 +4.8929e+00 -8.2210e+00
174 0 +1.834437378e-02 +1.000018344e+03 +1.000018344e+03 -4.9817e+00 +8.4736e+00 +5.2778e+00 +5.3493e+00 -8.5601e+00
177 0 +0.000000000e+00 +1.000000000e+03 +1.000000000e+03 -5.4207e+00 +8.5277e+00 +6.4510e+00 +6.4587e+00 -1.2314e+01
504 0 +0.000000000e+00 +1.000000000e+03 +1.000000000e+03 -5.4207e+00 +8.5277e+00 +6.4510e+00 +6.4587e+00 -1.2314e+01
% f evaluations | g evaluations | best noise-free fitness - Fopt (-1.830200000000e+02) + sum g_i+ | measured fitness | best measured fitness or single-digit g-values | x1 | x2...
1 0 +1.011716455e+02 -8.184835447e+01 -8.184835447e+01 +1.3580e-01 +1.7529e-01 -3.1664e-01 -2.7038e-01 -4.3023e-01
9 0 +1.008013498e+02 -8.221865017e+01 -8.221865017e+01 +4.6480e-02 +8.4191e-01 +7.2835e-02 -2.0014e-01 -7.5740e-01
13 0 +9.405210584e+01 -8.896789416e+01 -8.896789416e+01 +1.6129e-01 +1.5445e-01 +3.2200e-01 -7.0674e-01 -1.0925e+00
20 0 +9.030026310e+01 -9.271973690e+01 -9.271973690e+01 +1.8771e-01 +4.0610e-01 +3.5613e-01 -1.0962e+00 -1.3016e+00
25 0 +8.782546980e+01 -9.519453020e+01 -9.519453020e+01 +3.7989e-01 -4.3373e-01 -3.0658e-01 -1.0122e+00 -1.2182e+00
27 0 +7.218586409e+01 -1.108341359e+02 -1.108341359e+02 +4.1469e-01 -2.1369e-01 +1.1640e-01 -2.3212e+00 -2.2155e+00
33 0 +6.779281222e+01 -1.152271878e+02 -1.152271878e+02 +1.2994e+00 +2.1785e-01 +1.0049e+00 -2.0587e+00 -3.0716e+00
35 0 +5.514284032e+01 -1.278771597e+02 -1.278771597e+02 +4.2530e-01 +4.9244e-01 +3.3425e-01 -3.3024e+00 -3.5614e+00
41 0 +3.426051092e+01 -1.487594891e+02 -1.487594891e+02 -7.8100e-01 +1.5929e+00 -8.6443e-01 -6.0495e+00 -4.6322e+00
48 0 +3.326052922e+01 -1.497594708e+02 -1.497594708e+02 +4.4735e-01 +1.0930e+00 -1.1506e+00 -4.7691e+00 -4.5599e+00
52 0 +2.218952056e+01 -1.608304794e+02 -1.608304794e+02 +4.7048e+00 +1.0788e-01 -1.8614e+00 -6.2750e+00 -4.7114e+00
60 0 +2.061204645e+01 -1.624079536e+02 -1.624079536e+02 +3.5254e+00 -4.2318e-01 -1.5219e+00 -7.9019e+00 -7.8563e+00
69 0 +1.400305601e+01 -1.690169440e+02 -1.690169440e+02 -1.3585e+00 -7.7012e-01 -5.9349e+00 -4.9782e+00 -7.0770e+00
72 0 +1.349892263e+01 -1.695210774e+02 -1.695210774e+02 +2.9772e+00 +1.3550e+00 -4.9446e+00 -7.3902e+00 -7.9328e+00
76 0 +6.230305758e+00 -1.767896942e+02 -1.767896942e+02 +2.1844e+00 -4.0656e+00 -4.4456e+00 -5.3852e+00 -5.2538e+00
89 0 +0.000000000e+00 -1.830200000e+02 -1.830200000e+02 +5.2962e+00 -5.3770e+00 -5.1840e+00 -5.2763e+00 -8.7498e+00
512 0 +0.000000000e+00 -1.830200000e+02 -1.830200000e+02 +5.2962e+00 -5.3770e+00 -5.1840e+00 -5.2763e+00 -8.7498e+00
% f evaluations | g evaluations | best noise-free fitness - Fopt (-1.026200000000e+02) + sum g_i+ | measured fitness | best measured fitness or single-digit g-values | x1 | x2...
1 0 +1.018178893e+02 -8.021107094e-01 -8.021107094e-01 +9.3694e-02 -1.0507e-01 -5.2787e-02 -3.5546e-02 +5.5420e-01
10 0 +9.960759708e+01 -3.012402924e+00 -3.012402924e+00 +2.1584e-01 +1.1662e-01 -5.8213e-02 -5.2523e-01 +5.4978e-01
19 0 +9.530096600e+01 -7.319034003e+00 -7.319034003e+00 -2.1864e-01 -3.0269e-01 -6.4947e-01 +1.0077e-01 +1.0275e+00
20 0 +9.207762137e+01 -1.054237863e+01 -1.054237863e+01 +3.8058e-01 -3.5451e-02 -2.3293e-01 -5.0522e-01 +1.2482e+00
25 0 +8.577505372e+01 -1.684494628e+01 -1.684494628e+01 -1.9833e-01 +8.5672e-02 -7.3050e-01 -3.7422e-01 +1.7584e+00
31 0 +8.478496902e+01 -1.783503098e+01 -1.783503098e+01 +1.2698e-01 -9.3568e-02 -5.5263e-01 -7.6429e-01 +1.6950e+00
33 0 +6.566081326e+01 -3.695918674e+01 -3.695918674e+01 -1.0438e-01 -3.1387e-01 -1.4858e-01 -1.1825e+00 +3.4377e+00
42 0 +6.262341136e+01 -3.999658864e+01 -3.999658864e+01 +1.3782e-01 +1.1544e-01 -1.1681e+00 -1.0380e+00 +3.6008e+00
46 0 +5.779305002e+01 -4.482694998e+01 -4.482694998e+01 +5.1780e-02 +8.2545e-01 -1.7658e+00 -1.8658e+00 +3.5470e+00
49 0 +3.694244670e+01 -6.567755330e+01 -6.567755330e+01 -1.8290e+00 +1.7926e+00 -1.8925e+00 -2.8899e+00 +5.0431e+00
58 0 +3.195950022e+01 -7.066049978e+01 -7.066049978e+01 -2.6890e+00 +2.3850e+00 +2.2279e-01 -5.6278e+00 +6.0638e+00
65 0 +3.027940113e+01 -7.234059887e+01 -7.234059887e+01 -4.8674e+00 +3.8945e+00 -4.6849e-01 -5.0760e+00 +9.1306e+00
66 0 +2.963689257e+01 -7.298310743e+01 -7.298310743e+01 -1.7098e+00 +2.4604e+00 -8.6375e-01 -5.3365e+00 +1.4415e+01
71 0 +2.272002430e+01 -7.989997570e+01 -7.989997570e+01 -2.6660e+00 +1.4666e-01 -1.5136e+00 -4.9628e+00 +9.6453e+00
76 0 +1.703403852e+01 -8.558596148e+01 -8.558596148e+01 +1.8158e-01 +1.5633e+00 -6.8719e+00 -4.9678e+00 +1.3861e+01
85 0 +1.179827009e+01 -9.082172991e+01 -9.082172991e+01 -2.7373e+00 +3.6226e-01 -6.5394e+00 -8.3228e+00 +1.3564e+01
88 0 +1.128809256e+01 -9.133190744e+01 -9.133190744e+01 +3.9739e+00 -3.6986e+00 -1.0463e+01 -6.8631e+00 +2.4246e+01
89 0 +6.354054122e+00 -9.626594588e+01 -9.626594588e+01 +1.3541e+00 -5.3701e+00 -1.6668e+01 -1.2655e+01 +2.3809e+01
103 0 +4.216264509e-01 -1.021983735e+02 -1.021983735e+02 -5.9476e+00 -4.7629e+00 -8.6784e+00 -1.8100e+01 +1.9122e+01
115 0 +0.000000000e+00 -1.026200000e+02 -1.026200000e+02 -5.8550e+00 -6.4672e+00 -1.3311e+01 -1.2557e+01 +2.5985e+01
504 0 +0.000000000e+00 -1.026200000e+02 -1.026200000e+02 -5.8550e+00 -6.4672e+00 -1.3311e+01 -1.2557e+01 +2.5985e+01
% f evaluations | g evaluations | best noise-free fitness - Fopt (9.953000000000e+01) + sum g_i+ | measured fitness | best measured fitness or single-digit g-values | x1 | x2...
1 0 +1.063359548e+02 +2.058659548e+02 +2.058659548e+02 +3.1145e-01 +1.3275e-01 -3.2477e-01 +1.8932e-01 -6.0260e-03
3 0 +1.030703620e+02 +2.026003620e+02 +2.026003620e+02 +1.8490e-01 -3.3142e-01 -4.6253e-01 +1.4662e-01 +2.0579e-01
9 0 +9.731893434e+01 +1.968489343e+02 +1.968489343e+02 +1.3088e-01 -2.7863e-01 -4.1725e-01 +4.1536e-01 +6.4811e-01
17 0 +9.456178443e+01 +1.940917844e+02 +1.940917844e+02 +2.3163e-01 -6.3642e-01 -4.3931e-01 +1.1574e-01 +1.0318e+00
31 0 +8.427141552e+01 +1.838014155e+02 +1.838014155e+02 +5.0074e-01 -1.1787e+00 -9.4512e-01 +2.3902e-01 +1.7620e+00
36 0 +8.121939089e+01 +1.807493909e+02 +1.807493909e+02 +4.4974e-01 -1.4518e+00 -5.2748e-01 +1.0333e-01 +2.2219e+00
46 0 +6.945003025e+01 +1.689800303e+02 +1.689800303e+02 +6.8542e-01 -1.3074e+00 -2.1248e-01 +9.1186e-01 +3.0931e+00
50 0 +5.903793656e+01 +1.585679366e+02 +1.585679366e+02 +6.0096e-01 -2.5286e+00 +2.0999e-01 +1.0877e+00 +3.9434e+00
51 0 +5.380342448e+01 +1.533334245e+02 +1.533334245e+02 +1.6109e+00 -7.7240e-01 -1.5687e+00 +1.4295e+00 +4.1255e+00
59 0 +5.067238487e+01 +1.502023849e+02 +1.502023849e+02 +1.4860e+00 -8.2419e-01 -9.6568e-01 +1.4196e+00 +4.6131e+00
62 0 +4.959338909e+01 +1.491233891e+02 +1.491233891e+02 +5.5622e-01 -2.1262e+00 -8.8952e-01 +3.8924e-01 +6.2779e+00
64 0 +3.841665739e+01 +1.379466574e+02 +1.379466574e+02 +1.3744e+00 -1.8137e+00 -2.8440e+00 +1.5220e+00 +5.1119e+00
65 0 +3.385139661e+01 +1.333813966e+02 +1.333813966e+02 +1.6337e+00 -1.0587e+00 -2.1193e+00 +3.0262e+00 +5.3375e+00
69 0 +2.241315444e+01 +1.219431544e+02 +1.219431544e+02 +1.6539e+00 -2.9723e+00 -3.7362e+00 +3.5494e+00 +8.9224e+00
73 0 +2.050573898e+01 +1.200357390e+02 +1.200357390e+02 +2.8138e+00 -1.0588e+00 -4.8441e+00 +6.2342e+00 +4.4810e+00
83 0 +1.082624541e+01 +1.103562454e+02 +1.103562454e+02 +4.1962e+00 -5.1691e+00 -5.3856e+00 +4.7101e+00 +9.9447e+00
111 0 +6.553476131e+00 +1.060834761e+02 +1.060834761e+02 -2.3657e-01 -3.9934e+00 -6.3388e+00 +6.5602e+00 +1.5265e+01
121 0 +3.438623513e+00 +1.029686235e+02 +1.029686235e+02 -1.5614e+00 -6.7122e+00 -9.2324e+00 +5.2254e+00 +8.3708e+00
124 0 +3.016624071e+00 +1.025466241e+02 +1.025466241e+02 -1.9834e+00 -1.0402e+01 -8.7393e+00 +6.3828e+00 +1.9262e+01
129 0 +2.892682191e-01 +9.981926822e+01 +9.981926822e+01 -5.5198e+00 -4.8373e+00 -1.0628e+01 +6.7130e+00 +1.5009e+01
137 0 +1.255018780e-01 +9.965550188e+01 +9.965550188e+01 -4.8745e+00 -1.1408e+01 -1.3433e+01 +9.2258e+00 +1.9557e+01
139 0 +0.000000000e+00 +9.953000000e+01 +9.953000000e+01 -7.0178e+00 -6.7227e+00 -8.1900e+00 +6.3216e+00 +1.4758e+01
504 0 +0.000000000e+00 +9.953000000e+01 +9.953000000e+01 -7.0178e+00 -6.7227e+00 -8.1900e+00 +6.3216e+00 +1.4758e+01
% f evaluations | g evaluations | best noise-free fitness - Fopt (1.495900000000e+02) + sum g_i+ | measured fitness | best measured fitness or single-digit g-values | x1 | x2...
1 0 +1.054139059e+02 +2.550039059e+02 +2.550039059e+02 -9.0545e-02 +6.5409e-01 -2.3554e-02 -1.2771e-01 +3.5961e-02
8 0 +1.041023812e+02 +2.536923812e+02 +2.536923812e+02 +3.8302e-01 -1.1536e-01 -1.0715e-01 +7.9522e-03 +4.0115e-01
14 0 +1.022503615e+02 +2.518403615e+02 +2.518403615e+02 +3.9647e-01 -1.4169e-01 -2.5412e-01 -4.5938e-01 +2.8311e-01
17 0 +9.955032460e+01 +2.491403246e+02 +2.491403246e+02 +6.2959e-01 -3.7548e-01 -2.3406e-01 -5.7704e-01 +5.5817e-01
34 0 +9.573181739e+01 +2.453218174e+02 +2.453218174e+02 -9.2305e-02 -2.8764e-01 +4.0152e-02 -1.8818e-01 +1.1576e+00
36 0 +9.017758905e+01 +2.397675890e+02 +2.397675890e+02 +7.7410e-01 -8.5143e-01 -1.0528e-01 -4.3095e-01 +1.7174e+00
43 0 +8.221464368e+01 +2.318046437e+02 +2.318046437e+02 +1.3991e+00 -8.6795e-01 -5.5470e-01 -1.0755e+00 +2.0746e+00
53 0 +6.781188885e+01 +2.174018888e+02 +2.174018888e+02 +1.8892e+00 -1.9345e+00 -1.1194e+00 -1.5056e+00 +3.3331e+00
60 0 +5.955533740e+01 +2.091453374e+02 +2.091453374e+02 +3.6516e+00 -1.5672e+00 -1.6503e+00 -1.5268e+00 +4.0898e+00
67 0 +5.589377096e+01 +2.054837710e+02 +2.054837710e+02 +2.7466e+00 -3.1671e+00 -1.9747e+00 -2.1540e+00 +4.1947e+00
70 0 +4.570724398e+01 +1.952972440e+02 +1.952972440e+02 +4.3173e+00 -2.4484e+00 -9.3247e-01 -3.1716e+00 +5.0465e+00
73 0 +4.379022260e+01 +1.933802226e+02 +1.933802226e+02 +2.5873e+00 -2.8076e+00 -1.6752e+00 -3.0904e+00 +4.8934e+00
74 0 +3.775212662e+01 +1.873421266e+02 +1.873421266e+02 +7.7091e+00 -4.1079e+00 -2.2024e+00 -5.7958e+00 +6.2331e+00
93 0 +3.286830431e+01 +1.824583043e+02 +1.824583043e+02 +5.5749e+00 -7.5365e+00 -8.3349e+00 -6.3048e+00 +6.4424e+00
112 0 +2.050894263e+01 +1.700989426e+02 +1.700989426e+02 +3.3565e+00 -1.8338e+00 -7.3569e+00 -9.0459e+00 +9.6116e+00
121 0 +1.523864959e+01 +1.648286496e+02 +1.648286496e+02 -5.5648e+00 +1.3640e+00 -6.7499e+00 -3.4399e+00 +6.0027e+00
129 0 +1.332412732e+01 +1.629141273e+02 +1.629141273e+02 -1.8744e+00 -7.3503e-01 -5.5165e+00 -8.1952e+00 +5.6418e+00
135 0 +1.215310240e+01 +1.617431024e+02 +1.617431024e+02 -2.6158e+00 -4.9344e-01 -6.8881e+00 -6.7941e+00 +5.6072e+00
138 0 +1.178020148e+01 +1.613702015e+02 +1.613702015e+02 -6.6361e+00 -1.6245e+00 -7.2252e+00 -6.0505e+00 +6.6384e+00
143 0 +1.171311608e+01 +1.613031161e+02 +1.613031161e+02 -1.6983e+00 +2.6990e-01 -7.4768e+00 -9.0920e+00 +5.5305e+00
147 0 +7.208307579e+00 +1.567983076e+02 +1.567983076e+02 -7.9286e+00 +9.4647e-01 -9.8076e+00 -8.1470e+00 +6.6991e+00
155 0 +6.232968884e+00 +1.558229689e+02 +1.558229689e+02 -3.4343e+00 +2.3754e+00 -9.5275e+00 -1.0092e+01 +8.6287e+00
163 0 +6.073670034e+00 +1.556636700e+02 +1.556636700e+02 -4.3158e+00 +3.4329e+00 -8.7749e+00 -1.2069e+01 +4.7397e+00
166 0 +2.729635165e+00 +1.523196352e+02 +1.523196352e+02 -7.0299e+00 +3.4650e+00 -1.0799e+01 -9.8785e+00 +5.0780e+00
171 0 +9.144438792e-01 +1.505044439e+02 +1.505044439e+02 -7.3773e+00 +4.4858e+00 -1.0949e+01 -1.3420e+01 +7.1056e+00
176 0 +0.000000000e+00 +1.495900000e+02 +1.495900000e+02 -9.5066e+00 +6.1013e+00 -1.0130e+01 -1.1505e+01 +5.3629e+00
504 0 +0.000000000e+00 +1.495900000e+02 +1.495900000e+02 -9.5066e+00 +6.1013e+00 -1.0130e+01 -1.1505e+01 +5.3629e+00
% f evaluations | g evaluations | best noise-free fitness - Fopt (-1.000000000000e+03) + sum g_i+ | measured fitness | best measured fitness or single-digit g-values | x1 | x2...
1 0 +1.076918309e+02 -8.923081691e+02 -8.923081691e+02 -5.6713e-01 -4.3954e-01 +2.9943e-01 -3.8532e-01 -1.3064e-01
4 0 +1.060468578e+02 -8.939531422e+02 -8.939531422e+02 -3.0585e-01 -2.7675e-01 -1.3620e-01 -4.5677e-01 -1.4126e-01
6 0 +1.009555240e+02 -8.990444760e+02 -8.990444760e+02 +3.0980e-01 -4.7518e-01 -3.4786e-01 +2.7848e-02 +4.7661e-01
9 0 +9.926387389e+01 -9.007361261e+02 -9.007361261e+02 +1.8651e-01 -5.0380e-01 -5.5726e-01 -4.1075e-01 +3.4015e-01
17 0 +9.762039753e+01 -9.023796025e+02 -9.023796025e+02 -3.5347e-01 -9.7236e-03 -4.9868e-01 -2.5349e-01 +7.5332e-01
26 0 +8.938981948e+01 -9.106101805e+02 -9.106101805e+02 -3.4051e-01 -8.1497e-01 -6.4873e-01 +2.5502e-02 +1.5413e+00
34 0 +8.627356045e+01 -9.137264395e+02 -9.137264395e+02 +5.8859e-01 -1.3107e+00 -9.6774e-01 -8.4900e-01 +1.0792e+00
44 0 +8.212108208e+01 -9.178789179e+02 -9.178789179e+02 +5.9317e-01 -6.0831e-01 -7.6404e-01 -1.0551e+00 +1.5675e+00
46 0 +8.068423802e+01 -9.193157620e+02 -9.193157620e+02 -2.0981e-01 -1.1330e+00 -1.7703e+00 -6.6752e-01 +1.5979e+00
49 0 +7.824690626e+01 -9.217530937e+02 -9.217530937e+02 -1.9288e-01 -1.8441e+00 -1.5653e+00 -1.0383e+00 +1.5698e+00
50 0 +7.209746802e+01 -9.279025320e+02 -9.279025320e+02 -1.9833e-01 -4.1662e-01 -1.0907e+00 -7.3628e-01 +2.7590e+00
53 0 +6.414846550e+01 -9.358515345e+02 -9.358515345e+02 -3.8267e-01 -1.6001e+00 -2.3526e+00 -7.7734e-01 +2.9398e+00
56 0 +5.261880937e+01 -9.473811906e+02 -9.473811906e+02 +4.6026e-02 -2.3081e+00 -1.6965e+00 -1.1709e+00 +3.9101e+00
61 0 +3.393102373e+01 -9.660689763e+02 -9.660689763e+02 +7.0572e-01 -2.6038e+00 -2.1031e+00 -2.1166e+00 +5.1678e+00
66 0 +3.162454782e+01 -9.683754522e+02 -9.683754522e+02 +4.7476e-01 -5.0609e+00 -1.9932e+00 -1.8718e+00 +7.4814e+00
70 0 +1.198663374e+01 -9.880133663e+02 -9.880133663e+02 -5.6611e-01 -5.0116e+00 -6.0162e+00 -3.8583e+00 +7.3785e+00
71 0 +8.465631299e+00 -9.915343687e+02 -9.915343687e+02 +8.9465e-01 -7.1441e+00 -7.2570e+00 -4.2246e+00 +7.9367e+00
77 0 +2.945729990e+00 -9.970542700e+02 -9.970542700e+02 +3.5648e+00 -8.5202e+00 -4.5223e+00 -7.5079e+00 +5.5594e+00
85 0 +7.794231252e-01 -9.992205769e+02 -9.992205769e+02 +4.2206e+00 -1.7028e+01 -5.4323e+00 -1.1393e+01 +7.0304e+00
87 0 +0.000000000e+00 -1.000000000e+03 -1.000000000e+03 +6.9856e+00 -1.3304e+01 -1.2217e+01 -1.0905e+01 +1.2686e+01
504 0 +0.000000000e+00 -1.000000000e+03 -1.000000000e+03 +6.9856e+00 -1.3304e+01 -1.2217e+01 -1.0905e+01 +1.2686e+01
% f evaluations | g evaluations | best noise-free fitness - Fopt (-2.922000000000e+01) + sum g_i+ | measured fitness | best measured fitness or single-digit g-values | x1 | x2...
1 0 +1.108853919e+02 +8.166539191e+01 +8.166539191e+01 -1.4469e-01 +5.6509e-02 +1.8103e-01 -3.9773e-01 -3.0067e-02
2 0 +1.069099533e+02 +7.768995326e+01 +7.768995326e+01 -7.5459e-02 +2.8952e-01 -4.2107e-02 -1.8607e-01 +2.2625e-01
3 0 +1.036561569e+02 +7.443615688e+01 +7.443615688e+01 +1.3728e-01 +1.1823e-01 +1.6958e-03 +3.1707e-01 +2.7336e-01
10 0 +9.920648601e+01 +6.998648601e+01 +6.998648601e+01 -6.8952e-01 +6.3318e-03 -2.0752e-01 +4.7157e-01 +4.6271e-01
18 0 +9.766288021e+01 +6.844288021e+01 +6.844288021e+01 -2.8613e-01 +4.3417e-01 +1.0740e-01 +1.0433e+00 +5.1159e-01
25 0 +8.651354345e+01 +5.729354345e+01 +5.729354345e+01 -1.0677e+00 -1.0918e-01 -1.0070e+00 +1.2486e+00 +9.8384e-01
30 0 +8.397110973e+01 +5.475110973e+01 +5.475110973e+01 -9.2785e-01 +6.0751e-01 -7.4296e-01 +1.5044e+00 +1.3192e+00
43 0 +8.235141507e+01 +5.313141507e+01 +5.313141507e+01 -1.2591e+00 +1.4351e+00 -1.0965e-01 +2.0724e+00 +1.4761e+00
44 0 +7.841527958e+01 +4.919527958e+01 +4.919527958e+01 -2.8825e+00 +1.3456e+00 +1.1567e-01 +2.7554e+00 +1.3786e+00
45 0 +7.187684597e+01 +4.265684597e+01 +4.265684597e+01 -8.3274e-01 +7.1197e-01 -7.0244e-01 +2.2065e+00 +2.1747e+00
49 0 +6.795045644e+01 +3.873045644e+01 +3.873045644e+01 -1.6793e+00 -1.8797e-01 -9.2810e-01 +2.6317e+00 +2.0122e+00
54 0 +4.676752456e+01 +1.754752456e+01 +1.754752456e+01 -6.8182e-01 +1.6100e+00 -4.0438e-01 +3.7561e+00 +4.0833e+00
57 0 +2.480213706e+01 -4.417862938e+00 -4.417862938e+00 -2.1065e-01 +1.3351e+00 -2.2339e+00 +8.7281e+00 +7.7008e+00
59 0 +2.150763045e+01 -7.712369551e+00 -7.712369551e+00 -1.6702e+00 +7.4929e-01 -2.4847e+00 +5.0085e+00 +6.3599e+00
65 0 +1.938220488e+01 -9.837795116e+00 -9.837795116e+00 -3.5399e+00 +2.0401e+00 -3.2915e+00 +5.2836e+00 +8.0481e+00
69 0 +1.220714038e+01 -1.701285962e+01 -1.701285962e+01 -5.9949e+00 +1.8646e+00 -6.3216e+00 +5.8820e+00 +9.1140e+00
81 0 +2.991266535e+00 -2.622873347e+01 -2.622873347e+01 -8.7513e+00 -3.3179e+00 -9.0605e+00 +1.1754e+01 +1.1935e+01
84 0 +1.448827941e+00 -2.777117206e+01 -2.777117206e+01 -9.1805e+00 -4.1853e+00 -5.7868e+00 +1.2390e+01 +1.1363e+01
89 0 +1.216064703e+00 -2.800393530e+01 -2.800393530e+01 -1.7395e+01 -4.3162e+00 -9.3745e+00 +2.1396e+01 +1.2101e+01
92 0 +9.339621900e-01 -2.828603781e+01 -2.828603781e+01 -6.9461e+00 -4.4748e+00 -5.8865e+00 +7.9519e+00 +7.1593e+00
97 0 +6.993077994e-01 -2.852069220e+01 -2.852069220e+01 -9.0653e+00 -8.7143e+00 -9.2696e+00 +4.8756e+00 +1.0910e+01
100 0 +0.000000000e+00 -2.922000000e+01 -2.922000000e+01 -8.2451e+00 -6.3927e+00 -1.1867e+01 +8.4856e+00 +6.8916e+00
504 0 +0.000000000e+00 -2.922000000e+01 -2.922000000e+01 -8.2451e+00 -6.3927e+00 -1.1867e+01 +8.4856e+00 +6.8916e+00
% f evaluations | g evaluations | best noise-free fitness - Fopt (-4.096000000000e+01) + sum g_i+ | measured fitness | best measured fitness or single-digit g-values | x1 | x2...
1 0 +1.004414643e+02 +5.948146434e+01 +5.948146434e+01 +2.6179e-01 +3.4164e-01 +3.0607e-01 +2.6466e-01 -4.0529e-01
10 0 +9.897291902e+01 +5.801291902e+01 +5.801291902e+01 +3.6635e-01 +6.2225e-01 +7.1587e-02 +7.1501e-02 -6.7456e-01
11 0 +9.458782618e+01 +5.362782618e+01 +5.362782618e+01 +3.3862e-01 +9.7585e-02 +2.0404e-01 +9.8729e-01 -6.5227e-01
22 0 +9.204971061e+01 +5.108971061e+01 +5.108971061e+01 +9.3356e-02 +5.4445e-01 +1.9272e-01 +7.9249e-01 -9.6426e-01
27 0 +8.673906859e+01 +4.577906859e+01 +4.577906859e+01 -1.3558e-01 +5.4916e-01 +9.1103e-02 +1.0012e+00 -1.4322e+00
33 0 +7.621511350e+01 +3.525511350e+01 +3.525511350e+01 -1.9105e-02 +4.8878e-01 +1.0053e+00 +1.3918e+00 -1.9749e+00
41 0 +6.149165404e+01 +2.053165404e+01 +2.053165404e+01 +3.6632e-01 +1.1014e+00 +5.2811e-01 +2.2589e+00 -2.9631e+00
50 0 +5.742013523e+01 +1.646013523e+01 +1.646013523e+01 -1.0662e+00 +8.6663e-01 +1.3359e+00 +2.4176e+00 -3.2105e+00
52 0 +4.525219671e+01 +4.292196713e+00 +4.292196713e+00 -2.3641e-01 +8.2325e-01 +1.0773e-01 +3.0082e+00 -4.4083e+00
57 0 +3.663375551e+01 -4.326244487e+00 -4.326244487e+00 -2.3252e+00 +1.9407e+00 +1.9701e+00 +3.4072e+00 -4.4670e+00
63 0 +3.224281443e+01 -8.717185572e+00 -8.717185572e+00 +1.4732e+00 +4.7900e-01 -1.5385e+00 +6.0773e+00 -6.8404e+00
72 0 +2.890358312e+01 -1.205641688e+01 -1.205641688e+01 +2.1823e+00 +7.3963e-01 -8.5329e-01 +5.7300e+00 -8.3359e+00
77 0 +1.876794463e+01 -2.219205537e+01 -2.219205537e+01 -4.3514e-01 +2.1852e+00 +2.3667e+00 +9.6461e+00 -1.0392e+01
87 0 +1.793614829e+01 -2.302385171e+01 -2.302385171e+01 +1.7576e+00 +2.8717e+00 +1.5503e+00 +1.3306e+01 -1.3401e+01
88 0 +1.571338397e+01 -2.524661603e+01 -2.524661603e+01 -3.0633e+00 +5.5833e+00 +2.5808e+00 +6.4632e+00 -1.4201e+01
90 0 +1.931335194e+00 -3.902866481e+01 -3.902866481e+01 +4.3712e+00 +8.9830e+00 +4.5881e+00 +7.7948e+00 -8.7085e+00
98 0 +0.000000000e+00 -4.096000000e+01 -4.096000000e+01 +1.1704e+01 +8.7066e+00 +6.1090e+00 +6.5025e+00 -1.6740e+01
504 0 +0.000000000e+00 -4.096000000e+01 -4.096000000e+01 +1.1704e+01 +8.7066e+00 +6.1090e+00 +6.5025e+00 -1.6740e+01
