% f evaluations | g evaluations | best noise-free fitness - Fopt (1.000000000000e+03) + sum g_i+ | measured fitness | best measured fitness or single-digit g-values | x1 | x2...
1 0 +2.771565692e+02 +1.277156569e+03 +1.277156569e+03 +7.0953e-01 +7.0671e-02 -1.1612e-02 +3.8475e-01 +1.9882e-04 -1.9245e-01 -4.7533e-01 -3.5475e-01 +1.2376e-01 -1.2153e-01
2 0 +2.102639430e+02 +1.210263943e+03 +1.210263943e+03 +5.7084e-02 +3.0006e-01 +7.4393e-01 +4.5275e-01 +2.3696e-01 -2.1568e-01 -3.1178e-01 -3.6969e-01 +8.7712e-02 +2.0610e-01
23 0 +1.903226552e+02 +1.190322655e+03 +1.190322655e+03 +4.2484e-01 +6.2613e-01 +2.6915e-01 +6.0741e-01 +4.9260e-01 -2.7109e-01 -7.4540e-01 +1.1912e-01 -3.4488e-01 +3.9378e-01
39 0 +1.350211380e+02 +1.135021138e+03 +1.135021138e+03 +3.3192e-01 +9.0357e-01 +5.9537e-01 +1.7508e+00 -3.6052e-01 -1.4976e+00 -1.9098e-01 +6.8964e-01 +4.8060e-02 +2.5911e-01
44 0 +1.283063990e+02 +1.128306399e+03 +1.128306399e+03 +7.9910e-01 +7.1835e-01 +3.4413e-01 +2.3211e+00 -5.2915e-01 -1.5263e+00 -5.8476e-01 +5.9309e-01 -4.2592e-01 +4.4362e-01
91 0 +1.076881956e+02 +1.107688196e+03 +1.107688196e+03 +1.5888e-01 +2.1977e+00 +6.4842e-01 +2.4148e+00 +4.0891e-01 -2.9689e+00 -4.6471e-01 +1.9572e+00 -4.4935e-01 +1.3861e-01
176 0 +9.116837954e+01 +1.091168380e+03 +1.091168380e+03 -8.1542e-01 +2.0362e+00 +9.7730e-01 +3.1380e+00 +3.4044e-01 -3.4795e+00 -9.5116e-01 +3.9371e-01 -1.5482e+00 -2.4329e-01
238 0 +6.823657419e+01 +1.068236574e+03 +1.068236574e+03 -1.0393e+00 +2.0943e+00 +2.7591e+00 +2.4429e+00 +1.0848e+00 -3.5208e+00 -1.3376e+00 +1.3705e+00 -2.1906e+00 +1.6392e-01
512 0 +6.519683725e+01 +1.065196837e+03 +1.065196837e+03 -1.9413e+00 +2.1141e+00 +3.4509e+00 +3.5905e+00 +1.3415e+00 -4.1798e+00 +1.5825e-01 +2.7373e+00 -1.8796e+00 -1.2372e+00
519 0 +6.315144654e+01 +1.063151447e+03 +1.063151447e+03 -1.8855e+00 +2.3304e+00 +3.5054e+00 +3.5405e+00 +1.3089e+00 -4.2491e+00 +2.3971e-01 +2.7596e+00 -2.0181e+00 -1.2998e+00
520 0 +5.867012654e+01 +1.058670127e+03 +1.058670127e+03 -1.9108e+00 +2.2552e+00 +3.5232e+00 +3.6317e+00 +1.4300e+00 -4.0920e+00 +2.7032e-01 +2.8430e+00 -1.8447e+00 -1.3688e+00
551 0 +5.165676433e+01 +1.051656764e+03 +1.051656764e+03 -1.9767e+00 +2.2145e+00 +3.4957e+00 +3.5538e+00 +1.3946e+00 -4.2549e+00 +2.8452e-01 +2.8027e+00 -1.8522e+00 -1.4478e+00
554 0 +4.831549944e+01 +1.048315499e+03 +1.048315499e+03 -2.0686e+00 +2.1976e+00 +3.5320e+00 +3.5720e+00 +1.4502e+00 -4.1997e+00 +1.7621e-01 +2.9021e+00 -1.9384e+00 -1.3857e+00
613 0 +4.650939952e+01 +1.046509400e+03 +1.046509400e+03 -2.0324e+00 +2.2258e+00 +3.4893e+00 +3.5510e+00 +1.4137e+00 -4.2351e+00 +2.0209e-01 +2.8689e+00 -1.9331e+00 -1.2793e+00
618 0 +4.237302091e+01 +1.042373021e+03 +1.042373021e+03 -2.0344e+00 +2.2066e+00 +3.4247e+00 +3.6262e+00 +1.3249e+00 -4.2646e+00 +3.0153e-01 +2.8830e+00 -2.0385e+00 -1.3182e+00
631 0 +3.750250125e+01 +1.037502501e+03 +1.037502501e+03 -1.9853e+00 +2.1982e+00 +3.4517e+00 +3.5824e+00 +1.3440e+00 -4.2549e+00 +2.9307e-01 +2.8230e+00 -1.9781e+00 -1.3436e+00
653 0 +3.561192417e+01 +1.035611924e+03 +1.035611924e+03 -1.9910e+00 +2.2428e+00 +3.4075e+00 +3.5789e+00 +1.3828e+00 -4.2802e+00 +3.1775e-01 +2.8176e+00 -1.9773e+00 -1.3732e+00
693 0 +3.538149406e+01 +1.035381494e+03 +1.035381494e+03 -1.9969e+00 +2.2283e+00 +3.4482e+00 +3.5749e+00 +1.3901e+00 -4.2736e+00 +2.6304e-01 +2.8187e+00 -1.9459e+00 -1.3757e+00
714 0 +3.395175487e+01 +1.033951755e+03 +1.033951755e+03 -1.9972e+00 +2.2223e+00 +3.4378e+00 +3.5887e+00 +1.3795e+00 -4.2922e+00 +2.9679e-01 +2.8231e+00 -1.9522e+00 -1.3716e+00
727 0 +3.357039446e+01 +1.033570394e+03 +1.033570394e+03 -2.0101e+00 +2.2214e+00 +3.4350e+00 +3.5900e+00 +1.3735e+00 -4.2648e+00 +3.0401e-01 +2.8402e+00 -1.9474e+00 -1.3843e+00
739 0 +3.307038370e+01 +1.033070384e+03 +1.033070384e+03 -1.9961e+00 +2.2179e+00 +3.4318e+00 +3.5988e+00 +1.3773e+00 -4.2937e+00 +3.1520e-01 +2.8324e+00 -1.9396e+00 -1.3943e+00
787 0 +3.221296284e+01 +1.032212963e+03 +1.032212963e+03 -1.9969e+00 +2.2091e+00 +3.4088e+00 +3.6227e+00 +1.3577e+00 -4.2907e+00 +3.1812e-01 +2.8569e+00 -1.9354e+00 -1.3866e+00
1000 0 +3.185366250e+01 +1.031853663e+03 +1.031853663e+03 -2.0047e+00 +2.2025e+00 +3.3972e+00 +3.6331e+00 +1.3568e+00 -4.2936e+00 +3.2615e-01 +2.8643e+00 -1.9459e+00 -1.3993e+00
% f evaluations | g evaluations | best noise-free fitness - Fopt (7.003000000000e+01) + sum g_i+ | measured fitness | best measured fitness or single-digit g-values | x1 | x2...
1 0 +3.882659038e+02 +4.582959038e+02 +4.582959038e+02 +5.3377e-01 +2.5335e-02 -2.2789e-01 -1.4058e-01 -2.3814e-01 +4.0426e-01 -4.2522e-01 -5.1925e-01 -1.8792e-01 -4.5752e-02
2 0 +3.700448297e+02 +4.400748297e+02 +4.400748297e+02 -4.3433e-01 -1.5916e-01 -1.8731e-01 -1.2358e-01 -1.8760e-01 +4.6476e-01 +3.4736e-01 -7.0765e-01 -2.5322e-01 +3.7658e-01
4 0 +3.266653333e+02 +3.966953333e+02 +3.966953333e+02 -2.8129e-01 -2.3285e-01 -5.4970e-02 -1.0879e-01 -1.9911e-01 -4.9300e-01 -1.2784e-01 +1.5538e-01 -4.1405e-01 +5.2720e-01
18 0 +3.055533770e+02 +3.755833770e+02 +3.755833770e+02 -7.8060e-01 +1.7043e-01 -1.2792e-02 -1.4777e-01 +3.4957e-02 -3.4550e-01 +2.0511e-01 -4.9438e-02 -6.6435e-01 +2.8997e-01
20 0 +2.974782337e+02 +3.675082337e+02 +3.675082337e+02 -1.0744e-01 -4.2382e-01 -5.6421e-01 +4.3568e-02 -2.6938e-01 -5.2482e-02 +3.4911e-02 -2.5635e-01 -4.9489e-01 +9.5935e-01
37 0 +2.913156386e+02 +3.613456386e+02 +3.613456386e+02 -1.8381e-01 -5.1203e-01 -4.2136e-01 +2.6988e-01 +2.8257e-02 -3.5432e-01 +4.0429e-01 -5.3165e-01 -6.5059e-01 +8.9494e-01
52 0 +2.651788365e+02 +3.352088365e+02 +3.352088365e+02 +2.1574e-01 -4.6924e-01 -2.5830e-01 +7.6243e-01 +2.4403e-01 -1.1096e+00 +2.3910e-01 +2.8958e-01 -8.3787e-01 +2.2107e-01
71 0 +2.295419421e+02 +2.995719421e+02 +2.995719421e+02 -5.7676e-01 -4.3201e-01 -6.1254e-01 +2.1174e-01 +3.4214e-01 -1.4406e+00 +7.6869e-01 +3.2435e-02 -1.4903e+00 +8.5892e-02
77 0 +2.100774309e+02 +2.801074309e+02 +2.801074309e+02 +8.8161e-01 -6.8571e-01 -6.1973e-01 +5.3099e-01 +1.1783e-01 -9.7539e-01 +7.2839e-01 -1.9596e-01 -1.0745e+00 +2.4942e-01
82 0 +1.923897335e+02 +2.624197335e+02 +2.624197335e+02 +4.4002e-01 -4.6047e-01 -9.8115e-01 +1.6908e-01 -1.3170e-01 -7.9114e-01 +2.2997e-01 -1.4779e-01 -1.1587e+00 +7.8111e-01
93 0 +1.848553160e+02 +2.548853160e+02 +2.548853160e+02 +5.3024e-01 -1.6574e-01 -1.6435e+00 +6.2068e-01 +4.0034e-02 -1.6271e+00 -4.7524e-01 +2.6162e-02 -2.1120e+00 -5.0723e-02
123 0 +1.760648475e+02 +2.460948475e+02 +2.460948475e+02 +1.0110e-02 -3.4319e-01 -2.1715e+00 -4.1564e-01 -8.5412e-02 -1.1048e+00 -4.8446e-01 -2.0340e-01 -1.4459e+00 +4.4834e-01
131 0 +1.724910508e+02 +2.425210508e+02 +2.425210508e+02 +5.6149e-01 -1.1644e+00 -2.4489e+00 +4.5596e-01 +1.8186e-01 -1.6354e+00 -8.9889e-01 -1.3329e+00 -1.1667e+00 +5.7489e-01
141 0 +1.612953424e+02 +2.313253424e+02 +2.313253424e+02 +5.9010e-01 -1.6504e+00 -2.6822e+00 +2.1211e-01 +8.5754e-02 -2.2371e+00 -1.5826e+00 -1.1044e+00 -2.3063e+00 +4.4955e-01
142 0 +1.492561141e+02 +2.192861141e+02 +2.192861141e+02 -1.5122e-01 -1.5201e+00 -2.6939e+00 +1.3441e+00 +1.0553e+00 -2.0839e+00 +8.4964e-02 -8.4834e-01 -1.7588e+00 +1.2119e+00
146 0 +1.463850181e+02 +2.164150181e+02 +2.164150181e+02 -8.0073e-01 -1.1505e+00 -3.1805e+00 -4.9338e-01 +7.2108e-01 -1.2269e+00 -1.1765e+00 -1.0072e+00 -1.7723e+00 +8.4906e-01
159 0 +1.381824050e+02 +2.082124050e+02 +2.082124050e+02 -5.7674e-01 -1.3213e+00 -2.9537e+00 -6.5679e-01 +7.5075e-01 -2.5112e+00 -9.7060e-01 -6.8470e-01 -2.2353e+00 +1.5223e+00
170 0 +1.284018993e+02 +1.984318993e+02 +1.984318993e+02 -6.8218e-02 -1.8311e+00 -2.7376e+00 -5.6475e-01 -2.9967e-02 -2.6784e+00 -1.1609e+00 -1.9379e+00 -2.1028e+00 +7.6341e-01
182 0 +1.239969136e+02 +1.940269136e+02 +1.940269136e+02 -2.1491e-01 -2.3748e+00 -4.0315e+00 -3.0575e-01 +7.4745e-01 -4.1101e+00 -2.2089e+00 -2.1870e+00 -1.8752e+00 +2.2354e+00
188 0 +1.164585661e+02 +1.864885661e+02 +1.864885661e+02 +1.0423e-01 -1.9648e+00 -1.9843e+00 -1.0192e+00 +6.7205e-01 -3.9121e+00 -2.9905e+00 -6.0771e-01 -2.3554e+00 +1.1192e+00
193 0 +9.854770284e+01 +1.685777028e+02 +1.685777028e+02 -6.5874e-01 -2.8115e+00 -4.0547e+00 -2.1294e+00 +8.9182e-01 -3.1156e+00 -2.6451e+00 -1.0797e+00 -3.1070e+00 +1.8113e+00
245 0 +9.725166499e+01 +1.672816650e+02 +1.672816650e+02 -6.1312e-01 -2.5615e+00 -2.7018e+00 -2.0885e+00 +5.8038e-01 -4.0624e+00 -1.6219e+00 -9.4497e-01 -3.0021e+00 +2.5096e+00
305 0 +8.136979182e+01 +1.513997918e+02 +1.513997918e+02 -1.0783e+00 -2.4628e+00 -2.6625e+00 -3.7349e-01 +9.1776e-01 -3.5697e+00 -2.2271e+00 -4.6990e-01 -3.5148e+00 +1.4816e+00
437 0 +7.673037321e+01 +1.467603732e+02 +1.467603732e+02 -9.2734e-01 -2.5734e+00 -3.0746e+00 -1.1890e+00 +1.2095e+00 -3.3775e+00 -1.8448e+00 -9.3057e-01 -3.6058e+00 +1.5798e+00
468 0 +7.291958326e+01 +1.429495833e+02 +1.429495833e+02 -9.2322e-01 -2.5155e+00 -3.0753e+00 -1.1089e+00 +1.2118e+00 -3.2695e+00 -1.8844e+00 -9.9175e-01 -3.7083e+00 +1.6117e+00
491 0 +6.698756617e+01 +1.370175662e+02 +1.370175662e+02 -9.8585e-01 -2.5670e+00 -3.0071e+00 -1.1779e+00 +1.0908e+00 -3.3227e+00 -1.8725e+00 -9.0851e-01 -3.7776e+00 +1.6278e+00
511 0 +6.456230568e+01 +1.345923057e+02 +1.345923057e+02 -9.9092e-01 -2.5399e+00 -2.9977e+00 -1.2291e+00 +1.1188e+00 -3.3183e+00 -1.8288e+00 -9.2164e-01 -3.7736e+00 +1.6581e+00
521 0 +5.644359565e+01 +1.264735957e+02 +1.264735957e+02 -9.7565e-01 -2.5468e+00 -3.0399e+00 -1.2284e+00 +1.1157e+00 -3.3519e+00 -1.8357e+00 -9.2264e-01 -3.7490e+00 +1.6647e+00
528 0 +5.278820114e+01 +1.228182011e+02 +1.228182011e+02 -9.4909e-01 -2.5740e+00 -3.0565e+00 -1.2790e+00 +1.2115e+00 -3.3496e+00 -1.8695e+00 -8.8627e-01 -3.8310e+00 +1.6317e+00
542 0 +5.017836888e+01 +1.202083689e+02 +1.202083689e+02 -9.2619e-01 -2.5745e+00 -3.1012e+00 -1.2924e+00 +1.2203e+00 -3.3740e+00 -1.8447e+00 -8.9808e-01 -3.8032e+00 +1.6778e+00
557 0 +4.531476572e+01 +1.153447657e+02 +1.153447657e+02 -9.2902e-01 -2.5161e+00 -3.0659e+00 -1.2525e+00 +1.1654e+00 -3.4058e+00 -1.7927e+00 -8.9623e-01 -3.7713e+00 +1.6546e+00
599 0 +4.307971738e+01 +1.131097174e+02 +1.131097174e+02 -8.8416e-01 -2.5360e+00 -3.0722e+00 -1.3004e+00 +1.1553e+00 -3.4351e+00 -1.8105e+00 -8.6039e-01 -3.7852e+00 +1.6465e+00
608 0 +4.232689928e+01 +1.123568993e+02 +1.123568993e+02 -9.1405e-01 -2.5588e+00 -3.0927e+00 -1.2936e+00 +1.1613e+00 -3.4509e+00 -1.8034e+00 -8.8118e-01 -3.7958e+00 +1.6626e+00
620 0 +3.918747458e+01 +1.092174746e+02 +1.092174746e+02 -9.2384e-01 -2.5252e+00 -3.1164e+00 -1.3048e+00 +1.1496e+00 -3.4384e+00 -1.8006e+00 -8.6550e-01 -3.8017e+00 +1.6821e+00
653 0 +3.874247803e+01 +1.087724780e+02 +1.087724780e+02 -9.1565e-01 -2.5251e+00 -3.0897e+00 -1.2916e+00 +1.1303e+00 -3.4617e+00 -1.8083e+00 -8.6731e-01 -3.7895e+00 +1.6838e+00
660 0 +3.800378543e+01 +1.080337854e+02 +1.080337854e+02 -9.3548e-01 -2.5060e+00 -3.1108e+00 -1.3111e+00 +1.1388e+00 -3.4660e+00 -1.7970e+00 -8.8531e-01 -3.7858e+00 +1.6821e+00
671 0 +3.643147685e+01 +1.064614769e+02 +1.064614769e+02 -9.3266e-01 -2.4978e+00 -3.0937e+00 -1.3085e+00 +1.1278e+00 -3.4923e+00 -1.7975e+00 -8.8151e-01 -3.7940e+00 +1.6861e+00
722 0 +3.616094531e+01 +1.061909453e+02 +1.061909453e+02 -9.2337e-01 -2.4971e+00 -3.1106e+00 -1.3077e+00 +1.1182e+00 -3.4875e+00 -1.8022e+00 -8.6004e-01 -3.8063e+00 +1.6938e+00
763 0 +3.542441870e+01 +1.054544187e+02 +1.054544187e+02 -9.3058e-01 -2.4913e+00 -3.1080e+00 -1.3117e+00 +1.1057e+00 -3.5027e+00 -1.7996e+00 -8.6780e-01 -3.8006e+00 +1.6953e+00
807 0 +3.464153982e+01 +1.046715398e+02 +1.046715398e+02 -9.3346e-01 -2.4704e+00 -3.1063e+00 -1.3152e+00 +1.1013e+00 -3.5268e+00 -1.7889e+00 -8.6812e-01 -3.7922e+00 +1.6988e+00
896 0 +3.385905059e+01 +1.038890506e+02 +1.038890506e+02 -9.4304e-01 -2.4614e+00 -3.1239e+00 -1.3263e+00 +1.0910e+00 -3.5389e+00 -1.7796e+00 -8.6956e-01 -3.7958e+00 +1.6978e+00
1000 0 +3.329451226e+01 +1.033245123e+02 +1.033245123e+02 -9.4049e-01 -2.4525e+00 -3.1333e+00 -1.3293e+00 +1.0803e+00 -3.5576e+00 -1.7743e+00 -8.6451e-01 -3.7951e+00 +1.6873e+00
% f evaluations | g evaluations | best noise-free fitness - Fopt (-4.822000000000e+01) + sum g_i+ | measured fitness | best measured fitness or single-digit g-values | x1 | x2...
1 0 +5.776073231e+02 +5.293873231e+02 +5.293873231e+02 +8.7362e-02 -2.0482e-01 -3.7030e-02 +2.4657e-01 -2.8053e-01 +4.5178e-01 +3.2027e-01 -1.4909e-01 +4.6777e-02 +6.0067e-02
6 0 +5.638961260e+02 +5.156761260e+02 +5.156761260e+02 -6.7828e-01 -2.9981e-01 -1.3625e-01 -6.1269e-02 -4.4775e-01 -6.2894e-02 -2.1547e-01 +5.3985e-02 +2.0020e-01 -1.5800e-01
9 0 +5.367992847e+02 +4.885792847e+02 +4.885792847e+02 -3.3784e-01 -1.3475e-01 -9.3271e-02 +1.3757e-01 -5.3864e-01 -7.3311e-02 -4.3973e-01 -8.8327e-02 -7.3503e-02 +3.5738e-01
11 0 +5.142370428e+02 +4.660170428e+02 +4.660170428e+02 -7.6553e-01 -2.1681e-01 -1.8579e-01 -1.0438e-01 -3.3738e-01 +4.4979e-01 -8.9342e-02 -8.4263e-02 -4.1631e-02 +8.1381e-02
16 0 +3.832588922e+02 +3.350388922e+02 +3.350388922e+02 -3.7629e-01 -4.7362e-01 -3.6709e-01 +1.3222e-01 -8.7972e-01 +5.3284e-01 -4.4587e-01 +1.8269e-01 -4.6692e-01 +1.5686e-01
28 0 +3.439247128e+02 +2.957047128e+02 +2.957047128e+02 -5.0718e-01 -9.4248e-01 -5.6927e-01 +3.4770e-01 -6.5939e-01 +5.9464e-01 -6.0212e-01 -2.4843e-01 -3.0795e-01 -5.3582e-02
32 0 +2.829068915e+02 +2.346868915e+02 +2.346868915e+02 -5.1208e-01 -5.6580e-01 -8.1963e-01 +1.4960e-01 -8.8323e-01 +6.9760e-01 -5.8980e-01 -9.8889e-02 -7.0490e-01 +7.2905e-01
50 0 +2.746730444e+02 +2.264530444e+02 +2.264530444e+02 -7.3772e-01 -6.3166e-01 -1.4504e+00 +1.3991e-01 -1.2637e+00 +1.2995e+00 -2.3224e-01 +3.4501e-02 -3.2802e-01 +8.9483e-01
51 0 +2.333867573e+02 +1.851667573e+02 +1.851667573e+02 -1.4294e+00 -8.1805e-01 -7.9834e-01 -3.8189e-01 -1.5611e+00 +9.8087e-01 +2.8049e-02 -8.7265e-02 -1.4431e+00 +1.2893e+00
60 0 +1.902018013e+02 +1.419818013e+02 +1.419818013e+02 -1.4037e+00 -1.0629e+00 -8.6028e-01 +1.1084e+00 -1.4054e+00 +2.2017e+00 -9.7355e-02 +1.2546e-01 -1.3712e+00 +9.5414e-01
70 0 +1.831626536e+02 +1.349426536e+02 +1.349426536e+02 -1.2083e+00 -1.1050e+00 -1.3010e+00 +1.0611e+00 -1.3129e+00 +1.5278e+00 -8.6842e-02 +8.3086e-01 -1.4028e+00 +1.3354e+00
72 0 +1.401895689e+02 +9.196956885e+01 +9.196956885e+01 -1.7695e+00 -1.2620e+00 -8.7396e-01 +7.1692e-01 -2.4154e+00 +2.9634e+00 -9.0922e-01 +4.4909e-01 -1.6728e+00 +1.7374e+00
90 0 +1.320420338e+02 +8.382203376e+01 +8.382203376e+01 -1.1995e+00 -2.2252e+00 -1.0065e+00 +1.6406e+00 -3.3720e+00 +3.7795e+00 -2.5493e+00 +9.3848e-01 -2.1562e+00 +2.1361e+00
92 0 +1.054772559e+02 +5.725725591e+01 +5.725725591e+01 -1.5142e+00 -1.3478e+00 -1.3525e+00 +8.2382e-01 -2.1139e+00 +3.9155e+00 -1.3298e+00 +9.4499e-01 -1.7475e+00 +2.4918e+00
93 0 +9.861071097e+01 +5.039071097e+01 +5.039071097e+01 -1.8117e+00 -1.8606e+00 -3.9037e+00 +1.8068e-01 -3.7164e+00 +4.9796e+00 -2.5759e+00 -6.3994e-01 -1.7267e+00 +1.5421e+00
166 0 +8.185953430e+01 +3.363953430e+01 +3.363953430e+01 -3.5954e-01 -6.3075e-01 -2.4400e+00 +1.1154e+00 -2.1415e+00 +4.9966e+00 -2.9640e+00 +1.8999e+00 -2.2161e+00 +4.1640e+00
242 0 +7.247276223e+01 +2.425276223e+01 +2.425276223e+01 -2.6633e+00 -1.9728e+00 -7.8669e-01 +1.8481e-01 -3.5669e+00 +4.9837e+00 -3.2929e+00 +1.5213e+00 -3.0592e+00 +3.7840e+00
255 0 +5.287078618e+01 +4.650786175e+00 +4.650786175e+00 -1.8826e+00 -2.5014e+00 -1.1362e+00 -4.9531e-01 -2.9080e+00 +5.0131e+00 -3.4264e+00 +5.8970e-01 -1.9098e+00 +3.4331e+00
489 0 +3.685507079e+01 -1.136492921e+01 -1.136492921e+01 -1.9878e+00 -1.8008e+00 -1.8836e+00 +1.1213e-01 -3.2984e+00 +4.5585e+00 -3.7791e+00 +6.3384e-01 -2.0094e+00 +3.7686e+00
522 0 +3.496846296e+01 -1.325153704e+01 -1.325153704e+01 -1.8755e+00 -1.7651e+00 -1.7959e+00 -2.5839e-02 -3.2093e+00 +4.6021e+00 -3.8920e+00 +7.2675e-01 -1.9021e+00 +3.8680e+00
572 0 +2.949315400e+01 -1.872684600e+01 -1.872684600e+01 -1.8757e+00 -1.7041e+00 -1.8030e+00 -2.4923e-02 -3.2266e+00 +4.6406e+00 -3.8260e+00 +8.5900e-01 -1.8786e+00 +3.9284e+00
590 0 +2.813024972e+01 -2.008975028e+01 -2.008975028e+01 -1.8493e+00 -1.7185e+00 -1.7985e+00 -2.0377e-02 -3.2086e+00 +4.6154e+00 -3.8244e+00 +7.6371e-01 -1.8894e+00 +3.8988e+00
592 0 +2.184770713e+01 -2.637229287e+01 -2.637229287e+01 -1.9181e+00 -1.8045e+00 -1.8314e+00 -4.1498e-03 -3.2738e+00 +4.6873e+00 -3.8501e+00 +7.8847e-01 -1.9695e+00 +3.8839e+00
594 0 +1.992734722e+01 -2.829265278e+01 -2.829265278e+01 -1.8408e+00 -1.6790e+00 -1.7840e+00 +3.1430e-03 -3.2177e+00 +4.6888e+00 -3.7748e+00 +7.8501e-01 -1.8929e+00 +3.9370e+00
606 0 +1.812498443e+01 -3.009501557e+01 -3.009501557e+01 -1.8917e+00 -1.7322e+00 -1.7941e+00 +2.4452e-04 -3.2906e+00 +4.6850e+00 -3.8307e+00 +7.8853e-01 -1.8971e+00 +3.9221e+00
609 0 +1.771130649e+01 -3.050869351e+01 -3.050869351e+01 -1.9219e+00 -1.7467e+00 -1.7889e+00 -1.8756e-02 -3.2850e+00 +4.6656e+00 -3.8121e+00 +7.8750e-01 -1.9100e+00 +3.9252e+00
623 0 +1.629651244e+01 -3.192348756e+01 -3.192348756e+01 -1.9293e+00 -1.7679e+00 -1.8331e+00 +6.4963e-04 -3.2492e+00 +4.7076e+00 -3.7872e+00 +7.6117e-01 -1.9366e+00 +3.9002e+00
635 0 +1.614333259e+01 -3.207666741e+01 -3.207666741e+01 -1.9187e+00 -1.7550e+00 -1.8058e+00 -1.2310e-02 -3.2243e+00 +4.6726e+00 -3.7945e+00 +7.5568e-01 -1.9254e+00 +3.9178e+00
636 0 +1.334097088e+01 -3.487902912e+01 -3.487902912e+01 -1.9184e+00 -1.7705e+00 -1.7981e+00 +2.5564e-02 -3.2957e+00 +4.7033e+00 -3.7895e+00 +7.6084e-01 -1.9318e+00 +3.9105e+00
643 0 +1.316294072e+01 -3.505705928e+01 -3.505705928e+01 -1.9031e+00 -1.7552e+00 -1.8116e+00 +2.2180e-02 -3.2847e+00 +4.6727e+00 -3.7837e+00 +7.4685e-01 -1.9070e+00 +3.8912e+00
648 0 +1.208981032e+01 -3.613018968e+01 -3.613018968e+01 -1.9060e+00 -1.7536e+00 -1.7975e+00 +1.4815e-02 -3.2695e+00 +4.6821e+00 -3.7815e+00 +7.5001e-01 -1.9087e+00 +3.9022e+00
656 0 +1.163515342e+01 -3.658484658e+01 -3.658484658e+01 -1.9168e+00 -1.7348e+00 -1.8104e+00 +1.5930e-02 -3.2625e+00 +4.6990e+00 -3.7961e+00 +7.3910e-01 -1.9278e+00 +3.9237e+00
658 0 +1.036473065e+01 -3.785526935e+01 -3.785526935e+01 -1.9033e+00 -1.7477e+00 -1.7897e+00 +3.7373e-02 -3.2843e+00 +4.6997e+00 -3.7709e+00 +7.4015e-01 -1.8959e+00 +3.8691e+00
670 0 +9.157946270e+00 -3.906205373e+01 -3.906205373e+01 -1.8920e+00 -1.7265e+00 -1.7908e+00 +4.6192e-02 -3.2876e+00 +4.7124e+00 -3.7631e+00 +7.1526e-01 -1.9377e+00 +3.8702e+00
683 0 +8.541477489e+00 -3.967852251e+01 -3.967852251e+01 -1.8894e+00 -1.7406e+00 -1.7814e+00 +4.0144e-02 -3.2950e+00 +4.6978e+00 -3.7164e+00 +7.4546e-01 -1.9056e+00 +3.8871e+00
688 0 +8.321338433e+00 -3.989866157e+01 -3.989866157e+01 -1.9041e+00 -1.7326e+00 -1.7951e+00 +4.4549e-02 -3.2850e+00 +4.7081e+00 -3.7606e+00 +7.4421e-01 -1.9131e+00 +3.8811e+00
692 0 +7.889283722e+00 -4.033071628e+01 -4.033071628e+01 -1.8938e+00 -1.7283e+00 -1.8123e+00 +4.2934e-02 -3.2747e+00 +4.6986e+00 -3.7347e+00 +7.5822e-01 -1.9152e+00 +3.8852e+00
701 0 +7.712568547e+00 -4.050743145e+01 -4.050743145e+01 -1.8810e+00 -1.7257e+00 -1.8172e+00 +4.4866e-02 -3.3009e+00 +4.7046e+00 -3.7448e+00 +7.4332e-01 -1.9155e+00 +3.8941e+00
702 0 +7.475202092e+00 -4.074479791e+01 -4.074479791e+01 -1.8843e+00 -1.7355e+00 -1.8000e+00 +6.7148e-02 -3.2733e+00 +4.6931e+00 -3.7478e+00 +7.3717e-01 -1.9202e+00 +3.8767e+00
713 0 +7.287060709e+00 -4.093293929e+01 -4.093293929e+01 -1.8831e+00 -1.7196e+00 -1.8136e+00 +7.2975e-02 -3.3038e+00 +4.7051e+00 -3.7491e+00 +7.3528e-01 -1.9286e+00 +3.8802e+00
716 0 +6.477128436e+00 -4.174287156e+01 -4.174287156e+01 -1.8764e+00 -1.7226e+00 -1.8113e+00 +5.2473e-02 -3.2641e+00 +4.7026e+00 -3.7393e+00 +7.4036e-01 -1.9228e+00 +3.8813e+00
720 0 +6.391083714e+00 -4.182891629e+01 -4.182891629e+01 -1.8763e+00 -1.7186e+00 -1.7994e+00 +5.5542e-02 -3.2709e+00 +4.7016e+00 -3.7264e+00 +7.3794e-01 -1.9203e+00 +3.8875e+00
739 0 +6.178169296e+00 -4.204183070e+01 -4.204183070e+01 -1.8709e+00 -1.7225e+00 -1.8093e+00 +4.7676e-02 -3.2656e+00 +4.7160e+00 -3.7289e+00 +7.4546e-01 -1.9160e+00 +3.8809e+00
750 0 +5.744606512e+00 -4.247539349e+01 -4.247539349e+01 -1.8652e+00 -1.7199e+00 -1.8148e+00 +7.0523e-02 -3.2769e+00 +4.7099e+00 -3.7082e+00 +7.4110e-01 -1.9206e+00 +3.8719e+00
772 0 +5.285940054e+00 -4.293405995e+01 -4.293405995e+01 -1.8579e+00 -1.7181e+00 -1.8164e+00 +6.8638e-02 -3.2871e+00 +4.7168e+00 -3.7189e+00 +7.5599e-01 -1.9249e+00 +3.8747e+00
838 0 +5.229154008e+00 -4.299084599e+01 -4.299084599e+01 -1.8587e+00 -1.7158e+00 -1.8063e+00 +7.2976e-02 -3.2872e+00 +4.7179e+00 -3.7079e+00 +7.5487e-01 -1.9184e+00 +3.8747e+00
879 0 +5.104841464e+00 -4.311515854e+01 -4.311515854e+01 -1.8615e+00 -1.7196e+00 -1.8113e+00 +7.3370e-02 -3.2911e+00 +4.7161e+00 -3.7090e+00 +7.6124e-01 -1.9200e+00 +3.8711e+00
1000 0 +5.044922814e+00 -4.317507719e+01 -4.317507719e+01 -1.8608e+00 -1.7194e+00 -1.8132e+00 +7.5685e-02 -3.2903e+00 +4.7173e+00 -3.7048e+00 +7.6120e-01 -1.9137e+00 +3.8705e+00
% f evaluations | g evaluations | best noise-free fitness - Fopt (2.547000000000e+01) + sum g_i+ | measured fitness | best measured fitness or single-digit g-values | x1 | x2...
1 0 +3.562873332e+02 +3.817573332e+02 +3.817573332e+02 -3.1045e-02 +8.3358e-02 -1.1536e-01 -1.8908e-01 +1.6669e-01 +2.5203e-01 -4.7148e-01 +1.7711e-01 +1.8535e-01 +4.8163e-02
3 0 +2.983971932e+02 +3.238671932e+02 +3.238671932e+02 -4.4382e-01 -6.7135e-01 -2.6269e-01 -6.5443e-02 -2.8970e-01 +4.3615e-01 +6.8028e-01 -7.9766e-02 +5.1424e-02 -1.5544e-01
11 0 +2.918244342e+02 +3.172944342e+02 +3.172944342e+02 +2.9657e-01 -4.2276e-01 +5.0664e-01 -4.4684e-01 -2.2307e-01 +5.3509e-01 +6.2852e-02 +4.2156e-01 +4.5895e-01 -8.8161e-01
12 0 +2.708136984e+02 +2.962836984e+02 +2.962836984e+02 -5.0981e-01 -3.6647e-01 -2.5643e-01 -2.3456e-02 -3.4253e-01 +2.8252e-01 +5.0023e-01 -2.0644e-01 +2.2117e-01 +2.4185e-01
14 0 +2.630338845e+02 +2.885038845e+02 +2.885038845e+02 -4.8903e-01 +1.8505e-01 -1.2833e-01 +4.4677e-02 +1.1315e-01 +1.9179e-01 +6.8301e-01 +3.0042e-01 +4.5352e-02 -1.0540e-01
21 0 +2.571997792e+02 +2.826697792e+02 +2.826697792e+02 -9.3833e-01 -6.2830e-01 +1.5461e-01 -5.5120e-02 -5.0428e-01 +2.7167e-01 +7.8140e-01 +2.2944e-01 +2.3028e-01 +2.1568e-02
27 0 +2.098208720e+02 +2.352908720e+02 +2.352908720e+02 -7.4211e-01 -6.6701e-01 -2.1678e-01 -3.9078e-01 -6.9658e-01 +1.2777e-01 +4.0829e-01 +6.5785e-01 +1.8049e-01 +3.4799e-01
43 0 +1.499579639e+02 +1.754279639e+02 +1.754279639e+02 -1.7896e+00 -1.3815e+00 -9.2794e-01 -5.7935e-01 -3.6590e-01 +6.3572e-01 +6.1913e-01 +8.0806e-01 +4.5713e-01 -1.0055e-01
81 0 +1.223757254e+02 +1.478457254e+02 +1.478457254e+02 -2.6420e+00 -9.9364e-01 -1.6432e+00 -1.5645e+00 -1.2468e-01 +1.7605e+00 -1.9457e-01 +1.4203e+00 +2.3421e+00 +2.9550e-01
102 0 +1.142697780e+02 +1.397397780e+02 +1.397397780e+02 -2.2386e+00 -1.8079e+00 -8.1108e-01 -1.4762e+00 -7.0089e-01 +6.2968e-01 -1.4017e+00 +1.8022e+00 +2.2266e+00 +7.5452e-01
170 0 +1.121773301e+02 +1.376473301e+02 +1.376473301e+02 -4.3245e+00 -1.0029e+00 -1.6428e-01 -4.4718e+00 +1.0562e-01 -1.1421e+00 +1.0515e+00 +1.1710e+00 +3.2150e+00 -8.2576e-01
171 0 +7.977410286e+01 +1.052441029e+02 +1.052441029e+02 -3.9267e+00 -6.9960e-01 -3.8516e-01 -3.4320e+00 +7.8189e-01 -1.8628e+00 -2.3214e-01 -1.5625e-02 +2.8194e+00 +8.4396e-01
304 0 +6.875187594e+01 +9.422187594e+01 +9.422187594e+01 -4.0434e+00 -1.3369e+00 -8.6134e-02 -3.2459e+00 -1.8087e+00 -1.8248e+00 -1.5556e+00 -2.6142e-01 +3.1659e+00 -4.7316e-01
379 0 +6.566558459e+01 +9.113558459e+01 +9.113558459e+01 -4.6954e+00 -1.4985e+00 -1.2314e+00 -2.7002e+00 -2.1172e+00 -1.0355e+00 -6.3543e-01 +3.8501e-01 +2.7086e+00 -4.0760e-02
438 0 +5.607517243e+01 +8.154517243e+01 +8.154517243e+01 -4.1168e+00 -1.1387e+00 -7.0389e-01 -3.1831e+00 -1.6354e+00 -8.6845e-01 -2.5611e-01 -1.1203e-01 +3.0472e+00 -5.3580e-01
450 0 +5.352521280e+01 +7.899521280e+01 +7.899521280e+01 -4.1492e+00 -1.2438e+00 -5.5707e-01 -3.2375e+00 -1.3950e+00 -1.0131e+00 -1.8450e-01 -2.2036e-01 +2.9513e+00 -4.2033e-01
489 0 +5.094354377e+01 +7.641354377e+01 +7.641354377e+01 -4.1031e+00 -9.8623e-01 -5.7114e-01 -3.3461e+00 -1.5191e+00 -8.9826e-01 -2.8970e-01 -1.9129e-01 +3.0464e+00 -4.7790e-01
495 0 +3.827202522e+01 +6.374202522e+01 +6.374202522e+01 -4.1151e+00 -1.0265e+00 -4.7075e-01 -3.2659e+00 -1.4850e+00 -9.0989e-01 -2.1471e-01 -1.2211e-01 +3.0499e+00 -4.5072e-01
526 0 +3.349173836e+01 +5.896173836e+01 +5.896173836e+01 -4.0896e+00 -1.0978e+00 -5.7459e-01 -3.0905e+00 -1.4614e+00 -9.3594e-01 -1.4253e-01 -1.2235e-01 +3.0449e+00 -4.4251e-01
532 0 +2.632422130e+01 +5.179422130e+01 +5.179422130e+01 -4.0197e+00 -1.0371e+00 -6.4216e-01 -3.0793e+00 -1.4024e+00 -9.5633e-01 -1.3775e-01 -1.7777e-01 +3.0499e+00 -4.9081e-01
573 0 +2.587240453e+01 +5.134240453e+01 +5.134240453e+01 -4.0724e+00 -1.0712e+00 -5.9256e-01 -3.1166e+00 -1.4714e+00 -9.4138e-01 -7.2630e-02 -1.3888e-01 +3.0619e+00 -4.6630e-01
585 0 +2.457437002e+01 +5.004437002e+01 +5.004437002e+01 -4.0241e+00 -1.0810e+00 -5.5702e-01 -3.1179e+00 -1.4318e+00 -9.2876e-01 -1.1944e-01 -1.8934e-01 +3.0119e+00 -4.3913e-01
587 0 +2.227093937e+01 +4.774093937e+01 +4.774093937e+01 -4.0704e+00 -1.0941e+00 -5.7562e-01 -3.1216e+00 -1.4455e+00 -9.2997e-01 -1.0262e-01 -1.8550e-01 +3.0778e+00 -3.9559e-01
599 0 +1.945054101e+01 +4.492054101e+01 +4.492054101e+01 -4.0213e+00 -1.0744e+00 -5.6323e-01 -3.0777e+00 -1.4507e+00 -8.9935e-01 -1.0259e-01 -2.0572e-01 +3.0334e+00 -4.1237e-01
613 0 +1.716147474e+01 +4.263147474e+01 +4.263147474e+01 -4.0710e+00 -1.0710e+00 -5.5923e-01 -3.0904e+00 -1.4616e+00 -8.7445e-01 -2.4991e-02 -2.3350e-01 +3.0415e+00 -4.1193e-01
626 0 +1.575258664e+01 +4.122258664e+01 +4.122258664e+01 -4.0780e+00 -1.0388e+00 -5.8411e-01 -3.0791e+00 -1.4638e+00 -8.9581e-01 -3.1414e-02 -2.4046e-01 +3.0437e+00 -4.1276e-01
632 0 +1.495079562e+01 +4.042079562e+01 +4.042079562e+01 -4.0848e+00 -1.0199e+00 -5.5882e-01 -3.0946e+00 -1.4442e+00 -8.7681e-01 -4.7874e-02 -2.4816e-01 +3.0504e+00 -4.4147e-01
643 0 +1.375017674e+01 +3.922017674e+01 +3.922017674e+01 -4.0796e+00 -1.0568e+00 -5.6156e-01 -3.0521e+00 -1.4503e+00 -8.6635e-01 -4.9650e-02 -2.4491e-01 +3.0386e+00 -4.1680e-01
645 0 +1.342647654e+01 +3.889647654e+01 +3.889647654e+01 -4.0938e+00 -1.0078e+00 -5.7432e-01 -3.0381e+00 -1.4479e+00 -8.7250e-01 -5.3355e-03 -2.7687e-01 +3.0442e+00 -4.3850e-01
673 0 +1.207354402e+01 +3.754354402e+01 +3.754354402e+01 -4.0874e+00 -1.0208e+00 -5.7029e-01 -3.0460e+00 -1.4386e+00 -8.8524e-01 -5.1116e-02 -2.7619e-01 +3.0508e+00 -4.5498e-01
685 0 +1.197249662e+01 +3.744249662e+01 +3.744249662e+01 -4.0937e+00 -1.0147e+00 -5.5431e-01 -3.0515e+00 -1.4189e+00 -8.8144e-01 -6.7545e-02 -2.7971e-01 +3.0705e+00 -4.3977e-01
731 0 +1.148598130e+01 +3.695598130e+01 +3.695598130e+01 -4.0878e+00 -1.0445e+00 -5.8001e-01 -3.0415e+00 -1.4268e+00 -8.9248e-01 -6.5195e-02 -2.8467e-01 +3.0602e+00 -4.4286e-01
743 0 +1.142796309e+01 +3.689796309e+01 +3.689796309e+01 -4.0892e+00 -1.0369e+00 -5.8851e-01 -3.0515e+00 -1.4320e+00 -8.8422e-01 -5.0923e-02 -2.8733e-01 +3.0647e+00 -4.4113e-01
834 0 +1.117242891e+01 +3.664242891e+01 +3.664242891e+01 -4.0801e+00 -1.0392e+00 -5.8185e-01 -3.0480e+00 -1.4209e+00 -8.8061e-01 -5.2084e-02 -2.7098e-01 +3.0582e+00 -4.4006e-01
1000 0 +1.110601862e+01 +3.657601862e+01 +3.657601862e+01 -4.0835e+00 -1.0383e+00 -5.7879e-01 -3.0511e+00 -1.4179e+00 -8.8246e-01 -5.2808e-02 -2.7590e-01 +3.0573e+00 -4.4217e-01
% f evaluations | g evaluations | best noise-free fitness - Fopt (-1.008100000000e+02) + sum g_i+ | measured fitness | best measured fitness or single-digit g-values | x1 | x2...
1 0 +1.713770982e+02 +7.056709816e+01 +7.056709816e+01 +3.1407e-01 -9.2919e-02 -3.7017e-02 +4.0012e-01 +6.4145e-01 -4.3087e-02 -1.2297e-01 +5.5735e-01 +1.5035e-01 -6.2370e-02
2 0 +1.587087081e+02 +5.789870805e+01 +5.789870805e+01 +2.2870e-01 -6.6942e-01 +1.4441e-02 +6.0664e-01 +1.4687e-01 +1.7597e-01 -1.3878e-01 -2.0124e-01 -3.5556e-01 -2.3393e-01
5 0 +1.520673751e+02 +5.125737508e+01 +5.125737508e+01 +2.3686e-01 +3.0013e-01 +1.1752e-01 -6.7723e-01 -1.7713e-01 +3.9604e-02 -8.1706e-02 -4.5499e-01 +2.3970e-01 +3.6090e-01
24 0 +1.473547041e+02 +4.654470412e+01 +4.654470412e+01 +1.8345e-01 +3.9602e-03 +2.8128e-01 -3.7103e-01 -3.2596e-01 -2.0620e-01 -3.3223e-01 -1.0612e-01 -1.0496e-01 -6.2079e-02
28 0 +1.377002995e+02 +3.689029949e+01 +3.689029949e+01 +4.9982e-01 -3.1786e-01 +1.1979e-01 -1.9440e-01 +1.1534e-01 +8.1325e-02 +1.4861e-01 -2.5739e-01 -2.8696e-01 +2.1460e-01
51 0 +1.314314543e+02 +3.062145427e+01 +3.062145427e+01 +1.3490e-01 +3.8602e-01 -4.3795e-01 -8.1413e-02 -5.0523e-03 -7.4524e-02 -3.5989e-01 +5.2525e-01 -3.2955e-01 +4.7867e-01
67 0 +1.208347973e+02 +2.002479731e+01 +2.002479731e+01 +1.2707e-01 +3.3324e-01 -5.4888e-01 -3.9046e-01 +4.2665e-02 -2.2149e-02 -3.7884e-01 +4.5483e-01 -7.4274e-01 +6.7419e-01
72 0 +9.535012715e+01 -5.459872850e+00 -5.459872850e+00 +2.7803e-01 +2.7239e-01 -5.5967e-01 -4.4967e-01 +2.2638e-01 +1.7220e-02 -4.2641e-01 +4.4372e-01 -6.6691e-01 +8.0130e-01
147 0 +8.373854598e+01 -1.707145402e+01 -1.707145402e+01 +7.6429e-01 +1.5436e-01 -1.0195e+00 +6.8343e-01 +4.2065e-01 -3.8699e-01 -6.5122e-01 +1.3809e+00 -1.8936e+00 +4.9941e-01
279 0 +7.783631036e+01 -2.297368964e+01 -2.297368964e+01 +7.5051e-01 +1.7540e-01 -1.0194e+00 -1.0452e+00 +1.3009e-01 -1.4157e-01 -4.0799e-01 +2.1978e+00 -1.9974e+00 +2.7164e-01
352 0 +5.719118959e+01 -4.361881041e+01 -4.361881041e+01 +6.2108e-01 +2.9160e-01 -5.1063e-01 -8.6330e-01 +3.8059e-01 -1.7112e-01 -2.6642e-01 +2.0372e+00 -1.8225e+00 -3.4848e-01
381 0 +5.389549442e+01 -4.691450558e+01 -4.691450558e+01 +7.0408e-01 +3.2210e-01 -5.0701e-01 -7.9041e-01 +3.7492e-01 -8.6030e-02 -2.9102e-01 +2.1146e+00 -1.8330e+00 -3.4215e-01
405 0 +4.845189621e+01 -5.235810379e+01 -5.235810379e+01 +6.5945e-01 +4.1565e-01 -5.5314e-01 -8.6364e-01 +3.8812e-01 -2.4469e-01 -2.2722e-01 +2.1556e+00 -1.8850e+00 -1.7636e-01
449 0 +4.124934685e+01 -5.956065315e+01 -5.956065315e+01 +6.9488e-01 +3.3863e-01 -5.0584e-01 -8.0279e-01 +4.0072e-01 -1.9107e-01 -2.7360e-01 +2.1628e+00 -1.9348e+00 -3.3576e-01
512 0 +4.069782450e+01 -6.011217550e+01 -6.011217550e+01 +6.2861e-01 +3.7561e-01 -5.3935e-01 -7.8589e-01 +4.4022e-01 -2.0472e-01 -2.6784e-01 +2.1400e+00 -1.9306e+00 -3.4340e-01
523 0 +3.922003639e+01 -6.158996361e+01 -6.158996361e+01 +6.5190e-01 +3.4603e-01 -5.3694e-01 -8.0519e-01 +4.4059e-01 -2.0946e-01 -2.2903e-01 +2.1591e+00 -1.9292e+00 -3.2753e-01
531 0 +3.877326626e+01 -6.203673374e+01 -6.203673374e+01 +6.5560e-01 +3.3278e-01 -5.4400e-01 -8.1945e-01 +4.1714e-01 -2.1634e-01 -2.7756e-01 +2.1530e+00 -1.9384e+00 -3.1301e-01
544 0 +3.777324554e+01 -6.303675446e+01 -6.303675446e+01 +6.6852e-01 +3.4132e-01 -5.2976e-01 -8.1651e-01 +4.2423e-01 -1.9779e-01 -2.3864e-01 +2.1404e+00 -1.9152e+00 -3.1585e-01
572 0 +3.696292274e+01 -6.384707726e+01 -6.384707726e+01 +6.5802e-01 +3.4091e-01 -5.3644e-01 -8.0005e-01 +4.2422e-01 -1.9846e-01 -2.5573e-01 +2.1444e+00 -1.9205e+00 -3.1790e-01
588 0 +3.545760800e+01 -6.535239200e+01 -6.535239200e+01 +6.4139e-01 +3.4143e-01 -5.1677e-01 -8.0665e-01 +4.2599e-01 -1.9978e-01 -2.4212e-01 +2.1384e+00 -1.9240e+00 -2.9849e-01
713 0 +3.466192522e+01 -6.614807478e+01 -6.614807478e+01 +6.4126e-01 +3.5500e-01 -5.1949e-01 -7.8729e-01 +4.3743e-01 -2.0099e-01 -2.4110e-01 +2.1124e+00 -1.9185e+00 -2.8650e-01
942 0 +3.388270174e+01 -6.692729826e+01 -6.692729826e+01 +6.3148e-01 +3.6376e-01 -5.0499e-01 -7.8128e-01 +4.5086e-01 -2.1354e-01 -2.3537e-01 +2.1199e+00 -1.9273e+00 -2.6931e-01
1000 0 +3.357232711e+01 -6.723767289e+01 -6.723767289e+01 +6.2834e-01 +3.7071e-01 -5.0025e-01 -7.7771e-01 +4.5724e-01 -2.2118e-01 -2.3220e-01 +2.1263e+00 -1.9334e+00 -2.6237e-01
% f evaluations | g evaluations | best noise-free fitness - Fopt (-3.531300000000e+02) + sum g_i+ | measured fitness | best measured fitness or single-digit g-values | x1 | x2...
1 0 +3.624871325e+02 +9.357132508e+00 +9.357132508e+00 -8.1113e-02 +6.2968e-02 +5.4457e-01 +2.3150e-01 -3.4578e-02 -2.9810e-01 +2.2988e-01 -3.5258e-01 +5.0857e-01 -8.8980e-02
2 0 +2.829279162e+02 -7.020208381e+01 -7.020208381e+01 -5.9257e-01 -1.9283e-01 -1.7474e-01 -4.0843e-02 +1.9276e-01 +3.6531e-02 -1.6905e-01 +1.9668e-01 +6.1751e-01 -1.2805e-01
5 0 +2.544831522e+02 -9.864684777e+01 -9.864684777e+01 -6.1975e-02 -6.6279e-02 -3.4276e-01 +1.5806e-01 +6.4964e-01 +3.0108e-01 -1.4243e-01 +7.5303e-01 -5.2463e-01 -3.8086e-01
14 0 +2.256739146e+02 -1.274560854e+02 -1.274560854e+02 -6.0978e-01 -2.9232e-01 -3.7194e-01 -2.0403e-01 +4.2893e-01 +8.5642e-01 +3.7786e-01 +6.2712e-01 +3.2839e-01 -4.8624e-01
29 0 +2.122664084e+02 -1.408635916e+02 -1.408635916e+02 -3.6348e-01 -1.8599e-01 -4.8441e-01 -5.6548e-01 +4.1811e-01 +7.2139e-01 +2.4785e-01 +6.6087e-01 +2.8503e-01 -9.7730e-02
45 0 +1.782502429e+02 -1.748797571e+02 -1.748797571e+02 -1.5150e+00 +1.1475e-01 -2.3605e-01 +1.1255e-04 +2.1594e-01 +2.1095e-01 -3.4253e-01 +7.4560e-01 -1.1477e-01 +3.2789e-01
88 0 +1.615520163e+02 -1.915779837e+02 -1.915779837e+02 -1.0199e+00 +3.8085e-01 -1.7871e+00 -1.0052e+00 +6.4535e-01 -2.9796e-01 -1.1042e+00 +1.6743e+00 -3.1709e-01 +1.0438e+00
91 0 +1.355387316e+02 -2.175912684e+02 -2.175912684e+02 -8.2064e-01 +6.2633e-03 -1.1193e+00 -1.4230e+00 +4.3293e-01 +4.4316e-01 -8.2784e-01 +8.8073e-01 +1.2185e-01 +1.3975e+00
111 0 +1.295633480e+02 -2.235666520e+02 -2.235666520e+02 -1.6334e+00 +9.7334e-01 -1.4729e+00 -9.7290e-01 +4.3596e-01 -4.6644e-01 -1.1834e+00 +1.2081e+00 -3.5392e-01 +1.6592e+00
126 0 +1.068577773e+02 -2.462722227e+02 -2.462722227e+02 -2.1019e+00 +1.8166e-01 -1.7016e+00 -1.2394e+00 +7.9374e-01 -4.9788e-01 -1.3262e+00 +2.0298e+00 -8.0831e-01 +1.6615e+00
212 0 +9.316846585e+01 -2.599615341e+02 -2.599615341e+02 -2.2981e+00 +4.3614e-01 -3.2826e+00 -2.1645e+00 +4.7324e-01 -1.8073e+00 -2.2104e+00 +2.1692e+00 +1.1473e+00 +3.3519e+00
225 0 +8.864352212e+01 -2.644864779e+02 -2.644864779e+02 -2.3957e+00 -1.1969e-01 -2.4673e+00 -2.6358e+00 +3.0416e-01 -1.5075e+00 -1.5811e+00 +1.6793e+00 +7.9492e-01 +3.2925e+00
233 0 +8.394377646e+01 -2.691862235e+02 -2.691862235e+02 -2.0324e+00 -5.3748e-01 -2.8989e+00 -2.5846e+00 +3.0697e-01 -6.3077e-01 -2.0526e+00 +1.9609e+00 +1.1817e+00 +2.3204e+00
305 0 +7.925310352e+01 -2.738768965e+02 -2.738768965e+02 -1.4455e+00 +3.5381e-01 -3.3872e+00 -2.9432e+00 +4.3233e-01 -1.3652e+00 -1.3095e+00 +1.6857e+00 +1.2629e+00 +2.4097e+00
424 0 +7.727353983e+01 -2.758564602e+02 -2.758564602e+02 -1.2651e+00 +1.1941e+00 -3.3542e+00 -2.5268e+00 +5.2618e-02 -1.6733e+00 -1.6762e+00 +2.1936e+00 +1.5201e+00 +3.3745e+00
437 0 +7.347256081e+01 -2.796574392e+02 -2.796574392e+02 -1.1867e+00 +1.1629e+00 -3.1516e+00 -2.5211e+00 -2.3496e-02 -1.7814e+00 -1.5321e+00 +2.2687e+00 +1.3086e+00 +3.5214e+00
458 0 +7.177748776e+01 -2.813525122e+02 -2.813525122e+02 -1.3569e+00 +1.1184e+00 -3.0761e+00 -2.6523e+00 +9.0305e-03 -1.6844e+00 -1.7660e+00 +2.0488e+00 +1.3329e+00 +3.5451e+00
459 0 +6.572969913e+01 -2.874003009e+02 -2.874003009e+02 -1.0952e+00 +1.1209e+00 -3.1806e+00 -2.5100e+00 +1.9156e-01 -1.6846e+00 -1.6478e+00 +1.9793e+00 +1.5318e+00 +3.3775e+00
466 0 +5.273162794e+01 -3.003983721e+02 -3.003983721e+02 -1.2860e+00 +1.1217e+00 -3.1384e+00 -2.5516e+00 +9.1110e-02 -1.6157e+00 -1.6204e+00 +1.9676e+00 +1.5771e+00 +3.3760e+00
519 0 +4.706556374e+01 -3.060644363e+02 -3.060644363e+02 -1.2976e+00 +1.0260e+00 -3.2381e+00 -2.5523e+00 +3.4026e-01 -1.5954e+00 -1.6889e+00 +1.9981e+00 +1.6191e+00 +3.3353e+00
523 0 +4.661953394e+01 -3.065104661e+02 -3.065104661e+02 -1.3013e+00 +1.0703e+00 -3.2747e+00 -2.4932e+00 +2.7966e-01 -1.6312e+00 -1.7022e+00 +2.0080e+00 +1.5829e+00 +3.3356e+00
529 0 +3.851247922e+01 -3.146175208e+02 -3.146175208e+02 -1.3289e+00 +1.0463e+00 -3.2565e+00 -2.5913e+00 +3.5232e-01 -1.5697e+00 -1.6628e+00 +1.9766e+00 +1.6130e+00 +3.3950e+00
549 0 +3.784671855e+01 -3.152832815e+02 -3.152832815e+02 -1.2796e+00 +1.0817e+00 -3.2064e+00 -2.5143e+00 +2.8889e-01 -1.6192e+00 -1.6733e+00 +1.9548e+00 +1.5947e+00 +3.3691e+00
571 0 +3.418370152e+01 -3.189462985e+02 -3.189462985e+02 -1.2539e+00 +1.0566e+00 -3.2255e+00 -2.5594e+00 +2.9411e-01 -1.6334e+00 -1.6485e+00 +1.9531e+00 +1.6492e+00 +3.3414e+00
581 0 +3.288638967e+01 -3.202436103e+02 -3.202436103e+02 -1.2539e+00 +1.0500e+00 -3.3014e+00 -2.5706e+00 +3.1237e-01 -1.6169e+00 -1.6888e+00 +1.9508e+00 +1.6637e+00 +3.3229e+00
607 0 +3.196286706e+01 -3.211671329e+02 -3.211671329e+02 -1.2951e+00 +1.0792e+00 -3.2925e+00 -2.5859e+00 +3.0455e-01 -1.5964e+00 -1.6856e+00 +1.9678e+00 +1.6160e+00 +3.3470e+00
631 0 +3.130887240e+01 -3.218211276e+02 -3.218211276e+02 -1.2565e+00 +1.0571e+00 -3.2819e+00 -2.6002e+00 +2.8674e-01 -1.6422e+00 -1.6890e+00 +1.9383e+00 +1.6555e+00 +3.3534e+00
653 0 +3.032945889e+01 -3.228005411e+02 -3.228005411e+02 -1.2565e+00 +1.0528e+00 -3.3140e+00 -2.6085e+00 +3.1337e-01 -1.6264e+00 -1.6800e+00 +1.9626e+00 +1.6528e+00 +3.3553e+00
703 0 +3.010810551e+01 -3.230218945e+02 -3.230218945e+02 -1.2487e+00 +1.0617e+00 -3.3101e+00 -2.6032e+00 +3.0773e-01 -1.6222e+00 -1.6756e+00 +1.9622e+00 +1.6275e+00 +3.3744e+00
752 0 +2.935194055e+01 -3.237780594e+02 -3.237780594e+02 -1.2578e+00 +1.0627e+00 -3.3239e+00 -2.5863e+00 +3.2306e-01 -1.6051e+00 -1.6668e+00 +1.9662e+00 +1.6277e+00 +3.3689e+00
824 0 +2.882330687e+01 -3.243066931e+02 -3.243066931e+02 -1.2537e+00 +1.0696e+00 -3.3322e+00 -2.5590e+00 +3.1907e-01 -1.6063e+00 -1.6599e+00 +1.9803e+00 +1.5971e+00 +3.3788e+00
916 0 +2.814900631e+01 -3.249809937e+02 -3.249809937e+02 -1.2484e+00 +1.0628e+00 -3.3681e+00 -2.5402e+00 +3.2710e-01 -1.6036e+00 -1.6533e+00 +1.9916e+00 +1.5892e+00 +3.3740e+00
1000 0 +2.759944256e+01 -3.255305574e+02 -3.255305574e+02 -1.2388e+00 +1.0736e+00 -3.4001e+00 -2.5176e+00 +3.2553e-01 -1.6023e+00 -1.6415e+00 +2.0090e+00 +1.5652e+00 +3.3766e+00
% f evaluations | g evaluations | best noise-free fitness - Fopt (8.716000000000e+01) + sum g_i+ | measured fitness | best measured fitness or single-digit g-values | x1 | x2...
1 0 +4.681252186e+02 +5.552852186e+02 +5.552852186e+02 +1.5129e-01 -4.6622e-01 -3.5739e-01 -6.1347e-01 +1.4719e-01 +2.2988e-01 +6.4335e-01 +8.2055e-02 -1.0977e-01 +6.3579e-01
2 0 +3.950325840e+02 +4.821925840e+02 +4.821925840e+02 -3.9198e-01 -9.3553e-02 +2.8824e-01 +1.8555e-01 +1.5011e-01 -3.7483e-01 -2.6507e-01 -2.3208e-01 +1.5425e-01 -6.6737e-02
3 0 +3.873548286e+02 +4.745148286e+02 +4.745148286e+02 +2.6836e-02 +3.0510e-01 +1.2081e-01 +1.5258e-02 -4.0664e-01 +9.8544e-02 +2.6980e-01 -1.4278e-01 +8.5928e-02 -1.2089e-02
4 0 +3.569243216e+02 +4.440843216e+02 +4.440843216e+02 +1.9314e-01 +1.9763e-01 -1.4292e-01 -1.3287e-01 -2.5401e-01 +2.9346e-01 +1.0460e-01 -2.9888e-01 +2.0522e-01 -4.9544e-02
6 0 +3.494620233e+02 +4.366220233e+02 +4.366220233e+02 +1.4073e-01 +1.9628e-01 +5.6591e-02 +9.9002e-03 -3.7397e-02 -4.1054e-01 +2.0854e-03 +8.5493e-02 -6.8443e-02 -6.6142e-01
10 0 +2.977198166e+02 +3.848798166e+02 +3.848798166e+02 +4.9951e-01 +9.7026e-02 -3.9843e-01 -1.4403e-01 -3.3210e-01 +1.8341e-01 -8.1901e-02 +3.1507e-01 -7.8607e-02 -9.8178e-02
22 0 +2.546904420e+02 +3.418504420e+02 +3.418504420e+02 +3.7169e-01 +2.5903e-01 -6.9024e-01 +4.2886e-02 -1.2245e-01 -2.8177e-02 -1.9022e-01 +5.0268e-01 +1.1734e-01 -4.3631e-01
28 0 +2.469281984e+02 +3.340881984e+02 +3.340881984e+02 +3.3623e-01 +1.1554e-01 -5.9792e-01 +1.4340e-01 +4.0390e-01 +4.0692e-01 -3.1618e-01 +5.6516e-01 +1.9953e-01 -3.2444e-01
38 0 +2.449207475e+02 +3.320807475e+02 +3.320807475e+02 +8.6517e-01 -1.6867e-01 -3.7818e-01 +2.8740e-01 +1.4269e-01 +5.0798e-01 -4.8427e-01 +1.0111e+00 -6.7011e-01 -7.3193e-01
43 0 +2.279514424e+02 +3.151114424e+02 +3.151114424e+02 +4.4434e-01 +4.7697e-02 -5.1917e-01 +2.6564e-01 +2.8473e-01 -2.8206e-01 -2.1953e-01 +1.0047e+00 -9.5194e-02 -7.2218e-01
54 0 +2.090955435e+02 +2.962555435e+02 +2.962555435e+02 +4.1582e-01 +2.9681e-01 -4.3274e-01 +6.5824e-01 -3.7848e-01 -1.6907e-01 -4.0823e-01 +9.8055e-01 -5.8723e-01 -4.9573e-01
67 0 +1.546666938e+02 +2.418266938e+02 +2.418266938e+02 +5.8685e-01 +1.0708e+00 -9.4002e-01 -5.9516e-02 -4.7099e-01 -4.3659e-01 -3.5533e-01 +1.0275e+00 -3.5540e-01 -6.7466e-01
97 0 +1.448065747e+02 +2.319665747e+02 +2.319665747e+02 +1.1026e+00 +1.2080e+00 -1.3118e+00 +4.9065e-01 +1.2733e-01 -1.5338e+00 +4.5671e-01 +1.9327e+00 +4.8879e-01 -4.6511e-01
103 0 +1.212618558e+02 +2.084218558e+02 +2.084218558e+02 +1.3840e+00 +9.2741e-01 -1.7930e+00 +8.9291e-01 -4.2849e-01 -1.1202e+00 -5.8085e-01 +2.7295e+00 +2.6138e-01 -1.3214e+00
108 0 +1.028356964e+02 +1.899956964e+02 +1.899956964e+02 +1.8407e+00 +1.2045e+00 -1.0781e+00 +3.0406e-01 +8.2382e-01 -6.3791e-01 +3.5403e-01 +2.2543e+00 -5.1398e-01 -5.7236e-01
113 0 +9.454513021e+01 +1.817051302e+02 +1.817051302e+02 +2.0146e+00 +2.3081e+00 -2.6956e+00 +5.4930e-01 +4.1510e-02 -1.1374e+00 -8.0300e-01 +3.5741e+00 -1.4552e+00 -1.2984e+00
142 0 +6.961795830e+01 +1.567779583e+02 +1.567779583e+02 +2.1439e+00 +4.3861e-01 -2.4655e+00 +2.6329e+00 +4.1973e-01 -1.8195e+00 +9.0732e-01 +2.0801e+00 -1.0175e+00 -7.1723e-01
250 0 +6.798933393e+01 +1.551493339e+02 +1.551493339e+02 +2.3124e+00 +2.7513e-01 -2.4621e+00 +4.6054e+00 +9.2225e-01 -8.7761e-01 +1.6264e+00 +2.4333e+00 -1.5712e+00 +6.1383e-01
384 0 +6.671156883e+01 +1.538715688e+02 +1.538715688e+02 +2.6868e+00 +1.6851e+00 -1.8016e+00 +3.3649e+00 +8.5242e-01 -3.8984e-01 +8.5926e-01 +2.8565e+00 -1.9357e+00 +1.7954e-01
395 0 +6.231994510e+01 +1.494799451e+02 +1.494799451e+02 +2.6163e+00 +1.2104e+00 -1.3305e+00 +3.9421e+00 +1.2352e+00 -2.0094e-01 +6.9028e-01 +2.9317e+00 -1.9742e+00 +8.1365e-02
413 0 +4.554092726e+01 +1.327009273e+02 +1.327009273e+02 +2.6570e+00 +1.5599e+00 -1.4345e+00 +3.7107e+00 +9.2844e-01 -3.0708e-01 +8.5506e-01 +3.0097e+00 -1.9757e+00 +8.2389e-02
523 0 +4.212450257e+01 +1.292845026e+02 +1.292845026e+02 +2.6727e+00 +1.2089e+00 -1.7409e+00 +4.0394e+00 +9.8491e-01 -2.6312e-01 +5.1922e-01 +2.8473e+00 -1.9270e+00 -5.1819e-02
532 0 +3.947369073e+01 +1.266336907e+02 +1.266336907e+02 +2.6160e+00 +1.1946e+00 -1.7886e+00 +4.1124e+00 +9.4481e-01 -2.6598e-01 +4.9641e-01 +2.8746e+00 -1.9579e+00 -6.3478e-02
540 0 +3.788086658e+01 +1.250408666e+02 +1.250408666e+02 +2.6611e+00 +1.4259e+00 -1.7534e+00 +3.9754e+00 +8.5828e-01 -3.4663e-01 +5.3244e-01 +2.8822e+00 -1.9502e+00 -8.8395e-02
545 0 +2.855879586e+01 +1.157187959e+02 +1.157187959e+02 +2.6123e+00 +1.2918e+00 -1.8007e+00 +4.0391e+00 +9.2934e-01 -3.1371e-01 +5.4785e-01 +2.8542e+00 -1.9939e+00 -1.2068e-01
588 0 +2.643497160e+01 +1.135949716e+02 +1.135949716e+02 +2.6236e+00 +1.3155e+00 -1.7548e+00 +3.9560e+00 +8.9887e-01 -4.0437e-01 +5.3245e-01 +2.9025e+00 -1.9926e+00 -7.3739e-02
596 0 +2.353455532e+01 +1.106945553e+02 +1.106945553e+02 +2.6210e+00 +1.3694e+00 -1.7424e+00 +3.8963e+00 +9.2490e-01 -4.3466e-01 +5.3538e-01 +2.9374e+00 -1.9812e+00 -8.2481e-02
597 0 +2.215073076e+01 +1.093107308e+02 +1.093107308e+02 +2.6003e+00 +1.3599e+00 -1.7296e+00 +3.9625e+00 +9.5207e-01 -4.0780e-01 +5.1555e-01 +2.9465e+00 -1.9936e+00 -9.8803e-02
616 0 +1.870236918e+01 +1.058623692e+02 +1.058623692e+02 +2.5810e+00 +1.3291e+00 -1.8016e+00 +3.9358e+00 +9.1264e-01 -3.5271e-01 +5.0845e-01 +2.9279e+00 -1.9617e+00 -7.2292e-02
617 0 +1.844528114e+01 +1.056052811e+02 +1.056052811e+02 +2.5617e+00 +1.3424e+00 -1.7536e+00 +3.9147e+00 +9.6305e-01 -4.2374e-01 +5.1370e-01 +2.9538e+00 -2.0004e+00 -8.3471e-02
640 0 +1.786226225e+01 +1.050222623e+02 +1.050222623e+02 +2.5627e+00 +1.3063e+00 -1.8336e+00 +3.9069e+00 +9.2837e-01 -3.7647e-01 +5.3435e-01 +2.9316e+00 -1.9808e+00 -6.8739e-02
646 0 +1.662101555e+01 +1.037810155e+02 +1.037810155e+02 +2.5791e+00 +1.3408e+00 -1.8047e+00 +3.9138e+00 +9.6579e-01 -3.6757e-01 +5.1886e-01 +2.9594e+00 -1.9760e+00 -8.7561e-02
647 0 +1.642863355e+01 +1.035886335e+02 +1.035886335e+02 +2.5606e+00 +1.3451e+00 -1.8106e+00 +3.9381e+00 +9.5314e-01 -3.6284e-01 +5.3442e-01 +2.9262e+00 -2.0010e+00 -1.1087e-01
677 0 +1.593686820e+01 +1.030968682e+02 +1.030968682e+02 +2.5423e+00 +1.3407e+00 -1.8064e+00 +3.9056e+00 +9.4630e-01 -4.0778e-01 +5.2907e-01 +2.9540e+00 -1.9758e+00 -9.2251e-02
685 0 +1.545348473e+01 +1.026134847e+02 +1.026134847e+02 +2.5397e+00 +1.3345e+00 -1.8223e+00 +3.9165e+00 +9.4879e-01 -3.9765e-01 +5.2145e-01 +2.9323e+00 -2.0064e+00 -8.0252e-02
702 0 +1.493969885e+01 +1.020996988e+02 +1.020996988e+02 +2.5379e+00 +1.3188e+00 -1.8230e+00 +3.9142e+00 +9.5838e-01 -3.9933e-01 +5.2551e-01 +2.9560e+00 -2.0001e+00 -9.3924e-02
707 0 +1.478298656e+01 +1.019429866e+02 +1.019429866e+02 +2.5310e+00 +1.3304e+00 -1.8212e+00 +3.9242e+00 +9.4843e-01 -3.8792e-01 +5.2625e-01 +2.9438e+00 -2.0035e+00 -9.3487e-02
710 0 +1.439501723e+01 +1.015550172e+02 +1.015550172e+02 +2.5380e+00 +1.3374e+00 -1.8242e+00 +3.9191e+00 +9.4942e-01 -3.9829e-01 +5.3920e-01 +2.9557e+00 -2.0049e+00 -9.4446e-02
721 0 +1.411208310e+01 +1.012720831e+02 +1.012720831e+02 +2.5255e+00 +1.3444e+00 -1.8205e+00 +3.9246e+00 +9.4640e-01 -4.1077e-01 +5.4462e-01 +2.9608e+00 -2.0187e+00 -1.1532e-01
761 0 +1.373631026e+01 +1.008963103e+02 +1.008963103e+02 +2.5056e+00 +1.3441e+00 -1.8390e+00 +3.9170e+00 +9.3785e-01 -4.2554e-01 +5.6599e-01 +2.9577e+00 -2.0292e+00 -1.1513e-01
799 0 +1.339844648e+01 +1.005584465e+02 +1.005584465e+02 +2.5036e+00 +1.3469e+00 -1.8292e+00 +3.9188e+00 +9.4287e-01 -4.0278e-01 +5.5998e-01 +2.9555e+00 -2.0505e+00 -1.0919e-01
847 0 +1.315560407e+01 +1.003156041e+02 +1.003156041e+02 +2.4871e+00 +1.3484e+00 -1.8353e+00 +3.9143e+00 +9.3626e-01 -4.1221e-01 +5.6343e-01 +2.9566e+00 -2.0497e+00 -1.1498e-01
1000 0 +1.298254913e+01 +1.001425491e+02 +1.001425491e+02 +2.4824e+00 +1.3566e+00 -1.8392e+00 +3.9046e+00 +9.4178e-01 -4.0967e-01 +5.5861e-01 +2.9601e+00 -2.0491e+00 -1.1247e-01
% f evaluations | g evaluations | best noise-free fitness - Fopt (-3.475000000000e+01) + sum g_i+ | measured fitness | best measured fitness or single-digit g-values | x1 | x2...
1 0 +5.640809144e+02 +5.293309144e+02 +5.293309144e+02 -2.0084e-01 +2.3493e-01 +9.9463e-02 -2.9465e-01 -1.2726e-01 -6.6784e-02 +2.0522e-01 +4.0437e-01 +3.4624e-01 -6.0278e-01
2 0 +5.502705250e+02 +5.155205250e+02 +5.155205250e+02 +2.3015e-01 +5.9581e-01 -1.0330e-02 +2.6750e-01 -4.2631e-01 +3.1497e-01 +5.8572e-02 -1.8362e-01 +1.8312e-01 +3.1435e-01
6 0 +5.491187980e+02 +5.143687980e+02 +5.143687980e+02 -7.8891e-02 -2.5202e-01 -8.6343e-04 +1.3490e-01 +4.4849e-01 +3.0109e-01 +5.7627e-01 +3.2853e-01 -1.9105e-01 +2.5449e-02
8 0 +5.128166636e+02 +4.780666636e+02 +4.780666636e+02 +4.4974e-01 +5.1668e-01 -9.0386e-01 +1.3688e-01 -1.4079e-01 +2.4730e-01 +1.8022e-02 -1.9326e-01 +1.7642e-01 -3.8761e-01
19 0 +4.410244919e+02 +4.062744919e+02 +4.062744919e+02 +9.7336e-02 +2.0229e-01 +1.5090e-02 -1.0354e-01 +5.3445e-01 -5.3617e-02 +5.5886e-01 -2.4490e-01 -3.5056e-01 -1.0554e-01
34 0 +4.332222345e+02 +3.984722345e+02 +3.984722345e+02 +2.8309e-01 +6.5381e-01 -5.8117e-01 +3.7291e-01 +5.4240e-01 -1.0541e-01 +3.5289e-01 -3.8286e-01 -3.3030e-01 +5.4230e-01
44 0 +4.210931412e+02 +3.863431412e+02 +3.863431412e+02 -1.8692e-01 +1.5680e+00 -1.1721e+00 +4.3754e-01 +1.9974e-02 -5.3380e-02 +2.7140e-01 -7.2956e-02 -4.7008e-01 +5.5578e-01
46 0 +4.010698640e+02 +3.663198640e+02 +3.663198640e+02 +1.2505e-01 +8.3170e-01 -1.1097e+00 +5.8537e-01 +3.0993e-01 -1.0510e-01 +8.1749e-01 -3.4390e-02 -5.1861e-01 +4.9402e-01
48 0 +3.632109675e+02 +3.284609675e+02 +3.284609675e+02 +1.7264e-01 +9.4492e-01 -5.5912e-01 -6.9836e-03 +3.3448e-01 -4.8941e-01 +6.9924e-01 -3.8642e-01 -5.5374e-01 -6.2857e-01
59 0 +3.152495807e+02 +2.804995807e+02 +2.804995807e+02 -1.5175e-01 +1.6506e+00 -8.3012e-01 +8.4028e-02 +4.9507e-01 -5.0526e-01 +9.4657e-01 -5.7245e-01 -8.5453e-01 -6.6236e-01
80 0 +3.065524542e+02 +2.718024542e+02 +2.718024542e+02 +4.6845e-01 +2.1879e+00 -1.5606e+00 -1.6227e-01 +5.3208e-01 -2.9408e-01 +1.5463e+00 -1.3214e+00 -8.1943e-01 -7.4922e-01
81 0 +2.711327565e+02 +2.363827565e+02 +2.363827565e+02 +3.7710e-01 +2.2424e+00 -1.3404e+00 +3.0527e-01 +6.4910e-01 -5.8496e-01 +1.4558e+00 -9.1621e-01 -1.1680e+00 -6.8319e-01
98 0 +2.398937921e+02 +2.051437921e+02 +2.051437921e+02 +4.5168e-01 +3.2661e+00 -2.6638e+00 +1.4894e-01 +9.7798e-01 -5.6596e-01 +1.6911e+00 -2.3121e+00 -2.3946e+00 -8.9487e-01
109 0 +2.006850344e+02 +1.659350344e+02 +1.659350344e+02 -4.1255e-02 +2.2909e+00 -1.7168e+00 +8.2267e-01 -3.6699e-01 -5.6380e-01 +1.5768e+00 -2.1762e+00 -2.3161e+00 +2.6013e-01
119 0 +1.270721797e+02 +9.232217971e+01 +9.232217971e+01 +1.5094e-01 +3.0268e+00 -2.0358e+00 +1.5033e+00 -1.5421e-01 -2.0785e+00 +2.1014e+00 -1.1549e+00 -3.1671e+00 -7.1647e-01
146 0 +1.128888921e+02 +7.813889206e+01 +7.813889206e+01 +1.6693e+00 +1.9493e+00 -1.5373e+00 +1.1489e+00 +3.0494e-02 -2.1041e+00 +2.5765e+00 -2.7021e+00 -5.0066e+00 +3.9277e+00
158 0 +1.054318151e+02 +7.068181505e+01 +7.068181505e+01 +3.2650e+00 +3.0532e+00 +2.7899e-02 +1.6348e+00 -1.9530e+00 -1.6586e+00 +2.3661e+00 -2.8211e+00 -6.1111e+00 +3.6968e+00
236 0 +9.314720549e+01 +5.839720549e+01 +5.839720549e+01 +2.6987e+00 +1.6926e+00 +1.4945e-01 +2.7408e+00 -1.1516e+00 -5.0687e+00 +2.2112e+00 -3.3368e+00 -3.2358e+00 +2.4864e+00
242 0 +8.993274136e+01 +5.518274136e+01 +5.518274136e+01 +1.5713e+00 +1.3871e+00 +3.2877e-01 +3.9139e+00 -1.7510e+00 -5.2079e+00 +1.9346e+00 -2.7775e+00 -3.9896e+00 +1.8273e+00
246 0 +8.652856425e+01 +5.177856425e+01 +5.177856425e+01 +2.3854e+00 +2.9661e+00 -1.0712e+00 +2.7508e+00 -1.4823e+00 -5.1327e+00 +1.9552e+00 -4.2532e+00 -2.5354e+00 +1.6883e+00
257 0 +8.466700493e+01 +4.991700493e+01 +4.991700493e+01 +2.8911e+00 +2.6327e+00 -1.1757e+00 +3.5414e+00 -1.1120e+00 -4.2924e+00 +2.9296e+00 -2.4644e+00 -3.4695e+00 +2.4492e+00
269 0 +8.183729827e+01 +4.708729827e+01 +4.708729827e+01 +9.0511e-01 +3.1644e+00 -1.9814e+00 +3.2740e+00 -1.6088e+00 -4.6853e+00 +1.5435e+00 -3.1066e+00 -3.7645e+00 +1.8337e+00
301 0 +6.828662250e+01 +3.353662250e+01 +3.353662250e+01 +2.4712e+00 +2.3703e+00 -1.6860e+00 +3.0783e+00 -1.4577e+00 -3.6839e+00 +1.6480e+00 -3.2941e+00 -2.2491e+00 +2.6059e+00
364 0 +5.461700679e+01 +1.986700679e+01 +1.986700679e+01 +2.3891e+00 +3.2809e+00 -1.6070e+00 +2.2469e+00 -1.2501e+00 -4.0574e+00 +1.7182e+00 -3.2507e+00 -2.8101e+00 +2.1859e+00
442 0 +5.367195539e+01 +1.892195539e+01 +1.892195539e+01 +2.1586e+00 +3.2216e+00 -1.6027e+00 +2.2402e+00 -1.3475e+00 -4.0226e+00 +1.7860e+00 -2.9987e+00 -2.9396e+00 +1.9060e+00
462 0 +4.517284280e+01 +1.042284280e+01 +1.042284280e+01 +2.0756e+00 +3.2741e+00 -1.6184e+00 +2.0984e+00 -1.3383e+00 -4.0974e+00 +1.7041e+00 -2.9943e+00 -3.0787e+00 +1.9605e+00
486 0 +4.206413392e+01 +7.314133917e+00 +7.314133917e+00 +1.9046e+00 +3.1831e+00 -1.5715e+00 +2.1869e+00 -1.3079e+00 -4.0045e+00 +1.6787e+00 -3.1284e+00 -2.8677e+00 +1.9891e+00
488 0 +3.207853915e+01 -2.671460847e+00 -2.671460847e+00 +2.0406e+00 +3.2850e+00 -1.4705e+00 +2.2394e+00 -1.2433e+00 -3.9999e+00 +1.7234e+00 -3.1042e+00 -3.1371e+00 +2.0253e+00
491 0 +2.936848415e+01 -5.381515846e+00 -5.381515846e+00 +2.0014e+00 +3.2545e+00 -1.5063e+00 +2.1848e+00 -1.3552e+00 -3.9262e+00 +1.7116e+00 -3.0881e+00 -3.1208e+00 +1.9913e+00
518 0 +1.877423908e+01 -1.597576092e+01 -1.597576092e+01 +1.9428e+00 +3.3672e+00 -1.5631e+00 +2.1881e+00 -1.3040e+00 -4.0255e+00 +1.6526e+00 -3.1754e+00 -3.0726e+00 +1.9881e+00
520 0 +1.827508557e+01 -1.647491443e+01 -1.647491443e+01 +2.0416e+00 +3.2819e+00 -1.5878e+00 +2.1904e+00 -1.3262e+00 -4.0194e+00 +1.6473e+00 -3.1365e+00 -3.0247e+00 +2.0354e+00
561 0 +1.578449495e+01 -1.896550505e+01 -1.896550505e+01 +1.9989e+00 +3.3246e+00 -1.5609e+00 +2.2234e+00 -1.3377e+00 -4.0273e+00 +1.6062e+00 -3.1945e+00 -3.0121e+00 +2.0205e+00
581 0 +1.492947763e+01 -1.982052237e+01 -1.982052237e+01 +1.9893e+00 +3.3277e+00 -1.5962e+00 +2.1970e+00 -1.3079e+00 -3.9930e+00 +1.6053e+00 -3.1126e+00 -3.0097e+00 +2.0088e+00
603 0 +1.457665904e+01 -2.017334096e+01 -2.017334096e+01 +2.0033e+00 +3.3239e+00 -1.5889e+00 +2.1773e+00 -1.3077e+00 -3.9745e+00 +1.6018e+00 -3.1394e+00 -3.0088e+00 +2.0240e+00
626 0 +1.384240639e+01 -2.090759361e+01 -2.090759361e+01 +1.9899e+00 +3.3403e+00 -1.5859e+00 +2.1755e+00 -1.3029e+00 -3.9934e+00 +1.6204e+00 -3.1460e+00 -3.0118e+00 +2.0316e+00
645 0 +1.352267616e+01 -2.122732384e+01 -2.122732384e+01 +1.9994e+00 +3.3218e+00 -1.5804e+00 +2.1896e+00 -1.3075e+00 -3.9902e+00 +1.6213e+00 -3.1451e+00 -3.0060e+00 +2.0203e+00
658 0 +1.324443242e+01 -2.150556758e+01 -2.150556758e+01 +2.0120e+00 +3.3209e+00 -1.5710e+00 +2.2018e+00 -1.3189e+00 -3.9912e+00 +1.6419e+00 -3.1427e+00 -3.0263e+00 +2.0194e+00
661 0 +1.281207158e+01 -2.193792842e+01 -2.193792842e+01 +2.0082e+00 +3.3374e+00 -1.5713e+00 +2.1972e+00 -1.3134e+00 -3.9879e+00 +1.6364e+00 -3.1439e+00 -3.0402e+00 +2.0297e+00
702 0 +1.254934828e+01 -2.220065172e+01 -2.220065172e+01 +1.9954e+00 +3.3485e+00 -1.5707e+00 +2.1981e+00 -1.3150e+00 -3.9782e+00 +1.6349e+00 -3.1431e+00 -3.0406e+00 +2.0270e+00
706 0 +1.191182960e+01 -2.283817040e+01 -2.283817040e+01 +1.9921e+00 +3.3313e+00 -1.5552e+00 +2.2024e+00 -1.3213e+00 -3.9885e+00 +1.6310e+00 -3.1405e+00 -3.0393e+00 +2.0228e+00
760 0 +1.158278166e+01 -2.316721834e+01 -2.316721834e+01 +1.9904e+00 +3.3364e+00 -1.5459e+00 +2.2030e+00 -1.3229e+00 -3.9863e+00 +1.6279e+00 -3.1409e+00 -3.0348e+00 +2.0243e+00
780 0 +1.145202286e+01 -2.329797714e+01 -2.329797714e+01 +1.9904e+00 +3.3428e+00 -1.5380e+00 +2.2060e+00 -1.3223e+00 -3.9873e+00 +1.6293e+00 -3.1391e+00 -3.0391e+00 +2.0239e+00
825 0 +1.119875983e+01 -2.355124017e+01 -2.355124017e+01 +1.9785e+00 +3.3493e+00 -1.5349e+00 +2.2012e+00 -1.3223e+00 -3.9834e+00 +1.6266e+00 -3.1409e+00 -3.0363e+00 +2.0283e+00
1000 0 +1.098772210e+01 -2.376227790e+01 -2.376227790e+01 +1.9656e+00 +3.3555e+00 -1.5234e+00 +2.2007e+00 -1.3244e+00 -3.9780e+00 +1.6279e+00 -3.1449e+00 -3.0382e+00 +2.0302e+00
% f evaluations | g evaluations | best noise-free fitness - Fopt (-1.000000000000e+03) + sum g_i+ | measured fitness | best measured fitness or single-digit g-values | x1 | x2...
1 0 +2.990545616e+02 -7.009454384e+02 -7.009454384e+02 +6.8795e-01 -7.8757e-02 +2.3918e-01 +3.2339e-01 -7.7882e-02 +4.8502e-01 -4.5560e-01 +7.3455e-02 +6.5306e-01 -3.2967e-01
3 0 +2.933618813e+02 -7.066381187e+02 -7.066381187e+02 +4.9127e-01 +4.3223e-02 +3.1005e-01 -2.7771e-02 -2.9115e-01 -6.3187e-01 -1.2989e-01 +2.4078e-01 +3.5940e-01 +1.5544e-01
4 0 +2.830983243e+02 -7.169016757e+02 -7.169016757e+02 -2.1976e-01 +2.6602e-01 +2.8206e-01 -1.1334e-01 -9.6016e-02 +3.2422e-01 -1.4645e-01 +3.9700e-01 +1.9761e-01 -1.7260e-01
8 0 +2.334447721e+02 -7.665552279e+02 -7.665552279e+02 +2.8438e-01 +9.8979e-02 +1.7982e-01 -1.2487e-01 -1.1981e-02 -5.1236e-02 -2.4613e-01 +2.2922e-01 +4.0865e-01 -3.4614e-01
40 0 +2.123624273e+02 -7.876375727e+02 -7.876375727e+02 +4.2680e-01 -6.7630e-01 -1.9303e-01 -7.1779e-01 -1.0417e-01 -1.5794e-01 +3.8650e-01 +6.7555e-01 -4.1387e-02 -1.7260e-01
74 0 +1.937660334e+02 -8.062339666e+02 -8.062339666e+02 +6.6987e-02 -3.5943e-01 -1.5415e-02 -2.9703e-01 -8.3838e-01 -1.7688e-01 +2.9672e-01 +6.5705e-01 +9.6113e-01 -9.9397e-01
91 0 +1.867436422e+02 -8.132563578e+02 -8.132563578e+02 +3.7845e-02 -6.2258e-02 +4.6694e-01 -4.7497e-01 -6.0465e-01 -7.0666e-02 +6.0844e-01 +9.7873e-01 +1.2041e+00 -9.2583e-01
124 0 +1.627966186e+02 -8.372033814e+02 -8.372033814e+02 -1.6636e-01 -7.4438e-01 +5.6906e-01 -6.0283e-01 -7.0514e-01 +2.5528e-02 +7.7893e-01 +6.6670e-01 +1.2357e+00 -6.5170e-01
206 0 +1.589384319e+02 -8.410615681e+02 -8.410615681e+02 -2.6471e-01 -2.5517e-01 +8.2431e-01 -1.1306e+00 -1.2467e+00 +2.4057e-01 +1.4056e+00 +6.6408e-01 +2.5525e+00 -1.2671e+00
224 0 +1.582152930e+02 -8.417847070e+02 -8.417847070e+02 -3.1737e-01 -2.9858e-01 +6.8116e-01 -1.2523e+00 -1.2216e+00 -3.8658e-01 +1.3414e+00 +6.3561e-01 +1.6460e+00 -1.5352e+00
225 0 +1.442726575e+02 -8.557273425e+02 -8.557273425e+02 -2.8898e-01 +3.6068e-02 +1.0422e+00 -1.1584e+00 -1.4434e+00 -1.6805e-01 +1.5454e+00 +1.3603e+00 +2.3246e+00 -1.3269e+00
231 0 +1.394372648e+02 -8.605627352e+02 -8.605627352e+02 -8.5676e-01 +2.5684e-01 +9.4725e-01 -1.5003e+00 -1.9797e+00 -3.3420e-01 +2.0179e+00 +1.1118e+00 +2.7502e+00 -2.2676e+00
275 0 +1.356158134e+02 -8.643841866e+02 -8.643841866e+02 -8.5029e-01 -5.8837e-02 +6.3787e-01 -1.3564e+00 -1.7721e+00 +7.7901e-02 +1.4181e+00 +1.6555e+00 +2.5029e+00 -2.1973e+00
279 0 +1.276825560e+02 -8.723174440e+02 -8.723174440e+02 -1.0775e+00 -3.2240e-01 +5.1677e-01 -1.7485e+00 -1.5488e+00 -1.7619e-01 +1.4327e+00 +7.8950e-01 +2.9634e+00 -1.9212e+00
298 0 +1.139488977e+02 -8.860511023e+02 -8.860511023e+02 -1.4879e+00 +3.7550e-02 +1.0845e-01 -1.5451e+00 -1.2697e+00 -5.0892e-01 +2.0856e+00 +1.3368e+00 +2.7191e+00 -2.0934e+00
340 0 +1.043733075e+02 -8.956266925e+02 -8.956266925e+02 -1.7088e+00 +1.4370e-01 +8.4171e-02 -1.4976e+00 -1.3257e+00 -3.6231e-01 +1.6270e+00 +1.5276e+00 +2.3510e+00 -2.8616e+00
371 0 +1.021247110e+02 -8.978752890e+02 -8.978752890e+02 -1.8935e+00 -5.9596e-01 +7.1154e-02 -1.5034e+00 -2.3158e+00 -5.8133e-01 +2.2171e+00 +2.0514e+00 +2.6747e+00 -3.0017e+00
405 0 +9.080224789e+01 -9.091977521e+02 -9.091977521e+02 -1.9587e+00 -3.9602e-01 -2.1486e-01 -1.3785e+00 -2.2139e+00 -7.2478e-01 +1.8282e+00 +1.6386e+00 +2.3748e+00 -2.8038e+00
408 0 +8.666985611e+01 -9.133301439e+02 -9.133301439e+02 -2.1023e+00 -6.4766e-01 +4.4723e-03 -1.5467e+00 -2.2178e+00 -6.1283e-01 +2.1129e+00 +2.1374e+00 +2.1571e+00 -3.0564e+00
487 0 +8.191516802e+01 -9.180848320e+02 -9.180848320e+02 -1.7329e+00 -4.9699e-01 +8.9539e-02 -1.4450e+00 -1.9802e+00 -5.2953e-01 +2.3804e+00 +1.9873e+00 +2.4955e+00 -3.3010e+00
518 0 +8.061950338e+01 -9.193804966e+02 -9.193804966e+02 -1.7364e+00 -5.8163e-01 +7.2069e-02 -1.4692e+00 -2.0283e+00 -5.8612e-01 +2.2827e+00 +2.0808e+00 +2.6670e+00 -3.1777e+00
521 0 +7.337263798e+01 -9.266273620e+02 -9.266273620e+02 -1.8250e+00 -5.4718e-01 +3.0309e-02 -1.4941e+00 -1.9050e+00 -6.5478e-01 +2.2193e+00 +2.0340e+00 +2.5855e+00 -3.1565e+00
540 0 +7.224644366e+01 -9.277535563e+02 -9.277535563e+02 -1.8285e+00 -5.5957e-01 +7.4020e-03 -1.5144e+00 -1.8919e+00 -6.4270e-01 +2.2521e+00 +2.0206e+00 +2.6442e+00 -3.1851e+00
551 0 +6.927268250e+01 -9.307273175e+02 -9.307273175e+02 -1.7796e+00 -5.1138e-01 +5.4980e-02 -1.4369e+00 -1.9631e+00 -5.7264e-01 +2.1853e+00 +2.0234e+00 +2.5797e+00 -3.2075e+00
554 0 +6.605381953e+01 -9.339461805e+02 -9.339461805e+02 -1.8956e+00 -5.7540e-01 +2.0531e-02 -1.4566e+00 -1.9367e+00 -6.4026e-01 +2.1891e+00 +2.0525e+00 +2.5605e+00 -3.1713e+00
559 0 +5.898565830e+01 -9.410143417e+02 -9.410143417e+02 -1.8703e+00 -6.3006e-01 +4.5860e-02 -1.4270e+00 -2.0105e+00 -5.3277e-01 +2.2058e+00 +1.9755e+00 +2.5507e+00 -3.1996e+00
573 0 +5.385306045e+01 -9.461469396e+02 -9.461469396e+02 -1.9505e+00 -6.0136e-01 -9.8269e-03 -1.4709e+00 -2.0708e+00 -5.6664e-01 +2.1676e+00 +2.0418e+00 +2.5395e+00 -3.2658e+00
574 0 +5.265457466e+01 -9.473454253e+02 -9.473454253e+02 -1.9495e+00 -6.9514e-01 +4.8303e-02 -1.5240e+00 -2.0536e+00 -5.0305e-01 +2.2809e+00 +2.0324e+00 +2.6496e+00 -3.2213e+00
586 0 +4.913628057e+01 -9.508637194e+02 -9.508637194e+02 -1.9427e+00 -6.3462e-01 +4.1128e-02 -1.5364e+00 -2.0312e+00 -5.3920e-01 +2.2139e+00 +2.0577e+00 +2.6104e+00 -3.2201e+00
634 0 +4.718210061e+01 -9.528178994e+02 -9.528178994e+02 -1.9570e+00 -6.6800e-01 +1.4695e-02 -1.5477e+00 -2.0579e+00 -5.2300e-01 +2.2431e+00 +2.0583e+00 +2.5730e+00 -3.2034e+00
648 0 +4.631190583e+01 -9.536880942e+02 -9.536880942e+02 -1.9671e+00 -6.8656e-01 +1.0049e-02 -1.4926e+00 -2.0747e+00 -5.2208e-01 +2.2507e+00 +2.0583e+00 +2.5526e+00 -3.1943e+00
667 0 +4.512355036e+01 -9.548764496e+02 -9.548764496e+02 -1.9470e+00 -7.0218e-01 +1.2897e-02 -1.5074e+00 -2.0646e+00 -4.9134e-01 +2.2525e+00 +2.0522e+00 +2.5496e+00 -3.1979e+00
691 0 +4.448028035e+01 -9.555197196e+02 -9.555197196e+02 -1.9700e+00 -7.0613e-01 +4.1092e-02 -1.5137e+00 -2.0901e+00 -5.0625e-01 +2.2541e+00 +2.0700e+00 +2.5621e+00 -3.2227e+00
701 0 +4.343053904e+01 -9.565694610e+02 -9.565694610e+02 -1.9741e+00 -7.0762e-01 +4.0554e-02 -1.4963e+00 -2.0791e+00 -4.9359e-01 +2.2601e+00 +2.0493e+00 +2.5496e+00 -3.2294e+00
734 0 +4.261203005e+01 -9.573879700e+02 -9.573879700e+02 -1.9949e+00 -7.2645e-01 +4.0769e-02 -1.4847e+00 -2.1097e+00 -4.8238e-01 +2.2672e+00 +2.0635e+00 +2.5449e+00 -3.2416e+00
773 0 +4.128195540e+01 -9.587180446e+02 -9.587180446e+02 -2.0112e+00 -7.2004e-01 +4.2778e-02 -1.4723e+00 -2.1183e+00 -4.8608e-01 +2.2408e+00 +2.0592e+00 +2.5264e+00 -3.2658e+00
824 0 +4.048053333e+01 -9.595194667e+02 -9.595194667e+02 -2.0104e+00 -7.1469e-01 +4.5323e-02 -1.4658e+00 -2.1223e+00 -4.7426e-01 +2.2308e+00 +2.0456e+00 +2.5078e+00 -3.2840e+00
874 0 +3.980202376e+01 -9.601979762e+02 -9.601979762e+02 -2.0091e+00 -7.0148e-01 +5.1622e-02 -1.4482e+00 -2.1205e+00 -4.5407e-01 +2.2280e+00 +2.0392e+00 +2.4896e+00 -3.2892e+00
921 0 +3.884231773e+01 -9.611576823e+02 -9.611576823e+02 -2.0244e+00 -7.0369e-01 +6.0268e-02 -1.4330e+00 -2.1409e+00 -4.5192e-01 +2.2384e+00 +2.0419e+00 +2.4754e+00 -3.3296e+00
972 0 +3.792683011e+01 -9.620731699e+02 -9.620731699e+02 -2.0408e+00 -6.7718e-01 +6.4787e-02 -1.4176e+00 -2.1674e+00 -4.4963e-01 +2.2397e+00 +2.0556e+00 +2.4732e+00 -3.3643e+00
1000 0 +3.773708663e+01 -9.622629134e+02 -9.622629134e+02 -2.0302e+00 -6.8054e-01 +7.2142e-02 -1.4078e+00 -2.1576e+00 -4.5457e-01 +2.2301e+00 +2.0499e+00 +2.4702e+00 -3.3598e+00
% f evaluations | g evaluations | best noise-free fitness - Fopt (-9.247000000000e+01) + sum g_i+ | measured fitness | best measured fitness or single-digit g-values | x1 | x2...
1 0 +3.628299407e+02 +2.703599407e+02 +2.703599407e+02 -3.4720e-01 -3.4753e-01 +1.3871e-01 -1.9015e-01 +3.3158e-02 -1.2742e-01 -4.4556e-01 -2.2250e-01 +3.8696e-01 +3.2244e-01
5 0 +3.616135179e+02 +2.691435179e+02 +2.691435179e+02 -7.3484e-02 +6.9846e-01 +4.7809e-01 +3.6859e-01 +3.7993e-01 -2.4612e-02 +1.8140e-01 -2.5967e-01 +3.7296e-01 -4.0337e-01
8 0 +3.532690965e+02 +2.607990965e+02 +2.607990965e+02 -1.3400e-01 -1.8724e-02 +2.4393e-01 -9.7032e-02 +2.1029e-01 +3.2732e-02 +4.4972e-01 -2.2132e-02 +3.3381e-02 +1.9604e-01
11 0 +3.040448839e+02 +2.115748839e+02 +2.115748839e+02 +1.9562e-01 +2.0446e-01 +4.1633e-01 -1.1676e-01 +2.1378e-01 -2.1560e-01 +2.4276e-01 +1.5696e-01 +4.7280e-01 -7.1328e-02
12 0 +2.684436708e+02 +1.759736708e+02 +1.759736708e+02 -8.3627e-02 +4.3336e-01 +4.6881e-01 +7.3080e-01 +3.3819e-01 -3.3210e-01 +7.2458e-01 -3.5436e-01 +2.7373e-01 +3.0292e-01
39 0 +2.548821559e+02 +1.624121559e+02 +1.624121559e+02 +5.4011e-01 -4.3202e-02 +6.0508e-01 +7.5115e-02 +5.6510e-01 -6.3719e-01 +3.0589e-01 +2.1368e-01 -1.1462e-01 -3.6893e-01
44 0 +2.316475167e+02 +1.391775167e+02 +1.391775167e+02 +5.1793e-01 -3.4247e-01 +8.9372e-01 -7.2884e-02 +1.4649e-01 -1.0816e+00 +1.1788e-01 +3.1197e-01 -2.9558e-01 -8.3599e-01
54 0 +2.190413116e+02 +1.265713116e+02 +1.265713116e+02 +1.1621e-01 -3.9010e-01 +1.0905e+00 +7.5280e-02 +3.8300e-02 -1.4321e+00 +1.7734e-01 +1.8364e-01 -3.2354e-01 -1.1767e-01
68 0 +2.063613672e+02 +1.138913672e+02 +1.138913672e+02 +5.3368e-01 +2.2598e-01 +1.2760e+00 +9.3309e-02 +8.0622e-01 -1.5833e+00 +4.6243e-01 +4.0509e-01 +4.2541e-01 -8.0574e-01
75 0 +1.966481151e+02 +1.041781151e+02 +1.041781151e+02 +3.1095e-01 +2.8458e-01 +5.8960e-01 +3.4886e-01 +4.7708e-01 -1.9242e+00 +7.2210e-01 +8.2256e-01 +5.8105e-01 -4.2063e-01
81 0 +1.751691475e+02 +8.269914749e+01 +8.269914749e+01 +1.1600e+00 +2.8497e-02 +1.0318e+00 +1.0333e+00 +7.1236e-01 -2.0186e+00 +7.2823e-01 +9.6627e-01 +7.5863e-01 -1.7452e-01
82 0 +1.653865281e+02 +7.291652806e+01 +7.291652806e+01 +4.6214e-01 +4.4148e-01 +9.1338e-01 +1.5747e-01 +5.6921e-01 -2.1193e+00 +8.0167e-01 +5.6190e-01 +5.1786e-01 -2.4810e-01
91 0 +1.616404626e+02 +6.917046262e+01 +6.917046262e+01 +1.5160e+00 -1.3185e-01 +7.7473e-01 +2.4488e-02 +5.7063e-01 -2.6098e+00 +8.0446e-01 +6.5994e-01 +9.0419e-01 -6.3868e-01
96 0 +1.484883763e+02 +5.601837628e+01 +5.601837628e+01 +1.2435e+00 +2.0370e-01 +1.2888e+00 +4.8276e-01 +8.0946e-01 -2.1391e+00 +7.7364e-01 +2.8352e-01 +9.0633e-01 -1.0215e+00
97 0 +1.333092994e+02 +4.083929943e+01 +4.083929943e+01 +1.0751e+00 +8.3435e-01 +1.1092e+00 +5.3065e-01 +1.7337e-01 -2.7702e+00 +1.6435e+00 +2.6888e-01 +9.5906e-01 -5.5990e-01
102 0 +1.146649191e+02 +2.219491914e+01 +2.219491914e+01 +6.9038e-01 +8.9839e-01 +1.6292e+00 +5.6227e-01 +8.9329e-01 -3.2873e+00 +2.2866e+00 +3.9833e-01 +1.9560e+00 -1.1117e+00
145 0 +8.989093982e+01 -2.579060176e+00 -2.579060176e+00 +1.8790e+00 +1.4670e+00 +2.9838e+00 -1.3501e+00 +1.6293e+00 -3.5050e+00 +2.1118e+00 +1.9764e+00 +6.8530e-01 -2.9558e-01
196 0 +7.369067752e+01 -1.877932248e+01 -1.877932248e+01 +2.4162e+00 -3.1516e-01 +2.6502e+00 -3.1664e-01 +4.1172e-01 -3.1033e+00 +8.8980e-01 +1.9276e+00 +5.8652e-01 +3.0365e-01
356 0 +7.232909517e+01 -2.014090483e+01 -2.014090483e+01 +2.2177e+00 +3.0066e-01 +1.9411e+00 -1.2777e+00 +3.4074e-01 -3.6409e+00 +1.4052e+00 +3.4864e+00 +1.8856e+00 +1.3727e+00
462 0 +5.862205473e+01 -3.384794527e+01 -3.384794527e+01 +2.2070e+00 -3.6815e-01 +1.9388e+00 -9.0100e-01 +2.1800e-01 -3.1997e+00 +9.7616e-01 +3.5771e+00 +1.8433e+00 +1.3428e+00
517 0 +5.546278856e+01 -3.700721144e+01 -3.700721144e+01 +1.9934e+00 -4.5271e-01 +1.7703e+00 -8.1120e-01 +1.8171e-01 -3.3075e+00 +9.7235e-01 +3.5325e+00 +2.0073e+00 +1.2951e+00
549 0 +4.868280535e+01 -4.378719465e+01 -4.378719465e+01 +2.0075e+00 -4.8220e-01 +1.7527e+00 -8.9152e-01 +2.0373e-01 -3.1996e+00 +9.6888e-01 +3.4950e+00 +1.9155e+00 +1.2336e+00
551 0 +3.146513453e+01 -6.100486547e+01 -6.100486547e+01 +2.0059e+00 -4.0083e-01 +1.7947e+00 -9.0168e-01 +1.8074e-01 -3.2417e+00 +1.0147e+00 +3.4495e+00 +2.0686e+00 +1.1893e+00
563 0 +2.620413453e+01 -6.626586547e+01 -6.626586547e+01 +1.9039e+00 -4.7917e-01 +1.7669e+00 -8.9651e-01 +1.7294e-01 -3.2071e+00 +9.8644e-01 +3.4646e+00 +2.0579e+00 +1.2182e+00
611 0 +2.524180153e+01 -6.722819847e+01 -6.722819847e+01 +1.9853e+00 -4.2052e-01 +1.8624e+00 -9.4120e-01 +1.9718e-01 -3.2659e+00 +1.0575e+00 +3.4437e+00 +2.0364e+00 +1.1475e+00
612 0 +2.139384022e+01 -7.107615978e+01 -7.107615978e+01 +1.9189e+00 -4.7908e-01 +1.7792e+00 -9.3077e-01 +2.2467e-01 -3.2327e+00 +1.0126e+00 +3.4564e+00 +2.0663e+00 +1.2301e+00
643 0 +2.090400486e+01 -7.156599514e+01 -7.156599514e+01 +1.9530e+00 -4.4223e-01 +1.8044e+00 -9.2757e-01 +2.0412e-01 -3.2536e+00 +1.0765e+00 +3.5089e+00 +2.0470e+00 +1.1980e+00
646 0 +1.982962508e+01 -7.264037492e+01 -7.264037492e+01 +1.9303e+00 -4.5231e-01 +1.8136e+00 -9.4434e-01 +2.0535e-01 -3.2405e+00 +1.0598e+00 +3.4721e+00 +2.0159e+00 +1.1894e+00
711 0 +1.945920611e+01 -7.301079389e+01 -7.301079389e+01 +1.9295e+00 -4.6735e-01 +1.7932e+00 -9.2396e-01 +2.2361e-01 -3.2261e+00 +1.0560e+00 +3.4583e+00 +2.0593e+00 +1.2055e+00
724 0 +1.866593393e+01 -7.380406607e+01 -7.380406607e+01 +1.9274e+00 -4.6618e-01 +1.8020e+00 -9.3709e-01 +2.2418e-01 -3.2278e+00 +1.0695e+00 +3.4581e+00 +2.0487e+00 +1.2034e+00
755 0 +1.853959748e+01 -7.393040252e+01 -7.393040252e+01 +1.9241e+00 -4.6450e-01 +1.8006e+00 -9.3614e-01 +2.4115e-01 -3.2418e+00 +1.0814e+00 +3.4679e+00 +2.0501e+00 +1.2027e+00
945 0 +1.818909383e+01 -7.428090617e+01 -7.428090617e+01 +1.9147e+00 -4.7314e-01 +1.8021e+00 -9.4449e-01 +2.4261e-01 -3.2330e+00 +1.0866e+00 +3.4596e+00 +2.0502e+00 +1.2125e+00
1000 0 +1.814172156e+01 -7.432827844e+01 -7.432827844e+01 +1.9121e+00 -4.7511e-01 +1.8003e+00 -9.4601e-01 +2.4521e-01 -3.2324e+00 +1.0860e+00 +3.4557e+00 +2.0538e+00 +1.2134e+00
% f evaluations | g evaluations | best noise-free fitness - Fopt (-2.153000000000e+02) + sum g_i+ | measured fitness | best measured fitness or single-digit g-values | x1 | x2...
1 0 +5.479663772e+02 +3.326663772e+02 +3.326663772e+02 +2.5611e-01 -2.7139e-01 -1.2924e-01 +7.7191e-02 -1.5485e-01 +2.8314e-01 -5.3115e-01 +2.0842e-01 +2.5318e-01 +1.2723e-01
2 0 +4.676760015e+02 +2.523760015e+02 +2.523760015e+02 -1.7629e-01 -1.4578e-01 -8.8178e-02 -1.2869e-02 -2.6247e-01 +5.5896e-03 -3.5863e-02 +7.3471e-01 -1.1194e-01 -5.0385e-02
5 0 +3.944822250e+02 +1.791822250e+02 +1.791822250e+02 -4.7539e-02 +1.9277e-01 -3.4149e-01 +1.5268e-01 +2.3626e-01 -3.1156e-01 +1.3603e-01 -1.7630e-01 -3.2862e-01 +5.5468e-02
17 0 +3.579957838e+02 +1.426957838e+02 +1.426957838e+02 -1.1414e-02 +4.0649e-01 -3.3665e-01 +1.4428e-01 +5.9808e-01 -2.7887e-01 -7.2662e-02 -5.1109e-01 -3.5882e-02 +8.8410e-02
20 0 +3.540731215e+02 +1.387731215e+02 +1.387731215e+02 -2.6924e-01 +5.0763e-01 -4.5130e-01 -2.4459e-01 +3.8831e-01 -3.9114e-01 +3.8519e-01 -2.2071e-01 -3.4681e-02 +1.9418e-01
23 0 +2.415568731e+02 +2.625687310e+01 +2.625687310e+01 -1.4691e-01 +8.0461e-01 -1.3263e-01 -4.0204e-01 +1.0619e+00 -6.0221e-01 -7.2041e-02 -4.4252e-01 -1.0676e-01 +1.6589e-01
46 0 +2.100726469e+02 -5.227353073e+00 -5.227353073e+00 -5.3661e-01 +3.2578e-01 -1.7668e-01 -1.8317e-01 +1.2054e+00 -1.4198e+00 -3.7591e-01 -2.2991e-01 +6.2773e-01 +8.2987e-01
49 0 +1.952265603e+02 -2.007343972e+01 -2.007343972e+01 -5.9546e-01 +5.3351e-01 -9.2139e-01 +1.8385e-01 +1.0721e+00 -1.0518e+00 -2.6182e-01 -4.2279e-02 +5.8598e-01 -1.7490e-01
57 0 +1.867294812e+02 -2.857051880e+01 -2.857051880e+01 -6.1458e-01 -1.4589e-01 -1.3809e+00 +3.7804e-01 +1.4819e+00 -1.2651e+00 +7.2753e-02 -4.7675e-02 +2.2384e-01 -1.5355e-01
62 0 +1.808308666e+02 -3.446913338e+01 -3.446913338e+01 -1.6079e+00 -3.2019e-01 -5.6787e-01 +8.1873e-02 +1.5411e+00 -1.1055e+00 -2.3646e-01 -6.7212e-01 +1.4924e-01 -7.0167e-01
70 0 +1.488492454e+02 -6.645075456e+01 -6.645075456e+01 -9.4514e-01 -8.9328e-02 -1.5214e+00 +2.8294e-01 +1.5319e+00 -1.5166e+00 -2.4130e-01 +4.1083e-01 +2.1255e-01 +1.9480e-01
82 0 +1.245176726e+02 -9.078232735e+01 -9.078232735e+01 -1.4806e+00 +1.8973e+00 -1.2375e+00 +3.9631e-01 +2.2834e+00 -2.1174e+00 -5.4550e-01 +4.8416e-01 +6.4768e-01 -1.0245e+00
107 0 +1.108892958e+02 -1.044107042e+02 -1.044107042e+02 -1.0779e+00 -9.8441e-02 +2.3733e-01 +6.5144e-01 +2.6650e+00 -2.4432e+00 -1.7022e+00 +4.7555e-01 +1.4975e+00 +9.8786e-01
110 0 +1.074916870e+02 -1.078083130e+02 -1.078083130e+02 -2.4228e+00 +9.1948e-01 -7.6924e-01 +4.7485e-01 +1.7985e+00 -2.7668e+00 -1.3977e+00 +2.7271e-01 +4.3736e-01 +1.1466e+00
120 0 +1.070364178e+02 -1.082635822e+02 -1.082635822e+02 -1.6440e+00 +8.5245e-01 -1.6968e-01 +3.1299e-01 +2.3162e+00 -2.8095e+00 -1.6012e+00 -7.3559e-02 +1.3273e+00 +5.6536e-01
133 0 +1.009237567e+02 -1.143762433e+02 -1.143762433e+02 -2.6325e+00 +1.9304e+00 -1.2179e+00 +3.6542e-01 +2.0317e+00 -2.8291e+00 -9.5448e-01 +2.3312e-01 -8.4873e-02 +9.8086e-01
140 0 +8.808117001e+01 -1.272188300e+02 -1.272188300e+02 -1.4692e+00 +1.2499e+00 -2.8720e-02 -2.8156e-01 +2.3089e+00 -3.0573e+00 -1.9518e+00 +1.7442e+00 -3.6803e-01 +1.1340e+00
174 0 +8.579581169e+01 -1.295041883e+02 -1.295041883e+02 -3.2254e+00 +2.1670e+00 -6.8406e-01 -7.5054e-01 +1.6681e+00 -3.3794e+00 -1.3636e+00 +1.7402e+00 +2.3644e-01 +9.8643e-01
187 0 +7.030075936e+01 -1.449992406e+02 -1.449992406e+02 -3.2210e+00 +1.6733e+00 -1.5982e+00 -4.3800e-01 +1.7632e+00 -3.1679e+00 -1.7761e+00 +1.8315e+00 -8.7441e-01 +1.0053e+00
320 0 +6.333358339e+01 -1.519664166e+02 -1.519664166e+02 -3.5952e+00 +2.8786e+00 -1.8506e+00 -5.8388e-01 +1.2656e+00 -3.2493e+00 -4.2449e-01 +9.1915e-01 -6.6319e-01 +1.5816e+00
503 0 +4.221155284e+01 -1.730884472e+02 -1.730884472e+02 -3.8710e+00 +2.9750e+00 -1.7049e+00 -1.4079e-01 +1.2318e+00 -2.5400e+00 -7.6090e-02 +1.2111e+00 -1.0877e+00 +1.1145e+00
542 0 +3.503871733e+01 -1.802612827e+02 -1.802612827e+02 -3.9020e+00 +2.9257e+00 -1.6353e+00 -6.2225e-02 +1.2306e+00 -2.4901e+00 -1.1960e-01 +1.2659e+00 -1.0850e+00 +1.1408e+00
591 0 +3.434551966e+01 -1.809544803e+02 -1.809544803e+02 -3.8944e+00 +2.9263e+00 -1.6407e+00 +1.1557e-02 +1.1780e+00 -2.5151e+00 -1.3567e-01 +1.2585e+00 -1.0786e+00 +1.1558e+00
606 0 +3.300027651e+01 -1.822997235e+02 -1.822997235e+02 -3.8729e+00 +2.8825e+00 -1.5879e+00 +1.8373e-02 +1.2201e+00 -2.4655e+00 -9.3783e-02 +1.2355e+00 -1.0989e+00 +1.1096e+00
614 0 +3.210047689e+01 -1.831995231e+02 -1.831995231e+02 -3.8630e+00 +2.8742e+00 -1.6121e+00 -5.3147e-03 +1.1835e+00 -2.5181e+00 -1.3351e-01 +1.2258e+00 -1.0768e+00 +1.1190e+00
619 0 +3.140550224e+01 -1.838944978e+02 -1.838944978e+02 -3.8713e+00 +2.9186e+00 -1.5925e+00 +1.5044e-04 +1.1937e+00 -2.5035e+00 -1.0334e-01 +1.2284e+00 -1.1013e+00 +1.1632e+00
621 0 +3.051921759e+01 -1.847807824e+02 -1.847807824e+02 -3.8678e+00 +2.8925e+00 -1.6089e+00 -6.5015e-03 +1.1962e+00 -2.4901e+00 -1.2865e-01 +1.2339e+00 -1.0786e+00 +1.1388e+00
645 0 +2.999668059e+01 -1.853033194e+02 -1.853033194e+02 -3.8901e+00 +2.8801e+00 -1.5998e+00 +1.8793e-02 +1.1701e+00 -2.5127e+00 -1.2338e-01 +1.2368e+00 -1.0938e+00 +1.1581e+00
663 0 +2.943475437e+01 -1.858652456e+02 -1.858652456e+02 -3.8902e+00 +2.8624e+00 -1.5840e+00 -5.6659e-03 +1.1783e+00 -2.4904e+00 -8.6421e-02 +1.2332e+00 -1.0956e+00 +1.1584e+00
671 0 +2.875528849e+01 -1.865447115e+02 -1.865447115e+02 -3.8957e+00 +2.8711e+00 -1.5955e+00 +1.1674e-02 +1.1717e+00 -2.4900e+00 -1.0139e-01 +1.2394e+00 -1.0982e+00 +1.1612e+00
684 0 +2.814272455e+01 -1.871572754e+02 -1.871572754e+02 -3.8877e+00 +2.8594e+00 -1.5808e+00 +1.0253e-02 +1.1623e+00 -2.4804e+00 -1.1709e-01 +1.2383e+00 -1.0886e+00 +1.1726e+00
746 0 +2.744757707e+01 -1.878524229e+02 -1.878524229e+02 -3.8810e+00 +2.8430e+00 -1.5792e+00 +2.1356e-02 +1.1699e+00 -2.4792e+00 -1.1842e-01 +1.2368e+00 -1.1070e+00 +1.1620e+00
786 0 +2.679771719e+01 -1.885022828e+02 -1.885022828e+02 -3.8882e+00 +2.8370e+00 -1.5773e+00 +3.1166e-02 +1.1617e+00 -2.4763e+00 -1.3226e-01 +1.2366e+00 -1.0989e+00 +1.1683e+00
839 0 +2.630145427e+01 -1.889985457e+02 -1.889985457e+02 -3.8918e+00 +2.8374e+00 -1.5835e+00 +3.5180e-02 +1.1644e+00 -2.4749e+00 -1.3196e-01 +1.2387e+00 -1.1067e+00 +1.1806e+00
911 0 +2.570391832e+01 -1.895960817e+02 -1.895960817e+02 -3.8959e+00 +2.8240e+00 -1.5843e+00 +4.1674e-02 +1.1630e+00 -2.4666e+00 -1.3205e-01 +1.2392e+00 -1.1108e+00 +1.1824e+00
973 0 +2.508232249e+01 -1.902176775e+02 -1.902176775e+02 -3.9031e+00 +2.8180e+00 -1.5837e+00 +4.6827e-02 +1.1570e+00 -2.4622e+00 -1.3572e-01 +1.2395e+00 -1.1181e+00 +1.1936e+00
1000 0 +2.486747474e+01 -1.904325253e+02 -1.904325253e+02 -3.9061e+00 +2.8111e+00 -1.5801e+00 +5.0206e-02 +1.1548e+00 -2.4554e+00 -1.3704e-01 +1.2409e+00 -1.1211e+00 +1.1912e+00
% f evaluations | g evaluations | best noise-free fitness - Fopt (-5.449000000000e+01) + sum g_i+ | measured fitness | best measured fitness or single-digit g-values | x1 | x2...
1 0 +2.998116989e+02 +2.453216989e+02 +2.453216989e+02 -1.2032e-01 -1.6129e-01 +2.6145e-01 -3.6486e-01 +5.8703e-01 -1.0334e-01 +3.9460e-01 +2.7409e-01 -1.5283e-01 +7.2741e-02
2 0 +2.288074610e+02 +1.743174610e+02 +1.743174610e+02 -4.8035e-01 -3.7920e-01 -6.5422e-01 +6.7746e-02 -2.5450e-01 +1.1632e-01 -3.4328e-02 -5.7879e-01 -4.0288e-01 -7.0276e-03
6 0 +2.122397326e+02 +1.577497326e+02 +1.577497326e+02 +2.1171e-01 -8.8215e-02 -1.9920e-01 +1.2024e-01 -1.3946e-01 -5.0467e-01 +1.0627e-01 +4.0145e-01 -9.2814e-03 -4.8608e-02
9 0 +2.037141099e+02 +1.492241099e+02 +1.492241099e+02 +7.1649e-01 +3.6249e-02 +3.0971e-01 -3.1910e-01 -1.3312e-01 +1.7986e-01 +3.5245e-01 +6.0221e-02 +1.5614e-01 -4.4271e-01
10 0 +1.688709764e+02 +1.143809764e+02 +1.143809764e+02 +1.5567e-01 -1.0651e-01 -5.5713e-02 -3.9177e-02 -3.4391e-01 +1.7996e-01 -1.5035e-01 -4.3334e-01 +3.9402e-02 +1.4071e-01
32 0 +1.583685243e+02 +1.038785243e+02 +1.038785243e+02 +8.4092e-01 -4.6295e-01 -7.1779e-02 +2.8576e-01 -3.0585e-01 +3.0135e-02 -6.5243e-01 -2.6519e-01 +2.0199e-02 -6.9692e-02
56 0 +1.317595605e+02 +7.726956050e+01 +7.726956050e+01 +1.5615e+00 -4.9854e-01 -3.6128e-01 +2.7175e-01 -4.7945e-01 +3.3508e-01 -1.4568e+00 -8.7629e-01 +1.3272e-01 +3.8866e-01
96 0 +8.340291915e+01 +2.891291915e+01 +2.891291915e+01 +1.3848e+00 -8.2499e-01 +2.3668e-01 +1.2885e-01 -1.2000e+00 +2.4399e-01 -1.1131e+00 -1.1794e+00 +5.9935e-01 -2.1097e-02
155 0 +8.142565320e+01 +2.693565320e+01 +2.693565320e+01 +2.0681e+00 -1.1020e+00 -5.0444e-01 -8.2481e-02 -1.8271e+00 +3.6284e-01 -1.3566e+00 -1.4390e+00 -2.1786e-01 +1.6950e-01
190 0 +7.141225129e+01 +1.692225129e+01 +1.692225129e+01 +2.4269e+00 -1.4393e+00 -1.9284e-01 -1.1973e+00 -1.7984e+00 +2.5356e-02 -8.7476e-01 -1.6130e+00 -2.7617e-01 +1.7849e-02
395 0 +7.043026642e+01 +1.594026642e+01 +1.594026642e+01 +2.4957e+00 -9.2013e-01 -6.8982e-02 -1.5450e+00 -7.7662e-01 -2.4556e-01 -1.2982e+00 -1.0652e+00 -5.5217e-01 +2.3062e-01
421 0 +6.645081698e+01 +1.196081698e+01 +1.196081698e+01 +2.4669e+00 -9.0100e-01 -1.2770e-02 -1.5804e+00 -9.1863e-01 -3.3971e-01 -1.3182e+00 -1.1499e+00 -4.9945e-01 +2.8231e-01
427 0 +4.436881768e+01 -1.012118232e+01 -1.012118232e+01 +2.4075e+00 -7.6745e-01 -3.8236e-02 -1.4888e+00 -9.8502e-01 -3.4418e-01 -1.3383e+00 -1.1095e+00 -6.5746e-01 +1.7295e-01
504 0 +4.017341767e+01 -1.431658233e+01 -1.431658233e+01 +2.4464e+00 -7.3593e-01 -1.1314e-03 -1.6150e+00 -9.6441e-01 -3.5681e-01 -1.2621e+00 -1.1268e+00 -6.6257e-01 +1.4639e-01
527 0 +3.839119588e+01 -1.609880412e+01 -1.609880412e+01 +2.4856e+00 -7.4181e-01 -4.7430e-03 -1.5844e+00 -9.6185e-01 -3.5244e-01 -1.2985e+00 -1.1252e+00 -6.5579e-01 +1.3981e-01
533 0 +3.726965265e+01 -1.722034735e+01 -1.722034735e+01 +2.4802e+00 -7.5680e-01 +1.4347e-02 -1.5599e+00 -9.5761e-01 -3.7770e-01 -1.3147e+00 -1.1213e+00 -6.5114e-01 +1.4010e-01
548 0 +3.579399091e+01 -1.869600909e+01 -1.869600909e+01 +2.4779e+00 -7.6912e-01 -1.3472e-02 -1.5524e+00 -9.5291e-01 -3.8166e-01 -1.3013e+00 -1.1027e+00 -6.1465e-01 +1.2209e-01
551 0 +3.507430214e+01 -1.941569786e+01 -1.941569786e+01 +2.4809e+00 -7.7608e-01 -1.4609e-03 -1.5738e+00 -9.5414e-01 -3.8839e-01 -1.2819e+00 -1.1299e+00 -6.2930e-01 +1.4443e-01
624 0 +3.435847479e+01 -2.013152521e+01 -2.013152521e+01 +2.4982e+00 -7.5953e-01 -3.1799e-03 -1.5699e+00 -9.8153e-01 -3.8917e-01 -1.2799e+00 -1.1249e+00 -6.3806e-01 +1.2531e-01
655 0 +3.368660160e+01 -2.080339840e+01 -2.080339840e+01 +2.5094e+00 -7.6092e-01 -1.6008e-02 -1.5576e+00 -9.8165e-01 -4.1409e-01 -1.2629e+00 -1.1221e+00 -6.4294e-01 +1.0981e-01
662 0 +3.307289665e+01 -2.141710335e+01 -2.141710335e+01 +2.5034e+00 -7.5946e-01 -6.6986e-03 -1.5487e+00 -9.8520e-01 -4.1378e-01 -1.2639e+00 -1.1226e+00 -6.4425e-01 +1.0671e-01
692 0 +3.210718995e+01 -2.238281005e+01 -2.238281005e+01 +2.4964e+00 -7.4030e-01 -1.0882e-02 -1.5364e+00 -9.7981e-01 -4.1711e-01 -1.2520e+00 -1.1250e+00 -6.4490e-01 +9.0842e-02
717 0 +3.124134215e+01 -2.324865785e+01 -2.324865785e+01 +2.5058e+00 -7.4411e-01 -1.4409e-02 -1.5177e+00 -9.9389e-01 -4.4083e-01 -1.2346e+00 -1.1293e+00 -6.3729e-01 +6.6334e-02
721 0 +3.066251542e+01 -2.382748458e+01 -2.382748458e+01 +2.5057e+00 -7.3012e-01 -3.3161e-03 -1.5107e+00 -9.9371e-01 -4.2504e-01 -1.2468e+00 -1.1196e+00 -6.3649e-01 +6.8450e-02
731 0 +2.922620585e+01 -2.526379415e+01 -2.526379415e+01 +2.5228e+00 -7.2989e-01 -1.4060e-02 -1.5054e+00 -1.0001e+00 -4.3312e-01 -1.2352e+00 -1.1361e+00 -6.2646e-01 +5.7114e-02
762 0 +2.882829384e+01 -2.566170616e+01 -2.566170616e+01 +2.5106e+00 -7.1098e-01 -2.2186e-02 -1.4824e+00 -9.9332e-01 -4.5281e-01 -1.2018e+00 -1.1232e+00 -6.4988e-01 +3.4872e-02
767 0 +2.755480034e+01 -2.693519966e+01 -2.693519966e+01 +2.5192e+00 -7.0882e-01 -2.7615e-02 -1.4486e+00 -1.0081e+00 -4.5450e-01 -1.2039e+00 -1.1121e+00 -6.4696e-01 +2.4656e-02
777 0 +2.751332049e+01 -2.697667951e+01 -2.697667951e+01 +2.5381e+00 -6.8539e-01 -2.9220e-02 -1.4271e+00 -1.0038e+00 -4.6697e-01 -1.1811e+00 -1.1044e+00 -6.5469e-01 -1.8319e-02
782 0 +2.667263084e+01 -2.781736916e+01 -2.781736916e+01 +2.5112e+00 -6.8731e-01 -3.7643e-02 -1.4686e+00 -1.0218e+00 -4.6857e-01 -1.1906e+00 -1.1237e+00 -6.5820e-01 +5.6818e-03
791 0 +2.584824413e+01 -2.864175587e+01 -2.864175587e+01 +2.5480e+00 -7.1150e-01 -3.1604e-02 -1.4540e+00 -1.0262e+00 -4.6241e-01 -1.2019e+00 -1.1205e+00 -6.3605e-01 -1.1902e-02
814 0 +2.561291497e+01 -2.887708503e+01 -2.887708503e+01 +2.5566e+00 -6.9656e-01 -4.4710e-02 -1.4468e+00 -1.0324e+00 -4.6003e-01 -1.2355e+00 -1.1137e+00 -6.5701e-01 +8.4996e-03
821 0 +2.477317448e+01 -2.971682552e+01 -2.971682552e+01 +2.5526e+00 -6.7909e-01 -3.6902e-02 -1.4549e+00 -1.0440e+00 -4.4705e-01 -1.2345e+00 -1.1333e+00 -6.4041e-01 +9.6599e-03
842 0 +2.388932176e+01 -3.060067824e+01 -3.060067824e+01 +2.5543e+00 -6.7192e-01 -2.8698e-02 -1.4401e+00 -1.0480e+00 -4.5892e-01 -1.2178e+00 -1.0922e+00 -6.2140e-01 +3.6939e-04
865 0 +2.324014678e+01 -3.124985322e+01 -3.124985322e+01 +2.5583e+00 -6.8010e-01 -3.1699e-02 -1.4278e+00 -1.0331e+00 -4.4946e-01 -1.2277e+00 -1.1073e+00 -6.2003e-01 +1.4614e-02
916 0 +2.284506319e+01 -3.164493681e+01 -3.164493681e+01 +2.5548e+00 -6.6681e-01 -3.4071e-02 -1.4290e+00 -1.0366e+00 -4.5052e-01 -1.2124e+00 -1.1075e+00 -6.1618e-01 +1.0918e-03
1000 0 +2.246398506e+01 -3.202601494e+01 -3.202601494e+01 +2.5608e+00 -6.7044e-01 -3.2072e-02 -1.4347e+00 -1.0348e+00 -4.5057e-01 -1.2107e+00 -1.1088e+00 -6.1504e-01 -6.7040e-03
% f evaluations | g evaluations | best noise-free fitness - Fopt (5.049000000000e+01) + sum g_i+ | measured fitness | best measured fitness or single-digit g-values | x1 | x2...
1 0 +2.907782024e+02 +3.412682024e+02 +3.412682024e+02 +1.8133e-01 -6.2941e-01 +2.5740e-01 +3.9047e-02 -1.1434e-03 +2.7623e-01 -3.3090e-02 -4.5719e-01 +3.7256e-01 +2.6480e-01
2 0 +2.891311872e+02 +3.396211872e+02 +3.396211872e+02 +4.3017e-01 -1.2706e-01 -2.4283e-02 +2.1231e-01 +1.1195e-01 -1.4325e-01 +2.3744e-01 +4.8436e-01 +2.7453e-02 +2.5363e-01
3 0 +2.397173303e+02 +2.902073303e+02 +2.902073303e+02 +1.7265e-01 -4.8939e-02 -1.9973e-01 +8.7962e-02 -1.8204e-01 -8.1489e-02 -7.2349e-03 +6.3070e-02 -2.2581e-01 +1.1667e-01
5 0 +2.188886432e+02 +2.693786432e+02 +2.693786432e+02 +2.4797e-01 +4.6115e-01 -4.2154e-01 +4.8323e-01 -2.0056e-01 +1.0932e-01 +2.4181e-01 +4.4742e-02 -1.6457e-02 -1.0619e-01
9 0 +1.893729814e+02 +2.398629814e+02 +2.398629814e+02 -8.5379e-02 +1.7712e-01 +4.6809e-01 +6.9061e-01 -2.7333e-01 -6.2673e-01 +2.2958e-01 +5.2537e-02 -3.2784e-01 -4.0168e-02
42 0 +1.503300315e+02 +2.008200315e+02 +2.008200315e+02 +1.0468e+00 -3.1107e-03 +3.5253e-01 +5.2622e-01 +6.9486e-01 -6.3999e-01 +2.5928e-01 -1.1184e+00 -6.8501e-01 -1.3796e-02
60 0 +1.302809739e+02 +1.807709739e+02 +1.807709739e+02 +1.5160e+00 -1.7196e-01 +1.0478e+00 +1.0209e+00 +1.4112e+00 -1.2887e-01 -3.2355e-01 -1.1675e+00 -1.1998e+00 +1.9253e-01
92 0 +1.163217092e+02 +1.668117092e+02 +1.668117092e+02 +1.6909e+00 +6.6299e-01 +2.3182e+00 +5.2693e-01 +9.4373e-01 +1.0339e+00 +7.4665e-01 -8.8985e-02 -5.7624e-01 +2.0438e+00
101 0 +9.979478347e+01 +1.502847835e+02 +1.502847835e+02 +2.2224e+00 +8.8647e-01 +1.0508e+00 -4.6002e-02 +1.6626e+00 -3.0200e-01 +4.3745e-01 -9.9635e-01 -1.1140e+00 +1.3806e+00
153 0 +6.313752430e+01 +1.136275243e+02 +1.136275243e+02 +1.9824e+00 +1.0216e+00 +2.5941e+00 +6.4948e-01 +1.9084e+00 -8.6408e-01 +6.9520e-01 -4.9319e-01 -1.7452e+00 +9.6991e-01
390 0 +5.985271533e+01 +1.103427153e+02 +1.103427153e+02 +3.5077e+00 -2.9241e-01 +2.5178e+00 +2.9991e-01 +2.8190e+00 -5.6712e-01 +2.9450e-01 -1.0191e+00 -2.0517e+00 +1.1427e+00
522 0 +5.632388728e+01 +1.068138873e+02 +1.068138873e+02 +3.1014e+00 -4.7603e-01 +2.1588e+00 -1.4229e-02 +2.4942e+00 -8.8587e-01 +1.2351e-01 -8.2715e-01 -2.0806e+00 +1.2132e+00
536 0 +5.215642586e+01 +1.026464259e+02 +1.026464259e+02 +3.1553e+00 -6.4059e-01 +2.0359e+00 -2.0376e-02 +2.4855e+00 -8.8260e-01 -1.2267e-02 -7.1045e-01 -2.1054e+00 +1.1713e+00
538 0 +5.003699516e+01 +1.005269952e+02 +1.005269952e+02 +3.1999e+00 -5.7099e-01 +2.1139e+00 -4.9702e-02 +2.4006e+00 -8.9005e-01 -2.0303e-02 -7.7836e-01 -1.9738e+00 +1.1372e+00
540 0 +4.470922158e+01 +9.519922158e+01 +9.519922158e+01 +3.2320e+00 -5.2720e-01 +2.1571e+00 -2.1883e-02 +2.6072e+00 -9.4257e-01 +7.1418e-02 -9.4591e-01 -1.9776e+00 +1.1211e+00
542 0 +4.079611603e+01 +9.128611603e+01 +9.128611603e+01 +3.2300e+00 -5.4261e-01 +2.1000e+00 -3.8946e-02 +2.5659e+00 -9.0912e-01 +4.3989e-02 -8.3148e-01 -2.0685e+00 +1.0748e+00
545 0 +4.013393698e+01 +9.062393698e+01 +9.062393698e+01 +3.1796e+00 -5.5492e-01 +2.0845e+00 -1.8868e-04 +2.4886e+00 -8.6625e-01 +4.8382e-02 -8.3557e-01 -1.9643e+00 +1.0609e+00
555 0 +3.451992414e+01 +8.500992414e+01 +8.500992414e+01 +3.2481e+00 -6.2604e-01 +2.1215e+00 -7.2462e-02 +2.5831e+00 -9.1833e-01 +1.0377e-02 -8.3495e-01 -2.0801e+00 +1.0758e+00
575 0 +3.235169387e+01 +8.284169387e+01 +8.284169387e+01 +3.2504e+00 -6.3189e-01 +2.0798e+00 -6.1158e-02 +2.5531e+00 -9.5857e-01 +3.9438e-02 -8.5515e-01 -2.0027e+00 +1.1104e+00
601 0 +3.007143621e+01 +8.056143621e+01 +8.056143621e+01 +3.2447e+00 -6.3242e-01 +2.0791e+00 -8.1348e-02 +2.5681e+00 -1.0148e+00 -2.1529e-03 -8.8536e-01 -2.0469e+00 +1.0839e+00
619 0 +2.791552865e+01 +7.840552865e+01 +7.840552865e+01 +3.2372e+00 -5.8611e-01 +2.1138e+00 -1.4568e-02 +2.5551e+00 -1.0138e+00 +1.0952e-02 -8.7592e-01 -2.0363e+00 +1.0454e+00
621 0 +2.652319963e+01 +7.701319963e+01 +7.701319963e+01 +3.2568e+00 -6.3667e-01 +2.0825e+00 -2.3681e-02 +2.5597e+00 -9.8417e-01 -1.1132e-03 -9.0097e-01 -2.0501e+00 +1.0244e+00
634 0 +2.563227073e+01 +7.612227073e+01 +7.612227073e+01 +3.2171e+00 -6.4596e-01 +2.0787e+00 -4.9739e-02 +2.5249e+00 -1.0218e+00 -2.9859e-02 -8.4612e-01 -2.0177e+00 +1.0120e+00
641 0 +2.486577898e+01 +7.535577898e+01 +7.535577898e+01 +3.2192e+00 -6.3220e-01 +2.0405e+00 -4.5193e-02 +2.5471e+00 -9.6679e-01 -3.2320e-02 -8.6139e-01 -2.0294e+00 +1.0228e+00
654 0 +2.431222863e+01 +7.480222863e+01 +7.480222863e+01 +3.2288e+00 -6.2987e-01 +2.0701e+00 -6.3157e-02 +2.5309e+00 -9.7372e-01 -4.2990e-02 -8.6206e-01 -2.0452e+00 +1.0336e+00
672 0 +2.397255390e+01 +7.446255390e+01 +7.446255390e+01 +3.2191e+00 -6.4883e-01 +2.0862e+00 -4.3050e-02 +2.5327e+00 -9.7132e-01 -2.5747e-02 -8.6459e-01 -2.0382e+00 +1.0306e+00
710 0 +2.333685167e+01 +7.382685167e+01 +7.382685167e+01 +3.2404e+00 -6.4072e-01 +2.0686e+00 -4.9410e-02 +2.5698e+00 -9.6364e-01 -4.9847e-02 -8.5565e-01 -2.0423e+00 +1.0257e+00
824 0 +2.290840187e+01 +7.339840187e+01 +7.339840187e+01 +3.2219e+00 -6.4211e-01 +2.0722e+00 -5.0488e-02 +2.5584e+00 -9.6415e-01 -5.0142e-02 -8.4081e-01 -2.0521e+00 +1.0307e+00
1000 0 +2.288501679e+01 +7.337501679e+01 +7.337501679e+01 +3.2207e+00 -6.4273e-01 +2.0750e+00 -5.0885e-02 +2.5604e+00 -9.6678e-01 -5.3577e-02 -8.4161e-01 -2.0539e+00 +1.0319e+00
% f evaluations | g evaluations | best noise-free fitness - Fopt (-3.641300000000e+02) + sum g_i+ | measured fitness | best measured fitness or single-digit g-values | x1 | x2...
1 0 +2.713430857e+02 -9.278691434e+01 -9.278691434e+01 -1.3586e-02 -2.6549e-01 +2.6249e-01 -1.0470e-01 +1.8432e-01 +2.8133e-02 +2.4089e-01 -2.2955e-01 -1.8049e-01 -1.8839e-01
2 0 +2.278414185e+02 -1.362885815e+02 -1.362885815e+02 +2.8014e-01 -3.7867e-01 +3.0368e-01 -3.4396e-01 +4.4914e-01 -1.8937e-01 -1.4197e-01 -7.7845e-02 +2.7009e-01 -2.7489e-01
22 0 +2.203847589e+02 -1.437452411e+02 -1.437452411e+02 -3.8808e-01 -7.1233e-01 -3.1720e-01 -1.7552e-01 +2.9732e-03 +5.7549e-05 -2.2042e-01 -1.4588e-01 +2.0138e-01 -2.4698e-01
24 0 +2.134486902e+02 -1.506813098e+02 -1.506813098e+02 -3.9523e-01 -3.2654e-01 -4.6866e-01 -8.8451e-01 +5.1979e-01 -1.8059e-01 -5.4277e-01 -3.1703e-01 +1.1337e-01 -3.0602e-01
35 0 +1.942979427e+02 -1.698320573e+02 -1.698320573e+02 -4.8289e-01 -4.4326e-01 -8.3049e-02 -3.4234e-01 +3.6349e-01 -1.1912e-01 +2.5907e-01 -1.9229e-01 +4.5926e-03 -3.5542e-01
56 0 +1.472698084e+02 -2.168601916e+02 -2.168601916e+02 -6.8832e-01 -6.0993e-01 -2.1445e-01 -4.3608e-01 +4.9153e-01 -8.1848e-02 -1.6700e-01 -2.3334e-01 -2.7895e-01 -7.6888e-01
111 0 +1.135035764e+02 -2.506264236e+02 -2.506264236e+02 -1.1524e+00 -7.0308e-01 -1.8886e-01 -3.7376e-01 +1.1721e+00 -1.5560e+00 +2.8642e-01 -8.5090e-01 +2.2686e-01 -8.4679e-01
133 0 +1.038945392e+02 -2.602354608e+02 -2.602354608e+02 -1.4502e+00 -1.1882e+00 +1.4664e-02 -1.4179e+00 +2.0179e+00 -2.1878e+00 +5.4934e-01 -1.8171e+00 +6.8498e-01 -9.1558e-01
170 0 +9.046060240e+01 -2.736693976e+02 -2.736693976e+02 -1.6662e+00 -1.8802e+00 +4.2960e-01 -1.4378e+00 +1.8770e+00 -3.3104e+00 +1.2961e+00 -1.9942e+00 -2.5382e-01 -1.7110e+00
184 0 +8.399418796e+01 -2.801358120e+02 -2.801358120e+02 -1.6287e+00 -1.7686e+00 +6.1908e-01 -8.8060e-01 +1.7587e+00 -3.1123e+00 +4.0571e-01 -1.8564e+00 -6.9966e-02 -2.9208e+00
306 0 +8.149191214e+01 -2.826380879e+02 -2.826380879e+02 -1.6540e+00 -9.5882e-01 +1.3166e+00 -1.3703e+00 +2.8016e+00 -2.6564e+00 +1.4988e+00 -6.2944e-01 +7.3107e-01 -2.6220e+00
325 0 +7.846677803e+01 -2.856632220e+02 -2.856632220e+02 -2.0422e+00 -5.9103e-01 +8.3538e-01 -1.8273e+00 +2.2632e+00 -2.6075e+00 +9.7014e-01 -1.2889e+00 +7.7137e-01 -3.0089e+00
334 0 +7.262962869e+01 -2.915003713e+02 -2.915003713e+02 -2.3925e+00 -1.0315e+00 +1.0411e+00 -1.3808e+00 +2.2019e+00 -3.4308e+00 +1.2206e+00 -1.2167e+00 +7.4029e-01 -3.2269e+00
342 0 +6.022850777e+01 -3.039014922e+02 -3.039014922e+02 -2.2474e+00 -9.4380e-01 +1.2057e+00 -1.7824e+00 +1.7325e+00 -2.7854e+00 +8.8566e-01 -1.3025e+00 +3.7917e-01 -2.4961e+00
420 0 +4.966256222e+01 -3.144674378e+02 -3.144674378e+02 -2.5712e+00 -9.0008e-01 +1.3485e+00 -1.1829e+00 +1.7392e+00 -2.8628e+00 +1.1960e+00 -1.1855e+00 +6.1093e-01 -2.7490e+00
447 0 +4.544395446e+01 -3.186860455e+02 -3.186860455e+02 -2.5381e+00 -8.8000e-01 +1.3412e+00 -1.1652e+00 +1.6771e+00 -2.8683e+00 +1.1800e+00 -1.1465e+00 +5.5234e-01 -2.6458e+00
467 0 +4.202529436e+01 -3.221047056e+02 -3.221047056e+02 -2.4692e+00 -9.3517e-01 +1.3859e+00 -1.2510e+00 +1.6365e+00 -2.8132e+00 +1.1054e+00 -1.1641e+00 +4.7698e-01 -2.7429e+00
468 0 +4.107042208e+01 -3.230595779e+02 -3.230595779e+02 -2.5068e+00 -9.1947e-01 +1.3950e+00 -1.1210e+00 +1.6620e+00 -2.8353e+00 +1.1829e+00 -1.1246e+00 +4.4114e-01 -2.7177e+00
473 0 +4.065115046e+01 -3.234788495e+02 -3.234788495e+02 -2.4939e+00 -8.5540e-01 +1.4517e+00 -1.1274e+00 +1.6658e+00 -2.8011e+00 +1.1567e+00 -1.0910e+00 +4.8934e-01 -2.7230e+00
487 0 +3.539782372e+01 -3.287321763e+02 -3.287321763e+02 -2.4349e+00 -9.1327e-01 +1.4475e+00 -1.0598e+00 +1.6728e+00 -2.7997e+00 +1.1493e+00 -1.1562e+00 +5.2633e-01 -2.7202e+00
492 0 +3.232701118e+01 -3.318029888e+02 -3.318029888e+02 -2.4560e+00 -8.9432e-01 +1.4578e+00 -1.0665e+00 +1.6952e+00 -2.8047e+00 +1.1390e+00 -1.1656e+00 +5.2467e-01 -2.7085e+00
508 0 +2.551271321e+01 -3.386172868e+02 -3.386172868e+02 -2.5088e+00 -9.3742e-01 +1.4640e+00 -1.0803e+00 +1.5984e+00 -2.9006e+00 +1.0876e+00 -1.2374e+00 +5.2878e-01 -2.6662e+00
527 0 +2.255220607e+01 -3.415777939e+02 -3.415777939e+02 -2.5228e+00 -9.3244e-01 +1.4154e+00 -1.1372e+00 +1.6209e+00 -2.8356e+00 +1.1454e+00 -1.2360e+00 +5.3669e-01 -2.7288e+00
540 0 +2.216861732e+01 -3.419613827e+02 -3.419613827e+02 -2.4946e+00 -9.0545e-01 +1.4434e+00 -1.0973e+00 +1.6238e+00 -2.8339e+00 +1.1149e+00 -1.2743e+00 +5.5243e-01 -2.7176e+00
553 0 +2.184379342e+01 -3.422862066e+02 -3.422862066e+02 -2.4862e+00 -9.0585e-01 +1.4720e+00 -1.0894e+00 +1.6147e+00 -2.8429e+00 +1.1696e+00 -1.2602e+00 +5.3612e-01 -2.7260e+00
556 0 +2.134751510e+01 -3.427824849e+02 -3.427824849e+02 -2.5132e+00 -9.2470e-01 +1.4366e+00 -1.0992e+00 +1.6440e+00 -2.8750e+00 +1.1509e+00 -1.2892e+00 +5.6536e-01 -2.7249e+00
557 0 +1.901811631e+01 -3.451118837e+02 -3.451118837e+02 -2.5439e+00 -9.4551e-01 +1.4313e+00 -1.0802e+00 +1.6466e+00 -2.8389e+00 +1.1261e+00 -1.2906e+00 +5.6202e-01 -2.7348e+00
565 0 +1.849575685e+01 -3.456342432e+02 -3.456342432e+02 -2.5553e+00 -9.1648e-01 +1.4363e+00 -1.0686e+00 +1.6118e+00 -2.8443e+00 +1.1236e+00 -1.3066e+00 +5.4053e-01 -2.7605e+00
569 0 +1.789067511e+01 -3.462393249e+02 -3.462393249e+02 -2.5393e+00 -9.2775e-01 +1.4482e+00 -1.0842e+00 +1.6001e+00 -2.8165e+00 +1.1370e+00 -1.2782e+00 +5.1850e-01 -2.7305e+00
571 0 +1.765207003e+01 -3.464779300e+02 -3.464779300e+02 -2.5478e+00 -9.1860e-01 +1.4556e+00 -1.0906e+00 +1.6378e+00 -2.8371e+00 +1.1367e+00 -1.2851e+00 +5.5374e-01 -2.7056e+00
580 0 +1.656439219e+01 -3.475656078e+02 -3.475656078e+02 -2.5697e+00 -9.2804e-01 +1.4670e+00 -1.0580e+00 +1.6218e+00 -2.8491e+00 +1.1115e+00 -1.3208e+00 +5.0825e-01 -2.7249e+00
645 0 +1.582071374e+01 -3.483092863e+02 -3.483092863e+02 -2.5524e+00 -9.3627e-01 +1.4568e+00 -1.0683e+00 +1.6300e+00 -2.8440e+00 +1.1169e+00 -1.3156e+00 +5.2461e-01 -2.7217e+00
698 0 +1.542488860e+01 -3.487051114e+02 -3.487051114e+02 -2.5538e+00 -9.4442e-01 +1.4563e+00 -1.0688e+00 +1.6191e+00 -2.8422e+00 +1.1244e+00 -1.3231e+00 +5.2851e-01 -2.7117e+00
771 0 +1.513302027e+01 -3.489969797e+02 -3.489969797e+02 -2.5582e+00 -9.4422e-01 +1.4529e+00 -1.0615e+00 +1.6018e+00 -2.8546e+00 +1.1182e+00 -1.3264e+00 +5.2771e-01 -2.7113e+00
1000 0 +1.497042883e+01 -3.491595712e+02 -3.491595712e+02 -2.5559e+00 -9.5185e-01 +1.4413e+00 -1.0651e+00 +1.5929e+00 -2.8543e+00 +1.1172e+00 -1.3309e+00 +5.2268e-01 -2.7120e+00
% f evaluations | g evaluations | best noise-free fitness - Fopt (1.592700000000e+02) + sum g_i+ | measured fitness | best measured fitness or single-digit g-values | x1 | x2...
1 0 +4.014271659e+02 +5.606971659e+02 +5.606971659e+02 +3.5156e-01 -1.3823e-02 +2.7075e-01 -4.8469e-01 +1.2533e-01 +3.2224e-01 +5.1008e-04 +1.0397e-02 +5.3940e-01 +2.8597e-01
4 0 +3.612043540e+02 +5.204743540e+02 +5.204743540e+02 -4.0541e-01 +1.4266e-01 +2.4262e-01 -9.8243e-02 -2.0541e-01 -5.4699e-02 +3.0518e-02 +4.1951e-01 +4.3305e-01 +2.8521e-01
17 0 +3.435944863e+02 +5.028644863e+02 +5.028644863e+02 -3.6804e-01 +1.3028e-01 -1.4508e-01 +2.9446e-03 -6.1028e-02 +2.1914e-01 +2.8939e-01 -3.1218e-01 +5.7854e-01 +1.5458e-01
22 0 +3.257422362e+02 +4.850122362e+02 +4.850122362e+02 -5.2946e-01 +1.0602e-01 +7.5546e-02 +1.6613e-01 -1.7867e-01 +2.0977e-02 +1.4727e-02 +1.4828e-01 +6.9574e-01 +1.5552e-01
31 0 +2.948681024e+02 +4.541381024e+02 +4.541381024e+02 -4.7600e-01 -3.6662e-02 +2.4071e-01 +6.1853e-02 -3.5038e-01 -4.3874e-01 +4.3092e-02 +2.9576e-01 +7.8110e-01 +1.4214e-01
51 0 +2.681075000e+02 +4.273775000e+02 +4.273775000e+02 -8.5971e-01 -3.0028e-01 -7.3610e-02 +5.1658e-01 -8.8652e-01 -2.8793e-01 -1.7354e-01 +1.6985e-01 +8.1260e-01 +7.0616e-01
72 0 +2.629939301e+02 +4.222639301e+02 +4.222639301e+02 -7.3233e-01 -3.4889e-01 -4.0303e-01 +4.7465e-01 -1.1433e+00 -4.8446e-01 -7.3144e-01 -1.6777e-01 +1.5095e+00 +6.7109e-01
86 0 +2.492573834e+02 +4.085273834e+02 +4.085273834e+02 -7.5377e-01 +4.3656e-01 +6.4910e-03 +7.2081e-01 -1.1630e+00 -6.9884e-01 -5.1066e-01 +2.2016e-01 +1.1449e+00 +6.1550e-01
89 0 +2.015576849e+02 +3.608276849e+02 +3.608276849e+02 -1.1911e+00 -4.4935e-01 -3.4928e-01 +3.2806e-01 -1.4232e+00 -6.0113e-01 -9.0357e-01 -5.1928e-01 +1.0457e+00 +7.0164e-01
93 0 +1.962770754e+02 +3.555470754e+02 +3.555470754e+02 -1.2720e+00 -2.1346e-01 +3.7431e-01 +3.2660e-01 -1.4482e+00 -5.3761e-01 -4.8460e-01 -1.4545e+00 +1.0329e+00 +2.2843e-01
103 0 +1.926999502e+02 +3.519699502e+02 +3.519699502e+02 -7.7422e-01 +8.9472e-02 +2.1090e-01 -1.2580e-02 -1.5956e+00 +3.7723e-01 -2.3515e-01 -1.5594e+00 +1.4949e+00 -1.4568e-01
132 0 +1.847432878e+02 +3.440132878e+02 +3.440132878e+02 -1.2531e+00 -1.5361e-01 -3.6946e-01 -7.0373e-01 -1.1414e+00 -5.3096e-02 -1.5011e+00 -1.6932e+00 +1.7169e+00 +6.2510e-02
138 0 +1.798351765e+02 +3.391051765e+02 +3.391051765e+02 -1.6183e+00 -1.8732e-01 -6.8481e-02 -3.0703e-01 -1.5305e+00 -3.3081e-01 -9.3806e-01 -1.7659e+00 +1.9042e+00 -2.9096e-01
146 0 +1.499380259e+02 +3.092080259e+02 +3.092080259e+02 -1.2649e+00 -3.1849e-01 +6.2889e-02 -7.8224e-01 -1.6644e+00 -1.8041e-01 -1.1830e+00 -2.6481e+00 +1.9742e+00 -5.0863e-01
164 0 +1.213737809e+02 +2.806437809e+02 +2.806437809e+02 -1.7086e+00 -9.0717e-01 +8.0115e-01 -4.0996e-01 -1.9489e+00 -6.0330e-01 -9.2935e-01 -2.0860e+00 +2.3729e+00 +2.2141e-01
203 0 +1.189825656e+02 +2.782525656e+02 +2.782525656e+02 -2.6866e+00 +1.9588e-01 +2.0419e+00 -1.7814e+00 -1.7370e+00 -3.3008e-01 -9.6194e-01 -2.7395e+00 +2.1353e+00 -1.2985e+00
208 0 +1.002152578e+02 +2.594852578e+02 +2.594852578e+02 -1.9249e+00 -8.8059e-01 +1.7630e+00 -4.6408e-01 -1.6670e+00 -9.0500e-01 -1.1253e+00 -1.8438e+00 +1.9378e+00 -5.9872e-01
232 0 +9.504412999e+01 +2.543141300e+02 +2.543141300e+02 -3.2863e+00 -4.3622e-01 +2.7038e+00 -1.1090e+00 -2.2881e+00 +1.2998e+00 -2.0049e+00 -1.8188e+00 +1.9329e+00 -1.3863e-02
236 0 +6.792303794e+01 +2.271930379e+02 +2.271930379e+02 -3.2626e+00 -1.1661e-01 +2.6599e+00 -1.9013e+00 -2.8538e+00 +8.0480e-02 -1.6047e+00 -1.3530e+00 +1.9484e+00 -3.0242e-01
325 0 +6.675212345e+01 +2.260221234e+02 +2.260221234e+02 -2.8391e+00 -8.5155e-01 +2.6652e+00 -9.4391e-01 -2.7088e+00 -2.0443e-01 -1.6120e+00 -2.1144e+00 +2.0312e+00 -5.8387e-01
392 0 +6.054281644e+01 +2.198128164e+02 +2.198128164e+02 -2.8643e+00 -5.9018e-01 +2.1191e+00 -1.1136e+00 -2.5546e+00 +1.1548e-01 -1.5106e+00 -1.8213e+00 +1.8065e+00 -7.3675e-01
414 0 +5.906139502e+01 +2.183313950e+02 +2.183313950e+02 -2.9239e+00 -6.3063e-01 +2.2268e+00 -1.2365e+00 -2.6316e+00 +1.3474e-01 -1.5194e+00 -1.7286e+00 +1.8570e+00 -6.4444e-01
415 0 +5.880391607e+01 +2.180739161e+02 +2.180739161e+02 -2.8473e+00 -6.2579e-01 +2.2810e+00 -1.1823e+00 -2.6278e+00 +2.5236e-01 -1.5375e+00 -1.7799e+00 +1.8870e+00 -6.6821e-01
420 0 +4.311346560e+01 +2.023834656e+02 +2.023834656e+02 -2.9184e+00 -6.8751e-01 +2.2837e+00 -1.2226e+00 -2.5732e+00 +9.9125e-02 -1.4132e+00 -1.8378e+00 +1.9570e+00 -6.4000e-01
530 0 +4.125123351e+01 +2.005212335e+02 +2.005212335e+02 -2.8881e+00 -6.4124e-01 +2.3178e+00 -1.2459e+00 -2.6147e+00 +2.7214e-01 -1.4595e+00 -1.7580e+00 +1.9952e+00 -7.6177e-01
534 0 +3.821553965e+01 +1.974855396e+02 +1.974855396e+02 -2.9261e+00 -6.6784e-01 +2.3110e+00 -1.2467e+00 -2.6297e+00 +2.4045e-01 -1.4686e+00 -1.7715e+00 +2.0038e+00 -7.4685e-01
548 0 +3.399148183e+01 +1.932614818e+02 +1.932614818e+02 -2.9208e+00 -6.5259e-01 +2.3310e+00 -1.2437e+00 -2.6162e+00 +2.4850e-01 -1.4413e+00 -1.7718e+00 +1.9624e+00 -7.5233e-01
561 0 +3.382552674e+01 +1.930955267e+02 +1.930955267e+02 -2.9902e+00 -6.4183e-01 +2.3826e+00 -1.2902e+00 -2.6718e+00 +2.9053e-01 -1.4048e+00 -1.7649e+00 +1.9644e+00 -7.6578e-01
579 0 +3.223806477e+01 +1.915080648e+02 +1.915080648e+02 -2.9626e+00 -6.5233e-01 +2.3384e+00 -1.2300e+00 -2.6198e+00 +2.7920e-01 -1.3733e+00 -1.7612e+00 +1.9452e+00 -7.2166e-01
583 0 +3.078017965e+01 +1.900501796e+02 +1.900501796e+02 -2.9223e+00 -6.7209e-01 +2.3561e+00 -1.2401e+00 -2.5910e+00 +2.7960e-01 -1.3733e+00 -1.7642e+00 +1.9357e+00 -7.0820e-01
601 0 +2.958985412e+01 +1.888598541e+02 +1.888598541e+02 -2.9339e+00 -6.5309e-01 +2.3479e+00 -1.2833e+00 -2.6073e+00 +2.6967e-01 -1.3763e+00 -1.7703e+00 +1.9563e+00 -7.3973e-01
605 0 +2.918929866e+01 +1.884592987e+02 +1.884592987e+02 -2.9037e+00 -6.7412e-01 +2.3747e+00 -1.2711e+00 -2.5791e+00 +2.7454e-01 -1.4090e+00 -1.7627e+00 +1.9434e+00 -7.1375e-01
624 0 +2.686253979e+01 +1.861325398e+02 +1.861325398e+02 -2.9138e+00 -6.5712e-01 +2.3542e+00 -1.2860e+00 -2.5952e+00 +2.7572e-01 -1.3913e+00 -1.7776e+00 +1.9166e+00 -6.8486e-01
650 0 +2.622560612e+01 +1.854956061e+02 +1.854956061e+02 -2.9305e+00 -6.4267e-01 +2.3772e+00 -1.2650e+00 -2.5808e+00 +2.6634e-01 -1.4003e+00 -1.7681e+00 +1.9098e+00 -6.8514e-01
655 0 +2.548093190e+01 +1.847509319e+02 +1.847509319e+02 -2.9295e+00 -6.4058e-01 +2.3832e+00 -1.2831e+00 -2.6011e+00 +2.7043e-01 -1.3996e+00 -1.7636e+00 +1.9193e+00 -6.7390e-01
694 0 +2.488396688e+01 +1.841539669e+02 +1.841539669e+02 -2.9479e+00 -6.3914e-01 +2.3789e+00 -1.2787e+00 -2.6023e+00 +2.5293e-01 -1.3984e+00 -1.7631e+00 +1.9278e+00 -6.8158e-01
713 0 +2.450939648e+01 +1.837793965e+02 +1.837793965e+02 -2.9597e+00 -6.4147e-01 +2.3785e+00 -1.2693e+00 -2.6120e+00 +2.4450e-01 -1.3991e+00 -1.7674e+00 +1.9303e+00 -6.6909e-01
742 0 +2.389635472e+01 +1.831663547e+02 +1.831663547e+02 -2.9571e+00 -6.5057e-01 +2.3715e+00 -1.2747e+00 -2.6206e+00 +2.3045e-01 -1.3976e+00 -1.7592e+00 +1.9380e+00 -6.7412e-01
773 0 +2.330568612e+01 +1.825756861e+02 +1.825756861e+02 -2.9705e+00 -6.6424e-01 +2.3794e+00 -1.2895e+00 -2.6407e+00 +2.2409e-01 -1.4013e+00 -1.7725e+00 +1.9400e+00 -6.7725e-01
812 0 +2.288269274e+01 +1.821526927e+02 +1.821526927e+02 -2.9756e+00 -6.7350e-01 +2.3708e+00 -1.3011e+00 -2.6474e+00 +2.2230e-01 -1.3997e+00 -1.7650e+00 +1.9536e+00 -6.7267e-01
856 0 +2.232426376e+01 +1.815942638e+02 +1.815942638e+02 -2.9851e+00 -6.6985e-01 +2.3628e+00 -1.3113e+00 -2.6752e+00 +2.1807e-01 -1.4078e+00 -1.7814e+00 +1.9598e+00 -6.7980e-01
902 0 +2.184450181e+01 +1.811145018e+02 +1.811145018e+02 -3.0043e+00 -6.7042e-01 +2.3541e+00 -1.3185e+00 -2.6882e+00 +1.9985e-01 -1.4132e+00 -1.7786e+00 +1.9682e+00 -6.8371e-01
941 0 +2.135609281e+01 +1.806260928e+02 +1.806260928e+02 -3.0206e+00 -6.8271e-01 +2.3623e+00 -1.3349e+00 -2.7193e+00 +1.8722e-01 -1.4207e+00 -1.7843e+00 +1.9787e+00 -6.7893e-01
1000 0 +2.116588459e+01 +1.804358846e+02 +1.804358846e+02 -3.0204e+00 -6.8115e-01 +2.3660e+00 -1.3363e+00 -2.7268e+00 +1.8508e-01 -1.4299e+00 -1.7831e+00 +1.9766e+00 -6.8255e-01
